open,high,low,close,volume,timestamp,datetime
117.7,120.5,117.7,120.5,169576.0,1693194300.0,2023-08-28 09:15:00+05:30
119.75,120.5,118.25,118.25,55900.0,1693194600.0,2023-08-28 09:20:00+05:30
118.45,118.75,117.0,117.55,50300.0,1693194900.0,2023-08-28 09:25:00+05:30
117.55,118.0,116.7,117.5,13680.0,1693195200.0,2023-08-28 09:30:00+05:30
117.5,117.5,116.7,117.35,8860.0,1693195500.0,2023-08-28 09:35:00+05:30
117.35,117.35,115.5,115.75,39000.0,1693195800.0,2023-08-28 09:40:00+05:30
116.3,116.7,116.0,116.2,11436.0,1693196100.0,2023-08-28 09:45:00+05:30
116.2,116.2,113.75,113.75,24908.0,1693196400.0,2023-08-28 09:50:00+05:30
113.75,115.75,113.75,115.75,6316.0,1693196700.0,2023-08-28 09:55:00+05:30
115.75,115.75,114.0,115.3,5108.0,1693197000.0,2023-08-28 10:00:00+05:30
115.3,115.3,114.65,115.3,2988.0,1693197300.0,2023-08-28 10:05:00+05:30
115.3,115.3,114.75,114.95,3720.0,1693197600.0,2023-08-28 10:10:00+05:30
114.95,115.25,114.1,115.25,7876.0,1693197900.0,2023-08-28 10:15:00+05:30
115.25,115.45,114.25,114.25,6460.0,1693198200.0,2023-08-28 10:20:00+05:30
115.45,115.45,115.0,115.0,3652.0,1693198500.0,2023-08-28 10:25:00+05:30
115.0,115.45,115.0,115.45,8316.0,1693198800.0,2023-08-28 10:30:00+05:30
115.0,115.3,115.0,115.3,460.0,1693199100.0,2023-08-28 10:35:00+05:30
115.3,115.4,115.0,115.0,4028.0,1693199400.0,2023-08-28 10:40:00+05:30
115.0,115.4,115.0,115.0,5552.0,1693199700.0,2023-08-28 10:45:00+05:30
115.0,115.45,115.0,115.45,5500.0,1693200000.0,2023-08-28 10:50:00+05:30
115.45,115.75,115.0,115.7,3980.0,1693200300.0,2023-08-28 10:55:00+05:30
115.7,115.7,115.15,115.25,2080.0,1693200600.0,2023-08-28 11:00:00+05:30
115.25,115.5,115.0,115.2,4180.0,1693200900.0,2023-08-28 11:05:00+05:30
115.2,115.2,114.5,115.15,3240.0,1693201200.0,2023-08-28 11:10:00+05:30
115.15,115.15,115.0,115.0,808.0,1693201500.0,2023-08-28 11:15:00+05:30
115.0,115.05,115.0,115.0,1824.0,1693201800.0,2023-08-28 11:20:00+05:30
115.0,115.0,114.75,115.0,29660.0,1693202100.0,2023-08-28 11:25:00+05:30
115.0,115.1,115.0,115.1,1796.0,1693202400.0,2023-08-28 11:30:00+05:30
115.1,115.1,115.0,115.1,1452.0,1693202700.0,2023-08-28 11:35:00+05:30
115.0,115.15,115.0,115.05,3880.0,1693203000.0,2023-08-28 11:40:00+05:30
115.05,115.45,115.0,115.05,3824.0,1693203300.0,2023-08-28 11:45:00+05:30
115.05,115.05,115.0,115.0,652.0,1693203600.0,2023-08-28 11:50:00+05:30
115.0,115.0,115.0,115.0,3988.0,1693203900.0,2023-08-28 11:55:00+05:30
115.0,115.2,115.0,115.0,1868.0,1693204200.0,2023-08-28 12:00:00+05:30
115.2,115.25,115.0,115.0,1896.0,1693204500.0,2023-08-28 12:05:00+05:30
115.0,115.0,115.0,115.0,884.0,1693204800.0,2023-08-28 12:10:00+05:30
115.0,115.25,115.0,115.0,3332.0,1693205100.0,2023-08-28 12:15:00+05:30
115.0,115.25,115.0,115.25,9008.0,1693205400.0,2023-08-28 12:20:00+05:30
115.25,115.3,115.0,115.0,1440.0,1693205700.0,2023-08-28 12:25:00+05:30
115.0,115.25,115.0,115.25,3024.0,1693206000.0,2023-08-28 12:30:00+05:30
115.25,115.5,115.0,115.5,6680.0,1693206300.0,2023-08-28 12:35:00+05:30
115.5,115.5,115.0,115.5,4840.0,1693206600.0,2023-08-28 12:40:00+05:30
115.5,115.5,115.15,115.5,516.0,1693206900.0,2023-08-28 12:45:00+05:30
115.5,115.5,115.15,115.5,116.0,1693207200.0,2023-08-28 12:50:00+05:30
115.5,115.5,115.0,115.25,3664.0,1693207500.0,2023-08-28 12:55:00+05:30
115.25,115.4,115.0,115.4,1908.0,1693207800.0,2023-08-28 13:00:00+05:30
115.4,115.4,115.05,115.4,380.0,1693208100.0,2023-08-28 13:05:00+05:30
115.5,115.5,113.9,115.0,8836.0,1693208400.0,2023-08-28 13:10:00+05:30
115.0,115.35,115.0,115.35,180.0,1693208700.0,2023-08-28 13:15:00+05:30
115.35,115.35,115.05,115.25,1988.0,1693209000.0,2023-08-28 13:20:00+05:30
115.25,115.25,115.0,115.25,1268.0,1693209300.0,2023-08-28 13:25:00+05:30
115.3,115.95,115.3,115.75,45076.0,1693209600.0,2023-08-28 13:30:00+05:30
115.75,115.75,115.1,115.3,1888.0,1693209900.0,2023-08-28 13:35:00+05:30
115.3,115.9,115.3,115.5,2984.0,1693210200.0,2023-08-28 13:40:00+05:30
115.35,115.5,115.35,115.5,712.0,1693210500.0,2023-08-28 13:45:00+05:30
115.5,116.25,115.25,115.25,16784.0,1693210800.0,2023-08-28 13:50:00+05:30
115.5,116.2,115.5,115.5,2808.0,1693211100.0,2023-08-28 13:55:00+05:30
115.5,115.75,115.5,115.75,112.0,1693211400.0,2023-08-28 14:00:00+05:30
115.75,116.0,115.25,115.25,1504.0,1693211700.0,2023-08-28 14:05:00+05:30
115.25,116.35,115.25,116.35,27488.0,1693212000.0,2023-08-28 14:10:00+05:30
116.35,116.35,115.5,115.5,2260.0,1693212300.0,2023-08-28 14:15:00+05:30
115.5,115.5,115.5,115.5,700.0,1693212600.0,2023-08-28 14:20:00+05:30
115.75,116.25,115.05,115.75,9968.0,1693212900.0,2023-08-28 14:25:00+05:30
115.75,116.2,115.45,115.45,1692.0,1693213200.0,2023-08-28 14:30:00+05:30
115.5,116.8,115.5,116.8,9552.0,1693213500.0,2023-08-28 14:35:00+05:30
116.8,116.8,116.0,116.25,696.0,1693213800.0,2023-08-28 14:40:00+05:30
116.25,116.7,115.6,115.75,6688.0,1693214100.0,2023-08-28 14:45:00+05:30
115.75,116.25,115.75,116.05,3124.0,1693214400.0,2023-08-28 14:50:00+05:30
116.05,116.3,116.05,116.3,3044.0,1693214700.0,2023-08-28 14:55:00+05:30
115.75,116.25,115.75,116.25,7044.0,1693215000.0,2023-08-28 15:00:00+05:30
116.25,116.7,115.85,116.65,5176.0,1693215300.0,2023-08-28 15:05:00+05:30
116.0,116.75,115.8,116.25,14956.0,1693215600.0,2023-08-28 15:10:00+05:30
116.25,116.4,116.05,116.4,5252.0,1693215900.0,2023-08-28 15:15:00+05:30
116.3,117.6,116.25,117.25,58252.0,1693216200.0,2023-08-28 15:20:00+05:30
117.25,117.45,115.6,116.4,22584.0,1693216500.0,2023-08-28 15:25:00+05:30
116.75,116.75,115.0,115.5,12784.0,1693280700.0,2023-08-29 09:15:00+05:30
115.5,115.85,115.15,115.85,11244.0,1693281000.0,2023-08-29 09:20:00+05:30
115.55,115.75,113.0,115.0,31400.0,1693281300.0,2023-08-29 09:25:00+05:30
115.05,116.25,115.0,115.5,12452.0,1693281600.0,2023-08-29 09:30:00+05:30
115.15,115.7,115.0,115.0,5404.0,1693281900.0,2023-08-29 09:35:00+05:30
114.5,115.0,114.5,115.0,17088.0,1693282200.0,2023-08-29 09:40:00+05:30
115.0,115.1,115.0,115.1,3712.0,1693282500.0,2023-08-29 09:45:00+05:30
115.0,115.75,115.0,115.4,4076.0,1693282800.0,2023-08-29 09:50:00+05:30
115.4,115.6,115.15,115.15,2696.0,1693283100.0,2023-08-29 09:55:00+05:30
115.15,115.5,115.0,115.1,2564.0,1693283400.0,2023-08-29 10:00:00+05:30
115.1,115.4,115.0,115.0,2444.0,1693283700.0,2023-08-29 10:05:00+05:30
115.0,115.4,115.0,115.1,1348.0,1693284000.0,2023-08-29 10:10:00+05:30
115.1,115.15,115.0,115.0,1264.0,1693284300.0,2023-08-29 10:15:00+05:30
115.0,115.15,115.0,115.1,616.0,1693284600.0,2023-08-29 10:20:00+05:30
115.1,115.1,115.0,115.0,6364.0,1693284900.0,2023-08-29 10:25:00+05:30
115.0,115.1,114.75,115.0,7464.0,1693285200.0,2023-08-29 10:30:00+05:30
115.0,115.0,114.9,115.0,19060.0,1693285500.0,2023-08-29 10:35:00+05:30
115.0,115.4,115.0,115.25,12136.0,1693285800.0,2023-08-29 10:40:00+05:30
115.3,115.95,115.05,115.5,5760.0,1693286100.0,2023-08-29 10:45:00+05:30
115.5,116.2,115.5,116.0,6768.0,1693286400.0,2023-08-29 10:50:00+05:30
116.0,116.25,115.55,115.65,9424.0,1693286700.0,2023-08-29 10:55:00+05:30
115.6,116.15,115.55,115.6,3052.0,1693287000.0,2023-08-29 11:00:00+05:30
115.6,115.7,115.05,115.3,1572.0,1693287300.0,2023-08-29 11:05:00+05:30
115.65,115.65,115.05,115.1,700.0,1693287600.0,2023-08-29 11:10:00+05:30
115.1,115.3,115.05,115.3,684.0,1693287900.0,2023-08-29 11:15:00+05:30
115.55,115.6,115.0,115.0,788.0,1693288200.0,2023-08-29 11:20:00+05:30
115.0,115.25,114.55,115.25,16160.0,1693288500.0,2023-08-29 11:25:00+05:30
115.25,115.5,115.25,115.25,2516.0,1693288800.0,2023-08-29 11:30:00+05:30
115.25,115.5,115.0,115.0,5692.0,1693289100.0,2023-08-29 11:35:00+05:30
115.0,115.5,115.0,115.0,23812.0,1693289400.0,2023-08-29 11:40:00+05:30
115.0,115.2,114.6,114.6,20044.0,1693289700.0,2023-08-29 11:45:00+05:30
114.6,115.0,114.6,114.9,2308.0,1693290000.0,2023-08-29 11:50:00+05:30
114.6,115.2,114.6,115.2,2632.0,1693290300.0,2023-08-29 11:55:00+05:30
115.2,115.2,114.15,114.25,5980.0,1693290600.0,2023-08-29 12:00:00+05:30
114.3,114.7,114.3,114.4,968.0,1693290900.0,2023-08-29 12:05:00+05:30
114.4,114.6,114.4,114.5,584.0,1693291200.0,2023-08-29 12:10:00+05:30
114.4,114.5,114.3,114.3,1764.0,1693291500.0,2023-08-29 12:15:00+05:30
114.3,114.7,114.3,114.5,4268.0,1693291800.0,2023-08-29 12:20:00+05:30
114.5,114.7,114.3,114.7,2104.0,1693292100.0,2023-08-29 12:25:00+05:30
114.7,114.7,114.5,114.5,5028.0,1693292400.0,2023-08-29 12:30:00+05:30
114.5,114.6,114.5,114.5,856.0,1693292700.0,2023-08-29 12:35:00+05:30
114.5,114.65,114.3,114.3,5696.0,1693293000.0,2023-08-29 12:40:00+05:30
114.3,114.65,113.85,114.05,3532.0,1693293300.0,2023-08-29 12:45:00+05:30
113.75,114.1,113.5,113.65,9844.0,1693293600.0,2023-08-29 12:50:00+05:30
113.65,113.65,113.05,113.25,8956.0,1693293900.0,2023-08-29 12:55:00+05:30
113.25,113.75,113.25,113.75,5088.0,1693294200.0,2023-08-29 13:00:00+05:30
113.75,115.35,113.75,115.25,44848.0,1693294500.0,2023-08-29 13:05:00+05:30
115.25,115.75,115.25,115.45,13184.0,1693294800.0,2023-08-29 13:10:00+05:30
115.45,115.75,115.45,115.6,4388.0,1693295100.0,2023-08-29 13:15:00+05:30
115.6,116.5,115.6,116.05,18696.0,1693295400.0,2023-08-29 13:20:00+05:30
116.3,117.5,116.25,116.75,27508.0,1693295700.0,2023-08-29 13:25:00+05:30
116.75,116.75,115.8,116.25,8808.0,1693296000.0,2023-08-29 13:30:00+05:30
116.25,116.7,116.1,116.1,1592.0,1693296300.0,2023-08-29 13:35:00+05:30
116.1,116.3,115.75,116.15,956.0,1693296600.0,2023-08-29 13:40:00+05:30
116.15,117.5,116.15,116.75,13664.0,1693296900.0,2023-08-29 13:45:00+05:30
116.6,117.4,116.6,116.65,6672.0,1693297200.0,2023-08-29 13:50:00+05:30
116.65,116.65,116.15,116.15,352.0,1693297500.0,2023-08-29 13:55:00+05:30
116.15,116.15,116.0,116.0,1428.0,1693297800.0,2023-08-29 14:00:00+05:30
116.0,116.15,115.75,115.9,7244.0,1693298100.0,2023-08-29 14:05:00+05:30
115.8,116.1,115.8,116.1,844.0,1693298400.0,2023-08-29 14:10:00+05:30
116.1,116.85,115.75,115.75,6840.0,1693298700.0,2023-08-29 14:15:00+05:30
115.75,116.75,115.75,116.4,1068.0,1693299000.0,2023-08-29 14:20:00+05:30
116.25,116.25,115.8,115.9,880.0,1693299300.0,2023-08-29 14:25:00+05:30
115.9,116.5,115.9,116.0,6000.0,1693299600.0,2023-08-29 14:30:00+05:30
116.0,116.6,115.9,116.6,2528.0,1693299900.0,2023-08-29 14:35:00+05:30
116.6,116.6,115.95,116.6,4100.0,1693300200.0,2023-08-29 14:40:00+05:30
116.6,116.7,116.25,116.7,7644.0,1693300500.0,2023-08-29 14:45:00+05:30
116.7,116.7,116.25,116.25,3588.0,1693300800.0,2023-08-29 14:50:00+05:30
116.25,116.7,116.25,116.25,3720.0,1693301100.0,2023-08-29 14:55:00+05:30
116.25,116.3,116.25,116.25,1044.0,1693301400.0,2023-08-29 15:00:00+05:30
116.25,116.65,116.25,116.25,9952.0,1693301700.0,2023-08-29 15:05:00+05:30
116.7,116.85,116.25,116.4,10112.0,1693302000.0,2023-08-29 15:10:00+05:30
116.4,116.75,115.9,116.0,2540.0,1693302300.0,2023-08-29 15:15:00+05:30
116.0,116.25,115.55,116.0,6112.0,1693302600.0,2023-08-29 15:20:00+05:30
116.0,116.0,115.0,115.45,18036.0,1693302900.0,2023-08-29 15:25:00+05:30
114.5,116.25,114.5,115.25,19136.0,1693367100.0,2023-08-30 09:15:00+05:30
115.25,116.25,114.95,115.25,9212.0,1693367400.0,2023-08-30 09:20:00+05:30
115.25,115.95,115.25,115.7,2540.0,1693367700.0,2023-08-30 09:25:00+05:30
115.95,116.25,115.75,116.25,5564.0,1693368000.0,2023-08-30 09:30:00+05:30
116.25,116.25,115.75,115.85,5048.0,1693368300.0,2023-08-30 09:35:00+05:30
115.85,116.25,115.75,116.25,5588.0,1693368600.0,2023-08-30 09:40:00+05:30
116.25,116.25,115.7,116.2,8476.0,1693368900.0,2023-08-30 09:45:00+05:30
116.2,116.2,114.6,116.15,39968.0,1693369200.0,2023-08-30 09:50:00+05:30
115.95,116.2,115.95,115.95,6196.0,1693369500.0,2023-08-30 09:55:00+05:30
115.95,116.2,114.9,115.6,38368.0,1693369800.0,2023-08-30 10:00:00+05:30
115.6,115.6,115.2,115.2,968.0,1693370100.0,2023-08-30 10:05:00+05:30
115.2,115.85,115.2,115.25,9744.0,1693370400.0,2023-08-30 10:10:00+05:30
115.25,115.3,115.15,115.2,2388.0,1693370700.0,2023-08-30 10:15:00+05:30
115.2,115.25,115.2,115.2,216.0,1693371000.0,2023-08-30 10:20:00+05:30
115.2,115.2,115.0,115.1,4824.0,1693371300.0,2023-08-30 10:25:00+05:30
115.1,115.1,114.5,114.8,3740.0,1693371600.0,2023-08-30 10:30:00+05:30
114.8,115.15,114.65,115.15,11004.0,1693371900.0,2023-08-30 10:35:00+05:30
115.15,115.45,115.05,115.45,1552.0,1693372200.0,2023-08-30 10:40:00+05:30
115.45,115.5,115.25,115.45,7744.0,1693372500.0,2023-08-30 10:45:00+05:30
115.45,115.45,115.25,115.25,5092.0,1693372800.0,2023-08-30 10:50:00+05:30
115.25,115.25,115.1,115.1,2028.0,1693373100.0,2023-08-30 10:55:00+05:30
115.1,115.4,115.1,115.4,5588.0,1693373400.0,2023-08-30 11:00:00+05:30
115.4,115.5,115.25,115.5,1152.0,1693373700.0,2023-08-30 11:05:00+05:30
115.5,116.0,115.3,115.9,33452.0,1693374000.0,2023-08-30 11:10:00+05:30
115.9,116.0,115.25,115.5,25096.0,1693374300.0,2023-08-30 11:15:00+05:30
115.5,115.85,115.5,115.75,1492.0,1693374600.0,2023-08-30 11:20:00+05:30
115.75,115.9,115.65,115.75,17524.0,1693374900.0,2023-08-30 11:25:00+05:30
115.75,115.9,115.75,115.9,2200.0,1693375200.0,2023-08-30 11:30:00+05:30
115.9,116.0,115.9,115.9,644.0,1693375500.0,2023-08-30 11:35:00+05:30
115.9,116.05,115.9,116.0,8896.0,1693375800.0,2023-08-30 11:40:00+05:30
116.0,116.0,115.9,115.9,6060.0,1693376100.0,2023-08-30 11:45:00+05:30
115.9,116.0,115.9,116.0,2208.0,1693376400.0,2023-08-30 11:50:00+05:30
116.0,116.0,115.9,115.9,1148.0,1693376700.0,2023-08-30 11:55:00+05:30
115.9,116.0,115.9,115.9,5700.0,1693377000.0,2023-08-30 12:00:00+05:30
115.9,116.1,115.75,116.1,37972.0,1693377300.0,2023-08-30 12:05:00+05:30
116.1,116.2,115.75,116.0,8928.0,1693377600.0,2023-08-30 12:10:00+05:30
116.0,116.0,115.9,116.0,3804.0,1693377900.0,2023-08-30 12:15:00+05:30
116.0,116.2,115.9,115.9,8040.0,1693378200.0,2023-08-30 12:20:00+05:30
115.9,116.2,115.75,115.9,5600.0,1693378500.0,2023-08-30 12:25:00+05:30
115.9,116.0,115.75,116.0,3620.0,1693378800.0,2023-08-30 12:30:00+05:30
116.0,116.0,115.75,115.75,1820.0,1693379100.0,2023-08-30 12:35:00+05:30
115.75,116.1,115.75,116.0,6320.0,1693379400.0,2023-08-30 12:40:00+05:30
116.0,116.0,115.75,115.75,412.0,1693379700.0,2023-08-30 12:45:00+05:30
115.75,116.1,115.75,116.05,10820.0,1693380000.0,2023-08-30 12:50:00+05:30
116.05,116.05,115.75,115.9,1708.0,1693380300.0,2023-08-30 12:55:00+05:30
115.9,116.0,115.75,116.0,644.0,1693380600.0,2023-08-30 13:00:00+05:30
116.0,116.15,115.9,115.9,1388.0,1693380900.0,2023-08-30 13:05:00+05:30
115.9,116.0,115.9,116.0,1508.0,1693381200.0,2023-08-30 13:10:00+05:30
116.0,116.05,115.9,115.9,1480.0,1693381500.0,2023-08-30 13:15:00+05:30
115.9,116.5,115.9,116.5,16540.0,1693381800.0,2023-08-30 13:20:00+05:30
116.5,116.5,115.9,116.35,3128.0,1693382100.0,2023-08-30 13:25:00+05:30
116.35,116.5,115.9,116.5,5288.0,1693382400.0,2023-08-30 13:30:00+05:30
116.3,116.5,116.25,116.5,2712.0,1693382700.0,2023-08-30 13:35:00+05:30
116.55,116.7,116.25,116.45,11920.0,1693383000.0,2023-08-30 13:40:00+05:30
116.45,117.45,116.15,116.25,24504.0,1693383300.0,2023-08-30 13:45:00+05:30
116.25,116.45,116.25,116.4,11968.0,1693383600.0,2023-08-30 13:50:00+05:30
116.45,118.0,116.4,117.95,57140.0,1693383900.0,2023-08-30 13:55:00+05:30
117.95,117.95,117.55,117.7,9404.0,1693384200.0,2023-08-30 14:00:00+05:30
117.5,117.75,117.5,117.65,9692.0,1693384500.0,2023-08-30 14:05:00+05:30
117.65,117.65,117.0,117.5,5460.0,1693384800.0,2023-08-30 14:10:00+05:30
117.5,117.6,117.5,117.5,2196.0,1693385100.0,2023-08-30 14:15:00+05:30
117.5,117.75,117.5,117.5,6060.0,1693385400.0,2023-08-30 14:20:00+05:30
117.5,117.75,116.7,117.5,17772.0,1693385700.0,2023-08-30 14:25:00+05:30
117.5,117.5,116.55,116.55,6048.0,1693386000.0,2023-08-30 14:30:00+05:30
116.55,117.15,116.5,116.75,5952.0,1693386300.0,2023-08-30 14:35:00+05:30
116.75,117.6,116.55,117.5,11528.0,1693386600.0,2023-08-30 14:40:00+05:30
117.5,117.5,117.2,117.5,5160.0,1693386900.0,2023-08-30 14:45:00+05:30
117.5,117.75,117.4,117.5,8980.0,1693387200.0,2023-08-30 14:50:00+05:30
117.7,117.75,117.15,117.5,40260.0,1693387500.0,2023-08-30 14:55:00+05:30
117.5,117.5,117.4,117.5,33928.0,1693387800.0,2023-08-30 15:00:00+05:30
117.5,117.75,117.5,117.7,25664.0,1693388100.0,2023-08-30 15:05:00+05:30
117.7,117.75,117.5,117.5,53776.0,1693388400.0,2023-08-30 15:10:00+05:30
117.5,117.6,117.5,117.5,11532.0,1693388700.0,2023-08-30 15:15:00+05:30
117.5,117.8,117.5,117.75,36336.0,1693389000.0,2023-08-30 15:20:00+05:30
117.75,117.75,116.25,116.9,19176.0,1693389300.0,2023-08-30 15:25:00+05:30
117.5,118.3,116.4,117.05,23864.0,1693453500.0,2023-08-31 09:15:00+05:30
117.05,117.35,116.5,116.95,6712.0,1693453800.0,2023-08-31 09:20:00+05:30
116.65,116.75,116.15,116.6,7520.0,1693454100.0,2023-08-31 09:25:00+05:30
116.7,116.7,116.0,116.15,5000.0,1693454400.0,2023-08-31 09:30:00+05:30
116.15,116.3,116.0,116.1,12252.0,1693454700.0,2023-08-31 09:35:00+05:30
116.25,116.8,116.1,116.75,5608.0,1693455000.0,2023-08-31 09:40:00+05:30
116.75,117.0,116.5,117.0,2880.0,1693455300.0,2023-08-31 09:45:00+05:30
116.75,116.85,116.6,116.7,3580.0,1693455600.0,2023-08-31 09:50:00+05:30
116.7,116.95,116.5,116.5,1520.0,1693455900.0,2023-08-31 09:55:00+05:30
116.5,117.0,116.5,116.8,9144.0,1693456200.0,2023-08-31 10:00:00+05:30
116.8,116.8,116.05,116.1,1992.0,1693456500.0,2023-08-31 10:05:00+05:30
116.1,116.4,116.1,116.15,224.0,1693456800.0,2023-08-31 10:10:00+05:30
116.1,116.15,115.5,115.9,16528.0,1693457100.0,2023-08-31 10:15:00+05:30
115.9,116.25,115.65,115.8,5612.0,1693457400.0,2023-08-31 10:20:00+05:30
115.8,116.0,115.75,115.75,3768.0,1693457700.0,2023-08-31 10:25:00+05:30
115.75,116.1,115.75,116.1,1292.0,1693458000.0,2023-08-31 10:30:00+05:30
116.1,116.15,115.75,115.75,1976.0,1693458300.0,2023-08-31 10:35:00+05:30
115.75,115.95,115.75,115.75,1528.0,1693458600.0,2023-08-31 10:40:00+05:30
115.75,115.8,115.65,115.65,952.0,1693458900.0,2023-08-31 10:45:00+05:30
115.85,115.85,114.85,114.95,21192.0,1693459200.0,2023-08-31 10:50:00+05:30
114.95,115.45,114.9,115.1,8128.0,1693459500.0,2023-08-31 10:55:00+05:30
115.1,115.25,114.6,114.95,9440.0,1693459800.0,2023-08-31 11:00:00+05:30
114.95,115.25,114.6,114.75,8624.0,1693460100.0,2023-08-31 11:05:00+05:30
115.05,115.1,114.8,115.05,1276.0,1693460400.0,2023-08-31 11:10:00+05:30
115.05,116.45,114.8,115.3,15644.0,1693460700.0,2023-08-31 11:15:00+05:30
115.3,115.85,115.1,115.6,8116.0,1693461000.0,2023-08-31 11:20:00+05:30
115.6,115.75,115.2,115.2,968.0,1693461300.0,2023-08-31 11:25:00+05:30
115.2,115.2,115.1,115.15,660.0,1693461600.0,2023-08-31 11:30:00+05:30
115.4,115.45,115.05,115.25,2148.0,1693461900.0,2023-08-31 11:35:00+05:30
115.25,115.45,115.25,115.45,432.0,1693462200.0,2023-08-31 11:40:00+05:30
115.45,117.55,115.4,117.5,104504.0,1693462500.0,2023-08-31 11:45:00+05:30
117.5,117.75,116.85,116.95,19988.0,1693462800.0,2023-08-31 11:50:00+05:30
116.95,118.2,116.75,118.0,34260.0,1693463100.0,2023-08-31 11:55:00+05:30
118.0,118.0,117.1,117.1,16988.0,1693463400.0,2023-08-31 12:00:00+05:30
117.1,117.5,117.0,117.1,10192.0,1693463700.0,2023-08-31 12:05:00+05:30
117.1,117.5,117.05,117.2,3552.0,1693464000.0,2023-08-31 12:10:00+05:30
117.1,117.25,117.0,117.05,516.0,1693464300.0,2023-08-31 12:15:00+05:30
117.05,117.25,116.8,116.8,1180.0,1693464600.0,2023-08-31 12:20:00+05:30
116.8,117.1,116.8,117.05,4148.0,1693464900.0,2023-08-31 12:25:00+05:30
117.1,117.4,116.9,117.1,203144.0,1693465200.0,2023-08-31 12:30:00+05:30
117.1,117.4,117.05,117.1,2968.0,1693465500.0,2023-08-31 12:35:00+05:30
117.1,117.35,117.05,117.2,836.0,1693465800.0,2023-08-31 12:40:00+05:30
117.2,117.35,117.0,117.35,2128.0,1693466100.0,2023-08-31 12:45:00+05:30
117.35,117.4,117.35,117.35,1868.0,1693466400.0,2023-08-31 12:50:00+05:30
117.35,117.35,117.35,117.35,1240.0,1693466700.0,2023-08-31 12:55:00+05:30
117.35,117.5,117.35,117.5,8184.0,1693467000.0,2023-08-31 13:00:00+05:30
117.5,117.5,117.35,117.35,6536.0,1693467300.0,2023-08-31 13:05:00+05:30
117.35,117.5,117.35,117.35,5376.0,1693467600.0,2023-08-31 13:10:00+05:30
117.35,117.5,117.35,117.45,9628.0,1693467900.0,2023-08-31 13:15:00+05:30
117.35,117.55,117.35,117.5,12028.0,1693468200.0,2023-08-31 13:20:00+05:30
117.5,117.5,117.25,117.5,7092.0,1693468500.0,2023-08-31 13:25:00+05:30
117.5,117.5,117.3,117.35,7668.0,1693468800.0,2023-08-31 13:30:00+05:30
117.35,117.4,117.35,117.35,67112.0,1693469100.0,2023-08-31 13:35:00+05:30
117.35,117.4,117.3,117.35,4760.0,1693469400.0,2023-08-31 13:40:00+05:30
117.35,117.35,117.25,117.35,3236.0,1693469700.0,2023-08-31 13:45:00+05:30
117.35,117.45,117.35,117.35,2080.0,1693470000.0,2023-08-31 13:50:00+05:30
117.35,117.45,117.35,117.35,376.0,1693470300.0,2023-08-31 13:55:00+05:30
117.35,117.45,117.35,117.35,4044.0,1693470600.0,2023-08-31 14:00:00+05:30
117.35,117.4,117.35,117.4,5880.0,1693470900.0,2023-08-31 14:05:00+05:30
117.4,117.4,117.35,117.35,2500.0,1693471200.0,2023-08-31 14:10:00+05:30
117.35,117.4,117.35,117.35,5084.0,1693471500.0,2023-08-31 14:15:00+05:30
117.35,117.5,117.35,117.35,15360.0,1693471800.0,2023-08-31 14:20:00+05:30
117.35,117.35,117.35,117.35,3736.0,1693472100.0,2023-08-31 14:25:00+05:30
117.35,117.7,117.35,117.4,7756.0,1693472400.0,2023-08-31 14:30:00+05:30
117.4,117.4,117.35,117.35,812.0,1693472700.0,2023-08-31 14:35:00+05:30
117.35,117.55,117.25,117.45,2792.0,1693473000.0,2023-08-31 14:40:00+05:30
117.45,117.5,117.3,117.35,20072.0,1693473300.0,2023-08-31 14:45:00+05:30
117.35,117.35,117.3,117.3,3672.0,1693473600.0,2023-08-31 14:50:00+05:30
117.35,117.5,117.3,117.35,3332.0,1693473900.0,2023-08-31 14:55:00+05:30
117.35,117.5,117.25,117.35,6176.0,1693474200.0,2023-08-31 15:00:00+05:30
117.35,117.4,117.0,117.3,18580.0,1693474500.0,2023-08-31 15:05:00+05:30
117.25,117.25,116.85,117.1,7556.0,1693474800.0,2023-08-31 15:10:00+05:30
117.25,117.4,116.1,117.25,96856.0,1693475100.0,2023-08-31 15:15:00+05:30
117.25,117.5,117.25,117.25,18236.0,1693475400.0,2023-08-31 15:20:00+05:30
117.25,117.6,117.25,117.5,29860.0,1693475700.0,2023-08-31 15:25:00+05:30
117.5,117.6,115.55,117.6,13168.0,1693539900.0,2023-09-01 09:15:00+05:30
117.7,117.75,116.75,116.95,12888.0,1693540200.0,2023-09-01 09:20:00+05:30
116.7,116.75,116.5,116.75,7220.0,1693540500.0,2023-09-01 09:25:00+05:30
116.75,117.2,116.6,116.75,7084.0,1693540800.0,2023-09-01 09:30:00+05:30
116.75,117.0,116.75,116.8,900.0,1693541100.0,2023-09-01 09:35:00+05:30
116.8,116.8,116.3,116.5,9000.0,1693541400.0,2023-09-01 09:40:00+05:30
116.8,117.05,116.55,116.6,1924.0,1693541700.0,2023-09-01 09:45:00+05:30
116.6,116.6,116.0,116.25,4748.0,1693542000.0,2023-09-01 09:50:00+05:30
116.25,116.4,116.0,116.25,5948.0,1693542300.0,2023-09-01 09:55:00+05:30
116.25,116.25,115.5,115.9,14928.0,1693542600.0,2023-09-01 10:00:00+05:30
115.8,116.1,115.6,115.7,16248.0,1693542900.0,2023-09-01 10:05:00+05:30
115.7,116.0,115.35,116.0,11756.0,1693543200.0,2023-09-01 10:10:00+05:30
116.0,116.0,115.65,115.95,2288.0,1693543500.0,2023-09-01 10:15:00+05:30
115.95,116.0,115.55,115.75,7392.0,1693543800.0,2023-09-01 10:20:00+05:30
115.7,116.2,115.6,115.9,7404.0,1693544100.0,2023-09-01 10:25:00+05:30
115.9,115.9,115.7,115.75,616.0,1693544400.0,2023-09-01 10:30:00+05:30
115.9,115.9,115.7,115.75,9424.0,1693544700.0,2023-09-01 10:35:00+05:30
115.75,116.25,115.75,115.85,10560.0,1693545000.0,2023-09-01 10:40:00+05:30
115.85,116.05,115.5,115.7,5964.0,1693545300.0,2023-09-01 10:45:00+05:30
115.7,116.0,115.65,115.95,892.0,1693545600.0,2023-09-01 10:50:00+05:30
115.95,116.0,115.7,115.8,5552.0,1693545900.0,2023-09-01 10:55:00+05:30
115.65,115.9,115.55,115.9,2172.0,1693546200.0,2023-09-01 11:00:00+05:30
115.75,115.8,115.6,115.6,4212.0,1693546500.0,2023-09-01 11:05:00+05:30
115.75,115.85,115.5,115.5,3652.0,1693546800.0,2023-09-01 11:10:00+05:30
115.5,115.95,115.5,115.75,2868.0,1693547100.0,2023-09-01 11:15:00+05:30
115.75,115.8,115.6,115.6,496.0,1693547400.0,2023-09-01 11:20:00+05:30
115.6,115.65,115.6,115.65,380.0,1693547700.0,2023-09-01 11:25:00+05:30
115.65,115.95,115.65,115.75,384.0,1693548000.0,2023-09-01 11:30:00+05:30
115.75,115.95,115.7,115.75,1492.0,1693548300.0,2023-09-01 11:35:00+05:30
115.75,115.9,115.5,115.5,11612.0,1693548600.0,2023-09-01 11:40:00+05:30
115.5,115.65,115.5,115.65,84.0,1693548900.0,2023-09-01 11:45:00+05:30
115.65,116.0,115.65,115.75,6280.0,1693549200.0,2023-09-01 11:50:00+05:30
115.75,115.8,115.7,115.7,2956.0,1693549500.0,2023-09-01 11:55:00+05:30
115.7,115.7,115.3,115.65,25572.0,1693549800.0,2023-09-01 12:00:00+05:30
115.65,116.2,115.5,116.2,22408.0,1693550100.0,2023-09-01 12:05:00+05:30
116.25,116.4,115.85,115.85,3460.0,1693550400.0,2023-09-01 12:10:00+05:30
115.85,116.2,115.75,116.05,1620.0,1693550700.0,2023-09-01 12:15:00+05:30
116.05,116.25,115.95,116.2,1228.0,1693551000.0,2023-09-01 12:20:00+05:30
116.2,116.2,115.8,115.9,2496.0,1693551300.0,2023-09-01 12:25:00+05:30
116.0,116.0,115.5,115.5,8120.0,1693551600.0,2023-09-01 12:30:00+05:30
115.75,116.0,115.7,116.0,2388.0,1693551900.0,2023-09-01 12:35:00+05:30
116.0,116.0,115.75,115.75,172.0,1693552200.0,2023-09-01 12:40:00+05:30
115.75,115.95,115.4,115.6,15704.0,1693552500.0,2023-09-01 12:45:00+05:30
115.6,115.85,115.55,115.65,1224.0,1693552800.0,2023-09-01 12:50:00+05:30
115.65,116.25,115.6,116.25,11712.0,1693553100.0,2023-09-01 12:55:00+05:30
116.25,116.4,116.15,116.15,740.0,1693553400.0,2023-09-01 13:00:00+05:30
116.15,116.15,115.8,115.8,4988.0,1693553700.0,2023-09-01 13:05:00+05:30
115.8,116.0,115.8,116.0,4.0,1693554000.0,2023-09-01 13:10:00+05:30
116.0,116.2,116.0,116.2,440.0,1693554300.0,2023-09-01 13:15:00+05:30
116.2,116.2,116.0,116.2,588.0,1693554600.0,2023-09-01 13:20:00+05:30
116.2,116.25,115.9,116.2,3840.0,1693554900.0,2023-09-01 13:25:00+05:30
116.2,116.25,115.9,115.95,1892.0,1693555200.0,2023-09-01 13:30:00+05:30
115.95,116.05,115.75,115.75,1184.0,1693555500.0,2023-09-01 13:35:00+05:30
115.75,115.95,115.45,115.7,5912.0,1693555800.0,2023-09-01 13:40:00+05:30
115.3,115.9,115.3,115.85,7728.0,1693556100.0,2023-09-01 13:45:00+05:30
115.85,116.25,115.75,116.2,18848.0,1693556400.0,2023-09-01 13:50:00+05:30
116.25,116.35,115.95,116.35,2720.0,1693556700.0,2023-09-01 13:55:00+05:30
116.25,116.45,116.0,116.25,50056.0,1693557000.0,2023-09-01 14:00:00+05:30
116.25,116.3,116.15,116.3,15192.0,1693557300.0,2023-09-01 14:05:00+05:30
116.3,116.6,116.25,116.5,7536.0,1693557600.0,2023-09-01 14:10:00+05:30
116.5,116.5,116.2,116.35,3892.0,1693557900.0,2023-09-01 14:15:00+05:30
116.35,116.45,116.0,116.25,12936.0,1693558200.0,2023-09-01 14:20:00+05:30
116.25,116.3,116.1,116.25,6660.0,1693558500.0,2023-09-01 14:25:00+05:30
116.25,116.4,116.1,116.25,11552.0,1693558800.0,2023-09-01 14:30:00+05:30
116.25,116.5,116.25,116.5,3168.0,1693559100.0,2023-09-01 14:35:00+05:30
116.5,116.5,116.25,116.25,3012.0,1693559400.0,2023-09-01 14:40:00+05:30
116.35,116.4,116.1,116.1,5488.0,1693559700.0,2023-09-01 14:45:00+05:30
116.1,116.4,116.05,116.25,2380.0,1693560000.0,2023-09-01 14:50:00+05:30
116.25,116.3,116.1,116.25,10080.0,1693560300.0,2023-09-01 14:55:00+05:30
116.25,116.3,115.5,115.85,4108.0,1693560600.0,2023-09-01 15:00:00+05:30
115.95,115.95,115.4,115.5,4296.0,1693560900.0,2023-09-01 15:05:00+05:30
115.5,116.2,115.1,115.45,12400.0,1693561200.0,2023-09-01 15:10:00+05:30
115.45,115.45,115.0,115.25,7352.0,1693561500.0,2023-09-01 15:15:00+05:30
115.25,115.3,114.65,114.75,22424.0,1693561800.0,2023-09-01 15:20:00+05:30
114.55,114.75,114.5,114.6,10016.0,1693562100.0,2023-09-01 15:25:00+05:30
115.5,115.5,114.25,114.8,38700.0,1693799100.0,2023-09-04 09:15:00+05:30
114.8,115.0,114.5,114.55,6572.0,1693799400.0,2023-09-04 09:20:00+05:30
114.75,114.85,114.25,114.6,12548.0,1693799700.0,2023-09-04 09:25:00+05:30
114.45,114.65,114.15,114.55,11328.0,1693800000.0,2023-09-04 09:30:00+05:30
114.55,114.55,113.8,113.8,17296.0,1693800300.0,2023-09-04 09:35:00+05:30
113.75,114.1,113.5,113.6,22904.0,1693800600.0,2023-09-04 09:40:00+05:30
113.75,113.75,113.2,113.4,37980.0,1693800900.0,2023-09-04 09:45:00+05:30
113.5,113.5,112.5,112.8,57412.0,1693801200.0,2023-09-04 09:50:00+05:30
112.8,112.95,112.25,112.8,16708.0,1693801500.0,2023-09-04 09:55:00+05:30
112.8,112.8,112.4,112.5,41260.0,1693801800.0,2023-09-04 10:00:00+05:30
112.5,112.6,112.0,112.3,21476.0,1693802100.0,2023-09-04 10:05:00+05:30
112.1,112.45,111.3,112.0,55368.0,1693802400.0,2023-09-04 10:10:00+05:30
111.9,112.2,111.7,111.75,32124.0,1693802700.0,2023-09-04 10:15:00+05:30
111.6,112.15,111.4,111.7,17520.0,1693803000.0,2023-09-04 10:20:00+05:30
111.7,111.9,111.5,111.7,20032.0,1693803300.0,2023-09-04 10:25:00+05:30
111.65,112.2,111.5,112.1,20432.0,1693803600.0,2023-09-04 10:30:00+05:30
112.1,112.25,112.0,112.1,10896.0,1693803900.0,2023-09-04 10:35:00+05:30
112.1,112.45,112.0,112.0,9716.0,1693804200.0,2023-09-04 10:40:00+05:30
112.0,112.2,111.55,112.0,5664.0,1693804500.0,2023-09-04 10:45:00+05:30
112.0,112.0,111.35,111.7,18188.0,1693804800.0,2023-09-04 10:50:00+05:30
111.45,111.8,111.45,111.65,5968.0,1693805100.0,2023-09-04 10:55:00+05:30
111.65,111.7,111.15,111.25,33624.0,1693805400.0,2023-09-04 11:00:00+05:30
111.25,111.5,111.15,111.3,5460.0,1693805700.0,2023-09-04 11:05:00+05:30
111.3,111.75,111.2,111.75,11160.0,1693806000.0,2023-09-04 11:10:00+05:30
111.75,111.75,111.3,111.55,8976.0,1693806300.0,2023-09-04 11:15:00+05:30
111.55,111.75,111.5,111.5,4348.0,1693806600.0,2023-09-04 11:20:00+05:30
111.5,111.75,111.5,111.5,3412.0,1693806900.0,2023-09-04 11:25:00+05:30
111.5,111.8,111.5,111.6,4856.0,1693807200.0,2023-09-04 11:30:00+05:30
111.6,111.9,111.6,111.9,6152.0,1693807500.0,2023-09-04 11:35:00+05:30
111.9,111.95,111.5,111.5,6564.0,1693807800.0,2023-09-04 11:40:00+05:30
111.5,112.2,111.3,111.95,22800.0,1693808100.0,2023-09-04 11:45:00+05:30
111.95,112.1,111.65,112.1,11744.0,1693808400.0,2023-09-04 11:50:00+05:30
112.1,112.4,111.9,112.0,7364.0,1693808700.0,2023-09-04 11:55:00+05:30
112.0,112.25,112.0,112.15,11336.0,1693809000.0,2023-09-04 12:00:00+05:30
112.15,112.3,112.15,112.2,2828.0,1693809300.0,2023-09-04 12:05:00+05:30
112.1,112.2,112.1,112.2,2684.0,1693809600.0,2023-09-04 12:10:00+05:30
112.4,113.15,112.4,113.05,17756.0,1693809900.0,2023-09-04 12:15:00+05:30
112.8,113.15,112.8,113.15,3960.0,1693810200.0,2023-09-04 12:20:00+05:30
113.15,113.15,112.9,113.1,7088.0,1693810500.0,2023-09-04 12:25:00+05:30
113.1,113.8,113.05,113.8,19024.0,1693810800.0,2023-09-04 12:30:00+05:30
114.1,114.1,113.45,113.65,30744.0,1693811100.0,2023-09-04 12:35:00+05:30
113.65,113.65,113.25,113.25,36868.0,1693811400.0,2023-09-04 12:40:00+05:30
113.25,113.4,113.05,113.3,516.0,1693811700.0,2023-09-04 12:45:00+05:30
113.3,113.3,112.85,113.1,1840.0,1693812000.0,2023-09-04 12:50:00+05:30
113.1,113.1,112.8,112.8,5528.0,1693812300.0,2023-09-04 12:55:00+05:30
112.8,112.9,112.65,112.75,1604.0,1693812600.0,2023-09-04 13:00:00+05:30
112.75,112.95,112.75,112.95,7540.0,1693812900.0,2023-09-04 13:05:00+05:30
112.8,113.0,112.7,112.8,5532.0,1693813200.0,2023-09-04 13:10:00+05:30
112.8,112.95,112.65,112.65,2192.0,1693813500.0,2023-09-04 13:15:00+05:30
112.65,113.1,112.5,113.1,11900.0,1693813800.0,2023-09-04 13:20:00+05:30
113.1,113.35,112.9,113.3,9644.0,1693814100.0,2023-09-04 13:25:00+05:30
113.3,113.5,113.1,113.25,1944.0,1693814400.0,2023-09-04 13:30:00+05:30
113.25,113.25,112.85,113.15,2324.0,1693814700.0,2023-09-04 13:35:00+05:30
113.15,113.15,112.85,112.85,4484.0,1693815000.0,2023-09-04 13:40:00+05:30
112.85,112.9,112.5,112.5,20264.0,1693815300.0,2023-09-04 13:45:00+05:30
112.5,112.8,112.25,112.55,4428.0,1693815600.0,2023-09-04 13:50:00+05:30
112.55,112.9,112.5,112.55,6200.0,1693815900.0,2023-09-04 13:55:00+05:30
112.75,112.95,112.5,112.9,34788.0,1693816200.0,2023-09-04 14:00:00+05:30
112.9,112.9,112.5,112.75,5008.0,1693816500.0,2023-09-04 14:05:00+05:30
112.6,112.8,112.5,112.55,7584.0,1693816800.0,2023-09-04 14:10:00+05:30
112.55,112.85,112.5,112.85,3960.0,1693817100.0,2023-09-04 14:15:00+05:30
112.85,112.85,112.6,112.8,228.0,1693817400.0,2023-09-04 14:20:00+05:30
112.8,112.8,112.6,112.75,920.0,1693817700.0,2023-09-04 14:25:00+05:30
112.75,112.8,112.55,112.6,3056.0,1693818000.0,2023-09-04 14:30:00+05:30
112.6,112.9,112.5,112.75,11496.0,1693818300.0,2023-09-04 14:35:00+05:30
112.75,113.35,112.75,113.1,17328.0,1693818600.0,2023-09-04 14:40:00+05:30
113.1,113.1,112.9,112.9,4588.0,1693818900.0,2023-09-04 14:45:00+05:30
112.8,113.1,112.8,112.85,7024.0,1693819200.0,2023-09-04 14:50:00+05:30
112.8,112.95,112.8,112.95,5332.0,1693819500.0,2023-09-04 14:55:00+05:30
112.95,112.95,112.65,112.65,1732.0,1693819800.0,2023-09-04 15:00:00+05:30
112.8,112.95,112.5,112.7,15560.0,1693820100.0,2023-09-04 15:05:00+05:30
113.05,113.05,112.5,112.6,11940.0,1693820400.0,2023-09-04 15:10:00+05:30
112.6,112.9,112.5,112.6,10484.0,1693820700.0,2023-09-04 15:15:00+05:30
112.8,112.95,112.4,112.7,62224.0,1693821000.0,2023-09-04 15:20:00+05:30
112.7,112.7,112.5,112.5,8204.0,1693821300.0,2023-09-04 15:25:00+05:30
111.45,113.35,111.45,112.9,14116.0,1693885500.0,2023-09-05 09:15:00+05:30
112.9,113.15,112.6,112.8,11672.0,1693885800.0,2023-09-05 09:20:00+05:30
112.95,113.4,112.6,113.3,10012.0,1693886100.0,2023-09-05 09:25:00+05:30
113.3,113.45,113.1,113.1,6392.0,1693886400.0,2023-09-05 09:30:00+05:30
113.1,113.25,112.9,113.2,3296.0,1693886700.0,2023-09-05 09:35:00+05:30
113.2,113.2,112.8,112.9,3676.0,1693887000.0,2023-09-05 09:40:00+05:30
112.9,112.95,112.65,112.65,4836.0,1693887300.0,2023-09-05 09:45:00+05:30
112.65,112.75,112.55,112.55,1952.0,1693887600.0,2023-09-05 09:50:00+05:30
112.55,112.55,112.1,112.2,5576.0,1693887900.0,2023-09-05 09:55:00+05:30
112.2,112.8,112.2,112.8,3324.0,1693888200.0,2023-09-05 10:00:00+05:30
112.8,112.8,112.45,112.45,1300.0,1693888500.0,2023-09-05 10:05:00+05:30
112.45,112.75,112.3,112.6,7040.0,1693888800.0,2023-09-05 10:10:00+05:30
112.6,112.75,112.05,112.05,8336.0,1693889100.0,2023-09-05 10:15:00+05:30
112.0,112.35,111.75,112.35,11436.0,1693889400.0,2023-09-05 10:20:00+05:30
112.35,112.45,112.0,112.2,2808.0,1693889700.0,2023-09-05 10:25:00+05:30
112.25,112.45,112.25,112.35,4316.0,1693890000.0,2023-09-05 10:30:00+05:30
112.35,112.4,111.6,111.75,11080.0,1693890300.0,2023-09-05 10:35:00+05:30
111.75,111.9,111.5,111.7,24716.0,1693890600.0,2023-09-05 10:40:00+05:30
111.7,111.75,111.35,111.6,20024.0,1693890900.0,2023-09-05 10:45:00+05:30
111.6,111.95,111.15,111.25,18936.0,1693891200.0,2023-09-05 10:50:00+05:30
111.25,111.4,110.9,111.15,6044.0,1693891500.0,2023-09-05 10:55:00+05:30
111.2,111.2,110.8,110.95,10100.0,1693891800.0,2023-09-05 11:00:00+05:30
110.95,111.0,110.4,110.45,27232.0,1693892100.0,2023-09-05 11:05:00+05:30
110.3,110.6,109.8,110.45,28276.0,1693892400.0,2023-09-05 11:10:00+05:30
110.45,110.5,110.05,110.25,12676.0,1693892700.0,2023-09-05 11:15:00+05:30
110.25,110.75,110.25,110.6,14908.0,1693893000.0,2023-09-05 11:20:00+05:30
110.55,110.8,110.25,110.5,7448.0,1693893300.0,2023-09-05 11:25:00+05:30
110.5,110.8,110.45,110.5,10420.0,1693893600.0,2023-09-05 11:30:00+05:30
110.5,111.0,110.5,110.75,9516.0,1693893900.0,2023-09-05 11:35:00+05:30
110.85,110.95,110.55,110.55,3044.0,1693894200.0,2023-09-05 11:40:00+05:30
110.55,111.0,110.55,110.75,5132.0,1693894500.0,2023-09-05 11:45:00+05:30
110.75,111.15,110.3,111.1,38556.0,1693894800.0,2023-09-05 11:50:00+05:30
111.1,111.1,110.4,110.7,13932.0,1693895100.0,2023-09-05 11:55:00+05:30
110.7,110.7,110.35,110.55,4648.0,1693895400.0,2023-09-05 12:00:00+05:30
110.55,110.65,110.0,110.55,51916.0,1693895700.0,2023-09-05 12:05:00+05:30
110.4,110.95,110.4,110.75,7888.0,1693896000.0,2023-09-05 12:10:00+05:30
110.75,111.0,110.35,110.55,25880.0,1693896300.0,2023-09-05 12:15:00+05:30
110.55,110.95,110.45,110.6,5296.0,1693896600.0,2023-09-05 12:20:00+05:30
110.8,111.2,110.6,110.8,6420.0,1693896900.0,2023-09-05 12:25:00+05:30
110.8,110.95,110.5,110.85,4116.0,1693897200.0,2023-09-05 12:30:00+05:30
110.85,111.1,110.4,110.4,5172.0,1693897500.0,2023-09-05 12:35:00+05:30
110.4,110.7,110.4,110.7,4164.0,1693897800.0,2023-09-05 12:40:00+05:30
110.55,111.2,110.5,111.2,19828.0,1693898100.0,2023-09-05 12:45:00+05:30
111.2,111.2,110.9,111.05,2404.0,1693898400.0,2023-09-05 12:50:00+05:30
111.05,111.6,110.9,111.2,30628.0,1693898700.0,2023-09-05 12:55:00+05:30
111.4,111.7,111.15,111.25,4092.0,1693899000.0,2023-09-05 13:00:00+05:30
111.25,111.65,111.25,111.65,776.0,1693899300.0,2023-09-05 13:05:00+05:30
111.65,111.7,111.25,111.7,4840.0,1693899600.0,2023-09-05 13:10:00+05:30
111.7,112.1,111.6,111.85,12108.0,1693899900.0,2023-09-05 13:15:00+05:30
111.85,111.85,111.5,111.7,3772.0,1693900200.0,2023-09-05 13:20:00+05:30
111.7,111.75,111.35,111.6,2596.0,1693900500.0,2023-09-05 13:25:00+05:30
111.75,111.85,111.5,111.85,7940.0,1693900800.0,2023-09-05 13:30:00+05:30
111.85,112.5,111.65,112.5,29144.0,1693901100.0,2023-09-05 13:35:00+05:30
112.5,112.75,112.05,112.5,27996.0,1693901400.0,2023-09-05 13:40:00+05:30
112.5,112.8,112.5,112.6,7132.0,1693901700.0,2023-09-05 13:45:00+05:30
112.6,112.85,112.55,112.7,2140.0,1693902000.0,2023-09-05 13:50:00+05:30
112.7,113.1,112.6,113.1,7964.0,1693902300.0,2023-09-05 13:55:00+05:30
113.1,113.3,112.7,113.3,16884.0,1693902600.0,2023-09-05 14:00:00+05:30
113.2,113.3,112.75,112.75,5892.0,1693902900.0,2023-09-05 14:05:00+05:30
112.75,113.0,112.5,112.95,7576.0,1693903200.0,2023-09-05 14:10:00+05:30
112.7,112.8,112.25,112.25,13256.0,1693903500.0,2023-09-05 14:15:00+05:30
112.25,112.9,112.25,112.8,1680.0,1693903800.0,2023-09-05 14:20:00+05:30
112.8,112.9,112.65,112.65,4632.0,1693904100.0,2023-09-05 14:25:00+05:30
112.65,112.65,112.1,112.2,2092.0,1693904400.0,2023-09-05 14:30:00+05:30
112.2,112.6,112.1,112.45,7936.0,1693904700.0,2023-09-05 14:35:00+05:30
112.5,112.5,111.75,112.05,4304.0,1693905000.0,2023-09-05 14:40:00+05:30
112.05,112.3,111.85,112.25,4272.0,1693905300.0,2023-09-05 14:45:00+05:30
112.25,112.3,111.85,112.2,9016.0,1693905600.0,2023-09-05 14:50:00+05:30
112.2,112.25,111.95,112.25,3236.0,1693905900.0,2023-09-05 14:55:00+05:30
112.25,112.5,112.05,112.4,29876.0,1693906200.0,2023-09-05 15:00:00+05:30
112.4,112.7,112.2,112.7,16368.0,1693906500.0,2023-09-05 15:05:00+05:30
112.7,112.7,112.15,112.3,24596.0,1693906800.0,2023-09-05 15:10:00+05:30
112.45,112.6,112.3,112.35,16380.0,1693907100.0,2023-09-05 15:15:00+05:30
112.35,112.35,111.7,111.7,12756.0,1693907400.0,2023-09-05 15:20:00+05:30
111.7,111.7,110.3,110.6,15200.0,1693907700.0,2023-09-05 15:25:00+05:30
114.2,114.2,111.25,111.25,22748.0,1693971900.0,2023-09-06 09:15:00+05:30
111.65,111.65,110.5,110.5,14572.0,1693972200.0,2023-09-06 09:20:00+05:30
110.7,110.75,110.15,110.45,16528.0,1693972500.0,2023-09-06 09:25:00+05:30
110.45,110.85,110.15,110.4,21584.0,1693972800.0,2023-09-06 09:30:00+05:30
110.4,110.65,110.4,110.45,5852.0,1693973100.0,2023-09-06 09:35:00+05:30
110.4,110.6,110.1,110.25,10816.0,1693973400.0,2023-09-06 09:40:00+05:30
110.4,110.55,110.2,110.5,7548.0,1693973700.0,2023-09-06 09:45:00+05:30
110.5,110.7,110.25,110.4,15748.0,1693974000.0,2023-09-06 09:50:00+05:30
110.4,110.5,109.8,109.8,20288.0,1693974300.0,2023-09-06 09:55:00+05:30
109.8,110.1,109.6,109.6,13916.0,1693974600.0,2023-09-06 10:00:00+05:30
109.7,110.0,109.6,109.75,9896.0,1693974900.0,2023-09-06 10:05:00+05:30
109.75,109.75,109.4,109.6,9664.0,1693975200.0,2023-09-06 10:10:00+05:30
109.6,109.75,109.25,109.5,21220.0,1693975500.0,2023-09-06 10:15:00+05:30
109.5,109.6,109.25,109.3,17444.0,1693975800.0,2023-09-06 10:20:00+05:30
109.3,109.7,109.1,109.7,5876.0,1693976100.0,2023-09-06 10:25:00+05:30
109.75,109.9,109.45,109.7,8492.0,1693976400.0,2023-09-06 10:30:00+05:30
109.7,109.85,109.5,109.8,3784.0,1693976700.0,2023-09-06 10:35:00+05:30
109.8,109.8,109.45,109.75,5088.0,1693977000.0,2023-09-06 10:40:00+05:30
109.75,109.75,109.2,109.5,20144.0,1693977300.0,2023-09-06 10:45:00+05:30
109.5,109.6,109.25,109.45,12012.0,1693977600.0,2023-09-06 10:50:00+05:30
109.45,109.7,109.0,109.6,13992.0,1693977900.0,2023-09-06 10:55:00+05:30
109.6,109.6,109.25,109.6,5420.0,1693978200.0,2023-09-06 11:00:00+05:30
109.6,109.6,109.3,109.45,5576.0,1693978500.0,2023-09-06 11:05:00+05:30
109.45,109.45,109.05,109.2,25180.0,1693978800.0,2023-09-06 11:10:00+05:30
109.2,109.25,109.05,109.15,4792.0,1693979100.0,2023-09-06 11:15:00+05:30
109.15,109.25,109.05,109.05,6616.0,1693979400.0,2023-09-06 11:20:00+05:30
109.25,109.5,108.9,109.45,29016.0,1693979700.0,2023-09-06 11:25:00+05:30
109.45,109.5,109.15,109.35,11292.0,1693980000.0,2023-09-06 11:30:00+05:30
109.35,109.35,108.8,109.1,12420.0,1693980300.0,2023-09-06 11:35:00+05:30
109.1,109.65,108.85,109.25,22996.0,1693980600.0,2023-09-06 11:40:00+05:30
109.25,109.3,108.8,109.0,8952.0,1693980900.0,2023-09-06 11:45:00+05:30
108.85,109.0,108.8,108.9,7968.0,1693981200.0,2023-09-06 11:50:00+05:30
108.8,109.25,108.8,109.15,12800.0,1693981500.0,2023-09-06 11:55:00+05:30
109.15,110.25,108.95,110.15,48420.0,1693981800.0,2023-09-06 12:00:00+05:30
110.15,110.5,110.0,110.0,36920.0,1693982100.0,2023-09-06 12:05:00+05:30
110.0,110.75,109.9,110.0,46200.0,1693982400.0,2023-09-06 12:10:00+05:30
110.0,110.35,109.65,110.0,25936.0,1693982700.0,2023-09-06 12:15:00+05:30
110.0,110.1,110.0,110.0,4372.0,1693983000.0,2023-09-06 12:20:00+05:30
110.05,110.3,109.85,110.0,24756.0,1693983300.0,2023-09-06 12:25:00+05:30
110.0,110.25,110.0,110.0,5836.0,1693983600.0,2023-09-06 12:30:00+05:30
110.0,110.25,110.0,110.0,3864.0,1693983900.0,2023-09-06 12:35:00+05:30
110.0,110.2,109.9,110.0,6344.0,1693984200.0,2023-09-06 12:40:00+05:30
110.0,110.15,109.75,110.0,6812.0,1693984500.0,2023-09-06 12:45:00+05:30
110.0,110.1,109.8,110.1,4760.0,1693984800.0,2023-09-06 12:50:00+05:30
110.1,110.35,110.0,110.35,8928.0,1693985100.0,2023-09-06 12:55:00+05:30
110.35,110.6,110.2,110.25,5716.0,1693985400.0,2023-09-06 13:00:00+05:30
110.25,110.25,110.0,110.0,53764.0,1693985700.0,2023-09-06 13:05:00+05:30
110.0,110.2,110.0,110.0,12572.0,1693986000.0,2023-09-06 13:10:00+05:30
110.0,110.2,109.5,110.0,162924.0,1693986300.0,2023-09-06 13:15:00+05:30
110.0,110.6,109.9,110.3,29160.0,1693986600.0,2023-09-06 13:20:00+05:30
110.2,110.2,110.0,110.0,11628.0,1693986900.0,2023-09-06 13:25:00+05:30
110.0,110.1,109.75,110.0,15388.0,1693987200.0,2023-09-06 13:30:00+05:30
110.0,110.1,109.9,110.0,4392.0,1693987500.0,2023-09-06 13:35:00+05:30
110.0,110.1,110.0,110.0,4704.0,1693987800.0,2023-09-06 13:40:00+05:30
110.0,110.2,110.0,110.2,2840.0,1693988100.0,2023-09-06 13:45:00+05:30
110.1,110.15,109.9,110.0,3712.0,1693988400.0,2023-09-06 13:50:00+05:30
110.0,110.15,110.0,110.15,1824.0,1693988700.0,2023-09-06 13:55:00+05:30
110.15,110.6,110.15,110.5,10100.0,1693989000.0,2023-09-06 14:00:00+05:30
110.5,110.5,110.0,110.05,3468.0,1693989300.0,2023-09-06 14:05:00+05:30
110.05,110.2,110.0,110.0,3128.0,1693989600.0,2023-09-06 14:10:00+05:30
110.0,110.25,110.0,110.0,3552.0,1693989900.0,2023-09-06 14:15:00+05:30
110.0,110.15,109.8,110.1,11668.0,1693990200.0,2023-09-06 14:20:00+05:30
110.1,110.2,108.75,110.0,218800.0,1693990500.0,2023-09-06 14:25:00+05:30
110.0,110.0,110.0,110.0,17240.0,1693990800.0,2023-09-06 14:30:00+05:30
110.0,110.1,109.95,110.05,16416.0,1693991100.0,2023-09-06 14:35:00+05:30
110.05,110.25,109.95,109.95,24888.0,1693991400.0,2023-09-06 14:40:00+05:30
110.0,110.2,109.9,110.2,21872.0,1693991700.0,2023-09-06 14:45:00+05:30
110.2,110.2,109.75,110.0,19988.0,1693992000.0,2023-09-06 14:50:00+05:30
110.0,110.1,110.0,110.1,7600.0,1693992300.0,2023-09-06 14:55:00+05:30
110.1,110.1,110.0,110.0,13880.0,1693992600.0,2023-09-06 15:00:00+05:30
110.0,110.05,110.0,110.05,13112.0,1693992900.0,2023-09-06 15:05:00+05:30
110.0,110.05,109.4,109.4,13540.0,1693993200.0,2023-09-06 15:10:00+05:30
109.5,109.5,108.3,108.4,38444.0,1693993500.0,2023-09-06 15:15:00+05:30
108.35,108.5,107.55,107.6,41028.0,1693993800.0,2023-09-06 15:20:00+05:30
107.6,108.0,107.5,108.0,23540.0,1693994100.0,2023-09-06 15:25:00+05:30
107.75,109.0,107.0,108.6,22048.0,1694058300.0,2023-09-07 09:15:00+05:30
108.4,108.75,108.1,108.35,12584.0,1694058600.0,2023-09-07 09:20:00+05:30
108.35,108.35,107.6,107.8,12508.0,1694058900.0,2023-09-07 09:25:00+05:30
107.8,107.95,106.85,107.05,36524.0,1694059200.0,2023-09-07 09:30:00+05:30
107.05,107.35,106.3,106.7,22460.0,1694059500.0,2023-09-07 09:35:00+05:30
106.75,106.8,105.6,106.0,38820.0,1694059800.0,2023-09-07 09:40:00+05:30
106.0,106.5,106.0,106.45,16208.0,1694060100.0,2023-09-07 09:45:00+05:30
106.5,106.6,106.25,106.45,8368.0,1694060400.0,2023-09-07 09:50:00+05:30
106.45,106.5,105.75,105.75,22416.0,1694060700.0,2023-09-07 09:55:00+05:30
105.75,106.0,105.25,105.25,39108.0,1694061000.0,2023-09-07 10:00:00+05:30
105.4,105.6,105.0,105.45,34752.0,1694061300.0,2023-09-07 10:05:00+05:30
105.5,105.55,105.1,105.1,12444.0,1694061600.0,2023-09-07 10:10:00+05:30
105.15,105.3,104.55,104.55,57552.0,1694061900.0,2023-09-07 10:15:00+05:30
104.6,105.1,103.9,104.3,28640.0,1694062200.0,2023-09-07 10:20:00+05:30
104.3,104.6,102.8,104.4,143600.0,1694062500.0,2023-09-07 10:25:00+05:30
104.4,104.9,104.4,104.75,20548.0,1694062800.0,2023-09-07 10:30:00+05:30
104.85,104.9,104.65,104.75,13880.0,1694063100.0,2023-09-07 10:35:00+05:30
104.75,106.0,104.75,105.4,58108.0,1694063400.0,2023-09-07 10:40:00+05:30
105.0,105.4,105.0,105.4,17036.0,1694063700.0,2023-09-07 10:45:00+05:30
105.4,105.5,104.95,105.2,6136.0,1694064000.0,2023-09-07 10:50:00+05:30
105.2,105.2,104.7,104.7,16652.0,1694064300.0,2023-09-07 10:55:00+05:30
104.7,104.9,104.5,104.7,12404.0,1694064600.0,2023-09-07 11:00:00+05:30
104.7,104.75,104.4,104.4,8988.0,1694064900.0,2023-09-07 11:05:00+05:30
104.4,104.45,104.3,104.3,3564.0,1694065200.0,2023-09-07 11:10:00+05:30
104.3,104.75,104.1,104.2,18632.0,1694065500.0,2023-09-07 11:15:00+05:30
104.2,104.4,103.9,104.25,16672.0,1694065800.0,2023-09-07 11:20:00+05:30
104.25,105.15,104.25,104.55,67884.0,1694066100.0,2023-09-07 11:25:00+05:30
104.55,105.05,104.5,104.75,44164.0,1694066400.0,2023-09-07 11:30:00+05:30
104.55,105.1,104.5,104.55,17304.0,1694066700.0,2023-09-07 11:35:00+05:30
104.8,104.8,104.55,104.7,8560.0,1694067000.0,2023-09-07 11:40:00+05:30
104.7,104.9,104.55,104.8,4612.0,1694067300.0,2023-09-07 11:45:00+05:30
104.8,105.2,104.55,105.2,21392.0,1694067600.0,2023-09-07 11:50:00+05:30
105.25,105.4,105.1,105.2,35336.0,1694067900.0,2023-09-07 11:55:00+05:30
105.2,105.2,104.8,104.8,11044.0,1694068200.0,2023-09-07 12:00:00+05:30
104.8,105.05,104.7,104.7,9112.0,1694068500.0,2023-09-07 12:05:00+05:30
104.7,104.95,104.6,104.7,12868.0,1694068800.0,2023-09-07 12:10:00+05:30
104.7,104.95,104.6,104.8,10992.0,1694069100.0,2023-09-07 12:15:00+05:30
104.8,105.25,104.8,105.2,17768.0,1694069400.0,2023-09-07 12:20:00+05:30
105.2,105.25,105.0,105.25,15452.0,1694069700.0,2023-09-07 12:25:00+05:30
105.4,105.5,105.2,105.25,32716.0,1694070000.0,2023-09-07 12:30:00+05:30
105.25,105.25,105.2,105.25,18836.0,1694070300.0,2023-09-07 12:35:00+05:30
105.25,105.25,105.2,105.2,15984.0,1694070600.0,2023-09-07 12:40:00+05:30
105.2,105.25,105.15,105.25,6552.0,1694070900.0,2023-09-07 12:45:00+05:30
105.25,105.25,105.15,105.25,2952.0,1694071200.0,2023-09-07 12:50:00+05:30
105.25,105.25,105.1,105.2,6916.0,1694071500.0,2023-09-07 12:55:00+05:30
105.2,105.45,105.1,105.2,25236.0,1694071800.0,2023-09-07 13:00:00+05:30
105.0,105.25,104.9,104.95,46868.0,1694072100.0,2023-09-07 13:05:00+05:30
104.95,105.0,104.8,104.85,19868.0,1694072400.0,2023-09-07 13:10:00+05:30
104.85,105.1,104.8,105.1,23856.0,1694072700.0,2023-09-07 13:15:00+05:30
105.1,105.1,104.6,104.85,26348.0,1694073000.0,2023-09-07 13:20:00+05:30
104.95,104.95,104.55,104.7,6228.0,1694073300.0,2023-09-07 13:25:00+05:30
104.7,104.7,104.5,104.7,9208.0,1694073600.0,2023-09-07 13:30:00+05:30
104.7,104.7,104.5,104.65,5560.0,1694073900.0,2023-09-07 13:35:00+05:30
104.7,104.95,104.55,104.95,4336.0,1694074200.0,2023-09-07 13:40:00+05:30
104.95,104.95,104.55,104.7,4320.0,1694074500.0,2023-09-07 13:45:00+05:30
104.7,104.9,104.7,104.9,6548.0,1694074800.0,2023-09-07 13:50:00+05:30
104.9,104.95,104.75,104.75,2592.0,1694075100.0,2023-09-07 13:55:00+05:30
104.75,105.0,104.65,105.0,30068.0,1694075400.0,2023-09-07 14:00:00+05:30
105.0,105.05,104.7,104.7,131148.0,1694075700.0,2023-09-07 14:05:00+05:30
104.7,104.85,104.6,104.75,17252.0,1694076000.0,2023-09-07 14:10:00+05:30
104.8,104.85,104.75,104.75,30552.0,1694076300.0,2023-09-07 14:15:00+05:30
104.85,104.95,104.7,104.75,14344.0,1694076600.0,2023-09-07 14:20:00+05:30
104.75,105.1,104.75,105.0,55800.0,1694076900.0,2023-09-07 14:25:00+05:30
105.0,105.1,105.0,105.0,6612.0,1694077200.0,2023-09-07 14:30:00+05:30
105.0,105.2,104.95,105.2,34936.0,1694077500.0,2023-09-07 14:35:00+05:30
105.2,105.25,105.05,105.1,10404.0,1694077800.0,2023-09-07 14:40:00+05:30
105.1,105.25,105.0,105.15,28096.0,1694078100.0,2023-09-07 14:45:00+05:30
105.15,105.25,105.0,105.0,19352.0,1694078400.0,2023-09-07 14:50:00+05:30
105.0,105.5,105.0,105.45,80168.0,1694078700.0,2023-09-07 14:55:00+05:30
105.5,105.5,105.0,105.0,90904.0,1694079000.0,2023-09-07 15:00:00+05:30
105.0,105.1,104.9,105.05,31196.0,1694079300.0,2023-09-07 15:05:00+05:30
105.05,105.3,105.0,105.15,20468.0,1694079600.0,2023-09-07 15:10:00+05:30
105.2,105.2,105.0,105.05,9400.0,1694079900.0,2023-09-07 15:15:00+05:30
105.05,105.15,104.95,105.0,28836.0,1694080200.0,2023-09-07 15:20:00+05:30
105.0,105.0,104.8,104.8,23024.0,1694080500.0,2023-09-07 15:25:00+05:30
106.25,106.85,104.2,105.95,43384.0,1694144700.0,2023-09-08 09:15:00+05:30
106.05,106.05,104.95,105.5,32876.0,1694145000.0,2023-09-08 09:20:00+05:30
105.5,106.55,105.5,106.5,40572.0,1694145300.0,2023-09-08 09:25:00+05:30
106.5,107.0,106.3,106.8,49724.0,1694145600.0,2023-09-08 09:30:00+05:30
106.8,107.0,106.5,106.85,18260.0,1694145900.0,2023-09-08 09:35:00+05:30
106.95,107.2,106.6,106.85,14704.0,1694146200.0,2023-09-08 09:40:00+05:30
106.95,109.3,106.85,108.55,117152.0,1694146500.0,2023-09-08 09:45:00+05:30
108.55,111.0,108.2,110.5,154384.0,1694146800.0,2023-09-08 09:50:00+05:30
110.5,113.8,110.5,112.3,195760.0,1694147100.0,2023-09-08 09:55:00+05:30
112.3,115.45,112.2,115.1,241976.0,1694147400.0,2023-09-08 10:00:00+05:30
115.05,115.05,112.6,112.75,80540.0,1694147700.0,2023-09-08 10:05:00+05:30
112.65,113.1,111.7,111.75,70944.0,1694148000.0,2023-09-08 10:10:00+05:30
111.75,112.15,111.25,111.7,49144.0,1694148300.0,2023-09-08 10:15:00+05:30
111.7,112.45,111.3,112.45,33080.0,1694148600.0,2023-09-08 10:20:00+05:30
112.5,113.0,112.2,112.7,32072.0,1694148900.0,2023-09-08 10:25:00+05:30
112.7,113.7,112.7,113.5,79332.0,1694149200.0,2023-09-08 10:30:00+05:30
113.35,113.35,112.3,112.3,12040.0,1694149500.0,2023-09-08 10:35:00+05:30
112.3,113.0,112.1,112.65,13040.0,1694149800.0,2023-09-08 10:40:00+05:30
112.65,113.25,112.3,113.0,22960.0,1694150100.0,2023-09-08 10:45:00+05:30
113.0,113.0,112.55,112.6,4108.0,1694150400.0,2023-09-08 10:50:00+05:30
112.6,112.9,112.55,112.85,2600.0,1694150700.0,2023-09-08 10:55:00+05:30
112.85,112.9,112.3,112.45,11512.0,1694151000.0,2023-09-08 11:00:00+05:30
112.45,112.75,112.3,112.5,9164.0,1694151300.0,2023-09-08 11:05:00+05:30
112.5,113.2,112.3,112.95,10920.0,1694151600.0,2023-09-08 11:10:00+05:30
112.95,113.0,112.3,112.3,5348.0,1694151900.0,2023-09-08 11:15:00+05:30
112.3,112.55,112.3,112.35,2676.0,1694152200.0,2023-09-08 11:20:00+05:30
112.3,113.2,112.25,112.8,27564.0,1694152500.0,2023-09-08 11:25:00+05:30
112.8,112.9,112.55,112.85,3644.0,1694152800.0,2023-09-08 11:30:00+05:30
113.0,113.75,113.0,113.6,32052.0,1694153100.0,2023-09-08 11:35:00+05:30
113.6,114.1,113.4,114.0,47152.0,1694153400.0,2023-09-08 11:40:00+05:30
114.0,114.0,112.75,112.85,17000.0,1694153700.0,2023-09-08 11:45:00+05:30
112.85,112.95,112.45,112.65,9696.0,1694154000.0,2023-09-08 11:50:00+05:30
112.65,112.8,112.2,112.8,12116.0,1694154300.0,2023-09-08 11:55:00+05:30
112.6,112.7,112.25,112.4,6172.0,1694154600.0,2023-09-08 12:00:00+05:30
112.4,112.6,112.3,112.35,3720.0,1694154900.0,2023-09-08 12:05:00+05:30
112.35,112.4,112.1,112.4,3092.0,1694155200.0,2023-09-08 12:10:00+05:30
112.4,112.45,112.05,112.1,5168.0,1694155500.0,2023-09-08 12:15:00+05:30
112.1,112.4,112.1,112.3,1564.0,1694155800.0,2023-09-08 12:20:00+05:30
112.3,112.85,112.15,112.85,7068.0,1694156100.0,2023-09-08 12:25:00+05:30
112.85,112.85,112.5,112.5,3916.0,1694156400.0,2023-09-08 12:30:00+05:30
112.5,112.5,112.05,112.1,6784.0,1694156700.0,2023-09-08 12:35:00+05:30
112.1,112.45,112.05,112.45,6272.0,1694157000.0,2023-09-08 12:40:00+05:30
112.45,112.45,112.15,112.2,5548.0,1694157300.0,2023-09-08 12:45:00+05:30
112.3,112.35,112.05,112.35,4004.0,1694157600.0,2023-09-08 12:50:00+05:30
112.35,112.35,111.75,111.75,4400.0,1694157900.0,2023-09-08 12:55:00+05:30
111.75,112.0,111.75,111.9,1588.0,1694158200.0,2023-09-08 13:00:00+05:30
112.05,112.1,111.7,111.8,11300.0,1694158500.0,2023-09-08 13:05:00+05:30
111.8,112.15,111.6,111.6,6112.0,1694158800.0,2023-09-08 13:10:00+05:30
111.6,111.7,111.5,111.55,1924.0,1694159100.0,2023-09-08 13:15:00+05:30
111.55,111.7,111.45,111.45,3448.0,1694159400.0,2023-09-08 13:20:00+05:30
111.45,111.6,111.4,111.5,4256.0,1694159700.0,2023-09-08 13:25:00+05:30
111.5,111.7,111.35,111.35,2828.0,1694160000.0,2023-09-08 13:30:00+05:30
111.35,111.45,111.25,111.3,2792.0,1694160300.0,2023-09-08 13:35:00+05:30
111.25,111.5,111.1,111.1,13448.0,1694160600.0,2023-09-08 13:40:00+05:30
111.1,111.1,110.85,110.85,3404.0,1694160900.0,2023-09-08 13:45:00+05:30
110.85,111.25,110.85,111.0,3144.0,1694161200.0,2023-09-08 13:50:00+05:30
111.0,111.45,111.0,111.4,2220.0,1694161500.0,2023-09-08 13:55:00+05:30
111.4,111.45,111.25,111.45,3732.0,1694161800.0,2023-09-08 14:00:00+05:30
111.45,111.45,111.25,111.3,2028.0,1694162100.0,2023-09-08 14:05:00+05:30
111.3,111.45,111.1,111.35,2328.0,1694162400.0,2023-09-08 14:10:00+05:30
111.35,111.5,111.15,111.2,4340.0,1694162700.0,2023-09-08 14:15:00+05:30
111.2,111.45,110.8,111.0,10200.0,1694163000.0,2023-09-08 14:20:00+05:30
110.8,111.2,110.8,111.2,3584.0,1694163300.0,2023-09-08 14:25:00+05:30
111.2,111.2,110.8,111.2,5964.0,1694163600.0,2023-09-08 14:30:00+05:30
111.2,111.4,111.1,111.3,5988.0,1694163900.0,2023-09-08 14:35:00+05:30
111.3,111.75,111.3,111.75,7484.0,1694164200.0,2023-09-08 14:40:00+05:30
111.7,111.7,111.3,111.3,7956.0,1694164500.0,2023-09-08 14:45:00+05:30
111.3,111.5,111.2,111.3,5104.0,1694164800.0,2023-09-08 14:50:00+05:30
111.3,111.7,111.3,111.3,4092.0,1694165100.0,2023-09-08 14:55:00+05:30
111.6,111.8,111.2,111.4,113448.0,1694165400.0,2023-09-08 15:00:00+05:30
111.2,111.2,110.75,111.2,12716.0,1694165700.0,2023-09-08 15:05:00+05:30
113.0,113.0,111.6,112.05,75516.0,1694166000.0,2023-09-08 15:10:00+05:30
112.05,112.4,111.75,112.2,16564.0,1694166300.0,2023-09-08 15:15:00+05:30
112.3,113.0,111.6,111.6,53424.0,1694166600.0,2023-09-08 15:20:00+05:30
111.6,111.9,111.25,111.65,37872.0,1694166900.0,2023-09-08 15:25:00+05:30
112.5,113.7,111.8,112.7,28616.0,1694403900.0,2023-09-11 09:15:00+05:30
112.8,113.2,112.2,112.2,16028.0,1694404200.0,2023-09-11 09:20:00+05:30
112.2,112.35,111.6,111.6,5792.0,1694404500.0,2023-09-11 09:25:00+05:30
111.6,112.05,111.4,112.05,9908.0,1694404800.0,2023-09-11 09:30:00+05:30
112.05,112.45,111.6,111.65,23804.0,1694405100.0,2023-09-11 09:35:00+05:30
111.65,111.9,111.05,111.25,22244.0,1694405400.0,2023-09-11 09:40:00+05:30
111.3,111.3,110.15,110.15,29964.0,1694405700.0,2023-09-11 09:45:00+05:30
110.15,110.5,110.1,110.1,17608.0,1694406000.0,2023-09-11 09:50:00+05:30
109.75,110.0,109.25,110.0,52924.0,1694406300.0,2023-09-11 09:55:00+05:30
110.5,110.5,109.5,109.7,8260.0,1694406600.0,2023-09-11 10:00:00+05:30
109.5,110.05,109.25,109.4,12680.0,1694406900.0,2023-09-11 10:05:00+05:30
109.4,109.75,109.25,109.5,2180.0,1694407200.0,2023-09-11 10:10:00+05:30
109.5,110.25,109.35,109.75,13600.0,1694407500.0,2023-09-11 10:15:00+05:30
109.75,109.95,109.55,109.75,5212.0,1694407800.0,2023-09-11 10:20:00+05:30
109.75,110.0,109.65,109.7,4916.0,1694408100.0,2023-09-11 10:25:00+05:30
109.75,109.8,109.4,109.4,6012.0,1694408400.0,2023-09-11 10:30:00+05:30
109.35,109.6,109.2,109.55,8016.0,1694408700.0,2023-09-11 10:35:00+05:30
109.4,109.4,109.2,109.35,1728.0,1694409000.0,2023-09-11 10:40:00+05:30
109.35,109.55,109.3,109.35,3948.0,1694409300.0,2023-09-11 10:45:00+05:30
109.35,109.6,109.1,109.25,7724.0,1694409600.0,2023-09-11 10:50:00+05:30
109.25,109.5,109.25,109.4,7664.0,1694409900.0,2023-09-11 10:55:00+05:30
109.4,109.45,109.1,109.1,9520.0,1694410200.0,2023-09-11 11:00:00+05:30
109.1,109.5,108.95,109.5,7388.0,1694410500.0,2023-09-11 11:05:00+05:30
109.5,109.85,109.4,109.7,13848.0,1694410800.0,2023-09-11 11:10:00+05:30
109.7,110.45,109.55,110.15,42576.0,1694411100.0,2023-09-11 11:15:00+05:30
110.15,110.2,109.75,110.05,11628.0,1694411400.0,2023-09-11 11:20:00+05:30
110.05,110.1,109.95,110.05,3364.0,1694411700.0,2023-09-11 11:25:00+05:30
110.05,110.2,109.3,109.45,24464.0,1694412000.0,2023-09-11 11:30:00+05:30
109.45,109.45,109.0,109.1,5208.0,1694412300.0,2023-09-11 11:35:00+05:30
109.1,109.25,109.05,109.2,5912.0,1694412600.0,2023-09-11 11:40:00+05:30
109.2,109.35,109.0,109.35,4436.0,1694412900.0,2023-09-11 11:45:00+05:30
109.35,109.45,109.15,109.2,3196.0,1694413200.0,2023-09-11 11:50:00+05:30
109.2,109.4,108.95,109.05,7132.0,1694413500.0,2023-09-11 11:55:00+05:30
109.05,109.2,109.0,109.1,4476.0,1694413800.0,2023-09-11 12:00:00+05:30
109.1,109.15,108.7,108.85,18128.0,1694414100.0,2023-09-11 12:05:00+05:30
108.8,109.0,108.8,108.9,3472.0,1694414400.0,2023-09-11 12:10:00+05:30
108.9,109.0,108.85,108.85,940.0,1694414700.0,2023-09-11 12:15:00+05:30
108.85,109.15,108.85,109.0,1560.0,1694415000.0,2023-09-11 12:20:00+05:30
109.0,109.1,109.0,109.05,2284.0,1694415300.0,2023-09-11 12:25:00+05:30
109.05,109.4,109.05,109.4,1028.0,1694415600.0,2023-09-11 12:30:00+05:30
109.4,109.45,109.25,109.3,2480.0,1694415900.0,2023-09-11 12:35:00+05:30
109.3,109.5,109.3,109.5,6772.0,1694416200.0,2023-09-11 12:40:00+05:30
109.5,109.5,109.35,109.35,4304.0,1694416500.0,2023-09-11 12:45:00+05:30
109.35,109.5,109.35,109.4,4208.0,1694416800.0,2023-09-11 12:50:00+05:30
109.4,109.55,109.3,109.45,5648.0,1694417100.0,2023-09-11 12:55:00+05:30
109.45,109.5,109.3,109.5,2900.0,1694417400.0,2023-09-11 13:00:00+05:30
109.35,109.65,109.35,109.6,8200.0,1694417700.0,2023-09-11 13:05:00+05:30
109.6,109.65,109.3,109.4,2600.0,1694418000.0,2023-09-11 13:10:00+05:30
109.4,109.6,109.4,109.5,6152.0,1694418300.0,2023-09-11 13:15:00+05:30
109.5,109.5,109.2,109.25,4008.0,1694418600.0,2023-09-11 13:20:00+05:30
109.4,109.8,109.3,109.8,12888.0,1694418900.0,2023-09-11 13:25:00+05:30
109.8,109.8,109.5,109.55,2472.0,1694419200.0,2023-09-11 13:30:00+05:30
109.55,109.7,109.45,109.5,2088.0,1694419500.0,2023-09-11 13:35:00+05:30
109.5,109.85,109.5,109.6,3600.0,1694419800.0,2023-09-11 13:40:00+05:30
109.7,109.8,109.5,109.75,3208.0,1694420100.0,2023-09-11 13:45:00+05:30
109.75,109.8,109.75,109.8,2204.0,1694420400.0,2023-09-11 13:50:00+05:30
109.8,109.8,109.55,109.7,1772.0,1694420700.0,2023-09-11 13:55:00+05:30
109.7,109.8,109.6,109.75,1652.0,1694421000.0,2023-09-11 14:00:00+05:30
109.75,109.75,109.45,109.5,1408.0,1694421300.0,2023-09-11 14:05:00+05:30
109.5,109.7,109.25,109.7,2988.0,1694421600.0,2023-09-11 14:10:00+05:30
109.7,109.7,109.5,109.65,424.0,1694421900.0,2023-09-11 14:15:00+05:30
109.65,109.9,109.65,109.85,7260.0,1694422200.0,2023-09-11 14:20:00+05:30
109.85,109.9,109.45,109.8,6908.0,1694422500.0,2023-09-11 14:25:00+05:30
109.8,109.8,109.55,109.75,1684.0,1694422800.0,2023-09-11 14:30:00+05:30
109.75,109.75,109.5,109.5,2456.0,1694423100.0,2023-09-11 14:35:00+05:30
109.6,109.6,109.1,109.1,6464.0,1694423400.0,2023-09-11 14:40:00+05:30
109.2,109.2,108.95,109.05,17624.0,1694423700.0,2023-09-11 14:45:00+05:30
108.9,108.95,108.45,108.95,13896.0,1694424000.0,2023-09-11 14:50:00+05:30
108.95,109.0,108.7,108.8,4176.0,1694424300.0,2023-09-11 14:55:00+05:30
108.75,108.8,108.3,108.6,18192.0,1694424600.0,2023-09-11 15:00:00+05:30
108.8,108.8,108.6,108.6,33684.0,1694424900.0,2023-09-11 15:05:00+05:30
108.6,108.6,107.9,107.9,22976.0,1694425200.0,2023-09-11 15:10:00+05:30
107.9,107.9,106.95,107.75,49468.0,1694425500.0,2023-09-11 15:15:00+05:30
107.75,108.75,107.75,108.75,72824.0,1694425800.0,2023-09-11 15:20:00+05:30
108.75,109.2,108.75,109.2,80700.0,1694426100.0,2023-09-11 15:25:00+05:30
108.15,109.75,108.15,109.3,36120.0,1694490300.0,2023-09-12 09:15:00+05:30
109.05,109.25,108.45,108.55,12684.0,1694490600.0,2023-09-12 09:20:00+05:30
108.55,108.75,107.3,107.4,24752.0,1694490900.0,2023-09-12 09:25:00+05:30
107.5,107.6,106.4,106.65,54520.0,1694491200.0,2023-09-12 09:30:00+05:30
106.6,107.1,106.4,106.75,47888.0,1694491500.0,2023-09-12 09:35:00+05:30
106.9,106.95,106.75,106.95,43960.0,1694491800.0,2023-09-12 09:40:00+05:30
107.0,107.15,106.7,106.7,34140.0,1694492100.0,2023-09-12 09:45:00+05:30
106.5,106.8,106.3,106.45,29632.0,1694492400.0,2023-09-12 09:50:00+05:30
106.45,106.7,106.3,106.5,26316.0,1694492700.0,2023-09-12 09:55:00+05:30
106.5,106.95,106.5,106.9,17480.0,1694493000.0,2023-09-12 10:00:00+05:30
106.9,107.6,106.85,107.6,10220.0,1694493300.0,2023-09-12 10:05:00+05:30
107.7,107.9,107.45,107.5,11656.0,1694493600.0,2023-09-12 10:10:00+05:30
107.55,107.65,107.3,107.35,22292.0,1694493900.0,2023-09-12 10:15:00+05:30
107.35,107.5,107.15,107.25,12316.0,1694494200.0,2023-09-12 10:20:00+05:30
107.3,107.4,107.0,107.0,29924.0,1694494500.0,2023-09-12 10:25:00+05:30
107.0,107.2,106.95,107.15,9072.0,1694494800.0,2023-09-12 10:30:00+05:30
107.15,107.35,107.0,107.2,3760.0,1694495100.0,2023-09-12 10:35:00+05:30
107.2,107.65,107.15,107.65,8040.0,1694495400.0,2023-09-12 10:40:00+05:30
107.65,107.75,107.5,107.75,6400.0,1694495700.0,2023-09-12 10:45:00+05:30
107.75,107.85,107.6,107.8,4584.0,1694496000.0,2023-09-12 10:50:00+05:30
107.9,107.9,107.6,107.8,6420.0,1694496300.0,2023-09-12 10:55:00+05:30
107.8,107.95,107.6,107.6,7704.0,1694496600.0,2023-09-12 11:00:00+05:30
107.6,107.9,107.55,107.75,4464.0,1694496900.0,2023-09-12 11:05:00+05:30
107.7,108.0,107.7,108.0,2828.0,1694497200.0,2023-09-12 11:10:00+05:30
108.0,108.1,107.25,107.25,19736.0,1694497500.0,2023-09-12 11:15:00+05:30
107.25,107.45,106.8,106.95,12348.0,1694497800.0,2023-09-12 11:20:00+05:30
106.95,106.95,106.5,106.65,8460.0,1694498100.0,2023-09-12 11:25:00+05:30
106.65,106.65,106.4,106.45,4080.0,1694498400.0,2023-09-12 11:30:00+05:30
106.45,106.5,106.3,106.45,6744.0,1694498700.0,2023-09-12 11:35:00+05:30
106.45,106.75,106.3,106.7,31244.0,1694499000.0,2023-09-12 11:40:00+05:30
106.7,106.9,106.5,106.9,3760.0,1694499300.0,2023-09-12 11:45:00+05:30
106.9,107.15,106.75,107.0,7032.0,1694499600.0,2023-09-12 11:50:00+05:30
107.0,107.2,106.7,106.7,38404.0,1694499900.0,2023-09-12 11:55:00+05:30
106.75,106.75,105.8,106.0,24488.0,1694500200.0,2023-09-12 12:00:00+05:30
105.9,106.25,105.35,105.45,15724.0,1694500500.0,2023-09-12 12:05:00+05:30
105.45,105.7,105.1,105.45,12092.0,1694500800.0,2023-09-12 12:10:00+05:30
105.45,106.0,105.45,105.95,94580.0,1694501100.0,2023-09-12 12:15:00+05:30
105.95,106.0,105.75,105.75,24340.0,1694501400.0,2023-09-12 12:20:00+05:30
105.75,107.1,105.75,105.9,61096.0,1694501700.0,2023-09-12 12:25:00+05:30
105.75,105.95,105.75,105.95,13712.0,1694502000.0,2023-09-12 12:30:00+05:30
105.75,106.1,105.75,106.0,5776.0,1694502300.0,2023-09-12 12:35:00+05:30
106.0,106.15,105.95,105.95,2960.0,1694502600.0,2023-09-12 12:40:00+05:30
105.95,106.2,105.85,106.1,7016.0,1694502900.0,2023-09-12 12:45:00+05:30
106.1,106.2,105.8,106.0,1956.0,1694503200.0,2023-09-12 12:50:00+05:30
106.0,106.5,105.75,106.5,14140.0,1694503500.0,2023-09-12 12:55:00+05:30
106.5,106.5,106.05,106.05,5828.0,1694503800.0,2023-09-12 13:00:00+05:30
106.05,106.45,106.0,106.45,2280.0,1694504100.0,2023-09-12 13:05:00+05:30
106.45,106.45,106.05,106.3,2708.0,1694504400.0,2023-09-12 13:10:00+05:30
106.3,106.4,106.05,106.1,2256.0,1694504700.0,2023-09-12 13:15:00+05:30
106.3,106.35,106.1,106.3,1300.0,1694505000.0,2023-09-12 13:20:00+05:30
106.1,106.4,106.1,106.15,1488.0,1694505300.0,2023-09-12 13:25:00+05:30
106.15,106.15,105.25,105.8,15248.0,1694505600.0,2023-09-12 13:30:00+05:30
105.8,105.9,105.7,105.9,21056.0,1694505900.0,2023-09-12 13:35:00+05:30
105.9,106.0,105.75,106.0,4064.0,1694506200.0,2023-09-12 13:40:00+05:30
106.0,106.45,106.0,106.35,1848.0,1694506500.0,2023-09-12 13:45:00+05:30
106.35,106.35,105.75,105.75,8220.0,1694506800.0,2023-09-12 13:50:00+05:30
105.75,105.95,105.75,105.85,3352.0,1694507100.0,2023-09-12 13:55:00+05:30
105.9,106.1,105.85,105.9,7292.0,1694507400.0,2023-09-12 14:00:00+05:30
105.9,106.1,105.75,105.9,5224.0,1694507700.0,2023-09-12 14:05:00+05:30
105.9,106.0,105.75,105.95,8228.0,1694508000.0,2023-09-12 14:10:00+05:30
105.95,106.15,105.85,106.05,3832.0,1694508300.0,2023-09-12 14:15:00+05:30
106.05,106.1,105.9,106.1,5672.0,1694508600.0,2023-09-12 14:20:00+05:30
106.1,106.25,106.05,106.1,1344.0,1694508900.0,2023-09-12 14:25:00+05:30
106.1,106.75,106.1,106.65,5860.0,1694509200.0,2023-09-12 14:30:00+05:30
106.65,107.0,106.3,106.5,7504.0,1694509500.0,2023-09-12 14:35:00+05:30
106.5,106.7,106.5,106.65,2036.0,1694509800.0,2023-09-12 14:40:00+05:30
106.65,106.8,106.5,106.75,10020.0,1694510100.0,2023-09-12 14:45:00+05:30
106.5,106.8,106.35,106.55,5200.0,1694510400.0,2023-09-12 14:50:00+05:30
106.55,106.7,106.3,106.65,5552.0,1694510700.0,2023-09-12 14:55:00+05:30
106.65,107.1,106.55,107.05,15044.0,1694511000.0,2023-09-12 15:00:00+05:30
107.05,107.05,106.5,106.75,11828.0,1694511300.0,2023-09-12 15:05:00+05:30
106.75,107.0,106.55,106.75,8724.0,1694511600.0,2023-09-12 15:10:00+05:30
106.75,106.9,106.25,106.85,35528.0,1694511900.0,2023-09-12 15:15:00+05:30
106.85,107.0,106.3,106.95,32092.0,1694512200.0,2023-09-12 15:20:00+05:30
106.95,107.75,106.1,107.45,37120.0,1694512500.0,2023-09-12 15:25:00+05:30
106.25,107.45,105.3,106.05,7880.0,1694576700.0,2023-09-13 09:15:00+05:30
106.05,107.5,106.05,107.15,28444.0,1694577000.0,2023-09-13 09:20:00+05:30
106.8,108.05,106.8,108.05,13380.0,1694577300.0,2023-09-13 09:25:00+05:30
108.05,108.25,107.7,108.15,18988.0,1694577600.0,2023-09-13 09:30:00+05:30
108.15,108.2,107.6,107.6,21876.0,1694577900.0,2023-09-13 09:35:00+05:30
107.8,107.85,105.55,106.05,30864.0,1694578200.0,2023-09-13 09:40:00+05:30
106.05,106.9,105.8,106.3,16152.0,1694578500.0,2023-09-13 09:45:00+05:30
106.25,106.25,105.3,105.6,20800.0,1694578800.0,2023-09-13 09:50:00+05:30
105.6,105.75,105.25,105.45,15400.0,1694579100.0,2023-09-13 09:55:00+05:30
105.45,106.0,105.25,105.85,7428.0,1694579400.0,2023-09-13 10:00:00+05:30
105.85,106.0,105.45,105.45,4216.0,1694579700.0,2023-09-13 10:05:00+05:30
105.45,105.8,105.45,105.5,3084.0,1694580000.0,2023-09-13 10:10:00+05:30
105.5,105.5,104.9,105.15,11412.0,1694580300.0,2023-09-13 10:15:00+05:30
105.15,105.15,104.45,104.45,13632.0,1694580600.0,2023-09-13 10:20:00+05:30
104.45,104.65,103.95,104.1,17648.0,1694580900.0,2023-09-13 10:25:00+05:30
104.1,104.4,104.1,104.4,3344.0,1694581200.0,2023-09-13 10:30:00+05:30
104.4,104.7,104.3,104.5,10736.0,1694581500.0,2023-09-13 10:35:00+05:30
104.5,104.7,104.4,104.4,3368.0,1694581800.0,2023-09-13 10:40:00+05:30
104.4,104.6,104.4,104.6,4028.0,1694582100.0,2023-09-13 10:45:00+05:30
104.6,105.05,104.55,105.0,7008.0,1694582400.0,2023-09-13 10:50:00+05:30
105.0,105.25,104.8,105.0,5764.0,1694582700.0,2023-09-13 10:55:00+05:30
105.0,105.5,105.0,105.05,17168.0,1694583000.0,2023-09-13 11:00:00+05:30
105.05,105.2,105.0,105.2,1992.0,1694583300.0,2023-09-13 11:05:00+05:30
105.2,105.55,105.15,105.4,2300.0,1694583600.0,2023-09-13 11:10:00+05:30
105.4,105.8,105.25,105.8,2256.0,1694583900.0,2023-09-13 11:15:00+05:30
105.75,105.9,105.6,105.8,2992.0,1694584200.0,2023-09-13 11:20:00+05:30
105.8,105.95,105.75,105.9,1384.0,1694584500.0,2023-09-13 11:25:00+05:30
105.9,105.9,105.75,105.9,1048.0,1694584800.0,2023-09-13 11:30:00+05:30
105.9,105.9,105.75,105.9,6784.0,1694585100.0,2023-09-13 11:35:00+05:30
105.9,106.1,105.9,105.95,6612.0,1694585400.0,2023-09-13 11:40:00+05:30
105.95,106.2,105.95,105.95,51788.0,1694585700.0,2023-09-13 11:45:00+05:30
105.95,105.95,105.0,105.1,10952.0,1694586000.0,2023-09-13 11:50:00+05:30
105.3,105.5,105.2,105.4,6244.0,1694586300.0,2023-09-13 11:55:00+05:30
105.4,105.4,105.05,105.15,1944.0,1694586600.0,2023-09-13 12:00:00+05:30
105.15,106.0,105.15,105.8,1284.0,1694586900.0,2023-09-13 12:05:00+05:30
105.8,106.25,105.8,106.2,924.0,1694587200.0,2023-09-13 12:10:00+05:30
106.2,106.35,106.0,106.3,3004.0,1694587500.0,2023-09-13 12:15:00+05:30
106.2,106.25,105.8,106.1,3252.0,1694587800.0,2023-09-13 12:20:00+05:30
106.1,106.35,105.95,105.95,3604.0,1694588100.0,2023-09-13 12:25:00+05:30
106.05,106.05,105.65,105.8,4988.0,1694588400.0,2023-09-13 12:30:00+05:30
105.9,105.95,105.8,105.95,1608.0,1694588700.0,2023-09-13 12:35:00+05:30
105.95,106.1,105.75,105.75,2284.0,1694589000.0,2023-09-13 12:40:00+05:30
105.75,105.95,105.75,105.95,500.0,1694589300.0,2023-09-13 12:45:00+05:30
105.95,106.0,105.75,105.95,1416.0,1694589600.0,2023-09-13 12:50:00+05:30
105.95,106.0,105.85,105.95,1324.0,1694589900.0,2023-09-13 12:55:00+05:30
105.95,105.95,105.7,105.95,584.0,1694590200.0,2023-09-13 13:00:00+05:30
105.95,106.0,105.5,106.0,4844.0,1694590500.0,2023-09-13 13:05:00+05:30
106.0,106.2,105.8,106.0,3136.0,1694590800.0,2023-09-13 13:10:00+05:30
106.0,106.1,105.5,105.6,10772.0,1694591100.0,2023-09-13 13:15:00+05:30
105.6,105.6,105.4,105.4,1464.0,1694591400.0,2023-09-13 13:20:00+05:30
105.4,105.5,105.1,105.2,3932.0,1694591700.0,2023-09-13 13:25:00+05:30
105.2,105.25,104.9,105.2,2332.0,1694592000.0,2023-09-13 13:30:00+05:30
105.2,105.6,105.1,105.45,2996.0,1694592300.0,2023-09-13 13:35:00+05:30
105.45,105.9,105.45,105.7,8624.0,1694592600.0,2023-09-13 13:40:00+05:30
105.7,105.95,105.6,105.9,1216.0,1694592900.0,2023-09-13 13:45:00+05:30
105.9,106.1,105.85,106.05,1908.0,1694593200.0,2023-09-13 13:50:00+05:30
106.05,106.05,106.0,106.0,1568.0,1694593500.0,2023-09-13 13:55:00+05:30
106.0,106.2,105.8,106.2,1292.0,1694593800.0,2023-09-13 14:00:00+05:30
106.2,106.2,106.0,106.1,2740.0,1694594100.0,2023-09-13 14:05:00+05:30
106.05,106.2,105.95,105.95,3732.0,1694594400.0,2023-09-13 14:10:00+05:30
105.95,106.0,105.7,106.0,684.0,1694594700.0,2023-09-13 14:15:00+05:30
105.9,106.1,105.75,106.05,8288.0,1694595000.0,2023-09-13 14:20:00+05:30
106.05,106.05,105.7,105.8,2404.0,1694595300.0,2023-09-13 14:25:00+05:30
105.95,105.95,105.6,105.6,1152.0,1694595600.0,2023-09-13 14:30:00+05:30
105.6,106.1,105.45,105.85,4664.0,1694595900.0,2023-09-13 14:35:00+05:30
106.0,106.0,105.8,106.0,1612.0,1694596200.0,2023-09-13 14:40:00+05:30
106.0,106.05,105.7,105.8,3356.0,1694596500.0,2023-09-13 14:45:00+05:30
105.8,105.8,105.5,105.8,1444.0,1694596800.0,2023-09-13 14:50:00+05:30
105.8,106.0,105.5,105.5,6408.0,1694597100.0,2023-09-13 14:55:00+05:30
105.5,105.8,105.4,105.6,3372.0,1694597400.0,2023-09-13 15:00:00+05:30
105.6,105.7,105.5,105.7,1280.0,1694597700.0,2023-09-13 15:05:00+05:30
105.8,105.9,105.35,105.5,11792.0,1694598000.0,2023-09-13 15:10:00+05:30
105.35,105.55,105.3,105.4,7352.0,1694598300.0,2023-09-13 15:15:00+05:30
105.4,106.1,105.4,106.1,10136.0,1694598600.0,2023-09-13 15:20:00+05:30
106.1,106.1,104.95,105.5,30456.0,1694598900.0,2023-09-13 15:25:00+05:30
108.25,110.55,107.85,109.25,68400.0,1694663100.0,2023-09-14 09:15:00+05:30
109.25,109.3,108.75,108.75,14376.0,1694663400.0,2023-09-14 09:20:00+05:30
108.75,108.85,107.75,107.85,27336.0,1694663700.0,2023-09-14 09:25:00+05:30
108.0,108.1,107.8,108.1,15012.0,1694664000.0,2023-09-14 09:30:00+05:30
108.1,108.65,108.0,108.6,7680.0,1694664300.0,2023-09-14 09:35:00+05:30
108.6,108.6,108.25,108.25,10476.0,1694664600.0,2023-09-14 09:40:00+05:30
108.25,108.6,107.85,108.55,27520.0,1694664900.0,2023-09-14 09:45:00+05:30
108.55,108.75,108.1,108.75,6424.0,1694665200.0,2023-09-14 09:50:00+05:30
108.75,108.75,108.45,108.45,6548.0,1694665500.0,2023-09-14 09:55:00+05:30
108.45,108.7,108.25,108.35,9040.0,1694665800.0,2023-09-14 10:00:00+05:30
108.35,108.35,108.0,108.2,3612.0,1694666100.0,2023-09-14 10:05:00+05:30
108.2,108.4,107.9,108.4,3232.0,1694666400.0,2023-09-14 10:10:00+05:30
108.4,108.4,107.8,107.9,3944.0,1694666700.0,2023-09-14 10:15:00+05:30
107.9,108.1,107.7,107.85,4280.0,1694667000.0,2023-09-14 10:20:00+05:30
107.85,108.05,107.8,107.9,5660.0,1694667300.0,2023-09-14 10:25:00+05:30
107.7,108.1,107.55,107.9,6068.0,1694667600.0,2023-09-14 10:30:00+05:30
107.9,108.05,107.65,107.9,6548.0,1694667900.0,2023-09-14 10:35:00+05:30
107.9,107.9,107.4,107.8,10028.0,1694668200.0,2023-09-14 10:40:00+05:30
107.9,108.0,107.65,107.9,3252.0,1694668500.0,2023-09-14 10:45:00+05:30
107.85,107.9,107.6,107.75,6784.0,1694668800.0,2023-09-14 10:50:00+05:30
107.75,108.0,107.75,107.8,4636.0,1694669100.0,2023-09-14 10:55:00+05:30
107.6,107.85,107.6,107.8,1236.0,1694669400.0,2023-09-14 11:00:00+05:30
107.8,107.8,107.7,107.8,712.0,1694669700.0,2023-09-14 11:05:00+05:30
107.8,107.8,107.6,107.75,2132.0,1694670000.0,2023-09-14 11:10:00+05:30
107.75,107.9,107.65,107.9,1492.0,1694670300.0,2023-09-14 11:15:00+05:30
107.9,108.1,107.9,107.95,14160.0,1694670600.0,2023-09-14 11:20:00+05:30
107.95,108.1,107.8,107.95,12080.0,1694670900.0,2023-09-14 11:25:00+05:30
107.95,108.1,107.95,107.95,4260.0,1694671200.0,2023-09-14 11:30:00+05:30
107.95,108.05,107.9,107.95,1904.0,1694671500.0,2023-09-14 11:35:00+05:30
107.95,108.1,107.8,107.8,7452.0,1694671800.0,2023-09-14 11:40:00+05:30
107.8,107.9,107.7,107.7,2292.0,1694672100.0,2023-09-14 11:45:00+05:30
107.7,107.9,107.5,107.5,7936.0,1694672400.0,2023-09-14 11:50:00+05:30
107.5,107.65,107.5,107.5,1488.0,1694672700.0,2023-09-14 11:55:00+05:30
107.5,107.6,107.5,107.6,3568.0,1694673000.0,2023-09-14 12:00:00+05:30
107.6,107.65,107.4,107.55,6744.0,1694673300.0,2023-09-14 12:05:00+05:30
107.4,107.65,107.4,107.55,4700.0,1694673600.0,2023-09-14 12:10:00+05:30
107.55,107.6,107.5,107.5,7868.0,1694673900.0,2023-09-14 12:15:00+05:30
107.5,107.6,107.35,107.6,4792.0,1694674200.0,2023-09-14 12:20:00+05:30
107.6,107.6,107.4,107.4,2600.0,1694674500.0,2023-09-14 12:25:00+05:30
107.4,107.75,107.4,107.75,5388.0,1694674800.0,2023-09-14 12:30:00+05:30
107.6,107.7,107.4,107.4,4988.0,1694675100.0,2023-09-14 12:35:00+05:30
107.45,107.45,107.2,107.35,8376.0,1694675400.0,2023-09-14 12:40:00+05:30
107.35,107.35,107.1,107.2,9384.0,1694675700.0,2023-09-14 12:45:00+05:30
107.1,107.3,107.1,107.3,8072.0,1694676000.0,2023-09-14 12:50:00+05:30
107.3,107.3,107.05,107.05,1420.0,1694676300.0,2023-09-14 12:55:00+05:30
107.05,107.3,107.05,107.25,6200.0,1694676600.0,2023-09-14 13:00:00+05:30
107.1,107.25,107.0,107.0,4288.0,1694676900.0,2023-09-14 13:05:00+05:30
107.15,107.15,106.75,106.9,3320.0,1694677200.0,2023-09-14 13:10:00+05:30
106.9,107.3,106.9,107.2,9380.0,1694677500.0,2023-09-14 13:15:00+05:30
107.15,107.5,107.1,107.5,3472.0,1694677800.0,2023-09-14 13:20:00+05:30
107.5,107.5,106.85,107.05,2068.0,1694678100.0,2023-09-14 13:25:00+05:30
106.95,107.0,106.7,106.7,6548.0,1694678400.0,2023-09-14 13:30:00+05:30
106.7,107.0,106.7,107.0,4316.0,1694678700.0,2023-09-14 13:35:00+05:30
107.0,107.0,106.8,106.95,476.0,1694679000.0,2023-09-14 13:40:00+05:30
106.95,107.1,106.9,106.95,8140.0,1694679300.0,2023-09-14 13:45:00+05:30
106.95,107.05,106.9,107.0,540.0,1694679600.0,2023-09-14 13:50:00+05:30
107.0,107.0,106.8,106.8,1544.0,1694679900.0,2023-09-14 13:55:00+05:30
106.8,107.15,106.8,106.95,6688.0,1694680200.0,2023-09-14 14:00:00+05:30
106.95,107.1,106.9,107.05,504.0,1694680500.0,2023-09-14 14:05:00+05:30
107.1,107.25,107.0,107.25,1500.0,1694680800.0,2023-09-14 14:10:00+05:30
107.25,107.5,107.1,107.4,11120.0,1694681100.0,2023-09-14 14:15:00+05:30
107.4,107.5,107.3,107.3,4548.0,1694681400.0,2023-09-14 14:20:00+05:30
107.3,107.3,107.1,107.25,5020.0,1694681700.0,2023-09-14 14:25:00+05:30
107.25,107.5,107.15,107.45,9052.0,1694682000.0,2023-09-14 14:30:00+05:30
107.45,107.5,107.25,107.5,7840.0,1694682300.0,2023-09-14 14:35:00+05:30
107.5,107.5,107.15,107.15,9784.0,1694682600.0,2023-09-14 14:40:00+05:30
107.15,107.35,107.1,107.15,5284.0,1694682900.0,2023-09-14 14:45:00+05:30
107.15,107.3,107.15,107.3,212.0,1694683200.0,2023-09-14 14:50:00+05:30
107.3,107.3,107.1,107.1,820.0,1694683500.0,2023-09-14 14:55:00+05:30
107.25,107.25,107.0,107.25,3300.0,1694683800.0,2023-09-14 15:00:00+05:30
107.25,107.25,107.05,107.15,4404.0,1694684100.0,2023-09-14 15:05:00+05:30
107.35,107.5,107.2,107.4,16844.0,1694684400.0,2023-09-14 15:10:00+05:30
107.4,107.4,107.0,107.0,3532.0,1694684700.0,2023-09-14 15:15:00+05:30
107.15,107.45,107.0,107.45,16280.0,1694685000.0,2023-09-14 15:20:00+05:30
107.45,107.45,107.0,107.0,17292.0,1694685300.0,2023-09-14 15:25:00+05:30
108.75,108.75,106.7,107.4,20400.0,1694749500.0,2023-09-15 09:15:00+05:30
107.4,109.05,107.4,108.45,36596.0,1694749800.0,2023-09-15 09:20:00+05:30
108.85,108.9,108.45,108.5,15588.0,1694750100.0,2023-09-15 09:25:00+05:30
108.45,108.55,108.1,108.15,2744.0,1694750400.0,2023-09-15 09:30:00+05:30
108.15,108.2,107.7,107.7,1156.0,1694750700.0,2023-09-15 09:35:00+05:30
107.7,108.15,107.7,108.05,2452.0,1694751000.0,2023-09-15 09:40:00+05:30
108.05,108.05,107.7,107.7,4868.0,1694751300.0,2023-09-15 09:45:00+05:30
107.7,108.0,107.6,108.0,1488.0,1694751600.0,2023-09-15 09:50:00+05:30
108.0,108.0,107.85,107.95,568.0,1694751900.0,2023-09-15 09:55:00+05:30
107.95,108.05,107.75,108.0,8384.0,1694752200.0,2023-09-15 10:00:00+05:30
108.0,108.15,108.0,108.15,2412.0,1694752500.0,2023-09-15 10:05:00+05:30
108.15,108.55,108.15,108.5,15184.0,1694752800.0,2023-09-15 10:10:00+05:30
108.5,108.55,108.3,108.55,1292.0,1694753100.0,2023-09-15 10:15:00+05:30
108.6,109.35,108.6,109.3,15944.0,1694753400.0,2023-09-15 10:20:00+05:30
109.3,109.3,108.9,108.9,4472.0,1694753700.0,2023-09-15 10:25:00+05:30
108.9,108.9,108.8,108.8,1688.0,1694754000.0,2023-09-15 10:30:00+05:30
108.9,109.1,108.75,108.95,5608.0,1694754300.0,2023-09-15 10:35:00+05:30
108.95,109.25,108.9,109.0,7296.0,1694754600.0,2023-09-15 10:40:00+05:30
109.0,109.3,109.0,109.25,5808.0,1694754900.0,2023-09-15 10:45:00+05:30
109.25,109.75,109.25,109.45,21836.0,1694755200.0,2023-09-15 10:50:00+05:30
109.4,109.5,109.3,109.35,2996.0,1694755500.0,2023-09-15 10:55:00+05:30
109.35,109.5,109.3,109.5,3112.0,1694755800.0,2023-09-15 11:00:00+05:30
109.5,109.85,109.5,109.65,25700.0,1694756100.0,2023-09-15 11:05:00+05:30
109.65,109.95,109.65,109.8,7328.0,1694756400.0,2023-09-15 11:10:00+05:30
109.8,109.95,109.75,109.95,2240.0,1694756700.0,2023-09-15 11:15:00+05:30
109.75,110.9,109.7,110.7,66728.0,1694757000.0,2023-09-15 11:20:00+05:30
110.7,110.75,110.2,110.6,32964.0,1694757300.0,2023-09-15 11:25:00+05:30
110.6,111.15,110.6,110.85,19984.0,1694757600.0,2023-09-15 11:30:00+05:30
110.85,111.0,110.8,110.8,13992.0,1694757900.0,2023-09-15 11:35:00+05:30
110.8,111.0,110.6,110.8,6792.0,1694758200.0,2023-09-15 11:40:00+05:30
110.8,110.95,110.7,110.8,2020.0,1694758500.0,2023-09-15 11:45:00+05:30
110.8,110.8,110.6,110.6,1060.0,1694758800.0,2023-09-15 11:50:00+05:30
110.6,111.0,110.6,110.85,5012.0,1694759100.0,2023-09-15 11:55:00+05:30
110.85,111.3,110.85,111.3,13168.0,1694759400.0,2023-09-15 12:00:00+05:30
111.3,112.0,111.3,111.6,55552.0,1694759700.0,2023-09-15 12:05:00+05:30
111.65,111.65,111.0,111.4,14992.0,1694760000.0,2023-09-15 12:10:00+05:30
111.4,111.4,111.0,111.0,5328.0,1694760300.0,2023-09-15 12:15:00+05:30
111.0,111.15,110.8,111.0,5228.0,1694760600.0,2023-09-15 12:20:00+05:30
111.0,111.2,110.55,110.8,4692.0,1694760900.0,2023-09-15 12:25:00+05:30
110.8,111.1,110.7,111.1,3340.0,1694761200.0,2023-09-15 12:30:00+05:30
111.1,111.25,110.7,111.25,7588.0,1694761500.0,2023-09-15 12:35:00+05:30
111.25,111.4,111.05,111.1,10984.0,1694761800.0,2023-09-15 12:40:00+05:30
111.1,111.4,111.1,111.4,2952.0,1694762100.0,2023-09-15 12:45:00+05:30
111.4,111.4,111.0,111.35,30296.0,1694762400.0,2023-09-15 12:50:00+05:30
111.25,111.3,111.1,111.2,4236.0,1694762700.0,2023-09-15 12:55:00+05:30
111.2,111.3,111.0,111.3,16940.0,1694763000.0,2023-09-15 13:00:00+05:30
111.3,111.35,111.2,111.3,16188.0,1694763300.0,2023-09-15 13:05:00+05:30
111.3,111.35,111.25,111.25,11564.0,1694763600.0,2023-09-15 13:10:00+05:30
111.25,111.45,111.25,111.35,2552.0,1694763900.0,2023-09-15 13:15:00+05:30
111.35,111.5,111.2,111.4,19556.0,1694764200.0,2023-09-15 13:20:00+05:30
111.3,111.45,111.2,111.25,18332.0,1694764500.0,2023-09-15 13:25:00+05:30
111.25,111.3,111.25,111.25,11500.0,1694764800.0,2023-09-15 13:30:00+05:30
111.25,111.25,111.15,111.15,4124.0,1694765100.0,2023-09-15 13:35:00+05:30
111.05,111.2,111.0,111.15,172.0,1694765400.0,2023-09-15 13:40:00+05:30
111.15,111.2,110.75,110.9,14544.0,1694765700.0,2023-09-15 13:45:00+05:30
110.8,111.25,110.8,111.2,13224.0,1694766000.0,2023-09-15 13:50:00+05:30
111.2,111.25,111.1,111.25,1848.0,1694766300.0,2023-09-15 13:55:00+05:30
111.25,111.3,111.2,111.3,104.0,1694766600.0,2023-09-15 14:00:00+05:30
111.3,111.35,111.2,111.3,256.0,1694766900.0,2023-09-15 14:05:00+05:30
111.3,111.65,111.3,111.6,6856.0,1694767200.0,2023-09-15 14:10:00+05:30
111.6,111.65,111.4,111.55,6120.0,1694767500.0,2023-09-15 14:15:00+05:30
111.55,111.7,111.45,111.65,9676.0,1694767800.0,2023-09-15 14:20:00+05:30
111.65,111.65,111.5,111.55,4324.0,1694768100.0,2023-09-15 14:25:00+05:30
111.55,111.85,111.55,111.85,7708.0,1694768400.0,2023-09-15 14:30:00+05:30
111.85,112.5,111.85,111.9,171208.0,1694768700.0,2023-09-15 14:35:00+05:30
111.9,112.15,111.75,112.0,2068.0,1694769000.0,2023-09-15 14:40:00+05:30
112.15,112.45,111.9,112.05,40928.0,1694769300.0,2023-09-15 14:45:00+05:30
111.95,112.1,111.5,111.75,24988.0,1694769600.0,2023-09-15 14:50:00+05:30
111.55,111.55,111.05,111.1,18236.0,1694769900.0,2023-09-15 14:55:00+05:30
111.1,111.25,110.75,110.75,26156.0,1694770200.0,2023-09-15 15:00:00+05:30
110.75,111.05,110.4,110.8,27924.0,1694770500.0,2023-09-15 15:05:00+05:30
110.95,111.9,110.8,111.6,48512.0,1694770800.0,2023-09-15 15:10:00+05:30
111.6,112.5,111.5,112.25,43776.0,1694771100.0,2023-09-15 15:15:00+05:30
112.25,112.5,112.1,112.5,48984.0,1694771400.0,2023-09-15 15:20:00+05:30
112.5,112.5,112.0,112.0,32688.0,1694771700.0,2023-09-15 15:25:00+05:30
112.5,113.95,112.3,113.6,57036.0,1695008700.0,2023-09-18 09:15:00+05:30
113.45,113.7,112.95,112.95,19628.0,1695009000.0,2023-09-18 09:20:00+05:30
112.95,112.95,111.75,112.4,17240.0,1695009300.0,2023-09-18 09:25:00+05:30
112.2,113.1,112.1,112.75,10632.0,1695009600.0,2023-09-18 09:30:00+05:30
112.75,113.25,112.75,113.1,5928.0,1695009900.0,2023-09-18 09:35:00+05:30
113.1,113.1,112.25,112.4,5308.0,1695010200.0,2023-09-18 09:40:00+05:30
112.4,112.7,112.25,112.6,5336.0,1695010500.0,2023-09-18 09:45:00+05:30
112.6,112.95,112.6,112.95,11968.0,1695010800.0,2023-09-18 09:50:00+05:30
112.8,112.95,112.65,112.9,7388.0,1695011100.0,2023-09-18 09:55:00+05:30
112.95,112.95,112.5,112.65,12528.0,1695011400.0,2023-09-18 10:00:00+05:30
112.65,112.7,111.95,111.95,6808.0,1695011700.0,2023-09-18 10:05:00+05:30
112.0,112.25,111.75,111.75,13300.0,1695012000.0,2023-09-18 10:10:00+05:30
111.75,112.25,111.7,112.25,6076.0,1695012300.0,2023-09-18 10:15:00+05:30
112.25,112.25,111.75,112.0,4920.0,1695012600.0,2023-09-18 10:20:00+05:30
112.25,112.25,111.9,112.1,10232.0,1695012900.0,2023-09-18 10:25:00+05:30
112.1,112.2,111.9,112.1,1048.0,1695013200.0,2023-09-18 10:30:00+05:30
112.1,112.1,111.9,112.1,5196.0,1695013500.0,2023-09-18 10:35:00+05:30
112.1,112.3,112.1,112.15,1596.0,1695013800.0,2023-09-18 10:40:00+05:30
112.15,112.3,112.0,112.0,12512.0,1695014100.0,2023-09-18 10:45:00+05:30
112.0,112.3,112.0,112.05,8380.0,1695014400.0,2023-09-18 10:50:00+05:30
112.05,112.35,112.0,112.35,20692.0,1695014700.0,2023-09-18 10:55:00+05:30
112.35,113.0,112.25,112.75,15352.0,1695015000.0,2023-09-18 11:00:00+05:30
112.8,113.0,112.65,112.65,8212.0,1695015300.0,2023-09-18 11:05:00+05:30
112.8,113.1,112.6,112.7,3544.0,1695015600.0,2023-09-18 11:10:00+05:30
112.7,112.95,112.65,112.75,2696.0,1695015900.0,2023-09-18 11:15:00+05:30
112.75,112.9,112.65,112.9,1096.0,1695016200.0,2023-09-18 11:20:00+05:30
112.9,112.9,112.5,112.5,1524.0,1695016500.0,2023-09-18 11:25:00+05:30
112.5,112.7,112.5,112.65,6504.0,1695016800.0,2023-09-18 11:30:00+05:30
112.65,112.75,112.6,112.65,1344.0,1695017100.0,2023-09-18 11:35:00+05:30
112.65,113.1,112.5,112.95,17160.0,1695017400.0,2023-09-18 11:40:00+05:30
112.95,113.75,112.95,113.5,17644.0,1695017700.0,2023-09-18 11:45:00+05:30
113.5,113.6,112.85,112.85,6004.0,1695018000.0,2023-09-18 11:50:00+05:30
112.85,113.0,112.6,112.65,19740.0,1695018300.0,2023-09-18 11:55:00+05:30
112.65,112.8,112.5,112.65,1148.0,1695018600.0,2023-09-18 12:00:00+05:30
112.65,112.9,112.6,112.65,1212.0,1695018900.0,2023-09-18 12:05:00+05:30
112.65,112.9,112.5,112.5,7364.0,1695019200.0,2023-09-18 12:10:00+05:30
112.5,112.7,112.5,112.5,11984.0,1695019500.0,2023-09-18 12:15:00+05:30
112.5,112.65,112.5,112.5,456.0,1695019800.0,2023-09-18 12:20:00+05:30
112.5,112.7,112.5,112.7,552.0,1695020100.0,2023-09-18 12:25:00+05:30
112.7,112.75,112.6,112.75,1656.0,1695020400.0,2023-09-18 12:30:00+05:30
112.75,112.95,112.6,112.95,6500.0,1695020700.0,2023-09-18 12:35:00+05:30
112.95,112.95,112.6,112.7,2928.0,1695021000.0,2023-09-18 12:40:00+05:30
112.7,112.8,112.65,112.7,7356.0,1695021300.0,2023-09-18 12:45:00+05:30
112.7,113.2,112.6,113.05,9152.0,1695021600.0,2023-09-18 12:50:00+05:30
113.05,113.25,113.0,113.1,6316.0,1695021900.0,2023-09-18 12:55:00+05:30
113.1,113.4,113.1,113.2,4420.0,1695022200.0,2023-09-18 13:00:00+05:30
113.2,113.5,113.1,113.5,14564.0,1695022500.0,2023-09-18 13:05:00+05:30
113.5,113.5,113.2,113.2,1008.0,1695022800.0,2023-09-18 13:10:00+05:30
113.25,113.6,113.25,113.5,1676.0,1695023100.0,2023-09-18 13:15:00+05:30
113.5,113.85,113.5,113.75,13924.0,1695023400.0,2023-09-18 13:20:00+05:30
113.75,113.8,113.6,113.6,1280.0,1695023700.0,2023-09-18 13:25:00+05:30
113.6,114.0,113.6,113.75,17256.0,1695024000.0,2023-09-18 13:30:00+05:30
113.75,113.95,113.75,113.95,7504.0,1695024300.0,2023-09-18 13:35:00+05:30
113.95,114.25,113.95,114.2,10104.0,1695024600.0,2023-09-18 13:40:00+05:30
114.2,114.25,114.0,114.1,4444.0,1695024900.0,2023-09-18 13:45:00+05:30
114.1,114.2,114.0,114.2,3212.0,1695025200.0,2023-09-18 13:50:00+05:30
114.2,114.4,114.2,114.4,13524.0,1695025500.0,2023-09-18 13:55:00+05:30
114.4,114.4,113.8,114.25,15092.0,1695025800.0,2023-09-18 14:00:00+05:30
114.25,115.25,114.15,114.9,74584.0,1695026100.0,2023-09-18 14:05:00+05:30
115.0,115.7,114.95,115.3,49460.0,1695026400.0,2023-09-18 14:10:00+05:30
115.3,115.3,114.0,114.05,30776.0,1695026700.0,2023-09-18 14:15:00+05:30
114.25,114.25,113.9,114.05,5712.0,1695027000.0,2023-09-18 14:20:00+05:30
114.05,114.05,113.25,113.25,5184.0,1695027300.0,2023-09-18 14:25:00+05:30
113.25,113.45,113.2,113.25,3468.0,1695027600.0,2023-09-18 14:30:00+05:30
113.25,113.3,113.25,113.25,2532.0,1695027900.0,2023-09-18 14:35:00+05:30
113.25,113.45,113.2,113.4,1212.0,1695028200.0,2023-09-18 14:40:00+05:30
113.3,113.8,113.3,113.8,6980.0,1695028500.0,2023-09-18 14:45:00+05:30
113.8,113.95,113.7,113.8,4140.0,1695028800.0,2023-09-18 14:50:00+05:30
113.75,113.75,113.5,113.5,2364.0,1695029100.0,2023-09-18 14:55:00+05:30
113.5,113.8,113.45,113.6,6904.0,1695029400.0,2023-09-18 15:00:00+05:30
113.75,114.1,113.4,114.1,16532.0,1695029700.0,2023-09-18 15:05:00+05:30
115.0,115.0,114.2,114.2,14148.0,1695030000.0,2023-09-18 15:10:00+05:30
114.2,114.4,113.9,114.0,16364.0,1695030300.0,2023-09-18 15:15:00+05:30
114.0,114.0,113.35,113.75,16288.0,1695030600.0,2023-09-18 15:20:00+05:30
113.75,113.75,112.5,113.25,22340.0,1695030900.0,2023-09-18 15:25:00+05:30
113.8,113.8,112.3,112.9,36472.0,1695181500.0,2023-09-20 09:15:00+05:30
112.6,113.3,112.45,112.65,26432.0,1695181800.0,2023-09-20 09:20:00+05:30
112.8,112.95,112.25,112.55,20248.0,1695182100.0,2023-09-20 09:25:00+05:30
112.5,112.75,111.75,112.35,35284.0,1695182400.0,2023-09-20 09:30:00+05:30
112.35,112.9,112.35,112.85,13400.0,1695182700.0,2023-09-20 09:35:00+05:30
112.85,113.0,112.1,112.25,17880.0,1695183000.0,2023-09-20 09:40:00+05:30
112.3,112.65,112.25,112.25,11264.0,1695183300.0,2023-09-20 09:45:00+05:30
112.3,112.5,112.25,112.4,32608.0,1695183600.0,2023-09-20 09:50:00+05:30
112.4,112.45,112.25,112.4,14748.0,1695183900.0,2023-09-20 09:55:00+05:30
112.4,112.4,112.0,112.2,42592.0,1695184200.0,2023-09-20 10:00:00+05:30
112.25,112.4,112.2,112.3,5080.0,1695184500.0,2023-09-20 10:05:00+05:30
112.3,112.65,112.25,112.5,10784.0,1695184800.0,2023-09-20 10:10:00+05:30
112.5,112.6,112.5,112.6,7016.0,1695185100.0,2023-09-20 10:15:00+05:30
112.6,112.65,112.45,112.45,14840.0,1695185400.0,2023-09-20 10:20:00+05:30
112.45,112.6,112.25,112.35,4504.0,1695185700.0,2023-09-20 10:25:00+05:30
112.35,112.45,112.25,112.25,6768.0,1695186000.0,2023-09-20 10:30:00+05:30
112.25,112.35,112.2,112.25,7016.0,1695186300.0,2023-09-20 10:35:00+05:30
112.25,112.25,112.1,112.1,6244.0,1695186600.0,2023-09-20 10:40:00+05:30
112.1,112.1,111.95,112.0,7672.0,1695186900.0,2023-09-20 10:45:00+05:30
112.0,112.15,111.95,112.0,12428.0,1695187200.0,2023-09-20 10:50:00+05:30
112.0,112.1,111.95,112.1,3768.0,1695187500.0,2023-09-20 10:55:00+05:30
112.1,112.25,112.1,112.25,2760.0,1695187800.0,2023-09-20 11:00:00+05:30
112.25,112.35,112.2,112.3,2136.0,1695188100.0,2023-09-20 11:05:00+05:30
112.3,112.4,112.2,112.3,1060.0,1695188400.0,2023-09-20 11:10:00+05:30
112.3,112.5,112.2,112.4,9540.0,1695188700.0,2023-09-20 11:15:00+05:30
112.4,112.75,112.4,112.75,4700.0,1695189000.0,2023-09-20 11:20:00+05:30
112.75,112.75,112.5,112.6,10228.0,1695189300.0,2023-09-20 11:25:00+05:30
112.6,112.75,112.5,112.75,4184.0,1695189600.0,2023-09-20 11:30:00+05:30
112.65,113.25,112.65,113.05,18316.0,1695189900.0,2023-09-20 11:35:00+05:30
113.05,113.05,112.6,112.8,6124.0,1695190200.0,2023-09-20 11:40:00+05:30
112.8,112.85,112.6,112.85,12188.0,1695190500.0,2023-09-20 11:45:00+05:30
112.85,112.95,112.8,112.85,1792.0,1695190800.0,2023-09-20 11:50:00+05:30
112.85,112.85,112.6,112.6,9448.0,1695191100.0,2023-09-20 11:55:00+05:30
112.6,112.6,112.0,112.25,4248.0,1695191400.0,2023-09-20 12:00:00+05:30
112.35,112.35,112.0,112.2,8512.0,1695191700.0,2023-09-20 12:05:00+05:30
112.2,112.2,112.0,112.0,36140.0,1695192000.0,2023-09-20 12:10:00+05:30
112.2,112.2,111.9,112.0,11196.0,1695192300.0,2023-09-20 12:15:00+05:30
112.0,112.4,111.9,112.4,6036.0,1695192600.0,2023-09-20 12:20:00+05:30
112.4,112.45,112.2,112.45,6216.0,1695192900.0,2023-09-20 12:25:00+05:30
112.45,112.45,112.25,112.45,1744.0,1695193200.0,2023-09-20 12:30:00+05:30
112.45,112.5,112.25,112.3,4404.0,1695193500.0,2023-09-20 12:35:00+05:30
112.3,112.65,112.25,112.65,5632.0,1695193800.0,2023-09-20 12:40:00+05:30
112.65,112.65,112.4,112.5,3124.0,1695194100.0,2023-09-20 12:45:00+05:30
112.5,112.7,112.5,112.5,2000.0,1695194400.0,2023-09-20 12:50:00+05:30
112.5,112.7,112.4,112.45,2016.0,1695194700.0,2023-09-20 12:55:00+05:30
112.45,112.45,112.05,112.2,1944.0,1695195000.0,2023-09-20 13:00:00+05:30
112.2,112.4,112.0,112.35,8060.0,1695195300.0,2023-09-20 13:05:00+05:30
112.35,112.5,112.3,112.45,4172.0,1695195600.0,2023-09-20 13:10:00+05:30
112.45,112.55,112.25,112.25,8892.0,1695195900.0,2023-09-20 13:15:00+05:30
112.25,112.45,112.2,112.35,6156.0,1695196200.0,2023-09-20 13:20:00+05:30
112.35,112.4,112.2,112.4,6464.0,1695196500.0,2023-09-20 13:25:00+05:30
112.4,112.5,112.3,112.45,1932.0,1695196800.0,2023-09-20 13:30:00+05:30
112.45,112.65,112.45,112.5,7180.0,1695197100.0,2023-09-20 13:35:00+05:30
112.5,112.7,112.5,112.55,4080.0,1695197400.0,2023-09-20 13:40:00+05:30
112.55,112.75,112.5,112.75,7032.0,1695197700.0,2023-09-20 13:45:00+05:30
112.75,112.75,112.45,112.5,9532.0,1695198000.0,2023-09-20 13:50:00+05:30
112.5,112.7,112.5,112.55,3872.0,1695198300.0,2023-09-20 13:55:00+05:30
112.55,112.65,112.4,112.4,1240.0,1695198600.0,2023-09-20 14:00:00+05:30
112.4,112.5,112.1,112.1,3268.0,1695198900.0,2023-09-20 14:05:00+05:30
112.15,112.35,112.05,112.35,4364.0,1695199200.0,2023-09-20 14:10:00+05:30
112.1,112.3,112.05,112.2,1720.0,1695199500.0,2023-09-20 14:15:00+05:30
112.2,112.4,111.95,112.25,4752.0,1695199800.0,2023-09-20 14:20:00+05:30
112.25,112.4,112.2,112.25,3988.0,1695200100.0,2023-09-20 14:25:00+05:30
112.4,112.4,112.2,112.35,9168.0,1695200400.0,2023-09-20 14:30:00+05:30
112.35,112.35,112.2,112.2,6756.0,1695200700.0,2023-09-20 14:35:00+05:30
112.2,112.3,112.2,112.25,14784.0,1695201000.0,2023-09-20 14:40:00+05:30
112.25,112.65,112.25,112.6,12860.0,1695201300.0,2023-09-20 14:45:00+05:30
112.6,112.8,112.5,112.8,6868.0,1695201600.0,2023-09-20 14:50:00+05:30
112.8,113.2,112.7,112.95,8252.0,1695201900.0,2023-09-20 14:55:00+05:30
113.1,113.2,112.5,112.5,6260.0,1695202200.0,2023-09-20 15:00:00+05:30
112.3,112.45,112.1,112.3,4872.0,1695202500.0,2023-09-20 15:05:00+05:30
112.3,112.7,112.1,112.5,10156.0,1695202800.0,2023-09-20 15:10:00+05:30
112.5,112.5,112.1,112.5,6680.0,1695203100.0,2023-09-20 15:15:00+05:30
112.5,112.6,112.3,112.3,6648.0,1695203400.0,2023-09-20 15:20:00+05:30
112.4,112.5,111.25,112.45,23496.0,1695203700.0,2023-09-20 15:25:00+05:30
113.0,113.0,111.8,111.95,6768.0,1695267900.0,2023-09-21 09:15:00+05:30
111.95,111.95,110.6,111.6,30200.0,1695268200.0,2023-09-21 09:20:00+05:30
111.55,112.0,111.5,112.0,16456.0,1695268500.0,2023-09-21 09:25:00+05:30
111.95,112.1,111.75,112.1,2460.0,1695268800.0,2023-09-21 09:30:00+05:30
112.1,112.2,111.9,112.0,2884.0,1695269100.0,2023-09-21 09:35:00+05:30
112.05,112.25,112.0,112.25,1480.0,1695269400.0,2023-09-21 09:40:00+05:30
112.25,112.25,112.0,112.15,11204.0,1695269700.0,2023-09-21 09:45:00+05:30
112.1,112.25,111.95,112.2,6248.0,1695270000.0,2023-09-21 09:50:00+05:30
112.2,112.25,112.0,112.0,10388.0,1695270300.0,2023-09-21 09:55:00+05:30
112.0,112.2,112.0,112.2,1476.0,1695270600.0,2023-09-21 10:00:00+05:30
112.2,112.4,112.05,112.35,2280.0,1695270900.0,2023-09-21 10:05:00+05:30
112.35,112.4,112.2,112.4,920.0,1695271200.0,2023-09-21 10:10:00+05:30
112.4,112.4,112.15,112.35,968.0,1695271500.0,2023-09-21 10:15:00+05:30
112.35,112.4,112.25,112.25,576.0,1695271800.0,2023-09-21 10:20:00+05:30
112.25,112.45,112.05,112.3,8296.0,1695272100.0,2023-09-21 10:25:00+05:30
112.3,112.3,112.2,112.2,276.0,1695272400.0,2023-09-21 10:30:00+05:30
112.2,112.2,112.0,112.0,22108.0,1695272700.0,2023-09-21 10:35:00+05:30
112.0,112.1,112.0,112.0,2920.0,1695273000.0,2023-09-21 10:40:00+05:30
112.0,112.05,112.0,112.0,900.0,1695273300.0,2023-09-21 10:45:00+05:30
112.0,112.1,112.0,112.1,1188.0,1695273600.0,2023-09-21 10:50:00+05:30
112.1,112.1,112.0,112.1,876.0,1695273900.0,2023-09-21 10:55:00+05:30
112.1,112.1,111.95,112.1,972.0,1695274200.0,2023-09-21 11:00:00+05:30
112.1,112.1,112.0,112.1,556.0,1695274500.0,2023-09-21 11:05:00+05:30
112.1,112.65,112.0,112.65,11116.0,1695274800.0,2023-09-21 11:10:00+05:30
112.65,112.7,112.6,112.7,1108.0,1695275100.0,2023-09-21 11:15:00+05:30
112.7,112.9,112.65,112.9,7644.0,1695275400.0,2023-09-21 11:20:00+05:30
112.9,113.25,112.75,113.0,21448.0,1695275700.0,2023-09-21 11:25:00+05:30
113.0,113.25,113.0,113.25,3864.0,1695276000.0,2023-09-21 11:30:00+05:30
113.25,113.5,113.1,113.5,5756.0,1695276300.0,2023-09-21 11:35:00+05:30
113.5,113.5,113.35,113.35,1244.0,1695276600.0,2023-09-21 11:40:00+05:30
113.35,113.4,113.0,113.4,5392.0,1695276900.0,2023-09-21 11:45:00+05:30
113.4,113.4,113.05,113.2,3944.0,1695277200.0,2023-09-21 11:50:00+05:30
113.2,113.2,113.0,113.2,1540.0,1695277500.0,2023-09-21 11:55:00+05:30
113.2,113.25,113.05,113.2,2688.0,1695277800.0,2023-09-21 12:00:00+05:30
113.2,113.2,113.0,113.1,4780.0,1695278100.0,2023-09-21 12:05:00+05:30
113.1,113.1,113.0,113.0,7124.0,1695278400.0,2023-09-21 12:10:00+05:30
113.0,113.35,113.0,113.25,7236.0,1695278700.0,2023-09-21 12:15:00+05:30
113.25,113.5,113.25,113.45,16412.0,1695279000.0,2023-09-21 12:20:00+05:30
113.45,113.5,113.25,113.4,6036.0,1695279300.0,2023-09-21 12:25:00+05:30
113.4,114.3,113.4,114.2,20788.0,1695279600.0,2023-09-21 12:30:00+05:30
114.2,114.2,113.75,113.8,7728.0,1695279900.0,2023-09-21 12:35:00+05:30
113.8,114.1,113.75,114.1,9944.0,1695280200.0,2023-09-21 12:40:00+05:30
114.1,114.1,113.8,113.8,3460.0,1695280500.0,2023-09-21 12:45:00+05:30
113.8,113.95,113.7,113.9,70732.0,1695280800.0,2023-09-21 12:50:00+05:30
113.9,113.9,113.5,113.5,12072.0,1695281100.0,2023-09-21 12:55:00+05:30
113.5,113.75,113.5,113.6,9688.0,1695281400.0,2023-09-21 13:00:00+05:30
113.6,113.6,113.5,113.6,4000.0,1695281700.0,2023-09-21 13:05:00+05:30
113.6,113.6,113.5,113.6,1948.0,1695282000.0,2023-09-21 13:10:00+05:30
113.6,113.6,113.5,113.6,1492.0,1695282300.0,2023-09-21 13:15:00+05:30
113.6,113.6,113.5,113.5,552.0,1695282600.0,2023-09-21 13:20:00+05:30
113.5,113.7,113.5,113.65,4704.0,1695282900.0,2023-09-21 13:25:00+05:30
113.65,113.7,113.5,113.6,684.0,1695283200.0,2023-09-21 13:30:00+05:30
113.5,113.7,113.4,113.7,6624.0,1695283500.0,2023-09-21 13:35:00+05:30
113.7,113.7,113.5,113.65,43112.0,1695283800.0,2023-09-21 13:40:00+05:30
113.65,113.65,113.5,113.65,11148.0,1695284100.0,2023-09-21 13:45:00+05:30
113.65,113.7,113.45,113.5,6708.0,1695284400.0,2023-09-21 13:50:00+05:30
113.5,113.55,113.35,113.55,2052.0,1695284700.0,2023-09-21 13:55:00+05:30
113.5,113.6,113.5,113.5,1984.0,1695285000.0,2023-09-21 14:00:00+05:30
113.5,113.55,113.5,113.5,2540.0,1695285300.0,2023-09-21 14:05:00+05:30
113.5,113.6,113.5,113.5,4184.0,1695285600.0,2023-09-21 14:10:00+05:30
113.5,113.55,113.5,113.5,8920.0,1695285900.0,2023-09-21 14:15:00+05:30
113.5,113.6,113.5,113.5,2012.0,1695286200.0,2023-09-21 14:20:00+05:30
113.5,113.5,113.45,113.5,27220.0,1695286500.0,2023-09-21 14:25:00+05:30
113.5,113.6,113.5,113.5,6432.0,1695286800.0,2023-09-21 14:30:00+05:30
113.5,113.6,113.5,113.55,1652.0,1695287100.0,2023-09-21 14:35:00+05:30
113.55,113.55,113.4,113.45,3528.0,1695287400.0,2023-09-21 14:40:00+05:30
113.45,113.6,113.45,113.5,1704.0,1695287700.0,2023-09-21 14:45:00+05:30
113.5,113.6,113.4,113.5,13832.0,1695288000.0,2023-09-21 14:50:00+05:30
113.5,113.5,113.0,113.25,8144.0,1695288300.0,2023-09-21 14:55:00+05:30
113.25,113.4,113.2,113.25,2176.0,1695288600.0,2023-09-21 15:00:00+05:30
113.25,113.4,113.2,113.3,2908.0,1695288900.0,2023-09-21 15:05:00+05:30
113.5,113.5,113.25,113.25,10140.0,1695289200.0,2023-09-21 15:10:00+05:30
113.25,113.3,113.25,113.25,5116.0,1695289500.0,2023-09-21 15:15:00+05:30
113.25,113.3,113.25,113.25,21348.0,1695289800.0,2023-09-21 15:20:00+05:30
113.3,114.0,113.3,113.75,30588.0,1695290100.0,2023-09-21 15:25:00+05:30
114.2,114.2,112.75,112.75,36568.0,1695354300.0,2023-09-22 09:15:00+05:30
112.7,113.3,112.15,113.3,24812.0,1695354600.0,2023-09-22 09:20:00+05:30
113.25,113.3,112.75,112.8,12284.0,1695354900.0,2023-09-22 09:25:00+05:30
112.8,112.95,112.15,112.9,5772.0,1695355200.0,2023-09-22 09:30:00+05:30
113.0,113.1,112.55,112.9,13224.0,1695355500.0,2023-09-22 09:35:00+05:30
112.75,113.05,111.9,112.25,18396.0,1695355800.0,2023-09-22 09:40:00+05:30
112.0,112.2,111.9,112.1,5328.0,1695356100.0,2023-09-22 09:45:00+05:30
112.1,112.1,111.3,111.3,7256.0,1695356400.0,2023-09-22 09:50:00+05:30
111.3,111.5,111.25,111.4,11024.0,1695356700.0,2023-09-22 09:55:00+05:30
111.4,111.5,108.9,109.75,55316.0,1695357000.0,2023-09-22 10:00:00+05:30
109.8,109.95,109.6,109.9,45452.0,1695357300.0,2023-09-22 10:05:00+05:30
109.9,109.9,109.75,109.8,11100.0,1695357600.0,2023-09-22 10:10:00+05:30
109.8,109.9,109.45,109.65,17504.0,1695357900.0,2023-09-22 10:15:00+05:30
109.65,109.7,109.5,109.7,10732.0,1695358200.0,2023-09-22 10:20:00+05:30
109.7,110.7,109.7,110.7,6300.0,1695358500.0,2023-09-22 10:25:00+05:30
110.7,110.7,110.25,110.35,3144.0,1695358800.0,2023-09-22 10:30:00+05:30
110.35,110.65,110.3,110.5,4396.0,1695359100.0,2023-09-22 10:35:00+05:30
110.5,110.5,110.3,110.3,7904.0,1695359400.0,2023-09-22 10:40:00+05:30
110.3,110.5,110.2,110.4,6596.0,1695359700.0,2023-09-22 10:45:00+05:30
110.4,110.95,110.3,110.95,4340.0,1695360000.0,2023-09-22 10:50:00+05:30
110.95,111.25,110.9,111.0,8908.0,1695360300.0,2023-09-22 10:55:00+05:30
111.0,111.25,110.9,110.95,6944.0,1695360600.0,2023-09-22 11:00:00+05:30
110.95,111.35,110.8,111.3,3368.0,1695360900.0,2023-09-22 11:05:00+05:30
111.3,111.4,111.25,111.4,4684.0,1695361200.0,2023-09-22 11:10:00+05:30
111.4,111.5,111.25,111.4,5124.0,1695361500.0,2023-09-22 11:15:00+05:30
111.25,111.4,111.25,111.25,3368.0,1695361800.0,2023-09-22 11:20:00+05:30
111.25,111.3,111.25,111.25,2252.0,1695362100.0,2023-09-22 11:25:00+05:30
111.25,111.35,111.25,111.25,9568.0,1695362400.0,2023-09-22 11:30:00+05:30
111.25,111.4,111.2,111.3,9424.0,1695362700.0,2023-09-22 11:35:00+05:30
111.45,111.45,111.25,111.35,3032.0,1695363000.0,2023-09-22 11:40:00+05:30
111.35,111.35,111.2,111.2,1980.0,1695363300.0,2023-09-22 11:45:00+05:30
111.2,111.35,111.2,111.25,1856.0,1695363600.0,2023-09-22 11:50:00+05:30
111.25,111.75,111.15,111.75,14604.0,1695363900.0,2023-09-22 11:55:00+05:30
111.75,111.95,111.7,111.9,3932.0,1695364200.0,2023-09-22 12:00:00+05:30
111.9,111.9,111.7,111.9,2036.0,1695364500.0,2023-09-22 12:05:00+05:30
111.9,111.9,111.65,111.85,8872.0,1695364800.0,2023-09-22 12:10:00+05:30
111.85,112.75,111.85,112.6,24420.0,1695365100.0,2023-09-22 12:15:00+05:30
112.6,112.85,112.5,112.6,11776.0,1695365400.0,2023-09-22 12:20:00+05:30
112.6,112.85,112.5,112.5,2984.0,1695365700.0,2023-09-22 12:25:00+05:30
112.5,112.6,112.5,112.6,4032.0,1695366000.0,2023-09-22 12:30:00+05:30
112.6,112.7,112.4,112.7,4248.0,1695366300.0,2023-09-22 12:35:00+05:30
112.7,112.7,112.5,112.6,7068.0,1695366600.0,2023-09-22 12:40:00+05:30
112.6,112.6,112.4,112.55,21060.0,1695366900.0,2023-09-22 12:45:00+05:30
112.55,112.65,112.5,112.65,3164.0,1695367200.0,2023-09-22 12:50:00+05:30
112.65,112.7,112.4,112.4,1972.0,1695367500.0,2023-09-22 12:55:00+05:30
112.4,112.6,112.4,112.4,6708.0,1695367800.0,2023-09-22 13:00:00+05:30
112.4,112.6,112.4,112.5,2128.0,1695368100.0,2023-09-22 13:05:00+05:30
112.5,112.7,112.5,112.7,4388.0,1695368400.0,2023-09-22 13:10:00+05:30
112.65,112.7,112.4,112.65,2468.0,1695368700.0,2023-09-22 13:15:00+05:30
112.5,112.75,112.5,112.55,6572.0,1695369000.0,2023-09-22 13:20:00+05:30
112.55,112.7,112.5,112.6,2288.0,1695369300.0,2023-09-22 13:25:00+05:30
112.6,112.85,112.5,112.85,3720.0,1695369600.0,2023-09-22 13:30:00+05:30
112.75,112.85,112.75,112.75,5500.0,1695369900.0,2023-09-22 13:35:00+05:30
112.75,112.8,112.7,112.8,6556.0,1695370200.0,2023-09-22 13:40:00+05:30
112.8,112.95,112.75,112.9,6324.0,1695370500.0,2023-09-22 13:45:00+05:30
112.9,112.9,112.75,112.9,2076.0,1695370800.0,2023-09-22 13:50:00+05:30
112.9,113.0,112.75,113.0,8032.0,1695371100.0,2023-09-22 13:55:00+05:30
113.05,113.1,113.0,113.1,2616.0,1695371400.0,2023-09-22 14:00:00+05:30
113.1,113.1,113.0,113.0,3188.0,1695371700.0,2023-09-22 14:05:00+05:30
113.0,113.05,112.6,112.8,4296.0,1695372000.0,2023-09-22 14:10:00+05:30
112.8,113.0,112.8,112.85,3068.0,1695372300.0,2023-09-22 14:15:00+05:30
112.85,112.95,112.8,112.8,2216.0,1695372600.0,2023-09-22 14:20:00+05:30
112.95,113.05,112.75,113.05,9464.0,1695372900.0,2023-09-22 14:25:00+05:30
113.05,113.1,112.9,112.9,4824.0,1695373200.0,2023-09-22 14:30:00+05:30
112.9,113.05,112.55,112.55,5300.0,1695373500.0,2023-09-22 14:35:00+05:30
112.55,112.7,112.2,112.2,8836.0,1695373800.0,2023-09-22 14:40:00+05:30
112.2,112.2,111.25,111.35,3564.0,1695374100.0,2023-09-22 14:45:00+05:30
111.35,111.4,111.05,111.3,4484.0,1695374400.0,2023-09-22 14:50:00+05:30
111.3,111.8,111.25,111.8,7060.0,1695374700.0,2023-09-22 14:55:00+05:30
111.75,111.95,111.75,111.75,3888.0,1695375000.0,2023-09-22 15:00:00+05:30
111.85,111.95,111.75,111.9,1760.0,1695375300.0,2023-09-22 15:05:00+05:30
111.9,112.1,111.6,111.8,29360.0,1695375600.0,2023-09-22 15:10:00+05:30
111.75,112.05,111.7,111.75,66388.0,1695375900.0,2023-09-22 15:15:00+05:30
111.75,112.0,111.75,112.0,14316.0,1695376200.0,2023-09-22 15:20:00+05:30
112.0,112.0,111.25,111.25,11432.0,1695376500.0,2023-09-22 15:25:00+05:30
111.75,113.5,111.75,112.15,5884.0,1695613500.0,2023-09-25 09:15:00+05:30
112.0,112.2,111.6,111.8,6840.0,1695613800.0,2023-09-25 09:20:00+05:30
111.8,112.1,111.5,112.1,7216.0,1695614100.0,2023-09-25 09:25:00+05:30
112.1,112.45,112.0,112.35,3616.0,1695614400.0,2023-09-25 09:30:00+05:30
112.35,112.4,111.95,111.95,6072.0,1695614700.0,2023-09-25 09:35:00+05:30
111.95,111.95,111.2,111.3,24376.0,1695615000.0,2023-09-25 09:40:00+05:30
111.4,111.6,110.5,111.0,29104.0,1695615300.0,2023-09-25 09:45:00+05:30
111.0,111.25,110.5,110.7,5108.0,1695615600.0,2023-09-25 09:50:00+05:30
110.7,111.1,110.7,111.1,6952.0,1695615900.0,2023-09-25 09:55:00+05:30
111.1,111.45,110.9,111.15,2916.0,1695616200.0,2023-09-25 10:00:00+05:30
111.15,111.15,110.8,110.8,3844.0,1695616500.0,2023-09-25 10:05:00+05:30
110.8,110.95,110.6,110.6,520.0,1695616800.0,2023-09-25 10:10:00+05:30
110.6,110.7,110.2,110.4,3304.0,1695617100.0,2023-09-25 10:15:00+05:30
110.25,110.35,109.4,109.65,29268.0,1695617400.0,2023-09-25 10:20:00+05:30
109.5,109.8,109.5,109.75,3296.0,1695617700.0,2023-09-25 10:25:00+05:30
109.75,110.0,108.75,109.25,18116.0,1695618000.0,2023-09-25 10:30:00+05:30
109.25,109.7,109.25,109.7,3464.0,1695618300.0,2023-09-25 10:35:00+05:30
109.7,110.0,109.4,110.0,8368.0,1695618600.0,2023-09-25 10:40:00+05:30
110.0,110.0,109.5,109.6,3796.0,1695618900.0,2023-09-25 10:45:00+05:30
109.6,109.8,109.4,109.6,1528.0,1695619200.0,2023-09-25 10:50:00+05:30
109.6,109.8,109.6,109.8,652.0,1695619500.0,2023-09-25 10:55:00+05:30
109.8,109.8,109.3,109.4,3660.0,1695619800.0,2023-09-25 11:00:00+05:30
109.4,109.45,109.25,109.3,1968.0,1695620100.0,2023-09-25 11:05:00+05:30
109.3,109.45,109.25,109.3,1416.0,1695620400.0,2023-09-25 11:10:00+05:30
109.3,109.45,108.95,109.15,14824.0,1695620700.0,2023-09-25 11:15:00+05:30
109.15,109.75,108.85,109.65,26720.0,1695621000.0,2023-09-25 11:20:00+05:30
109.65,109.65,109.05,109.15,1948.0,1695621300.0,2023-09-25 11:25:00+05:30
109.15,109.2,109.0,109.0,3196.0,1695621600.0,2023-09-25 11:30:00+05:30
109.0,109.25,108.7,108.75,25476.0,1695621900.0,2023-09-25 11:35:00+05:30
108.75,108.8,108.3,108.8,5816.0,1695622200.0,2023-09-25 11:40:00+05:30
108.9,108.9,108.75,108.8,2604.0,1695622500.0,2023-09-25 11:45:00+05:30
108.8,108.9,107.5,107.5,72208.0,1695622800.0,2023-09-25 11:50:00+05:30
107.35,107.9,107.25,107.6,6092.0,1695623100.0,2023-09-25 11:55:00+05:30
107.6,108.1,107.55,107.9,8284.0,1695623400.0,2023-09-25 12:00:00+05:30
107.9,108.25,107.65,107.7,18576.0,1695623700.0,2023-09-25 12:05:00+05:30
107.7,108.25,107.6,108.0,2760.0,1695624000.0,2023-09-25 12:10:00+05:30
108.0,108.45,108.0,108.3,1284.0,1695624300.0,2023-09-25 12:15:00+05:30
108.4,108.6,108.25,108.5,1104.0,1695624600.0,2023-09-25 12:20:00+05:30
108.5,108.75,108.5,108.6,1636.0,1695624900.0,2023-09-25 12:25:00+05:30
108.6,108.75,108.5,108.6,2108.0,1695625200.0,2023-09-25 12:30:00+05:30
108.6,108.75,108.25,108.35,6796.0,1695625500.0,2023-09-25 12:35:00+05:30
108.35,108.4,108.05,108.1,2652.0,1695625800.0,2023-09-25 12:40:00+05:30
108.1,108.4,108.0,108.25,13256.0,1695626100.0,2023-09-25 12:45:00+05:30
108.25,108.35,108.1,108.1,2928.0,1695626400.0,2023-09-25 12:50:00+05:30
108.1,108.55,108.1,108.4,2136.0,1695626700.0,2023-09-25 12:55:00+05:30
108.4,108.7,108.4,108.45,1444.0,1695627000.0,2023-09-25 13:00:00+05:30
108.45,108.6,108.4,108.4,1372.0,1695627300.0,2023-09-25 13:05:00+05:30
108.55,108.65,108.4,108.55,3096.0,1695627600.0,2023-09-25 13:10:00+05:30
108.55,108.8,108.5,108.6,2752.0,1695627900.0,2023-09-25 13:15:00+05:30
108.95,108.95,108.35,108.35,3316.0,1695628200.0,2023-09-25 13:20:00+05:30
108.35,108.55,108.35,108.5,344.0,1695628500.0,2023-09-25 13:25:00+05:30
108.8,109.05,108.75,108.9,4652.0,1695628800.0,2023-09-25 13:30:00+05:30
108.9,109.1,108.9,108.95,728.0,1695629100.0,2023-09-25 13:35:00+05:30
109.2,109.5,109.0,109.05,5288.0,1695629400.0,2023-09-25 13:40:00+05:30
109.05,109.45,109.05,109.05,3680.0,1695629700.0,2023-09-25 13:45:00+05:30
109.05,109.35,109.05,109.35,2976.0,1695630000.0,2023-09-25 13:50:00+05:30
109.5,109.5,109.2,109.25,1096.0,1695630300.0,2023-09-25 13:55:00+05:30
109.25,109.25,108.8,108.85,6528.0,1695630600.0,2023-09-25 14:00:00+05:30
108.85,109.1,108.75,108.8,2964.0,1695630900.0,2023-09-25 14:05:00+05:30
108.8,109.05,108.8,108.8,2728.0,1695631200.0,2023-09-25 14:10:00+05:30
108.8,109.25,108.75,108.75,4400.0,1695631500.0,2023-09-25 14:15:00+05:30
108.75,109.05,108.75,108.8,648.0,1695631800.0,2023-09-25 14:20:00+05:30
108.8,108.9,108.5,108.55,1276.0,1695632100.0,2023-09-25 14:25:00+05:30
108.55,108.75,108.5,108.55,1108.0,1695632400.0,2023-09-25 14:30:00+05:30
108.55,108.75,108.55,108.6,196.0,1695632700.0,2023-09-25 14:35:00+05:30
108.6,108.75,108.55,108.75,1748.0,1695633000.0,2023-09-25 14:40:00+05:30
108.6,108.95,108.5,108.95,2268.0,1695633300.0,2023-09-25 14:45:00+05:30
108.95,109.1,108.75,108.8,1532.0,1695633600.0,2023-09-25 14:50:00+05:30
108.95,108.95,108.4,108.4,3076.0,1695633900.0,2023-09-25 14:55:00+05:30
108.4,108.75,108.25,108.7,2652.0,1695634200.0,2023-09-25 15:00:00+05:30
108.75,108.9,108.5,108.5,4672.0,1695634500.0,2023-09-25 15:05:00+05:30
108.55,108.8,108.3,108.8,3704.0,1695634800.0,2023-09-25 15:10:00+05:30
108.8,108.8,108.1,108.1,8672.0,1695635100.0,2023-09-25 15:15:00+05:30
108.1,108.75,108.0,108.25,20980.0,1695635400.0,2023-09-25 15:20:00+05:30
108.25,108.5,107.95,108.45,11960.0,1695635700.0,2023-09-25 15:25:00+05:30
108.75,109.75,108.7,109.55,17688.0,1695699900.0,2023-09-26 09:15:00+05:30
109.75,109.85,109.5,109.6,3584.0,1695700200.0,2023-09-26 09:20:00+05:30
109.6,109.75,109.4,109.75,4168.0,1695700500.0,2023-09-26 09:25:00+05:30
109.75,110.45,109.7,110.1,17256.0,1695700800.0,2023-09-26 09:30:00+05:30
110.1,110.1,109.4,109.5,11232.0,1695701100.0,2023-09-26 09:35:00+05:30
109.5,109.85,109.5,109.6,3404.0,1695701400.0,2023-09-26 09:40:00+05:30
109.65,109.7,108.9,109.4,13396.0,1695701700.0,2023-09-26 09:45:00+05:30
109.4,110.1,109.25,109.95,6688.0,1695702000.0,2023-09-26 09:50:00+05:30
109.8,109.95,109.6,109.7,2200.0,1695702300.0,2023-09-26 09:55:00+05:30
109.7,109.75,109.5,109.65,1884.0,1695702600.0,2023-09-26 10:00:00+05:30
109.65,109.75,109.4,109.55,2132.0,1695702900.0,2023-09-26 10:05:00+05:30
109.55,109.6,109.4,109.6,2008.0,1695703200.0,2023-09-26 10:10:00+05:30
109.6,109.6,109.4,109.4,1816.0,1695703500.0,2023-09-26 10:15:00+05:30
109.4,109.55,109.25,109.4,2284.0,1695703800.0,2023-09-26 10:20:00+05:30
109.4,109.55,109.4,109.5,412.0,1695704100.0,2023-09-26 10:25:00+05:30
109.45,109.5,109.3,109.4,2376.0,1695704400.0,2023-09-26 10:30:00+05:30
109.4,109.45,109.2,109.3,716.0,1695704700.0,2023-09-26 10:35:00+05:30
109.3,109.4,109.25,109.4,732.0,1695705000.0,2023-09-26 10:40:00+05:30
109.4,109.7,109.3,109.5,2612.0,1695705300.0,2023-09-26 10:45:00+05:30
109.6,109.8,109.45,109.45,1756.0,1695705600.0,2023-09-26 10:50:00+05:30
109.45,109.6,109.4,109.4,408.0,1695705900.0,2023-09-26 10:55:00+05:30
109.5,109.5,109.25,109.45,568.0,1695706200.0,2023-09-26 11:00:00+05:30
109.45,109.6,109.3,109.6,864.0,1695706500.0,2023-09-26 11:05:00+05:30
109.6,109.6,109.4,109.4,756.0,1695706800.0,2023-09-26 11:10:00+05:30
109.4,109.5,109.4,109.4,1212.0,1695707100.0,2023-09-26 11:15:00+05:30
109.4,109.5,109.4,109.4,608.0,1695707400.0,2023-09-26 11:20:00+05:30
109.4,109.5,109.3,109.5,2016.0,1695707700.0,2023-09-26 11:25:00+05:30
109.5,109.5,109.4,109.5,2928.0,1695708000.0,2023-09-26 11:30:00+05:30
109.5,109.5,109.3,109.45,1972.0,1695708300.0,2023-09-26 11:35:00+05:30
109.5,109.5,109.4,109.5,1092.0,1695708600.0,2023-09-26 11:40:00+05:30
109.5,109.5,109.4,109.5,644.0,1695708900.0,2023-09-26 11:45:00+05:30
109.5,109.5,109.4,109.5,452.0,1695709200.0,2023-09-26 11:50:00+05:30
109.5,109.5,109.5,109.5,364.0,1695709500.0,2023-09-26 11:55:00+05:30
109.5,109.5,109.4,109.5,388.0,1695709800.0,2023-09-26 12:00:00+05:30
109.4,109.5,109.4,109.5,804.0,1695710100.0,2023-09-26 12:05:00+05:30
109.5,109.7,109.4,109.5,6532.0,1695710400.0,2023-09-26 12:10:00+05:30
109.5,109.7,109.5,109.7,1904.0,1695710700.0,2023-09-26 12:15:00+05:30
109.7,109.7,109.6,109.7,204.0,1695711000.0,2023-09-26 12:20:00+05:30
109.7,109.7,109.5,109.6,1144.0,1695711300.0,2023-09-26 12:25:00+05:30
109.6,109.7,109.5,109.7,604.0,1695711600.0,2023-09-26 12:30:00+05:30
109.7,109.7,109.6,109.7,368.0,1695711900.0,2023-09-26 12:35:00+05:30
109.7,109.7,109.7,109.7,216.0,1695712200.0,2023-09-26 12:40:00+05:30
109.7,109.7,109.5,109.65,604.0,1695712500.0,2023-09-26 12:45:00+05:30
109.65,109.7,109.6,109.6,452.0,1695712800.0,2023-09-26 12:50:00+05:30
109.6,109.65,109.5,109.6,456.0,1695713100.0,2023-09-26 12:55:00+05:30
109.6,109.6,109.5,109.6,1176.0,1695713400.0,2023-09-26 13:00:00+05:30
109.6,109.75,109.5,109.65,2916.0,1695713700.0,2023-09-26 13:05:00+05:30
109.65,109.7,109.5,109.55,1660.0,1695714000.0,2023-09-26 13:10:00+05:30
109.55,109.6,109.45,109.5,964.0,1695714300.0,2023-09-26 13:15:00+05:30
109.5,109.55,109.45,109.5,340.0,1695714600.0,2023-09-26 13:20:00+05:30
109.5,109.6,109.45,109.55,1184.0,1695714900.0,2023-09-26 13:25:00+05:30
109.55,109.55,109.1,109.3,3200.0,1695715200.0,2023-09-26 13:30:00+05:30
109.3,109.35,108.95,109.15,6396.0,1695715500.0,2023-09-26 13:35:00+05:30
109.15,109.3,109.15,109.3,220.0,1695715800.0,2023-09-26 13:40:00+05:30
109.3,109.5,109.25,109.3,1796.0,1695716100.0,2023-09-26 13:45:00+05:30
109.3,109.4,109.3,109.4,440.0,1695716400.0,2023-09-26 13:50:00+05:30
109.4,109.4,109.3,109.35,640.0,1695716700.0,2023-09-26 13:55:00+05:30
109.35,109.35,109.05,109.2,2248.0,1695717000.0,2023-09-26 14:00:00+05:30
109.1,109.2,109.0,109.2,1872.0,1695717300.0,2023-09-26 14:05:00+05:30
109.2,109.2,109.1,109.1,732.0,1695717600.0,2023-09-26 14:10:00+05:30
109.2,109.2,109.0,109.2,940.0,1695717900.0,2023-09-26 14:15:00+05:30
109.2,109.35,109.0,109.35,4548.0,1695718200.0,2023-09-26 14:20:00+05:30
109.35,109.75,109.35,109.7,9184.0,1695718500.0,2023-09-26 14:25:00+05:30
109.7,109.8,109.55,109.55,1820.0,1695718800.0,2023-09-26 14:30:00+05:30
109.6,109.6,109.3,109.4,912.0,1695719100.0,2023-09-26 14:35:00+05:30
109.4,109.55,108.85,108.95,9032.0,1695719400.0,2023-09-26 14:40:00+05:30
108.95,109.0,108.8,108.8,1084.0,1695719700.0,2023-09-26 14:45:00+05:30
108.8,109.0,108.8,108.95,784.0,1695720000.0,2023-09-26 14:50:00+05:30
108.95,109.0,108.7,108.7,5696.0,1695720300.0,2023-09-26 14:55:00+05:30
108.8,109.3,108.4,108.95,16588.0,1695720600.0,2023-09-26 15:00:00+05:30
108.95,109.4,108.9,108.95,5068.0,1695720900.0,2023-09-26 15:05:00+05:30
109.0,109.1,108.75,108.95,1352.0,1695721200.0,2023-09-26 15:10:00+05:30
108.9,109.2,108.75,109.1,9788.0,1695721500.0,2023-09-26 15:15:00+05:30
108.75,109.0,108.05,109.0,13680.0,1695721800.0,2023-09-26 15:20:00+05:30
109.0,109.5,108.55,109.5,4764.0,1695722100.0,2023-09-26 15:25:00+05:30
108.7,109.7,108.7,109.4,5432.0,1695786300.0,2023-09-27 09:15:00+05:30
109.15,109.2,108.7,108.7,2176.0,1695786600.0,2023-09-27 09:20:00+05:30
108.7,109.2,108.7,108.9,5348.0,1695786900.0,2023-09-27 09:25:00+05:30
108.9,109.2,108.65,108.65,12708.0,1695787200.0,2023-09-27 09:30:00+05:30
108.7,109.0,108.6,109.0,5328.0,1695787500.0,2023-09-27 09:35:00+05:30
109.0,109.1,108.7,108.7,1240.0,1695787800.0,2023-09-27 09:40:00+05:30
108.8,109.1,108.8,108.9,2624.0,1695788100.0,2023-09-27 09:45:00+05:30
108.9,109.05,108.75,108.95,1372.0,1695788400.0,2023-09-27 09:50:00+05:30
108.95,108.95,108.55,108.6,1468.0,1695788700.0,2023-09-27 09:55:00+05:30
108.6,108.85,108.55,108.65,2184.0,1695789000.0,2023-09-27 10:00:00+05:30
108.65,108.7,108.45,108.6,688.0,1695789300.0,2023-09-27 10:05:00+05:30
108.6,108.6,108.3,108.5,1828.0,1695789600.0,2023-09-27 10:10:00+05:30
108.5,108.55,108.2,108.25,1324.0,1695789900.0,2023-09-27 10:15:00+05:30
108.25,108.4,108.25,108.4,600.0,1695790200.0,2023-09-27 10:20:00+05:30
108.4,108.45,108.25,108.4,1640.0,1695790500.0,2023-09-27 10:25:00+05:30
108.4,108.45,108.25,108.4,972.0,1695790800.0,2023-09-27 10:30:00+05:30
108.4,108.45,108.4,108.45,620.0,1695791100.0,2023-09-27 10:35:00+05:30
108.45,108.45,108.3,108.45,608.0,1695791400.0,2023-09-27 10:40:00+05:30
108.45,108.7,108.45,108.5,2488.0,1695791700.0,2023-09-27 10:45:00+05:30
108.5,108.6,108.4,108.4,532.0,1695792000.0,2023-09-27 10:50:00+05:30
108.6,108.6,108.4,108.55,496.0,1695792300.0,2023-09-27 10:55:00+05:30
108.55,108.6,108.45,108.6,160.0,1695792600.0,2023-09-27 11:00:00+05:30
108.6,108.75,108.5,108.65,1016.0,1695792900.0,2023-09-27 11:05:00+05:30
108.65,108.7,108.5,108.65,588.0,1695793200.0,2023-09-27 11:10:00+05:30
108.65,108.65,108.45,108.6,1496.0,1695793500.0,2023-09-27 11:15:00+05:30
108.6,108.65,108.45,108.45,796.0,1695793800.0,2023-09-27 11:20:00+05:30
108.45,108.45,108.3,108.45,260.0,1695794100.0,2023-09-27 11:25:00+05:30
108.45,108.5,108.3,108.45,452.0,1695794400.0,2023-09-27 11:30:00+05:30
108.45,108.45,108.3,108.45,824.0,1695794700.0,2023-09-27 11:35:00+05:30
108.5,108.6,108.3,108.3,4008.0,1695795000.0,2023-09-27 11:40:00+05:30
108.3,108.35,108.1,108.15,2444.0,1695795300.0,2023-09-27 11:45:00+05:30
108.15,108.3,107.75,108.2,5200.0,1695795600.0,2023-09-27 11:50:00+05:30
108.2,108.4,108.2,108.4,1128.0,1695795900.0,2023-09-27 11:55:00+05:30
108.4,108.5,108.35,108.45,1268.0,1695796200.0,2023-09-27 12:00:00+05:30
108.45,108.5,108.35,108.5,60.0,1695796500.0,2023-09-27 12:05:00+05:30
108.5,108.5,108.3,108.45,384.0,1695796800.0,2023-09-27 12:10:00+05:30
108.45,108.5,108.45,108.45,184.0,1695797100.0,2023-09-27 12:15:00+05:30
108.45,108.45,108.4,108.45,552.0,1695797400.0,2023-09-27 12:20:00+05:30
108.45,108.6,108.4,108.4,976.0,1695797700.0,2023-09-27 12:25:00+05:30
108.4,108.6,108.4,108.5,80.0,1695798000.0,2023-09-27 12:30:00+05:30
108.5,108.5,108.4,108.5,300.0,1695798300.0,2023-09-27 12:35:00+05:30
108.5,109.0,108.4,109.0,13516.0,1695798600.0,2023-09-27 12:40:00+05:30
109.3,109.35,109.1,109.2,2812.0,1695798900.0,2023-09-27 12:45:00+05:30
109.2,109.25,109.05,109.2,668.0,1695799200.0,2023-09-27 12:50:00+05:30
109.2,109.25,109.0,109.25,1568.0,1695799500.0,2023-09-27 12:55:00+05:30
109.25,109.3,109.25,109.3,696.0,1695799800.0,2023-09-27 13:00:00+05:30
109.3,109.3,109.0,109.2,1852.0,1695800100.0,2023-09-27 13:05:00+05:30
109.05,109.25,109.05,109.25,9576.0,1695800400.0,2023-09-27 13:10:00+05:30
109.25,109.45,109.2,109.2,4352.0,1695800700.0,2023-09-27 13:15:00+05:30
109.2,109.45,109.2,109.4,1968.0,1695801000.0,2023-09-27 13:20:00+05:30
109.4,109.4,109.2,109.4,340.0,1695801300.0,2023-09-27 13:25:00+05:30
109.4,109.5,109.4,109.5,1792.0,1695801600.0,2023-09-27 13:30:00+05:30
109.5,109.65,109.5,109.65,2188.0,1695801900.0,2023-09-27 13:35:00+05:30
109.65,109.65,109.5,109.5,140.0,1695802200.0,2023-09-27 13:40:00+05:30
109.5,109.65,109.45,109.5,704.0,1695802500.0,2023-09-27 13:45:00+05:30
109.5,109.65,109.4,109.6,4816.0,1695802800.0,2023-09-27 13:50:00+05:30
109.6,109.7,109.5,109.6,636.0,1695803100.0,2023-09-27 13:55:00+05:30
109.6,109.75,109.5,109.75,2072.0,1695803400.0,2023-09-27 14:00:00+05:30
109.75,109.75,109.5,109.7,2928.0,1695803700.0,2023-09-27 14:05:00+05:30
109.7,109.7,109.55,109.7,284.0,1695804000.0,2023-09-27 14:10:00+05:30
109.7,109.7,109.7,109.7,76.0,1695804300.0,2023-09-27 14:15:00+05:30
109.7,109.7,109.2,109.35,6640.0,1695804600.0,2023-09-27 14:20:00+05:30
109.35,109.35,109.2,109.35,4148.0,1695804900.0,2023-09-27 14:25:00+05:30
109.35,109.75,109.35,109.65,4088.0,1695805200.0,2023-09-27 14:30:00+05:30
109.65,109.65,109.0,109.2,5860.0,1695805500.0,2023-09-27 14:35:00+05:30
109.2,109.6,109.2,109.55,1864.0,1695805800.0,2023-09-27 14:40:00+05:30
109.55,109.6,109.3,109.3,2048.0,1695806100.0,2023-09-27 14:45:00+05:30
109.3,109.4,109.1,109.2,556.0,1695806400.0,2023-09-27 14:50:00+05:30
109.2,109.4,109.2,109.2,456.0,1695806700.0,2023-09-27 14:55:00+05:30
109.2,109.3,109.1,109.1,808.0,1695807000.0,2023-09-27 15:00:00+05:30
109.1,109.3,109.1,109.3,2244.0,1695807300.0,2023-09-27 15:05:00+05:30
109.3,109.45,109.2,109.25,12284.0,1695807600.0,2023-09-27 15:10:00+05:30
109.25,109.25,108.4,108.4,13268.0,1695807900.0,2023-09-27 15:15:00+05:30
108.4,108.7,108.15,108.15,10488.0,1695808200.0,2023-09-27 15:20:00+05:30
108.25,109.35,108.25,109.35,29808.0,1695808500.0,2023-09-27 15:25:00+05:30
108.8,110.25,108.8,110.05,12952.0,1695872700.0,2023-09-28 09:15:00+05:30
110.05,110.25,109.8,109.95,8004.0,1695873000.0,2023-09-28 09:20:00+05:30
109.95,110.55,109.9,110.5,6916.0,1695873300.0,2023-09-28 09:25:00+05:30
110.5,110.6,110.0,110.55,7732.0,1695873600.0,2023-09-28 09:30:00+05:30
110.55,111.1,110.4,111.1,13168.0,1695873900.0,2023-09-28 09:35:00+05:30
111.1,111.1,110.8,111.0,3612.0,1695874200.0,2023-09-28 09:40:00+05:30
110.95,111.15,110.85,111.15,1436.0,1695874500.0,2023-09-28 09:45:00+05:30
111.15,112.05,111.15,111.9,27500.0,1695874800.0,2023-09-28 09:50:00+05:30
111.75,112.0,111.6,111.95,4952.0,1695875100.0,2023-09-28 09:55:00+05:30
111.95,111.95,111.7,111.75,13196.0,1695875400.0,2023-09-28 10:00:00+05:30
111.75,111.8,111.45,111.65,1848.0,1695875700.0,2023-09-28 10:05:00+05:30
111.7,111.8,111.45,111.8,4640.0,1695876000.0,2023-09-28 10:10:00+05:30
111.65,111.75,111.6,111.75,2516.0,1695876300.0,2023-09-28 10:15:00+05:30
111.7,111.85,111.6,111.7,4344.0,1695876600.0,2023-09-28 10:20:00+05:30
111.7,111.75,111.6,111.7,1860.0,1695876900.0,2023-09-28 10:25:00+05:30
111.7,111.85,111.7,111.8,3844.0,1695877200.0,2023-09-28 10:30:00+05:30
111.8,111.85,111.55,111.75,7880.0,1695877500.0,2023-09-28 10:35:00+05:30
111.75,111.75,111.5,111.5,5568.0,1695877800.0,2023-09-28 10:40:00+05:30
111.5,111.7,111.45,111.6,1108.0,1695878100.0,2023-09-28 10:45:00+05:30
111.6,111.6,111.3,111.35,1364.0,1695878400.0,2023-09-28 10:50:00+05:30
111.35,111.45,111.35,111.4,700.0,1695878700.0,2023-09-28 10:55:00+05:30
111.4,111.4,111.05,111.05,748.0,1695879000.0,2023-09-28 11:00:00+05:30
111.05,111.2,111.05,111.1,612.0,1695879300.0,2023-09-28 11:05:00+05:30
111.1,111.1,110.65,110.85,3572.0,1695879600.0,2023-09-28 11:10:00+05:30
110.85,110.85,110.75,110.8,424.0,1695879900.0,2023-09-28 11:15:00+05:30
110.8,111.0,110.8,110.9,1284.0,1695880200.0,2023-09-28 11:20:00+05:30
110.9,111.0,110.9,111.0,76.0,1695880500.0,2023-09-28 11:25:00+05:30
111.0,111.0,110.8,110.85,1648.0,1695880800.0,2023-09-28 11:30:00+05:30
110.85,110.85,110.55,110.65,216.0,1695881100.0,2023-09-28 11:35:00+05:30
110.65,110.85,110.6,110.85,1152.0,1695881400.0,2023-09-28 11:40:00+05:30
110.85,110.85,110.75,110.85,1240.0,1695881700.0,2023-09-28 11:45:00+05:30
110.85,110.85,110.8,110.85,188.0,1695882000.0,2023-09-28 11:50:00+05:30
110.85,110.85,110.65,110.8,1060.0,1695882300.0,2023-09-28 11:55:00+05:30
110.8,111.0,110.7,111.0,4456.0,1695882600.0,2023-09-28 12:00:00+05:30
111.0,111.0,110.85,110.85,800.0,1695882900.0,2023-09-28 12:05:00+05:30
110.85,110.85,110.75,110.85,1792.0,1695883200.0,2023-09-28 12:10:00+05:30
110.85,110.85,110.8,110.85,344.0,1695883500.0,2023-09-28 12:15:00+05:30
110.85,110.85,110.75,110.85,1628.0,1695883800.0,2023-09-28 12:20:00+05:30
110.85,111.0,110.85,111.0,2208.0,1695884100.0,2023-09-28 12:25:00+05:30
110.9,111.0,110.9,110.9,2648.0,1695884400.0,2023-09-28 12:30:00+05:30
110.9,110.9,110.6,110.6,3192.0,1695884700.0,2023-09-28 12:35:00+05:30
110.6,110.75,110.6,110.75,2344.0,1695885000.0,2023-09-28 12:40:00+05:30
110.75,110.75,110.6,110.65,2796.0,1695885300.0,2023-09-28 12:45:00+05:30
110.65,110.75,110.65,110.75,48.0,1695885600.0,2023-09-28 12:50:00+05:30
110.75,110.75,110.65,110.75,3552.0,1695885900.0,2023-09-28 12:55:00+05:30
110.75,110.9,110.7,110.9,1848.0,1695886200.0,2023-09-28 13:00:00+05:30
110.9,110.95,110.8,110.8,2084.0,1695886500.0,2023-09-28 13:05:00+05:30
110.8,110.8,110.75,110.8,376.0,1695886800.0,2023-09-28 13:10:00+05:30
110.8,110.9,110.7,110.75,1568.0,1695887100.0,2023-09-28 13:15:00+05:30
110.75,110.75,110.4,110.4,2188.0,1695887400.0,2023-09-28 13:20:00+05:30
110.4,110.5,110.25,110.25,2236.0,1695887700.0,2023-09-28 13:25:00+05:30
110.25,110.5,110.25,110.3,156.0,1695888000.0,2023-09-28 13:30:00+05:30
110.3,110.6,110.3,110.55,596.0,1695888300.0,2023-09-28 13:35:00+05:30
110.55,110.55,110.45,110.55,140.0,1695888600.0,2023-09-28 13:40:00+05:30
110.55,110.6,110.4,110.4,4476.0,1695888900.0,2023-09-28 13:45:00+05:30
110.5,110.5,110.25,110.45,5192.0,1695889200.0,2023-09-28 13:50:00+05:30
110.45,110.45,110.0,110.0,5332.0,1695889500.0,2023-09-28 13:55:00+05:30
110.15,110.25,110.0,110.2,3716.0,1695889800.0,2023-09-28 14:00:00+05:30
110.2,110.25,110.1,110.25,864.0,1695890100.0,2023-09-28 14:05:00+05:30
110.25,110.25,110.1,110.2,116.0,1695890400.0,2023-09-28 14:10:00+05:30
110.2,110.45,110.2,110.45,332.0,1695890700.0,2023-09-28 14:15:00+05:30
110.45,110.5,110.2,110.3,120.0,1695891000.0,2023-09-28 14:20:00+05:30
110.4,110.45,110.25,110.45,1184.0,1695891300.0,2023-09-28 14:25:00+05:30
110.45,110.45,110.2,110.45,792.0,1695891600.0,2023-09-28 14:30:00+05:30
110.45,110.45,110.3,110.4,192.0,1695891900.0,2023-09-28 14:35:00+05:30
110.4,110.45,110.25,110.4,4576.0,1695892200.0,2023-09-28 14:40:00+05:30
110.4,110.45,110.25,110.25,6940.0,1695892500.0,2023-09-28 14:45:00+05:30
110.25,110.25,110.0,110.2,3712.0,1695892800.0,2023-09-28 14:50:00+05:30
110.2,110.4,109.95,110.4,2312.0,1695893100.0,2023-09-28 14:55:00+05:30
110.4,110.4,110.1,110.25,3588.0,1695893400.0,2023-09-28 15:00:00+05:30
110.35,110.75,110.25,110.45,14792.0,1695893700.0,2023-09-28 15:05:00+05:30
110.4,110.4,109.9,109.95,6588.0,1695894000.0,2023-09-28 15:10:00+05:30
109.9,110.1,109.65,109.8,4072.0,1695894300.0,2023-09-28 15:15:00+05:30
109.8,109.8,108.9,108.9,11980.0,1695894600.0,2023-09-28 15:20:00+05:30
108.9,110.15,108.9,110.15,14700.0,1695894900.0,2023-09-28 15:25:00+05:30
109.9,111.0,109.9,110.3,6524.0,1695959100.0,2023-09-29 09:15:00+05:30
110.3,110.6,110.15,110.5,6384.0,1695959400.0,2023-09-29 09:20:00+05:30
110.55,110.75,110.5,110.6,2140.0,1695959700.0,2023-09-29 09:25:00+05:30
110.6,110.6,110.25,110.45,4784.0,1695960000.0,2023-09-29 09:30:00+05:30
110.45,110.6,110.2,110.5,3088.0,1695960300.0,2023-09-29 09:35:00+05:30
110.5,110.55,110.3,110.45,1044.0,1695960600.0,2023-09-29 09:40:00+05:30
110.45,110.7,110.45,110.6,1768.0,1695960900.0,2023-09-29 09:45:00+05:30
110.6,110.9,110.5,110.9,2044.0,1695961200.0,2023-09-29 09:50:00+05:30
110.9,110.9,110.5,110.7,1780.0,1695961500.0,2023-09-29 09:55:00+05:30
110.7,110.7,109.9,109.9,10856.0,1695961800.0,2023-09-29 10:00:00+05:30
110.0,110.0,109.75,109.9,1916.0,1695962100.0,2023-09-29 10:05:00+05:30
109.9,109.9,109.7,109.75,3112.0,1695962400.0,2023-09-29 10:10:00+05:30
109.75,109.8,109.6,109.7,2020.0,1695962700.0,2023-09-29 10:15:00+05:30
109.7,109.85,109.7,109.85,392.0,1695963000.0,2023-09-29 10:20:00+05:30
109.85,109.85,109.4,109.65,12640.0,1695963300.0,2023-09-29 10:25:00+05:30
109.65,109.75,109.4,109.4,2048.0,1695963600.0,2023-09-29 10:30:00+05:30
109.4,109.5,109.4,109.4,884.0,1695963900.0,2023-09-29 10:35:00+05:30
109.4,109.4,109.0,109.2,6160.0,1695964200.0,2023-09-29 10:40:00+05:30
109.2,109.4,109.0,109.2,2880.0,1695964500.0,2023-09-29 10:45:00+05:30
109.2,109.35,109.1,109.2,1096.0,1695964800.0,2023-09-29 10:50:00+05:30
109.2,109.2,108.9,109.2,4524.0,1695965100.0,2023-09-29 10:55:00+05:30
109.2,110.2,109.1,110.1,28212.0,1695965400.0,2023-09-29 11:00:00+05:30
110.1,110.2,110.1,110.2,56.0,1695965700.0,2023-09-29 11:05:00+05:30
110.2,110.2,109.9,110.05,1828.0,1695966000.0,2023-09-29 11:10:00+05:30
110.05,110.05,109.9,109.9,892.0,1695966300.0,2023-09-29 11:15:00+05:30
109.9,110.0,109.9,109.9,296.0,1695966600.0,2023-09-29 11:20:00+05:30
109.9,109.9,109.75,109.8,480.0,1695966900.0,2023-09-29 11:25:00+05:30
109.8,110.0,109.8,109.95,588.0,1695967200.0,2023-09-29 11:30:00+05:30
109.95,109.95,109.9,109.95,284.0,1695967500.0,2023-09-29 11:35:00+05:30
109.95,110.0,109.9,109.9,356.0,1695967800.0,2023-09-29 11:40:00+05:30
109.9,109.95,109.75,109.95,1576.0,1695968100.0,2023-09-29 11:45:00+05:30
109.95,110.0,109.95,110.0,472.0,1695968400.0,2023-09-29 11:50:00+05:30
110.0,110.0,109.85,109.9,7260.0,1695968700.0,2023-09-29 11:55:00+05:30
109.9,109.9,109.85,109.85,732.0,1695969000.0,2023-09-29 12:00:00+05:30
109.85,109.85,109.7,109.75,1432.0,1695969300.0,2023-09-29 12:05:00+05:30
109.75,109.8,109.5,109.8,1184.0,1695969600.0,2023-09-29 12:10:00+05:30
109.8,109.95,109.7,109.95,424.0,1695969900.0,2023-09-29 12:15:00+05:30
109.95,109.95,109.9,109.9,468.0,1695970200.0,2023-09-29 12:20:00+05:30
109.9,110.35,109.85,110.35,6648.0,1695970500.0,2023-09-29 12:25:00+05:30
110.35,110.45,110.3,110.45,284.0,1695970800.0,2023-09-29 12:30:00+05:30
110.45,110.45,110.1,110.25,896.0,1695971100.0,2023-09-29 12:35:00+05:30
110.25,110.45,110.1,110.45,1452.0,1695971400.0,2023-09-29 12:40:00+05:30
110.45,110.8,110.4,110.8,4508.0,1695971700.0,2023-09-29 12:45:00+05:30
110.55,110.8,110.55,110.75,5524.0,1695972000.0,2023-09-29 12:50:00+05:30
110.75,110.8,110.6,110.8,2164.0,1695972300.0,2023-09-29 12:55:00+05:30
110.8,111.75,110.6,111.75,11640.0,1695972600.0,2023-09-29 13:00:00+05:30
111.75,111.9,111.6,111.9,17400.0,1695972900.0,2023-09-29 13:05:00+05:30
111.9,112.0,111.35,111.95,12972.0,1695973200.0,2023-09-29 13:10:00+05:30
111.9,112.25,111.9,112.05,11668.0,1695973500.0,2023-09-29 13:15:00+05:30
112.05,112.1,111.85,111.9,15892.0,1695973800.0,2023-09-29 13:20:00+05:30
111.9,113.0,111.9,112.95,46420.0,1695974100.0,2023-09-29 13:25:00+05:30
112.95,112.95,112.3,112.45,6996.0,1695974400.0,2023-09-29 13:30:00+05:30
112.45,112.9,112.3,112.9,15444.0,1695974700.0,2023-09-29 13:35:00+05:30
112.9,113.1,112.65,112.85,21976.0,1695975000.0,2023-09-29 13:40:00+05:30
112.85,113.1,112.8,113.0,11380.0,1695975300.0,2023-09-29 13:45:00+05:30
113.0,113.0,112.7,112.75,2012.0,1695975600.0,2023-09-29 13:50:00+05:30
112.75,113.2,112.75,113.2,5604.0,1695975900.0,2023-09-29 13:55:00+05:30
113.2,113.2,112.75,112.95,1824.0,1695976200.0,2023-09-29 14:00:00+05:30
112.95,113.0,112.6,112.85,8260.0,1695976500.0,2023-09-29 14:05:00+05:30
112.7,112.9,112.65,112.7,5520.0,1695976800.0,2023-09-29 14:10:00+05:30
112.7,112.95,112.45,112.95,31312.0,1695977100.0,2023-09-29 14:15:00+05:30
112.95,112.95,112.8,112.8,2216.0,1695977400.0,2023-09-29 14:20:00+05:30
112.8,112.9,112.75,112.75,8352.0,1695977700.0,2023-09-29 14:25:00+05:30
112.75,112.85,112.7,112.8,608.0,1695978000.0,2023-09-29 14:30:00+05:30
112.8,112.8,112.65,112.7,4300.0,1695978300.0,2023-09-29 14:35:00+05:30
112.7,112.75,112.6,112.7,6248.0,1695978600.0,2023-09-29 14:40:00+05:30
112.7,112.8,112.5,112.6,21932.0,1695978900.0,2023-09-29 14:45:00+05:30
112.6,112.6,112.2,112.35,12776.0,1695979200.0,2023-09-29 14:50:00+05:30
112.35,112.35,112.0,112.1,6588.0,1695979500.0,2023-09-29 14:55:00+05:30
112.1,112.7,112.1,112.6,20680.0,1695979800.0,2023-09-29 15:00:00+05:30
112.6,112.7,112.4,112.65,5776.0,1695980100.0,2023-09-29 15:05:00+05:30
112.55,112.85,112.4,112.45,27084.0,1695980400.0,2023-09-29 15:10:00+05:30
112.45,113.0,112.2,112.4,51420.0,1695980700.0,2023-09-29 15:15:00+05:30
112.4,113.0,112.4,112.8,26928.0,1695981000.0,2023-09-29 15:20:00+05:30
112.8,113.25,112.4,113.0,21464.0,1695981300.0,2023-09-29 15:25:00+05:30
112.5,113.05,112.0,113.0,23940.0,1696304700.0,2023-10-03 09:15:00+05:30
112.95,113.25,112.75,113.0,13612.0,1696305000.0,2023-10-03 09:20:00+05:30
113.2,113.4,112.6,113.3,13980.0,1696305300.0,2023-10-03 09:25:00+05:30
113.3,113.3,113.0,113.1,5968.0,1696305600.0,2023-10-03 09:30:00+05:30
113.1,113.2,112.9,112.9,2272.0,1696305900.0,2023-10-03 09:35:00+05:30
112.9,112.95,112.55,112.7,12032.0,1696306200.0,2023-10-03 09:40:00+05:30
112.7,112.7,112.25,112.25,1672.0,1696306500.0,2023-10-03 09:45:00+05:30
112.25,112.45,112.0,112.2,2000.0,1696306800.0,2023-10-03 09:50:00+05:30
112.2,112.4,112.0,112.4,1964.0,1696307100.0,2023-10-03 09:55:00+05:30
112.4,112.4,112.0,112.0,928.0,1696307400.0,2023-10-03 10:00:00+05:30
112.0,112.1,111.5,111.9,12132.0,1696307700.0,2023-10-03 10:05:00+05:30
111.9,112.0,111.9,112.0,472.0,1696308000.0,2023-10-03 10:10:00+05:30
112.0,112.9,111.95,112.9,14032.0,1696308300.0,2023-10-03 10:15:00+05:30
112.9,113.05,112.75,112.8,5564.0,1696308600.0,2023-10-03 10:20:00+05:30
112.8,117.1,112.8,116.0,206472.0,1696308900.0,2023-10-03 10:25:00+05:30
116.05,116.4,115.6,116.25,23680.0,1696309200.0,2023-10-03 10:30:00+05:30
116.25,118.75,116.15,118.55,120960.0,1696309500.0,2023-10-03 10:35:00+05:30
118.8,121.5,118.7,119.2,156624.0,1696309800.0,2023-10-03 10:40:00+05:30
119.2,119.9,119.05,119.25,34276.0,1696310100.0,2023-10-03 10:45:00+05:30
119.25,119.65,118.0,118.5,48472.0,1696310400.0,2023-10-03 10:50:00+05:30
118.5,118.85,118.0,118.55,27056.0,1696310700.0,2023-10-03 10:55:00+05:30
118.55,119.0,117.9,118.65,13068.0,1696311000.0,2023-10-03 11:00:00+05:30
118.7,119.0,118.5,118.75,9400.0,1696311300.0,2023-10-03 11:05:00+05:30
118.75,118.9,118.3,118.3,4608.0,1696311600.0,2023-10-03 11:10:00+05:30
118.3,118.6,118.0,118.3,10976.0,1696311900.0,2023-10-03 11:15:00+05:30
118.3,118.5,118.0,118.25,8208.0,1696312200.0,2023-10-03 11:20:00+05:30
118.25,118.25,118.1,118.25,1820.0,1696312500.0,2023-10-03 11:25:00+05:30
118.25,118.4,118.05,118.3,9068.0,1696312800.0,2023-10-03 11:30:00+05:30
118.3,118.5,118.2,118.25,14512.0,1696313100.0,2023-10-03 11:35:00+05:30
118.4,119.0,118.4,118.9,39012.0,1696313400.0,2023-10-03 11:40:00+05:30
118.95,119.0,118.6,118.7,6768.0,1696313700.0,2023-10-03 11:45:00+05:30
118.7,119.0,118.7,118.9,3936.0,1696314000.0,2023-10-03 11:50:00+05:30
119.1,119.25,118.75,118.75,9192.0,1696314300.0,2023-10-03 11:55:00+05:30
118.75,118.95,118.7,118.7,5464.0,1696314600.0,2023-10-03 12:00:00+05:30
118.7,118.8,118.45,118.6,4576.0,1696314900.0,2023-10-03 12:05:00+05:30
118.6,118.95,118.6,118.95,2944.0,1696315200.0,2023-10-03 12:10:00+05:30
118.8,118.95,118.8,118.9,3032.0,1696315500.0,2023-10-03 12:15:00+05:30
118.9,118.95,118.7,118.8,4372.0,1696315800.0,2023-10-03 12:20:00+05:30
118.8,119.05,118.7,118.7,3460.0,1696316100.0,2023-10-03 12:25:00+05:30
118.65,118.75,118.45,118.45,3052.0,1696316400.0,2023-10-03 12:30:00+05:30
118.45,118.8,118.4,118.8,4052.0,1696316700.0,2023-10-03 12:35:00+05:30
118.8,118.95,118.45,118.7,3916.0,1696317000.0,2023-10-03 12:40:00+05:30
118.7,118.95,118.55,118.9,5136.0,1696317300.0,2023-10-03 12:45:00+05:30
118.9,118.95,118.5,118.5,9016.0,1696317600.0,2023-10-03 12:50:00+05:30
118.5,118.7,118.35,118.45,7352.0,1696317900.0,2023-10-03 12:55:00+05:30
118.45,118.75,118.3,118.75,3984.0,1696318200.0,2023-10-03 13:00:00+05:30
118.75,118.8,118.55,118.55,1236.0,1696318500.0,2023-10-03 13:05:00+05:30
118.7,118.7,118.5,118.55,1044.0,1696318800.0,2023-10-03 13:10:00+05:30
118.55,118.65,118.4,118.6,3768.0,1696319100.0,2023-10-03 13:15:00+05:30
118.6,118.8,118.35,118.7,19668.0,1696319400.0,2023-10-03 13:20:00+05:30
118.7,118.95,118.7,118.8,1936.0,1696319700.0,2023-10-03 13:25:00+05:30
118.8,118.95,118.75,118.9,1144.0,1696320000.0,2023-10-03 13:30:00+05:30
118.9,118.9,118.8,118.9,5328.0,1696320300.0,2023-10-03 13:35:00+05:30
118.9,118.9,118.55,118.7,1932.0,1696320600.0,2023-10-03 13:40:00+05:30
118.7,118.75,118.2,118.3,5088.0,1696320900.0,2023-10-03 13:45:00+05:30
118.3,118.35,118.05,118.2,2564.0,1696321200.0,2023-10-03 13:50:00+05:30
118.2,118.35,117.45,117.6,7548.0,1696321500.0,2023-10-03 13:55:00+05:30
117.6,117.85,117.6,117.75,7824.0,1696321800.0,2023-10-03 14:00:00+05:30
117.75,117.95,117.75,117.95,1592.0,1696322100.0,2023-10-03 14:05:00+05:30
117.95,118.0,117.8,117.95,1136.0,1696322400.0,2023-10-03 14:10:00+05:30
117.95,117.95,117.75,117.75,2824.0,1696322700.0,2023-10-03 14:15:00+05:30
117.75,118.1,117.75,118.0,3748.0,1696323000.0,2023-10-03 14:20:00+05:30
118.0,118.3,117.9,118.3,6708.0,1696323300.0,2023-10-03 14:25:00+05:30
118.1,118.5,118.0,118.35,8056.0,1696323600.0,2023-10-03 14:30:00+05:30
118.35,118.45,118.3,118.45,3884.0,1696323900.0,2023-10-03 14:35:00+05:30
118.45,118.7,118.25,118.4,16856.0,1696324200.0,2023-10-03 14:40:00+05:30
118.55,118.7,118.3,118.3,11988.0,1696324500.0,2023-10-03 14:45:00+05:30
118.3,118.7,118.3,118.5,4508.0,1696324800.0,2023-10-03 14:50:00+05:30
118.5,118.7,118.3,118.35,6396.0,1696325100.0,2023-10-03 14:55:00+05:30
118.35,118.5,118.25,118.25,1904.0,1696325400.0,2023-10-03 15:00:00+05:30
118.25,118.45,118.25,118.35,2368.0,1696325700.0,2023-10-03 15:05:00+05:30
118.35,118.4,118.25,118.25,9908.0,1696326000.0,2023-10-03 15:10:00+05:30
118.25,118.25,118.0,118.1,18184.0,1696326300.0,2023-10-03 15:15:00+05:30
118.1,118.1,117.5,117.6,20320.0,1696326600.0,2023-10-03 15:20:00+05:30
117.55,118.25,117.55,118.0,15448.0,1696326900.0,2023-10-03 15:25:00+05:30
118.7,118.7,117.2,117.2,15420.0,1696391100.0,2023-10-04 09:15:00+05:30
117.35,117.4,116.8,117.1,14612.0,1696391400.0,2023-10-04 09:20:00+05:30
117.05,117.05,115.85,116.75,30992.0,1696391700.0,2023-10-04 09:25:00+05:30
116.75,116.75,116.15,116.15,4184.0,1696392000.0,2023-10-04 09:30:00+05:30
116.1,116.1,115.5,115.7,9524.0,1696392300.0,2023-10-04 09:35:00+05:30
115.7,116.05,115.7,115.8,8688.0,1696392600.0,2023-10-04 09:40:00+05:30
115.8,116.2,115.6,115.95,6140.0,1696392900.0,2023-10-04 09:45:00+05:30
115.95,116.5,115.95,116.4,2040.0,1696393200.0,2023-10-04 09:50:00+05:30
116.4,116.7,115.9,116.15,11780.0,1696393500.0,2023-10-04 09:55:00+05:30
116.15,116.2,115.9,115.95,4612.0,1696393800.0,2023-10-04 10:00:00+05:30
115.95,116.05,115.75,116.0,2728.0,1696394100.0,2023-10-04 10:05:00+05:30
116.0,116.0,115.8,115.95,388.0,1696394400.0,2023-10-04 10:10:00+05:30
115.95,116.05,115.8,115.9,2584.0,1696394700.0,2023-10-04 10:15:00+05:30
115.9,116.1,115.9,116.1,1220.0,1696395000.0,2023-10-04 10:20:00+05:30
116.1,116.15,115.8,116.15,2712.0,1696395300.0,2023-10-04 10:25:00+05:30
116.15,116.3,116.1,116.1,2508.0,1696395600.0,2023-10-04 10:30:00+05:30
116.1,116.15,115.85,116.1,3376.0,1696395900.0,2023-10-04 10:35:00+05:30
116.1,116.25,116.0,116.0,1072.0,1696396200.0,2023-10-04 10:40:00+05:30
116.0,116.4,116.0,116.35,1532.0,1696396500.0,2023-10-04 10:45:00+05:30
116.25,116.4,116.15,116.25,1100.0,1696396800.0,2023-10-04 10:50:00+05:30
116.25,116.25,115.95,115.95,2480.0,1696397100.0,2023-10-04 10:55:00+05:30
115.95,115.95,115.75,115.75,2172.0,1696397400.0,2023-10-04 11:00:00+05:30
115.75,115.85,115.3,115.3,12168.0,1696397700.0,2023-10-04 11:05:00+05:30
115.3,115.4,115.1,115.3,13096.0,1696398000.0,2023-10-04 11:10:00+05:30
115.3,115.35,114.55,114.55,7392.0,1696398300.0,2023-10-04 11:15:00+05:30
114.55,114.65,114.5,114.65,1368.0,1696398600.0,2023-10-04 11:20:00+05:30
114.65,114.65,114.25,114.4,9296.0,1696398900.0,2023-10-04 11:25:00+05:30
114.55,114.6,114.3,114.3,1940.0,1696399200.0,2023-10-04 11:30:00+05:30
114.5,114.55,114.3,114.55,3012.0,1696399500.0,2023-10-04 11:35:00+05:30
114.55,114.55,113.8,113.9,9128.0,1696399800.0,2023-10-04 11:40:00+05:30
113.9,114.1,113.8,114.0,5032.0,1696400100.0,2023-10-04 11:45:00+05:30
114.0,114.2,113.75,113.85,1912.0,1696400400.0,2023-10-04 11:50:00+05:30
113.85,113.9,112.9,113.25,30280.0,1696400700.0,2023-10-04 11:55:00+05:30
113.25,113.55,113.15,113.55,5060.0,1696401000.0,2023-10-04 12:00:00+05:30
113.6,113.85,113.45,113.65,7168.0,1696401300.0,2023-10-04 12:05:00+05:30
113.65,113.7,113.4,113.7,1028.0,1696401600.0,2023-10-04 12:10:00+05:30
113.55,114.15,113.55,113.65,4960.0,1696401900.0,2023-10-04 12:15:00+05:30
113.65,113.85,113.6,113.8,3500.0,1696402200.0,2023-10-04 12:20:00+05:30
113.8,114.45,113.8,114.45,8688.0,1696402500.0,2023-10-04 12:25:00+05:30
114.45,114.45,114.05,114.05,1944.0,1696402800.0,2023-10-04 12:30:00+05:30
114.15,114.15,114.0,114.1,900.0,1696403100.0,2023-10-04 12:35:00+05:30
114.1,114.1,113.45,113.6,6568.0,1696403400.0,2023-10-04 12:40:00+05:30
113.6,113.7,113.6,113.6,772.0,1696403700.0,2023-10-04 12:45:00+05:30
113.6,113.6,113.45,113.5,4068.0,1696404000.0,2023-10-04 12:50:00+05:30
113.5,113.5,112.95,113.15,10860.0,1696404300.0,2023-10-04 12:55:00+05:30
113.15,113.15,112.9,112.95,1832.0,1696404600.0,2023-10-04 13:00:00+05:30
112.95,113.0,112.55,112.7,16048.0,1696404900.0,2023-10-04 13:05:00+05:30
112.7,112.8,112.55,112.8,9132.0,1696405200.0,2023-10-04 13:10:00+05:30
112.8,112.95,112.6,112.95,2696.0,1696405500.0,2023-10-04 13:15:00+05:30
112.95,113.15,112.95,113.15,768.0,1696405800.0,2023-10-04 13:20:00+05:30
113.15,113.15,113.05,113.1,556.0,1696406100.0,2023-10-04 13:25:00+05:30
113.1,113.1,112.95,112.95,2164.0,1696406400.0,2023-10-04 13:30:00+05:30
112.95,112.95,112.5,112.8,15260.0,1696406700.0,2023-10-04 13:35:00+05:30
112.8,112.95,112.65,112.95,14176.0,1696407000.0,2023-10-04 13:40:00+05:30
112.8,113.1,112.8,113.1,408.0,1696407300.0,2023-10-04 13:45:00+05:30
113.1,113.15,112.7,112.9,4868.0,1696407600.0,2023-10-04 13:50:00+05:30
112.9,112.95,112.9,112.9,1472.0,1696407900.0,2023-10-04 13:55:00+05:30
112.9,113.05,112.9,112.9,1256.0,1696408200.0,2023-10-04 14:00:00+05:30
112.9,113.1,112.9,112.9,1380.0,1696408500.0,2023-10-04 14:05:00+05:30
112.95,113.1,112.95,113.1,1972.0,1696408800.0,2023-10-04 14:10:00+05:30
113.1,113.1,112.8,112.8,1212.0,1696409100.0,2023-10-04 14:15:00+05:30
112.75,112.75,112.6,112.6,5180.0,1696409400.0,2023-10-04 14:20:00+05:30
112.6,112.95,112.4,112.45,27332.0,1696409700.0,2023-10-04 14:25:00+05:30
112.45,112.55,112.1,112.1,3860.0,1696410000.0,2023-10-04 14:30:00+05:30
112.1,112.25,112.05,112.05,2744.0,1696410300.0,2023-10-04 14:35:00+05:30
112.05,112.15,111.9,112.05,6084.0,1696410600.0,2023-10-04 14:40:00+05:30
112.1,113.45,112.1,113.3,14628.0,1696410900.0,2023-10-04 14:45:00+05:30
113.3,114.0,113.3,113.75,14900.0,1696411200.0,2023-10-04 14:50:00+05:30
113.75,114.4,113.75,114.1,9764.0,1696411500.0,2023-10-04 14:55:00+05:30
114.1,114.1,113.25,113.4,14372.0,1696411800.0,2023-10-04 15:00:00+05:30
113.4,113.4,113.0,113.1,5528.0,1696412100.0,2023-10-04 15:05:00+05:30
113.1,113.2,112.85,113.2,7632.0,1696412400.0,2023-10-04 15:10:00+05:30
113.2,113.65,112.8,113.3,9964.0,1696412700.0,2023-10-04 15:15:00+05:30
113.25,113.25,112.85,112.85,22012.0,1696413000.0,2023-10-04 15:20:00+05:30
112.8,112.8,112.3,112.3,10496.0,1696413300.0,2023-10-04 15:25:00+05:30
114.85,114.85,112.35,112.65,67384.0,1696477500.0,2023-10-05 09:15:00+05:30
112.75,114.5,112.75,114.5,18632.0,1696477800.0,2023-10-05 09:20:00+05:30
114.5,114.5,113.8,113.8,10484.0,1696478100.0,2023-10-05 09:25:00+05:30
113.8,113.8,113.25,113.7,2568.0,1696478400.0,2023-10-05 09:30:00+05:30
113.7,114.25,113.55,114.25,5384.0,1696478700.0,2023-10-05 09:35:00+05:30
114.1,114.3,114.05,114.2,1880.0,1696479000.0,2023-10-05 09:40:00+05:30
114.2,114.8,113.6,114.5,23696.0,1696479300.0,2023-10-05 09:45:00+05:30
114.7,114.75,113.85,113.95,9832.0,1696479600.0,2023-10-05 09:50:00+05:30
113.95,113.95,113.8,113.95,1104.0,1696479900.0,2023-10-05 09:55:00+05:30
113.95,114.05,113.6,113.6,2404.0,1696480200.0,2023-10-05 10:00:00+05:30
113.6,113.7,113.25,113.7,5276.0,1696480500.0,2023-10-05 10:05:00+05:30
113.7,113.75,113.55,113.75,888.0,1696480800.0,2023-10-05 10:10:00+05:30
113.8,113.8,113.4,113.8,3752.0,1696481100.0,2023-10-05 10:15:00+05:30
113.8,113.8,113.4,113.65,4744.0,1696481400.0,2023-10-05 10:20:00+05:30
113.65,113.85,113.2,113.2,7452.0,1696481700.0,2023-10-05 10:25:00+05:30
113.25,113.5,112.9,113.1,6952.0,1696482000.0,2023-10-05 10:30:00+05:30
113.3,113.35,112.9,113.35,3484.0,1696482300.0,2023-10-05 10:35:00+05:30
113.35,113.45,113.2,113.45,3100.0,1696482600.0,2023-10-05 10:40:00+05:30
113.45,113.95,113.45,113.95,2740.0,1696482900.0,2023-10-05 10:45:00+05:30
113.95,114.1,113.45,113.45,3820.0,1696483200.0,2023-10-05 10:50:00+05:30
113.6,114.1,113.55,113.55,2300.0,1696483500.0,2023-10-05 10:55:00+05:30
113.55,113.7,113.4,113.5,792.0,1696483800.0,2023-10-05 11:00:00+05:30
113.4,114.1,113.0,113.0,21964.0,1696484100.0,2023-10-05 11:05:00+05:30
113.0,113.5,113.0,113.0,6436.0,1696484400.0,2023-10-05 11:10:00+05:30
113.0,113.25,113.0,113.25,508.0,1696484700.0,2023-10-05 11:15:00+05:30
113.25,113.25,113.15,113.15,1412.0,1696485000.0,2023-10-05 11:20:00+05:30
113.15,113.4,113.15,113.2,2656.0,1696485300.0,2023-10-05 11:25:00+05:30
113.2,113.5,113.2,113.45,1012.0,1696485600.0,2023-10-05 11:30:00+05:30
113.45,113.5,113.3,113.45,408.0,1696485900.0,2023-10-05 11:35:00+05:30
113.15,113.15,113.0,113.0,4148.0,1696486200.0,2023-10-05 11:40:00+05:30
113.0,113.0,112.8,112.85,2452.0,1696486500.0,2023-10-05 11:45:00+05:30
112.9,113.0,112.7,112.9,2804.0,1696486800.0,2023-10-05 11:50:00+05:30
112.9,113.0,112.75,112.95,692.0,1696487100.0,2023-10-05 11:55:00+05:30
112.8,112.95,112.65,112.8,7188.0,1696487400.0,2023-10-05 12:00:00+05:30
112.8,112.9,112.8,112.8,2128.0,1696487700.0,2023-10-05 12:05:00+05:30
112.8,112.9,112.75,112.8,800.0,1696488000.0,2023-10-05 12:10:00+05:30
112.8,113.0,112.75,112.85,1208.0,1696488300.0,2023-10-05 12:15:00+05:30
112.85,112.9,112.8,112.9,4972.0,1696488600.0,2023-10-05 12:20:00+05:30
112.9,113.0,112.8,112.8,1108.0,1696488900.0,2023-10-05 12:25:00+05:30
112.8,112.95,112.8,112.95,64.0,1696489200.0,2023-10-05 12:30:00+05:30
112.95,113.0,112.85,113.0,280.0,1696489500.0,2023-10-05 12:35:00+05:30
113.0,113.0,112.7,112.7,4432.0,1696489800.0,2023-10-05 12:40:00+05:30
112.7,112.8,112.5,112.7,7168.0,1696490100.0,2023-10-05 12:45:00+05:30
112.7,113.0,112.7,113.0,612.0,1696490400.0,2023-10-05 12:50:00+05:30
113.0,113.0,112.85,112.9,416.0,1696490700.0,2023-10-05 12:55:00+05:30
112.9,112.95,112.6,112.7,3308.0,1696491000.0,2023-10-05 13:00:00+05:30
112.7,112.75,112.65,112.75,420.0,1696491300.0,2023-10-05 13:05:00+05:30
112.75,112.8,112.75,112.75,84.0,1696491600.0,2023-10-05 13:10:00+05:30
112.75,112.8,112.6,112.75,820.0,1696491900.0,2023-10-05 13:15:00+05:30
112.75,112.8,112.6,112.8,568.0,1696492200.0,2023-10-05 13:20:00+05:30
112.8,112.85,112.5,112.7,10928.0,1696492500.0,2023-10-05 13:25:00+05:30
112.7,112.85,112.7,112.85,524.0,1696492800.0,2023-10-05 13:30:00+05:30
112.85,112.85,112.8,112.8,84.0,1696493100.0,2023-10-05 13:35:00+05:30
112.8,112.9,112.7,112.85,104.0,1696493400.0,2023-10-05 13:40:00+05:30
112.85,112.9,112.8,112.9,496.0,1696493700.0,2023-10-05 13:45:00+05:30
112.9,113.0,112.9,112.9,596.0,1696494000.0,2023-10-05 13:50:00+05:30
112.9,113.0,112.85,112.85,10820.0,1696494300.0,2023-10-05 13:55:00+05:30
112.85,113.0,112.85,113.0,888.0,1696494600.0,2023-10-05 14:00:00+05:30
113.0,113.0,112.85,113.0,1964.0,1696494900.0,2023-10-05 14:05:00+05:30
113.2,113.25,113.2,113.25,3352.0,1696495200.0,2023-10-05 14:10:00+05:30
113.25,113.25,113.0,113.0,4464.0,1696495500.0,2023-10-05 14:15:00+05:30
113.05,113.1,112.8,112.95,3228.0,1696495800.0,2023-10-05 14:20:00+05:30
112.95,113.1,112.85,112.95,2076.0,1696496100.0,2023-10-05 14:25:00+05:30
112.95,113.2,112.95,113.05,816.0,1696496400.0,2023-10-05 14:30:00+05:30
113.2,113.2,112.85,113.1,6744.0,1696496700.0,2023-10-05 14:35:00+05:30
112.85,113.1,112.7,112.85,4964.0,1696497000.0,2023-10-05 14:40:00+05:30
112.85,112.85,112.5,112.75,2032.0,1696497300.0,2023-10-05 14:45:00+05:30
112.75,113.0,112.6,112.9,3408.0,1696497600.0,2023-10-05 14:50:00+05:30
112.9,112.95,112.55,112.55,2768.0,1696497900.0,2023-10-05 14:55:00+05:30
112.55,112.9,112.55,112.75,3984.0,1696498200.0,2023-10-05 15:00:00+05:30
112.75,112.8,112.55,112.7,632.0,1696498500.0,2023-10-05 15:05:00+05:30
112.6,112.65,112.5,112.6,3052.0,1696498800.0,2023-10-05 15:10:00+05:30
112.5,112.8,112.5,112.8,4808.0,1696499100.0,2023-10-05 15:15:00+05:30
112.8,112.8,112.25,112.25,11764.0,1696499400.0,2023-10-05 15:20:00+05:30
112.2,113.75,112.2,113.75,11956.0,1696499700.0,2023-10-05 15:25:00+05:30
114.75,114.75,113.0,113.65,12056.0,1696563900.0,2023-10-06 09:15:00+05:30
113.5,115.8,113.2,115.35,25036.0,1696564200.0,2023-10-06 09:20:00+05:30
115.2,117.0,114.5,116.25,52904.0,1696564500.0,2023-10-06 09:25:00+05:30
115.95,116.7,115.9,116.25,27264.0,1696564800.0,2023-10-06 09:30:00+05:30
116.2,116.95,116.0,116.65,20888.0,1696565100.0,2023-10-06 09:35:00+05:30
116.65,117.0,116.6,116.75,19744.0,1696565400.0,2023-10-06 09:40:00+05:30
116.85,117.25,116.6,116.75,18424.0,1696565700.0,2023-10-06 09:45:00+05:30
116.75,117.2,116.75,116.9,23960.0,1696566000.0,2023-10-06 09:50:00+05:30
116.9,117.0,116.8,117.0,4060.0,1696566300.0,2023-10-06 09:55:00+05:30
117.0,117.95,116.9,117.7,45340.0,1696566600.0,2023-10-06 10:00:00+05:30
117.7,118.1,117.3,118.1,13544.0,1696566900.0,2023-10-06 10:05:00+05:30
118.2,118.35,117.55,118.1,34760.0,1696567200.0,2023-10-06 10:10:00+05:30
118.05,118.6,118.05,118.5,20724.0,1696567500.0,2023-10-06 10:15:00+05:30
118.6,118.6,117.9,118.2,28364.0,1696567800.0,2023-10-06 10:20:00+05:30
118.15,118.45,118.0,118.2,13348.0,1696568100.0,2023-10-06 10:25:00+05:30
118.2,118.25,117.85,117.85,9408.0,1696568400.0,2023-10-06 10:30:00+05:30
117.85,118.05,117.5,117.95,13856.0,1696568700.0,2023-10-06 10:35:00+05:30
117.95,118.0,117.85,118.0,4540.0,1696569000.0,2023-10-06 10:40:00+05:30
117.9,118.0,117.7,117.75,3664.0,1696569300.0,2023-10-06 10:45:00+05:30
117.75,118.25,117.65,118.2,21884.0,1696569600.0,2023-10-06 10:50:00+05:30
118.2,118.6,118.2,118.6,37876.0,1696569900.0,2023-10-06 10:55:00+05:30
118.6,119.7,118.6,119.5,77408.0,1696570200.0,2023-10-06 11:00:00+05:30
119.35,120.85,119.2,120.5,101028.0,1696570500.0,2023-10-06 11:05:00+05:30
120.5,120.5,119.45,119.95,27000.0,1696570800.0,2023-10-06 11:10:00+05:30
119.8,119.9,119.25,119.5,14036.0,1696571100.0,2023-10-06 11:15:00+05:30
119.5,119.6,119.35,119.55,6484.0,1696571400.0,2023-10-06 11:20:00+05:30
119.55,119.9,119.55,119.85,15036.0,1696571700.0,2023-10-06 11:25:00+05:30
119.9,120.9,119.8,120.85,36924.0,1696572000.0,2023-10-06 11:30:00+05:30
120.9,123.3,120.8,121.0,253732.0,1696572300.0,2023-10-06 11:35:00+05:30
121.0,121.3,120.75,120.95,28316.0,1696572600.0,2023-10-06 11:40:00+05:30
120.95,121.0,120.55,120.9,23928.0,1696572900.0,2023-10-06 11:45:00+05:30
120.9,122.25,120.9,122.15,47868.0,1696573200.0,2023-10-06 11:50:00+05:30
122.3,124.45,121.85,124.45,150992.0,1696573500.0,2023-10-06 11:55:00+05:30
124.55,124.55,121.0,122.3,181456.0,1696573800.0,2023-10-06 12:00:00+05:30
122.5,123.1,122.15,122.75,52800.0,1696574100.0,2023-10-06 12:05:00+05:30
122.65,122.65,121.95,122.25,18720.0,1696574400.0,2023-10-06 12:10:00+05:30
121.95,122.5,121.95,122.4,33256.0,1696574700.0,2023-10-06 12:15:00+05:30
122.4,122.45,121.95,122.25,17348.0,1696575000.0,2023-10-06 12:20:00+05:30
122.25,122.25,121.7,122.0,22048.0,1696575300.0,2023-10-06 12:25:00+05:30
122.0,122.05,121.65,121.8,8528.0,1696575600.0,2023-10-06 12:30:00+05:30
121.8,121.95,121.4,121.5,31100.0,1696575900.0,2023-10-06 12:35:00+05:30
121.55,122.3,121.55,122.1,18420.0,1696576200.0,2023-10-06 12:40:00+05:30
122.2,122.5,122.0,122.4,10128.0,1696576500.0,2023-10-06 12:45:00+05:30
122.4,122.7,122.3,122.6,32868.0,1696576800.0,2023-10-06 12:50:00+05:30
122.5,122.75,122.25,122.4,22804.0,1696577100.0,2023-10-06 12:55:00+05:30
122.4,122.65,122.25,122.55,12660.0,1696577400.0,2023-10-06 13:00:00+05:30
122.6,122.65,122.25,122.6,18524.0,1696577700.0,2023-10-06 13:05:00+05:30
122.6,122.7,122.5,122.5,22036.0,1696578000.0,2023-10-06 13:10:00+05:30
122.5,122.75,122.45,122.6,24844.0,1696578300.0,2023-10-06 13:15:00+05:30
122.6,122.75,122.5,122.6,12936.0,1696578600.0,2023-10-06 13:20:00+05:30
122.6,123.0,122.5,122.95,40808.0,1696578900.0,2023-10-06 13:25:00+05:30
122.85,122.9,122.5,122.6,29432.0,1696579200.0,2023-10-06 13:30:00+05:30
122.6,122.95,122.5,122.7,16252.0,1696579500.0,2023-10-06 13:35:00+05:30
122.7,122.9,122.5,122.55,12072.0,1696579800.0,2023-10-06 13:40:00+05:30
122.55,122.8,122.55,122.55,14052.0,1696580100.0,2023-10-06 13:45:00+05:30
122.55,122.7,122.5,122.7,28492.0,1696580400.0,2023-10-06 13:50:00+05:30
122.65,122.8,122.5,122.5,23208.0,1696580700.0,2023-10-06 13:55:00+05:30
122.5,122.8,122.5,122.7,25856.0,1696581000.0,2023-10-06 14:00:00+05:30
122.65,122.85,122.55,122.85,11844.0,1696581300.0,2023-10-06 14:05:00+05:30
122.8,122.9,122.7,122.9,6792.0,1696581600.0,2023-10-06 14:10:00+05:30
122.9,122.95,122.65,122.65,7904.0,1696581900.0,2023-10-06 14:15:00+05:30
122.7,122.75,122.5,122.65,16736.0,1696582200.0,2023-10-06 14:20:00+05:30
122.65,122.85,122.6,122.75,7128.0,1696582500.0,2023-10-06 14:25:00+05:30
122.85,123.25,122.8,123.1,64100.0,1696582800.0,2023-10-06 14:30:00+05:30
123.1,123.1,122.7,122.95,14736.0,1696583100.0,2023-10-06 14:35:00+05:30
122.9,123.0,122.7,123.0,16964.0,1696583400.0,2023-10-06 14:40:00+05:30
123.0,123.1,122.95,122.95,11288.0,1696583700.0,2023-10-06 14:45:00+05:30
123.05,123.5,122.95,123.45,31876.0,1696584000.0,2023-10-06 14:50:00+05:30
123.45,123.75,123.0,123.5,70508.0,1696584300.0,2023-10-06 14:55:00+05:30
123.5,123.5,122.0,122.05,32160.0,1696584600.0,2023-10-06 15:00:00+05:30
122.05,122.2,121.0,121.5,66236.0,1696584900.0,2023-10-06 15:05:00+05:30
121.6,122.0,121.5,121.85,20016.0,1696585200.0,2023-10-06 15:10:00+05:30
121.85,121.9,121.5,121.55,29108.0,1696585500.0,2023-10-06 15:15:00+05:30
121.65,122.1,121.6,122.0,41224.0,1696585800.0,2023-10-06 15:20:00+05:30
122.0,122.05,121.1,121.3,55636.0,1696586100.0,2023-10-06 15:25:00+05:30
119.95,121.1,117.8,119.95,100064.0,1696823100.0,2023-10-09 09:15:00+05:30
119.95,120.25,119.25,120.25,20796.0,1696823400.0,2023-10-09 09:20:00+05:30
120.25,120.25,119.4,119.5,17372.0,1696823700.0,2023-10-09 09:25:00+05:30
119.5,120.0,119.5,119.9,9288.0,1696824000.0,2023-10-09 09:30:00+05:30
119.9,120.85,119.6,120.6,39144.0,1696824300.0,2023-10-09 09:35:00+05:30
120.4,120.9,120.3,120.8,13748.0,1696824600.0,2023-10-09 09:40:00+05:30
120.8,120.8,120.2,120.5,14804.0,1696824900.0,2023-10-09 09:45:00+05:30
120.3,120.9,120.3,120.9,16280.0,1696825200.0,2023-10-09 09:50:00+05:30
120.9,121.0,120.7,120.75,8276.0,1696825500.0,2023-10-09 09:55:00+05:30
120.75,120.75,120.2,120.2,7808.0,1696825800.0,2023-10-09 10:00:00+05:30
120.2,120.2,120.0,120.15,2288.0,1696826100.0,2023-10-09 10:05:00+05:30
120.15,120.5,120.15,120.15,7508.0,1696826400.0,2023-10-09 10:10:00+05:30
120.15,120.45,120.15,120.45,4532.0,1696826700.0,2023-10-09 10:15:00+05:30
120.2,120.4,120.1,120.15,6508.0,1696827000.0,2023-10-09 10:20:00+05:30
120.15,120.55,120.0,120.55,7928.0,1696827300.0,2023-10-09 10:25:00+05:30
120.55,120.75,120.4,120.7,2148.0,1696827600.0,2023-10-09 10:30:00+05:30
120.7,120.7,120.2,120.4,16392.0,1696827900.0,2023-10-09 10:35:00+05:30
120.4,120.4,120.05,120.05,456.0,1696828200.0,2023-10-09 10:40:00+05:30
120.05,120.3,120.05,120.15,1812.0,1696828500.0,2023-10-09 10:45:00+05:30
120.15,120.15,119.5,119.5,10484.0,1696828800.0,2023-10-09 10:50:00+05:30
119.7,119.8,119.5,119.65,1936.0,1696829100.0,2023-10-09 10:55:00+05:30
119.65,120.0,119.65,119.8,1208.0,1696829400.0,2023-10-09 11:00:00+05:30
119.8,120.0,119.75,119.75,3132.0,1696829700.0,2023-10-09 11:05:00+05:30
119.75,119.75,119.4,119.55,3304.0,1696830000.0,2023-10-09 11:10:00+05:30
119.55,119.75,119.55,119.6,820.0,1696830300.0,2023-10-09 11:15:00+05:30
119.6,119.6,119.0,119.3,3360.0,1696830600.0,2023-10-09 11:20:00+05:30
119.3,119.4,119.2,119.4,116.0,1696830900.0,2023-10-09 11:25:00+05:30
119.4,119.4,119.2,119.35,1360.0,1696831200.0,2023-10-09 11:30:00+05:30
119.35,119.5,119.35,119.5,192.0,1696831500.0,2023-10-09 11:35:00+05:30
119.5,119.5,119.25,119.5,1572.0,1696831800.0,2023-10-09 11:40:00+05:30
119.5,119.5,119.3,119.5,348.0,1696832100.0,2023-10-09 11:45:00+05:30
119.4,119.7,119.4,119.55,1300.0,1696832400.0,2023-10-09 11:50:00+05:30
119.55,119.55,119.3,119.4,8736.0,1696832700.0,2023-10-09 11:55:00+05:30
119.4,119.5,119.3,119.4,1344.0,1696833000.0,2023-10-09 12:00:00+05:30
119.4,119.4,119.1,119.25,1756.0,1696833300.0,2023-10-09 12:05:00+05:30
119.25,119.75,119.05,119.35,19820.0,1696833600.0,2023-10-09 12:10:00+05:30
119.35,120.0,119.25,119.3,4680.0,1696833900.0,2023-10-09 12:15:00+05:30
119.2,119.5,119.1,119.25,4712.0,1696834200.0,2023-10-09 12:20:00+05:30
119.25,119.4,119.15,119.25,760.0,1696834500.0,2023-10-09 12:25:00+05:30
119.25,119.65,119.25,119.3,6144.0,1696834800.0,2023-10-09 12:30:00+05:30
119.3,119.85,119.3,119.8,2896.0,1696835100.0,2023-10-09 12:35:00+05:30
119.8,119.85,119.6,119.6,964.0,1696835400.0,2023-10-09 12:40:00+05:30
119.6,119.8,119.1,119.3,5896.0,1696835700.0,2023-10-09 12:45:00+05:30
119.3,119.3,119.1,119.3,3352.0,1696836000.0,2023-10-09 12:50:00+05:30
119.3,119.3,118.5,118.5,5504.0,1696836300.0,2023-10-09 12:55:00+05:30
118.5,118.75,118.4,118.4,3508.0,1696836600.0,2023-10-09 13:00:00+05:30
118.4,118.8,118.4,118.7,8012.0,1696836900.0,2023-10-09 13:05:00+05:30
118.7,118.75,118.65,118.7,40.0,1696837200.0,2023-10-09 13:10:00+05:30
118.7,118.95,118.45,118.5,9900.0,1696837500.0,2023-10-09 13:15:00+05:30
118.5,118.8,118.5,118.8,908.0,1696837800.0,2023-10-09 13:20:00+05:30
118.8,118.95,118.5,118.9,1060.0,1696838100.0,2023-10-09 13:25:00+05:30
118.9,119.15,118.8,119.0,1212.0,1696838400.0,2023-10-09 13:30:00+05:30
119.0,119.15,118.5,118.5,6992.0,1696838700.0,2023-10-09 13:35:00+05:30
118.5,118.75,118.5,118.75,892.0,1696839000.0,2023-10-09 13:40:00+05:30
118.5,118.7,118.4,118.4,2292.0,1696839300.0,2023-10-09 13:45:00+05:30
118.4,118.7,118.4,118.7,212.0,1696839600.0,2023-10-09 13:50:00+05:30
118.7,118.75,118.3,118.3,3788.0,1696839900.0,2023-10-09 13:55:00+05:30
118.3,118.5,118.3,118.45,1148.0,1696840200.0,2023-10-09 14:00:00+05:30
118.45,118.75,118.45,118.6,4260.0,1696840500.0,2023-10-09 14:05:00+05:30
118.6,118.7,118.5,118.6,3152.0,1696840800.0,2023-10-09 14:10:00+05:30
118.6,118.6,118.45,118.45,4488.0,1696841100.0,2023-10-09 14:15:00+05:30
118.45,118.5,118.1,118.1,2336.0,1696841400.0,2023-10-09 14:20:00+05:30
118.1,118.4,118.0,118.4,7408.0,1696841700.0,2023-10-09 14:25:00+05:30
118.4,118.4,118.25,118.4,492.0,1696842000.0,2023-10-09 14:30:00+05:30
118.4,118.45,118.25,118.25,5520.0,1696842300.0,2023-10-09 14:35:00+05:30
118.25,118.5,117.9,118.1,30568.0,1696842600.0,2023-10-09 14:40:00+05:30
118.1,118.25,118.1,118.1,620.0,1696842900.0,2023-10-09 14:45:00+05:30
118.1,118.45,118.1,118.45,2476.0,1696843200.0,2023-10-09 14:50:00+05:30
118.45,118.45,118.25,118.45,5808.0,1696843500.0,2023-10-09 14:55:00+05:30
118.45,118.45,118.15,118.15,1160.0,1696843800.0,2023-10-09 15:00:00+05:30
118.15,118.4,118.1,118.1,6500.0,1696844100.0,2023-10-09 15:05:00+05:30
118.2,118.2,117.9,117.9,7368.0,1696844400.0,2023-10-09 15:10:00+05:30
117.9,118.1,117.0,117.25,13164.0,1696844700.0,2023-10-09 15:15:00+05:30
117.25,117.5,117.15,117.15,11180.0,1696845000.0,2023-10-09 15:20:00+05:30
117.2,117.5,116.35,117.5,28888.0,1696845300.0,2023-10-09 15:25:00+05:30
119.75,119.8,117.95,119.6,16228.0,1696909500.0,2023-10-10 09:15:00+05:30
119.65,119.75,119.05,119.3,13240.0,1696909800.0,2023-10-10 09:20:00+05:30
119.3,119.5,119.0,119.1,21028.0,1696910100.0,2023-10-10 09:25:00+05:30
119.0,119.25,118.75,118.8,12116.0,1696910400.0,2023-10-10 09:30:00+05:30
118.8,119.0,118.65,118.95,10544.0,1696910700.0,2023-10-10 09:35:00+05:30
118.9,119.1,118.5,118.6,9572.0,1696911000.0,2023-10-10 09:40:00+05:30
118.6,118.95,118.55,118.75,8752.0,1696911300.0,2023-10-10 09:45:00+05:30
118.75,118.75,118.3,118.5,11840.0,1696911600.0,2023-10-10 09:50:00+05:30
118.65,118.75,118.4,118.5,4268.0,1696911900.0,2023-10-10 09:55:00+05:30
118.5,118.7,118.3,118.45,5244.0,1696912200.0,2023-10-10 10:00:00+05:30
118.45,118.95,118.3,118.95,24752.0,1696912500.0,2023-10-10 10:05:00+05:30
119.0,121.2,119.0,120.5,77488.0,1696912800.0,2023-10-10 10:10:00+05:30
120.65,120.65,120.0,120.3,11816.0,1696913100.0,2023-10-10 10:15:00+05:30
120.4,122.0,120.35,122.0,42320.0,1696913400.0,2023-10-10 10:20:00+05:30
121.9,123.85,121.55,122.95,104708.0,1696913700.0,2023-10-10 10:25:00+05:30
122.95,123.6,122.85,123.4,61560.0,1696914000.0,2023-10-10 10:30:00+05:30
123.4,123.65,122.9,122.9,46636.0,1696914300.0,2023-10-10 10:35:00+05:30
122.8,124.45,122.2,124.45,85020.0,1696914600.0,2023-10-10 10:40:00+05:30
124.5,124.6,123.9,124.4,81380.0,1696914900.0,2023-10-10 10:45:00+05:30
124.4,124.4,123.25,123.6,23620.0,1696915200.0,2023-10-10 10:50:00+05:30
123.6,123.75,123.15,123.25,13124.0,1696915500.0,2023-10-10 10:55:00+05:30
123.25,123.5,123.1,123.5,12148.0,1696915800.0,2023-10-10 11:00:00+05:30
123.5,123.5,123.3,123.5,7328.0,1696916100.0,2023-10-10 11:05:00+05:30
123.7,123.7,123.1,123.1,20964.0,1696916400.0,2023-10-10 11:10:00+05:30
123.1,123.25,122.5,123.0,21332.0,1696916700.0,2023-10-10 11:15:00+05:30
123.0,123.15,122.9,122.9,5032.0,1696917000.0,2023-10-10 11:20:00+05:30
122.9,123.1,122.5,122.8,15916.0,1696917300.0,2023-10-10 11:25:00+05:30
122.8,122.8,122.65,122.8,5676.0,1696917600.0,2023-10-10 11:30:00+05:30
122.8,122.8,122.25,122.25,26292.0,1696917900.0,2023-10-10 11:35:00+05:30
122.4,122.45,121.6,122.2,26844.0,1696918200.0,2023-10-10 11:40:00+05:30
122.2,122.35,121.8,122.1,22572.0,1696918500.0,2023-10-10 11:45:00+05:30
122.1,122.35,122.1,122.3,5716.0,1696918800.0,2023-10-10 11:50:00+05:30
122.3,122.45,122.0,122.2,6736.0,1696919100.0,2023-10-10 11:55:00+05:30
122.2,122.7,122.0,122.7,18864.0,1696919400.0,2023-10-10 12:00:00+05:30
122.7,123.35,122.7,123.35,19636.0,1696919700.0,2023-10-10 12:05:00+05:30
123.25,123.35,122.95,123.2,18560.0,1696920000.0,2023-10-10 12:10:00+05:30
123.2,123.45,123.15,123.45,8696.0,1696920300.0,2023-10-10 12:15:00+05:30
123.45,123.6,123.25,123.6,15356.0,1696920600.0,2023-10-10 12:20:00+05:30
123.65,123.75,123.25,123.3,67720.0,1696920900.0,2023-10-10 12:25:00+05:30
123.3,123.7,123.3,123.6,6396.0,1696921200.0,2023-10-10 12:30:00+05:30
123.6,123.65,123.4,123.45,6008.0,1696921500.0,2023-10-10 12:35:00+05:30
123.55,123.75,123.4,123.75,12808.0,1696921800.0,2023-10-10 12:40:00+05:30
123.75,124.0,123.65,123.75,116792.0,1696922100.0,2023-10-10 12:45:00+05:30
123.75,124.0,123.5,123.85,25548.0,1696922400.0,2023-10-10 12:50:00+05:30
123.75,123.95,123.75,123.95,8524.0,1696922700.0,2023-10-10 12:55:00+05:30
123.95,123.95,123.7,123.95,25740.0,1696923000.0,2023-10-10 13:00:00+05:30
123.95,124.0,123.8,123.8,12824.0,1696923300.0,2023-10-10 13:05:00+05:30
123.8,123.8,123.4,123.7,15156.0,1696923600.0,2023-10-10 13:10:00+05:30
123.5,123.75,123.45,123.6,11016.0,1696923900.0,2023-10-10 13:15:00+05:30
123.75,124.25,123.65,124.25,44912.0,1696924200.0,2023-10-10 13:20:00+05:30
124.25,124.25,123.95,124.25,27852.0,1696924500.0,2023-10-10 13:25:00+05:30
124.25,124.5,123.9,124.1,12940.0,1696924800.0,2023-10-10 13:30:00+05:30
124.1,124.5,124.1,124.4,38764.0,1696925100.0,2023-10-10 13:35:00+05:30
124.4,124.5,124.3,124.45,14164.0,1696925400.0,2023-10-10 13:40:00+05:30
124.45,124.7,124.35,124.5,27188.0,1696925700.0,2023-10-10 13:45:00+05:30
124.6,124.75,123.95,124.75,134936.0,1696926000.0,2023-10-10 13:50:00+05:30
124.75,124.75,124.1,124.1,19144.0,1696926300.0,2023-10-10 13:55:00+05:30
124.1,124.1,123.75,124.0,9868.0,1696926600.0,2023-10-10 14:00:00+05:30
124.0,124.05,123.7,124.05,15592.0,1696926900.0,2023-10-10 14:05:00+05:30
124.25,124.25,124.0,124.1,11112.0,1696927200.0,2023-10-10 14:10:00+05:30
124.1,124.25,124.1,124.25,10020.0,1696927500.0,2023-10-10 14:15:00+05:30
124.2,124.75,124.2,124.65,20516.0,1696927800.0,2023-10-10 14:20:00+05:30
124.65,124.7,123.8,123.8,31144.0,1696928100.0,2023-10-10 14:25:00+05:30
123.8,123.8,122.85,123.35,36096.0,1696928400.0,2023-10-10 14:30:00+05:30
123.35,124.0,123.35,124.0,7316.0,1696928700.0,2023-10-10 14:35:00+05:30
124.0,124.0,123.5,123.85,9828.0,1696929000.0,2023-10-10 14:40:00+05:30
123.75,124.2,123.75,124.1,37300.0,1696929300.0,2023-10-10 14:45:00+05:30
124.05,124.5,124.0,124.0,15596.0,1696929600.0,2023-10-10 14:50:00+05:30
124.0,124.5,124.0,124.35,29976.0,1696929900.0,2023-10-10 14:55:00+05:30
124.3,124.5,123.95,124.05,18176.0,1696930200.0,2023-10-10 15:00:00+05:30
124.1,124.45,123.9,123.9,21680.0,1696930500.0,2023-10-10 15:05:00+05:30
123.9,124.3,123.5,123.65,15604.0,1696930800.0,2023-10-10 15:10:00+05:30
123.65,123.9,123.65,123.8,20248.0,1696931100.0,2023-10-10 15:15:00+05:30
123.8,124.5,123.8,124.45,49788.0,1696931400.0,2023-10-10 15:20:00+05:30
124.45,124.5,124.0,124.5,40468.0,1696931700.0,2023-10-10 15:25:00+05:30
126.25,131.0,126.05,130.7,319368.0,1696995900.0,2023-10-11 09:15:00+05:30
130.75,133.5,130.3,130.45,399180.0,1696996200.0,2023-10-11 09:20:00+05:30
130.1,130.3,128.15,129.55,177156.0,1696996500.0,2023-10-11 09:25:00+05:30
129.65,129.95,128.75,128.95,87364.0,1696996800.0,2023-10-11 09:30:00+05:30
129.05,131.05,129.05,130.7,62416.0,1696997100.0,2023-10-11 09:35:00+05:30
130.7,130.75,129.85,130.3,46224.0,1696997400.0,2023-10-11 09:40:00+05:30
130.25,130.5,129.75,129.75,32976.0,1696997700.0,2023-10-11 09:45:00+05:30
129.6,129.85,129.5,129.6,20828.0,1696998000.0,2023-10-11 09:50:00+05:30
129.6,130.2,129.5,130.2,27620.0,1696998300.0,2023-10-11 09:55:00+05:30
130.1,130.25,129.55,129.9,26564.0,1696998600.0,2023-10-11 10:00:00+05:30
129.95,130.25,129.55,129.7,23416.0,1696998900.0,2023-10-11 10:05:00+05:30
129.7,129.75,129.3,129.3,25128.0,1696999200.0,2023-10-11 10:10:00+05:30
129.45,129.45,128.5,129.05,59720.0,1696999500.0,2023-10-11 10:15:00+05:30
129.05,129.45,128.95,129.15,12880.0,1696999800.0,2023-10-11 10:20:00+05:30
129.4,129.6,129.1,129.6,25760.0,1697000100.0,2023-10-11 10:25:00+05:30
129.7,130.0,129.5,129.55,20204.0,1697000400.0,2023-10-11 10:30:00+05:30
129.5,131.25,129.5,131.0,121272.0,1697000700.0,2023-10-11 10:35:00+05:30
131.0,131.25,130.25,130.4,36720.0,1697001000.0,2023-10-11 10:40:00+05:30
130.25,130.65,130.05,130.65,10800.0,1697001300.0,2023-10-11 10:45:00+05:30
130.65,130.8,130.5,130.6,7396.0,1697001600.0,2023-10-11 10:50:00+05:30
130.75,131.0,130.55,130.75,12604.0,1697001900.0,2023-10-11 10:55:00+05:30
130.75,130.75,130.0,130.5,11820.0,1697002200.0,2023-10-11 11:00:00+05:30
130.5,131.3,130.4,131.25,36536.0,1697002500.0,2023-10-11 11:05:00+05:30
131.25,132.45,131.25,132.3,139572.0,1697002800.0,2023-10-11 11:10:00+05:30
132.25,132.55,132.05,132.35,141884.0,1697003100.0,2023-10-11 11:15:00+05:30
132.35,132.75,132.25,132.7,70288.0,1697003400.0,2023-10-11 11:20:00+05:30
132.85,132.85,131.05,131.4,75284.0,1697003700.0,2023-10-11 11:25:00+05:30
131.4,132.4,131.3,131.5,27392.0,1697004000.0,2023-10-11 11:30:00+05:30
131.5,131.75,131.25,131.5,14764.0,1697004300.0,2023-10-11 11:35:00+05:30
131.6,132.0,131.3,131.55,16320.0,1697004600.0,2023-10-11 11:40:00+05:30
131.55,132.25,131.5,132.15,33388.0,1697004900.0,2023-10-11 11:45:00+05:30
132.45,132.45,131.7,131.7,16780.0,1697005200.0,2023-10-11 11:50:00+05:30
131.7,131.85,131.5,131.5,8404.0,1697005500.0,2023-10-11 11:55:00+05:30
131.5,131.55,131.3,131.45,12008.0,1697005800.0,2023-10-11 12:00:00+05:30
131.45,131.5,131.3,131.3,5464.0,1697006100.0,2023-10-11 12:05:00+05:30
131.3,131.7,131.3,131.7,32720.0,1697006400.0,2023-10-11 12:10:00+05:30
131.7,131.95,131.55,131.75,5444.0,1697006700.0,2023-10-11 12:15:00+05:30
131.75,131.95,131.5,131.75,18460.0,1697007000.0,2023-10-11 12:20:00+05:30
131.75,131.95,131.6,131.75,4892.0,1697007300.0,2023-10-11 12:25:00+05:30
131.75,132.0,131.6,131.85,10988.0,1697007600.0,2023-10-11 12:30:00+05:30
131.85,132.15,131.85,132.0,8492.0,1697007900.0,2023-10-11 12:35:00+05:30
132.0,132.15,131.95,132.0,12484.0,1697008200.0,2023-10-11 12:40:00+05:30
132.0,132.1,131.5,131.75,19924.0,1697008500.0,2023-10-11 12:45:00+05:30
131.75,131.9,131.4,131.65,8552.0,1697008800.0,2023-10-11 12:50:00+05:30
131.65,131.95,131.55,131.8,6984.0,1697009100.0,2023-10-11 12:55:00+05:30
131.8,131.9,131.65,131.65,5120.0,1697009400.0,2023-10-11 13:00:00+05:30
131.75,132.25,131.65,132.0,27496.0,1697009700.0,2023-10-11 13:05:00+05:30
132.0,132.35,132.0,132.1,25928.0,1697010000.0,2023-10-11 13:10:00+05:30
132.1,132.25,131.6,131.95,9984.0,1697010300.0,2023-10-11 13:15:00+05:30
132.0,132.0,131.65,131.8,10200.0,1697010600.0,2023-10-11 13:20:00+05:30
131.8,132.0,131.6,131.95,6240.0,1697010900.0,2023-10-11 13:25:00+05:30
132.0,132.2,132.0,132.05,5736.0,1697011200.0,2023-10-11 13:30:00+05:30
131.9,132.05,131.8,132.05,3260.0,1697011500.0,2023-10-11 13:35:00+05:30
132.05,132.25,131.85,132.0,24996.0,1697011800.0,2023-10-11 13:40:00+05:30
132.0,132.7,132.0,132.6,54560.0,1697012100.0,2023-10-11 13:45:00+05:30
132.6,132.6,131.7,131.95,10024.0,1697012400.0,2023-10-11 13:50:00+05:30
131.95,132.1,131.6,132.1,16100.0,1697012700.0,2023-10-11 13:55:00+05:30
132.2,132.25,131.9,132.05,6356.0,1697013000.0,2023-10-11 14:00:00+05:30
132.05,132.2,132.0,132.1,5648.0,1697013300.0,2023-10-11 14:05:00+05:30
132.1,132.1,131.6,131.9,14200.0,1697013600.0,2023-10-11 14:10:00+05:30
131.9,132.1,131.9,132.0,8620.0,1697013900.0,2023-10-11 14:15:00+05:30
132.0,132.2,131.95,132.05,10376.0,1697014200.0,2023-10-11 14:20:00+05:30
132.2,132.25,132.05,132.1,5216.0,1697014500.0,2023-10-11 14:25:00+05:30
132.1,132.35,132.0,132.25,9280.0,1697014800.0,2023-10-11 14:30:00+05:30
132.25,132.75,132.25,132.6,41048.0,1697015100.0,2023-10-11 14:35:00+05:30
132.75,132.75,132.2,132.2,14772.0,1697015400.0,2023-10-11 14:40:00+05:30
132.3,132.4,132.2,132.25,12624.0,1697015700.0,2023-10-11 14:45:00+05:30
132.25,132.25,131.65,132.0,29628.0,1697016000.0,2023-10-11 14:50:00+05:30
131.9,131.9,131.55,131.55,44324.0,1697016300.0,2023-10-11 14:55:00+05:30
131.55,132.0,131.55,131.95,28544.0,1697016600.0,2023-10-11 15:00:00+05:30
131.95,132.6,131.95,132.4,46440.0,1697016900.0,2023-10-11 15:05:00+05:30
132.1,132.4,132.05,132.4,22068.0,1697017200.0,2023-10-11 15:10:00+05:30
132.3,132.5,132.15,132.4,34684.0,1697017500.0,2023-10-11 15:15:00+05:30
132.4,132.5,132.25,132.25,47064.0,1697017800.0,2023-10-11 15:20:00+05:30
132.25,132.4,132.25,132.25,76976.0,1697018100.0,2023-10-11 15:25:00+05:30
133.85,135.05,133.85,135.05,113004.0,1697082300.0,2023-10-12 09:15:00+05:30
135.0,135.05,134.45,134.75,65096.0,1697082600.0,2023-10-12 09:20:00+05:30
134.75,134.75,133.75,133.8,30332.0,1697082900.0,2023-10-12 09:25:00+05:30
133.55,134.0,133.5,134.0,63032.0,1697083200.0,2023-10-12 09:30:00+05:30
134.0,134.6,134.0,134.45,51432.0,1697083500.0,2023-10-12 09:35:00+05:30
134.45,134.45,133.5,133.8,72580.0,1697083800.0,2023-10-12 09:40:00+05:30
133.8,133.9,132.9,133.1,51432.0,1697084100.0,2023-10-12 09:45:00+05:30
133.1,133.2,132.85,133.2,23324.0,1697084400.0,2023-10-12 09:50:00+05:30
133.2,133.2,132.65,132.8,20208.0,1697084700.0,2023-10-12 09:55:00+05:30
132.65,132.7,130.85,131.0,55644.0,1697085000.0,2023-10-12 10:00:00+05:30
131.0,131.95,131.0,131.95,36496.0,1697085300.0,2023-10-12 10:05:00+05:30
131.95,132.05,131.4,131.75,9580.0,1697085600.0,2023-10-12 10:10:00+05:30
131.7,132.0,131.5,131.7,6912.0,1697085900.0,2023-10-12 10:15:00+05:30
131.75,131.85,131.5,131.85,11484.0,1697086200.0,2023-10-12 10:20:00+05:30
131.85,131.9,131.55,131.7,8840.0,1697086500.0,2023-10-12 10:25:00+05:30
131.7,132.2,131.7,132.05,8740.0,1697086800.0,2023-10-12 10:30:00+05:30
132.05,132.2,131.95,132.05,11964.0,1697087100.0,2023-10-12 10:35:00+05:30
132.05,132.05,131.8,132.05,10096.0,1697087400.0,2023-10-12 10:40:00+05:30
132.05,132.2,131.85,131.85,6652.0,1697087700.0,2023-10-12 10:45:00+05:30
131.65,132.1,131.65,131.8,12356.0,1697088000.0,2023-10-12 10:50:00+05:30
131.85,132.1,131.8,132.0,4480.0,1697088300.0,2023-10-12 10:55:00+05:30
132.05,132.25,132.0,132.25,7376.0,1697088600.0,2023-10-12 11:00:00+05:30
132.25,132.8,132.15,132.8,14628.0,1697088900.0,2023-10-12 11:05:00+05:30
132.8,132.9,132.4,132.5,15412.0,1697089200.0,2023-10-12 11:10:00+05:30
132.5,132.95,132.5,132.8,7708.0,1697089500.0,2023-10-12 11:15:00+05:30
132.75,132.85,132.5,132.65,18680.0,1697089800.0,2023-10-12 11:20:00+05:30
132.65,132.75,132.5,132.5,9032.0,1697090100.0,2023-10-12 11:25:00+05:30
132.5,132.9,132.5,132.9,10952.0,1697090400.0,2023-10-12 11:30:00+05:30
132.9,133.0,132.75,132.8,9732.0,1697090700.0,2023-10-12 11:35:00+05:30
132.8,133.0,132.8,133.0,6164.0,1697091000.0,2023-10-12 11:40:00+05:30
133.0,133.05,132.6,132.7,9144.0,1697091300.0,2023-10-12 11:45:00+05:30
132.7,132.7,132.5,132.7,12524.0,1697091600.0,2023-10-12 11:50:00+05:30
132.7,132.7,132.25,132.4,4188.0,1697091900.0,2023-10-12 11:55:00+05:30
132.4,132.4,132.05,132.2,7928.0,1697092200.0,2023-10-12 12:00:00+05:30
132.2,132.3,132.0,132.3,3884.0,1697092500.0,2023-10-12 12:05:00+05:30
132.3,132.45,132.1,132.45,3808.0,1697092800.0,2023-10-12 12:10:00+05:30
132.4,132.5,132.3,132.35,5188.0,1697093100.0,2023-10-12 12:15:00+05:30
132.35,132.5,132.25,132.45,3928.0,1697093400.0,2023-10-12 12:20:00+05:30
132.45,132.45,132.25,132.25,3428.0,1697093700.0,2023-10-12 12:25:00+05:30
132.25,132.35,132.1,132.35,5284.0,1697094000.0,2023-10-12 12:30:00+05:30
132.35,132.35,132.1,132.25,3836.0,1697094300.0,2023-10-12 12:35:00+05:30
132.25,132.3,131.9,132.0,10120.0,1697094600.0,2023-10-12 12:40:00+05:30
132.0,132.1,132.0,132.05,6664.0,1697094900.0,2023-10-12 12:45:00+05:30
132.15,132.2,132.05,132.1,2224.0,1697095200.0,2023-10-12 12:50:00+05:30
132.1,132.1,132.0,132.1,10340.0,1697095500.0,2023-10-12 12:55:00+05:30
132.1,132.2,132.05,132.2,1728.0,1697095800.0,2023-10-12 13:00:00+05:30
132.2,132.35,132.15,132.3,1184.0,1697096100.0,2023-10-12 13:05:00+05:30
132.3,132.5,132.3,132.45,2604.0,1697096400.0,2023-10-12 13:10:00+05:30
132.45,132.5,132.35,132.45,7380.0,1697096700.0,2023-10-12 13:15:00+05:30
132.5,132.55,132.4,132.5,1968.0,1697097000.0,2023-10-12 13:20:00+05:30
132.55,132.65,132.4,132.5,4048.0,1697097300.0,2023-10-12 13:25:00+05:30
132.5,132.5,132.4,132.5,1960.0,1697097600.0,2023-10-12 13:30:00+05:30
132.5,132.6,132.4,132.5,11140.0,1697097900.0,2023-10-12 13:35:00+05:30
132.5,132.75,132.5,132.6,5536.0,1697098200.0,2023-10-12 13:40:00+05:30
132.6,132.85,132.6,132.8,3908.0,1697098500.0,2023-10-12 13:45:00+05:30
132.8,132.85,132.75,132.8,3960.0,1697098800.0,2023-10-12 13:50:00+05:30
132.8,132.8,132.4,132.4,6768.0,1697099100.0,2023-10-12 13:55:00+05:30
132.5,132.5,132.05,132.2,7684.0,1697099400.0,2023-10-12 14:00:00+05:30
132.2,132.4,132.15,132.2,9044.0,1697099700.0,2023-10-12 14:05:00+05:30
132.2,132.2,130.9,131.05,46160.0,1697100000.0,2023-10-12 14:10:00+05:30
131.05,131.1,130.5,131.1,24976.0,1697100300.0,2023-10-12 14:15:00+05:30
131.1,131.1,130.75,131.0,10480.0,1697100600.0,2023-10-12 14:20:00+05:30
131.0,131.0,130.75,130.95,20732.0,1697100900.0,2023-10-12 14:25:00+05:30
131.05,131.55,131.05,131.55,3888.0,1697101200.0,2023-10-12 14:30:00+05:30
131.55,131.75,131.5,131.6,14924.0,1697101500.0,2023-10-12 14:35:00+05:30
131.6,131.6,131.2,131.3,5156.0,1697101800.0,2023-10-12 14:40:00+05:30
131.15,131.2,130.6,130.75,6712.0,1697102100.0,2023-10-12 14:45:00+05:30
130.75,130.95,130.25,130.75,24548.0,1697102400.0,2023-10-12 14:50:00+05:30
131.0,131.4,130.7,131.4,22804.0,1697102700.0,2023-10-12 14:55:00+05:30
131.4,131.4,130.6,130.6,7192.0,1697103000.0,2023-10-12 15:00:00+05:30
130.5,130.7,130.0,130.05,29348.0,1697103300.0,2023-10-12 15:05:00+05:30
130.05,130.2,129.4,129.6,48656.0,1697103600.0,2023-10-12 15:10:00+05:30
129.9,130.05,129.75,130.0,14272.0,1697103900.0,2023-10-12 15:15:00+05:30
130.0,130.0,129.0,129.15,56168.0,1697104200.0,2023-10-12 15:20:00+05:30
129.25,129.65,129.0,129.25,32152.0,1697104500.0,2023-10-12 15:25:00+05:30
128.9,131.0,128.7,130.3,82164.0,1697168700.0,2023-10-13 09:15:00+05:30
130.3,131.45,130.3,130.9,25000.0,1697169000.0,2023-10-13 09:20:00+05:30
130.7,131.2,130.5,130.7,15080.0,1697169300.0,2023-10-13 09:25:00+05:30
130.35,131.2,130.35,130.95,16688.0,1697169600.0,2023-10-13 09:30:00+05:30
130.95,130.95,129.9,129.9,15516.0,1697169900.0,2023-10-13 09:35:00+05:30
129.9,130.15,129.5,129.75,8968.0,1697170200.0,2023-10-13 09:40:00+05:30
129.75,129.75,129.4,129.4,5860.0,1697170500.0,2023-10-13 09:45:00+05:30
129.4,129.4,128.75,129.0,11324.0,1697170800.0,2023-10-13 09:50:00+05:30
129.1,129.2,128.75,129.1,12448.0,1697171100.0,2023-10-13 09:55:00+05:30
129.1,129.4,128.95,129.25,7244.0,1697171400.0,2023-10-13 10:00:00+05:30
129.25,129.5,129.25,129.4,3560.0,1697171700.0,2023-10-13 10:05:00+05:30
129.4,130.0,129.05,130.0,13672.0,1697172000.0,2023-10-13 10:10:00+05:30
130.0,130.35,130.0,130.35,8208.0,1697172300.0,2023-10-13 10:15:00+05:30
130.35,130.45,130.2,130.45,4112.0,1697172600.0,2023-10-13 10:20:00+05:30
130.45,130.6,130.3,130.5,4420.0,1697172900.0,2023-10-13 10:25:00+05:30
130.5,130.5,130.0,130.0,5716.0,1697173200.0,2023-10-13 10:30:00+05:30
130.0,130.2,129.35,129.6,17488.0,1697173500.0,2023-10-13 10:35:00+05:30
129.6,129.65,129.2,129.2,6328.0,1697173800.0,2023-10-13 10:40:00+05:30
129.2,129.25,129.1,129.1,1636.0,1697174100.0,2023-10-13 10:45:00+05:30
129.1,129.2,128.9,129.1,6740.0,1697174400.0,2023-10-13 10:50:00+05:30
129.1,129.65,129.1,129.4,9056.0,1697174700.0,2023-10-13 10:55:00+05:30
129.4,129.6,129.25,129.55,1576.0,1697175000.0,2023-10-13 11:00:00+05:30
129.6,129.75,129.5,129.5,5668.0,1697175300.0,2023-10-13 11:05:00+05:30
129.5,129.5,129.15,129.35,2320.0,1697175600.0,2023-10-13 11:10:00+05:30
129.3,129.5,129.3,129.45,8520.0,1697175900.0,2023-10-13 11:15:00+05:30
129.5,129.5,129.2,129.5,12244.0,1697176200.0,2023-10-13 11:20:00+05:30
129.45,129.5,129.35,129.5,2556.0,1697176500.0,2023-10-13 11:25:00+05:30
129.5,129.5,129.35,129.45,2348.0,1697176800.0,2023-10-13 11:30:00+05:30
129.45,129.5,129.35,129.35,816.0,1697177100.0,2023-10-13 11:35:00+05:30
129.35,129.35,129.3,129.35,932.0,1697177400.0,2023-10-13 11:40:00+05:30
129.35,129.5,129.35,129.45,1456.0,1697177700.0,2023-10-13 11:45:00+05:30
129.45,129.45,129.4,129.45,1196.0,1697178000.0,2023-10-13 11:50:00+05:30
129.45,129.5,129.3,129.3,2756.0,1697178300.0,2023-10-13 11:55:00+05:30
129.3,129.45,129.1,129.1,5228.0,1697178600.0,2023-10-13 12:00:00+05:30
129.15,129.35,129.1,129.35,2832.0,1697178900.0,2023-10-13 12:05:00+05:30
129.25,129.6,129.25,129.4,4196.0,1697179200.0,2023-10-13 12:10:00+05:30
129.45,129.75,129.4,129.55,3656.0,1697179500.0,2023-10-13 12:15:00+05:30
129.55,129.6,129.25,129.45,2556.0,1697179800.0,2023-10-13 12:20:00+05:30
129.45,129.5,129.4,129.5,1112.0,1697180100.0,2023-10-13 12:25:00+05:30
129.5,129.5,128.8,129.15,31188.0,1697180400.0,2023-10-13 12:30:00+05:30
129.15,129.35,128.8,129.3,4872.0,1697180700.0,2023-10-13 12:35:00+05:30
129.3,129.3,129.2,129.3,316.0,1697181000.0,2023-10-13 12:40:00+05:30
129.3,129.5,129.3,129.45,1148.0,1697181300.0,2023-10-13 12:45:00+05:30
129.45,129.65,129.45,129.55,5520.0,1697181600.0,2023-10-13 12:50:00+05:30
129.55,129.9,129.45,129.85,3052.0,1697181900.0,2023-10-13 12:55:00+05:30
129.85,129.95,129.75,129.75,2040.0,1697182200.0,2023-10-13 13:00:00+05:30
129.75,129.95,129.75,129.85,3404.0,1697182500.0,2023-10-13 13:05:00+05:30
129.85,129.85,129.75,129.75,1972.0,1697182800.0,2023-10-13 13:10:00+05:30
129.75,129.9,129.75,129.75,2088.0,1697183100.0,2023-10-13 13:15:00+05:30
129.9,129.9,129.75,129.85,1164.0,1697183400.0,2023-10-13 13:20:00+05:30
129.85,129.95,129.75,129.95,2064.0,1697183700.0,2023-10-13 13:25:00+05:30
129.95,129.95,129.8,129.9,3668.0,1697184000.0,2023-10-13 13:30:00+05:30
129.9,129.9,129.7,129.8,2748.0,1697184300.0,2023-10-13 13:35:00+05:30
129.75,129.8,129.5,129.5,2936.0,1697184600.0,2023-10-13 13:40:00+05:30
129.5,129.65,129.5,129.65,1720.0,1697184900.0,2023-10-13 13:45:00+05:30
129.65,129.65,129.2,129.3,21116.0,1697185200.0,2023-10-13 13:50:00+05:30
129.3,129.6,129.3,129.6,3140.0,1697185500.0,2023-10-13 13:55:00+05:30
129.5,129.6,129.45,129.6,1888.0,1697185800.0,2023-10-13 14:00:00+05:30
129.6,129.6,129.5,129.6,1164.0,1697186100.0,2023-10-13 14:05:00+05:30
129.6,129.6,129.35,129.5,1996.0,1697186400.0,2023-10-13 14:10:00+05:30
129.35,130.0,129.3,129.95,10552.0,1697186700.0,2023-10-13 14:15:00+05:30
129.95,130.0,129.4,129.4,8472.0,1697187000.0,2023-10-13 14:20:00+05:30
129.4,129.55,129.15,129.3,3576.0,1697187300.0,2023-10-13 14:25:00+05:30
129.3,129.5,129.0,129.2,9720.0,1697187600.0,2023-10-13 14:30:00+05:30
129.2,129.2,128.8,128.9,4172.0,1697187900.0,2023-10-13 14:35:00+05:30
128.9,128.9,128.6,128.6,23284.0,1697188200.0,2023-10-13 14:40:00+05:30
128.6,128.6,128.0,128.2,17664.0,1697188500.0,2023-10-13 14:45:00+05:30
128.2,128.75,128.05,128.6,13072.0,1697188800.0,2023-10-13 14:50:00+05:30
128.6,128.6,128.25,128.6,16876.0,1697189100.0,2023-10-13 14:55:00+05:30
128.6,128.6,128.25,128.35,11540.0,1697189400.0,2023-10-13 15:00:00+05:30
128.45,128.7,128.25,128.6,13072.0,1697189700.0,2023-10-13 15:05:00+05:30
128.6,128.6,127.9,128.35,26032.0,1697190000.0,2023-10-13 15:10:00+05:30
128.6,128.75,128.3,128.6,8572.0,1697190300.0,2023-10-13 15:15:00+05:30
128.6,128.6,128.25,128.4,29492.0,1697190600.0,2023-10-13 15:20:00+05:30
128.4,128.6,127.5,128.25,20388.0,1697190900.0,2023-10-13 15:25:00+05:30
127.45,131.15,127.45,130.6,58492.0,1697427900.0,2023-10-16 09:15:00+05:30
130.6,130.85,130.3,130.6,30720.0,1697428200.0,2023-10-16 09:20:00+05:30
130.65,131.5,130.65,131.0,28832.0,1697428500.0,2023-10-16 09:25:00+05:30
131.0,131.05,130.25,130.65,13148.0,1697428800.0,2023-10-16 09:30:00+05:30
130.65,131.0,130.45,130.65,7124.0,1697429100.0,2023-10-16 09:35:00+05:30
130.65,132.05,130.55,132.05,18612.0,1697429400.0,2023-10-16 09:40:00+05:30
132.05,132.55,131.75,132.0,30144.0,1697429700.0,2023-10-16 09:45:00+05:30
131.95,132.7,131.9,132.1,22976.0,1697430000.0,2023-10-16 09:50:00+05:30
132.25,132.8,131.95,132.8,22560.0,1697430300.0,2023-10-16 09:55:00+05:30
132.5,133.25,132.5,133.25,22564.0,1697430600.0,2023-10-16 10:00:00+05:30
133.25,133.65,133.15,133.5,38704.0,1697430900.0,2023-10-16 10:05:00+05:30
133.5,133.5,133.2,133.3,11448.0,1697431200.0,2023-10-16 10:10:00+05:30
133.3,133.35,133.0,133.15,10008.0,1697431500.0,2023-10-16 10:15:00+05:30
133.1,133.35,132.8,133.25,8216.0,1697431800.0,2023-10-16 10:20:00+05:30
133.25,133.25,132.95,132.95,9864.0,1697432100.0,2023-10-16 10:25:00+05:30
132.95,133.1,131.15,131.25,75492.0,1697432400.0,2023-10-16 10:30:00+05:30
131.25,131.3,130.95,130.95,16864.0,1697432700.0,2023-10-16 10:35:00+05:30
131.0,131.15,130.8,130.9,3532.0,1697433000.0,2023-10-16 10:40:00+05:30
131.05,131.1,130.4,130.5,14092.0,1697433300.0,2023-10-16 10:45:00+05:30
130.5,130.5,130.1,130.4,5264.0,1697433600.0,2023-10-16 10:50:00+05:30
130.4,130.7,130.1,130.2,9672.0,1697433900.0,2023-10-16 10:55:00+05:30
130.2,130.2,129.9,129.9,8924.0,1697434200.0,2023-10-16 11:00:00+05:30
129.8,129.8,129.45,129.7,9320.0,1697434500.0,2023-10-16 11:05:00+05:30
129.6,130.05,129.6,129.9,4544.0,1697434800.0,2023-10-16 11:10:00+05:30
129.9,130.2,129.75,129.95,5656.0,1697435100.0,2023-10-16 11:15:00+05:30
129.95,130.2,129.95,129.95,5240.0,1697435400.0,2023-10-16 11:20:00+05:30
129.95,130.1,129.75,130.05,2372.0,1697435700.0,2023-10-16 11:25:00+05:30
130.05,130.1,129.95,130.1,1936.0,1697436000.0,2023-10-16 11:30:00+05:30
130.1,130.1,129.9,130.0,5356.0,1697436300.0,2023-10-16 11:35:00+05:30
130.0,130.1,129.8,130.1,3312.0,1697436600.0,2023-10-16 11:40:00+05:30
130.1,130.95,130.0,130.95,8544.0,1697436900.0,2023-10-16 11:45:00+05:30
130.9,131.15,130.3,131.05,30620.0,1697437200.0,2023-10-16 11:50:00+05:30
130.95,131.05,130.9,131.05,2216.0,1697437500.0,2023-10-16 11:55:00+05:30
131.05,131.25,130.6,130.6,20380.0,1697437800.0,2023-10-16 12:00:00+05:30
130.6,130.95,130.5,130.95,1804.0,1697438100.0,2023-10-16 12:05:00+05:30
130.9,131.0,130.65,130.85,23408.0,1697438400.0,2023-10-16 12:10:00+05:30
130.85,131.25,130.7,131.05,9032.0,1697438700.0,2023-10-16 12:15:00+05:30
131.1,131.25,130.95,131.05,3992.0,1697439000.0,2023-10-16 12:20:00+05:30
131.05,131.25,130.75,130.95,4104.0,1697439300.0,2023-10-16 12:25:00+05:30
130.95,130.95,130.8,130.95,1048.0,1697439600.0,2023-10-16 12:30:00+05:30
130.95,131.15,130.8,130.8,1600.0,1697439900.0,2023-10-16 12:35:00+05:30
130.95,130.95,130.65,130.95,2004.0,1697440200.0,2023-10-16 12:40:00+05:30
130.85,131.0,130.6,130.75,1700.0,1697440500.0,2023-10-16 12:45:00+05:30
130.7,130.85,130.5,130.85,2100.0,1697440800.0,2023-10-16 12:50:00+05:30
130.85,130.85,130.7,130.7,4736.0,1697441100.0,2023-10-16 12:55:00+05:30
130.7,130.9,130.7,130.9,776.0,1697441400.0,2023-10-16 13:00:00+05:30
130.9,131.25,130.75,131.2,5272.0,1697441700.0,2023-10-16 13:05:00+05:30
131.2,131.4,131.05,131.4,8616.0,1697442000.0,2023-10-16 13:10:00+05:30
131.25,131.4,131.05,131.15,4644.0,1697442300.0,2023-10-16 13:15:00+05:30
131.15,131.35,131.1,131.2,1792.0,1697442600.0,2023-10-16 13:20:00+05:30
131.2,131.45,131.2,131.3,1268.0,1697442900.0,2023-10-16 13:25:00+05:30
131.3,131.7,131.2,131.55,6500.0,1697443200.0,2023-10-16 13:30:00+05:30
131.6,131.7,131.4,131.7,1652.0,1697443500.0,2023-10-16 13:35:00+05:30
131.7,131.75,131.45,131.75,4204.0,1697443800.0,2023-10-16 13:40:00+05:30
131.75,131.75,130.8,131.1,29820.0,1697444100.0,2023-10-16 13:45:00+05:30
131.1,131.25,130.95,131.1,3760.0,1697444400.0,2023-10-16 13:50:00+05:30
131.1,131.2,130.9,131.0,2780.0,1697444700.0,2023-10-16 13:55:00+05:30
131.2,131.25,131.0,131.0,1592.0,1697445000.0,2023-10-16 14:00:00+05:30
131.0,131.1,130.75,130.9,3020.0,1697445300.0,2023-10-16 14:05:00+05:30
130.95,131.0,130.6,130.85,3380.0,1697445600.0,2023-10-16 14:10:00+05:30
130.9,131.1,130.7,130.8,8484.0,1697445900.0,2023-10-16 14:15:00+05:30
131.1,131.2,131.0,131.15,2312.0,1697446200.0,2023-10-16 14:20:00+05:30
131.2,131.2,130.7,131.0,8348.0,1697446500.0,2023-10-16 14:25:00+05:30
130.8,131.15,130.8,130.95,1396.0,1697446800.0,2023-10-16 14:30:00+05:30
130.95,131.55,130.9,131.55,28468.0,1697447100.0,2023-10-16 14:35:00+05:30
131.55,131.6,131.3,131.6,4204.0,1697447400.0,2023-10-16 14:40:00+05:30
131.7,131.8,131.5,131.5,9004.0,1697447700.0,2023-10-16 14:45:00+05:30
131.5,131.7,131.35,131.4,3852.0,1697448000.0,2023-10-16 14:50:00+05:30
131.6,131.7,131.35,131.55,4556.0,1697448300.0,2023-10-16 14:55:00+05:30
131.6,131.7,131.3,131.6,5448.0,1697448600.0,2023-10-16 15:00:00+05:30
131.6,131.6,131.3,131.4,2700.0,1697448900.0,2023-10-16 15:05:00+05:30
131.4,131.4,130.8,130.9,6652.0,1697449200.0,2023-10-16 15:10:00+05:30
131.0,131.0,130.75,130.9,4736.0,1697449500.0,2023-10-16 15:15:00+05:30
130.9,131.5,130.7,131.5,17584.0,1697449800.0,2023-10-16 15:20:00+05:30
131.5,131.75,130.75,131.0,40164.0,1697450100.0,2023-10-16 15:25:00+05:30
132.35,134.25,132.35,134.25,56240.0,1697514300.0,2023-10-17 09:15:00+05:30
134.4,135.95,133.75,135.9,77748.0,1697514600.0,2023-10-17 09:20:00+05:30
136.0,137.25,135.8,136.75,148596.0,1697514900.0,2023-10-17 09:25:00+05:30
136.75,136.8,136.0,136.25,53248.0,1697515200.0,2023-10-17 09:30:00+05:30
136.1,137.45,136.05,137.35,47212.0,1697515500.0,2023-10-17 09:35:00+05:30
137.2,138.75,137.2,137.25,221152.0,1697515800.0,2023-10-17 09:40:00+05:30
137.25,137.7,136.65,137.25,78468.0,1697516100.0,2023-10-17 09:45:00+05:30
137.2,137.45,136.95,137.1,17272.0,1697516400.0,2023-10-17 09:50:00+05:30
137.25,138.0,137.0,137.85,28356.0,1697516700.0,2023-10-17 09:55:00+05:30
137.85,138.25,137.8,137.85,39780.0,1697517000.0,2023-10-17 10:00:00+05:30
137.95,138.05,137.4,137.55,15444.0,1697517300.0,2023-10-17 10:05:00+05:30
137.55,137.6,137.2,137.2,9704.0,1697517600.0,2023-10-17 10:10:00+05:30
137.2,137.4,137.1,137.35,7776.0,1697517900.0,2023-10-17 10:15:00+05:30
137.35,137.35,136.9,136.9,5488.0,1697518200.0,2023-10-17 10:20:00+05:30
136.75,138.1,136.75,138.1,47964.0,1697518500.0,2023-10-17 10:25:00+05:30
138.1,139.0,137.85,139.0,85900.0,1697518800.0,2023-10-17 10:30:00+05:30
139.0,141.2,138.95,141.0,186164.0,1697519100.0,2023-10-17 10:35:00+05:30
141.2,143.75,140.8,141.15,373248.0,1697519400.0,2023-10-17 10:40:00+05:30
141.15,141.25,140.4,140.4,58200.0,1697519700.0,2023-10-17 10:45:00+05:30
140.25,141.85,140.05,141.85,66344.0,1697520000.0,2023-10-17 10:50:00+05:30
141.45,142.0,141.25,141.95,26388.0,1697520300.0,2023-10-17 10:55:00+05:30
141.85,142.25,141.65,141.75,21772.0,1697520600.0,2023-10-17 11:00:00+05:30
141.75,142.4,141.6,141.95,25804.0,1697520900.0,2023-10-17 11:05:00+05:30
142.25,142.5,141.8,141.8,21556.0,1697521200.0,2023-10-17 11:10:00+05:30
141.8,142.25,141.75,141.9,16404.0,1697521500.0,2023-10-17 11:15:00+05:30
141.9,141.9,141.55,141.75,7740.0,1697521800.0,2023-10-17 11:20:00+05:30
141.75,142.0,141.7,141.8,13360.0,1697522100.0,2023-10-17 11:25:00+05:30
141.8,142.0,141.55,141.65,19008.0,1697522400.0,2023-10-17 11:30:00+05:30
141.8,141.85,140.75,140.75,24488.0,1697522700.0,2023-10-17 11:35:00+05:30
140.75,141.05,140.25,140.45,25676.0,1697523000.0,2023-10-17 11:40:00+05:30
140.45,140.9,140.05,140.8,9892.0,1697523300.0,2023-10-17 11:45:00+05:30
140.8,141.05,140.2,140.5,12532.0,1697523600.0,2023-10-17 11:50:00+05:30
140.5,140.75,140.2,140.7,5896.0,1697523900.0,2023-10-17 11:55:00+05:30
140.75,140.75,139.85,140.0,10912.0,1697524200.0,2023-10-17 12:00:00+05:30
140.15,140.35,139.45,139.8,23084.0,1697524500.0,2023-10-17 12:05:00+05:30
139.8,140.0,139.5,139.8,5708.0,1697524800.0,2023-10-17 12:10:00+05:30
139.8,139.9,139.6,139.7,5324.0,1697525100.0,2023-10-17 12:15:00+05:30
139.85,139.9,139.4,139.4,6312.0,1697525400.0,2023-10-17 12:20:00+05:30
139.4,139.55,138.9,139.05,33868.0,1697525700.0,2023-10-17 12:25:00+05:30
139.05,139.3,138.95,139.1,12400.0,1697526000.0,2023-10-17 12:30:00+05:30
139.1,139.5,138.75,139.35,5304.0,1697526300.0,2023-10-17 12:35:00+05:30
139.35,139.5,139.15,139.5,6440.0,1697526600.0,2023-10-17 12:40:00+05:30
139.5,139.5,139.3,139.45,2096.0,1697526900.0,2023-10-17 12:45:00+05:30
139.45,139.85,139.4,139.75,14184.0,1697527200.0,2023-10-17 12:50:00+05:30
139.75,139.75,139.35,139.35,6448.0,1697527500.0,2023-10-17 12:55:00+05:30
139.35,139.55,138.75,138.95,11512.0,1697527800.0,2023-10-17 13:00:00+05:30
138.95,138.95,138.0,138.2,15512.0,1697528100.0,2023-10-17 13:05:00+05:30
138.2,138.2,137.55,137.85,7964.0,1697528400.0,2023-10-17 13:10:00+05:30
137.85,137.85,136.9,137.0,31376.0,1697528700.0,2023-10-17 13:15:00+05:30
137.0,137.1,136.5,136.8,13204.0,1697529000.0,2023-10-17 13:20:00+05:30
136.6,137.0,135.3,135.9,77148.0,1697529300.0,2023-10-17 13:25:00+05:30
135.9,136.65,135.9,136.5,20420.0,1697529600.0,2023-10-17 13:30:00+05:30
136.5,136.95,136.2,136.25,15472.0,1697529900.0,2023-10-17 13:35:00+05:30
136.25,136.85,136.25,136.55,9264.0,1697530200.0,2023-10-17 13:40:00+05:30
136.55,136.85,136.3,136.8,4168.0,1697530500.0,2023-10-17 13:45:00+05:30
136.8,136.9,136.55,136.55,9628.0,1697530800.0,2023-10-17 13:50:00+05:30
136.8,136.8,136.5,136.65,6076.0,1697531100.0,2023-10-17 13:55:00+05:30
136.65,136.7,136.2,136.3,3932.0,1697531400.0,2023-10-17 14:00:00+05:30
136.1,136.75,136.05,136.45,5624.0,1697531700.0,2023-10-17 14:05:00+05:30
136.45,136.6,136.05,136.2,7144.0,1697532000.0,2023-10-17 14:10:00+05:30
136.2,136.25,135.9,136.2,6500.0,1697532300.0,2023-10-17 14:15:00+05:30
136.2,136.6,136.2,136.4,2912.0,1697532600.0,2023-10-17 14:20:00+05:30
136.4,136.45,136.15,136.3,10140.0,1697532900.0,2023-10-17 14:25:00+05:30
136.3,137.1,136.3,137.1,21368.0,1697533200.0,2023-10-17 14:30:00+05:30
137.1,137.5,136.85,137.5,19004.0,1697533500.0,2023-10-17 14:35:00+05:30
137.5,138.4,137.3,137.9,29172.0,1697533800.0,2023-10-17 14:40:00+05:30
137.65,137.7,137.2,137.45,10524.0,1697534100.0,2023-10-17 14:45:00+05:30
137.35,137.5,137.1,137.4,4228.0,1697534400.0,2023-10-17 14:50:00+05:30
137.5,137.5,136.5,136.5,18304.0,1697534700.0,2023-10-17 14:55:00+05:30
136.7,136.75,136.3,136.75,18296.0,1697535000.0,2023-10-17 15:00:00+05:30
136.75,136.75,136.6,136.75,25840.0,1697535300.0,2023-10-17 15:05:00+05:30
136.75,136.8,136.55,136.6,47612.0,1697535600.0,2023-10-17 15:10:00+05:30
136.7,136.95,136.35,136.75,27036.0,1697535900.0,2023-10-17 15:15:00+05:30
136.75,137.6,136.7,137.5,52576.0,1697536200.0,2023-10-17 15:20:00+05:30
137.75,138.15,137.25,137.95,47992.0,1697536500.0,2023-10-17 15:25:00+05:30
139.9,141.15,138.75,139.05,95032.0,1697600700.0,2023-10-18 09:15:00+05:30
138.95,138.95,137.0,137.25,49692.0,1697601000.0,2023-10-18 09:20:00+05:30
137.25,137.7,136.85,136.85,34588.0,1697601300.0,2023-10-18 09:25:00+05:30
136.85,137.05,136.1,136.4,35456.0,1697601600.0,2023-10-18 09:30:00+05:30
136.4,136.45,136.25,136.4,17284.0,1697601900.0,2023-10-18 09:35:00+05:30
136.4,136.4,135.0,135.25,51996.0,1697602200.0,2023-10-18 09:40:00+05:30
135.25,136.6,135.25,135.95,22468.0,1697602500.0,2023-10-18 09:45:00+05:30
135.8,136.85,135.8,136.85,14668.0,1697602800.0,2023-10-18 09:50:00+05:30
136.7,137.05,136.7,137.0,10196.0,1697603100.0,2023-10-18 09:55:00+05:30
136.9,137.0,136.4,136.7,18616.0,1697603400.0,2023-10-18 10:00:00+05:30
136.55,137.25,136.55,137.25,11468.0,1697603700.0,2023-10-18 10:05:00+05:30
137.25,137.65,137.25,137.4,9324.0,1697604000.0,2023-10-18 10:10:00+05:30
137.4,137.7,137.0,137.25,9592.0,1697604300.0,2023-10-18 10:15:00+05:30
137.15,137.4,137.0,137.4,8168.0,1697604600.0,2023-10-18 10:20:00+05:30
137.15,137.4,137.05,137.3,3760.0,1697604900.0,2023-10-18 10:25:00+05:30
137.3,137.5,137.05,137.1,8372.0,1697605200.0,2023-10-18 10:30:00+05:30
137.1,137.35,137.0,137.0,6948.0,1697605500.0,2023-10-18 10:35:00+05:30
137.0,137.2,137.0,137.0,4584.0,1697605800.0,2023-10-18 10:40:00+05:30
137.0,137.15,136.5,136.65,8808.0,1697606100.0,2023-10-18 10:45:00+05:30
136.65,136.65,135.85,136.05,13416.0,1697606400.0,2023-10-18 10:50:00+05:30
136.05,136.5,135.75,136.5,9300.0,1697606700.0,2023-10-18 10:55:00+05:30
136.5,136.5,136.0,136.0,2940.0,1697607000.0,2023-10-18 11:00:00+05:30
136.0,136.25,135.75,135.95,10056.0,1697607300.0,2023-10-18 11:05:00+05:30
135.95,135.95,135.4,135.8,9000.0,1697607600.0,2023-10-18 11:10:00+05:30
135.75,135.75,134.35,134.55,43544.0,1697607900.0,2023-10-18 11:15:00+05:30
134.7,135.45,134.55,135.2,30032.0,1697608200.0,2023-10-18 11:20:00+05:30
135.3,136.0,135.25,135.9,6084.0,1697608500.0,2023-10-18 11:25:00+05:30
135.9,136.05,135.6,135.6,4304.0,1697608800.0,2023-10-18 11:30:00+05:30
135.6,135.9,135.4,135.9,8476.0,1697609100.0,2023-10-18 11:35:00+05:30
135.9,135.9,135.5,135.55,3836.0,1697609400.0,2023-10-18 11:40:00+05:30
135.7,135.75,135.05,135.3,8812.0,1697609700.0,2023-10-18 11:45:00+05:30
135.25,135.7,135.25,135.7,5536.0,1697610000.0,2023-10-18 11:50:00+05:30
135.7,135.8,135.1,135.1,6768.0,1697610300.0,2023-10-18 11:55:00+05:30
135.1,135.4,135.05,135.25,4824.0,1697610600.0,2023-10-18 12:00:00+05:30
135.25,135.4,135.05,135.2,2968.0,1697610900.0,2023-10-18 12:05:00+05:30
135.2,135.25,134.5,134.5,11968.0,1697611200.0,2023-10-18 12:10:00+05:30
134.6,134.7,133.5,134.25,93296.0,1697611500.0,2023-10-18 12:15:00+05:30
134.25,134.45,134.1,134.3,7140.0,1697611800.0,2023-10-18 12:20:00+05:30
134.4,134.95,134.35,134.85,7512.0,1697612100.0,2023-10-18 12:25:00+05:30
134.85,134.95,134.4,134.4,4388.0,1697612400.0,2023-10-18 12:30:00+05:30
134.4,134.5,134.05,134.45,11968.0,1697612700.0,2023-10-18 12:35:00+05:30
134.45,134.6,134.3,134.5,2676.0,1697613000.0,2023-10-18 12:40:00+05:30
134.5,134.6,134.2,134.45,7288.0,1697613300.0,2023-10-18 12:45:00+05:30
134.2,134.75,134.2,134.75,2784.0,1697613600.0,2023-10-18 12:50:00+05:30
134.75,134.75,134.5,134.6,8512.0,1697613900.0,2023-10-18 12:55:00+05:30
134.6,134.75,134.4,134.7,7132.0,1697614200.0,2023-10-18 13:00:00+05:30
134.7,134.75,134.5,134.6,1532.0,1697614500.0,2023-10-18 13:05:00+05:30
134.6,134.75,134.45,134.65,2904.0,1697614800.0,2023-10-18 13:10:00+05:30
134.75,134.75,133.75,133.8,15868.0,1697615100.0,2023-10-18 13:15:00+05:30
133.8,133.8,133.0,133.0,30240.0,1697615400.0,2023-10-18 13:20:00+05:30
133.0,133.2,132.5,132.5,13140.0,1697615700.0,2023-10-18 13:25:00+05:30
132.7,132.8,132.5,132.5,22172.0,1697616000.0,2023-10-18 13:30:00+05:30
132.55,132.85,131.5,132.7,26004.0,1697616300.0,2023-10-18 13:35:00+05:30
132.45,132.8,132.35,132.45,5120.0,1697616600.0,2023-10-18 13:40:00+05:30
132.45,132.75,131.9,132.25,22480.0,1697616900.0,2023-10-18 13:45:00+05:30
132.25,132.6,132.2,132.5,7060.0,1697617200.0,2023-10-18 13:50:00+05:30
132.4,132.6,132.25,132.35,6500.0,1697617500.0,2023-10-18 13:55:00+05:30
132.35,132.6,132.3,132.45,4940.0,1697617800.0,2023-10-18 14:00:00+05:30
132.45,132.65,132.3,132.4,6696.0,1697618100.0,2023-10-18 14:05:00+05:30
132.4,132.7,131.75,132.15,27664.0,1697618400.0,2023-10-18 14:10:00+05:30
132.25,132.3,132.05,132.25,3076.0,1697618700.0,2023-10-18 14:15:00+05:30
132.25,132.25,131.3,131.4,10984.0,1697619000.0,2023-10-18 14:20:00+05:30
131.4,131.65,130.55,130.9,20716.0,1697619300.0,2023-10-18 14:25:00+05:30
131.0,131.25,130.75,131.25,21252.0,1697619600.0,2023-10-18 14:30:00+05:30
131.25,131.55,131.25,131.3,21152.0,1697619900.0,2023-10-18 14:35:00+05:30
131.3,131.55,131.3,131.55,11356.0,1697620200.0,2023-10-18 14:40:00+05:30
131.4,131.5,130.25,130.25,39024.0,1697620500.0,2023-10-18 14:45:00+05:30
130.3,130.8,130.05,130.6,39284.0,1697620800.0,2023-10-18 14:50:00+05:30
130.7,131.5,130.7,131.4,28624.0,1697621100.0,2023-10-18 14:55:00+05:30
131.4,131.6,131.4,131.4,32196.0,1697621400.0,2023-10-18 15:00:00+05:30
131.4,131.45,130.9,131.45,32984.0,1697621700.0,2023-10-18 15:05:00+05:30
131.4,131.6,130.9,131.15,30444.0,1697622000.0,2023-10-18 15:10:00+05:30
131.15,131.55,130.9,131.0,30636.0,1697622300.0,2023-10-18 15:15:00+05:30
131.2,131.9,131.05,131.9,44404.0,1697622600.0,2023-10-18 15:20:00+05:30
131.9,132.75,131.5,132.25,32444.0,1697622900.0,2023-10-18 15:25:00+05:30
131.45,133.3,130.75,132.9,52652.0,1697687100.0,2023-10-19 09:15:00+05:30
132.9,132.9,131.0,131.25,28792.0,1697687400.0,2023-10-19 09:20:00+05:30
131.45,132.95,130.15,130.15,64260.0,1697687700.0,2023-10-19 09:25:00+05:30
130.25,130.25,128.5,130.0,97104.0,1697688000.0,2023-10-19 09:30:00+05:30
130.15,131.25,130.15,130.6,30084.0,1697688300.0,2023-10-19 09:35:00+05:30
130.8,132.4,130.65,132.2,31456.0,1697688600.0,2023-10-19 09:40:00+05:30
132.2,132.95,131.4,132.95,24876.0,1697688900.0,2023-10-19 09:45:00+05:30
132.95,133.65,132.95,133.25,26444.0,1697689200.0,2023-10-19 09:50:00+05:30
133.15,133.4,133.1,133.2,12584.0,1697689500.0,2023-10-19 09:55:00+05:30
133.2,133.35,132.8,133.35,6348.0,1697689800.0,2023-10-19 10:00:00+05:30
133.35,133.4,132.7,132.7,16620.0,1697690100.0,2023-10-19 10:05:00+05:30
132.9,133.25,132.9,133.15,8264.0,1697690400.0,2023-10-19 10:10:00+05:30
133.15,133.25,132.85,133.0,6436.0,1697690700.0,2023-10-19 10:15:00+05:30
133.0,133.15,132.8,133.1,3592.0,1697691000.0,2023-10-19 10:20:00+05:30
133.1,134.7,133.1,134.5,31788.0,1697691300.0,2023-10-19 10:25:00+05:30
134.8,135.6,133.9,133.9,33956.0,1697691600.0,2023-10-19 10:30:00+05:30
133.75,133.85,132.3,132.3,21980.0,1697691900.0,2023-10-19 10:35:00+05:30
132.25,133.55,131.4,132.15,65596.0,1697692200.0,2023-10-19 10:40:00+05:30
132.1,132.5,131.15,131.6,24252.0,1697692500.0,2023-10-19 10:45:00+05:30
131.8,131.95,131.4,131.4,14360.0,1697692800.0,2023-10-19 10:50:00+05:30
131.4,131.75,131.1,131.1,14612.0,1697693100.0,2023-10-19 10:55:00+05:30
131.1,131.55,131.05,131.45,7764.0,1697693400.0,2023-10-19 11:00:00+05:30
131.25,131.5,131.2,131.2,8224.0,1697693700.0,2023-10-19 11:05:00+05:30
131.4,131.75,131.15,131.25,14764.0,1697694000.0,2023-10-19 11:10:00+05:30
131.25,131.6,131.2,131.4,8488.0,1697694300.0,2023-10-19 11:15:00+05:30
131.55,131.55,131.2,131.2,7044.0,1697694600.0,2023-10-19 11:20:00+05:30
131.4,131.45,131.2,131.45,5152.0,1697694900.0,2023-10-19 11:25:00+05:30
131.35,131.45,131.2,131.4,7548.0,1697695200.0,2023-10-19 11:30:00+05:30
131.2,131.6,131.2,131.2,5808.0,1697695500.0,2023-10-19 11:35:00+05:30
131.45,131.5,131.2,131.25,4504.0,1697695800.0,2023-10-19 11:40:00+05:30
131.25,131.5,131.25,131.4,10340.0,1697696100.0,2023-10-19 11:45:00+05:30
131.3,131.45,131.25,131.25,11360.0,1697696400.0,2023-10-19 11:50:00+05:30
131.25,131.5,131.25,131.3,9508.0,1697696700.0,2023-10-19 11:55:00+05:30
131.3,131.65,131.25,131.5,9868.0,1697697000.0,2023-10-19 12:00:00+05:30
131.5,131.65,131.2,131.5,12620.0,1697697300.0,2023-10-19 12:05:00+05:30
131.5,131.6,131.2,131.2,10420.0,1697697600.0,2023-10-19 12:10:00+05:30
131.2,131.55,131.2,131.35,12244.0,1697697900.0,2023-10-19 12:15:00+05:30
131.3,131.5,131.2,131.2,9440.0,1697698200.0,2023-10-19 12:20:00+05:30
131.2,132.35,131.2,132.35,3532.0,1697698500.0,2023-10-19 12:25:00+05:30
132.35,134.45,132.35,134.3,35600.0,1697698800.0,2023-10-19 12:30:00+05:30
134.3,134.6,134.0,134.6,8508.0,1697699100.0,2023-10-19 12:35:00+05:30
134.6,134.75,134.0,134.0,9180.0,1697699400.0,2023-10-19 12:40:00+05:30
134.0,134.55,134.0,134.15,2472.0,1697699700.0,2023-10-19 12:45:00+05:30
134.2,134.4,134.0,134.2,2552.0,1697700000.0,2023-10-19 12:50:00+05:30
134.25,134.5,134.2,134.5,1712.0,1697700300.0,2023-10-19 12:55:00+05:30
134.5,134.8,134.2,134.45,8052.0,1697700600.0,2023-10-19 13:00:00+05:30
134.45,134.7,134.25,134.4,5720.0,1697700900.0,2023-10-19 13:05:00+05:30
134.4,134.4,134.0,134.0,2180.0,1697701200.0,2023-10-19 13:10:00+05:30
134.0,134.6,134.0,134.4,4416.0,1697701500.0,2023-10-19 13:15:00+05:30
134.4,134.4,134.05,134.15,3996.0,1697701800.0,2023-10-19 13:20:00+05:30
134.3,134.5,133.9,134.2,8204.0,1697702100.0,2023-10-19 13:25:00+05:30
134.2,134.5,134.2,134.5,3264.0,1697702400.0,2023-10-19 13:30:00+05:30
134.5,134.55,134.4,134.55,3928.0,1697702700.0,2023-10-19 13:35:00+05:30
134.55,134.9,134.4,134.6,8580.0,1697703000.0,2023-10-19 13:40:00+05:30
134.8,134.9,134.55,134.65,11908.0,1697703300.0,2023-10-19 13:45:00+05:30
134.65,134.7,134.2,134.4,3932.0,1697703600.0,2023-10-19 13:50:00+05:30
134.4,134.45,134.1,134.3,9556.0,1697703900.0,2023-10-19 13:55:00+05:30
134.2,134.55,134.0,134.55,5292.0,1697704200.0,2023-10-19 14:00:00+05:30
134.55,134.55,134.0,134.0,4020.0,1697704500.0,2023-10-19 14:05:00+05:30
134.0,134.2,133.9,134.1,1616.0,1697704800.0,2023-10-19 14:10:00+05:30
134.1,134.35,133.95,134.35,7396.0,1697705100.0,2023-10-19 14:15:00+05:30
134.35,134.35,133.85,134.05,3488.0,1697705400.0,2023-10-19 14:20:00+05:30
134.05,134.5,134.05,134.2,5788.0,1697705700.0,2023-10-19 14:25:00+05:30
134.3,134.3,134.0,134.0,1908.0,1697706000.0,2023-10-19 14:30:00+05:30
134.0,134.05,133.8,133.9,1284.0,1697706300.0,2023-10-19 14:35:00+05:30
133.9,134.1,133.85,133.85,1176.0,1697706600.0,2023-10-19 14:40:00+05:30
133.85,134.3,133.75,134.1,7568.0,1697706900.0,2023-10-19 14:45:00+05:30
134.05,134.25,133.75,133.8,4316.0,1697707200.0,2023-10-19 14:50:00+05:30
133.8,134.4,133.8,134.4,8516.0,1697707500.0,2023-10-19 14:55:00+05:30
134.2,134.2,133.6,133.6,5408.0,1697707800.0,2023-10-19 15:00:00+05:30
133.6,133.85,133.5,133.75,5940.0,1697708100.0,2023-10-19 15:05:00+05:30
133.7,134.0,133.7,133.75,9152.0,1697708400.0,2023-10-19 15:10:00+05:30
133.75,134.5,133.7,134.25,13892.0,1697708700.0,2023-10-19 15:15:00+05:30
134.2,135.0,132.8,133.0,39976.0,1697709000.0,2023-10-19 15:20:00+05:30
133.0,135.5,132.8,134.5,75592.0,1697709300.0,2023-10-19 15:25:00+05:30
134.3,135.95,133.3,133.75,40388.0,1697773500.0,2023-10-20 09:15:00+05:30
133.7,136.15,133.45,136.05,56268.0,1697773800.0,2023-10-20 09:20:00+05:30
136.25,137.6,135.9,136.45,59296.0,1697774100.0,2023-10-20 09:25:00+05:30
136.1,137.4,135.95,137.15,24084.0,1697774400.0,2023-10-20 09:30:00+05:30
137.15,137.6,136.9,137.6,18856.0,1697774700.0,2023-10-20 09:35:00+05:30
137.6,138.7,137.6,137.8,35120.0,1697775000.0,2023-10-20 09:40:00+05:30
137.65,138.2,137.5,138.2,7800.0,1697775300.0,2023-10-20 09:45:00+05:30
138.1,138.65,137.75,138.35,23640.0,1697775600.0,2023-10-20 09:50:00+05:30
138.35,138.7,138.25,138.5,7276.0,1697775900.0,2023-10-20 09:55:00+05:30
138.45,139.5,138.15,139.35,38060.0,1697776200.0,2023-10-20 10:00:00+05:30
139.35,139.4,138.6,138.6,20832.0,1697776500.0,2023-10-20 10:05:00+05:30
138.7,138.75,138.25,138.4,7332.0,1697776800.0,2023-10-20 10:10:00+05:30
138.4,138.5,137.65,137.65,14864.0,1697777100.0,2023-10-20 10:15:00+05:30
137.25,137.4,136.95,137.4,42176.0,1697777400.0,2023-10-20 10:20:00+05:30
137.4,137.85,136.8,136.95,17924.0,1697777700.0,2023-10-20 10:25:00+05:30
136.8,137.0,136.5,136.8,17148.0,1697778000.0,2023-10-20 10:30:00+05:30
136.8,136.95,136.6,136.8,6552.0,1697778300.0,2023-10-20 10:35:00+05:30
136.8,137.0,136.6,136.85,4868.0,1697778600.0,2023-10-20 10:40:00+05:30
136.85,137.0,136.65,136.85,3268.0,1697778900.0,2023-10-20 10:45:00+05:30
136.85,136.85,135.9,136.7,40824.0,1697779200.0,2023-10-20 10:50:00+05:30
136.7,136.95,136.45,136.9,10804.0,1697779500.0,2023-10-20 10:55:00+05:30
136.9,136.95,136.6,136.95,6044.0,1697779800.0,2023-10-20 11:00:00+05:30
136.95,136.95,136.5,136.7,8896.0,1697780100.0,2023-10-20 11:05:00+05:30
136.7,136.9,136.5,136.85,28424.0,1697780400.0,2023-10-20 11:10:00+05:30
136.85,136.9,136.65,136.9,1960.0,1697780700.0,2023-10-20 11:15:00+05:30
136.9,136.95,136.65,136.65,1836.0,1697781000.0,2023-10-20 11:20:00+05:30
136.75,137.0,136.6,136.85,19308.0,1697781300.0,2023-10-20 11:25:00+05:30
136.85,136.95,136.7,136.95,4916.0,1697781600.0,2023-10-20 11:30:00+05:30
136.95,137.0,136.8,136.8,7496.0,1697781900.0,2023-10-20 11:35:00+05:30
136.8,136.9,136.8,136.8,2764.0,1697782200.0,2023-10-20 11:40:00+05:30
136.85,136.9,136.7,136.8,4404.0,1697782500.0,2023-10-20 11:45:00+05:30
136.8,136.9,136.55,136.7,16928.0,1697782800.0,2023-10-20 11:50:00+05:30
136.7,136.7,136.45,136.6,12328.0,1697783100.0,2023-10-20 11:55:00+05:30
136.45,136.6,136.4,136.6,14392.0,1697783400.0,2023-10-20 12:00:00+05:30
136.6,136.6,136.2,136.4,28656.0,1697783700.0,2023-10-20 12:05:00+05:30
136.5,136.7,136.3,136.7,17372.0,1697784000.0,2023-10-20 12:10:00+05:30
136.5,136.75,136.25,136.7,10160.0,1697784300.0,2023-10-20 12:15:00+05:30
136.7,137.2,136.65,137.2,5264.0,1697784600.0,2023-10-20 12:20:00+05:30
137.2,137.7,137.0,137.55,9768.0,1697784900.0,2023-10-20 12:25:00+05:30
137.45,138.0,137.4,137.5,7232.0,1697785200.0,2023-10-20 12:30:00+05:30
137.5,137.85,137.4,137.85,3996.0,1697785500.0,2023-10-20 12:35:00+05:30
137.85,137.85,137.4,137.5,7908.0,1697785800.0,2023-10-20 12:40:00+05:30
137.5,137.5,137.2,137.2,3172.0,1697786100.0,2023-10-20 12:45:00+05:30
137.2,137.2,136.8,137.0,12280.0,1697786400.0,2023-10-20 12:50:00+05:30
137.0,137.15,136.75,136.95,17436.0,1697786700.0,2023-10-20 12:55:00+05:30
136.95,137.2,136.9,137.0,9060.0,1697787000.0,2023-10-20 13:00:00+05:30
137.0,137.0,136.75,136.85,3064.0,1697787300.0,2023-10-20 13:05:00+05:30
136.85,136.85,136.5,136.7,2708.0,1697787600.0,2023-10-20 13:10:00+05:30
136.7,136.75,136.5,136.75,3668.0,1697787900.0,2023-10-20 13:15:00+05:30
136.75,136.75,136.5,136.75,7300.0,1697788200.0,2023-10-20 13:20:00+05:30
136.75,136.75,136.4,136.45,3928.0,1697788500.0,2023-10-20 13:25:00+05:30
136.45,136.6,136.4,136.55,6036.0,1697788800.0,2023-10-20 13:30:00+05:30
136.55,136.75,136.4,136.6,9448.0,1697789100.0,2023-10-20 13:35:00+05:30
136.6,136.6,136.4,136.6,4292.0,1697789400.0,2023-10-20 13:40:00+05:30
136.6,136.6,136.5,136.6,2328.0,1697789700.0,2023-10-20 13:45:00+05:30
136.6,136.6,136.4,136.5,5396.0,1697790000.0,2023-10-20 13:50:00+05:30
136.5,136.6,136.45,136.6,29416.0,1697790300.0,2023-10-20 13:55:00+05:30
136.6,136.6,136.5,136.5,2480.0,1697790600.0,2023-10-20 14:00:00+05:30
136.5,137.0,136.5,137.0,21684.0,1697790900.0,2023-10-20 14:05:00+05:30
137.0,137.2,136.95,136.95,4812.0,1697791200.0,2023-10-20 14:10:00+05:30
136.95,137.0,136.3,136.7,23624.0,1697791500.0,2023-10-20 14:15:00+05:30
136.7,136.75,136.5,136.7,6068.0,1697791800.0,2023-10-20 14:20:00+05:30
136.7,136.75,136.3,136.3,19832.0,1697792100.0,2023-10-20 14:25:00+05:30
136.5,136.75,136.3,136.75,55544.0,1697792400.0,2023-10-20 14:30:00+05:30
136.4,136.75,136.4,136.55,35608.0,1697792700.0,2023-10-20 14:35:00+05:30
136.55,137.0,136.55,136.65,28156.0,1697793000.0,2023-10-20 14:40:00+05:30
136.65,136.8,136.5,136.8,10604.0,1697793300.0,2023-10-20 14:45:00+05:30
136.6,136.95,136.45,136.9,6672.0,1697793600.0,2023-10-20 14:50:00+05:30
136.7,136.9,136.55,136.55,3804.0,1697793900.0,2023-10-20 14:55:00+05:30
136.55,136.85,136.4,136.6,19992.0,1697794200.0,2023-10-20 15:00:00+05:30
136.65,136.9,136.6,136.9,6480.0,1697794500.0,2023-10-20 15:05:00+05:30
136.75,137.4,136.6,137.25,53140.0,1697794800.0,2023-10-20 15:10:00+05:30
137.25,137.4,137.0,137.3,11436.0,1697795100.0,2023-10-20 15:15:00+05:30
136.95,138.1,136.95,137.25,58984.0,1697795400.0,2023-10-20 15:20:00+05:30
137.25,137.25,136.8,137.0,37888.0,1697795700.0,2023-10-20 15:25:00+05:30
133.3,136.35,133.3,135.25,61140.0,1698032700.0,2023-10-23 09:15:00+05:30
135.25,135.25,133.3,133.9,42132.0,1698033000.0,2023-10-23 09:20:00+05:30
133.65,134.25,133.5,134.15,20160.0,1698033300.0,2023-10-23 09:25:00+05:30
134.05,134.2,133.25,133.35,20052.0,1698033600.0,2023-10-23 09:30:00+05:30
133.25,133.25,131.4,131.6,34560.0,1698033900.0,2023-10-23 09:35:00+05:30
131.6,132.35,131.6,132.25,18008.0,1698034200.0,2023-10-23 09:40:00+05:30
132.25,132.4,131.8,132.2,10888.0,1698034500.0,2023-10-23 09:45:00+05:30
132.2,132.75,132.0,132.15,9200.0,1698034800.0,2023-10-23 09:50:00+05:30
132.15,132.4,131.8,132.3,5464.0,1698035100.0,2023-10-23 09:55:00+05:30
132.3,132.9,132.3,132.45,5664.0,1698035400.0,2023-10-23 10:00:00+05:30
132.55,132.55,131.3,131.45,8992.0,1698035700.0,2023-10-23 10:05:00+05:30
131.45,131.45,130.1,130.1,24428.0,1698036000.0,2023-10-23 10:10:00+05:30
130.0,131.0,129.55,130.85,27992.0,1698036300.0,2023-10-23 10:15:00+05:30
131.0,131.0,128.5,128.85,58900.0,1698036600.0,2023-10-23 10:20:00+05:30
128.85,130.45,128.55,130.3,14552.0,1698036900.0,2023-10-23 10:25:00+05:30
130.3,130.8,129.2,129.2,28856.0,1698037200.0,2023-10-23 10:30:00+05:30
129.15,129.5,123.3,123.3,257884.0,1698037500.0,2023-10-23 10:35:00+05:30
123.6,126.8,123.4,126.45,273272.0,1698037800.0,2023-10-23 10:40:00+05:30
126.55,126.7,125.75,126.15,175656.0,1698038100.0,2023-10-23 10:45:00+05:30
126.15,129.3,126.15,128.7,68568.0,1698038400.0,2023-10-23 10:50:00+05:30
128.7,129.95,128.25,129.65,29812.0,1698038700.0,2023-10-23 10:55:00+05:30
129.65,129.85,129.15,129.85,16984.0,1698039000.0,2023-10-23 11:00:00+05:30
129.85,130.0,129.5,129.5,18072.0,1698039300.0,2023-10-23 11:05:00+05:30
129.5,129.7,129.1,129.5,9360.0,1698039600.0,2023-10-23 11:10:00+05:30
129.4,129.9,129.4,129.8,6692.0,1698039900.0,2023-10-23 11:15:00+05:30
129.9,129.9,129.4,129.5,4564.0,1698040200.0,2023-10-23 11:20:00+05:30
129.5,129.5,128.95,129.05,18328.0,1698040500.0,2023-10-23 11:25:00+05:30
129.25,129.75,129.25,129.7,4100.0,1698040800.0,2023-10-23 11:30:00+05:30
129.7,129.75,129.5,129.75,4808.0,1698041100.0,2023-10-23 11:35:00+05:30
129.75,129.75,129.25,129.25,19288.0,1698041400.0,2023-10-23 11:40:00+05:30
129.25,129.25,127.5,128.25,68656.0,1698041700.0,2023-10-23 11:45:00+05:30
128.25,128.7,128.05,128.2,18628.0,1698042000.0,2023-10-23 11:50:00+05:30
128.05,128.45,128.05,128.25,8260.0,1698042300.0,2023-10-23 11:55:00+05:30
128.25,128.5,127.8,128.1,16660.0,1698042600.0,2023-10-23 12:00:00+05:30
128.1,128.1,127.25,127.3,26808.0,1698042900.0,2023-10-23 12:05:00+05:30
127.3,127.35,126.7,127.3,23896.0,1698043200.0,2023-10-23 12:10:00+05:30
127.3,128.0,127.15,127.65,19744.0,1698043500.0,2023-10-23 12:15:00+05:30
127.8,128.1,127.7,128.05,4516.0,1698043800.0,2023-10-23 12:20:00+05:30
128.05,128.55,127.9,128.5,7760.0,1698044100.0,2023-10-23 12:25:00+05:30
128.4,128.5,128.15,128.4,1988.0,1698044400.0,2023-10-23 12:30:00+05:30
128.4,128.5,127.7,128.0,5612.0,1698044700.0,2023-10-23 12:35:00+05:30
128.0,128.05,127.7,128.0,7548.0,1698045000.0,2023-10-23 12:40:00+05:30
128.0,128.25,127.75,127.75,12272.0,1698045300.0,2023-10-23 12:45:00+05:30
127.95,128.25,127.8,128.2,11368.0,1698045600.0,2023-10-23 12:50:00+05:30
128.2,128.2,127.25,127.5,13012.0,1698045900.0,2023-10-23 12:55:00+05:30
127.5,127.5,126.75,126.95,10564.0,1698046200.0,2023-10-23 13:00:00+05:30
126.95,126.95,124.5,124.5,179328.0,1698046500.0,2023-10-23 13:05:00+05:30
124.65,125.25,123.75,124.6,134604.0,1698046800.0,2023-10-23 13:10:00+05:30
124.85,125.7,124.6,125.6,116576.0,1698047100.0,2023-10-23 13:15:00+05:30
125.65,126.65,125.65,126.1,38244.0,1698047400.0,2023-10-23 13:20:00+05:30
126.1,126.4,126.05,126.15,5340.0,1698047700.0,2023-10-23 13:25:00+05:30
126.1,126.2,125.75,125.9,8308.0,1698048000.0,2023-10-23 13:30:00+05:30
125.9,126.0,125.7,125.95,3820.0,1698048300.0,2023-10-23 13:35:00+05:30
125.95,126.15,125.8,126.15,10400.0,1698048600.0,2023-10-23 13:40:00+05:30
126.15,126.55,125.9,126.25,17900.0,1698048900.0,2023-10-23 13:45:00+05:30
126.25,126.25,126.05,126.2,6088.0,1698049200.0,2023-10-23 13:50:00+05:30
126.1,126.5,126.0,126.4,16852.0,1698049500.0,2023-10-23 13:55:00+05:30
126.4,126.8,126.0,126.3,32020.0,1698049800.0,2023-10-23 14:00:00+05:30
126.3,126.7,126.2,126.45,15728.0,1698050100.0,2023-10-23 14:05:00+05:30
126.3,126.55,125.7,125.7,30916.0,1698050400.0,2023-10-23 14:10:00+05:30
125.85,125.95,125.5,125.9,5316.0,1698050700.0,2023-10-23 14:15:00+05:30
126.05,126.05,125.25,125.6,13496.0,1698051000.0,2023-10-23 14:20:00+05:30
125.8,125.95,125.5,125.5,6320.0,1698051300.0,2023-10-23 14:25:00+05:30
125.7,126.05,125.4,125.4,8880.0,1698051600.0,2023-10-23 14:30:00+05:30
125.5,125.6,125.3,125.4,9148.0,1698051900.0,2023-10-23 14:35:00+05:30
125.4,125.5,125.3,125.5,15244.0,1698052200.0,2023-10-23 14:40:00+05:30
125.45,125.5,124.4,124.7,46912.0,1698052500.0,2023-10-23 14:45:00+05:30
124.7,124.85,124.5,124.85,11772.0,1698052800.0,2023-10-23 14:50:00+05:30
124.85,125.25,124.5,124.5,22572.0,1698053100.0,2023-10-23 14:55:00+05:30
124.7,124.95,124.4,124.45,39684.0,1698053400.0,2023-10-23 15:00:00+05:30
124.55,125.0,123.9,124.0,43124.0,1698053700.0,2023-10-23 15:05:00+05:30
124.65,124.85,124.3,124.7,21588.0,1698054000.0,2023-10-23 15:10:00+05:30
124.7,124.75,124.0,124.1,31276.0,1698054300.0,2023-10-23 15:15:00+05:30
124.2,124.6,124.0,124.4,41868.0,1698054600.0,2023-10-23 15:20:00+05:30
124.35,124.5,123.75,124.5,46336.0,1698054900.0,2023-10-23 15:25:00+05:30
125.0,127.85,125.0,125.9,71820.0,1698205500.0,2023-10-25 09:15:00+05:30
125.65,126.35,125.55,125.95,35364.0,1698205800.0,2023-10-25 09:20:00+05:30
125.85,125.95,122.5,123.0,75048.0,1698206100.0,2023-10-25 09:25:00+05:30
122.65,124.5,122.55,123.35,54736.0,1698206400.0,2023-10-25 09:30:00+05:30
123.35,124.4,122.8,124.4,38176.0,1698206700.0,2023-10-25 09:35:00+05:30
124.35,125.6,124.35,124.75,45180.0,1698207000.0,2023-10-25 09:40:00+05:30
124.75,125.7,124.75,125.2,14496.0,1698207300.0,2023-10-25 09:45:00+05:30
125.2,126.15,124.9,125.75,21128.0,1698207600.0,2023-10-25 09:50:00+05:30
125.75,126.05,125.55,126.0,21488.0,1698207900.0,2023-10-25 09:55:00+05:30
126.05,126.2,125.8,125.95,9980.0,1698208200.0,2023-10-25 10:00:00+05:30
126.15,126.2,125.85,125.95,2172.0,1698208500.0,2023-10-25 10:05:00+05:30
125.95,127.2,125.95,126.6,20140.0,1698208800.0,2023-10-25 10:10:00+05:30
126.7,127.15,126.3,126.4,10900.0,1698209100.0,2023-10-25 10:15:00+05:30
126.4,127.0,126.4,127.0,8084.0,1698209400.0,2023-10-25 10:20:00+05:30
127.0,127.5,127.0,127.1,19992.0,1698209700.0,2023-10-25 10:25:00+05:30
127.15,127.2,126.55,126.9,7772.0,1698210000.0,2023-10-25 10:30:00+05:30
126.75,127.25,126.75,127.25,10784.0,1698210300.0,2023-10-25 10:35:00+05:30
127.3,127.3,126.75,127.1,3096.0,1698210600.0,2023-10-25 10:40:00+05:30
127.1,127.15,126.55,127.0,6176.0,1698210900.0,2023-10-25 10:45:00+05:30
126.8,126.95,126.45,126.5,7496.0,1698211200.0,2023-10-25 10:50:00+05:30
126.5,126.6,126.3,126.4,2252.0,1698211500.0,2023-10-25 10:55:00+05:30
126.35,126.35,125.85,126.1,4520.0,1698211800.0,2023-10-25 11:00:00+05:30
126.1,126.1,125.75,126.05,2476.0,1698212100.0,2023-10-25 11:05:00+05:30
126.05,126.1,125.65,125.65,2544.0,1698212400.0,2023-10-25 11:10:00+05:30
125.6,125.9,125.6,125.8,4188.0,1698212700.0,2023-10-25 11:15:00+05:30
125.8,126.05,125.8,126.05,1332.0,1698213000.0,2023-10-25 11:20:00+05:30
126.05,126.05,125.5,126.0,11036.0,1698213300.0,2023-10-25 11:25:00+05:30
126.0,126.0,125.75,126.0,1344.0,1698213600.0,2023-10-25 11:30:00+05:30
126.0,126.0,125.6,125.6,5388.0,1698213900.0,2023-10-25 11:35:00+05:30
125.6,125.9,125.45,125.75,7024.0,1698214200.0,2023-10-25 11:40:00+05:30
125.75,126.1,125.75,126.1,3736.0,1698214500.0,2023-10-25 11:45:00+05:30
126.1,126.5,126.1,126.5,4440.0,1698214800.0,2023-10-25 11:50:00+05:30
126.5,127.8,126.4,127.6,22544.0,1698215100.0,2023-10-25 11:55:00+05:30
127.6,127.6,127.0,127.0,6804.0,1698215400.0,2023-10-25 12:00:00+05:30
127.0,127.15,126.4,127.1,7764.0,1698215700.0,2023-10-25 12:05:00+05:30
127.1,127.25,126.75,126.75,7012.0,1698216000.0,2023-10-25 12:10:00+05:30
126.75,127.05,126.75,126.9,3120.0,1698216300.0,2023-10-25 12:15:00+05:30
126.9,127.05,126.65,126.95,2148.0,1698216600.0,2023-10-25 12:20:00+05:30
126.95,127.05,126.75,126.9,1572.0,1698216900.0,2023-10-25 12:25:00+05:30
126.9,126.9,126.0,126.45,5396.0,1698217200.0,2023-10-25 12:30:00+05:30
126.45,126.45,125.6,125.6,4640.0,1698217500.0,2023-10-25 12:35:00+05:30
125.6,125.8,124.05,124.05,11864.0,1698217800.0,2023-10-25 12:40:00+05:30
124.05,124.5,123.6,124.5,15708.0,1698218100.0,2023-10-25 12:45:00+05:30
124.15,124.6,123.15,123.85,16444.0,1698218400.0,2023-10-25 12:50:00+05:30
123.6,124.9,122.3,122.3,131844.0,1698218700.0,2023-10-25 12:55:00+05:30
121.9,123.5,121.4,123.4,104936.0,1698219000.0,2023-10-25 13:00:00+05:30
123.3,128.05,123.05,126.7,186184.0,1698219300.0,2023-10-25 13:05:00+05:30
126.7,127.3,125.8,125.8,66904.0,1698219600.0,2023-10-25 13:10:00+05:30
125.6,125.75,124.7,125.25,12204.0,1698219900.0,2023-10-25 13:15:00+05:30
126.0,126.0,125.05,125.3,46168.0,1698220200.0,2023-10-25 13:20:00+05:30
125.5,126.45,125.5,126.45,11408.0,1698220500.0,2023-10-25 13:25:00+05:30
126.45,126.45,126.0,126.05,3496.0,1698220800.0,2023-10-25 13:30:00+05:30
126.05,126.45,126.0,126.3,3308.0,1698221100.0,2023-10-25 13:35:00+05:30
126.3,126.4,125.85,125.9,23028.0,1698221400.0,2023-10-25 13:40:00+05:30
125.9,126.1,125.5,125.5,10772.0,1698221700.0,2023-10-25 13:45:00+05:30
125.5,125.8,125.5,125.8,3696.0,1698222000.0,2023-10-25 13:50:00+05:30
125.8,126.45,125.8,126.45,4332.0,1698222300.0,2023-10-25 13:55:00+05:30
126.45,126.45,126.1,126.45,6556.0,1698222600.0,2023-10-25 14:00:00+05:30
126.45,126.45,126.25,126.4,5944.0,1698222900.0,2023-10-25 14:05:00+05:30
126.4,127.0,126.2,126.85,13008.0,1698223200.0,2023-10-25 14:10:00+05:30
127.0,127.25,125.9,125.9,19000.0,1698223500.0,2023-10-25 14:15:00+05:30
125.9,126.2,125.75,126.0,3624.0,1698223800.0,2023-10-25 14:20:00+05:30
126.0,126.2,125.5,125.5,6392.0,1698224100.0,2023-10-25 14:25:00+05:30
125.5,126.1,125.5,126.0,11592.0,1698224400.0,2023-10-25 14:30:00+05:30
126.0,126.05,125.85,126.0,1512.0,1698224700.0,2023-10-25 14:35:00+05:30
126.0,126.0,125.75,125.9,1596.0,1698225000.0,2023-10-25 14:40:00+05:30
125.9,126.05,125.8,125.8,7268.0,1698225300.0,2023-10-25 14:45:00+05:30
125.8,125.95,125.65,125.85,4484.0,1698225600.0,2023-10-25 14:50:00+05:30
125.85,126.4,125.6,125.6,22216.0,1698225900.0,2023-10-25 14:55:00+05:30
125.6,125.75,124.25,125.3,27316.0,1698226200.0,2023-10-25 15:00:00+05:30
125.3,125.75,124.3,124.8,40324.0,1698226500.0,2023-10-25 15:05:00+05:30
124.8,125.5,124.2,125.2,13924.0,1698226800.0,2023-10-25 15:10:00+05:30
125.3,125.85,123.95,124.7,32360.0,1698227100.0,2023-10-25 15:15:00+05:30
124.95,125.0,124.2,124.85,18236.0,1698227400.0,2023-10-25 15:20:00+05:30
124.85,125.25,124.5,125.0,20944.0,1698227700.0,2023-10-25 15:25:00+05:30
125.75,125.9,123.25,123.65,32912.0,1698291900.0,2023-10-26 09:15:00+05:30
123.6,123.75,121.8,122.55,71792.0,1698292200.0,2023-10-26 09:20:00+05:30
122.6,123.0,122.45,122.6,26184.0,1698292500.0,2023-10-26 09:25:00+05:30
122.65,123.0,121.85,122.9,29120.0,1698292800.0,2023-10-26 09:30:00+05:30
122.85,122.9,121.4,122.25,40500.0,1698293100.0,2023-10-26 09:35:00+05:30
122.3,123.45,121.65,123.25,53244.0,1698293400.0,2023-10-26 09:40:00+05:30
123.25,123.95,123.15,123.45,43336.0,1698293700.0,2023-10-26 09:45:00+05:30
123.45,123.45,120.8,121.4,88016.0,1698294000.0,2023-10-26 09:50:00+05:30
121.4,121.55,120.15,120.45,40788.0,1698294300.0,2023-10-26 09:55:00+05:30
120.25,121.1,120.25,121.1,10944.0,1698294600.0,2023-10-26 10:00:00+05:30
121.1,122.1,121.0,121.9,42576.0,1698294900.0,2023-10-26 10:05:00+05:30
121.9,122.5,121.55,122.4,18600.0,1698295200.0,2023-10-26 10:10:00+05:30
122.4,122.65,122.2,122.5,9344.0,1698295500.0,2023-10-26 10:15:00+05:30
122.5,122.65,121.7,122.25,17412.0,1698295800.0,2023-10-26 10:20:00+05:30
122.1,122.35,121.8,122.35,9968.0,1698296100.0,2023-10-26 10:25:00+05:30
122.25,122.7,122.25,122.7,6096.0,1698296400.0,2023-10-26 10:30:00+05:30
122.7,123.4,122.55,123.25,13088.0,1698296700.0,2023-10-26 10:35:00+05:30
123.25,123.25,122.7,123.0,5764.0,1698297000.0,2023-10-26 10:40:00+05:30
123.05,123.2,122.8,123.1,4892.0,1698297300.0,2023-10-26 10:45:00+05:30
123.1,123.5,122.9,123.5,11808.0,1698297600.0,2023-10-26 10:50:00+05:30
123.55,123.6,123.1,123.4,5004.0,1698297900.0,2023-10-26 10:55:00+05:30
123.25,123.4,122.5,122.8,58556.0,1698298200.0,2023-10-26 11:00:00+05:30
122.8,123.2,122.8,123.2,4524.0,1698298500.0,2023-10-26 11:05:00+05:30
123.1,123.25,122.9,123.1,2416.0,1698298800.0,2023-10-26 11:10:00+05:30
123.15,123.15,122.85,123.0,3904.0,1698299100.0,2023-10-26 11:15:00+05:30
123.0,123.0,122.7,122.95,3668.0,1698299400.0,2023-10-26 11:20:00+05:30
122.95,123.1,122.75,123.0,2000.0,1698299700.0,2023-10-26 11:25:00+05:30
123.0,123.0,122.5,122.5,4580.0,1698300000.0,2023-10-26 11:30:00+05:30
122.7,123.1,122.7,123.1,2936.0,1698300300.0,2023-10-26 11:35:00+05:30
123.1,123.1,122.75,123.05,6216.0,1698300600.0,2023-10-26 11:40:00+05:30
123.05,123.15,122.85,123.15,2316.0,1698300900.0,2023-10-26 11:45:00+05:30
123.05,123.2,122.9,123.2,3268.0,1698301200.0,2023-10-26 11:50:00+05:30
123.05,123.3,123.05,123.2,2676.0,1698301500.0,2023-10-26 11:55:00+05:30
123.2,123.9,123.2,123.7,9912.0,1698301800.0,2023-10-26 12:00:00+05:30
123.7,124.2,123.45,124.0,16572.0,1698302100.0,2023-10-26 12:05:00+05:30
124.1,124.2,123.4,123.75,8296.0,1698302400.0,2023-10-26 12:10:00+05:30
123.75,123.75,123.55,123.75,9528.0,1698302700.0,2023-10-26 12:15:00+05:30
123.6,124.0,123.6,124.0,4560.0,1698303000.0,2023-10-26 12:20:00+05:30
124.0,125.3,124.0,125.3,25264.0,1698303300.0,2023-10-26 12:25:00+05:30
125.4,126.15,125.3,125.9,22488.0,1698303600.0,2023-10-26 12:30:00+05:30
125.75,126.0,125.65,125.9,9148.0,1698303900.0,2023-10-26 12:35:00+05:30
125.9,126.1,125.6,125.75,4988.0,1698304200.0,2023-10-26 12:40:00+05:30
125.75,125.75,125.45,125.7,10420.0,1698304500.0,2023-10-26 12:45:00+05:30
125.7,125.7,125.5,125.7,2012.0,1698304800.0,2023-10-26 12:50:00+05:30
125.7,126.2,125.7,126.2,5092.0,1698305100.0,2023-10-26 12:55:00+05:30
126.2,126.9,125.9,126.5,40096.0,1698305400.0,2023-10-26 13:00:00+05:30
126.5,126.6,126.25,126.4,3864.0,1698305700.0,2023-10-26 13:05:00+05:30
126.4,127.95,126.25,127.75,69900.0,1698306000.0,2023-10-26 13:10:00+05:30
127.6,127.7,127.2,127.4,8540.0,1698306300.0,2023-10-26 13:15:00+05:30
127.4,127.4,126.65,126.65,9636.0,1698306600.0,2023-10-26 13:20:00+05:30
126.6,126.6,125.9,126.0,18820.0,1698306900.0,2023-10-26 13:25:00+05:30
126.0,126.45,126.0,126.45,8388.0,1698307200.0,2023-10-26 13:30:00+05:30
126.45,127.15,126.4,127.0,9992.0,1698307500.0,2023-10-26 13:35:00+05:30
127.0,127.1,126.6,126.6,8340.0,1698307800.0,2023-10-26 13:40:00+05:30
126.6,126.85,126.6,126.85,1656.0,1698308100.0,2023-10-26 13:45:00+05:30
126.85,126.85,126.55,126.65,3404.0,1698308400.0,2023-10-26 13:50:00+05:30
126.8,126.8,126.25,126.4,8584.0,1698308700.0,2023-10-26 13:55:00+05:30
126.4,126.7,126.4,126.65,1792.0,1698309000.0,2023-10-26 14:00:00+05:30
126.75,126.8,126.6,126.65,2008.0,1698309300.0,2023-10-26 14:05:00+05:30
126.75,126.75,126.5,126.65,4844.0,1698309600.0,2023-10-26 14:10:00+05:30
126.55,126.6,126.4,126.45,4028.0,1698309900.0,2023-10-26 14:15:00+05:30
126.45,126.55,126.35,126.55,1584.0,1698310200.0,2023-10-26 14:20:00+05:30
126.55,126.6,126.4,126.6,1692.0,1698310500.0,2023-10-26 14:25:00+05:30
126.4,126.7,126.35,126.7,7048.0,1698310800.0,2023-10-26 14:30:00+05:30
126.7,126.95,126.6,126.95,15468.0,1698311100.0,2023-10-26 14:35:00+05:30
126.95,127.5,126.9,127.1,26576.0,1698311400.0,2023-10-26 14:40:00+05:30
127.1,127.35,127.1,127.1,2948.0,1698311700.0,2023-10-26 14:45:00+05:30
127.1,127.3,126.9,127.25,5228.0,1698312000.0,2023-10-26 14:50:00+05:30
127.25,127.3,127.0,127.15,6268.0,1698312300.0,2023-10-26 14:55:00+05:30
127.0,127.35,127.0,127.35,11116.0,1698312600.0,2023-10-26 15:00:00+05:30
127.3,127.3,126.85,127.0,15420.0,1698312900.0,2023-10-26 15:05:00+05:30
126.9,127.3,126.75,126.75,13208.0,1698313200.0,2023-10-26 15:10:00+05:30
126.7,127.25,126.4,126.8,15060.0,1698313500.0,2023-10-26 15:15:00+05:30
126.8,127.2,126.7,126.9,12252.0,1698313800.0,2023-10-26 15:20:00+05:30
126.9,127.0,126.25,127.0,21552.0,1698314100.0,2023-10-26 15:25:00+05:30
129.85,130.5,127.9,130.0,81240.0,1698378300.0,2023-10-27 09:15:00+05:30
130.25,130.25,128.9,129.45,36412.0,1698378600.0,2023-10-27 09:20:00+05:30
129.25,129.4,128.9,129.0,22368.0,1698378900.0,2023-10-27 09:25:00+05:30
129.0,129.75,128.9,129.6,14744.0,1698379200.0,2023-10-27 09:30:00+05:30
129.65,130.0,129.5,129.7,15164.0,1698379500.0,2023-10-27 09:35:00+05:30
128.9,128.9,128.1,128.7,27228.0,1698379800.0,2023-10-27 09:40:00+05:30
128.8,129.25,128.75,129.0,21732.0,1698380100.0,2023-10-27 09:45:00+05:30
129.0,129.2,128.6,128.6,4748.0,1698380400.0,2023-10-27 09:50:00+05:30
128.7,128.85,128.25,128.65,23384.0,1698380700.0,2023-10-27 09:55:00+05:30
128.65,128.65,128.2,128.45,19092.0,1698381000.0,2023-10-27 10:00:00+05:30
128.45,128.85,128.3,128.85,6080.0,1698381300.0,2023-10-27 10:05:00+05:30
128.9,129.0,128.6,128.6,2876.0,1698381600.0,2023-10-27 10:10:00+05:30
128.6,128.8,128.45,128.75,4648.0,1698381900.0,2023-10-27 10:15:00+05:30
128.8,129.05,128.5,128.6,11052.0,1698382200.0,2023-10-27 10:20:00+05:30
128.6,128.6,127.7,127.9,24460.0,1698382500.0,2023-10-27 10:25:00+05:30
127.75,128.0,127.5,128.0,5644.0,1698382800.0,2023-10-27 10:30:00+05:30
128.0,128.45,128.0,128.4,2932.0,1698383100.0,2023-10-27 10:35:00+05:30
128.4,128.75,128.35,128.6,6016.0,1698383400.0,2023-10-27 10:40:00+05:30
128.6,128.7,128.2,128.4,4620.0,1698383700.0,2023-10-27 10:45:00+05:30
128.4,128.45,128.25,128.4,1236.0,1698384000.0,2023-10-27 10:50:00+05:30
128.4,128.65,128.2,128.55,5472.0,1698384300.0,2023-10-27 10:55:00+05:30
128.55,128.55,128.2,128.35,2340.0,1698384600.0,2023-10-27 11:00:00+05:30
128.35,128.45,128.15,128.45,1500.0,1698384900.0,2023-10-27 11:05:00+05:30
128.45,128.6,128.45,128.6,1644.0,1698385200.0,2023-10-27 11:10:00+05:30
128.6,128.6,128.15,128.2,5496.0,1698385500.0,2023-10-27 11:15:00+05:30
128.2,128.4,128.1,128.15,2420.0,1698385800.0,2023-10-27 11:20:00+05:30
128.15,128.55,128.15,128.55,6952.0,1698386100.0,2023-10-27 11:25:00+05:30
128.55,128.75,128.5,128.55,8940.0,1698386400.0,2023-10-27 11:30:00+05:30
128.55,129.8,128.35,129.8,113140.0,1698386700.0,2023-10-27 11:35:00+05:30
129.8,130.2,129.5,129.8,13756.0,1698387000.0,2023-10-27 11:40:00+05:30
129.8,130.0,129.45,129.55,3556.0,1698387300.0,2023-10-27 11:45:00+05:30
129.65,130.05,129.65,130.05,30444.0,1698387600.0,2023-10-27 11:50:00+05:30
130.05,130.15,129.9,130.0,1484.0,1698387900.0,2023-10-27 11:55:00+05:30
129.9,130.05,129.25,129.5,35760.0,1698388200.0,2023-10-27 12:00:00+05:30
129.5,129.5,129.1,129.3,2116.0,1698388500.0,2023-10-27 12:05:00+05:30
129.3,129.4,129.25,129.25,2588.0,1698388800.0,2023-10-27 12:10:00+05:30
129.25,129.25,129.2,129.25,708.0,1698389100.0,2023-10-27 12:15:00+05:30
129.25,129.25,128.65,129.0,4740.0,1698389400.0,2023-10-27 12:20:00+05:30
129.0,129.1,128.9,129.05,1340.0,1698389700.0,2023-10-27 12:25:00+05:30
129.05,129.1,128.55,128.65,4788.0,1698390000.0,2023-10-27 12:30:00+05:30
128.65,128.7,128.25,128.25,6044.0,1698390300.0,2023-10-27 12:35:00+05:30
128.25,128.5,128.2,128.45,6228.0,1698390600.0,2023-10-27 12:40:00+05:30
128.45,128.5,128.25,128.35,4852.0,1698390900.0,2023-10-27 12:45:00+05:30
128.35,128.5,128.25,128.5,3128.0,1698391200.0,2023-10-27 12:50:00+05:30
128.5,128.5,128.25,128.4,3464.0,1698391500.0,2023-10-27 12:55:00+05:30
128.4,128.4,128.15,128.35,1396.0,1698391800.0,2023-10-27 13:00:00+05:30
128.35,128.85,128.35,128.85,1360.0,1698392100.0,2023-10-27 13:05:00+05:30
128.85,129.2,128.8,128.95,4112.0,1698392400.0,2023-10-27 13:10:00+05:30
128.95,129.0,128.7,128.9,2280.0,1698392700.0,2023-10-27 13:15:00+05:30
128.75,128.85,128.5,128.5,2000.0,1698393000.0,2023-10-27 13:20:00+05:30
128.5,128.95,128.5,128.95,4048.0,1698393300.0,2023-10-27 13:25:00+05:30
128.95,129.0,128.8,129.0,3064.0,1698393600.0,2023-10-27 13:30:00+05:30
129.0,129.0,128.75,128.95,1180.0,1698393900.0,2023-10-27 13:35:00+05:30
128.95,129.0,128.5,128.5,3988.0,1698394200.0,2023-10-27 13:40:00+05:30
128.5,128.8,128.4,128.8,1916.0,1698394500.0,2023-10-27 13:45:00+05:30
128.8,128.8,128.4,128.5,3840.0,1698394800.0,2023-10-27 13:50:00+05:30
128.5,128.55,128.1,128.1,4964.0,1698395100.0,2023-10-27 13:55:00+05:30
128.1,128.4,127.15,127.25,33816.0,1698395400.0,2023-10-27 14:00:00+05:30
127.25,127.45,127.15,127.45,1868.0,1698395700.0,2023-10-27 14:05:00+05:30
127.45,127.45,127.1,127.4,12232.0,1698396000.0,2023-10-27 14:10:00+05:30
127.4,127.45,127.3,127.45,1360.0,1698396300.0,2023-10-27 14:15:00+05:30
127.3,127.75,127.3,127.75,6020.0,1698396600.0,2023-10-27 14:20:00+05:30
127.75,127.95,127.75,127.8,1424.0,1698396900.0,2023-10-27 14:25:00+05:30
127.75,127.95,127.75,127.75,1164.0,1698397200.0,2023-10-27 14:30:00+05:30
127.75,127.95,127.5,127.5,2816.0,1698397500.0,2023-10-27 14:35:00+05:30
127.7,127.75,127.35,127.6,4448.0,1698397800.0,2023-10-27 14:40:00+05:30
127.6,127.95,127.5,127.8,5840.0,1698398100.0,2023-10-27 14:45:00+05:30
127.8,128.1,127.75,128.1,5048.0,1698398400.0,2023-10-27 14:50:00+05:30
128.1,128.1,127.9,128.05,1604.0,1698398700.0,2023-10-27 14:55:00+05:30
128.05,128.1,127.85,128.05,1404.0,1698399000.0,2023-10-27 15:00:00+05:30
128.05,128.05,127.75,127.8,9864.0,1698399300.0,2023-10-27 15:05:00+05:30
128.1,128.1,127.45,127.45,7788.0,1698399600.0,2023-10-27 15:10:00+05:30
127.45,127.45,126.8,127.3,9948.0,1698399900.0,2023-10-27 15:15:00+05:30
127.1,127.25,127.0,127.2,16332.0,1698400200.0,2023-10-27 15:20:00+05:30
127.2,127.85,127.2,127.45,10632.0,1698400500.0,2023-10-27 15:25:00+05:30
129.0,129.0,126.65,127.05,16932.0,1698637500.0,2023-10-30 09:15:00+05:30
127.0,127.3,125.4,126.4,30744.0,1698637800.0,2023-10-30 09:20:00+05:30
126.4,127.0,126.2,127.0,14656.0,1698638100.0,2023-10-30 09:25:00+05:30
127.0,127.0,126.65,126.8,4280.0,1698638400.0,2023-10-30 09:30:00+05:30
126.85,127.7,126.75,127.7,6116.0,1698638700.0,2023-10-30 09:35:00+05:30
127.7,127.8,126.95,127.35,17420.0,1698639000.0,2023-10-30 09:40:00+05:30
127.4,127.45,126.95,126.95,2408.0,1698639300.0,2023-10-30 09:45:00+05:30
126.95,127.25,126.8,127.2,7284.0,1698639600.0,2023-10-30 09:50:00+05:30
127.2,127.25,126.95,127.1,1644.0,1698639900.0,2023-10-30 09:55:00+05:30
127.1,127.25,127.1,127.25,2796.0,1698640200.0,2023-10-30 10:00:00+05:30
127.25,127.25,127.0,127.2,4524.0,1698640500.0,2023-10-30 10:05:00+05:30
127.2,127.25,127.05,127.1,1268.0,1698640800.0,2023-10-30 10:10:00+05:30
127.1,127.25,127.1,127.25,1060.0,1698641100.0,2023-10-30 10:15:00+05:30
127.25,127.25,127.1,127.25,3524.0,1698641400.0,2023-10-30 10:20:00+05:30
127.25,127.25,126.8,126.9,5140.0,1698641700.0,2023-10-30 10:25:00+05:30
126.9,127.25,126.9,127.0,5756.0,1698642000.0,2023-10-30 10:30:00+05:30
127.0,127.25,127.0,127.15,1892.0,1698642300.0,2023-10-30 10:35:00+05:30
127.15,127.25,127.1,127.25,1136.0,1698642600.0,2023-10-30 10:40:00+05:30
127.25,127.4,127.1,127.25,8548.0,1698642900.0,2023-10-30 10:45:00+05:30
127.25,127.5,127.1,127.25,19912.0,1698643200.0,2023-10-30 10:50:00+05:30
127.25,127.25,127.2,127.2,2356.0,1698643500.0,2023-10-30 10:55:00+05:30
127.25,127.25,127.15,127.25,11508.0,1698643800.0,2023-10-30 11:00:00+05:30
127.25,127.25,127.15,127.2,4540.0,1698644100.0,2023-10-30 11:05:00+05:30
127.2,127.25,127.15,127.2,3800.0,1698644400.0,2023-10-30 11:10:00+05:30
127.2,127.25,127.15,127.25,6060.0,1698644700.0,2023-10-30 11:15:00+05:30
127.25,127.4,127.2,127.3,4100.0,1698645000.0,2023-10-30 11:20:00+05:30
127.3,127.7,127.2,127.2,8628.0,1698645300.0,2023-10-30 11:25:00+05:30
127.2,127.5,127.2,127.25,10780.0,1698645600.0,2023-10-30 11:30:00+05:30
127.25,127.55,127.15,127.35,17008.0,1698645900.0,2023-10-30 11:35:00+05:30
127.35,127.5,127.3,127.3,2964.0,1698646200.0,2023-10-30 11:40:00+05:30
127.45,127.5,127.3,127.35,8764.0,1698646500.0,2023-10-30 11:45:00+05:30
127.45,127.5,127.35,127.5,680.0,1698646800.0,2023-10-30 11:50:00+05:30
127.5,127.5,127.15,127.25,9464.0,1698647100.0,2023-10-30 11:55:00+05:30
127.25,127.5,127.25,127.45,9140.0,1698647400.0,2023-10-30 12:00:00+05:30
127.45,127.5,127.45,127.45,10488.0,1698647700.0,2023-10-30 12:05:00+05:30
127.45,127.6,127.45,127.5,1168.0,1698648000.0,2023-10-30 12:10:00+05:30
127.5,127.95,127.45,127.95,10400.0,1698648300.0,2023-10-30 12:15:00+05:30
127.95,127.95,127.9,127.95,1380.0,1698648600.0,2023-10-30 12:20:00+05:30
127.95,128.25,127.95,128.2,10400.0,1698648900.0,2023-10-30 12:25:00+05:30
128.2,128.25,128.0,128.25,11312.0,1698649200.0,2023-10-30 12:30:00+05:30
128.25,128.25,127.8,127.8,14816.0,1698649500.0,2023-10-30 12:35:00+05:30
127.95,128.0,127.8,128.0,1436.0,1698649800.0,2023-10-30 12:40:00+05:30
127.85,128.0,127.85,128.0,1264.0,1698650100.0,2023-10-30 12:45:00+05:30
128.0,128.0,127.9,127.95,2312.0,1698650400.0,2023-10-30 12:50:00+05:30
127.95,128.0,127.95,128.0,1780.0,1698650700.0,2023-10-30 12:55:00+05:30
128.0,128.0,127.8,127.85,1820.0,1698651000.0,2023-10-30 13:00:00+05:30
127.85,128.0,127.85,127.85,720.0,1698651300.0,2023-10-30 13:05:00+05:30
127.85,128.0,127.85,127.9,4156.0,1698651600.0,2023-10-30 13:10:00+05:30
127.9,128.0,127.8,127.95,2324.0,1698651900.0,2023-10-30 13:15:00+05:30
127.85,127.95,127.8,127.85,1580.0,1698652200.0,2023-10-30 13:20:00+05:30
127.85,128.0,127.8,128.0,9748.0,1698652500.0,2023-10-30 13:25:00+05:30
128.0,128.0,127.75,127.8,3400.0,1698652800.0,2023-10-30 13:30:00+05:30
127.8,127.95,127.8,127.85,644.0,1698653100.0,2023-10-30 13:35:00+05:30
127.85,128.0,127.75,127.85,2136.0,1698653400.0,2023-10-30 13:40:00+05:30
127.8,128.0,127.8,128.0,1488.0,1698653700.0,2023-10-30 13:45:00+05:30
127.9,127.9,127.8,127.9,1364.0,1698654000.0,2023-10-30 13:50:00+05:30
127.9,128.0,127.8,128.0,1216.0,1698654300.0,2023-10-30 13:55:00+05:30
128.0,128.0,127.65,127.75,1620.0,1698654600.0,2023-10-30 14:00:00+05:30
127.75,127.85,127.6,127.75,2172.0,1698654900.0,2023-10-30 14:05:00+05:30
127.75,127.8,127.4,127.6,12508.0,1698655200.0,2023-10-30 14:10:00+05:30
127.6,127.6,127.35,127.4,2676.0,1698655500.0,2023-10-30 14:15:00+05:30
127.4,127.65,127.3,127.55,2336.0,1698655800.0,2023-10-30 14:20:00+05:30
127.55,127.75,127.45,127.7,1932.0,1698656100.0,2023-10-30 14:25:00+05:30
127.7,127.75,127.6,127.7,752.0,1698656400.0,2023-10-30 14:30:00+05:30
127.7,127.7,127.45,127.7,4116.0,1698656700.0,2023-10-30 14:35:00+05:30
127.55,127.7,127.55,127.6,2560.0,1698657000.0,2023-10-30 14:40:00+05:30
127.6,127.7,127.6,127.7,1136.0,1698657300.0,2023-10-30 14:45:00+05:30
127.7,127.7,127.6,127.7,1512.0,1698657600.0,2023-10-30 14:50:00+05:30
127.7,127.7,127.35,127.4,4024.0,1698657900.0,2023-10-30 14:55:00+05:30
127.4,127.5,127.35,127.5,284.0,1698658200.0,2023-10-30 15:00:00+05:30
127.4,127.5,127.3,127.4,6216.0,1698658500.0,2023-10-30 15:05:00+05:30
127.3,127.5,127.0,127.0,15792.0,1698658800.0,2023-10-30 15:10:00+05:30
127.25,127.3,126.8,126.8,6844.0,1698659100.0,2023-10-30 15:15:00+05:30
126.8,127.25,126.5,127.25,10352.0,1698659400.0,2023-10-30 15:20:00+05:30
127.25,127.25,126.45,127.0,7980.0,1698659700.0,2023-10-30 15:25:00+05:30
129.75,129.75,128.15,128.45,38676.0,1698723900.0,2023-10-31 09:15:00+05:30
128.4,130.05,128.3,130.0,15288.0,1698724200.0,2023-10-31 09:20:00+05:30
129.9,130.1,129.45,129.55,10380.0,1698724500.0,2023-10-31 09:25:00+05:30
129.55,129.8,129.45,129.8,11928.0,1698724800.0,2023-10-31 09:30:00+05:30
129.8,132.05,129.5,131.9,50376.0,1698725100.0,2023-10-31 09:35:00+05:30
131.9,132.55,131.45,131.45,38812.0,1698725400.0,2023-10-31 09:40:00+05:30
131.4,132.25,131.2,132.1,41868.0,1698725700.0,2023-10-31 09:45:00+05:30
132.15,132.15,130.85,131.05,34164.0,1698726000.0,2023-10-31 09:50:00+05:30
131.05,131.35,130.95,131.05,16100.0,1698726300.0,2023-10-31 09:55:00+05:30
131.05,131.45,130.75,131.3,13636.0,1698726600.0,2023-10-31 10:00:00+05:30
131.3,131.3,130.9,130.9,5992.0,1698726900.0,2023-10-31 10:05:00+05:30
130.9,131.1,130.8,130.95,15488.0,1698727200.0,2023-10-31 10:10:00+05:30
130.95,131.0,130.6,130.8,8252.0,1698727500.0,2023-10-31 10:15:00+05:30
130.8,131.1,130.75,130.9,7016.0,1698727800.0,2023-10-31 10:20:00+05:30
130.85,130.9,130.75,130.85,2676.0,1698728100.0,2023-10-31 10:25:00+05:30
130.85,130.9,130.7,130.75,4012.0,1698728400.0,2023-10-31 10:30:00+05:30
130.75,130.95,130.75,130.95,1760.0,1698728700.0,2023-10-31 10:35:00+05:30
130.95,130.95,130.6,130.9,2464.0,1698729000.0,2023-10-31 10:40:00+05:30
130.9,130.9,129.75,129.9,22876.0,1698729300.0,2023-10-31 10:45:00+05:30
129.9,130.25,129.7,130.2,13432.0,1698729600.0,2023-10-31 10:50:00+05:30
130.3,130.3,129.7,129.7,3228.0,1698729900.0,2023-10-31 10:55:00+05:30
129.7,130.0,129.7,129.8,3892.0,1698730200.0,2023-10-31 11:00:00+05:30
129.8,130.25,129.7,130.25,4700.0,1698730500.0,2023-10-31 11:05:00+05:30
130.25,130.65,130.25,130.45,4812.0,1698730800.0,2023-10-31 11:10:00+05:30
130.45,131.0,130.45,130.7,6320.0,1698731100.0,2023-10-31 11:15:00+05:30
130.7,130.9,130.3,130.85,19224.0,1698731400.0,2023-10-31 11:20:00+05:30
130.9,130.9,130.25,130.25,13644.0,1698731700.0,2023-10-31 11:25:00+05:30
130.25,130.4,130.2,130.4,1100.0,1698732000.0,2023-10-31 11:30:00+05:30
130.4,130.4,130.25,130.35,852.0,1698732300.0,2023-10-31 11:35:00+05:30
130.35,130.4,130.05,130.25,2708.0,1698732600.0,2023-10-31 11:40:00+05:30
130.3,130.3,130.1,130.3,1532.0,1698732900.0,2023-10-31 11:45:00+05:30
130.1,130.2,129.7,129.7,2032.0,1698733200.0,2023-10-31 11:50:00+05:30
129.85,129.85,129.7,129.7,2456.0,1698733500.0,2023-10-31 11:55:00+05:30
129.7,129.7,129.3,129.3,5760.0,1698733800.0,2023-10-31 12:00:00+05:30
129.3,129.75,129.3,129.75,1956.0,1698734100.0,2023-10-31 12:05:00+05:30
129.75,129.75,129.4,129.7,2456.0,1698734400.0,2023-10-31 12:10:00+05:30
129.7,129.7,129.55,129.7,1084.0,1698734700.0,2023-10-31 12:15:00+05:30
129.7,129.8,129.6,129.75,1548.0,1698735000.0,2023-10-31 12:20:00+05:30
129.75,129.8,129.55,129.7,1148.0,1698735300.0,2023-10-31 12:25:00+05:30
129.7,129.8,129.55,129.8,1480.0,1698735600.0,2023-10-31 12:30:00+05:30
129.8,129.85,129.55,129.8,1248.0,1698735900.0,2023-10-31 12:35:00+05:30
129.8,129.8,129.45,129.75,5652.0,1698736200.0,2023-10-31 12:40:00+05:30
129.75,129.75,129.3,129.45,5196.0,1698736500.0,2023-10-31 12:45:00+05:30
129.25,129.7,129.15,129.4,9420.0,1698736800.0,2023-10-31 12:50:00+05:30
129.7,129.7,129.4,129.45,4988.0,1698737100.0,2023-10-31 12:55:00+05:30
129.45,129.5,129.2,129.5,1224.0,1698737400.0,2023-10-31 13:00:00+05:30
129.5,129.5,129.3,129.5,1184.0,1698737700.0,2023-10-31 13:05:00+05:30
129.5,129.55,129.35,129.35,1692.0,1698738000.0,2023-10-31 13:10:00+05:30
129.35,129.35,129.15,129.35,1296.0,1698738300.0,2023-10-31 13:15:00+05:30
129.35,129.4,129.1,129.2,3004.0,1698738600.0,2023-10-31 13:20:00+05:30
129.2,129.4,129.1,129.4,1400.0,1698738900.0,2023-10-31 13:25:00+05:30
129.4,129.45,129.25,129.25,4416.0,1698739200.0,2023-10-31 13:30:00+05:30
129.4,129.4,129.2,129.35,1356.0,1698739500.0,2023-10-31 13:35:00+05:30
129.35,129.35,128.95,129.1,5796.0,1698739800.0,2023-10-31 13:40:00+05:30
129.1,129.3,128.9,129.05,1656.0,1698740100.0,2023-10-31 13:45:00+05:30
129.05,129.3,128.95,129.15,1280.0,1698740400.0,2023-10-31 13:50:00+05:30
129.15,129.15,128.95,129.05,628.0,1698740700.0,2023-10-31 13:55:00+05:30
129.05,129.2,128.9,129.1,1736.0,1698741000.0,2023-10-31 14:00:00+05:30
129.1,129.2,128.9,129.1,772.0,1698741300.0,2023-10-31 14:05:00+05:30
129.1,129.3,129.1,129.2,2224.0,1698741600.0,2023-10-31 14:10:00+05:30
129.3,129.45,128.9,128.9,8144.0,1698741900.0,2023-10-31 14:15:00+05:30
128.9,129.15,128.9,129.1,1456.0,1698742200.0,2023-10-31 14:20:00+05:30
129.1,129.3,129.0,129.2,1940.0,1698742500.0,2023-10-31 14:25:00+05:30
129.2,129.2,128.75,129.2,7128.0,1698742800.0,2023-10-31 14:30:00+05:30
129.2,129.25,129.0,129.25,2228.0,1698743100.0,2023-10-31 14:35:00+05:30
129.25,129.45,129.1,129.25,9716.0,1698743400.0,2023-10-31 14:40:00+05:30
129.25,129.45,129.2,129.3,816.0,1698743700.0,2023-10-31 14:45:00+05:30
129.3,129.35,129.0,129.2,2964.0,1698744000.0,2023-10-31 14:50:00+05:30
129.2,129.35,129.0,129.25,4960.0,1698744300.0,2023-10-31 14:55:00+05:30
129.25,129.3,129.0,129.0,4592.0,1698744600.0,2023-10-31 15:00:00+05:30
129.2,129.2,128.3,128.7,14252.0,1698744900.0,2023-10-31 15:05:00+05:30
128.7,128.7,128.25,128.35,3512.0,1698745200.0,2023-10-31 15:10:00+05:30
128.35,128.45,128.1,128.3,9784.0,1698745500.0,2023-10-31 15:15:00+05:30
128.3,128.3,127.95,127.95,11512.0,1698745800.0,2023-10-31 15:20:00+05:30
127.95,128.0,127.5,127.9,7760.0,1698746100.0,2023-10-31 15:25:00+05:30
130.0,130.0,128.25,128.25,18924.0,1698810300.0,2023-11-01 09:15:00+05:30
128.25,129.1,128.0,129.1,15600.0,1698810600.0,2023-11-01 09:20:00+05:30
128.85,129.0,128.8,128.95,2904.0,1698810900.0,2023-11-01 09:25:00+05:30
128.95,128.95,128.5,128.5,4584.0,1698811200.0,2023-11-01 09:30:00+05:30
128.55,128.55,127.85,128.3,24336.0,1698811500.0,2023-11-01 09:35:00+05:30
128.3,128.4,128.05,128.3,5888.0,1698811800.0,2023-11-01 09:40:00+05:30
128.1,128.25,127.6,128.25,12540.0,1698812100.0,2023-11-01 09:45:00+05:30
128.15,128.15,127.75,128.1,3480.0,1698812400.0,2023-11-01 09:50:00+05:30
128.1,128.1,127.65,127.95,5632.0,1698812700.0,2023-11-01 09:55:00+05:30
128.0,128.0,127.65,127.7,2604.0,1698813000.0,2023-11-01 10:00:00+05:30
127.7,127.9,127.5,127.65,4396.0,1698813300.0,2023-11-01 10:05:00+05:30
127.65,127.65,126.95,127.05,22444.0,1698813600.0,2023-11-01 10:10:00+05:30
127.25,127.7,127.15,127.5,6832.0,1698813900.0,2023-11-01 10:15:00+05:30
127.45,127.5,127.2,127.45,6156.0,1698814200.0,2023-11-01 10:20:00+05:30
127.45,127.5,127.25,127.45,2172.0,1698814500.0,2023-11-01 10:25:00+05:30
127.45,127.45,127.1,127.1,1836.0,1698814800.0,2023-11-01 10:30:00+05:30
127.1,127.2,127.0,127.15,2748.0,1698815100.0,2023-11-01 10:35:00+05:30
127.15,127.15,126.85,126.9,3252.0,1698815400.0,2023-11-01 10:40:00+05:30
126.9,127.35,126.9,127.15,4236.0,1698815700.0,2023-11-01 10:45:00+05:30
127.15,127.5,127.05,127.4,2788.0,1698816000.0,2023-11-01 10:50:00+05:30
127.4,127.6,127.25,127.25,1656.0,1698816300.0,2023-11-01 10:55:00+05:30
127.4,127.8,127.25,127.4,2720.0,1698816600.0,2023-11-01 11:00:00+05:30
127.4,127.65,127.35,127.55,1800.0,1698816900.0,2023-11-01 11:05:00+05:30
127.55,127.6,126.95,127.2,11076.0,1698817200.0,2023-11-01 11:10:00+05:30
127.2,127.3,127.0,127.2,2180.0,1698817500.0,2023-11-01 11:15:00+05:30
127.2,127.3,127.0,127.1,2148.0,1698817800.0,2023-11-01 11:20:00+05:30
127.0,127.3,127.0,127.3,2352.0,1698818100.0,2023-11-01 11:25:00+05:30
127.3,127.3,127.0,127.3,2420.0,1698818400.0,2023-11-01 11:30:00+05:30
127.3,127.95,127.3,127.95,6032.0,1698818700.0,2023-11-01 11:35:00+05:30
127.95,128.0,127.65,127.9,3692.0,1698819000.0,2023-11-01 11:40:00+05:30
127.8,127.95,127.75,127.9,784.0,1698819300.0,2023-11-01 11:45:00+05:30
127.75,127.9,127.75,127.9,2264.0,1698819600.0,2023-11-01 11:50:00+05:30
127.9,127.9,127.75,127.9,2060.0,1698819900.0,2023-11-01 11:55:00+05:30
127.9,127.9,127.6,127.6,768.0,1698820200.0,2023-11-01 12:00:00+05:30
127.6,127.75,127.5,127.7,2284.0,1698820500.0,2023-11-01 12:05:00+05:30
127.7,127.7,127.6,127.65,2372.0,1698820800.0,2023-11-01 12:10:00+05:30
127.65,127.65,127.3,127.3,120.0,1698821100.0,2023-11-01 12:15:00+05:30
127.3,127.4,127.1,127.2,2460.0,1698821400.0,2023-11-01 12:20:00+05:30
127.2,127.45,127.2,127.45,1044.0,1698821700.0,2023-11-01 12:25:00+05:30
127.45,127.55,127.4,127.4,216.0,1698822000.0,2023-11-01 12:30:00+05:30
127.25,127.4,127.25,127.4,588.0,1698822300.0,2023-11-01 12:35:00+05:30
127.4,127.4,127.2,127.2,572.0,1698822600.0,2023-11-01 12:40:00+05:30
127.2,127.35,127.05,127.3,924.0,1698822900.0,2023-11-01 12:45:00+05:30
127.3,127.35,127.1,127.35,1024.0,1698823200.0,2023-11-01 12:50:00+05:30
127.35,127.4,127.15,127.4,620.0,1698823500.0,2023-11-01 12:55:00+05:30
127.4,127.4,127.0,127.1,4672.0,1698823800.0,2023-11-01 13:00:00+05:30
127.1,127.15,127.0,127.05,2112.0,1698824100.0,2023-11-01 13:05:00+05:30
127.2,127.3,126.3,126.45,10724.0,1698824400.0,2023-11-01 13:10:00+05:30
126.3,126.45,126.0,126.0,6412.0,1698824700.0,2023-11-01 13:15:00+05:30
126.0,126.65,126.0,126.65,4544.0,1698825000.0,2023-11-01 13:20:00+05:30
126.65,127.1,126.5,127.0,5704.0,1698825300.0,2023-11-01 13:25:00+05:30
126.95,127.2,126.75,127.05,7408.0,1698825600.0,2023-11-01 13:30:00+05:30
127.05,127.05,126.85,126.9,4168.0,1698825900.0,2023-11-01 13:35:00+05:30
126.9,127.2,126.85,127.0,632.0,1698826200.0,2023-11-01 13:40:00+05:30
127.0,127.15,126.85,127.0,2920.0,1698826500.0,2023-11-01 13:45:00+05:30
127.0,127.0,126.85,126.95,280.0,1698826800.0,2023-11-01 13:50:00+05:30
126.85,126.95,126.85,126.95,1488.0,1698827100.0,2023-11-01 13:55:00+05:30
126.95,126.95,126.75,126.75,604.0,1698827400.0,2023-11-01 14:00:00+05:30
126.75,126.8,126.6,126.7,1976.0,1698827700.0,2023-11-01 14:05:00+05:30
126.7,126.8,126.6,126.75,1516.0,1698828000.0,2023-11-01 14:10:00+05:30
126.75,126.8,126.6,126.75,2560.0,1698828300.0,2023-11-01 14:15:00+05:30
126.75,126.75,126.35,126.45,4356.0,1698828600.0,2023-11-01 14:20:00+05:30
126.45,126.45,126.25,126.35,1024.0,1698828900.0,2023-11-01 14:25:00+05:30
126.25,126.45,126.25,126.45,1948.0,1698829200.0,2023-11-01 14:30:00+05:30
126.45,126.45,126.25,126.45,2108.0,1698829500.0,2023-11-01 14:35:00+05:30
126.45,126.5,126.25,126.45,2452.0,1698829800.0,2023-11-01 14:40:00+05:30
126.45,126.5,126.3,126.45,676.0,1698830100.0,2023-11-01 14:45:00+05:30
126.45,126.6,126.4,126.45,1996.0,1698830400.0,2023-11-01 14:50:00+05:30
126.55,126.85,126.35,126.6,6048.0,1698830700.0,2023-11-01 14:55:00+05:30
126.6,127.2,126.5,126.55,11932.0,1698831000.0,2023-11-01 15:00:00+05:30
126.7,127.0,126.25,127.0,7476.0,1698831300.0,2023-11-01 15:05:00+05:30
127.25,127.25,126.25,126.25,11392.0,1698831600.0,2023-11-01 15:10:00+05:30
126.25,126.45,126.1,126.1,5760.0,1698831900.0,2023-11-01 15:15:00+05:30
126.3,126.3,125.0,125.2,23144.0,1698832200.0,2023-11-01 15:20:00+05:30
126.0,126.2,125.2,126.0,12196.0,1698832500.0,2023-11-01 15:25:00+05:30
128.6,129.75,128.05,128.9,56812.0,1698896700.0,2023-11-02 09:15:00+05:30
128.9,130.25,128.8,129.55,38316.0,1698897000.0,2023-11-02 09:20:00+05:30
129.4,130.75,129.4,130.55,29076.0,1698897300.0,2023-11-02 09:25:00+05:30
130.55,131.0,130.5,130.9,16080.0,1698897600.0,2023-11-02 09:30:00+05:30
131.0,132.0,131.0,132.0,49628.0,1698897900.0,2023-11-02 09:35:00+05:30
132.15,133.55,131.45,131.6,55980.0,1698898200.0,2023-11-02 09:40:00+05:30
131.55,131.7,131.1,131.1,17912.0,1698898500.0,2023-11-02 09:45:00+05:30
131.1,131.3,130.9,130.9,11268.0,1698898800.0,2023-11-02 09:50:00+05:30
130.9,131.55,130.85,131.45,9428.0,1698899100.0,2023-11-02 09:55:00+05:30
131.45,131.95,131.4,131.95,10392.0,1698899400.0,2023-11-02 10:00:00+05:30
131.8,131.95,131.55,131.55,4476.0,1698899700.0,2023-11-02 10:05:00+05:30
131.45,131.5,131.0,131.1,4056.0,1698900000.0,2023-11-02 10:10:00+05:30
130.9,131.1,130.75,130.9,9136.0,1698900300.0,2023-11-02 10:15:00+05:30
130.9,130.9,130.0,130.3,8056.0,1698900600.0,2023-11-02 10:20:00+05:30
130.3,130.3,129.45,129.75,12952.0,1698900900.0,2023-11-02 10:25:00+05:30
129.9,130.05,129.8,129.8,5880.0,1698901200.0,2023-11-02 10:30:00+05:30
129.95,129.95,129.55,129.7,5012.0,1698901500.0,2023-11-02 10:35:00+05:30
129.7,129.75,129.3,129.45,6996.0,1698901800.0,2023-11-02 10:40:00+05:30
129.45,129.45,129.25,129.35,4028.0,1698902100.0,2023-11-02 10:45:00+05:30
129.35,129.95,129.25,129.95,5216.0,1698902400.0,2023-11-02 10:50:00+05:30
129.95,129.95,129.4,129.4,4880.0,1698902700.0,2023-11-02 10:55:00+05:30
129.4,129.75,129.4,129.65,4088.0,1698903000.0,2023-11-02 11:00:00+05:30
129.65,129.7,129.4,129.55,2516.0,1698903300.0,2023-11-02 11:05:00+05:30
129.55,129.55,129.3,129.5,4168.0,1698903600.0,2023-11-02 11:10:00+05:30
129.3,129.6,129.3,129.6,1464.0,1698903900.0,2023-11-02 11:15:00+05:30
129.6,129.65,129.4,129.6,1740.0,1698904200.0,2023-11-02 11:20:00+05:30
129.6,129.65,129.45,129.5,4496.0,1698904500.0,2023-11-02 11:25:00+05:30
129.5,129.5,129.3,129.45,1068.0,1698904800.0,2023-11-02 11:30:00+05:30
129.45,129.5,129.3,129.3,1096.0,1698905100.0,2023-11-02 11:35:00+05:30
129.3,129.4,129.15,129.3,1044.0,1698905400.0,2023-11-02 11:40:00+05:30
129.3,129.3,128.95,128.95,2572.0,1698905700.0,2023-11-02 11:45:00+05:30
129.0,129.0,128.5,128.55,6948.0,1698906000.0,2023-11-02 11:50:00+05:30
128.55,128.7,128.35,128.35,2612.0,1698906300.0,2023-11-02 11:55:00+05:30
128.35,128.5,128.2,128.35,6904.0,1698906600.0,2023-11-02 12:00:00+05:30
128.4,128.7,128.4,128.55,2560.0,1698906900.0,2023-11-02 12:05:00+05:30
128.55,128.55,128.3,128.3,1264.0,1698907200.0,2023-11-02 12:10:00+05:30
128.3,128.4,128.1,128.15,944.0,1698907500.0,2023-11-02 12:15:00+05:30
128.15,128.55,128.15,128.55,5320.0,1698907800.0,2023-11-02 12:20:00+05:30
128.55,128.8,128.55,128.7,2716.0,1698908100.0,2023-11-02 12:25:00+05:30
128.75,128.9,128.6,128.9,5116.0,1698908400.0,2023-11-02 12:30:00+05:30
129.0,129.2,128.75,128.85,7624.0,1698908700.0,2023-11-02 12:35:00+05:30
128.85,128.85,128.4,128.65,516.0,1698909000.0,2023-11-02 12:40:00+05:30
128.65,128.7,128.4,128.7,928.0,1698909300.0,2023-11-02 12:45:00+05:30
128.7,128.75,128.4,128.5,2216.0,1698909600.0,2023-11-02 12:50:00+05:30
128.5,128.65,128.5,128.55,1616.0,1698909900.0,2023-11-02 12:55:00+05:30
128.55,128.6,128.2,128.5,3196.0,1698910200.0,2023-11-02 13:00:00+05:30
128.5,128.5,128.25,128.5,684.0,1698910500.0,2023-11-02 13:05:00+05:30
128.5,128.7,128.4,128.7,596.0,1698910800.0,2023-11-02 13:10:00+05:30
128.7,129.3,128.7,128.7,4964.0,1698911100.0,2023-11-02 13:15:00+05:30
128.9,128.9,128.6,128.8,1284.0,1698911400.0,2023-11-02 13:20:00+05:30
128.8,129.3,128.8,129.05,5544.0,1698911700.0,2023-11-02 13:25:00+05:30
128.9,129.25,128.9,129.15,1620.0,1698912000.0,2023-11-02 13:30:00+05:30
129.0,129.1,128.75,128.95,1500.0,1698912300.0,2023-11-02 13:35:00+05:30
128.95,128.95,128.75,128.9,736.0,1698912600.0,2023-11-02 13:40:00+05:30
128.9,128.95,128.7,128.75,1508.0,1698912900.0,2023-11-02 13:45:00+05:30
128.75,128.9,128.7,128.8,224.0,1698913200.0,2023-11-02 13:50:00+05:30
128.8,128.85,128.55,128.7,1792.0,1698913500.0,2023-11-02 13:55:00+05:30
128.7,128.7,128.4,128.5,752.0,1698913800.0,2023-11-02 14:00:00+05:30
128.5,129.0,128.4,128.9,1932.0,1698914100.0,2023-11-02 14:05:00+05:30
128.9,128.9,128.5,128.55,1208.0,1698914400.0,2023-11-02 14:10:00+05:30
128.55,128.7,128.5,128.65,240.0,1698914700.0,2023-11-02 14:15:00+05:30
128.65,128.8,128.6,128.75,204.0,1698915000.0,2023-11-02 14:20:00+05:30
128.75,128.75,128.65,128.65,324.0,1698915300.0,2023-11-02 14:25:00+05:30
128.7,128.75,128.6,128.6,284.0,1698915600.0,2023-11-02 14:30:00+05:30
128.6,128.75,128.5,128.7,464.0,1698915900.0,2023-11-02 14:35:00+05:30
128.7,128.75,128.5,128.75,2816.0,1698916200.0,2023-11-02 14:40:00+05:30
128.8,128.8,128.15,128.35,12144.0,1698916500.0,2023-11-02 14:45:00+05:30
128.4,128.5,128.15,128.15,1964.0,1698916800.0,2023-11-02 14:50:00+05:30
128.15,131.1,128.05,129.7,21220.0,1698917100.0,2023-11-02 14:55:00+05:30
129.55,129.8,129.05,129.1,3696.0,1698917400.0,2023-11-02 15:00:00+05:30
129.1,129.2,128.6,128.75,3232.0,1698917700.0,2023-11-02 15:05:00+05:30
129.0,129.0,128.25,128.4,6868.0,1698918000.0,2023-11-02 15:10:00+05:30
128.35,128.6,128.25,128.25,5544.0,1698918300.0,2023-11-02 15:15:00+05:30
128.25,128.8,128.1,128.2,15108.0,1698918600.0,2023-11-02 15:20:00+05:30
128.2,128.8,128.2,128.55,15524.0,1698918900.0,2023-11-02 15:25:00+05:30
129.5,131.2,129.5,130.9,13732.0,1698983100.0,2023-11-03 09:15:00+05:30
130.9,131.25,130.7,130.7,12200.0,1698983400.0,2023-11-03 09:20:00+05:30
130.7,130.85,130.6,130.85,4812.0,1698983700.0,2023-11-03 09:25:00+05:30
130.65,131.3,130.65,131.25,5072.0,1698984000.0,2023-11-03 09:30:00+05:30
131.25,131.45,130.75,131.45,11760.0,1698984300.0,2023-11-03 09:35:00+05:30
131.7,132.05,131.55,131.85,12152.0,1698984600.0,2023-11-03 09:40:00+05:30
131.75,132.45,131.75,132.3,10948.0,1698984900.0,2023-11-03 09:45:00+05:30
132.4,132.4,131.75,131.9,4816.0,1698985200.0,2023-11-03 09:50:00+05:30
132.0,133.2,132.0,132.45,38152.0,1698985500.0,2023-11-03 09:55:00+05:30
132.45,133.05,132.2,132.55,28148.0,1698985800.0,2023-11-03 10:00:00+05:30
132.55,132.75,132.25,132.5,8944.0,1698986100.0,2023-11-03 10:05:00+05:30
132.5,132.5,132.0,132.3,6464.0,1698986400.0,2023-11-03 10:10:00+05:30
132.3,132.3,132.1,132.3,1896.0,1698986700.0,2023-11-03 10:15:00+05:30
132.3,132.5,132.1,132.5,3952.0,1698987000.0,2023-11-03 10:20:00+05:30
132.5,132.5,132.0,132.25,7800.0,1698987300.0,2023-11-03 10:25:00+05:30
132.4,132.4,132.05,132.2,4304.0,1698987600.0,2023-11-03 10:30:00+05:30
132.2,132.2,131.9,132.15,3536.0,1698987900.0,2023-11-03 10:35:00+05:30
132.15,132.2,131.75,131.95,12920.0,1698988200.0,2023-11-03 10:40:00+05:30
131.8,132.25,131.8,132.25,4528.0,1698988500.0,2023-11-03 10:45:00+05:30
132.3,133.2,132.25,132.8,24884.0,1698988800.0,2023-11-03 10:50:00+05:30
132.75,132.85,132.2,132.85,7248.0,1698989100.0,2023-11-03 10:55:00+05:30
132.85,133.0,132.8,132.8,2960.0,1698989400.0,2023-11-03 11:00:00+05:30
132.95,132.95,132.5,132.9,7768.0,1698989700.0,2023-11-03 11:05:00+05:30
132.9,132.9,132.25,132.25,2952.0,1698990000.0,2023-11-03 11:10:00+05:30
132.25,132.65,132.2,132.65,3868.0,1698990300.0,2023-11-03 11:15:00+05:30
132.65,132.9,132.55,132.75,8236.0,1698990600.0,2023-11-03 11:20:00+05:30
132.75,132.75,132.5,132.6,8392.0,1698990900.0,2023-11-03 11:25:00+05:30
132.6,132.6,132.3,132.5,2544.0,1698991200.0,2023-11-03 11:30:00+05:30
132.5,132.65,132.25,132.4,3364.0,1698991500.0,2023-11-03 11:35:00+05:30
132.4,132.4,131.9,131.9,9504.0,1698991800.0,2023-11-03 11:40:00+05:30
131.9,132.3,131.9,132.2,3832.0,1698992100.0,2023-11-03 11:45:00+05:30
132.2,132.3,132.0,132.2,2272.0,1698992400.0,2023-11-03 11:50:00+05:30
132.2,132.35,132.0,132.0,3004.0,1698992700.0,2023-11-03 11:55:00+05:30
132.0,132.0,131.4,131.4,13716.0,1698993000.0,2023-11-03 12:00:00+05:30
131.4,131.5,130.95,131.1,6372.0,1698993300.0,2023-11-03 12:05:00+05:30
131.1,131.25,131.1,131.1,4384.0,1698993600.0,2023-11-03 12:10:00+05:30
131.2,131.85,131.0,131.55,12240.0,1698993900.0,2023-11-03 12:15:00+05:30
131.55,132.0,131.55,131.9,4504.0,1698994200.0,2023-11-03 12:20:00+05:30
131.9,132.3,131.8,132.3,4040.0,1698994500.0,2023-11-03 12:25:00+05:30
132.3,132.4,132.05,132.25,3548.0,1698994800.0,2023-11-03 12:30:00+05:30
132.25,132.4,132.1,132.2,2136.0,1698995100.0,2023-11-03 12:35:00+05:30
132.2,132.45,132.15,132.4,3328.0,1698995400.0,2023-11-03 12:40:00+05:30
132.4,132.5,132.35,132.4,3684.0,1698995700.0,2023-11-03 12:45:00+05:30
132.4,132.45,132.2,132.3,2288.0,1698996000.0,2023-11-03 12:50:00+05:30
132.3,132.4,132.2,132.4,1732.0,1698996300.0,2023-11-03 12:55:00+05:30
132.45,133.1,132.25,133.05,31688.0,1698996600.0,2023-11-03 13:00:00+05:30
133.05,134.2,133.05,134.2,56412.0,1698996900.0,2023-11-03 13:05:00+05:30
134.2,134.8,134.0,134.2,33720.0,1698997200.0,2023-11-03 13:10:00+05:30
134.2,135.4,133.75,135.15,49168.0,1698997500.0,2023-11-03 13:15:00+05:30
135.25,135.95,135.0,135.6,69460.0,1698997800.0,2023-11-03 13:20:00+05:30
135.5,136.15,135.35,136.0,27032.0,1698998100.0,2023-11-03 13:25:00+05:30
136.0,136.5,135.35,136.05,43960.0,1698998400.0,2023-11-03 13:30:00+05:30
136.05,136.3,135.7,136.2,29384.0,1698998700.0,2023-11-03 13:35:00+05:30
136.25,136.25,135.75,135.75,24676.0,1698999000.0,2023-11-03 13:40:00+05:30
135.75,135.95,135.75,135.75,6328.0,1698999300.0,2023-11-03 13:45:00+05:30
135.75,135.9,135.0,135.0,25516.0,1698999600.0,2023-11-03 13:50:00+05:30
135.0,135.6,134.8,135.25,12024.0,1698999900.0,2023-11-03 13:55:00+05:30
135.25,135.5,135.25,135.3,2068.0,1699000200.0,2023-11-03 14:00:00+05:30
135.3,135.55,135.25,135.25,8804.0,1699000500.0,2023-11-03 14:05:00+05:30
135.25,135.3,135.0,135.0,8928.0,1699000800.0,2023-11-03 14:10:00+05:30
135.2,135.6,135.05,135.3,14484.0,1699001100.0,2023-11-03 14:15:00+05:30
135.5,135.5,135.25,135.25,3800.0,1699001400.0,2023-11-03 14:20:00+05:30
135.25,135.45,135.1,135.25,2496.0,1699001700.0,2023-11-03 14:25:00+05:30
135.25,135.75,135.2,135.2,10088.0,1699002000.0,2023-11-03 14:30:00+05:30
135.2,135.45,135.05,135.25,8380.0,1699002300.0,2023-11-03 14:35:00+05:30
135.25,135.45,134.9,134.9,11020.0,1699002600.0,2023-11-03 14:40:00+05:30
135.0,135.05,134.4,134.45,14476.0,1699002900.0,2023-11-03 14:45:00+05:30
134.45,134.65,134.45,134.45,4136.0,1699003200.0,2023-11-03 14:50:00+05:30
134.45,135.0,134.45,134.8,7664.0,1699003500.0,2023-11-03 14:55:00+05:30
134.7,134.9,134.45,134.65,12512.0,1699003800.0,2023-11-03 15:00:00+05:30
134.65,134.95,134.2,134.3,24932.0,1699004100.0,2023-11-03 15:05:00+05:30
134.3,134.4,133.75,133.8,12008.0,1699004400.0,2023-11-03 15:10:00+05:30
134.0,135.4,134.0,135.1,32844.0,1699004700.0,2023-11-03 15:15:00+05:30
135.0,135.0,134.5,134.85,17948.0,1699005000.0,2023-11-03 15:20:00+05:30
134.85,134.85,133.9,134.5,35452.0,1699005300.0,2023-11-03 15:25:00+05:30
134.55,136.1,134.55,135.85,59812.0,1699242300.0,2023-11-06 09:15:00+05:30
135.8,136.05,135.55,136.05,20380.0,1699242600.0,2023-11-06 09:20:00+05:30
136.05,136.25,135.4,135.4,18388.0,1699242900.0,2023-11-06 09:25:00+05:30
135.4,135.75,135.4,135.4,15252.0,1699243200.0,2023-11-06 09:30:00+05:30
135.4,135.45,134.15,134.6,28188.0,1699243500.0,2023-11-06 09:35:00+05:30
134.8,134.85,134.45,134.75,6672.0,1699243800.0,2023-11-06 09:40:00+05:30
134.75,134.75,134.05,134.05,5592.0,1699244100.0,2023-11-06 09:45:00+05:30
134.05,134.2,133.5,133.75,9144.0,1699244400.0,2023-11-06 09:50:00+05:30
133.75,134.2,133.75,134.2,5064.0,1699244700.0,2023-11-06 09:55:00+05:30
134.2,134.25,134.0,134.1,2560.0,1699245000.0,2023-11-06 10:00:00+05:30
134.1,134.2,133.95,134.0,1712.0,1699245300.0,2023-11-06 10:05:00+05:30
134.15,134.15,133.55,133.75,4296.0,1699245600.0,2023-11-06 10:10:00+05:30
133.6,133.9,133.6,133.75,1472.0,1699245900.0,2023-11-06 10:15:00+05:30
133.75,133.85,133.55,133.85,4888.0,1699246200.0,2023-11-06 10:20:00+05:30
133.85,133.95,133.3,133.55,6248.0,1699246500.0,2023-11-06 10:25:00+05:30
133.55,133.55,132.75,133.05,15388.0,1699246800.0,2023-11-06 10:30:00+05:30
133.05,133.25,132.9,132.95,6768.0,1699247100.0,2023-11-06 10:35:00+05:30
132.95,133.2,132.0,132.05,26644.0,1699247400.0,2023-11-06 10:40:00+05:30
132.15,132.65,132.05,132.2,13448.0,1699247700.0,2023-11-06 10:45:00+05:30
132.2,132.3,131.65,132.2,9048.0,1699248000.0,2023-11-06 10:50:00+05:30
132.2,132.2,131.65,131.95,7560.0,1699248300.0,2023-11-06 10:55:00+05:30
131.95,132.0,131.45,131.9,20500.0,1699248600.0,2023-11-06 11:00:00+05:30
131.9,132.0,131.6,131.9,8280.0,1699248900.0,2023-11-06 11:05:00+05:30
131.9,132.05,131.9,131.95,3756.0,1699249200.0,2023-11-06 11:10:00+05:30
131.95,132.85,131.95,132.75,10568.0,1699249500.0,2023-11-06 11:15:00+05:30
132.7,132.75,132.15,132.4,9004.0,1699249800.0,2023-11-06 11:20:00+05:30
132.4,132.45,132.0,132.25,2344.0,1699250100.0,2023-11-06 11:25:00+05:30
132.25,132.95,132.1,132.75,3392.0,1699250400.0,2023-11-06 11:30:00+05:30
132.75,132.95,132.65,132.75,4872.0,1699250700.0,2023-11-06 11:35:00+05:30
132.75,132.85,132.3,132.3,7316.0,1699251000.0,2023-11-06 11:40:00+05:30
132.3,132.4,132.1,132.3,1116.0,1699251300.0,2023-11-06 11:45:00+05:30
132.3,132.4,131.85,132.1,6536.0,1699251600.0,2023-11-06 11:50:00+05:30
132.1,132.3,132.0,132.15,1248.0,1699251900.0,2023-11-06 11:55:00+05:30
132.1,132.4,131.75,132.05,9252.0,1699252200.0,2023-11-06 12:00:00+05:30
132.05,132.05,131.75,131.85,6020.0,1699252500.0,2023-11-06 12:05:00+05:30
131.85,132.0,131.55,132.0,7156.0,1699252800.0,2023-11-06 12:10:00+05:30
132.0,132.2,131.9,132.2,3268.0,1699253100.0,2023-11-06 12:15:00+05:30
132.35,132.35,131.85,132.1,7704.0,1699253400.0,2023-11-06 12:20:00+05:30
131.85,132.05,131.85,132.0,552.0,1699253700.0,2023-11-06 12:25:00+05:30
132.0,132.35,131.85,132.3,1368.0,1699254000.0,2023-11-06 12:30:00+05:30
132.3,132.3,131.5,131.5,4416.0,1699254300.0,2023-11-06 12:35:00+05:30
131.7,132.0,131.55,131.55,13148.0,1699254600.0,2023-11-06 12:40:00+05:30
131.55,131.85,131.55,131.85,1432.0,1699254900.0,2023-11-06 12:45:00+05:30
131.85,131.9,131.7,131.85,1332.0,1699255200.0,2023-11-06 12:50:00+05:30
131.85,132.0,131.8,132.0,956.0,1699255500.0,2023-11-06 12:55:00+05:30
132.0,132.0,131.1,131.25,20564.0,1699255800.0,2023-11-06 13:00:00+05:30
131.25,131.25,130.85,130.85,17816.0,1699256100.0,2023-11-06 13:05:00+05:30
130.85,130.85,130.55,130.7,7036.0,1699256400.0,2023-11-06 13:10:00+05:30
130.7,131.2,130.65,131.2,15796.0,1699256700.0,2023-11-06 13:15:00+05:30
131.2,131.25,130.9,130.95,11692.0,1699257000.0,2023-11-06 13:20:00+05:30
130.95,131.25,130.95,131.2,18780.0,1699257300.0,2023-11-06 13:25:00+05:30
131.2,131.45,131.2,131.45,26432.0,1699257600.0,2023-11-06 13:30:00+05:30
131.45,132.0,131.3,131.8,4892.0,1699257900.0,2023-11-06 13:35:00+05:30
131.8,131.85,131.45,131.75,2268.0,1699258200.0,2023-11-06 13:40:00+05:30
131.9,131.95,131.4,131.4,4052.0,1699258500.0,2023-11-06 13:45:00+05:30
131.4,131.95,131.4,131.55,6996.0,1699258800.0,2023-11-06 13:50:00+05:30
131.55,131.8,131.5,131.55,1056.0,1699259100.0,2023-11-06 13:55:00+05:30
131.7,131.75,131.6,131.6,2172.0,1699259400.0,2023-11-06 14:00:00+05:30
131.6,131.75,131.25,131.25,2440.0,1699259700.0,2023-11-06 14:05:00+05:30
131.25,132.3,131.2,132.25,11588.0,1699260000.0,2023-11-06 14:10:00+05:30
132.2,132.75,132.2,132.75,3224.0,1699260300.0,2023-11-06 14:15:00+05:30
132.5,132.7,132.25,132.3,8864.0,1699260600.0,2023-11-06 14:20:00+05:30
132.3,132.3,131.7,132.05,5352.0,1699260900.0,2023-11-06 14:25:00+05:30
132.05,132.25,132.0,132.15,2900.0,1699261200.0,2023-11-06 14:30:00+05:30
132.15,132.25,132.0,132.05,400.0,1699261500.0,2023-11-06 14:35:00+05:30
132.05,132.1,131.8,132.0,520.0,1699261800.0,2023-11-06 14:40:00+05:30
132.0,132.0,131.65,131.75,2352.0,1699262100.0,2023-11-06 14:45:00+05:30
131.8,132.05,131.55,131.6,8892.0,1699262400.0,2023-11-06 14:50:00+05:30
131.75,131.75,131.4,131.45,3908.0,1699262700.0,2023-11-06 14:55:00+05:30
131.45,131.85,131.4,131.6,1100.0,1699263000.0,2023-11-06 15:00:00+05:30
131.6,131.8,131.55,131.6,4460.0,1699263300.0,2023-11-06 15:05:00+05:30
131.75,132.25,131.6,131.85,6548.0,1699263600.0,2023-11-06 15:10:00+05:30
132.0,132.1,131.6,131.7,3560.0,1699263900.0,2023-11-06 15:15:00+05:30
131.7,132.2,131.0,131.7,30364.0,1699264200.0,2023-11-06 15:20:00+05:30
131.0,131.25,129.0,130.95,100880.0,1699264500.0,2023-11-06 15:25:00+05:30
130.5,131.25,130.2,130.3,15344.0,1699328700.0,2023-11-07 09:15:00+05:30
130.3,130.6,130.2,130.4,5504.0,1699329000.0,2023-11-07 09:20:00+05:30
130.3,130.55,129.8,130.5,17028.0,1699329300.0,2023-11-07 09:25:00+05:30
130.4,130.5,130.15,130.45,7016.0,1699329600.0,2023-11-07 09:30:00+05:30
130.5,130.9,130.3,130.85,6264.0,1699329900.0,2023-11-07 09:35:00+05:30
130.85,131.45,130.7,131.45,9260.0,1699330200.0,2023-11-07 09:40:00+05:30
131.55,131.55,130.5,130.55,6800.0,1699330500.0,2023-11-07 09:45:00+05:30
130.55,130.65,130.35,130.65,7696.0,1699330800.0,2023-11-07 09:50:00+05:30
130.7,131.1,130.6,131.1,6632.0,1699331100.0,2023-11-07 09:55:00+05:30
131.1,131.65,130.95,131.65,9016.0,1699331400.0,2023-11-07 10:00:00+05:30
131.75,131.8,131.15,131.35,5676.0,1699331700.0,2023-11-07 10:05:00+05:30
131.35,131.35,130.75,131.25,6228.0,1699332000.0,2023-11-07 10:10:00+05:30
131.05,131.55,131.0,131.5,8248.0,1699332300.0,2023-11-07 10:15:00+05:30
131.5,132.2,131.5,132.05,10620.0,1699332600.0,2023-11-07 10:20:00+05:30
132.05,132.6,132.0,132.6,19324.0,1699332900.0,2023-11-07 10:25:00+05:30
132.6,132.85,132.2,132.8,41424.0,1699333200.0,2023-11-07 10:30:00+05:30
132.8,133.25,132.65,133.2,7664.0,1699333500.0,2023-11-07 10:35:00+05:30
133.2,133.3,132.9,132.9,7324.0,1699333800.0,2023-11-07 10:40:00+05:30
132.7,133.0,132.55,132.75,3828.0,1699334100.0,2023-11-07 10:45:00+05:30
132.75,132.85,132.55,132.55,3140.0,1699334400.0,2023-11-07 10:50:00+05:30
132.7,132.7,132.0,132.2,2472.0,1699334700.0,2023-11-07 10:55:00+05:30
132.2,132.2,131.9,132.05,1016.0,1699335000.0,2023-11-07 11:00:00+05:30
132.05,132.2,131.85,132.2,1944.0,1699335300.0,2023-11-07 11:05:00+05:30
132.2,132.4,132.0,132.2,932.0,1699335600.0,2023-11-07 11:10:00+05:30
132.2,132.5,132.0,132.3,2328.0,1699335900.0,2023-11-07 11:15:00+05:30
132.3,132.6,132.25,132.45,3060.0,1699336200.0,2023-11-07 11:20:00+05:30
132.45,132.5,132.0,132.0,5024.0,1699336500.0,2023-11-07 11:25:00+05:30
132.0,132.35,132.0,132.35,2080.0,1699336800.0,2023-11-07 11:30:00+05:30
132.45,132.5,132.2,132.2,352.0,1699337100.0,2023-11-07 11:35:00+05:30
132.2,132.25,131.8,131.8,8400.0,1699337400.0,2023-11-07 11:40:00+05:30
131.8,132.75,131.75,132.55,18156.0,1699337700.0,2023-11-07 11:45:00+05:30
132.5,132.7,132.5,132.6,1400.0,1699338000.0,2023-11-07 11:50:00+05:30
132.6,132.7,132.45,132.6,1600.0,1699338300.0,2023-11-07 11:55:00+05:30
132.6,132.9,132.55,132.8,1456.0,1699338600.0,2023-11-07 12:00:00+05:30
132.75,132.95,132.6,132.85,2260.0,1699338900.0,2023-11-07 12:05:00+05:30
132.85,133.05,132.8,132.95,1132.0,1699339200.0,2023-11-07 12:10:00+05:30
132.95,132.95,132.7,132.8,1588.0,1699339500.0,2023-11-07 12:15:00+05:30
132.8,133.0,132.6,132.6,2448.0,1699339800.0,2023-11-07 12:20:00+05:30
132.6,132.95,132.55,132.95,3108.0,1699340100.0,2023-11-07 12:25:00+05:30
132.95,132.95,132.55,132.55,1728.0,1699340400.0,2023-11-07 12:30:00+05:30
132.55,132.75,132.4,132.7,2756.0,1699340700.0,2023-11-07 12:35:00+05:30
132.7,132.7,132.2,132.2,980.0,1699341000.0,2023-11-07 12:40:00+05:30
132.05,132.3,132.0,132.25,1712.0,1699341300.0,2023-11-07 12:45:00+05:30
132.0,132.2,131.9,132.2,3344.0,1699341600.0,2023-11-07 12:50:00+05:30
132.05,132.4,132.05,132.3,4564.0,1699341900.0,2023-11-07 12:55:00+05:30
132.3,132.4,132.2,132.35,404.0,1699342200.0,2023-11-07 13:00:00+05:30
132.15,133.15,132.05,133.1,14180.0,1699342500.0,2023-11-07 13:05:00+05:30
133.1,133.1,132.8,132.85,3332.0,1699342800.0,2023-11-07 13:10:00+05:30
132.85,133.0,132.8,132.95,1948.0,1699343100.0,2023-11-07 13:15:00+05:30
132.95,133.25,132.8,133.0,2800.0,1699343400.0,2023-11-07 13:20:00+05:30
133.0,133.0,132.9,133.0,2252.0,1699343700.0,2023-11-07 13:25:00+05:30
133.0,133.25,133.0,133.05,5760.0,1699344000.0,2023-11-07 13:30:00+05:30
133.05,133.7,133.05,133.65,7600.0,1699344300.0,2023-11-07 13:35:00+05:30
133.65,133.65,132.85,132.9,4504.0,1699344600.0,2023-11-07 13:40:00+05:30
132.9,133.1,132.6,132.6,2932.0,1699344900.0,2023-11-07 13:45:00+05:30
132.6,132.8,132.55,132.75,584.0,1699345200.0,2023-11-07 13:50:00+05:30
132.4,132.5,132.2,132.3,2852.0,1699345500.0,2023-11-07 13:55:00+05:30
132.3,132.6,132.1,132.6,2004.0,1699345800.0,2023-11-07 14:00:00+05:30
132.6,133.0,132.6,132.75,4676.0,1699346100.0,2023-11-07 14:05:00+05:30
132.75,133.15,132.7,133.0,4320.0,1699346400.0,2023-11-07 14:10:00+05:30
133.15,133.35,132.6,132.7,5996.0,1699346700.0,2023-11-07 14:15:00+05:30
132.7,132.85,132.65,132.7,1864.0,1699347000.0,2023-11-07 14:20:00+05:30
132.7,132.7,132.55,132.55,540.0,1699347300.0,2023-11-07 14:25:00+05:30
132.55,132.85,132.4,132.6,2488.0,1699347600.0,2023-11-07 14:30:00+05:30
132.6,132.6,132.0,132.3,9204.0,1699347900.0,2023-11-07 14:35:00+05:30
132.3,132.5,132.05,132.5,7268.0,1699348200.0,2023-11-07 14:40:00+05:30
132.5,132.9,132.5,132.9,8892.0,1699348500.0,2023-11-07 14:45:00+05:30
132.9,134.5,132.9,134.2,121128.0,1699348800.0,2023-11-07 14:50:00+05:30
134.1,134.35,132.8,133.75,32892.0,1699349100.0,2023-11-07 14:55:00+05:30
133.75,134.35,133.75,134.0,6836.0,1699349400.0,2023-11-07 15:00:00+05:30
134.0,134.2,133.4,133.85,17924.0,1699349700.0,2023-11-07 15:05:00+05:30
133.8,134.0,133.5,133.5,6412.0,1699350000.0,2023-11-07 15:10:00+05:30
133.6,133.6,133.25,133.55,10404.0,1699350300.0,2023-11-07 15:15:00+05:30
133.55,134.25,133.5,133.95,30204.0,1699350600.0,2023-11-07 15:20:00+05:30
133.95,134.25,133.75,134.0,26204.0,1699350900.0,2023-11-07 15:25:00+05:30
135.0,135.4,134.05,134.4,33020.0,1699415100.0,2023-11-08 09:15:00+05:30
134.45,134.65,134.1,134.5,12392.0,1699415400.0,2023-11-08 09:20:00+05:30
134.3,134.45,134.1,134.15,15488.0,1699415700.0,2023-11-08 09:25:00+05:30
134.15,134.5,134.0,134.0,22840.0,1699416000.0,2023-11-08 09:30:00+05:30
134.0,134.15,133.8,134.0,4104.0,1699416300.0,2023-11-08 09:35:00+05:30
133.95,134.1,133.8,133.85,5068.0,1699416600.0,2023-11-08 09:40:00+05:30
133.85,133.9,132.9,132.9,27684.0,1699416900.0,2023-11-08 09:45:00+05:30
133.1,133.25,132.05,132.25,25556.0,1699417200.0,2023-11-08 09:50:00+05:30
132.25,133.0,132.2,132.6,17500.0,1699417500.0,2023-11-08 09:55:00+05:30
132.75,132.9,132.05,132.15,13472.0,1699417800.0,2023-11-08 10:00:00+05:30
132.2,132.6,131.75,132.0,21848.0,1699418100.0,2023-11-08 10:05:00+05:30
132.15,132.2,131.9,131.9,6632.0,1699418400.0,2023-11-08 10:10:00+05:30
131.9,132.35,131.8,132.25,4168.0,1699418700.0,2023-11-08 10:15:00+05:30
132.25,132.3,132.0,132.15,1728.0,1699419000.0,2023-11-08 10:20:00+05:30
132.15,132.15,132.0,132.0,10364.0,1699419300.0,2023-11-08 10:25:00+05:30
131.7,131.9,131.4,131.55,12496.0,1699419600.0,2023-11-08 10:30:00+05:30
131.55,131.7,131.25,131.45,12832.0,1699419900.0,2023-11-08 10:35:00+05:30
131.45,131.75,131.4,131.65,2228.0,1699420200.0,2023-11-08 10:40:00+05:30
131.65,131.65,131.4,131.5,2516.0,1699420500.0,2023-11-08 10:45:00+05:30
131.5,131.95,131.3,131.6,20760.0,1699420800.0,2023-11-08 10:50:00+05:30
131.6,131.65,131.4,131.5,2468.0,1699421100.0,2023-11-08 10:55:00+05:30
131.5,131.7,131.45,131.55,2140.0,1699421400.0,2023-11-08 11:00:00+05:30
131.55,131.7,131.5,131.5,3360.0,1699421700.0,2023-11-08 11:05:00+05:30
131.6,131.75,131.5,131.55,3928.0,1699422000.0,2023-11-08 11:10:00+05:30
131.55,131.9,131.45,131.9,8892.0,1699422300.0,2023-11-08 11:15:00+05:30
131.75,132.25,131.75,131.95,8852.0,1699422600.0,2023-11-08 11:20:00+05:30
131.95,132.2,131.9,132.2,3008.0,1699422900.0,2023-11-08 11:25:00+05:30
132.05,132.2,131.95,131.95,1588.0,1699423200.0,2023-11-08 11:30:00+05:30
131.95,132.25,131.95,132.2,1652.0,1699423500.0,2023-11-08 11:35:00+05:30
132.2,132.3,132.0,132.1,2600.0,1699423800.0,2023-11-08 11:40:00+05:30
132.1,132.45,132.0,132.35,2120.0,1699424100.0,2023-11-08 11:45:00+05:30
132.35,132.35,132.05,132.25,700.0,1699424400.0,2023-11-08 11:50:00+05:30
132.25,132.25,132.0,132.2,896.0,1699424700.0,2023-11-08 11:55:00+05:30
132.0,132.4,132.0,132.4,3364.0,1699425000.0,2023-11-08 12:00:00+05:30
132.4,132.4,132.15,132.35,888.0,1699425300.0,2023-11-08 12:05:00+05:30
132.35,132.35,132.15,132.3,1272.0,1699425600.0,2023-11-08 12:10:00+05:30
132.3,132.3,131.6,131.7,12532.0,1699425900.0,2023-11-08 12:15:00+05:30
131.8,132.0,131.7,131.95,3372.0,1699426200.0,2023-11-08 12:20:00+05:30
131.95,132.0,131.5,131.6,4068.0,1699426500.0,2023-11-08 12:25:00+05:30
131.5,131.65,131.45,131.5,1752.0,1699426800.0,2023-11-08 12:30:00+05:30
131.5,131.5,130.75,130.9,20356.0,1699427100.0,2023-11-08 12:35:00+05:30
130.9,131.4,130.9,131.4,4596.0,1699427400.0,2023-11-08 12:40:00+05:30
131.4,131.4,131.2,131.25,964.0,1699427700.0,2023-11-08 12:45:00+05:30
131.2,131.4,130.8,131.4,5024.0,1699428000.0,2023-11-08 12:50:00+05:30
131.4,131.4,131.1,131.25,1888.0,1699428300.0,2023-11-08 12:55:00+05:30
131.25,131.3,131.1,131.15,1304.0,1699428600.0,2023-11-08 13:00:00+05:30
131.15,131.4,131.1,131.3,1512.0,1699428900.0,2023-11-08 13:05:00+05:30
131.3,131.45,131.1,131.3,2252.0,1699429200.0,2023-11-08 13:10:00+05:30
131.3,131.35,131.15,131.3,1216.0,1699429500.0,2023-11-08 13:15:00+05:30
131.2,131.35,131.15,131.35,1172.0,1699429800.0,2023-11-08 13:20:00+05:30
131.2,131.35,131.2,131.35,1104.0,1699430100.0,2023-11-08 13:25:00+05:30
131.2,134.3,131.2,134.1,85160.0,1699430400.0,2023-11-08 13:30:00+05:30
134.1,135.2,133.95,134.8,19440.0,1699430700.0,2023-11-08 13:35:00+05:30
134.8,136.0,134.75,135.4,34500.0,1699431000.0,2023-11-08 13:40:00+05:30
135.4,135.4,134.65,135.3,23136.0,1699431300.0,2023-11-08 13:45:00+05:30
135.45,135.75,135.0,135.4,12300.0,1699431600.0,2023-11-08 13:50:00+05:30
135.4,135.5,135.15,135.35,7800.0,1699431900.0,2023-11-08 13:55:00+05:30
135.35,135.5,134.5,134.5,12048.0,1699432200.0,2023-11-08 14:00:00+05:30
134.5,135.8,134.5,135.65,23172.0,1699432500.0,2023-11-08 14:05:00+05:30
135.65,136.1,135.3,135.45,19060.0,1699432800.0,2023-11-08 14:10:00+05:30
135.45,136.05,135.35,135.8,39484.0,1699433100.0,2023-11-08 14:15:00+05:30
135.8,135.9,135.55,135.85,5984.0,1699433400.0,2023-11-08 14:20:00+05:30
135.85,139.65,135.75,139.5,152152.0,1699433700.0,2023-11-08 14:25:00+05:30
139.5,139.6,137.55,137.8,84040.0,1699434000.0,2023-11-08 14:30:00+05:30
137.8,138.0,137.0,137.25,42208.0,1699434300.0,2023-11-08 14:35:00+05:30
137.25,137.5,137.0,137.1,10292.0,1699434600.0,2023-11-08 14:40:00+05:30
137.1,137.75,136.65,137.7,18852.0,1699434900.0,2023-11-08 14:45:00+05:30
137.7,138.9,137.6,138.9,38884.0,1699435200.0,2023-11-08 14:50:00+05:30
138.9,139.25,138.35,139.15,73140.0,1699435500.0,2023-11-08 14:55:00+05:30
139.15,139.15,138.4,138.55,47692.0,1699435800.0,2023-11-08 15:00:00+05:30
138.7,140.7,138.55,140.5,129104.0,1699436100.0,2023-11-08 15:05:00+05:30
140.75,140.85,139.7,139.9,63284.0,1699436400.0,2023-11-08 15:10:00+05:30
139.9,140.4,139.85,139.95,32836.0,1699436700.0,2023-11-08 15:15:00+05:30
139.95,139.95,139.25,139.75,61688.0,1699437000.0,2023-11-08 15:20:00+05:30
139.75,140.25,139.6,139.8,37248.0,1699437300.0,2023-11-08 15:25:00+05:30
140.7,141.75,139.25,140.1,80152.0,1699501500.0,2023-11-09 09:15:00+05:30
140.1,140.65,139.8,139.8,31520.0,1699501800.0,2023-11-09 09:20:00+05:30
140.1,140.1,139.0,139.55,14104.0,1699502100.0,2023-11-09 09:25:00+05:30
139.4,139.4,138.8,139.3,18820.0,1699502400.0,2023-11-09 09:30:00+05:30
139.2,140.55,139.15,140.5,21240.0,1699502700.0,2023-11-09 09:35:00+05:30
140.5,141.5,140.15,140.5,43508.0,1699503000.0,2023-11-09 09:40:00+05:30
140.5,140.5,139.5,139.85,24948.0,1699503300.0,2023-11-09 09:45:00+05:30
139.85,139.9,139.2,139.4,8808.0,1699503600.0,2023-11-09 09:50:00+05:30
139.4,139.65,139.3,139.65,3460.0,1699503900.0,2023-11-09 09:55:00+05:30
139.7,139.7,139.3,139.45,7180.0,1699504200.0,2023-11-09 10:00:00+05:30
139.45,139.7,139.3,139.3,5372.0,1699504500.0,2023-11-09 10:05:00+05:30
139.3,140.8,139.3,140.8,16020.0,1699504800.0,2023-11-09 10:10:00+05:30
140.4,140.75,140.3,140.6,11416.0,1699505100.0,2023-11-09 10:15:00+05:30
140.6,140.6,140.25,140.25,6612.0,1699505400.0,2023-11-09 10:20:00+05:30
140.25,140.25,139.7,139.95,10608.0,1699505700.0,2023-11-09 10:25:00+05:30
139.95,140.05,139.8,139.95,4716.0,1699506000.0,2023-11-09 10:30:00+05:30
139.95,140.2,139.7,140.0,6092.0,1699506300.0,2023-11-09 10:35:00+05:30
140.0,140.0,139.3,139.85,6684.0,1699506600.0,2023-11-09 10:40:00+05:30
139.85,139.9,139.45,139.45,2920.0,1699506900.0,2023-11-09 10:45:00+05:30
139.45,139.75,138.95,139.05,11140.0,1699507200.0,2023-11-09 10:50:00+05:30
139.05,139.25,138.95,139.25,5876.0,1699507500.0,2023-11-09 10:55:00+05:30
139.25,139.25,138.95,139.2,2208.0,1699507800.0,2023-11-09 11:00:00+05:30
139.2,139.2,138.95,138.95,1320.0,1699508100.0,2023-11-09 11:05:00+05:30
138.95,139.4,138.95,139.4,3412.0,1699508400.0,2023-11-09 11:10:00+05:30
139.4,139.4,139.0,139.0,2308.0,1699508700.0,2023-11-09 11:15:00+05:30
139.0,139.2,139.0,139.0,848.0,1699509000.0,2023-11-09 11:20:00+05:30
139.2,139.2,137.8,137.85,18040.0,1699509300.0,2023-11-09 11:25:00+05:30
137.95,138.2,137.75,138.05,14668.0,1699509600.0,2023-11-09 11:30:00+05:30
138.05,138.35,137.95,138.15,2100.0,1699509900.0,2023-11-09 11:35:00+05:30
138.35,138.35,138.1,138.25,2628.0,1699510200.0,2023-11-09 11:40:00+05:30
138.25,138.25,138.0,138.2,4044.0,1699510500.0,2023-11-09 11:45:00+05:30
138.2,138.2,137.9,137.9,2832.0,1699510800.0,2023-11-09 11:50:00+05:30
138.15,138.15,137.95,138.15,708.0,1699511100.0,2023-11-09 11:55:00+05:30
138.15,138.45,138.0,138.45,2180.0,1699511400.0,2023-11-09 12:00:00+05:30
138.45,138.45,138.25,138.25,2844.0,1699511700.0,2023-11-09 12:05:00+05:30
138.25,138.4,138.15,138.4,4508.0,1699512000.0,2023-11-09 12:10:00+05:30
138.45,138.45,137.9,137.9,4796.0,1699512300.0,2023-11-09 12:15:00+05:30
137.9,138.15,137.9,138.0,3568.0,1699512600.0,2023-11-09 12:20:00+05:30
138.0,138.25,137.9,137.95,3180.0,1699512900.0,2023-11-09 12:25:00+05:30
138.15,138.2,138.0,138.15,960.0,1699513200.0,2023-11-09 12:30:00+05:30
138.15,138.4,138.0,138.15,5592.0,1699513500.0,2023-11-09 12:35:00+05:30
138.15,138.4,138.05,138.25,2728.0,1699513800.0,2023-11-09 12:40:00+05:30
138.3,138.3,137.75,137.95,7024.0,1699514100.0,2023-11-09 12:45:00+05:30
137.95,138.0,136.6,136.7,34252.0,1699514400.0,2023-11-09 12:50:00+05:30
136.7,136.95,115.6,115.75,539720.0,1699514700.0,2023-11-09 12:55:00+05:30
115.9,126.25,115.9,125.9,1218236.0,1699515000.0,2023-11-09 13:00:00+05:30
125.9,131.0,125.6,127.8,1235176.0,1699515300.0,2023-11-09 13:05:00+05:30
127.95,128.8,126.4,128.4,280228.0,1699515600.0,2023-11-09 13:10:00+05:30
128.4,128.65,127.65,128.0,338908.0,1699515900.0,2023-11-09 13:15:00+05:30
128.0,128.0,122.5,122.5,599380.0,1699516200.0,2023-11-09 13:20:00+05:30
122.55,125.0,121.75,123.8,279488.0,1699516500.0,2023-11-09 13:25:00+05:30
123.7,124.55,121.85,122.0,196256.0,1699516800.0,2023-11-09 13:30:00+05:30
122.1,122.7,120.7,121.5,295180.0,1699517100.0,2023-11-09 13:35:00+05:30
121.5,124.15,120.65,123.25,201092.0,1699517400.0,2023-11-09 13:40:00+05:30
123.45,124.45,122.25,124.25,81852.0,1699517700.0,2023-11-09 13:45:00+05:30
124.35,124.5,121.5,122.0,168924.0,1699518000.0,2023-11-09 13:50:00+05:30
122.0,122.25,121.45,122.1,57664.0,1699518300.0,2023-11-09 13:55:00+05:30
122.1,122.2,121.4,121.5,54428.0,1699518600.0,2023-11-09 14:00:00+05:30
121.5,122.9,121.5,122.5,41656.0,1699518900.0,2023-11-09 14:05:00+05:30
122.7,124.25,122.3,124.25,96972.0,1699519200.0,2023-11-09 14:10:00+05:30
124.25,124.75,124.2,124.7,192880.0,1699519500.0,2023-11-09 14:15:00+05:30
124.7,124.9,124.4,124.7,85420.0,1699519800.0,2023-11-09 14:20:00+05:30
124.75,124.75,124.45,124.75,60148.0,1699520100.0,2023-11-09 14:25:00+05:30
124.75,124.85,124.6,124.85,169548.0,1699520400.0,2023-11-09 14:30:00+05:30
124.85,125.6,124.65,125.2,254884.0,1699520700.0,2023-11-09 14:35:00+05:30
125.2,125.25,122.8,122.8,74288.0,1699521000.0,2023-11-09 14:40:00+05:30
122.8,124.0,122.75,123.0,44828.0,1699521300.0,2023-11-09 14:45:00+05:30
123.1,123.5,122.9,123.25,19332.0,1699521600.0,2023-11-09 14:50:00+05:30
123.25,123.45,122.75,123.1,29424.0,1699521900.0,2023-11-09 14:55:00+05:30
123.1,123.2,122.0,122.55,70712.0,1699522200.0,2023-11-09 15:00:00+05:30
122.75,122.75,121.6,121.9,76556.0,1699522500.0,2023-11-09 15:05:00+05:30
121.8,122.2,120.25,121.0,233200.0,1699522800.0,2023-11-09 15:10:00+05:30
121.0,121.1,120.0,121.1,513192.0,1699523100.0,2023-11-09 15:15:00+05:30
121.05,122.1,121.05,121.1,220028.0,1699523400.0,2023-11-09 15:20:00+05:30
121.2,121.25,120.5,121.0,522344.0,1699523700.0,2023-11-09 15:25:00+05:30
122.2,122.9,120.6,121.3,116532.0,1699587900.0,2023-11-10 09:15:00+05:30
121.2,121.85,120.05,121.85,843644.0,1699588200.0,2023-11-10 09:20:00+05:30
121.8,121.8,121.5,121.55,29364.0,1699588500.0,2023-11-10 09:25:00+05:30
121.55,121.6,118.0,118.6,746048.0,1699588800.0,2023-11-10 09:30:00+05:30
118.5,118.75,117.6,117.8,111304.0,1699589100.0,2023-11-10 09:35:00+05:30
117.65,118.1,116.6,117.3,327700.0,1699589400.0,2023-11-10 09:40:00+05:30
117.25,117.85,116.65,117.6,145784.0,1699589700.0,2023-11-10 09:45:00+05:30
117.8,118.5,117.7,118.35,41092.0,1699590000.0,2023-11-10 09:50:00+05:30
118.5,118.5,117.7,117.75,22572.0,1699590300.0,2023-11-10 09:55:00+05:30
117.7,118.15,117.4,118.1,34360.0,1699590600.0,2023-11-10 10:00:00+05:30
118.1,118.35,117.45,117.5,53072.0,1699590900.0,2023-11-10 10:05:00+05:30
117.6,117.8,117.5,117.7,27992.0,1699591200.0,2023-11-10 10:10:00+05:30
117.7,118.45,117.3,117.45,56768.0,1699591500.0,2023-11-10 10:15:00+05:30
117.6,117.7,117.3,117.45,32736.0,1699591800.0,2023-11-10 10:20:00+05:30
117.5,117.75,117.15,117.25,36352.0,1699592100.0,2023-11-10 10:25:00+05:30
117.25,117.45,117.0,117.45,70160.0,1699592400.0,2023-11-10 10:30:00+05:30
117.45,117.5,116.7,117.4,86108.0,1699592700.0,2023-11-10 10:35:00+05:30
117.4,117.4,117.0,117.2,12616.0,1699593000.0,2023-11-10 10:40:00+05:30
117.2,117.25,116.95,117.1,16764.0,1699593300.0,2023-11-10 10:45:00+05:30
117.1,117.25,117.0,117.25,7432.0,1699593600.0,2023-11-10 10:50:00+05:30
117.25,117.25,117.1,117.25,12760.0,1699593900.0,2023-11-10 10:55:00+05:30
117.25,117.45,117.1,117.2,13236.0,1699594200.0,2023-11-10 11:00:00+05:30
117.0,117.2,116.75,117.0,14072.0,1699594500.0,2023-11-10 11:05:00+05:30
117.0,117.2,116.95,117.15,15448.0,1699594800.0,2023-11-10 11:10:00+05:30
117.15,117.25,117.15,117.25,10880.0,1699595100.0,2023-11-10 11:15:00+05:30
117.25,117.3,117.2,117.2,4756.0,1699595400.0,2023-11-10 11:20:00+05:30
117.2,117.25,117.0,117.2,12800.0,1699595700.0,2023-11-10 11:25:00+05:30
117.15,117.2,116.9,117.2,16596.0,1699596000.0,2023-11-10 11:30:00+05:30
117.15,117.45,117.1,117.25,25264.0,1699596300.0,2023-11-10 11:35:00+05:30
117.25,118.0,117.25,117.95,36416.0,1699596600.0,2023-11-10 11:40:00+05:30
117.95,118.0,117.25,117.45,31360.0,1699596900.0,2023-11-10 11:45:00+05:30
117.45,117.75,117.45,117.7,9528.0,1699597200.0,2023-11-10 11:50:00+05:30
117.7,117.7,117.5,117.55,9052.0,1699597500.0,2023-11-10 11:55:00+05:30
117.55,117.65,117.25,117.5,16032.0,1699597800.0,2023-11-10 12:00:00+05:30
117.5,117.55,117.3,117.35,5980.0,1699598100.0,2023-11-10 12:05:00+05:30
117.4,117.5,117.15,117.25,19964.0,1699598400.0,2023-11-10 12:10:00+05:30
117.25,117.45,117.25,117.45,8444.0,1699598700.0,2023-11-10 12:15:00+05:30
117.45,117.5,117.3,117.5,28392.0,1699599000.0,2023-11-10 12:20:00+05:30
117.5,117.9,117.35,117.9,68696.0,1699599300.0,2023-11-10 12:25:00+05:30
117.7,118.1,117.7,118.1,46664.0,1699599600.0,2023-11-10 12:30:00+05:30
118.1,118.25,118.05,118.1,6192.0,1699599900.0,2023-11-10 12:35:00+05:30
118.2,118.3,118.05,118.25,7964.0,1699600200.0,2023-11-10 12:40:00+05:30
118.25,118.35,118.25,118.25,9332.0,1699600500.0,2023-11-10 12:45:00+05:30
118.25,118.6,118.25,118.55,62008.0,1699600800.0,2023-11-10 12:50:00+05:30
118.65,118.7,118.25,118.25,11132.0,1699601100.0,2023-11-10 12:55:00+05:30
118.25,118.4,118.0,118.1,9936.0,1699601400.0,2023-11-10 13:00:00+05:30
118.1,118.2,118.0,118.1,2504.0,1699601700.0,2023-11-10 13:05:00+05:30
118.2,118.7,118.2,118.6,43608.0,1699602000.0,2023-11-10 13:10:00+05:30
118.6,118.7,118.4,118.6,9708.0,1699602300.0,2023-11-10 13:15:00+05:30
118.6,118.6,118.45,118.6,3856.0,1699602600.0,2023-11-10 13:20:00+05:30
118.6,118.75,118.5,118.7,14480.0,1699602900.0,2023-11-10 13:25:00+05:30
118.7,118.9,118.65,118.8,15324.0,1699603200.0,2023-11-10 13:30:00+05:30
118.8,118.85,118.65,118.7,11408.0,1699603500.0,2023-11-10 13:35:00+05:30
118.75,118.85,118.55,118.55,10668.0,1699603800.0,2023-11-10 13:40:00+05:30
118.65,118.85,118.6,118.7,5720.0,1699604100.0,2023-11-10 13:45:00+05:30
118.7,118.7,118.3,118.4,13824.0,1699604400.0,2023-11-10 13:50:00+05:30
118.35,118.7,118.35,118.5,38424.0,1699604700.0,2023-11-10 13:55:00+05:30
118.5,119.0,118.5,118.9,26120.0,1699605000.0,2023-11-10 14:00:00+05:30
118.9,118.9,118.75,118.75,9764.0,1699605300.0,2023-11-10 14:05:00+05:30
118.75,118.9,118.65,118.9,23704.0,1699605600.0,2023-11-10 14:10:00+05:30
118.8,119.0,118.75,118.75,24796.0,1699605900.0,2023-11-10 14:15:00+05:30
118.75,119.0,118.6,118.95,21544.0,1699606200.0,2023-11-10 14:20:00+05:30
118.95,118.95,118.6,118.75,7008.0,1699606500.0,2023-11-10 14:25:00+05:30
118.75,118.75,118.6,118.7,4144.0,1699606800.0,2023-11-10 14:30:00+05:30
118.7,118.75,118.55,118.7,5564.0,1699607100.0,2023-11-10 14:35:00+05:30
118.75,118.75,118.5,118.6,6476.0,1699607400.0,2023-11-10 14:40:00+05:30
118.6,118.65,117.85,118.1,90492.0,1699607700.0,2023-11-10 14:45:00+05:30
118.1,118.5,117.85,118.4,9564.0,1699608000.0,2023-11-10 14:50:00+05:30
118.4,118.9,118.3,118.7,46436.0,1699608300.0,2023-11-10 14:55:00+05:30
118.7,119.35,118.5,119.25,33848.0,1699608600.0,2023-11-10 15:00:00+05:30
119.25,119.25,118.7,118.75,11720.0,1699608900.0,2023-11-10 15:05:00+05:30
118.75,119.0,118.75,119.0,35388.0,1699609200.0,2023-11-10 15:10:00+05:30
119.0,119.0,118.75,118.8,28648.0,1699609500.0,2023-11-10 15:15:00+05:30
118.8,119.15,118.75,118.8,30756.0,1699609800.0,2023-11-10 15:20:00+05:30
118.8,119.25,118.75,118.8,25076.0,1699610100.0,2023-11-10 15:25:00+05:30
120.5,121.1,119.1,119.5,47660.0,1699793100.0,2023-11-12 18:15:00+05:30
119.5,119.6,119.25,119.5,12660.0,1699793400.0,2023-11-12 18:20:00+05:30
119.5,119.8,118.95,118.95,24992.0,1699793700.0,2023-11-12 18:25:00+05:30
119.2,119.25,118.3,118.7,19212.0,1699794000.0,2023-11-12 18:30:00+05:30
118.7,118.7,117.3,117.95,36144.0,1699794300.0,2023-11-12 18:35:00+05:30
118.05,118.05,117.5,117.55,44788.0,1699794600.0,2023-11-12 18:40:00+05:30
117.5,117.75,117.5,117.65,31524.0,1699794900.0,2023-11-12 18:45:00+05:30
117.75,117.75,117.5,117.7,10836.0,1699795200.0,2023-11-12 18:50:00+05:30
117.7,117.7,117.2,117.2,18920.0,1699795500.0,2023-11-12 18:55:00+05:30
117.2,117.2,116.8,117.2,41656.0,1699795800.0,2023-11-12 19:00:00+05:30
117.2,117.45,117.05,117.3,13932.0,1699796100.0,2023-11-12 19:05:00+05:30
117.3,117.5,117.15,117.45,14660.0,1699796400.0,2023-11-12 19:10:00+05:30
118.1,119.5,117.4,119.5,32272.0,1699847100.0,2023-11-13 09:15:00+05:30
119.65,119.65,118.75,119.15,34560.0,1699847400.0,2023-11-13 09:20:00+05:30
119.15,119.65,118.95,119.25,33900.0,1699847700.0,2023-11-13 09:25:00+05:30
119.05,120.4,119.05,120.4,21852.0,1699848000.0,2023-11-13 09:30:00+05:30
120.2,120.85,120.0,120.7,27744.0,1699848300.0,2023-11-13 09:35:00+05:30
120.7,120.8,119.8,119.8,29304.0,1699848600.0,2023-11-13 09:40:00+05:30
119.8,119.9,119.45,119.5,7596.0,1699848900.0,2023-11-13 09:45:00+05:30
119.5,119.95,119.45,119.8,6796.0,1699849200.0,2023-11-13 09:50:00+05:30
119.8,120.2,119.0,119.0,58284.0,1699849500.0,2023-11-13 09:55:00+05:30
119.0,119.4,118.95,119.2,8192.0,1699849800.0,2023-11-13 10:00:00+05:30
119.2,119.2,118.1,118.6,11112.0,1699850100.0,2023-11-13 10:05:00+05:30
118.6,118.7,118.15,118.7,12920.0,1699850400.0,2023-11-13 10:10:00+05:30
118.7,118.75,116.9,117.2,60640.0,1699850700.0,2023-11-13 10:15:00+05:30
116.9,116.9,115.85,116.3,89836.0,1699851000.0,2023-11-13 10:20:00+05:30
116.3,116.85,116.1,116.1,20380.0,1699851300.0,2023-11-13 10:25:00+05:30
116.1,116.55,116.0,116.3,22744.0,1699851600.0,2023-11-13 10:30:00+05:30
116.3,116.35,115.95,116.2,24936.0,1699851900.0,2023-11-13 10:35:00+05:30
116.2,116.2,115.75,115.85,18372.0,1699852200.0,2023-11-13 10:40:00+05:30
115.75,115.8,115.25,115.25,54048.0,1699852500.0,2023-11-13 10:45:00+05:30
115.1,115.25,114.65,115.0,33744.0,1699852800.0,2023-11-13 10:50:00+05:30
115.0,115.1,114.0,114.1,52020.0,1699853100.0,2023-11-13 10:55:00+05:30
114.1,114.25,112.4,112.8,226060.0,1699853400.0,2023-11-13 11:00:00+05:30
112.5,113.15,112.5,113.05,46040.0,1699853700.0,2023-11-13 11:05:00+05:30
113.05,113.1,112.4,112.7,30756.0,1699854000.0,2023-11-13 11:10:00+05:30
112.8,112.8,112.0,112.45,72760.0,1699854300.0,2023-11-13 11:15:00+05:30
112.45,112.6,112.0,112.2,38460.0,1699854600.0,2023-11-13 11:20:00+05:30
112.2,112.4,111.9,111.9,37320.0,1699854900.0,2023-11-13 11:25:00+05:30
112.0,112.25,112.0,112.0,24524.0,1699855200.0,2023-11-13 11:30:00+05:30
112.0,112.0,111.25,111.75,60404.0,1699855500.0,2023-11-13 11:35:00+05:30
111.75,112.5,111.75,112.25,47676.0,1699855800.0,2023-11-13 11:40:00+05:30
112.25,113.0,112.05,112.75,48320.0,1699856100.0,2023-11-13 11:45:00+05:30
112.75,112.75,111.85,112.1,76756.0,1699856400.0,2023-11-13 11:50:00+05:30
112.1,112.25,111.9,112.2,15068.0,1699856700.0,2023-11-13 11:55:00+05:30
112.2,112.3,112.05,112.3,33324.0,1699857000.0,2023-11-13 12:00:00+05:30
112.3,112.45,112.25,112.3,12528.0,1699857300.0,2023-11-13 12:05:00+05:30
112.45,112.45,112.05,112.2,12556.0,1699857600.0,2023-11-13 12:10:00+05:30
112.2,112.65,112.2,112.65,9504.0,1699857900.0,2023-11-13 12:15:00+05:30
112.65,112.7,112.45,112.5,32072.0,1699858200.0,2023-11-13 12:20:00+05:30
112.5,112.75,112.4,112.6,9956.0,1699858500.0,2023-11-13 12:25:00+05:30
112.6,112.7,112.5,112.6,11044.0,1699858800.0,2023-11-13 12:30:00+05:30
112.6,113.45,112.6,113.0,30184.0,1699859100.0,2023-11-13 12:35:00+05:30
113.0,113.4,113.0,113.4,5860.0,1699859400.0,2023-11-13 12:40:00+05:30
113.4,113.6,113.1,113.4,33052.0,1699859700.0,2023-11-13 12:45:00+05:30
113.5,113.5,112.9,113.05,83500.0,1699860000.0,2023-11-13 12:50:00+05:30
113.05,113.05,112.75,113.0,9704.0,1699860300.0,2023-11-13 12:55:00+05:30
113.0,113.25,112.8,113.0,19124.0,1699860600.0,2023-11-13 13:00:00+05:30
113.0,113.2,112.85,113.15,6412.0,1699860900.0,2023-11-13 13:05:00+05:30
113.15,113.15,112.85,113.1,6256.0,1699861200.0,2023-11-13 13:10:00+05:30
113.1,113.1,112.85,113.1,2200.0,1699861500.0,2023-11-13 13:15:00+05:30
113.1,113.2,112.95,113.0,2164.0,1699861800.0,2023-11-13 13:20:00+05:30
113.0,113.25,112.75,112.75,8340.0,1699862100.0,2023-11-13 13:25:00+05:30
112.75,112.9,112.5,112.6,40444.0,1699862400.0,2023-11-13 13:30:00+05:30
112.7,112.7,112.3,112.6,16572.0,1699862700.0,2023-11-13 13:35:00+05:30
112.6,112.6,112.4,112.45,2300.0,1699863000.0,2023-11-13 13:40:00+05:30
112.45,112.9,112.45,112.6,14076.0,1699863300.0,2023-11-13 13:45:00+05:30
112.6,112.65,112.25,112.65,18576.0,1699863600.0,2023-11-13 13:50:00+05:30
112.55,112.7,112.45,112.7,4340.0,1699863900.0,2023-11-13 13:55:00+05:30
112.6,112.75,112.5,112.6,8696.0,1699864200.0,2023-11-13 14:00:00+05:30
112.6,112.8,112.4,112.65,16184.0,1699864500.0,2023-11-13 14:05:00+05:30
112.65,112.65,112.15,112.35,19508.0,1699864800.0,2023-11-13 14:10:00+05:30
112.35,112.6,111.85,111.85,34688.0,1699865100.0,2023-11-13 14:15:00+05:30
111.85,112.2,111.85,111.95,15284.0,1699865400.0,2023-11-13 14:20:00+05:30
111.95,112.1,111.6,111.95,35532.0,1699865700.0,2023-11-13 14:25:00+05:30
111.95,112.2,111.7,111.8,10776.0,1699866000.0,2023-11-13 14:30:00+05:30
111.8,111.85,111.5,111.7,27416.0,1699866300.0,2023-11-13 14:35:00+05:30
111.7,111.9,111.6,111.8,19104.0,1699866600.0,2023-11-13 14:40:00+05:30
111.8,112.05,111.8,112.05,11552.0,1699866900.0,2023-11-13 14:45:00+05:30
112.05,112.2,111.85,112.1,11556.0,1699867200.0,2023-11-13 14:50:00+05:30
112.0,112.25,111.75,112.1,27828.0,1699867500.0,2023-11-13 14:55:00+05:30
112.0,112.1,111.8,112.05,14628.0,1699867800.0,2023-11-13 15:00:00+05:30
112.05,112.25,111.75,111.95,10248.0,1699868100.0,2023-11-13 15:05:00+05:30
112.1,112.45,112.0,112.1,21532.0,1699868400.0,2023-11-13 15:10:00+05:30
112.05,112.35,111.9,112.2,60124.0,1699868700.0,2023-11-13 15:15:00+05:30
112.25,112.45,112.1,112.45,43796.0,1699869000.0,2023-11-13 15:20:00+05:30
112.45,112.5,112.0,112.4,49260.0,1699869300.0,2023-11-13 15:25:00+05:30
113.75,115.55,113.7,115.4,63084.0,1700019900.0,2023-11-15 09:15:00+05:30
115.55,116.7,115.5,116.2,69188.0,1700020200.0,2023-11-15 09:20:00+05:30
116.1,117.2,116.1,116.35,119372.0,1700020500.0,2023-11-15 09:25:00+05:30
116.5,116.5,114.45,114.9,161312.0,1700020800.0,2023-11-15 09:30:00+05:30
114.9,114.95,113.9,114.5,44084.0,1700021100.0,2023-11-15 09:35:00+05:30
114.5,115.1,114.5,115.1,15748.0,1700021400.0,2023-11-15 09:40:00+05:30
115.15,115.15,114.5,114.8,27256.0,1700021700.0,2023-11-15 09:45:00+05:30
114.8,115.25,114.8,115.1,18680.0,1700022000.0,2023-11-15 09:50:00+05:30
114.95,115.05,114.4,114.5,12052.0,1700022300.0,2023-11-15 09:55:00+05:30
114.5,115.0,114.4,115.0,10128.0,1700022600.0,2023-11-15 10:00:00+05:30
115.0,116.0,114.8,116.0,42056.0,1700022900.0,2023-11-15 10:05:00+05:30
116.0,116.35,115.95,116.2,32732.0,1700023200.0,2023-11-15 10:10:00+05:30
116.1,116.9,116.1,116.9,52648.0,1700023500.0,2023-11-15 10:15:00+05:30
116.85,116.85,116.4,116.6,16912.0,1700023800.0,2023-11-15 10:20:00+05:30
116.6,116.75,116.5,116.7,11352.0,1700024100.0,2023-11-15 10:25:00+05:30
116.7,116.7,116.4,116.4,10364.0,1700024400.0,2023-11-15 10:30:00+05:30
116.4,116.65,115.85,115.95,65772.0,1700024700.0,2023-11-15 10:35:00+05:30
115.95,116.25,115.9,116.25,29104.0,1700025000.0,2023-11-15 10:40:00+05:30
116.25,116.6,116.2,116.4,12564.0,1700025300.0,2023-11-15 10:45:00+05:30
116.4,116.45,116.0,116.15,10912.0,1700025600.0,2023-11-15 10:50:00+05:30
116.15,116.2,115.55,116.2,73276.0,1700025900.0,2023-11-15 10:55:00+05:30
116.2,116.45,116.0,116.45,11604.0,1700026200.0,2023-11-15 11:00:00+05:30
116.45,116.5,116.15,116.3,8492.0,1700026500.0,2023-11-15 11:05:00+05:30
116.3,116.35,116.0,116.25,10984.0,1700026800.0,2023-11-15 11:10:00+05:30
116.1,116.5,116.1,116.5,7528.0,1700027100.0,2023-11-15 11:15:00+05:30
116.4,116.5,116.0,116.3,41732.0,1700027400.0,2023-11-15 11:20:00+05:30
116.2,116.3,115.8,115.8,59108.0,1700027700.0,2023-11-15 11:25:00+05:30
115.8,116.15,115.8,116.1,10508.0,1700028000.0,2023-11-15 11:30:00+05:30
116.1,116.35,116.0,116.1,5996.0,1700028300.0,2023-11-15 11:35:00+05:30
116.1,116.25,116.05,116.25,6388.0,1700028600.0,2023-11-15 11:40:00+05:30
116.25,116.4,116.1,116.2,10520.0,1700028900.0,2023-11-15 11:45:00+05:30
116.25,116.3,116.05,116.1,9164.0,1700029200.0,2023-11-15 11:50:00+05:30
116.1,116.4,116.05,116.4,7096.0,1700029500.0,2023-11-15 11:55:00+05:30
116.3,116.6,116.3,116.4,7468.0,1700029800.0,2023-11-15 12:00:00+05:30
116.55,116.6,116.3,116.5,8216.0,1700030100.0,2023-11-15 12:05:00+05:30
116.4,116.55,116.2,116.45,28028.0,1700030400.0,2023-11-15 12:10:00+05:30
116.45,116.45,116.05,116.1,12108.0,1700030700.0,2023-11-15 12:15:00+05:30
116.2,116.5,116.1,116.25,7112.0,1700031000.0,2023-11-15 12:20:00+05:30
116.25,116.3,116.05,116.2,5560.0,1700031300.0,2023-11-15 12:25:00+05:30
116.2,116.7,116.1,116.2,12796.0,1700031600.0,2023-11-15 12:30:00+05:30
116.1,116.35,116.05,116.35,9804.0,1700031900.0,2023-11-15 12:35:00+05:30
116.2,116.4,116.1,116.2,17116.0,1700032200.0,2023-11-15 12:40:00+05:30
116.25,116.25,116.05,116.05,11772.0,1700032500.0,2023-11-15 12:45:00+05:30
116.05,116.15,116.05,116.1,19740.0,1700032800.0,2023-11-15 12:50:00+05:30
116.05,116.15,116.05,116.05,6328.0,1700033100.0,2023-11-15 12:55:00+05:30
116.1,116.1,115.6,115.7,24860.0,1700033400.0,2023-11-15 13:00:00+05:30
115.7,115.8,115.3,115.4,9444.0,1700033700.0,2023-11-15 13:05:00+05:30
115.25,115.4,115.05,115.1,6148.0,1700034000.0,2023-11-15 13:10:00+05:30
115.1,115.25,115.0,115.0,6004.0,1700034300.0,2023-11-15 13:15:00+05:30
115.0,115.2,114.95,115.0,17244.0,1700034600.0,2023-11-15 13:20:00+05:30
115.05,115.05,114.8,114.8,10252.0,1700034900.0,2023-11-15 13:25:00+05:30
114.95,115.2,114.8,115.0,10232.0,1700035200.0,2023-11-15 13:30:00+05:30
114.85,114.95,114.8,114.9,8608.0,1700035500.0,2023-11-15 13:35:00+05:30
114.8,115.1,114.8,114.9,6696.0,1700035800.0,2023-11-15 13:40:00+05:30
114.85,114.95,114.8,114.8,4524.0,1700036100.0,2023-11-15 13:45:00+05:30
114.9,115.1,114.8,114.95,11480.0,1700036400.0,2023-11-15 13:50:00+05:30
114.95,115.15,114.8,115.0,8292.0,1700036700.0,2023-11-15 13:55:00+05:30
114.9,115.1,114.9,114.95,4644.0,1700037000.0,2023-11-15 14:00:00+05:30
115.05,115.5,115.0,115.5,9968.0,1700037300.0,2023-11-15 14:05:00+05:30
115.5,115.6,115.2,115.25,7692.0,1700037600.0,2023-11-15 14:10:00+05:30
115.2,115.3,115.05,115.05,4764.0,1700037900.0,2023-11-15 14:15:00+05:30
115.05,115.15,114.9,115.0,6316.0,1700038200.0,2023-11-15 14:20:00+05:30
115.0,115.0,114.8,114.8,8576.0,1700038500.0,2023-11-15 14:25:00+05:30
114.8,115.1,114.8,114.8,5496.0,1700038800.0,2023-11-15 14:30:00+05:30
114.8,115.0,114.8,114.8,6456.0,1700039100.0,2023-11-15 14:35:00+05:30
114.9,115.0,114.8,114.9,14080.0,1700039400.0,2023-11-15 14:40:00+05:30
114.8,114.9,114.6,114.75,17132.0,1700039700.0,2023-11-15 14:45:00+05:30
114.75,114.75,114.5,114.5,9416.0,1700040000.0,2023-11-15 14:50:00+05:30
114.6,114.6,114.3,114.45,13972.0,1700040300.0,2023-11-15 14:55:00+05:30
114.45,114.7,114.4,114.5,8140.0,1700040600.0,2023-11-15 15:00:00+05:30
114.6,114.6,114.45,114.45,7152.0,1700040900.0,2023-11-15 15:05:00+05:30
114.4,114.45,113.85,114.3,25888.0,1700041200.0,2023-11-15 15:10:00+05:30
114.3,114.4,114.2,114.2,18608.0,1700041500.0,2023-11-15 15:15:00+05:30
114.2,114.8,114.2,114.25,36860.0,1700041800.0,2023-11-15 15:20:00+05:30
114.3,114.4,113.7,114.25,121796.0,1700042100.0,2023-11-15 15:25:00+05:30
114.4,115.85,114.2,115.2,41076.0,1700106300.0,2023-11-16 09:15:00+05:30
115.1,115.55,114.7,115.4,26944.0,1700106600.0,2023-11-16 09:20:00+05:30
115.35,115.9,115.0,115.8,17408.0,1700106900.0,2023-11-16 09:25:00+05:30
115.8,115.85,115.6,115.75,7768.0,1700107200.0,2023-11-16 09:30:00+05:30
115.8,116.9,115.8,116.6,47032.0,1700107500.0,2023-11-16 09:35:00+05:30
116.6,116.7,116.25,116.7,7960.0,1700107800.0,2023-11-16 09:40:00+05:30
116.55,116.9,116.25,116.6,16520.0,1700108100.0,2023-11-16 09:45:00+05:30
116.4,116.6,116.35,116.6,4520.0,1700108400.0,2023-11-16 09:50:00+05:30
116.6,116.9,116.5,116.9,25284.0,1700108700.0,2023-11-16 09:55:00+05:30
116.75,116.9,116.5,116.6,6672.0,1700109000.0,2023-11-16 10:00:00+05:30
116.6,116.85,116.4,116.7,7156.0,1700109300.0,2023-11-16 10:05:00+05:30
116.65,116.8,116.6,116.8,8620.0,1700109600.0,2023-11-16 10:10:00+05:30
116.8,117.25,116.8,117.2,38868.0,1700109900.0,2023-11-16 10:15:00+05:30
117.2,117.2,117.0,117.0,3920.0,1700110200.0,2023-11-16 10:20:00+05:30
117.0,117.1,116.75,117.1,18632.0,1700110500.0,2023-11-16 10:25:00+05:30
117.1,117.15,116.95,116.95,5492.0,1700110800.0,2023-11-16 10:30:00+05:30
117.0,117.1,116.9,116.95,6460.0,1700111100.0,2023-11-16 10:35:00+05:30
116.9,117.2,116.9,117.1,6460.0,1700111400.0,2023-11-16 10:40:00+05:30
117.0,117.1,116.95,117.0,3912.0,1700111700.0,2023-11-16 10:45:00+05:30
117.1,117.1,116.9,117.05,5060.0,1700112000.0,2023-11-16 10:50:00+05:30
117.05,117.1,116.95,116.95,2024.0,1700112300.0,2023-11-16 10:55:00+05:30
116.85,117.1,116.85,117.1,4024.0,1700112600.0,2023-11-16 11:00:00+05:30
117.1,117.1,116.9,117.05,4272.0,1700112900.0,2023-11-16 11:05:00+05:30
117.05,117.1,116.8,117.0,4780.0,1700113200.0,2023-11-16 11:10:00+05:30
117.0,117.1,116.85,117.0,1860.0,1700113500.0,2023-11-16 11:15:00+05:30
116.95,117.05,116.9,117.05,2224.0,1700113800.0,2023-11-16 11:20:00+05:30
116.9,117.05,116.85,117.05,4276.0,1700114100.0,2023-11-16 11:25:00+05:30
117.05,117.05,116.9,117.05,2156.0,1700114400.0,2023-11-16 11:30:00+05:30
117.05,117.05,116.8,116.9,4156.0,1700114700.0,2023-11-16 11:35:00+05:30
116.9,117.1,116.9,116.95,7760.0,1700115000.0,2023-11-16 11:40:00+05:30
116.95,117.05,116.85,116.95,2048.0,1700115300.0,2023-11-16 11:45:00+05:30
116.95,117.0,116.85,116.9,980.0,1700115600.0,2023-11-16 11:50:00+05:30
116.9,117.0,116.85,116.95,968.0,1700115900.0,2023-11-16 11:55:00+05:30
116.95,116.95,116.25,116.65,25384.0,1700116200.0,2023-11-16 12:00:00+05:30
116.65,116.65,116.4,116.4,2592.0,1700116500.0,2023-11-16 12:05:00+05:30
116.35,116.45,116.3,116.45,2640.0,1700116800.0,2023-11-16 12:10:00+05:30
116.45,116.5,116.35,116.4,2132.0,1700117100.0,2023-11-16 12:15:00+05:30
116.4,116.45,116.3,116.45,1844.0,1700117400.0,2023-11-16 12:20:00+05:30
116.45,116.45,116.3,116.45,1520.0,1700117700.0,2023-11-16 12:25:00+05:30
116.45,116.45,116.25,116.3,4748.0,1700118000.0,2023-11-16 12:30:00+05:30
116.3,116.4,116.0,116.0,4672.0,1700118300.0,2023-11-16 12:35:00+05:30
116.0,116.2,115.95,116.1,1900.0,1700118600.0,2023-11-16 12:40:00+05:30
116.1,116.2,115.9,116.2,6448.0,1700118900.0,2023-11-16 12:45:00+05:30
116.2,116.2,116.05,116.1,1532.0,1700119200.0,2023-11-16 12:50:00+05:30
116.1,116.2,116.0,116.1,3196.0,1700119500.0,2023-11-16 12:55:00+05:30
116.1,116.2,116.1,116.2,1848.0,1700119800.0,2023-11-16 13:00:00+05:30
116.2,116.6,116.1,116.4,5760.0,1700120100.0,2023-11-16 13:05:00+05:30
116.4,116.75,116.3,116.45,6192.0,1700120400.0,2023-11-16 13:10:00+05:30
116.45,116.5,116.3,116.4,3896.0,1700120700.0,2023-11-16 13:15:00+05:30
116.4,116.7,116.4,116.4,2160.0,1700121000.0,2023-11-16 13:20:00+05:30
116.4,116.6,116.4,116.6,4372.0,1700121300.0,2023-11-16 13:25:00+05:30
116.6,116.85,116.5,116.85,2756.0,1700121600.0,2023-11-16 13:30:00+05:30
116.85,116.95,116.75,116.9,3704.0,1700121900.0,2023-11-16 13:35:00+05:30
116.95,117.1,116.9,117.1,5904.0,1700122200.0,2023-11-16 13:40:00+05:30
117.0,117.1,116.85,116.9,3988.0,1700122500.0,2023-11-16 13:45:00+05:30
116.9,116.95,116.75,116.9,4260.0,1700122800.0,2023-11-16 13:50:00+05:30
116.9,117.05,116.9,116.95,3076.0,1700123100.0,2023-11-16 13:55:00+05:30
116.95,116.95,116.25,116.55,9544.0,1700123400.0,2023-11-16 14:00:00+05:30
116.55,116.6,116.4,116.55,3476.0,1700123700.0,2023-11-16 14:05:00+05:30
116.55,116.6,116.25,116.4,3912.0,1700124000.0,2023-11-16 14:10:00+05:30
116.4,116.45,116.0,116.2,8144.0,1700124300.0,2023-11-16 14:15:00+05:30
116.2,116.3,116.15,116.2,1528.0,1700124600.0,2023-11-16 14:20:00+05:30
116.2,116.45,116.05,116.45,10512.0,1700124900.0,2023-11-16 14:25:00+05:30
116.45,116.45,116.3,116.35,2260.0,1700125200.0,2023-11-16 14:30:00+05:30
116.35,116.8,116.35,116.7,3012.0,1700125500.0,2023-11-16 14:35:00+05:30
116.7,116.95,116.7,116.8,2600.0,1700125800.0,2023-11-16 14:40:00+05:30
116.65,116.9,116.65,116.75,3180.0,1700126100.0,2023-11-16 14:45:00+05:30
116.75,116.75,116.4,116.4,10540.0,1700126400.0,2023-11-16 14:50:00+05:30
116.4,116.95,116.4,116.7,20116.0,1700126700.0,2023-11-16 14:55:00+05:30
116.7,116.75,116.3,116.3,8872.0,1700127000.0,2023-11-16 15:00:00+05:30
116.3,116.7,116.3,116.5,6996.0,1700127300.0,2023-11-16 15:05:00+05:30
116.6,116.95,116.3,116.95,11764.0,1700127600.0,2023-11-16 15:10:00+05:30
116.95,116.95,116.4,116.55,14688.0,1700127900.0,2023-11-16 15:15:00+05:30
116.55,116.95,116.4,116.9,23540.0,1700128200.0,2023-11-16 15:20:00+05:30
116.95,117.05,116.6,116.95,35988.0,1700128500.0,2023-11-16 15:25:00+05:30
117.4,117.4,116.65,117.0,11404.0,1700192700.0,2023-11-17 09:15:00+05:30
117.0,118.25,116.85,118.25,22316.0,1700193000.0,2023-11-17 09:20:00+05:30
118.25,118.5,117.5,117.85,12600.0,1700193300.0,2023-11-17 09:25:00+05:30
117.85,118.25,117.85,118.1,11844.0,1700193600.0,2023-11-17 09:30:00+05:30
118.1,118.4,117.8,118.2,11444.0,1700193900.0,2023-11-17 09:35:00+05:30
118.2,118.65,118.1,118.6,13888.0,1700194200.0,2023-11-17 09:40:00+05:30
118.45,118.75,118.35,118.5,8688.0,1700194500.0,2023-11-17 09:45:00+05:30
118.5,118.6,117.95,118.2,5740.0,1700194800.0,2023-11-17 09:50:00+05:30
118.05,118.35,118.0,118.35,5780.0,1700195100.0,2023-11-17 09:55:00+05:30
118.35,118.4,118.15,118.4,2372.0,1700195400.0,2023-11-17 10:00:00+05:30
118.4,118.4,118.05,118.2,5092.0,1700195700.0,2023-11-17 10:05:00+05:30
118.2,118.2,117.75,118.0,7824.0,1700196000.0,2023-11-17 10:10:00+05:30
117.85,117.85,117.55,117.8,9952.0,1700196300.0,2023-11-17 10:15:00+05:30
117.8,117.8,117.55,117.75,10472.0,1700196600.0,2023-11-17 10:20:00+05:30
117.75,117.95,117.75,117.8,1656.0,1700196900.0,2023-11-17 10:25:00+05:30
117.8,117.95,117.8,117.85,2992.0,1700197200.0,2023-11-17 10:30:00+05:30
117.85,118.2,117.85,118.05,8352.0,1700197500.0,2023-11-17 10:35:00+05:30
118.05,118.2,118.05,118.2,3384.0,1700197800.0,2023-11-17 10:40:00+05:30
118.05,118.25,118.05,118.15,2224.0,1700198100.0,2023-11-17 10:45:00+05:30
118.15,118.2,118.05,118.05,1852.0,1700198400.0,2023-11-17 10:50:00+05:30
118.05,118.2,118.0,118.15,6712.0,1700198700.0,2023-11-17 10:55:00+05:30
118.15,118.25,118.1,118.1,1664.0,1700199000.0,2023-11-17 11:00:00+05:30
118.1,118.2,118.1,118.1,5352.0,1700199300.0,2023-11-17 11:05:00+05:30
118.1,118.35,118.1,118.25,7640.0,1700199600.0,2023-11-17 11:10:00+05:30
118.25,118.35,118.1,118.25,2368.0,1700199900.0,2023-11-17 11:15:00+05:30
118.1,118.25,118.1,118.25,1420.0,1700200200.0,2023-11-17 11:20:00+05:30
118.25,118.3,118.15,118.15,4748.0,1700200500.0,2023-11-17 11:25:00+05:30
118.15,118.3,118.1,118.1,4448.0,1700200800.0,2023-11-17 11:30:00+05:30
118.1,118.2,117.9,118.0,7564.0,1700201100.0,2023-11-17 11:35:00+05:30
117.9,118.0,117.8,117.85,6452.0,1700201400.0,2023-11-17 11:40:00+05:30
117.9,117.95,117.7,117.8,1596.0,1700201700.0,2023-11-17 11:45:00+05:30
117.8,118.15,117.8,118.05,1956.0,1700202000.0,2023-11-17 11:50:00+05:30
118.05,118.1,117.9,118.0,788.0,1700202300.0,2023-11-17 11:55:00+05:30
118.1,118.25,118.0,118.1,3768.0,1700202600.0,2023-11-17 12:00:00+05:30
118.1,118.25,118.0,118.1,1912.0,1700202900.0,2023-11-17 12:05:00+05:30
118.1,118.2,118.05,118.1,2104.0,1700203200.0,2023-11-17 12:10:00+05:30
118.1,118.2,118.0,118.0,2524.0,1700203500.0,2023-11-17 12:15:00+05:30
118.0,118.2,118.0,118.05,2012.0,1700203800.0,2023-11-17 12:20:00+05:30
118.05,118.15,118.0,118.0,1468.0,1700204100.0,2023-11-17 12:25:00+05:30
118.1,118.1,117.95,117.95,2052.0,1700204400.0,2023-11-17 12:30:00+05:30
117.95,118.1,117.9,117.9,4348.0,1700204700.0,2023-11-17 12:35:00+05:30
118.0,118.1,117.95,118.05,2132.0,1700205000.0,2023-11-17 12:40:00+05:30
118.05,118.1,117.9,118.0,2684.0,1700205300.0,2023-11-17 12:45:00+05:30
118.0,118.1,118.0,118.0,1436.0,1700205600.0,2023-11-17 12:50:00+05:30
118.0,118.0,117.8,117.85,4996.0,1700205900.0,2023-11-17 12:55:00+05:30
118.1,118.1,117.9,117.9,2396.0,1700206200.0,2023-11-17 13:00:00+05:30
117.9,118.4,117.8,118.3,15584.0,1700206500.0,2023-11-17 13:05:00+05:30
118.3,118.6,118.3,118.4,14300.0,1700206800.0,2023-11-17 13:10:00+05:30
118.4,118.95,118.3,118.6,26720.0,1700207100.0,2023-11-17 13:15:00+05:30
118.6,118.75,118.6,118.7,1140.0,1700207400.0,2023-11-17 13:20:00+05:30
118.75,118.9,118.6,118.6,3472.0,1700207700.0,2023-11-17 13:25:00+05:30
118.6,118.7,118.3,118.45,53732.0,1700208000.0,2023-11-17 13:30:00+05:30
118.45,118.55,118.25,118.5,6508.0,1700208300.0,2023-11-17 13:35:00+05:30
118.5,118.6,118.35,118.35,5596.0,1700208600.0,2023-11-17 13:40:00+05:30
118.35,118.45,118.3,118.35,3804.0,1700208900.0,2023-11-17 13:45:00+05:30
118.45,119.0,118.45,118.55,10176.0,1700209200.0,2023-11-17 13:50:00+05:30
118.55,118.7,118.5,118.5,3152.0,1700209500.0,2023-11-17 13:55:00+05:30
118.5,118.6,118.35,118.5,3304.0,1700209800.0,2023-11-17 14:00:00+05:30
118.5,118.5,118.25,118.25,26204.0,1700210100.0,2023-11-17 14:05:00+05:30
118.25,118.4,118.25,118.3,1152.0,1700210400.0,2023-11-17 14:10:00+05:30
118.3,118.55,118.3,118.4,1408.0,1700210700.0,2023-11-17 14:15:00+05:30
118.4,118.6,118.4,118.4,2604.0,1700211000.0,2023-11-17 14:20:00+05:30
118.4,118.5,118.25,118.25,23420.0,1700211300.0,2023-11-17 14:25:00+05:30
118.25,118.25,118.0,118.2,11956.0,1700211600.0,2023-11-17 14:30:00+05:30
118.2,118.6,118.2,118.3,13424.0,1700211900.0,2023-11-17 14:35:00+05:30
118.0,118.3,118.0,118.2,8072.0,1700212200.0,2023-11-17 14:40:00+05:30
118.2,118.2,118.15,118.2,944.0,1700212500.0,2023-11-17 14:45:00+05:30
118.2,118.7,118.2,118.6,17092.0,1700212800.0,2023-11-17 14:50:00+05:30
118.6,118.8,118.4,118.75,19144.0,1700213100.0,2023-11-17 14:55:00+05:30
118.75,118.75,118.45,118.5,3292.0,1700213400.0,2023-11-17 15:00:00+05:30
118.5,118.7,118.2,118.7,14756.0,1700213700.0,2023-11-17 15:05:00+05:30
118.5,118.85,118.4,118.75,27456.0,1700214000.0,2023-11-17 15:10:00+05:30
118.75,119.1,118.75,118.85,18220.0,1700214300.0,2023-11-17 15:15:00+05:30
118.85,119.25,118.8,119.25,29804.0,1700214600.0,2023-11-17 15:20:00+05:30
119.25,119.6,118.7,118.85,31608.0,1700214900.0,2023-11-17 15:25:00+05:30
117.6,118.8,117.6,118.5,33924.0,1700451900.0,2023-11-20 09:15:00+05:30
118.35,119.6,118.2,119.6,13920.0,1700452200.0,2023-11-20 09:20:00+05:30
119.6,119.9,119.4,119.75,17496.0,1700452500.0,2023-11-20 09:25:00+05:30
119.55,119.7,118.4,119.0,16708.0,1700452800.0,2023-11-20 09:30:00+05:30
119.0,119.75,118.85,119.75,5628.0,1700453100.0,2023-11-20 09:35:00+05:30
119.6,119.95,119.5,119.8,7892.0,1700453400.0,2023-11-20 09:40:00+05:30
119.8,119.95,118.8,118.95,14060.0,1700453700.0,2023-11-20 09:45:00+05:30
119.0,119.35,118.85,119.35,7280.0,1700454000.0,2023-11-20 09:50:00+05:30
119.35,119.75,119.35,119.75,3836.0,1700454300.0,2023-11-20 09:55:00+05:30
119.75,119.75,119.45,119.6,4512.0,1700454600.0,2023-11-20 10:00:00+05:30
119.6,119.7,119.45,119.5,5260.0,1700454900.0,2023-11-20 10:05:00+05:30
119.5,119.65,119.4,119.5,2360.0,1700455200.0,2023-11-20 10:10:00+05:30
119.5,119.7,119.5,119.6,2576.0,1700455500.0,2023-11-20 10:15:00+05:30
119.45,119.7,119.45,119.6,8544.0,1700455800.0,2023-11-20 10:20:00+05:30
119.6,119.75,119.5,119.65,3020.0,1700456100.0,2023-11-20 10:25:00+05:30
119.65,120.0,119.65,119.8,6912.0,1700456400.0,2023-11-20 10:30:00+05:30
119.8,120.5,119.8,120.3,8880.0,1700456700.0,2023-11-20 10:35:00+05:30
120.3,120.45,120.1,120.3,6204.0,1700457000.0,2023-11-20 10:40:00+05:30
119.75,120.3,119.75,120.2,13396.0,1700457300.0,2023-11-20 10:45:00+05:30
120.2,120.2,120.0,120.0,3748.0,1700457600.0,2023-11-20 10:50:00+05:30
120.0,120.25,119.85,120.25,4544.0,1700457900.0,2023-11-20 10:55:00+05:30
120.25,120.25,119.9,119.95,2364.0,1700458200.0,2023-11-20 11:00:00+05:30
120.05,120.05,119.5,119.5,9164.0,1700458500.0,2023-11-20 11:05:00+05:30
119.5,119.75,119.3,119.45,9772.0,1700458800.0,2023-11-20 11:10:00+05:30
119.35,119.6,119.35,119.55,2408.0,1700459100.0,2023-11-20 11:15:00+05:30
119.45,120.0,119.4,119.95,10240.0,1700459400.0,2023-11-20 11:20:00+05:30
119.8,120.0,119.8,119.9,1868.0,1700459700.0,2023-11-20 11:25:00+05:30
119.9,120.4,119.9,120.4,2656.0,1700460000.0,2023-11-20 11:30:00+05:30
120.3,120.3,120.0,120.25,2660.0,1700460300.0,2023-11-20 11:35:00+05:30
120.25,120.25,120.0,120.0,2680.0,1700460600.0,2023-11-20 11:40:00+05:30
120.2,120.2,119.95,119.95,4368.0,1700460900.0,2023-11-20 11:45:00+05:30
119.9,120.15,119.75,119.8,2548.0,1700461200.0,2023-11-20 11:50:00+05:30
119.9,120.1,119.8,120.0,3216.0,1700461500.0,2023-11-20 11:55:00+05:30
120.0,120.1,119.9,120.1,4260.0,1700461800.0,2023-11-20 12:00:00+05:30
120.1,120.1,119.9,120.1,5560.0,1700462100.0,2023-11-20 12:05:00+05:30
120.1,120.5,119.95,120.3,10996.0,1700462400.0,2023-11-20 12:10:00+05:30
120.3,120.45,120.2,120.2,2908.0,1700462700.0,2023-11-20 12:15:00+05:30
120.2,120.45,120.15,120.3,3224.0,1700463000.0,2023-11-20 12:20:00+05:30
120.3,120.35,120.2,120.3,2124.0,1700463300.0,2023-11-20 12:25:00+05:30
120.3,120.3,119.45,119.5,14744.0,1700463600.0,2023-11-20 12:30:00+05:30
119.6,119.8,119.6,119.6,3628.0,1700463900.0,2023-11-20 12:35:00+05:30
119.7,119.95,119.6,119.85,2716.0,1700464200.0,2023-11-20 12:40:00+05:30
119.95,120.05,119.85,120.0,1744.0,1700464500.0,2023-11-20 12:45:00+05:30
120.0,120.0,119.55,119.8,6848.0,1700464800.0,2023-11-20 12:50:00+05:30
119.8,119.95,119.75,119.95,2404.0,1700465100.0,2023-11-20 12:55:00+05:30
119.95,120.1,119.9,120.0,3644.0,1700465400.0,2023-11-20 13:00:00+05:30
119.95,120.25,119.95,120.15,3540.0,1700465700.0,2023-11-20 13:05:00+05:30
120.15,120.25,119.8,119.8,7520.0,1700466000.0,2023-11-20 13:10:00+05:30
119.8,119.95,119.8,119.9,2124.0,1700466300.0,2023-11-20 13:15:00+05:30
119.9,120.1,119.9,119.95,2724.0,1700466600.0,2023-11-20 13:20:00+05:30
120.1,121.6,120.05,121.0,65112.0,1700466900.0,2023-11-20 13:25:00+05:30
121.0,121.25,120.2,120.9,44516.0,1700467200.0,2023-11-20 13:30:00+05:30
120.9,121.25,120.6,121.2,4372.0,1700467500.0,2023-11-20 13:35:00+05:30
121.25,121.5,121.0,121.4,19700.0,1700467800.0,2023-11-20 13:40:00+05:30
121.3,121.4,120.7,120.7,43844.0,1700468100.0,2023-11-20 13:45:00+05:30
120.7,121.35,120.7,121.25,10840.0,1700468400.0,2023-11-20 13:50:00+05:30
121.3,121.5,121.25,121.4,10336.0,1700468700.0,2023-11-20 13:55:00+05:30
121.3,122.0,121.3,122.0,14224.0,1700469000.0,2023-11-20 14:00:00+05:30
121.9,121.95,121.65,121.75,9620.0,1700469300.0,2023-11-20 14:05:00+05:30
121.75,122.3,121.75,122.25,17296.0,1700469600.0,2023-11-20 14:10:00+05:30
122.2,122.45,121.75,122.0,47336.0,1700469900.0,2023-11-20 14:15:00+05:30
121.8,121.95,121.7,121.85,9040.0,1700470200.0,2023-11-20 14:20:00+05:30
121.85,121.9,121.3,121.35,10956.0,1700470500.0,2023-11-20 14:25:00+05:30
121.35,121.75,121.3,121.6,14584.0,1700470800.0,2023-11-20 14:30:00+05:30
121.6,121.9,121.55,121.8,6400.0,1700471100.0,2023-11-20 14:35:00+05:30
121.8,122.1,121.8,122.1,10580.0,1700471400.0,2023-11-20 14:40:00+05:30
122.1,122.3,121.95,122.25,10264.0,1700471700.0,2023-11-20 14:45:00+05:30
122.25,122.4,122.05,122.05,11140.0,1700472000.0,2023-11-20 14:50:00+05:30
122.0,122.05,121.8,122.0,5352.0,1700472300.0,2023-11-20 14:55:00+05:30
122.0,122.05,121.4,121.6,8704.0,1700472600.0,2023-11-20 15:00:00+05:30
121.6,121.8,121.45,121.45,10492.0,1700472900.0,2023-11-20 15:05:00+05:30
121.55,121.55,120.75,120.75,41492.0,1700473200.0,2023-11-20 15:10:00+05:30
120.75,121.1,120.75,121.1,7324.0,1700473500.0,2023-11-20 15:15:00+05:30
121.1,121.1,120.4,120.9,49496.0,1700473800.0,2023-11-20 15:20:00+05:30
120.9,121.0,120.45,121.0,15804.0,1700474100.0,2023-11-20 15:25:00+05:30
122.1,122.1,121.2,121.5,30540.0,1700538300.0,2023-11-21 09:15:00+05:30
121.65,122.75,121.65,122.75,17320.0,1700538600.0,2023-11-21 09:20:00+05:30
122.85,123.35,122.6,122.85,59416.0,1700538900.0,2023-11-21 09:25:00+05:30
122.8,123.1,122.6,122.7,15900.0,1700539200.0,2023-11-21 09:30:00+05:30
122.7,122.95,121.5,122.05,33352.0,1700539500.0,2023-11-21 09:35:00+05:30
122.1,122.4,121.95,122.25,6876.0,1700539800.0,2023-11-21 09:40:00+05:30
122.25,122.4,122.2,122.3,4104.0,1700540100.0,2023-11-21 09:45:00+05:30
122.2,122.5,122.0,122.1,9076.0,1700540400.0,2023-11-21 09:50:00+05:30
122.1,122.3,122.0,122.0,4248.0,1700540700.0,2023-11-21 09:55:00+05:30
122.0,122.75,122.0,122.6,6320.0,1700541000.0,2023-11-21 10:00:00+05:30
122.6,123.25,122.5,123.25,18624.0,1700541300.0,2023-11-21 10:05:00+05:30
123.25,123.25,122.45,122.9,18668.0,1700541600.0,2023-11-21 10:10:00+05:30
122.9,122.95,122.5,122.5,10436.0,1700541900.0,2023-11-21 10:15:00+05:30
122.5,122.5,122.25,122.4,4952.0,1700542200.0,2023-11-21 10:20:00+05:30
122.3,122.7,122.3,122.6,2724.0,1700542500.0,2023-11-21 10:25:00+05:30
122.6,122.8,122.6,122.65,3384.0,1700542800.0,2023-11-21 10:30:00+05:30
122.65,122.65,122.2,122.3,7932.0,1700543100.0,2023-11-21 10:35:00+05:30
122.3,122.5,122.3,122.4,2800.0,1700543400.0,2023-11-21 10:40:00+05:30
122.4,122.5,122.1,122.2,7880.0,1700543700.0,2023-11-21 10:45:00+05:30
122.2,122.4,122.15,122.35,2172.0,1700544000.0,2023-11-21 10:50:00+05:30
122.35,122.4,122.2,122.25,3336.0,1700544300.0,2023-11-21 10:55:00+05:30
122.25,123.05,122.25,123.05,30784.0,1700544600.0,2023-11-21 11:00:00+05:30
123.05,123.05,122.7,122.95,11432.0,1700544900.0,2023-11-21 11:05:00+05:30
122.85,123.0,122.85,122.85,2648.0,1700545200.0,2023-11-21 11:10:00+05:30
122.75,122.9,122.7,122.85,1704.0,1700545500.0,2023-11-21 11:15:00+05:30
122.85,122.9,122.6,122.75,2160.0,1700545800.0,2023-11-21 11:20:00+05:30
122.6,122.8,122.6,122.8,1300.0,1700546100.0,2023-11-21 11:25:00+05:30
122.8,122.9,122.75,122.75,1512.0,1700546400.0,2023-11-21 11:30:00+05:30
122.75,122.8,122.6,122.75,2232.0,1700546700.0,2023-11-21 11:35:00+05:30
122.75,122.8,122.3,122.35,5616.0,1700547000.0,2023-11-21 11:40:00+05:30
122.35,122.5,122.35,122.5,1340.0,1700547300.0,2023-11-21 11:45:00+05:30
122.5,122.5,122.25,122.45,1532.0,1700547600.0,2023-11-21 11:50:00+05:30
122.45,122.6,122.4,122.6,3916.0,1700547900.0,2023-11-21 11:55:00+05:30
122.6,122.85,122.55,122.85,5820.0,1700548200.0,2023-11-21 12:00:00+05:30
122.85,122.85,122.7,122.7,1292.0,1700548500.0,2023-11-21 12:05:00+05:30
122.7,122.85,122.6,122.8,6968.0,1700548800.0,2023-11-21 12:10:00+05:30
122.8,122.95,122.75,122.95,5976.0,1700549100.0,2023-11-21 12:15:00+05:30
122.95,123.45,122.9,123.25,18700.0,1700549400.0,2023-11-21 12:20:00+05:30
123.25,123.3,122.85,123.05,12848.0,1700549700.0,2023-11-21 12:25:00+05:30
123.0,123.05,122.7,123.0,8264.0,1700550000.0,2023-11-21 12:30:00+05:30
123.0,123.25,123.0,123.1,4920.0,1700550300.0,2023-11-21 12:35:00+05:30
123.1,123.1,122.9,123.1,2996.0,1700550600.0,2023-11-21 12:40:00+05:30
123.1,123.25,122.9,123.0,6040.0,1700550900.0,2023-11-21 12:45:00+05:30
123.0,123.0,122.6,122.75,4516.0,1700551200.0,2023-11-21 12:50:00+05:30
122.75,122.95,122.65,122.95,6152.0,1700551500.0,2023-11-21 12:55:00+05:30
122.95,123.15,122.95,123.15,6092.0,1700551800.0,2023-11-21 13:00:00+05:30
123.15,123.6,122.95,123.2,24848.0,1700552100.0,2023-11-21 13:05:00+05:30
123.2,123.3,122.75,123.0,8560.0,1700552400.0,2023-11-21 13:10:00+05:30
123.0,123.1,122.9,123.1,4236.0,1700552700.0,2023-11-21 13:15:00+05:30
123.1,123.1,122.95,123.1,3828.0,1700553000.0,2023-11-21 13:20:00+05:30
123.1,123.1,123.0,123.1,3624.0,1700553300.0,2023-11-21 13:25:00+05:30
123.0,123.4,123.0,123.4,11600.0,1700553600.0,2023-11-21 13:30:00+05:30
123.2,123.4,123.1,123.1,4776.0,1700553900.0,2023-11-21 13:35:00+05:30
123.25,123.35,122.9,123.15,5920.0,1700554200.0,2023-11-21 13:40:00+05:30
123.15,123.2,122.75,122.95,8176.0,1700554500.0,2023-11-21 13:45:00+05:30
122.95,123.0,122.75,122.95,4408.0,1700554800.0,2023-11-21 13:50:00+05:30
122.95,123.0,122.8,123.0,3900.0,1700555100.0,2023-11-21 13:55:00+05:30
123.0,123.05,122.85,123.0,11256.0,1700555400.0,2023-11-21 14:00:00+05:30
123.2,123.3,123.05,123.2,3520.0,1700555700.0,2023-11-21 14:05:00+05:30
123.2,123.3,122.9,123.1,7044.0,1700556000.0,2023-11-21 14:10:00+05:30
123.1,123.2,122.9,123.0,4700.0,1700556300.0,2023-11-21 14:15:00+05:30
123.15,123.15,122.85,122.85,4548.0,1700556600.0,2023-11-21 14:20:00+05:30
122.85,123.0,122.75,123.0,8396.0,1700556900.0,2023-11-21 14:25:00+05:30
123.0,123.3,122.8,123.25,17012.0,1700557200.0,2023-11-21 14:30:00+05:30
123.25,123.3,123.1,123.3,4200.0,1700557500.0,2023-11-21 14:35:00+05:30
123.3,123.3,123.1,123.3,14740.0,1700557800.0,2023-11-21 14:40:00+05:30
123.3,123.3,122.95,123.0,17264.0,1700558100.0,2023-11-21 14:45:00+05:30
122.95,123.0,122.85,122.85,5552.0,1700558400.0,2023-11-21 14:50:00+05:30
122.95,123.0,122.85,122.9,6044.0,1700558700.0,2023-11-21 14:55:00+05:30
123.0,123.3,122.9,123.15,13868.0,1700559000.0,2023-11-21 15:00:00+05:30
123.25,123.25,122.9,123.1,6036.0,1700559300.0,2023-11-21 15:05:00+05:30
123.0,123.1,122.6,122.8,9172.0,1700559600.0,2023-11-21 15:10:00+05:30
122.8,122.8,121.65,122.0,31840.0,1700559900.0,2023-11-21 15:15:00+05:30
122.2,122.2,121.65,121.85,18204.0,1700560200.0,2023-11-21 15:20:00+05:30
121.85,121.9,121.65,121.85,19312.0,1700560500.0,2023-11-21 15:25:00+05:30
123.4,123.4,121.9,122.1,29904.0,1700624700.0,2023-11-22 09:15:00+05:30
122.05,122.3,121.9,122.15,13864.0,1700625000.0,2023-11-22 09:20:00+05:30
122.25,122.7,122.0,122.5,7680.0,1700625300.0,2023-11-22 09:25:00+05:30
122.5,122.9,122.35,122.8,4516.0,1700625600.0,2023-11-22 09:30:00+05:30
122.8,122.95,122.35,122.35,25644.0,1700625900.0,2023-11-22 09:35:00+05:30
122.25,122.4,121.85,121.85,6040.0,1700626200.0,2023-11-22 09:40:00+05:30
121.85,122.2,121.6,121.75,6300.0,1700626500.0,2023-11-22 09:45:00+05:30
121.75,121.75,121.05,121.05,9292.0,1700626800.0,2023-11-22 09:50:00+05:30
121.05,121.5,120.7,120.9,39980.0,1700627100.0,2023-11-22 09:55:00+05:30
120.9,121.2,120.75,121.05,4352.0,1700627400.0,2023-11-22 10:00:00+05:30
121.05,121.1,120.5,120.7,5452.0,1700627700.0,2023-11-22 10:05:00+05:30
120.7,120.9,120.7,120.9,1564.0,1700628000.0,2023-11-22 10:10:00+05:30
120.8,120.9,120.6,120.6,3552.0,1700628300.0,2023-11-22 10:15:00+05:30
120.6,120.85,120.3,120.3,6284.0,1700628600.0,2023-11-22 10:20:00+05:30
120.3,120.7,120.3,120.65,2652.0,1700628900.0,2023-11-22 10:25:00+05:30
120.55,120.55,120.35,120.45,3432.0,1700629200.0,2023-11-22 10:30:00+05:30
120.45,120.6,120.4,120.5,2428.0,1700629500.0,2023-11-22 10:35:00+05:30
120.5,120.6,120.4,120.6,1900.0,1700629800.0,2023-11-22 10:40:00+05:30
120.6,120.6,120.15,120.15,9320.0,1700630100.0,2023-11-22 10:45:00+05:30
120.15,120.35,120.0,120.2,12444.0,1700630400.0,2023-11-22 10:50:00+05:30
120.2,120.2,120.0,120.2,7904.0,1700630700.0,2023-11-22 10:55:00+05:30
120.2,120.4,120.2,120.4,2056.0,1700631000.0,2023-11-22 11:00:00+05:30
120.45,121.45,120.45,121.45,9816.0,1700631300.0,2023-11-22 11:05:00+05:30
121.45,121.9,121.35,121.9,8636.0,1700631600.0,2023-11-22 11:10:00+05:30
122.0,122.35,121.9,122.35,6944.0,1700631900.0,2023-11-22 11:15:00+05:30
122.35,122.85,122.25,122.85,12612.0,1700632200.0,2023-11-22 11:20:00+05:30
122.9,122.9,122.6,122.65,6252.0,1700632500.0,2023-11-22 11:25:00+05:30
122.75,122.75,122.6,122.75,29192.0,1700632800.0,2023-11-22 11:30:00+05:30
122.75,123.15,122.65,122.95,15720.0,1700633100.0,2023-11-22 11:35:00+05:30
122.95,122.95,122.85,122.95,1720.0,1700633400.0,2023-11-22 11:40:00+05:30
122.95,123.05,122.95,122.95,3256.0,1700633700.0,2023-11-22 11:45:00+05:30
122.95,123.1,122.95,123.1,5860.0,1700634000.0,2023-11-22 11:50:00+05:30
123.1,123.1,122.8,122.95,2448.0,1700634300.0,2023-11-22 11:55:00+05:30
122.95,123.0,122.95,122.95,2744.0,1700634600.0,2023-11-22 12:00:00+05:30
122.95,123.0,122.95,122.95,3920.0,1700634900.0,2023-11-22 12:05:00+05:30
122.95,122.95,122.6,122.6,4132.0,1700635200.0,2023-11-22 12:10:00+05:30
122.5,122.5,121.0,121.2,29784.0,1700635500.0,2023-11-22 12:15:00+05:30
120.8,120.9,120.6,120.6,7456.0,1700635800.0,2023-11-22 12:20:00+05:30
120.6,120.6,120.25,120.45,9488.0,1700636100.0,2023-11-22 12:25:00+05:30
120.45,121.1,120.35,121.05,19232.0,1700636400.0,2023-11-22 12:30:00+05:30
121.0,121.2,120.9,121.05,2012.0,1700636700.0,2023-11-22 12:35:00+05:30
121.05,121.1,120.9,120.9,3516.0,1700637000.0,2023-11-22 12:40:00+05:30
120.9,121.0,120.85,120.9,1420.0,1700637300.0,2023-11-22 12:45:00+05:30
120.9,121.2,120.9,120.95,6216.0,1700637600.0,2023-11-22 12:50:00+05:30
120.95,121.65,120.6,121.65,19460.0,1700637900.0,2023-11-22 12:55:00+05:30
121.9,122.25,121.75,121.75,23712.0,1700638200.0,2023-11-22 13:00:00+05:30
121.9,121.9,121.4,121.75,4780.0,1700638500.0,2023-11-22 13:05:00+05:30
121.75,122.5,121.75,122.5,29032.0,1700638800.0,2023-11-22 13:10:00+05:30
122.65,122.7,122.25,122.25,5216.0,1700639100.0,2023-11-22 13:15:00+05:30
122.25,122.7,122.25,122.65,5400.0,1700639400.0,2023-11-22 13:20:00+05:30
122.65,122.7,122.25,122.25,3576.0,1700639700.0,2023-11-22 13:25:00+05:30
122.25,122.55,121.9,122.55,8344.0,1700640000.0,2023-11-22 13:30:00+05:30
122.55,122.7,122.45,122.45,3688.0,1700640300.0,2023-11-22 13:35:00+05:30
122.45,122.6,122.2,122.3,4180.0,1700640600.0,2023-11-22 13:40:00+05:30
122.3,122.6,122.0,122.6,2584.0,1700640900.0,2023-11-22 13:45:00+05:30
122.6,122.7,122.3,122.3,2784.0,1700641200.0,2023-11-22 13:50:00+05:30
122.3,122.5,122.3,122.3,2736.0,1700641500.0,2023-11-22 13:55:00+05:30
122.3,122.5,122.15,122.15,1976.0,1700641800.0,2023-11-22 14:00:00+05:30
122.15,122.45,122.1,122.4,5428.0,1700642100.0,2023-11-22 14:05:00+05:30
122.4,122.4,122.0,122.2,2820.0,1700642400.0,2023-11-22 14:10:00+05:30
122.2,122.4,122.15,122.35,6180.0,1700642700.0,2023-11-22 14:15:00+05:30
122.35,122.45,122.2,122.3,10256.0,1700643000.0,2023-11-22 14:20:00+05:30
122.3,122.4,122.3,122.4,2252.0,1700643300.0,2023-11-22 14:25:00+05:30
122.4,122.6,122.25,122.3,3212.0,1700643600.0,2023-11-22 14:30:00+05:30
122.3,123.1,122.25,122.75,26772.0,1700643900.0,2023-11-22 14:35:00+05:30
122.75,122.75,122.5,122.6,3844.0,1700644200.0,2023-11-22 14:40:00+05:30
122.6,122.7,122.35,122.45,4076.0,1700644500.0,2023-11-22 14:45:00+05:30
122.45,122.45,122.3,122.45,3428.0,1700644800.0,2023-11-22 14:50:00+05:30
122.45,122.45,122.0,122.0,6196.0,1700645100.0,2023-11-22 14:55:00+05:30
121.95,122.1,121.9,121.95,8572.0,1700645400.0,2023-11-22 15:00:00+05:30
121.95,122.25,121.9,122.0,5768.0,1700645700.0,2023-11-22 15:05:00+05:30
122.0,122.0,121.85,121.9,3744.0,1700646000.0,2023-11-22 15:10:00+05:30
121.9,121.95,121.1,121.65,70724.0,1700646300.0,2023-11-22 15:15:00+05:30
121.65,121.7,121.2,121.7,32260.0,1700646600.0,2023-11-22 15:20:00+05:30
121.75,122.35,120.9,120.9,15868.0,1700646900.0,2023-11-22 15:25:00+05:30
121.25,123.0,121.25,122.3,37232.0,1700711100.0,2023-11-23 09:15:00+05:30
122.4,122.75,122.1,122.35,23448.0,1700711400.0,2023-11-23 09:20:00+05:30
122.35,122.45,122.2,122.4,8748.0,1700711700.0,2023-11-23 09:25:00+05:30
122.4,122.45,122.0,122.2,4880.0,1700712000.0,2023-11-23 09:30:00+05:30
122.2,122.85,122.2,122.85,5796.0,1700712300.0,2023-11-23 09:35:00+05:30
122.9,122.9,122.3,122.45,6368.0,1700712600.0,2023-11-23 09:40:00+05:30
122.45,122.6,122.25,122.45,2588.0,1700712900.0,2023-11-23 09:45:00+05:30
122.3,122.6,122.25,122.6,2956.0,1700713200.0,2023-11-23 09:50:00+05:30
122.6,124.15,122.5,124.15,90932.0,1700713500.0,2023-11-23 09:55:00+05:30
124.0,124.0,122.95,122.95,30284.0,1700713800.0,2023-11-23 10:00:00+05:30
123.0,123.0,122.1,122.4,8692.0,1700714100.0,2023-11-23 10:05:00+05:30
122.4,122.45,121.95,122.4,24160.0,1700714400.0,2023-11-23 10:10:00+05:30
122.55,122.8,122.2,122.6,4692.0,1700714700.0,2023-11-23 10:15:00+05:30
122.65,122.9,122.65,122.75,2208.0,1700715000.0,2023-11-23 10:20:00+05:30
122.75,122.95,122.5,122.75,7236.0,1700715300.0,2023-11-23 10:25:00+05:30
122.75,123.0,122.6,123.0,5532.0,1700715600.0,2023-11-23 10:30:00+05:30
122.9,123.15,122.65,123.0,16492.0,1700715900.0,2023-11-23 10:35:00+05:30
123.0,123.15,122.9,123.0,4524.0,1700716200.0,2023-11-23 10:40:00+05:30
122.95,123.2,122.95,123.1,3844.0,1700716500.0,2023-11-23 10:45:00+05:30
123.1,123.2,122.95,123.2,8000.0,1700716800.0,2023-11-23 10:50:00+05:30
123.2,123.2,122.85,123.15,2888.0,1700717100.0,2023-11-23 10:55:00+05:30
123.15,123.25,123.0,123.05,3336.0,1700717400.0,2023-11-23 11:00:00+05:30
123.05,123.25,122.6,122.75,6716.0,1700717700.0,2023-11-23 11:05:00+05:30
122.75,123.2,122.65,123.2,3128.0,1700718000.0,2023-11-23 11:10:00+05:30
123.2,123.2,122.8,122.85,2232.0,1700718300.0,2023-11-23 11:15:00+05:30
122.85,122.9,122.75,122.85,1776.0,1700718600.0,2023-11-23 11:20:00+05:30
122.85,122.95,122.7,122.8,1564.0,1700718900.0,2023-11-23 11:25:00+05:30
122.8,122.9,122.75,122.9,652.0,1700719200.0,2023-11-23 11:30:00+05:30
123.0,123.0,122.85,122.95,1364.0,1700719500.0,2023-11-23 11:35:00+05:30
122.95,123.0,122.75,122.95,2264.0,1700719800.0,2023-11-23 11:40:00+05:30
122.95,122.95,122.55,122.8,1680.0,1700720100.0,2023-11-23 11:45:00+05:30
122.8,122.8,122.5,122.5,4952.0,1700720400.0,2023-11-23 11:50:00+05:30
122.5,122.6,122.4,122.6,628.0,1700720700.0,2023-11-23 11:55:00+05:30
122.6,122.6,122.4,122.4,2496.0,1700721000.0,2023-11-23 12:00:00+05:30
122.4,122.5,122.25,122.5,1032.0,1700721300.0,2023-11-23 12:05:00+05:30
122.5,122.5,121.95,122.4,8964.0,1700721600.0,2023-11-23 12:10:00+05:30
122.4,122.7,122.4,122.6,4568.0,1700721900.0,2023-11-23 12:15:00+05:30
122.6,122.75,122.55,122.75,796.0,1700722200.0,2023-11-23 12:20:00+05:30
122.75,122.9,122.7,122.9,704.0,1700722500.0,2023-11-23 12:25:00+05:30
122.9,122.95,122.65,122.7,4420.0,1700722800.0,2023-11-23 12:30:00+05:30
122.7,122.7,122.5,122.5,772.0,1700723100.0,2023-11-23 12:35:00+05:30
122.6,122.85,122.6,122.75,3172.0,1700723400.0,2023-11-23 12:40:00+05:30
122.75,122.95,122.7,122.85,3780.0,1700723700.0,2023-11-23 12:45:00+05:30
122.85,122.85,122.6,122.6,1196.0,1700724000.0,2023-11-23 12:50:00+05:30
122.55,122.85,122.55,122.8,3468.0,1700724300.0,2023-11-23 12:55:00+05:30
122.75,122.9,122.7,122.9,4768.0,1700724600.0,2023-11-23 13:00:00+05:30
122.8,122.95,122.7,122.7,3164.0,1700724900.0,2023-11-23 13:05:00+05:30
122.7,122.8,122.6,122.7,3284.0,1700725200.0,2023-11-23 13:10:00+05:30
122.7,122.9,122.7,122.75,3948.0,1700725500.0,2023-11-23 13:15:00+05:30
122.75,123.0,122.75,122.8,2564.0,1700725800.0,2023-11-23 13:20:00+05:30
122.8,122.85,122.7,122.75,1416.0,1700726100.0,2023-11-23 13:25:00+05:30
122.75,122.9,122.75,122.8,2124.0,1700726400.0,2023-11-23 13:30:00+05:30
122.8,122.8,122.5,122.65,2520.0,1700726700.0,2023-11-23 13:35:00+05:30
122.65,122.7,122.55,122.65,2076.0,1700727000.0,2023-11-23 13:40:00+05:30
122.65,122.9,122.55,122.85,4612.0,1700727300.0,2023-11-23 13:45:00+05:30
122.85,122.9,122.8,122.9,3020.0,1700727600.0,2023-11-23 13:50:00+05:30
122.9,122.9,122.7,122.8,3056.0,1700727900.0,2023-11-23 13:55:00+05:30
122.8,122.9,122.6,122.6,2752.0,1700728200.0,2023-11-23 14:00:00+05:30
122.6,122.7,122.6,122.7,852.0,1700728500.0,2023-11-23 14:05:00+05:30
122.7,122.7,122.5,122.55,10644.0,1700728800.0,2023-11-23 14:10:00+05:30
122.55,122.7,122.45,122.6,3396.0,1700729100.0,2023-11-23 14:15:00+05:30
122.6,122.6,122.5,122.5,3772.0,1700729400.0,2023-11-23 14:20:00+05:30
122.5,123.0,122.5,122.95,15092.0,1700729700.0,2023-11-23 14:25:00+05:30
122.95,122.95,122.7,122.7,4720.0,1700730000.0,2023-11-23 14:30:00+05:30
122.7,123.3,122.7,123.15,10832.0,1700730300.0,2023-11-23 14:35:00+05:30
123.1,123.15,122.9,122.9,2364.0,1700730600.0,2023-11-23 14:40:00+05:30
122.9,123.1,122.85,123.0,6668.0,1700730900.0,2023-11-23 14:45:00+05:30
123.0,123.15,122.75,122.9,14196.0,1700731200.0,2023-11-23 14:50:00+05:30
122.9,122.95,122.7,122.7,13568.0,1700731500.0,2023-11-23 14:55:00+05:30
122.8,122.9,122.6,122.6,1840.0,1700731800.0,2023-11-23 15:00:00+05:30
122.6,122.7,122.6,122.7,2392.0,1700732100.0,2023-11-23 15:05:00+05:30
122.7,122.7,122.55,122.6,6304.0,1700732400.0,2023-11-23 15:10:00+05:30
122.6,122.65,122.3,122.6,20176.0,1700732700.0,2023-11-23 15:15:00+05:30
122.6,123.1,122.35,123.1,36428.0,1700733000.0,2023-11-23 15:20:00+05:30
123.1,123.2,121.95,122.5,16676.0,1700733300.0,2023-11-23 15:25:00+05:30
123.5,123.6,122.7,123.6,10228.0,1700797500.0,2023-11-24 09:15:00+05:30
123.4,123.85,123.1,123.5,12420.0,1700797800.0,2023-11-24 09:20:00+05:30
123.5,123.75,123.45,123.6,5428.0,1700798100.0,2023-11-24 09:25:00+05:30
123.6,124.35,123.6,124.2,23352.0,1700798400.0,2023-11-24 09:30:00+05:30
124.2,124.7,124.15,124.2,15760.0,1700798700.0,2023-11-24 09:35:00+05:30
124.2,125.35,124.2,124.9,63340.0,1700799000.0,2023-11-24 09:40:00+05:30
124.9,124.95,124.65,124.7,15124.0,1700799300.0,2023-11-24 09:45:00+05:30
124.6,125.25,124.45,124.8,37920.0,1700799600.0,2023-11-24 09:50:00+05:30
124.8,124.8,124.4,124.55,13716.0,1700799900.0,2023-11-24 09:55:00+05:30
124.4,124.6,124.4,124.4,4820.0,1700800200.0,2023-11-24 10:00:00+05:30
124.4,124.7,124.25,124.4,16912.0,1700800500.0,2023-11-24 10:05:00+05:30
124.4,124.65,124.2,124.45,19244.0,1700800800.0,2023-11-24 10:10:00+05:30
124.45,124.6,124.3,124.45,7940.0,1700801100.0,2023-11-24 10:15:00+05:30
124.45,124.45,124.2,124.45,4412.0,1700801400.0,2023-11-24 10:20:00+05:30
124.45,124.45,124.2,124.2,5476.0,1700801700.0,2023-11-24 10:25:00+05:30
124.2,124.25,124.1,124.1,4344.0,1700802000.0,2023-11-24 10:30:00+05:30
124.1,124.25,124.1,124.1,1708.0,1700802300.0,2023-11-24 10:35:00+05:30
124.25,124.3,124.1,124.1,1912.0,1700802600.0,2023-11-24 10:40:00+05:30
124.1,124.45,124.1,124.45,27548.0,1700802900.0,2023-11-24 10:45:00+05:30
124.45,124.5,124.25,124.4,2164.0,1700803200.0,2023-11-24 10:50:00+05:30
124.4,124.45,124.3,124.45,2664.0,1700803500.0,2023-11-24 10:55:00+05:30
124.3,124.45,124.3,124.35,2064.0,1700803800.0,2023-11-24 11:00:00+05:30
124.35,124.45,124.35,124.45,1924.0,1700804100.0,2023-11-24 11:05:00+05:30
124.45,124.5,124.3,124.35,2248.0,1700804400.0,2023-11-24 11:10:00+05:30
124.35,124.45,124.3,124.3,2372.0,1700804700.0,2023-11-24 11:15:00+05:30
124.3,124.45,124.25,124.25,2260.0,1700805000.0,2023-11-24 11:20:00+05:30
124.25,124.35,124.25,124.3,1144.0,1700805300.0,2023-11-24 11:25:00+05:30
124.3,124.5,124.2,124.25,3552.0,1700805600.0,2023-11-24 11:30:00+05:30
124.25,124.3,124.2,124.2,2016.0,1700805900.0,2023-11-24 11:35:00+05:30
124.2,124.2,124.1,124.15,1768.0,1700806200.0,2023-11-24 11:40:00+05:30
124.15,124.35,124.15,124.15,1248.0,1700806500.0,2023-11-24 11:45:00+05:30
124.15,124.25,123.85,124.1,11908.0,1700806800.0,2023-11-24 11:50:00+05:30
123.9,124.15,123.9,123.95,3124.0,1700807100.0,2023-11-24 11:55:00+05:30
124.1,124.1,124.0,124.1,484.0,1700807400.0,2023-11-24 12:00:00+05:30
124.15,124.15,124.0,124.1,1192.0,1700807700.0,2023-11-24 12:05:00+05:30
124.1,124.1,123.85,124.0,3652.0,1700808000.0,2023-11-24 12:10:00+05:30
124.0,124.2,123.8,124.2,7176.0,1700808300.0,2023-11-24 12:15:00+05:30
124.0,124.2,123.95,124.2,1944.0,1700808600.0,2023-11-24 12:20:00+05:30
124.1,124.2,124.0,124.2,4224.0,1700808900.0,2023-11-24 12:25:00+05:30
124.2,124.2,123.95,124.0,3592.0,1700809200.0,2023-11-24 12:30:00+05:30
124.0,124.25,124.0,124.15,1676.0,1700809500.0,2023-11-24 12:35:00+05:30
124.1,124.3,124.1,124.15,1792.0,1700809800.0,2023-11-24 12:40:00+05:30
124.15,124.3,123.95,124.15,4620.0,1700810100.0,2023-11-24 12:45:00+05:30
124.15,124.2,124.0,124.2,1456.0,1700810400.0,2023-11-24 12:50:00+05:30
124.1,124.2,124.0,124.2,2048.0,1700810700.0,2023-11-24 12:55:00+05:30
124.05,124.2,124.0,124.1,2244.0,1700811000.0,2023-11-24 13:00:00+05:30
124.1,124.1,123.95,124.1,4116.0,1700811300.0,2023-11-24 13:05:00+05:30
124.1,124.15,123.9,123.9,3092.0,1700811600.0,2023-11-24 13:10:00+05:30
123.9,124.1,123.9,123.95,1832.0,1700811900.0,2023-11-24 13:15:00+05:30
124.1,124.15,123.8,123.9,6008.0,1700812200.0,2023-11-24 13:20:00+05:30
123.9,123.9,123.5,123.5,24108.0,1700812500.0,2023-11-24 13:25:00+05:30
123.5,123.85,123.5,123.6,5568.0,1700812800.0,2023-11-24 13:30:00+05:30
123.6,123.7,123.4,123.4,2452.0,1700813100.0,2023-11-24 13:35:00+05:30
123.4,123.65,123.3,123.3,4428.0,1700813400.0,2023-11-24 13:40:00+05:30
123.3,123.55,123.25,123.45,1600.0,1700813700.0,2023-11-24 13:45:00+05:30
123.45,123.6,123.35,123.45,3020.0,1700814000.0,2023-11-24 13:50:00+05:30
123.45,123.65,123.4,123.4,5816.0,1700814300.0,2023-11-24 13:55:00+05:30
123.4,123.65,123.35,123.55,1616.0,1700814600.0,2023-11-24 14:00:00+05:30
123.4,123.6,123.25,123.35,4808.0,1700814900.0,2023-11-24 14:05:00+05:30
123.05,123.3,123.05,123.15,4016.0,1700815200.0,2023-11-24 14:10:00+05:30
123.15,123.35,123.15,123.25,3392.0,1700815500.0,2023-11-24 14:15:00+05:30
123.25,123.3,123.2,123.2,2892.0,1700815800.0,2023-11-24 14:20:00+05:30
123.2,123.2,123.15,123.15,9516.0,1700816100.0,2023-11-24 14:25:00+05:30
123.15,123.2,122.95,123.15,17332.0,1700816400.0,2023-11-24 14:30:00+05:30
123.15,123.15,122.95,123.1,2560.0,1700816700.0,2023-11-24 14:35:00+05:30
123.0,123.2,123.0,123.2,5076.0,1700817000.0,2023-11-24 14:40:00+05:30
123.2,123.2,122.95,123.05,19496.0,1700817300.0,2023-11-24 14:45:00+05:30
123.05,123.5,122.95,123.25,21024.0,1700817600.0,2023-11-24 14:50:00+05:30
123.25,123.95,123.2,123.95,7540.0,1700817900.0,2023-11-24 14:55:00+05:30
123.8,123.9,123.75,123.9,17356.0,1700818200.0,2023-11-24 15:00:00+05:30
123.9,124.0,123.7,124.0,13868.0,1700818500.0,2023-11-24 15:05:00+05:30
124.0,124.0,123.7,123.75,21468.0,1700818800.0,2023-11-24 15:10:00+05:30
123.8,123.95,123.75,123.75,8940.0,1700819100.0,2023-11-24 15:15:00+05:30
123.75,124.25,123.75,124.0,36632.0,1700819400.0,2023-11-24 15:20:00+05:30
124.1,124.1,122.05,122.05,47124.0,1700819700.0,2023-11-24 15:25:00+05:30
122.5,123.9,122.4,123.8,54820.0,1701143100.0,2023-11-28 09:15:00+05:30
124.1,124.4,123.4,123.65,38612.0,1701143400.0,2023-11-28 09:20:00+05:30
123.6,124.1,122.95,122.95,15716.0,1701143700.0,2023-11-28 09:25:00+05:30
122.85,123.6,122.45,122.45,37416.0,1701144000.0,2023-11-28 09:30:00+05:30
122.6,122.7,121.9,122.5,25392.0,1701144300.0,2023-11-28 09:35:00+05:30
122.5,122.85,122.5,122.7,17896.0,1701144600.0,2023-11-28 09:40:00+05:30
122.7,122.7,122.4,122.7,8252.0,1701144900.0,2023-11-28 09:45:00+05:30
122.7,123.7,122.7,123.55,13712.0,1701145200.0,2023-11-28 09:50:00+05:30
123.55,123.55,122.5,122.85,28928.0,1701145500.0,2023-11-28 09:55:00+05:30
122.85,123.05,122.65,122.85,7228.0,1701145800.0,2023-11-28 10:00:00+05:30
122.85,123.15,122.4,122.4,18280.0,1701146100.0,2023-11-28 10:05:00+05:30
122.4,122.7,122.3,122.45,28364.0,1701146400.0,2023-11-28 10:10:00+05:30
122.5,122.6,122.0,122.1,21616.0,1701146700.0,2023-11-28 10:15:00+05:30
122.0,122.35,121.85,122.2,11656.0,1701147000.0,2023-11-28 10:20:00+05:30
122.2,122.5,122.1,122.35,5516.0,1701147300.0,2023-11-28 10:25:00+05:30
122.5,122.5,122.15,122.45,4800.0,1701147600.0,2023-11-28 10:30:00+05:30
122.45,122.5,122.2,122.35,32552.0,1701147900.0,2023-11-28 10:35:00+05:30
122.35,122.4,122.2,122.25,4584.0,1701148200.0,2023-11-28 10:40:00+05:30
122.2,122.35,122.0,122.05,3972.0,1701148500.0,2023-11-28 10:45:00+05:30
122.05,122.4,121.65,122.15,21372.0,1701148800.0,2023-11-28 10:50:00+05:30
122.15,122.2,121.95,122.2,3492.0,1701149100.0,2023-11-28 10:55:00+05:30
122.2,122.25,122.05,122.1,2644.0,1701149400.0,2023-11-28 11:00:00+05:30
122.1,122.35,121.95,122.1,3948.0,1701149700.0,2023-11-28 11:05:00+05:30
122.2,122.3,121.6,121.6,10144.0,1701150000.0,2023-11-28 11:10:00+05:30
121.75,121.85,121.55,121.85,6520.0,1701150300.0,2023-11-28 11:15:00+05:30
121.7,121.85,121.3,121.6,33708.0,1701150600.0,2023-11-28 11:20:00+05:30
121.6,121.65,121.45,121.65,2644.0,1701150900.0,2023-11-28 11:25:00+05:30
121.65,121.65,121.4,121.4,16772.0,1701151200.0,2023-11-28 11:30:00+05:30
121.4,121.5,121.3,121.5,2336.0,1701151500.0,2023-11-28 11:35:00+05:30
121.5,121.65,121.35,121.65,5272.0,1701151800.0,2023-11-28 11:40:00+05:30
121.65,121.8,121.55,121.8,4124.0,1701152100.0,2023-11-28 11:45:00+05:30
121.8,121.9,121.5,121.9,5764.0,1701152400.0,2023-11-28 11:50:00+05:30
121.9,122.0,121.75,121.75,19844.0,1701152700.0,2023-11-28 11:55:00+05:30
121.6,121.85,121.6,121.7,4344.0,1701153000.0,2023-11-28 12:00:00+05:30
121.7,121.95,121.7,121.85,3584.0,1701153300.0,2023-11-28 12:05:00+05:30
121.85,121.85,121.7,121.85,1420.0,1701153600.0,2023-11-28 12:10:00+05:30
121.85,122.0,121.75,122.0,1988.0,1701153900.0,2023-11-28 12:15:00+05:30
122.0,122.35,121.8,122.2,15828.0,1701154200.0,2023-11-28 12:20:00+05:30
122.2,122.4,122.2,122.3,2176.0,1701154500.0,2023-11-28 12:25:00+05:30
122.3,122.4,122.15,122.15,2828.0,1701154800.0,2023-11-28 12:30:00+05:30
122.15,122.95,122.0,122.95,15972.0,1701155100.0,2023-11-28 12:35:00+05:30
122.95,123.25,122.5,123.25,35252.0,1701155400.0,2023-11-28 12:40:00+05:30
123.25,123.25,123.0,123.0,6504.0,1701155700.0,2023-11-28 12:45:00+05:30
123.0,123.6,122.9,123.5,16644.0,1701156000.0,2023-11-28 12:50:00+05:30
123.5,123.7,123.35,123.45,14556.0,1701156300.0,2023-11-28 12:55:00+05:30
123.45,124.25,123.45,124.2,23180.0,1701156600.0,2023-11-28 13:00:00+05:30
124.2,124.75,124.2,124.6,64368.0,1701156900.0,2023-11-28 13:05:00+05:30
124.6,124.75,124.45,124.6,20852.0,1701157200.0,2023-11-28 13:10:00+05:30
124.6,124.75,124.5,124.7,14084.0,1701157500.0,2023-11-28 13:15:00+05:30
124.7,124.75,124.6,124.6,5504.0,1701157800.0,2023-11-28 13:20:00+05:30
124.6,124.75,124.6,124.6,18672.0,1701158100.0,2023-11-28 13:25:00+05:30
124.6,125.5,124.6,125.4,55212.0,1701158400.0,2023-11-28 13:30:00+05:30
125.4,125.7,125.1,125.3,19104.0,1701158700.0,2023-11-28 13:35:00+05:30
125.3,125.7,125.2,125.4,25216.0,1701159000.0,2023-11-28 13:40:00+05:30
125.4,125.9,125.3,125.3,27792.0,1701159300.0,2023-11-28 13:45:00+05:30
125.3,125.6,125.2,125.4,31344.0,1701159600.0,2023-11-28 13:50:00+05:30
125.4,125.75,125.4,125.5,9524.0,1701159900.0,2023-11-28 13:55:00+05:30
125.5,125.75,125.4,125.4,7976.0,1701160200.0,2023-11-28 14:00:00+05:30
125.4,125.7,125.4,125.5,10152.0,1701160500.0,2023-11-28 14:05:00+05:30
125.5,125.7,125.4,125.5,9744.0,1701160800.0,2023-11-28 14:10:00+05:30
125.5,125.7,125.3,125.4,15568.0,1701161100.0,2023-11-28 14:15:00+05:30
125.4,125.55,125.3,125.4,6908.0,1701161400.0,2023-11-28 14:20:00+05:30
125.4,125.6,125.4,125.5,7292.0,1701161700.0,2023-11-28 14:25:00+05:30
125.45,125.5,125.45,125.45,6692.0,1701162000.0,2023-11-28 14:30:00+05:30
125.45,125.45,125.1,125.3,15940.0,1701162300.0,2023-11-28 14:35:00+05:30
125.3,125.45,125.3,125.35,5344.0,1701162600.0,2023-11-28 14:40:00+05:30
125.35,125.45,125.15,125.3,13584.0,1701162900.0,2023-11-28 14:45:00+05:30
125.3,125.4,125.15,125.2,13352.0,1701163200.0,2023-11-28 14:50:00+05:30
125.15,125.15,124.75,124.8,25304.0,1701163500.0,2023-11-28 14:55:00+05:30
124.8,125.05,124.8,124.9,8876.0,1701163800.0,2023-11-28 15:00:00+05:30
124.9,125.3,124.9,125.2,17396.0,1701164100.0,2023-11-28 15:05:00+05:30
125.15,125.15,124.85,125.0,19604.0,1701164400.0,2023-11-28 15:10:00+05:30
125.1,125.4,125.0,125.4,28416.0,1701164700.0,2023-11-28 15:15:00+05:30
125.4,125.4,124.8,125.0,30804.0,1701165000.0,2023-11-28 15:20:00+05:30
125.0,125.4,124.05,124.5,33548.0,1701165300.0,2023-11-28 15:25:00+05:30
125.25,126.0,124.8,125.1,22404.0,1701229500.0,2023-11-29 09:15:00+05:30
125.1,125.1,123.9,123.9,26132.0,1701229800.0,2023-11-29 09:20:00+05:30
123.8,124.1,123.3,123.5,10832.0,1701230100.0,2023-11-29 09:25:00+05:30
123.5,123.5,123.15,123.25,9052.0,1701230400.0,2023-11-29 09:30:00+05:30
123.4,123.75,123.3,123.7,13600.0,1701230700.0,2023-11-29 09:35:00+05:30
123.7,123.95,123.0,123.25,17388.0,1701231000.0,2023-11-29 09:40:00+05:30
123.4,124.15,123.4,123.75,12704.0,1701231300.0,2023-11-29 09:45:00+05:30
123.75,123.8,123.5,123.55,1608.0,1701231600.0,2023-11-29 09:50:00+05:30
123.55,123.85,123.35,123.85,7432.0,1701231900.0,2023-11-29 09:55:00+05:30
123.9,124.05,123.4,123.4,10272.0,1701232200.0,2023-11-29 10:00:00+05:30
123.4,123.6,123.1,123.15,9324.0,1701232500.0,2023-11-29 10:05:00+05:30
123.15,123.3,122.8,123.0,3712.0,1701232800.0,2023-11-29 10:10:00+05:30
123.0,123.4,123.0,123.0,4564.0,1701233100.0,2023-11-29 10:15:00+05:30
123.0,123.2,122.95,122.95,3480.0,1701233400.0,2023-11-29 10:20:00+05:30
122.95,123.1,122.9,123.1,1352.0,1701233700.0,2023-11-29 10:25:00+05:30
123.1,123.25,122.85,122.9,5564.0,1701234000.0,2023-11-29 10:30:00+05:30
122.9,123.0,122.75,122.9,4872.0,1701234300.0,2023-11-29 10:35:00+05:30
122.9,123.0,122.5,122.5,6236.0,1701234600.0,2023-11-29 10:40:00+05:30
122.5,122.75,122.5,122.55,1360.0,1701234900.0,2023-11-29 10:45:00+05:30
122.55,122.7,122.55,122.6,1596.0,1701235200.0,2023-11-29 10:50:00+05:30
122.55,122.65,122.5,122.5,3036.0,1701235500.0,2023-11-29 10:55:00+05:30
122.6,122.6,122.0,122.15,14500.0,1701235800.0,2023-11-29 11:00:00+05:30
122.15,122.45,122.05,122.3,4616.0,1701236100.0,2023-11-29 11:05:00+05:30
122.3,122.4,122.05,122.05,9944.0,1701236400.0,2023-11-29 11:10:00+05:30
122.05,122.9,121.75,122.9,28200.0,1701236700.0,2023-11-29 11:15:00+05:30
122.9,123.05,122.5,122.75,7272.0,1701237000.0,2023-11-29 11:20:00+05:30
122.75,123.25,122.5,123.2,11740.0,1701237300.0,2023-11-29 11:25:00+05:30
123.1,123.2,122.85,123.2,5056.0,1701237600.0,2023-11-29 11:30:00+05:30
123.2,124.0,123.0,124.0,14792.0,1701237900.0,2023-11-29 11:35:00+05:30
124.0,124.55,124.0,124.0,26932.0,1701238200.0,2023-11-29 11:40:00+05:30
124.0,124.25,124.0,124.25,2484.0,1701238500.0,2023-11-29 11:45:00+05:30
124.1,125.05,124.1,125.05,14968.0,1701238800.0,2023-11-29 11:50:00+05:30
125.05,125.4,125.0,125.0,16372.0,1701239100.0,2023-11-29 11:55:00+05:30
125.0,125.35,125.0,125.25,8276.0,1701239400.0,2023-11-29 12:00:00+05:30
125.25,125.45,124.1,124.1,21136.0,1701239700.0,2023-11-29 12:05:00+05:30
124.1,124.1,123.6,123.65,9648.0,1701240000.0,2023-11-29 12:10:00+05:30
123.45,123.45,122.9,122.9,8984.0,1701240300.0,2023-11-29 12:15:00+05:30
122.9,123.1,122.8,122.9,3664.0,1701240600.0,2023-11-29 12:20:00+05:30
122.9,123.3,122.9,123.25,6320.0,1701240900.0,2023-11-29 12:25:00+05:30
123.25,123.45,122.9,123.3,3384.0,1701241200.0,2023-11-29 12:30:00+05:30
123.3,123.3,122.95,122.95,5468.0,1701241500.0,2023-11-29 12:35:00+05:30
122.95,123.15,122.8,123.15,3296.0,1701241800.0,2023-11-29 12:40:00+05:30
123.15,123.15,122.95,123.0,820.0,1701242100.0,2023-11-29 12:45:00+05:30
123.0,123.15,123.0,123.0,1464.0,1701242400.0,2023-11-29 12:50:00+05:30
123.0,123.1,122.85,122.85,2848.0,1701242700.0,2023-11-29 12:55:00+05:30
122.85,122.95,122.75,122.75,1936.0,1701243000.0,2023-11-29 13:00:00+05:30
122.75,123.0,122.7,122.85,5748.0,1701243300.0,2023-11-29 13:05:00+05:30
122.85,123.1,122.8,123.1,1816.0,1701243600.0,2023-11-29 13:10:00+05:30
123.1,123.1,122.75,122.8,4744.0,1701243900.0,2023-11-29 13:15:00+05:30
122.8,123.05,122.8,123.05,1720.0,1701244200.0,2023-11-29 13:20:00+05:30
122.9,123.0,122.8,123.0,1248.0,1701244500.0,2023-11-29 13:25:00+05:30
123.0,123.2,122.9,123.15,4468.0,1701244800.0,2023-11-29 13:30:00+05:30
123.15,123.2,123.0,123.0,3100.0,1701245100.0,2023-11-29 13:35:00+05:30
123.0,123.05,122.9,123.05,1460.0,1701245400.0,2023-11-29 13:40:00+05:30
123.05,123.35,123.0,123.35,4836.0,1701245700.0,2023-11-29 13:45:00+05:30
123.35,123.4,123.2,123.35,2572.0,1701246000.0,2023-11-29 13:50:00+05:30
123.35,123.4,123.2,123.2,940.0,1701246300.0,2023-11-29 13:55:00+05:30
123.2,123.35,123.2,123.2,516.0,1701246600.0,2023-11-29 14:00:00+05:30
123.2,123.6,123.2,123.6,10292.0,1701246900.0,2023-11-29 14:05:00+05:30
123.6,123.7,123.45,123.7,9684.0,1701247200.0,2023-11-29 14:10:00+05:30
123.7,123.75,123.5,123.65,6908.0,1701247500.0,2023-11-29 14:15:00+05:30
123.65,123.7,123.4,123.5,8528.0,1701247800.0,2023-11-29 14:20:00+05:30
123.4,123.45,123.1,123.45,2992.0,1701248100.0,2023-11-29 14:25:00+05:30
123.45,124.6,123.4,124.35,17960.0,1701248400.0,2023-11-29 14:30:00+05:30
124.35,124.55,123.9,124.1,50568.0,1701248700.0,2023-11-29 14:35:00+05:30
124.1,124.1,123.25,123.45,12912.0,1701249000.0,2023-11-29 14:40:00+05:30
123.6,123.6,123.0,123.0,2208.0,1701249300.0,2023-11-29 14:45:00+05:30
123.0,123.25,123.0,123.1,2684.0,1701249600.0,2023-11-29 14:50:00+05:30
123.1,123.2,122.8,122.9,4512.0,1701249900.0,2023-11-29 14:55:00+05:30
122.9,122.95,122.65,122.95,19648.0,1701250200.0,2023-11-29 15:00:00+05:30
122.9,123.2,122.9,123.2,7184.0,1701250500.0,2023-11-29 15:05:00+05:30
123.2,123.8,123.0,123.4,19004.0,1701250800.0,2023-11-29 15:10:00+05:30
123.75,123.75,123.05,123.05,9984.0,1701251100.0,2023-11-29 15:15:00+05:30
123.05,123.6,123.0,123.25,12300.0,1701251400.0,2023-11-29 15:20:00+05:30
123.25,123.55,122.25,122.85,37636.0,1701251700.0,2023-11-29 15:25:00+05:30
123.0,123.05,121.75,122.6,28324.0,1701315900.0,2023-11-30 09:15:00+05:30
122.4,123.6,122.4,123.55,25384.0,1701316200.0,2023-11-30 09:20:00+05:30
123.5,123.5,123.05,123.4,13848.0,1701316500.0,2023-11-30 09:25:00+05:30
123.3,123.6,123.3,123.4,3404.0,1701316800.0,2023-11-30 09:30:00+05:30
123.3,123.4,123.15,123.15,5552.0,1701317100.0,2023-11-30 09:35:00+05:30
123.05,123.1,122.85,122.9,8500.0,1701317400.0,2023-11-30 09:40:00+05:30
123.1,123.1,122.6,122.7,6576.0,1701317700.0,2023-11-30 09:45:00+05:30
122.6,122.7,122.05,122.15,6460.0,1701318000.0,2023-11-30 09:50:00+05:30
122.15,122.6,122.0,122.4,12376.0,1701318300.0,2023-11-30 09:55:00+05:30
122.4,122.6,122.35,122.45,3080.0,1701318600.0,2023-11-30 10:00:00+05:30
122.45,122.9,122.25,122.35,13820.0,1701318900.0,2023-11-30 10:05:00+05:30
122.4,122.6,122.3,122.6,11616.0,1701319200.0,2023-11-30 10:10:00+05:30
122.6,123.1,122.6,123.1,2416.0,1701319500.0,2023-11-30 10:15:00+05:30
122.9,123.0,122.8,122.8,6568.0,1701319800.0,2023-11-30 10:20:00+05:30
122.8,123.05,122.7,122.9,3980.0,1701320100.0,2023-11-30 10:25:00+05:30
122.9,122.9,122.65,122.9,3360.0,1701320400.0,2023-11-30 10:30:00+05:30
122.9,123.7,122.75,123.5,13256.0,1701320700.0,2023-11-30 10:35:00+05:30
123.5,123.5,123.15,123.2,6992.0,1701321000.0,2023-11-30 10:40:00+05:30
123.2,123.45,123.15,123.3,2492.0,1701321300.0,2023-11-30 10:45:00+05:30
123.3,123.3,123.1,123.1,788.0,1701321600.0,2023-11-30 10:50:00+05:30
123.1,123.45,122.9,122.9,6568.0,1701321900.0,2023-11-30 10:55:00+05:30
122.9,123.4,122.85,123.4,2552.0,1701322200.0,2023-11-30 11:00:00+05:30
123.4,123.85,123.15,123.8,8512.0,1701322500.0,2023-11-30 11:05:00+05:30
123.9,124.35,123.6,124.1,12512.0,1701322800.0,2023-11-30 11:10:00+05:30
124.1,124.1,123.35,123.55,5944.0,1701323100.0,2023-11-30 11:15:00+05:30
123.45,123.85,123.45,123.85,4804.0,1701323400.0,2023-11-30 11:20:00+05:30
123.85,123.9,123.65,123.9,1320.0,1701323700.0,2023-11-30 11:25:00+05:30
123.9,124.3,123.9,124.1,11248.0,1701324000.0,2023-11-30 11:30:00+05:30
124.1,124.25,123.7,124.2,6456.0,1701324300.0,2023-11-30 11:35:00+05:30
124.2,124.25,124.0,124.0,2992.0,1701324600.0,2023-11-30 11:40:00+05:30
124.15,124.15,123.9,124.1,2496.0,1701324900.0,2023-11-30 11:45:00+05:30
124.1,124.15,123.95,123.95,1776.0,1701325200.0,2023-11-30 11:50:00+05:30
123.95,124.0,123.7,123.9,2156.0,1701325500.0,2023-11-30 11:55:00+05:30
123.9,123.9,123.25,123.25,5476.0,1701325800.0,2023-11-30 12:00:00+05:30
123.25,123.4,123.1,123.35,3924.0,1701326100.0,2023-11-30 12:05:00+05:30
123.35,123.75,123.3,123.75,7816.0,1701326400.0,2023-11-30 12:10:00+05:30
123.75,124.95,123.45,124.7,36516.0,1701326700.0,2023-11-30 12:15:00+05:30
124.8,125.8,124.75,125.75,93976.0,1701327000.0,2023-11-30 12:20:00+05:30
125.75,126.1,125.55,126.1,22252.0,1701327300.0,2023-11-30 12:25:00+05:30
126.05,127.0,126.05,126.8,65468.0,1701327600.0,2023-11-30 12:30:00+05:30
126.8,127.0,126.5,126.65,29424.0,1701327900.0,2023-11-30 12:35:00+05:30
126.65,127.0,126.65,126.9,6832.0,1701328200.0,2023-11-30 12:40:00+05:30
126.9,126.9,126.65,126.65,3880.0,1701328500.0,2023-11-30 12:45:00+05:30
126.65,126.9,126.6,126.75,21972.0,1701328800.0,2023-11-30 12:50:00+05:30
126.85,126.95,126.65,126.9,13784.0,1701329100.0,2023-11-30 12:55:00+05:30
126.9,126.9,126.65,126.9,5104.0,1701329400.0,2023-11-30 13:00:00+05:30
126.9,126.9,126.65,126.75,4272.0,1701329700.0,2023-11-30 13:05:00+05:30
126.65,126.8,126.65,126.8,7936.0,1701330000.0,2023-11-30 13:10:00+05:30
126.8,126.8,126.65,126.75,5672.0,1701330300.0,2023-11-30 13:15:00+05:30
126.65,127.0,126.65,126.95,15992.0,1701330600.0,2023-11-30 13:20:00+05:30
126.85,127.0,126.85,126.9,4980.0,1701330900.0,2023-11-30 13:25:00+05:30
126.9,126.9,126.65,126.8,8344.0,1701331200.0,2023-11-30 13:30:00+05:30
126.7,126.9,126.6,126.9,41568.0,1701331500.0,2023-11-30 13:35:00+05:30
126.9,126.9,126.6,126.65,30952.0,1701331800.0,2023-11-30 13:40:00+05:30
126.65,126.75,126.6,126.75,18236.0,1701332100.0,2023-11-30 13:45:00+05:30
126.75,126.75,126.65,126.7,8732.0,1701332400.0,2023-11-30 13:50:00+05:30
126.7,126.75,126.65,126.7,21036.0,1701332700.0,2023-11-30 13:55:00+05:30
126.7,126.7,126.5,126.65,53784.0,1701333000.0,2023-11-30 14:00:00+05:30
126.65,126.7,126.15,126.45,32404.0,1701333300.0,2023-11-30 14:05:00+05:30
126.45,126.65,126.25,126.65,20160.0,1701333600.0,2023-11-30 14:10:00+05:30
126.65,126.7,126.5,126.65,14776.0,1701333900.0,2023-11-30 14:15:00+05:30
126.65,126.65,126.55,126.65,24356.0,1701334200.0,2023-11-30 14:20:00+05:30
126.65,126.7,126.4,126.65,17808.0,1701334500.0,2023-11-30 14:25:00+05:30
126.65,126.7,126.4,126.65,11652.0,1701334800.0,2023-11-30 14:30:00+05:30
126.65,126.7,126.5,126.5,6548.0,1701335100.0,2023-11-30 14:35:00+05:30
126.5,126.65,126.4,126.55,6596.0,1701335400.0,2023-11-30 14:40:00+05:30
126.65,126.7,126.5,126.7,9124.0,1701335700.0,2023-11-30 14:45:00+05:30
126.7,126.7,126.5,126.65,6816.0,1701336000.0,2023-11-30 14:50:00+05:30
126.5,126.65,126.3,126.3,7124.0,1701336300.0,2023-11-30 14:55:00+05:30
126.45,126.75,126.05,126.7,330800.0,1701336600.0,2023-11-30 15:00:00+05:30
126.6,126.6,125.85,125.85,299392.0,1701336900.0,2023-11-30 15:05:00+05:30
125.75,125.75,122.45,122.45,372812.0,1701337200.0,2023-11-30 15:10:00+05:30
122.5,122.5,120.4,120.4,488712.0,1701337500.0,2023-11-30 15:15:00+05:30
120.35,120.35,118.75,119.65,789256.0,1701337800.0,2023-11-30 15:20:00+05:30
119.6,120.5,119.6,120.3,377344.0,1701338100.0,2023-11-30 15:25:00+05:30
121.2,121.4,120.4,120.55,55876.0,1701402300.0,2023-12-01 09:15:00+05:30
120.6,121.25,120.6,120.7,32348.0,1701402600.0,2023-12-01 09:20:00+05:30
120.8,121.05,120.7,120.8,23160.0,1701402900.0,2023-12-01 09:25:00+05:30
120.8,121.2,120.75,121.1,3440.0,1701403200.0,2023-12-01 09:30:00+05:30
121.2,121.2,120.9,121.05,4664.0,1701403500.0,2023-12-01 09:35:00+05:30
121.35,121.75,120.95,121.2,22924.0,1701403800.0,2023-12-01 09:40:00+05:30
121.1,121.5,121.1,121.4,5996.0,1701404100.0,2023-12-01 09:45:00+05:30
121.55,121.9,121.4,121.65,20656.0,1701404400.0,2023-12-01 09:50:00+05:30
121.7,121.9,121.6,121.75,7624.0,1701404700.0,2023-12-01 09:55:00+05:30
121.75,121.9,121.7,121.75,8792.0,1701405000.0,2023-12-01 10:00:00+05:30
121.9,121.9,121.7,121.75,9880.0,1701405300.0,2023-12-01 10:05:00+05:30
121.75,122.2,121.65,122.2,22856.0,1701405600.0,2023-12-01 10:10:00+05:30
122.2,122.6,121.95,122.6,12040.0,1701405900.0,2023-12-01 10:15:00+05:30
122.6,122.8,122.5,122.6,54620.0,1701406200.0,2023-12-01 10:20:00+05:30
122.6,122.6,122.25,122.35,9152.0,1701406500.0,2023-12-01 10:25:00+05:30
122.35,122.35,122.15,122.3,2956.0,1701406800.0,2023-12-01 10:30:00+05:30
122.25,122.3,122.25,122.3,9732.0,1701407100.0,2023-12-01 10:35:00+05:30
122.3,122.3,122.15,122.25,4804.0,1701407400.0,2023-12-01 10:40:00+05:30
122.25,122.3,122.15,122.25,2460.0,1701407700.0,2023-12-01 10:45:00+05:30
122.25,122.35,122.15,122.15,3516.0,1701408000.0,2023-12-01 10:50:00+05:30
122.15,122.4,122.15,122.3,4948.0,1701408300.0,2023-12-01 10:55:00+05:30
122.3,122.45,122.3,122.45,888.0,1701408600.0,2023-12-01 11:00:00+05:30
122.5,122.9,122.5,122.9,7460.0,1701408900.0,2023-12-01 11:05:00+05:30
122.9,122.9,122.5,122.7,48336.0,1701409200.0,2023-12-01 11:10:00+05:30
122.7,123.4,122.7,123.4,11340.0,1701409500.0,2023-12-01 11:15:00+05:30
123.4,123.4,122.95,123.0,20288.0,1701409800.0,2023-12-01 11:20:00+05:30
123.15,123.15,122.95,123.1,6448.0,1701410100.0,2023-12-01 11:25:00+05:30
123.1,123.5,123.1,123.4,17460.0,1701410400.0,2023-12-01 11:30:00+05:30
123.4,123.4,123.2,123.3,1460.0,1701410700.0,2023-12-01 11:35:00+05:30
123.3,123.3,123.1,123.3,1272.0,1701411000.0,2023-12-01 11:40:00+05:30
123.0,123.45,123.0,123.4,15296.0,1701411300.0,2023-12-01 11:45:00+05:30
123.45,123.6,123.35,123.45,6416.0,1701411600.0,2023-12-01 11:50:00+05:30
123.45,123.6,123.3,123.6,10752.0,1701411900.0,2023-12-01 11:55:00+05:30
123.6,123.6,123.35,123.6,10688.0,1701412200.0,2023-12-01 12:00:00+05:30
123.55,123.55,122.75,122.8,10604.0,1701412500.0,2023-12-01 12:05:00+05:30
122.6,122.75,122.5,122.5,1968.0,1701412800.0,2023-12-01 12:10:00+05:30
122.7,122.85,122.6,122.85,3596.0,1701413100.0,2023-12-01 12:15:00+05:30
122.85,122.95,122.7,122.9,5972.0,1701413400.0,2023-12-01 12:20:00+05:30
122.9,122.9,122.7,122.85,352.0,1701413700.0,2023-12-01 12:25:00+05:30
122.85,122.85,122.7,122.75,1528.0,1701414000.0,2023-12-01 12:30:00+05:30
122.75,123.0,122.75,123.0,5908.0,1701414300.0,2023-12-01 12:35:00+05:30
123.0,123.0,122.75,122.85,20884.0,1701414600.0,2023-12-01 12:40:00+05:30
122.85,122.85,122.75,122.8,1988.0,1701414900.0,2023-12-01 12:45:00+05:30
122.8,122.8,122.75,122.8,10464.0,1701415200.0,2023-12-01 12:50:00+05:30
122.8,122.8,122.75,122.8,4604.0,1701415500.0,2023-12-01 12:55:00+05:30
122.8,122.8,122.75,122.8,2856.0,1701415800.0,2023-12-01 13:00:00+05:30
122.8,122.8,122.75,122.8,7340.0,1701416100.0,2023-12-01 13:05:00+05:30
122.8,122.85,122.75,122.85,22576.0,1701416400.0,2023-12-01 13:10:00+05:30
122.85,122.85,122.8,122.85,416.0,1701416700.0,2023-12-01 13:15:00+05:30
122.85,122.9,122.8,122.9,1368.0,1701417000.0,2023-12-01 13:20:00+05:30
122.9,122.95,122.9,122.9,1112.0,1701417300.0,2023-12-01 13:25:00+05:30
122.9,122.95,122.85,122.9,5872.0,1701417600.0,2023-12-01 13:30:00+05:30
122.9,122.9,122.9,122.9,5972.0,1701417900.0,2023-12-01 13:35:00+05:30
122.9,122.9,122.9,122.9,4680.0,1701418200.0,2023-12-01 13:40:00+05:30
122.9,123.1,122.85,123.05,25880.0,1701418500.0,2023-12-01 13:45:00+05:30
123.05,123.1,122.5,122.65,8496.0,1701418800.0,2023-12-01 13:50:00+05:30
122.65,122.65,122.5,122.6,12264.0,1701419100.0,2023-12-01 13:55:00+05:30
122.6,122.85,122.5,122.75,4164.0,1701419400.0,2023-12-01 14:00:00+05:30
122.75,122.9,122.5,122.85,16416.0,1701419700.0,2023-12-01 14:05:00+05:30
122.85,122.9,122.75,122.9,3908.0,1701420000.0,2023-12-01 14:10:00+05:30
122.9,122.9,122.85,122.9,1420.0,1701420300.0,2023-12-01 14:15:00+05:30
122.9,122.9,122.85,122.85,3280.0,1701420600.0,2023-12-01 14:20:00+05:30
122.9,122.95,122.7,122.9,14400.0,1701420900.0,2023-12-01 14:25:00+05:30
122.9,122.95,122.85,122.95,11376.0,1701421200.0,2023-12-01 14:30:00+05:30
122.95,122.95,122.85,122.95,1332.0,1701421500.0,2023-12-01 14:35:00+05:30
122.95,122.95,122.85,122.85,4364.0,1701421800.0,2023-12-01 14:40:00+05:30
122.9,122.95,122.85,122.85,11728.0,1701422100.0,2023-12-01 14:45:00+05:30
122.9,122.9,122.85,122.9,13140.0,1701422400.0,2023-12-01 14:50:00+05:30
122.9,123.1,122.85,123.1,11668.0,1701422700.0,2023-12-01 14:55:00+05:30
123.1,123.2,123.0,123.1,11320.0,1701423000.0,2023-12-01 15:00:00+05:30
123.1,123.1,123.05,123.1,8868.0,1701423300.0,2023-12-01 15:05:00+05:30
123.0,123.25,123.0,123.1,14988.0,1701423600.0,2023-12-01 15:10:00+05:30
123.1,123.25,122.8,122.8,104604.0,1701423900.0,2023-12-01 15:15:00+05:30
122.8,122.8,122.0,122.1,13288.0,1701424200.0,2023-12-01 15:20:00+05:30
122.1,122.5,121.75,122.5,14056.0,1701424500.0,2023-12-01 15:25:00+05:30
124.95,124.95,122.0,122.45,37348.0,1701661500.0,2023-12-04 09:15:00+05:30
122.1,122.45,121.9,122.2,22480.0,1701661800.0,2023-12-04 09:20:00+05:30
122.1,122.45,121.95,122.0,16296.0,1701662100.0,2023-12-04 09:25:00+05:30
122.1,122.2,121.6,121.65,10440.0,1701662400.0,2023-12-04 09:30:00+05:30
121.6,121.7,121.25,121.4,17816.0,1701662700.0,2023-12-04 09:35:00+05:30
121.5,121.6,121.25,121.3,16412.0,1701663000.0,2023-12-04 09:40:00+05:30
121.3,121.4,121.05,121.25,8736.0,1701663300.0,2023-12-04 09:45:00+05:30
121.25,121.5,121.0,121.15,10196.0,1701663600.0,2023-12-04 09:50:00+05:30
121.15,121.15,120.9,120.9,11740.0,1701663900.0,2023-12-04 09:55:00+05:30
120.95,121.15,120.8,121.0,10244.0,1701664200.0,2023-12-04 10:00:00+05:30
121.0,121.1,120.9,121.1,4668.0,1701664500.0,2023-12-04 10:05:00+05:30
121.1,121.3,120.8,120.8,18932.0,1701664800.0,2023-12-04 10:10:00+05:30
120.6,121.1,120.55,120.8,15160.0,1701665100.0,2023-12-04 10:15:00+05:30
121.0,121.1,120.8,121.05,4596.0,1701665400.0,2023-12-04 10:20:00+05:30
121.05,121.1,120.9,121.0,4272.0,1701665700.0,2023-12-04 10:25:00+05:30
121.1,121.25,121.0,121.25,8436.0,1701666000.0,2023-12-04 10:30:00+05:30
121.1,121.25,120.9,120.95,12068.0,1701666300.0,2023-12-04 10:35:00+05:30
120.95,121.1,120.8,121.1,13892.0,1701666600.0,2023-12-04 10:40:00+05:30
121.1,121.2,120.85,121.0,8880.0,1701666900.0,2023-12-04 10:45:00+05:30
121.0,121.1,120.95,121.1,2576.0,1701667200.0,2023-12-04 10:50:00+05:30
121.1,121.2,120.75,121.2,8504.0,1701667500.0,2023-12-04 10:55:00+05:30
121.2,121.25,120.9,120.95,18068.0,1701667800.0,2023-12-04 11:00:00+05:30
120.95,120.95,120.8,120.95,2924.0,1701668100.0,2023-12-04 11:05:00+05:30
120.95,120.95,120.85,120.95,2764.0,1701668400.0,2023-12-04 11:10:00+05:30
120.95,120.95,120.8,120.95,1924.0,1701668700.0,2023-12-04 11:15:00+05:30
120.95,121.1,120.9,121.1,4816.0,1701669000.0,2023-12-04 11:20:00+05:30
121.1,121.15,120.9,121.15,2436.0,1701669300.0,2023-12-04 11:25:00+05:30
121.15,121.2,120.9,121.05,5292.0,1701669600.0,2023-12-04 11:30:00+05:30
120.9,121.2,120.9,120.95,6336.0,1701669900.0,2023-12-04 11:35:00+05:30
120.95,121.1,120.8,120.85,5696.0,1701670200.0,2023-12-04 11:40:00+05:30
120.85,121.05,120.8,121.0,2360.0,1701670500.0,2023-12-04 11:45:00+05:30
121.0,121.2,120.8,120.9,18920.0,1701670800.0,2023-12-04 11:50:00+05:30
120.9,121.05,120.75,120.75,9184.0,1701671100.0,2023-12-04 11:55:00+05:30
120.75,120.85,120.5,120.5,9744.0,1701671400.0,2023-12-04 12:00:00+05:30
120.5,120.7,120.5,120.5,5756.0,1701671700.0,2023-12-04 12:05:00+05:30
120.5,120.65,120.45,120.6,3912.0,1701672000.0,2023-12-04 12:10:00+05:30
120.6,120.6,120.25,120.4,10108.0,1701672300.0,2023-12-04 12:15:00+05:30
120.4,120.7,120.4,120.7,2924.0,1701672600.0,2023-12-04 12:20:00+05:30
120.7,120.7,120.25,120.3,5216.0,1701672900.0,2023-12-04 12:25:00+05:30
120.3,120.3,120.0,120.0,6032.0,1701673200.0,2023-12-04 12:30:00+05:30
120.0,120.25,120.0,120.0,6104.0,1701673500.0,2023-12-04 12:35:00+05:30
120.0,120.0,119.5,119.95,32456.0,1701673800.0,2023-12-04 12:40:00+05:30
119.95,119.95,119.7,119.85,4232.0,1701674100.0,2023-12-04 12:45:00+05:30
119.85,120.05,119.85,120.0,8500.0,1701674400.0,2023-12-04 12:50:00+05:30
120.0,120.3,119.9,120.2,2908.0,1701674700.0,2023-12-04 12:55:00+05:30
120.2,120.5,120.2,120.5,5116.0,1701675000.0,2023-12-04 13:00:00+05:30
120.5,120.5,120.35,120.5,2072.0,1701675300.0,2023-12-04 13:05:00+05:30
120.5,120.7,120.25,120.25,6436.0,1701675600.0,2023-12-04 13:10:00+05:30
120.25,120.45,120.25,120.3,736.0,1701675900.0,2023-12-04 13:15:00+05:30
120.4,120.45,120.25,120.45,5300.0,1701676200.0,2023-12-04 13:20:00+05:30
120.45,120.45,120.25,120.25,628.0,1701676500.0,2023-12-04 13:25:00+05:30
120.25,120.35,120.25,120.35,2188.0,1701676800.0,2023-12-04 13:30:00+05:30
120.35,120.45,120.1,120.4,5880.0,1701677100.0,2023-12-04 13:35:00+05:30
120.4,120.65,120.25,120.5,5980.0,1701677400.0,2023-12-04 13:40:00+05:30
120.5,120.65,120.25,120.65,5664.0,1701677700.0,2023-12-04 13:45:00+05:30
120.65,120.9,120.5,120.75,3472.0,1701678000.0,2023-12-04 13:50:00+05:30
120.6,120.75,120.5,120.6,1832.0,1701678300.0,2023-12-04 13:55:00+05:30
120.7,120.75,120.45,120.5,5632.0,1701678600.0,2023-12-04 14:00:00+05:30
120.5,120.6,120.35,120.4,1796.0,1701678900.0,2023-12-04 14:05:00+05:30
120.4,120.45,120.25,120.4,1984.0,1701679200.0,2023-12-04 14:10:00+05:30
120.4,120.45,120.25,120.35,980.0,1701679500.0,2023-12-04 14:15:00+05:30
120.35,120.45,120.2,120.4,940.0,1701679800.0,2023-12-04 14:20:00+05:30
120.4,120.4,120.25,120.35,1544.0,1701680100.0,2023-12-04 14:25:00+05:30
120.35,120.45,120.2,120.2,4568.0,1701680400.0,2023-12-04 14:30:00+05:30
120.2,120.35,120.15,120.15,2024.0,1701680700.0,2023-12-04 14:35:00+05:30
120.15,120.25,120.1,120.2,3724.0,1701681000.0,2023-12-04 14:40:00+05:30
120.2,120.2,119.8,120.0,8344.0,1701681300.0,2023-12-04 14:45:00+05:30
120.0,120.2,119.9,119.9,2184.0,1701681600.0,2023-12-04 14:50:00+05:30
119.9,120.15,119.8,120.05,5664.0,1701681900.0,2023-12-04 14:55:00+05:30
120.05,120.2,120.05,120.05,1060.0,1701682200.0,2023-12-04 15:00:00+05:30
120.2,120.25,120.05,120.25,17752.0,1701682500.0,2023-12-04 15:05:00+05:30
120.25,120.3,120.1,120.15,7056.0,1701682800.0,2023-12-04 15:10:00+05:30
120.15,120.2,119.75,119.75,14780.0,1701683100.0,2023-12-04 15:15:00+05:30
119.75,120.45,119.75,119.95,36232.0,1701683400.0,2023-12-04 15:20:00+05:30
119.95,120.0,119.65,120.0,33696.0,1701683700.0,2023-12-04 15:25:00+05:30
120.8,121.5,120.6,121.2,17300.0,1701747900.0,2023-12-05 09:15:00+05:30
121.2,121.9,121.1,121.7,18388.0,1701748200.0,2023-12-05 09:20:00+05:30
121.7,121.7,121.2,121.2,3608.0,1701748500.0,2023-12-05 09:25:00+05:30
121.2,121.45,121.2,121.4,4076.0,1701748800.0,2023-12-05 09:30:00+05:30
121.4,121.6,121.25,121.55,13044.0,1701749100.0,2023-12-05 09:35:00+05:30
121.55,121.6,121.25,121.4,3176.0,1701749400.0,2023-12-05 09:40:00+05:30
121.4,121.4,121.1,121.2,3144.0,1701749700.0,2023-12-05 09:45:00+05:30
121.2,121.25,120.9,121.1,7676.0,1701750000.0,2023-12-05 09:50:00+05:30
121.1,121.4,121.0,121.4,2564.0,1701750300.0,2023-12-05 09:55:00+05:30
121.4,121.4,120.8,120.9,8456.0,1701750600.0,2023-12-05 10:00:00+05:30
120.75,120.9,120.25,120.35,9464.0,1701750900.0,2023-12-05 10:05:00+05:30
120.35,120.5,120.25,120.5,7448.0,1701751200.0,2023-12-05 10:10:00+05:30
120.5,120.5,120.35,120.5,7508.0,1701751500.0,2023-12-05 10:15:00+05:30
120.4,120.85,120.4,120.85,4392.0,1701751800.0,2023-12-05 10:20:00+05:30
120.8,121.25,120.8,121.0,6552.0,1701752100.0,2023-12-05 10:25:00+05:30
121.0,121.1,120.8,121.0,2156.0,1701752400.0,2023-12-05 10:30:00+05:30
121.0,121.0,121.0,121.0,252.0,1701752700.0,2023-12-05 10:35:00+05:30
121.0,121.0,120.6,120.8,2700.0,1701753000.0,2023-12-05 10:40:00+05:30
120.55,120.6,120.4,120.4,2544.0,1701753300.0,2023-12-05 10:45:00+05:30
120.4,120.6,120.4,120.6,960.0,1701753600.0,2023-12-05 10:50:00+05:30
120.6,120.6,120.4,120.4,1132.0,1701753900.0,2023-12-05 10:55:00+05:30
120.4,120.75,120.4,120.75,6084.0,1701754200.0,2023-12-05 11:00:00+05:30
120.85,120.95,120.6,120.9,1716.0,1701754500.0,2023-12-05 11:05:00+05:30
120.9,120.9,120.6,120.6,664.0,1701754800.0,2023-12-05 11:10:00+05:30
120.6,120.8,120.45,120.45,3528.0,1701755100.0,2023-12-05 11:15:00+05:30
120.45,120.7,120.35,120.35,9848.0,1701755400.0,2023-12-05 11:20:00+05:30
120.45,120.45,120.25,120.45,716.0,1701755700.0,2023-12-05 11:25:00+05:30
120.45,120.45,119.75,119.9,8012.0,1701756000.0,2023-12-05 11:30:00+05:30
119.9,119.9,119.6,119.6,4612.0,1701756300.0,2023-12-05 11:35:00+05:30
119.6,119.8,119.5,119.5,15252.0,1701756600.0,2023-12-05 11:40:00+05:30
119.5,119.9,119.5,119.7,5608.0,1701756900.0,2023-12-05 11:45:00+05:30
119.7,119.7,119.25,119.3,7176.0,1701757200.0,2023-12-05 11:50:00+05:30
119.45,119.6,119.3,119.6,1856.0,1701757500.0,2023-12-05 11:55:00+05:30
119.6,119.7,119.2,119.2,9240.0,1701757800.0,2023-12-05 12:00:00+05:30
119.4,119.4,119.25,119.25,1244.0,1701758100.0,2023-12-05 12:05:00+05:30
119.25,119.35,118.75,119.1,28924.0,1701758400.0,2023-12-05 12:10:00+05:30
119.1,119.3,119.05,119.3,2408.0,1701758700.0,2023-12-05 12:15:00+05:30
119.3,119.45,119.3,119.45,1448.0,1701759000.0,2023-12-05 12:20:00+05:30
119.45,119.7,119.45,119.6,7004.0,1701759300.0,2023-12-05 12:25:00+05:30
119.6,119.9,119.5,119.8,23724.0,1701759600.0,2023-12-05 12:30:00+05:30
119.9,120.2,119.9,120.2,12008.0,1701759900.0,2023-12-05 12:35:00+05:30
120.2,120.3,120.0,120.1,5644.0,1701760200.0,2023-12-05 12:40:00+05:30
120.1,120.1,119.8,120.1,1716.0,1701760500.0,2023-12-05 12:45:00+05:30
120.1,120.15,120.0,120.0,616.0,1701760800.0,2023-12-05 12:50:00+05:30
120.0,120.15,120.0,120.15,428.0,1701761100.0,2023-12-05 12:55:00+05:30
120.0,120.2,119.8,120.0,5204.0,1701761400.0,2023-12-05 13:00:00+05:30
120.1,120.1,119.9,120.1,680.0,1701761700.0,2023-12-05 13:05:00+05:30
120.1,120.1,119.75,119.75,22128.0,1701762000.0,2023-12-05 13:10:00+05:30
119.75,119.75,119.5,119.55,1436.0,1701762300.0,2023-12-05 13:15:00+05:30
119.55,119.85,119.55,119.85,4984.0,1701762600.0,2023-12-05 13:20:00+05:30
119.85,119.95,119.7,119.75,41272.0,1701762900.0,2023-12-05 13:25:00+05:30
119.75,119.8,119.6,119.8,1536.0,1701763200.0,2023-12-05 13:30:00+05:30
119.75,119.9,119.55,119.55,3128.0,1701763500.0,2023-12-05 13:35:00+05:30
119.55,119.6,119.4,119.6,4800.0,1701763800.0,2023-12-05 13:40:00+05:30
119.35,119.5,119.25,119.35,3500.0,1701764100.0,2023-12-05 13:45:00+05:30
119.35,119.45,119.35,119.45,1436.0,1701764400.0,2023-12-05 13:50:00+05:30
119.45,119.45,119.2,119.2,2252.0,1701764700.0,2023-12-05 13:55:00+05:30
119.1,119.3,119.05,119.05,2896.0,1701765000.0,2023-12-05 14:00:00+05:30
119.05,119.1,118.95,119.1,9664.0,1701765300.0,2023-12-05 14:05:00+05:30
119.0,119.1,118.8,118.8,5484.0,1701765600.0,2023-12-05 14:10:00+05:30
118.8,119.1,118.5,118.9,19468.0,1701765900.0,2023-12-05 14:15:00+05:30
118.9,118.9,118.25,118.3,11264.0,1701766200.0,2023-12-05 14:20:00+05:30
118.3,118.75,118.3,118.75,828.0,1701766500.0,2023-12-05 14:25:00+05:30
118.75,118.75,118.2,118.5,10532.0,1701766800.0,2023-12-05 14:30:00+05:30
118.5,118.6,118.25,118.3,4776.0,1701767100.0,2023-12-05 14:35:00+05:30
118.3,118.8,118.3,118.8,10608.0,1701767400.0,2023-12-05 14:40:00+05:30
118.8,118.9,118.6,118.85,8416.0,1701767700.0,2023-12-05 14:45:00+05:30
118.85,118.9,118.6,118.8,2468.0,1701768000.0,2023-12-05 14:50:00+05:30
118.8,118.85,118.5,118.7,4300.0,1701768300.0,2023-12-05 14:55:00+05:30
118.7,118.75,118.55,118.75,224.0,1701768600.0,2023-12-05 15:00:00+05:30
118.75,118.75,118.55,118.75,2324.0,1701768900.0,2023-12-05 15:05:00+05:30
118.75,118.75,118.6,118.65,2284.0,1701769200.0,2023-12-05 15:10:00+05:30
118.7,118.7,118.2,118.2,22604.0,1701769500.0,2023-12-05 15:15:00+05:30
118.25,118.3,118.0,118.2,35340.0,1701769800.0,2023-12-05 15:20:00+05:30
118.2,118.85,118.2,118.7,21916.0,1701770100.0,2023-12-05 15:25:00+05:30
119.4,120.0,119.05,119.1,29336.0,1701834300.0,2023-12-06 09:15:00+05:30
119.15,119.15,118.35,118.35,11992.0,1701834600.0,2023-12-06 09:20:00+05:30
118.35,118.45,117.7,117.9,51524.0,1701834900.0,2023-12-06 09:25:00+05:30
117.9,118.0,117.55,117.55,7140.0,1701835200.0,2023-12-06 09:30:00+05:30
117.55,117.85,116.85,117.25,51516.0,1701835500.0,2023-12-06 09:35:00+05:30
117.25,117.4,116.75,116.95,58564.0,1701835800.0,2023-12-06 09:40:00+05:30
116.45,116.95,116.45,116.9,19328.0,1701836100.0,2023-12-06 09:45:00+05:30
117.0,117.0,116.6,116.85,11368.0,1701836400.0,2023-12-06 09:50:00+05:30
116.85,117.1,116.6,116.75,19756.0,1701836700.0,2023-12-06 09:55:00+05:30
116.8,116.8,116.4,116.6,3468.0,1701837000.0,2023-12-06 10:00:00+05:30
116.6,116.7,116.4,116.65,8484.0,1701837300.0,2023-12-06 10:05:00+05:30
116.65,117.0,116.4,116.85,15048.0,1701837600.0,2023-12-06 10:10:00+05:30
116.85,116.95,116.7,116.95,2216.0,1701837900.0,2023-12-06 10:15:00+05:30
116.95,117.0,116.5,116.6,3004.0,1701838200.0,2023-12-06 10:20:00+05:30
116.5,116.7,116.5,116.65,11164.0,1701838500.0,2023-12-06 10:25:00+05:30
116.45,116.7,116.4,116.55,7572.0,1701838800.0,2023-12-06 10:30:00+05:30
116.7,117.2,116.55,116.95,22132.0,1701839100.0,2023-12-06 10:35:00+05:30
116.95,117.4,116.9,117.4,15920.0,1701839400.0,2023-12-06 10:40:00+05:30
117.3,117.55,117.3,117.55,7984.0,1701839700.0,2023-12-06 10:45:00+05:30
117.7,117.7,117.1,117.15,9844.0,1701840000.0,2023-12-06 10:50:00+05:30
117.0,117.7,116.9,117.7,23628.0,1701840300.0,2023-12-06 10:55:00+05:30
117.7,117.7,117.5,117.5,1056.0,1701840600.0,2023-12-06 11:00:00+05:30
117.5,117.75,117.5,117.65,6568.0,1701840900.0,2023-12-06 11:05:00+05:30
117.75,117.75,117.5,117.5,2216.0,1701841200.0,2023-12-06 11:10:00+05:30
117.5,117.75,117.5,117.75,2104.0,1701841500.0,2023-12-06 11:15:00+05:30
117.75,117.8,117.55,117.55,1660.0,1701841800.0,2023-12-06 11:20:00+05:30
117.55,117.75,117.55,117.6,748.0,1701842100.0,2023-12-06 11:25:00+05:30
117.6,117.75,117.5,117.5,4324.0,1701842400.0,2023-12-06 11:30:00+05:30
117.65,117.65,117.5,117.65,324.0,1701842700.0,2023-12-06 11:35:00+05:30
117.65,117.65,117.5,117.5,1228.0,1701843000.0,2023-12-06 11:40:00+05:30
117.5,117.65,117.5,117.6,652.0,1701843300.0,2023-12-06 11:45:00+05:30
117.6,117.6,117.45,117.6,1088.0,1701843600.0,2023-12-06 11:50:00+05:30
117.6,117.6,117.6,117.6,340.0,1701843900.0,2023-12-06 11:55:00+05:30
117.6,117.65,117.5,117.5,3084.0,1701844200.0,2023-12-06 12:00:00+05:30
117.5,117.7,117.5,117.65,1368.0,1701844500.0,2023-12-06 12:05:00+05:30
117.65,117.7,117.65,117.7,880.0,1701844800.0,2023-12-06 12:10:00+05:30
117.7,117.7,117.5,117.5,492.0,1701845100.0,2023-12-06 12:15:00+05:30
117.5,117.65,117.5,117.5,176.0,1701845400.0,2023-12-06 12:20:00+05:30
117.6,117.6,117.3,117.35,3108.0,1701845700.0,2023-12-06 12:25:00+05:30
117.35,117.5,117.35,117.4,736.0,1701846000.0,2023-12-06 12:30:00+05:30
117.4,117.4,117.25,117.25,2832.0,1701846300.0,2023-12-06 12:35:00+05:30
117.3,117.35,117.25,117.35,424.0,1701846600.0,2023-12-06 12:40:00+05:30
117.35,117.5,117.25,117.5,5580.0,1701846900.0,2023-12-06 12:45:00+05:30
117.5,117.55,117.35,117.35,1088.0,1701847200.0,2023-12-06 12:50:00+05:30
117.35,117.5,117.35,117.5,1800.0,1701847500.0,2023-12-06 12:55:00+05:30
117.5,117.6,117.4,117.55,8712.0,1701847800.0,2023-12-06 13:00:00+05:30
117.5,117.55,117.4,117.4,1784.0,1701848100.0,2023-12-06 13:05:00+05:30
117.4,117.55,117.35,117.45,1200.0,1701848400.0,2023-12-06 13:10:00+05:30
117.3,117.45,117.3,117.35,844.0,1701848700.0,2023-12-06 13:15:00+05:30
117.35,117.35,117.1,117.1,5120.0,1701849000.0,2023-12-06 13:20:00+05:30
117.05,117.45,117.05,117.1,2932.0,1701849300.0,2023-12-06 13:25:00+05:30
117.1,117.3,117.0,117.1,1692.0,1701849600.0,2023-12-06 13:30:00+05:30
117.1,117.4,117.1,117.2,1764.0,1701849900.0,2023-12-06 13:35:00+05:30
117.2,117.45,117.15,117.45,956.0,1701850200.0,2023-12-06 13:40:00+05:30
117.45,117.45,117.25,117.25,720.0,1701850500.0,2023-12-06 13:45:00+05:30
117.25,117.5,117.2,117.4,952.0,1701850800.0,2023-12-06 13:50:00+05:30
117.4,117.4,117.2,117.2,1716.0,1701851100.0,2023-12-06 13:55:00+05:30
117.2,117.3,117.1,117.1,7000.0,1701851400.0,2023-12-06 14:00:00+05:30
117.1,117.3,117.05,117.05,904.0,1701851700.0,2023-12-06 14:05:00+05:30
117.15,117.15,116.95,116.95,404.0,1701852000.0,2023-12-06 14:10:00+05:30
116.95,117.3,116.9,117.15,3216.0,1701852300.0,2023-12-06 14:15:00+05:30
117.15,117.15,117.1,117.1,5048.0,1701852600.0,2023-12-06 14:20:00+05:30
117.1,117.15,116.95,117.1,1496.0,1701852900.0,2023-12-06 14:25:00+05:30
117.1,117.3,117.1,117.15,704.0,1701853200.0,2023-12-06 14:30:00+05:30
117.15,117.8,117.05,117.4,8884.0,1701853500.0,2023-12-06 14:35:00+05:30
117.4,117.7,117.3,117.45,2036.0,1701853800.0,2023-12-06 14:40:00+05:30
117.35,117.35,116.95,117.1,5592.0,1701854100.0,2023-12-06 14:45:00+05:30
117.1,117.15,116.9,117.0,12136.0,1701854400.0,2023-12-06 14:50:00+05:30
116.95,117.05,116.9,117.0,8012.0,1701854700.0,2023-12-06 14:55:00+05:30
117.2,117.2,116.5,116.65,16724.0,1701855000.0,2023-12-06 15:00:00+05:30
116.8,116.9,116.5,116.7,5160.0,1701855300.0,2023-12-06 15:05:00+05:30
116.8,117.0,116.8,116.95,5064.0,1701855600.0,2023-12-06 15:10:00+05:30
116.95,117.1,116.55,117.1,8076.0,1701855900.0,2023-12-06 15:15:00+05:30
117.1,117.1,116.25,116.6,35528.0,1701856200.0,2023-12-06 15:20:00+05:30
116.6,117.4,116.45,116.85,25496.0,1701856500.0,2023-12-06 15:25:00+05:30
116.7,117.2,115.9,115.9,13828.0,1701920700.0,2023-12-07 09:15:00+05:30
115.9,116.35,115.75,116.15,22244.0,1701921000.0,2023-12-07 09:20:00+05:30
116.25,116.7,115.95,116.4,12240.0,1701921300.0,2023-12-07 09:25:00+05:30
116.4,117.05,116.4,117.0,8112.0,1701921600.0,2023-12-07 09:30:00+05:30
117.0,117.45,116.9,117.4,10492.0,1701921900.0,2023-12-07 09:35:00+05:30
117.4,117.85,117.4,117.75,13704.0,1701922200.0,2023-12-07 09:40:00+05:30
117.75,117.85,117.25,117.7,14552.0,1701922500.0,2023-12-07 09:45:00+05:30
117.85,118.0,117.75,117.8,5356.0,1701922800.0,2023-12-07 09:50:00+05:30
117.95,117.95,117.5,117.7,14584.0,1701923100.0,2023-12-07 09:55:00+05:30
117.8,117.8,117.5,117.5,2336.0,1701923400.0,2023-12-07 10:00:00+05:30
117.65,117.65,117.2,117.35,3532.0,1701923700.0,2023-12-07 10:05:00+05:30
117.35,117.35,117.2,117.25,488.0,1701924000.0,2023-12-07 10:10:00+05:30
117.25,117.25,116.75,116.75,7152.0,1701924300.0,2023-12-07 10:15:00+05:30
116.7,117.5,116.6,117.45,6280.0,1701924600.0,2023-12-07 10:20:00+05:30
117.45,117.45,117.15,117.4,6872.0,1701924900.0,2023-12-07 10:25:00+05:30
117.4,117.4,117.15,117.25,940.0,1701925200.0,2023-12-07 10:30:00+05:30
117.25,117.25,116.75,116.75,1500.0,1701925500.0,2023-12-07 10:35:00+05:30
116.7,116.9,116.6,116.6,3992.0,1701925800.0,2023-12-07 10:40:00+05:30
116.6,116.7,116.4,116.7,4024.0,1701926100.0,2023-12-07 10:45:00+05:30
116.7,116.75,116.5,116.75,552.0,1701926400.0,2023-12-07 10:50:00+05:30
116.75,116.75,116.55,116.75,1556.0,1701926700.0,2023-12-07 10:55:00+05:30
116.75,116.75,116.25,116.65,8536.0,1701927000.0,2023-12-07 11:00:00+05:30
116.65,116.75,116.55,116.6,828.0,1701927300.0,2023-12-07 11:05:00+05:30
116.6,116.75,116.5,116.5,1256.0,1701927600.0,2023-12-07 11:10:00+05:30
116.5,116.7,116.5,116.7,572.0,1701927900.0,2023-12-07 11:15:00+05:30
116.55,116.7,116.5,116.65,1072.0,1701928200.0,2023-12-07 11:20:00+05:30
116.65,116.7,116.55,116.7,912.0,1701928500.0,2023-12-07 11:25:00+05:30
116.7,116.7,116.5,116.65,300.0,1701928800.0,2023-12-07 11:30:00+05:30
116.65,116.7,116.55,116.55,220.0,1701929100.0,2023-12-07 11:35:00+05:30
116.55,117.5,116.55,117.5,13060.0,1701929400.0,2023-12-07 11:40:00+05:30
117.5,117.75,117.5,117.55,9524.0,1701929700.0,2023-12-07 11:45:00+05:30
117.55,117.55,117.0,117.1,6544.0,1701930000.0,2023-12-07 11:50:00+05:30
117.1,117.4,117.0,117.2,11480.0,1701930300.0,2023-12-07 11:55:00+05:30
117.2,117.2,117.0,117.2,892.0,1701930600.0,2023-12-07 12:00:00+05:30
117.2,117.7,117.2,117.5,12424.0,1701930900.0,2023-12-07 12:05:00+05:30
117.5,117.65,117.5,117.6,424.0,1701931200.0,2023-12-07 12:10:00+05:30
117.6,117.65,117.4,117.5,3332.0,1701931500.0,2023-12-07 12:15:00+05:30
117.5,117.7,117.3,117.7,6224.0,1701931800.0,2023-12-07 12:20:00+05:30
117.7,117.9,117.7,117.75,2244.0,1701932100.0,2023-12-07 12:25:00+05:30
117.75,117.75,117.6,117.6,2132.0,1701932400.0,2023-12-07 12:30:00+05:30
117.6,117.7,117.5,117.65,848.0,1701932700.0,2023-12-07 12:35:00+05:30
117.65,117.75,117.6,117.7,2080.0,1701933000.0,2023-12-07 12:40:00+05:30
117.65,117.75,117.5,117.5,316.0,1701933300.0,2023-12-07 12:45:00+05:30
117.5,117.75,117.5,117.6,4396.0,1701933600.0,2023-12-07 12:50:00+05:30
117.6,117.7,117.5,117.7,17224.0,1701933900.0,2023-12-07 12:55:00+05:30
117.7,117.8,117.7,117.8,4312.0,1701934200.0,2023-12-07 13:00:00+05:30
117.8,117.85,117.75,117.8,2836.0,1701934500.0,2023-12-07 13:05:00+05:30
117.8,117.85,117.75,117.85,836.0,1701934800.0,2023-12-07 13:10:00+05:30
117.85,118.0,117.8,117.95,4244.0,1701935100.0,2023-12-07 13:15:00+05:30
117.95,117.95,117.7,117.7,1372.0,1701935400.0,2023-12-07 13:20:00+05:30
117.7,118.75,117.7,118.75,25424.0,1701935700.0,2023-12-07 13:25:00+05:30
118.75,119.6,118.75,119.3,30560.0,1701936000.0,2023-12-07 13:30:00+05:30
119.3,119.3,119.0,119.0,6804.0,1701936300.0,2023-12-07 13:35:00+05:30
119.0,119.25,119.0,119.25,1224.0,1701936600.0,2023-12-07 13:40:00+05:30
119.25,119.6,119.25,119.6,13640.0,1701936900.0,2023-12-07 13:45:00+05:30
119.6,119.6,119.4,119.45,1112.0,1701937200.0,2023-12-07 13:50:00+05:30
119.4,119.5,119.3,119.3,2004.0,1701937500.0,2023-12-07 13:55:00+05:30
119.3,119.4,119.25,119.4,944.0,1701937800.0,2023-12-07 14:00:00+05:30
119.4,119.55,119.25,119.55,5408.0,1701938100.0,2023-12-07 14:05:00+05:30
119.55,120.3,119.5,119.75,20208.0,1701938400.0,2023-12-07 14:10:00+05:30
119.55,120.1,119.5,119.75,24516.0,1701938700.0,2023-12-07 14:15:00+05:30
119.75,119.75,119.25,119.35,8376.0,1701939000.0,2023-12-07 14:20:00+05:30
119.35,119.35,118.85,119.0,3540.0,1701939300.0,2023-12-07 14:25:00+05:30
118.9,119.2,118.8,118.8,5292.0,1701939600.0,2023-12-07 14:30:00+05:30
118.9,119.75,118.85,119.75,15712.0,1701939900.0,2023-12-07 14:35:00+05:30
119.75,119.75,119.5,119.5,7272.0,1701940200.0,2023-12-07 14:40:00+05:30
119.5,120.2,119.5,119.75,58140.0,1701940500.0,2023-12-07 14:45:00+05:30
119.75,119.75,119.5,119.7,2056.0,1701940800.0,2023-12-07 14:50:00+05:30
119.7,119.8,119.3,119.8,9036.0,1701941100.0,2023-12-07 14:55:00+05:30
119.8,120.1,119.6,120.0,9504.0,1701941400.0,2023-12-07 15:00:00+05:30
120.0,120.2,120.0,120.0,14244.0,1701941700.0,2023-12-07 15:05:00+05:30
120.1,120.35,119.8,120.0,40096.0,1701942000.0,2023-12-07 15:10:00+05:30
120.0,120.1,120.0,120.0,13172.0,1701942300.0,2023-12-07 15:15:00+05:30
120.0,120.1,119.95,120.0,14808.0,1701942600.0,2023-12-07 15:20:00+05:30
120.1,120.4,119.8,120.25,41708.0,1701942900.0,2023-12-07 15:25:00+05:30
120.85,120.85,119.25,119.3,9196.0,1702007100.0,2023-12-08 09:15:00+05:30
119.5,119.5,119.0,119.35,7452.0,1702007400.0,2023-12-08 09:20:00+05:30
119.25,120.0,118.95,120.0,13036.0,1702007700.0,2023-12-08 09:25:00+05:30
120.0,120.0,119.55,119.55,2444.0,1702008000.0,2023-12-08 09:30:00+05:30
119.55,119.55,119.1,119.1,5860.0,1702008300.0,2023-12-08 09:35:00+05:30
119.25,120.0,119.2,119.75,15468.0,1702008600.0,2023-12-08 09:40:00+05:30
119.95,120.25,119.65,119.8,7700.0,1702008900.0,2023-12-08 09:45:00+05:30
119.65,120.6,119.6,120.5,20116.0,1702009200.0,2023-12-08 09:50:00+05:30
120.5,121.1,120.25,121.1,29576.0,1702009500.0,2023-12-08 09:55:00+05:30
120.95,121.45,120.7,121.45,33572.0,1702009800.0,2023-12-08 10:00:00+05:30
121.45,121.45,121.1,121.25,9440.0,1702010100.0,2023-12-08 10:05:00+05:30
121.25,121.45,121.25,121.4,13644.0,1702010400.0,2023-12-08 10:10:00+05:30
121.4,121.6,120.6,120.7,28288.0,1702010700.0,2023-12-08 10:15:00+05:30
120.65,120.8,120.25,120.3,6712.0,1702011000.0,2023-12-08 10:20:00+05:30
120.3,121.0,120.3,120.75,10712.0,1702011300.0,2023-12-08 10:25:00+05:30
120.75,120.85,120.75,120.75,740.0,1702011600.0,2023-12-08 10:30:00+05:30
120.75,121.4,120.75,121.25,12160.0,1702011900.0,2023-12-08 10:35:00+05:30
121.25,121.5,121.25,121.3,6284.0,1702012200.0,2023-12-08 10:40:00+05:30
121.3,121.45,121.25,121.25,1192.0,1702012500.0,2023-12-08 10:45:00+05:30
121.25,121.4,121.25,121.25,18120.0,1702012800.0,2023-12-08 10:50:00+05:30
121.25,121.3,120.7,120.8,4188.0,1702013100.0,2023-12-08 10:55:00+05:30
120.8,120.8,120.5,120.5,3132.0,1702013400.0,2023-12-08 11:00:00+05:30
120.5,120.8,120.5,120.5,3568.0,1702013700.0,2023-12-08 11:05:00+05:30
120.5,121.3,120.5,121.25,26304.0,1702014000.0,2023-12-08 11:10:00+05:30
121.25,121.35,121.25,121.3,6320.0,1702014300.0,2023-12-08 11:15:00+05:30
121.25,121.4,121.25,121.25,8728.0,1702014600.0,2023-12-08 11:20:00+05:30
121.25,121.4,121.25,121.25,7392.0,1702014900.0,2023-12-08 11:25:00+05:30
121.25,121.45,121.25,121.25,484.0,1702015200.0,2023-12-08 11:30:00+05:30
121.25,121.4,121.25,121.3,3400.0,1702015500.0,2023-12-08 11:35:00+05:30
121.3,121.4,121.25,121.25,2960.0,1702015800.0,2023-12-08 11:40:00+05:30
121.25,121.5,121.25,121.25,2712.0,1702016100.0,2023-12-08 11:45:00+05:30
121.25,121.3,121.2,121.2,956.0,1702016400.0,2023-12-08 11:50:00+05:30
121.5,121.6,121.5,121.5,14280.0,1702016700.0,2023-12-08 11:55:00+05:30
121.5,121.6,121.3,121.4,3428.0,1702017000.0,2023-12-08 12:00:00+05:30
121.4,121.5,121.2,121.5,2336.0,1702017300.0,2023-12-08 12:05:00+05:30
121.5,121.9,121.1,121.75,16368.0,1702017600.0,2023-12-08 12:10:00+05:30
121.75,121.9,121.7,121.75,5700.0,1702017900.0,2023-12-08 12:15:00+05:30
121.75,121.85,121.75,121.75,112.0,1702018200.0,2023-12-08 12:20:00+05:30
121.75,122.4,121.75,122.1,56104.0,1702018500.0,2023-12-08 12:25:00+05:30
122.1,122.15,121.5,121.5,7876.0,1702018800.0,2023-12-08 12:30:00+05:30
121.5,121.6,121.2,121.25,5012.0,1702019100.0,2023-12-08 12:35:00+05:30
121.25,121.75,121.25,121.6,9016.0,1702019400.0,2023-12-08 12:40:00+05:30
121.55,121.7,121.25,121.25,3684.0,1702019700.0,2023-12-08 12:45:00+05:30
121.25,121.45,121.25,121.25,3520.0,1702020000.0,2023-12-08 12:50:00+05:30
121.25,121.35,121.25,121.25,2228.0,1702020300.0,2023-12-08 12:55:00+05:30
121.25,121.35,121.25,121.25,4128.0,1702020600.0,2023-12-08 13:00:00+05:30
121.25,121.3,121.25,121.25,9092.0,1702020900.0,2023-12-08 13:05:00+05:30
121.25,121.45,121.15,121.45,2612.0,1702021200.0,2023-12-08 13:10:00+05:30
121.45,121.45,121.25,121.25,620.0,1702021500.0,2023-12-08 13:15:00+05:30
121.25,121.35,121.15,121.25,3636.0,1702021800.0,2023-12-08 13:20:00+05:30
121.25,121.4,120.9,120.9,1748.0,1702022100.0,2023-12-08 13:25:00+05:30
120.85,120.9,120.65,120.75,2288.0,1702022400.0,2023-12-08 13:30:00+05:30
120.75,121.45,120.75,121.25,6800.0,1702022700.0,2023-12-08 13:35:00+05:30
121.25,121.35,120.9,121.25,7392.0,1702023000.0,2023-12-08 13:40:00+05:30
121.25,121.35,121.15,121.15,26180.0,1702023300.0,2023-12-08 13:45:00+05:30
121.25,121.3,121.2,121.25,16088.0,1702023600.0,2023-12-08 13:50:00+05:30
121.25,121.4,121.05,121.25,1556.0,1702023900.0,2023-12-08 13:55:00+05:30
121.25,121.25,120.9,121.1,1124.0,1702024200.0,2023-12-08 14:00:00+05:30
121.1,121.1,120.8,120.8,760.0,1702024500.0,2023-12-08 14:05:00+05:30
120.8,120.9,120.5,120.65,1692.0,1702024800.0,2023-12-08 14:10:00+05:30
120.65,120.8,120.4,120.65,4716.0,1702025100.0,2023-12-08 14:15:00+05:30
120.65,121.2,120.65,121.2,3376.0,1702025400.0,2023-12-08 14:20:00+05:30
121.2,121.75,121.0,121.45,10648.0,1702025700.0,2023-12-08 14:25:00+05:30
121.45,121.45,121.1,121.1,1876.0,1702026000.0,2023-12-08 14:30:00+05:30
121.1,121.3,121.05,121.25,1912.0,1702026300.0,2023-12-08 14:35:00+05:30
121.25,121.3,121.1,121.15,10180.0,1702026600.0,2023-12-08 14:40:00+05:30
121.15,121.15,121.15,121.15,0.0,1702026900.0,2023-12-08 14:45:00+05:30
121.15,121.85,121.15,121.75,38920.0,1702027200.0,2023-12-08 14:50:00+05:30
121.7,122.1,121.55,122.1,14816.0,1702027500.0,2023-12-08 14:55:00+05:30
122.1,122.1,122.0,122.0,91892.0,1702027800.0,2023-12-08 15:00:00+05:30
122.0,122.55,121.95,122.3,62116.0,1702028100.0,2023-12-08 15:05:00+05:30
122.4,122.4,121.25,121.55,6592.0,1702028400.0,2023-12-08 15:10:00+05:30
121.5,122.0,121.35,121.75,11604.0,1702028700.0,2023-12-08 15:15:00+05:30
121.75,122.25,121.75,121.95,14556.0,1702029000.0,2023-12-08 15:20:00+05:30
121.95,122.0,121.25,121.5,17308.0,1702029300.0,2023-12-08 15:25:00+05:30
121.9,122.2,121.0,121.05,6848.0,1702266300.0,2023-12-11 09:15:00+05:30
121.0,121.2,120.65,121.1,22136.0,1702266600.0,2023-12-11 09:20:00+05:30
121.6,121.6,120.5,120.7,10976.0,1702266900.0,2023-12-11 09:25:00+05:30
120.7,120.75,120.45,120.55,7988.0,1702267200.0,2023-12-11 09:30:00+05:30
120.55,120.65,119.95,120.3,25804.0,1702267500.0,2023-12-11 09:35:00+05:30
120.3,120.3,119.55,119.7,3712.0,1702267800.0,2023-12-11 09:40:00+05:30
119.7,120.2,119.65,120.2,5400.0,1702268100.0,2023-12-11 09:45:00+05:30
120.2,120.2,119.5,119.8,10604.0,1702268400.0,2023-12-11 09:50:00+05:30
119.8,119.8,119.5,119.7,5540.0,1702268700.0,2023-12-11 09:55:00+05:30
119.7,119.75,119.5,119.7,2236.0,1702269000.0,2023-12-11 10:00:00+05:30
119.7,119.7,119.55,119.7,4752.0,1702269300.0,2023-12-11 10:05:00+05:30
119.7,119.7,119.0,119.2,9548.0,1702269600.0,2023-12-11 10:10:00+05:30
119.2,119.5,119.1,119.5,4136.0,1702269900.0,2023-12-11 10:15:00+05:30
119.5,119.65,119.25,119.45,2856.0,1702270200.0,2023-12-11 10:20:00+05:30
119.45,119.65,119.3,119.4,2712.0,1702270500.0,2023-12-11 10:25:00+05:30
119.4,120.0,119.4,119.9,3996.0,1702270800.0,2023-12-11 10:30:00+05:30
119.9,120.1,119.75,119.75,1268.0,1702271100.0,2023-12-11 10:35:00+05:30
119.75,119.8,119.5,119.6,2800.0,1702271400.0,2023-12-11 10:40:00+05:30
119.6,119.95,119.6,119.75,4788.0,1702271700.0,2023-12-11 10:45:00+05:30
119.75,119.75,118.8,118.95,55716.0,1702272000.0,2023-12-11 10:50:00+05:30
118.95,119.3,118.95,119.3,3100.0,1702272300.0,2023-12-11 10:55:00+05:30
119.3,119.3,119.0,119.2,2028.0,1702272600.0,2023-12-11 11:00:00+05:30
119.2,119.2,118.6,119.15,25924.0,1702272900.0,2023-12-11 11:05:00+05:30
119.15,119.25,118.95,119.25,2300.0,1702273200.0,2023-12-11 11:10:00+05:30
119.0,119.0,118.8,118.9,6848.0,1702273500.0,2023-12-11 11:15:00+05:30
118.75,119.15,118.75,119.15,3076.0,1702273800.0,2023-12-11 11:20:00+05:30
119.15,119.45,119.0,119.4,3912.0,1702274100.0,2023-12-11 11:25:00+05:30
119.4,119.45,119.1,119.35,1676.0,1702274400.0,2023-12-11 11:30:00+05:30
119.35,120.0,119.35,120.0,12168.0,1702274700.0,2023-12-11 11:35:00+05:30
120.0,120.1,120.0,120.0,3900.0,1702275000.0,2023-12-11 11:40:00+05:30
120.0,120.1,120.0,120.1,844.0,1702275300.0,2023-12-11 11:45:00+05:30
120.1,120.1,120.0,120.0,8604.0,1702275600.0,2023-12-11 11:50:00+05:30
120.1,120.2,120.0,120.2,2044.0,1702275900.0,2023-12-11 11:55:00+05:30
120.2,120.7,120.0,120.0,11068.0,1702276200.0,2023-12-11 12:00:00+05:30
120.1,120.35,119.95,120.35,6204.0,1702276500.0,2023-12-11 12:05:00+05:30
120.35,120.35,120.0,120.1,5640.0,1702276800.0,2023-12-11 12:10:00+05:30
120.1,120.8,120.0,120.75,13264.0,1702277100.0,2023-12-11 12:15:00+05:30
120.75,120.85,120.75,120.75,6884.0,1702277400.0,2023-12-11 12:20:00+05:30
120.75,121.35,120.75,121.25,8740.0,1702277700.0,2023-12-11 12:25:00+05:30
121.25,121.3,121.2,121.3,15244.0,1702278000.0,2023-12-11 12:30:00+05:30
121.3,121.7,121.1,121.25,37384.0,1702278300.0,2023-12-11 12:35:00+05:30
121.25,121.3,121.25,121.25,1656.0,1702278600.0,2023-12-11 12:40:00+05:30
121.25,121.5,121.25,121.5,12180.0,1702278900.0,2023-12-11 12:45:00+05:30
121.5,122.0,121.5,121.75,8572.0,1702279200.0,2023-12-11 12:50:00+05:30
121.75,121.9,121.45,121.6,17160.0,1702279500.0,2023-12-11 12:55:00+05:30
121.6,121.6,121.5,121.5,1904.0,1702279800.0,2023-12-11 13:00:00+05:30
121.5,121.5,121.15,121.3,3464.0,1702280100.0,2023-12-11 13:05:00+05:30
121.35,121.6,121.35,121.5,6156.0,1702280400.0,2023-12-11 13:10:00+05:30
121.5,121.5,121.5,121.5,920.0,1702280700.0,2023-12-11 13:15:00+05:30
121.5,121.5,121.5,121.5,40.0,1702281000.0,2023-12-11 13:20:00+05:30
121.5,121.6,121.4,121.4,29228.0,1702281300.0,2023-12-11 13:25:00+05:30
121.4,121.4,121.0,121.0,2220.0,1702281600.0,2023-12-11 13:30:00+05:30
121.0,121.45,121.0,121.45,8132.0,1702281900.0,2023-12-11 13:35:00+05:30
121.45,121.45,121.25,121.25,5012.0,1702282200.0,2023-12-11 13:40:00+05:30
121.25,121.4,121.25,121.3,4048.0,1702282500.0,2023-12-11 13:45:00+05:30
121.3,121.35,121.2,121.25,40280.0,1702282800.0,2023-12-11 13:50:00+05:30
121.25,121.4,120.75,120.75,28180.0,1702283100.0,2023-12-11 13:55:00+05:30
120.75,120.9,120.65,120.75,6876.0,1702283400.0,2023-12-11 14:00:00+05:30
120.75,120.9,120.75,120.9,636.0,1702283700.0,2023-12-11 14:05:00+05:30
120.9,120.9,120.75,120.75,8016.0,1702284000.0,2023-12-11 14:10:00+05:30
120.75,120.9,120.75,120.9,384.0,1702284300.0,2023-12-11 14:15:00+05:30
120.9,121.15,120.65,120.75,18132.0,1702284600.0,2023-12-11 14:20:00+05:30
120.75,120.8,120.35,120.8,5644.0,1702284900.0,2023-12-11 14:25:00+05:30
121.0,121.2,121.0,121.2,3340.0,1702285200.0,2023-12-11 14:30:00+05:30
121.2,121.45,121.1,121.25,12632.0,1702285500.0,2023-12-11 14:35:00+05:30
121.25,121.4,121.2,121.2,3728.0,1702285800.0,2023-12-11 14:40:00+05:30
121.2,121.6,121.2,121.55,11028.0,1702286100.0,2023-12-11 14:45:00+05:30
121.55,121.6,121.5,121.5,264.0,1702286400.0,2023-12-11 14:50:00+05:30
121.5,121.6,121.45,121.5,43640.0,1702286700.0,2023-12-11 14:55:00+05:30
121.5,121.6,121.4,121.5,5316.0,1702287000.0,2023-12-11 15:00:00+05:30
121.5,121.6,121.5,121.6,9812.0,1702287300.0,2023-12-11 15:05:00+05:30
121.6,121.8,121.55,121.75,12232.0,1702287600.0,2023-12-11 15:10:00+05:30
121.75,121.9,121.75,121.8,22604.0,1702287900.0,2023-12-11 15:15:00+05:30
121.85,121.85,121.75,121.75,17120.0,1702288200.0,2023-12-11 15:20:00+05:30
121.75,121.85,121.3,121.8,13044.0,1702288500.0,2023-12-11 15:25:00+05:30
122.45,122.45,121.5,122.0,13624.0,1702352700.0,2023-12-12 09:15:00+05:30
121.8,121.8,121.5,121.8,16144.0,1702353000.0,2023-12-12 09:20:00+05:30
121.8,122.15,121.7,122.15,16344.0,1702353300.0,2023-12-12 09:25:00+05:30
122.15,122.15,121.75,121.9,7968.0,1702353600.0,2023-12-12 09:30:00+05:30
121.9,122.25,121.8,121.95,21188.0,1702353900.0,2023-12-12 09:35:00+05:30
121.95,122.5,121.8,122.5,14564.0,1702354200.0,2023-12-12 09:40:00+05:30
122.5,122.5,122.25,122.25,11228.0,1702354500.0,2023-12-12 09:45:00+05:30
122.25,122.5,122.2,122.35,21500.0,1702354800.0,2023-12-12 09:50:00+05:30
122.35,122.35,122.25,122.35,1932.0,1702355100.0,2023-12-12 09:55:00+05:30
122.25,122.35,122.25,122.3,3240.0,1702355400.0,2023-12-12 10:00:00+05:30
122.3,122.4,122.2,122.25,3540.0,1702355700.0,2023-12-12 10:05:00+05:30
122.25,122.4,122.25,122.25,8048.0,1702356000.0,2023-12-12 10:10:00+05:30
122.25,122.4,122.2,122.25,17624.0,1702356300.0,2023-12-12 10:15:00+05:30
122.25,122.4,122.25,122.25,2628.0,1702356600.0,2023-12-12 10:20:00+05:30
122.25,122.35,122.2,122.25,5728.0,1702356900.0,2023-12-12 10:25:00+05:30
122.25,122.35,122.25,122.35,96.0,1702357200.0,2023-12-12 10:30:00+05:30
122.35,122.35,122.25,122.35,2880.0,1702357500.0,2023-12-12 10:35:00+05:30
122.35,122.35,122.25,122.25,736.0,1702357800.0,2023-12-12 10:40:00+05:30
122.25,122.3,122.25,122.25,128.0,1702358100.0,2023-12-12 10:45:00+05:30
122.25,122.4,122.25,122.25,1040.0,1702358400.0,2023-12-12 10:50:00+05:30
122.25,122.35,122.25,122.25,2980.0,1702358700.0,2023-12-12 10:55:00+05:30
122.25,122.3,122.2,122.3,2780.0,1702359000.0,2023-12-12 11:00:00+05:30
122.25,122.35,122.25,122.25,2736.0,1702359300.0,2023-12-12 11:05:00+05:30
122.25,122.25,122.25,122.25,956.0,1702359600.0,2023-12-12 11:10:00+05:30
122.35,122.35,122.35,122.35,4.0,1702359900.0,2023-12-12 11:15:00+05:30
122.35,122.35,122.25,122.35,56.0,1702360200.0,2023-12-12 11:20:00+05:30
122.35,122.35,121.15,121.6,10776.0,1702360500.0,2023-12-12 11:25:00+05:30
121.65,121.75,121.6,121.6,428.0,1702360800.0,2023-12-12 11:30:00+05:30
121.6,121.85,121.5,121.85,1988.0,1702361100.0,2023-12-12 11:35:00+05:30
121.85,121.85,121.5,121.7,2432.0,1702361400.0,2023-12-12 11:40:00+05:30
121.45,121.7,121.45,121.7,524.0,1702361700.0,2023-12-12 11:45:00+05:30
121.7,121.7,121.45,121.45,908.0,1702362000.0,2023-12-12 11:50:00+05:30
121.45,121.6,121.45,121.5,1524.0,1702362300.0,2023-12-12 11:55:00+05:30
121.5,121.55,121.15,121.15,86508.0,1702362600.0,2023-12-12 12:00:00+05:30
121.15,121.35,121.0,121.25,7508.0,1702362900.0,2023-12-12 12:05:00+05:30
121.25,121.25,121.25,121.25,4660.0,1702363200.0,2023-12-12 12:10:00+05:30
121.25,121.45,121.25,121.25,6216.0,1702363500.0,2023-12-12 12:15:00+05:30
121.25,121.25,121.25,121.25,10684.0,1702363800.0,2023-12-12 12:20:00+05:30
121.25,121.35,121.15,121.25,1776.0,1702364100.0,2023-12-12 12:25:00+05:30
121.25,121.4,121.25,121.25,144.0,1702364400.0,2023-12-12 12:30:00+05:30
121.25,121.45,121.25,121.25,3608.0,1702364700.0,2023-12-12 12:35:00+05:30
121.25,121.4,121.25,121.35,896.0,1702365000.0,2023-12-12 12:40:00+05:30
121.35,121.35,121.25,121.25,3912.0,1702365300.0,2023-12-12 12:45:00+05:30
121.25,121.3,121.25,121.25,44708.0,1702365600.0,2023-12-12 12:50:00+05:30
121.25,121.35,120.5,120.75,75788.0,1702365900.0,2023-12-12 12:55:00+05:30
120.75,120.9,120.75,120.9,11008.0,1702366200.0,2023-12-12 13:00:00+05:30
120.9,120.9,120.75,120.75,13364.0,1702366500.0,2023-12-12 13:05:00+05:30
120.75,120.9,120.75,120.75,1320.0,1702366800.0,2023-12-12 13:10:00+05:30
120.75,120.85,120.75,120.8,5412.0,1702367100.0,2023-12-12 13:15:00+05:30
120.8,120.8,120.75,120.75,4860.0,1702367400.0,2023-12-12 13:20:00+05:30
120.75,120.75,120.75,120.75,0.0,1702367700.0,2023-12-12 13:25:00+05:30
120.75,120.85,120.75,120.85,28424.0,1702368000.0,2023-12-12 13:30:00+05:30
120.85,120.85,120.75,120.75,82556.0,1702368300.0,2023-12-12 13:35:00+05:30
120.75,120.85,120.75,120.85,11912.0,1702368600.0,2023-12-12 13:40:00+05:30
120.85,120.85,120.65,120.75,7980.0,1702368900.0,2023-12-12 13:45:00+05:30
120.75,120.9,120.65,120.65,15224.0,1702369200.0,2023-12-12 13:50:00+05:30
120.75,120.95,120.7,120.95,3884.0,1702369500.0,2023-12-12 13:55:00+05:30
120.9,121.1,120.9,121.1,5132.0,1702369800.0,2023-12-12 14:00:00+05:30
121.1,121.1,120.25,120.45,24256.0,1702370100.0,2023-12-12 14:05:00+05:30
120.5,121.25,120.5,121.25,20832.0,1702370400.0,2023-12-12 14:10:00+05:30
121.25,121.25,120.8,120.9,748.0,1702370700.0,2023-12-12 14:15:00+05:30
120.9,120.9,120.65,120.65,2136.0,1702371000.0,2023-12-12 14:20:00+05:30
120.65,120.65,120.3,120.5,1512.0,1702371300.0,2023-12-12 14:25:00+05:30
120.5,120.5,120.3,120.3,1124.0,1702371600.0,2023-12-12 14:30:00+05:30
120.3,120.3,120.2,120.2,5192.0,1702371900.0,2023-12-12 14:35:00+05:30
120.1,120.2,119.75,119.75,8180.0,1702372200.0,2023-12-12 14:40:00+05:30
119.75,119.85,119.6,119.6,4256.0,1702372500.0,2023-12-12 14:45:00+05:30
119.6,120.4,119.25,120.1,12112.0,1702372800.0,2023-12-12 14:50:00+05:30
120.1,120.1,119.6,119.6,2280.0,1702373100.0,2023-12-12 14:55:00+05:30
119.6,119.75,119.5,119.75,3704.0,1702373400.0,2023-12-12 15:00:00+05:30
119.75,119.9,119.6,119.85,10052.0,1702373700.0,2023-12-12 15:05:00+05:30
119.85,119.9,119.35,119.4,2560.0,1702374000.0,2023-12-12 15:10:00+05:30
119.45,119.55,119.15,119.35,6768.0,1702374300.0,2023-12-12 15:15:00+05:30
119.35,119.35,118.9,118.95,18740.0,1702374600.0,2023-12-12 15:20:00+05:30
119.0,119.8,119.0,119.8,9144.0,1702374900.0,2023-12-12 15:25:00+05:30
119.85,120.9,119.7,119.7,12108.0,1702439100.0,2023-12-13 09:15:00+05:30
119.9,119.9,119.1,119.45,25876.0,1702439400.0,2023-12-13 09:20:00+05:30
119.45,119.5,119.1,119.25,8892.0,1702439700.0,2023-12-13 09:25:00+05:30
119.2,119.25,118.95,119.05,5888.0,1702440000.0,2023-12-13 09:30:00+05:30
119.05,119.25,118.9,119.2,5436.0,1702440300.0,2023-12-13 09:35:00+05:30
119.2,119.25,118.95,118.95,3720.0,1702440600.0,2023-12-13 09:40:00+05:30
118.95,119.15,118.95,119.15,4920.0,1702440900.0,2023-12-13 09:45:00+05:30
119.15,119.25,119.0,119.1,6284.0,1702441200.0,2023-12-13 09:50:00+05:30
119.1,119.1,118.55,118.75,3968.0,1702441500.0,2023-12-13 09:55:00+05:30
118.75,119.0,118.6,119.0,3036.0,1702441800.0,2023-12-13 10:00:00+05:30
119.0,119.7,118.95,119.7,8084.0,1702442100.0,2023-12-13 10:05:00+05:30
119.5,119.6,119.25,119.25,2788.0,1702442400.0,2023-12-13 10:10:00+05:30
119.25,119.35,118.85,119.0,992.0,1702442700.0,2023-12-13 10:15:00+05:30
119.0,119.0,118.65,118.85,6088.0,1702443000.0,2023-12-13 10:20:00+05:30
118.85,118.85,118.65,118.85,5564.0,1702443300.0,2023-12-13 10:25:00+05:30
118.85,119.0,118.75,118.8,1896.0,1702443600.0,2023-12-13 10:30:00+05:30
118.8,119.05,118.8,119.05,1008.0,1702443900.0,2023-12-13 10:35:00+05:30
119.05,119.05,118.75,118.95,3492.0,1702444200.0,2023-12-13 10:40:00+05:30
118.95,118.95,118.75,118.9,1604.0,1702444500.0,2023-12-13 10:45:00+05:30
118.9,119.0,118.85,119.0,1780.0,1702444800.0,2023-12-13 10:50:00+05:30
119.0,119.0,118.8,118.8,436.0,1702445100.0,2023-12-13 10:55:00+05:30
118.8,118.95,118.8,118.85,204.0,1702445400.0,2023-12-13 11:00:00+05:30
118.85,118.95,118.8,118.95,560.0,1702445700.0,2023-12-13 11:05:00+05:30
118.8,119.9,118.8,119.6,6844.0,1702446000.0,2023-12-13 11:10:00+05:30
119.6,119.65,119.35,119.35,1108.0,1702446300.0,2023-12-13 11:15:00+05:30
119.35,119.45,119.25,119.4,1640.0,1702446600.0,2023-12-13 11:20:00+05:30
119.4,119.5,119.1,119.1,4776.0,1702446900.0,2023-12-13 11:25:00+05:30
119.1,119.25,119.1,119.1,420.0,1702447200.0,2023-12-13 11:30:00+05:30
119.1,119.1,118.75,118.75,5056.0,1702447500.0,2023-12-13 11:35:00+05:30
118.9,118.95,118.8,118.95,136.0,1702447800.0,2023-12-13 11:40:00+05:30
118.95,119.0,118.8,118.8,5188.0,1702448100.0,2023-12-13 11:45:00+05:30
118.8,119.0,118.75,118.75,3120.0,1702448400.0,2023-12-13 11:50:00+05:30
118.75,118.75,118.75,118.75,1004.0,1702448700.0,2023-12-13 11:55:00+05:30
118.75,118.85,118.65,118.65,1584.0,1702449000.0,2023-12-13 12:00:00+05:30
118.7,118.9,118.7,118.75,4912.0,1702449300.0,2023-12-13 12:05:00+05:30
118.7,118.85,118.65,118.8,2852.0,1702449600.0,2023-12-13 12:10:00+05:30
118.75,118.85,118.6,118.8,524.0,1702449900.0,2023-12-13 12:15:00+05:30
118.8,118.85,118.75,118.85,364.0,1702450200.0,2023-12-13 12:20:00+05:30
118.85,118.95,118.8,118.95,192.0,1702450500.0,2023-12-13 12:25:00+05:30
118.95,119.0,118.95,119.0,348.0,1702450800.0,2023-12-13 12:30:00+05:30
119.0,119.25,118.9,119.25,588.0,1702451100.0,2023-12-13 12:35:00+05:30
119.15,119.5,119.15,119.4,4024.0,1702451400.0,2023-12-13 12:40:00+05:30
119.4,119.5,119.25,119.5,720.0,1702451700.0,2023-12-13 12:45:00+05:30
119.5,119.5,118.9,119.1,3644.0,1702452000.0,2023-12-13 12:50:00+05:30
119.1,119.2,119.05,119.05,348.0,1702452300.0,2023-12-13 12:55:00+05:30
119.05,119.2,119.05,119.2,720.0,1702452600.0,2023-12-13 13:00:00+05:30
119.2,119.2,119.05,119.15,1004.0,1702452900.0,2023-12-13 13:05:00+05:30
119.15,119.2,119.15,119.2,684.0,1702453200.0,2023-12-13 13:10:00+05:30
119.2,119.2,118.8,119.1,2344.0,1702453500.0,2023-12-13 13:15:00+05:30
119.1,119.1,118.95,119.1,224.0,1702453800.0,2023-12-13 13:20:00+05:30
119.1,119.1,118.85,118.9,828.0,1702454100.0,2023-12-13 13:25:00+05:30
118.9,119.2,118.9,119.15,548.0,1702454400.0,2023-12-13 13:30:00+05:30
119.15,119.2,119.0,119.0,308.0,1702454700.0,2023-12-13 13:35:00+05:30
119.2,119.25,118.85,119.2,2344.0,1702455000.0,2023-12-13 13:40:00+05:30
119.05,119.2,118.7,119.0,4396.0,1702455300.0,2023-12-13 13:45:00+05:30
119.0,119.2,119.0,119.2,700.0,1702455600.0,2023-12-13 13:50:00+05:30
119.2,119.2,118.9,119.05,1128.0,1702455900.0,2023-12-13 13:55:00+05:30
119.05,119.05,118.85,118.85,1236.0,1702456200.0,2023-12-13 14:00:00+05:30
119.05,119.1,118.9,119.1,1156.0,1702456500.0,2023-12-13 14:05:00+05:30
119.05,119.45,119.0,119.25,7436.0,1702456800.0,2023-12-13 14:10:00+05:30
119.25,119.4,119.2,119.4,11300.0,1702457100.0,2023-12-13 14:15:00+05:30
119.4,119.5,119.4,119.5,280.0,1702457400.0,2023-12-13 14:20:00+05:30
119.5,119.9,119.5,119.9,2500.0,1702457700.0,2023-12-13 14:25:00+05:30
119.9,120.1,119.8,120.1,4116.0,1702458000.0,2023-12-13 14:30:00+05:30
120.0,120.05,119.15,119.45,12692.0,1702458300.0,2023-12-13 14:35:00+05:30
119.45,119.45,119.25,119.45,400.0,1702458600.0,2023-12-13 14:40:00+05:30
119.45,119.45,119.25,119.4,6624.0,1702458900.0,2023-12-13 14:45:00+05:30
119.4,119.5,119.35,119.5,436.0,1702459200.0,2023-12-13 14:50:00+05:30
119.5,119.65,119.25,119.45,4168.0,1702459500.0,2023-12-13 14:55:00+05:30
119.45,119.5,119.35,119.5,344.0,1702459800.0,2023-12-13 15:00:00+05:30
119.5,119.5,119.2,119.3,1848.0,1702460100.0,2023-12-13 15:05:00+05:30
119.5,119.65,119.05,119.4,8668.0,1702460400.0,2023-12-13 15:10:00+05:30
119.4,119.75,119.35,119.7,8400.0,1702460700.0,2023-12-13 15:15:00+05:30
119.75,119.95,119.7,119.95,6604.0,1702461000.0,2023-12-13 15:20:00+05:30
119.95,120.25,119.8,119.9,5368.0,1702461300.0,2023-12-13 15:25:00+05:30
119.65,120.45,119.2,119.55,16028.0,1702525500.0,2023-12-14 09:15:00+05:30
119.55,119.95,119.55,119.65,3468.0,1702525800.0,2023-12-14 09:20:00+05:30
119.65,119.8,119.4,119.65,15460.0,1702526100.0,2023-12-14 09:25:00+05:30
119.5,119.5,119.0,119.0,7140.0,1702526400.0,2023-12-14 09:30:00+05:30
119.1,119.15,118.9,119.0,14572.0,1702526700.0,2023-12-14 09:35:00+05:30
118.8,118.95,118.75,118.8,6568.0,1702527000.0,2023-12-14 09:40:00+05:30
118.9,119.2,118.8,119.15,9160.0,1702527300.0,2023-12-14 09:45:00+05:30
119.15,119.3,119.0,119.1,5000.0,1702527600.0,2023-12-14 09:50:00+05:30
119.1,119.6,119.05,119.2,13440.0,1702527900.0,2023-12-14 09:55:00+05:30
119.2,119.7,119.2,119.7,4124.0,1702528200.0,2023-12-14 10:00:00+05:30
119.7,120.35,119.7,120.15,17656.0,1702528500.0,2023-12-14 10:05:00+05:30
120.05,120.95,120.0,120.5,43860.0,1702528800.0,2023-12-14 10:10:00+05:30
120.5,120.5,119.95,119.95,25320.0,1702529100.0,2023-12-14 10:15:00+05:30
119.95,120.0,119.45,119.45,5088.0,1702529400.0,2023-12-14 10:20:00+05:30
119.45,119.7,119.1,119.25,6840.0,1702529700.0,2023-12-14 10:25:00+05:30
119.25,119.7,119.1,119.35,7000.0,1702530000.0,2023-12-14 10:30:00+05:30
119.35,119.6,119.3,119.6,3108.0,1702530300.0,2023-12-14 10:35:00+05:30
119.6,119.6,119.2,119.3,2724.0,1702530600.0,2023-12-14 10:40:00+05:30
119.3,119.45,119.25,119.3,2028.0,1702530900.0,2023-12-14 10:45:00+05:30
119.3,119.35,119.15,119.35,4172.0,1702531200.0,2023-12-14 10:50:00+05:30
119.35,119.4,119.2,119.4,812.0,1702531500.0,2023-12-14 10:55:00+05:30
119.4,119.5,119.15,119.5,3108.0,1702531800.0,2023-12-14 11:00:00+05:30
119.5,119.5,119.3,119.45,3544.0,1702532100.0,2023-12-14 11:05:00+05:30
119.45,119.45,119.25,119.25,292.0,1702532400.0,2023-12-14 11:10:00+05:30
119.25,119.45,119.2,119.35,2028.0,1702532700.0,2023-12-14 11:15:00+05:30
119.35,119.35,119.1,119.25,2728.0,1702533000.0,2023-12-14 11:20:00+05:30
119.2,119.35,119.2,119.35,1588.0,1702533300.0,2023-12-14 11:25:00+05:30
119.35,119.35,119.2,119.2,68.0,1702533600.0,2023-12-14 11:30:00+05:30
119.2,119.35,119.1,119.1,4008.0,1702533900.0,2023-12-14 11:35:00+05:30
119.05,119.25,119.05,119.05,1692.0,1702534200.0,2023-12-14 11:40:00+05:30
119.05,119.2,118.9,119.1,1876.0,1702534500.0,2023-12-14 11:45:00+05:30
119.1,119.1,118.9,118.9,1772.0,1702534800.0,2023-12-14 11:50:00+05:30
118.9,119.05,118.9,119.05,1348.0,1702535100.0,2023-12-14 11:55:00+05:30
119.05,119.05,118.8,118.8,1756.0,1702535400.0,2023-12-14 12:00:00+05:30
118.8,119.0,118.75,118.95,2936.0,1702535700.0,2023-12-14 12:05:00+05:30
118.95,119.1,118.8,119.05,16340.0,1702536000.0,2023-12-14 12:10:00+05:30
118.8,119.05,118.75,119.05,2752.0,1702536300.0,2023-12-14 12:15:00+05:30
119.05,119.15,118.95,119.15,4072.0,1702536600.0,2023-12-14 12:20:00+05:30
119.0,119.0,119.0,119.0,808.0,1702536900.0,2023-12-14 12:25:00+05:30
119.0,119.1,119.0,119.0,1448.0,1702537200.0,2023-12-14 12:30:00+05:30
119.0,119.2,119.0,119.15,1752.0,1702537500.0,2023-12-14 12:35:00+05:30
119.15,119.25,119.15,119.15,216.0,1702537800.0,2023-12-14 12:40:00+05:30
119.15,119.25,119.0,119.1,1348.0,1702538100.0,2023-12-14 12:45:00+05:30
119.2,119.2,119.1,119.2,900.0,1702538400.0,2023-12-14 12:50:00+05:30
119.1,119.1,118.95,119.0,4004.0,1702538700.0,2023-12-14 12:55:00+05:30
119.15,119.2,119.0,119.1,744.0,1702539000.0,2023-12-14 13:00:00+05:30
119.1,119.2,118.95,118.95,352.0,1702539300.0,2023-12-14 13:05:00+05:30
119.25,119.25,118.95,119.1,3560.0,1702539600.0,2023-12-14 13:10:00+05:30
119.1,119.1,118.95,118.95,616.0,1702539900.0,2023-12-14 13:15:00+05:30
118.95,119.1,118.95,119.0,192.0,1702540200.0,2023-12-14 13:20:00+05:30
119.0,119.2,119.0,119.05,224.0,1702540500.0,2023-12-14 13:25:00+05:30
119.05,119.25,118.95,118.95,5856.0,1702540800.0,2023-12-14 13:30:00+05:30
118.95,119.1,118.85,118.9,1212.0,1702541100.0,2023-12-14 13:35:00+05:30
118.9,118.9,118.75,118.75,6820.0,1702541400.0,2023-12-14 13:40:00+05:30
118.75,118.75,118.75,118.75,848.0,1702541700.0,2023-12-14 13:45:00+05:30
118.75,118.9,118.75,118.9,720.0,1702542000.0,2023-12-14 13:50:00+05:30
118.9,118.9,118.05,118.1,37500.0,1702542300.0,2023-12-14 13:55:00+05:30
118.1,118.1,117.75,118.0,14100.0,1702542600.0,2023-12-14 14:00:00+05:30
118.0,118.3,118.0,118.3,1956.0,1702542900.0,2023-12-14 14:05:00+05:30
118.3,118.4,118.1,118.4,3120.0,1702543200.0,2023-12-14 14:10:00+05:30
118.4,118.4,117.2,117.2,21968.0,1702543500.0,2023-12-14 14:15:00+05:30
117.2,117.6,117.2,117.4,9428.0,1702543800.0,2023-12-14 14:20:00+05:30
117.4,117.5,117.3,117.5,3716.0,1702544100.0,2023-12-14 14:25:00+05:30
117.5,117.5,117.4,117.5,2120.0,1702544400.0,2023-12-14 14:30:00+05:30
117.5,117.5,117.4,117.5,4784.0,1702544700.0,2023-12-14 14:35:00+05:30
117.5,117.5,117.5,117.5,3420.0,1702545000.0,2023-12-14 14:40:00+05:30
117.5,117.5,117.4,117.4,4288.0,1702545300.0,2023-12-14 14:45:00+05:30
117.4,117.5,117.35,117.4,5592.0,1702545600.0,2023-12-14 14:50:00+05:30
117.5,117.5,117.5,117.5,1208.0,1702545900.0,2023-12-14 14:55:00+05:30
117.5,117.5,117.4,117.5,4980.0,1702546200.0,2023-12-14 15:00:00+05:30
117.5,117.6,117.4,117.6,11904.0,1702546500.0,2023-12-14 15:05:00+05:30
117.9,117.9,117.4,117.4,19984.0,1702546800.0,2023-12-14 15:10:00+05:30
117.4,117.5,117.0,117.0,36408.0,1702547100.0,2023-12-14 15:15:00+05:30
117.25,117.25,116.15,116.25,111724.0,1702547400.0,2023-12-14 15:20:00+05:30
116.25,116.5,116.15,116.25,50252.0,1702547700.0,2023-12-14 15:25:00+05:30
117.25,117.45,116.8,116.95,16236.0,1702611900.0,2023-12-15 09:15:00+05:30
116.85,117.8,116.8,117.3,58820.0,1702612200.0,2023-12-15 09:20:00+05:30
117.3,117.5,117.25,117.35,2456.0,1702612500.0,2023-12-15 09:25:00+05:30
117.35,117.45,116.9,117.25,17056.0,1702612800.0,2023-12-15 09:30:00+05:30
117.05,117.2,116.6,116.65,20892.0,1702613100.0,2023-12-15 09:35:00+05:30
116.65,117.1,116.65,117.1,5360.0,1702613400.0,2023-12-15 09:40:00+05:30
117.1,117.2,117.0,117.0,1732.0,1702613700.0,2023-12-15 09:45:00+05:30
117.0,117.2,116.9,116.9,1840.0,1702614000.0,2023-12-15 09:50:00+05:30
116.9,117.05,116.8,116.95,5284.0,1702614300.0,2023-12-15 09:55:00+05:30
116.95,116.95,116.6,116.7,9688.0,1702614600.0,2023-12-15 10:00:00+05:30
116.7,116.95,116.5,116.95,7960.0,1702614900.0,2023-12-15 10:05:00+05:30
116.95,117.05,116.75,116.9,3832.0,1702615200.0,2023-12-15 10:10:00+05:30
116.9,117.0,116.8,117.0,948.0,1702615500.0,2023-12-15 10:15:00+05:30
117.0,117.0,116.6,116.6,6120.0,1702615800.0,2023-12-15 10:20:00+05:30
116.6,116.75,116.6,116.7,1224.0,1702616100.0,2023-12-15 10:25:00+05:30
116.7,116.7,116.4,116.4,4328.0,1702616400.0,2023-12-15 10:30:00+05:30
116.4,116.65,116.4,116.65,3032.0,1702616700.0,2023-12-15 10:35:00+05:30
116.65,116.8,116.6,116.6,1356.0,1702617000.0,2023-12-15 10:40:00+05:30
116.6,116.65,116.6,116.6,808.0,1702617300.0,2023-12-15 10:45:00+05:30
116.6,116.75,116.6,116.65,1964.0,1702617600.0,2023-12-15 10:50:00+05:30
116.65,116.7,116.0,116.25,27028.0,1702617900.0,2023-12-15 10:55:00+05:30
116.25,116.35,116.0,116.15,3316.0,1702618200.0,2023-12-15 11:00:00+05:30
116.15,116.2,116.1,116.2,324.0,1702618500.0,2023-12-15 11:05:00+05:30
116.2,116.2,115.6,115.6,19916.0,1702618800.0,2023-12-15 11:10:00+05:30
115.6,116.05,115.5,115.95,11124.0,1702619100.0,2023-12-15 11:15:00+05:30
115.95,116.2,115.85,116.1,7372.0,1702619400.0,2023-12-15 11:20:00+05:30
116.1,116.3,116.1,116.3,1772.0,1702619700.0,2023-12-15 11:25:00+05:30
116.3,116.35,116.25,116.35,304.0,1702620000.0,2023-12-15 11:30:00+05:30
116.35,116.4,116.1,116.2,2228.0,1702620300.0,2023-12-15 11:35:00+05:30
116.35,116.4,116.2,116.4,988.0,1702620600.0,2023-12-15 11:40:00+05:30
116.4,116.4,116.2,116.35,5456.0,1702620900.0,2023-12-15 11:45:00+05:30
116.35,116.45,116.2,116.45,1328.0,1702621200.0,2023-12-15 11:50:00+05:30
116.25,116.5,116.25,116.4,5388.0,1702621500.0,2023-12-15 11:55:00+05:30
116.4,116.5,116.3,116.35,2192.0,1702621800.0,2023-12-15 12:00:00+05:30
116.35,116.5,116.3,116.5,3268.0,1702622100.0,2023-12-15 12:05:00+05:30
116.3,116.3,115.0,115.4,118376.0,1702622400.0,2023-12-15 12:10:00+05:30
115.4,115.6,115.35,115.55,4044.0,1702622700.0,2023-12-15 12:15:00+05:30
115.55,115.6,115.3,115.4,4060.0,1702623000.0,2023-12-15 12:20:00+05:30
115.4,115.55,115.4,115.5,576.0,1702623300.0,2023-12-15 12:25:00+05:30
115.5,115.5,115.4,115.4,644.0,1702623600.0,2023-12-15 12:30:00+05:30
115.4,115.5,115.4,115.5,1324.0,1702623900.0,2023-12-15 12:35:00+05:30
115.5,115.5,115.4,115.4,720.0,1702624200.0,2023-12-15 12:40:00+05:30
115.4,115.55,115.4,115.55,2424.0,1702624500.0,2023-12-15 12:45:00+05:30
115.55,115.7,115.5,115.7,1368.0,1702624800.0,2023-12-15 12:50:00+05:30
115.7,115.7,115.6,115.7,9296.0,1702625100.0,2023-12-15 12:55:00+05:30
115.6,115.7,115.5,115.7,1416.0,1702625400.0,2023-12-15 13:00:00+05:30
115.7,116.7,115.7,116.35,45900.0,1702625700.0,2023-12-15 13:05:00+05:30
116.35,116.45,116.25,116.3,636.0,1702626000.0,2023-12-15 13:10:00+05:30
116.3,116.3,116.0,116.05,9544.0,1702626300.0,2023-12-15 13:15:00+05:30
116.05,116.25,116.05,116.1,400.0,1702626600.0,2023-12-15 13:20:00+05:30
116.1,116.2,116.05,116.05,4168.0,1702626900.0,2023-12-15 13:25:00+05:30
116.05,116.05,115.6,115.6,6040.0,1702627200.0,2023-12-15 13:30:00+05:30
115.6,116.1,115.5,116.1,16816.0,1702627500.0,2023-12-15 13:35:00+05:30
115.95,116.65,115.5,116.65,54992.0,1702627800.0,2023-12-15 13:40:00+05:30
116.65,116.9,116.5,116.8,3848.0,1702628100.0,2023-12-15 13:45:00+05:30
116.8,117.2,116.8,117.2,4532.0,1702628400.0,2023-12-15 13:50:00+05:30
117.2,117.2,116.85,116.95,3580.0,1702628700.0,2023-12-15 13:55:00+05:30
116.95,117.1,116.95,117.05,8388.0,1702629000.0,2023-12-15 14:00:00+05:30
117.05,117.05,116.9,117.0,1532.0,1702629300.0,2023-12-15 14:05:00+05:30
117.0,117.0,116.7,116.8,5984.0,1702629600.0,2023-12-15 14:10:00+05:30
116.8,116.9,116.7,116.75,936.0,1702629900.0,2023-12-15 14:15:00+05:30
116.75,116.75,116.5,116.75,1624.0,1702630200.0,2023-12-15 14:20:00+05:30
116.75,116.85,116.5,116.5,9108.0,1702630500.0,2023-12-15 14:25:00+05:30
116.5,116.95,116.5,116.75,1728.0,1702630800.0,2023-12-15 14:30:00+05:30
116.75,116.95,116.75,116.9,1140.0,1702631100.0,2023-12-15 14:35:00+05:30
116.9,116.9,116.75,116.9,860.0,1702631400.0,2023-12-15 14:40:00+05:30
116.9,116.9,116.7,116.7,480.0,1702631700.0,2023-12-15 14:45:00+05:30
116.7,116.7,116.45,116.45,2000.0,1702632000.0,2023-12-15 14:50:00+05:30
116.45,116.6,116.45,116.5,344.0,1702632300.0,2023-12-15 14:55:00+05:30
116.5,116.9,116.45,116.9,9196.0,1702632600.0,2023-12-15 15:00:00+05:30
116.9,116.9,116.5,116.9,15044.0,1702632900.0,2023-12-15 15:05:00+05:30
116.9,117.0,116.7,116.9,4464.0,1702633200.0,2023-12-15 15:10:00+05:30
117.0,117.35,116.55,116.75,8984.0,1702633500.0,2023-12-15 15:15:00+05:30
116.75,116.75,116.4,116.45,15636.0,1702633800.0,2023-12-15 15:20:00+05:30
116.45,116.95,116.3,116.75,21600.0,1702634100.0,2023-12-15 15:25:00+05:30
115.75,116.55,115.75,116.3,7228.0,1702871100.0,2023-12-18 09:15:00+05:30
116.3,116.9,116.1,116.9,8808.0,1702871400.0,2023-12-18 09:20:00+05:30
116.75,116.95,116.65,116.9,5328.0,1702871700.0,2023-12-18 09:25:00+05:30
116.9,116.9,116.35,116.5,4068.0,1702872000.0,2023-12-18 09:30:00+05:30
116.5,116.8,115.25,115.25,76472.0,1702872300.0,2023-12-18 09:35:00+05:30
115.3,115.5,114.9,114.95,44084.0,1702872600.0,2023-12-18 09:40:00+05:30
114.95,115.3,114.9,115.2,36652.0,1702872900.0,2023-12-18 09:45:00+05:30
115.2,115.25,114.75,114.75,12124.0,1702873200.0,2023-12-18 09:50:00+05:30
114.75,115.4,114.75,115.4,27060.0,1702873500.0,2023-12-18 09:55:00+05:30
115.45,115.65,115.4,115.6,2508.0,1702873800.0,2023-12-18 10:00:00+05:30
115.6,115.7,115.4,115.45,1888.0,1702874100.0,2023-12-18 10:05:00+05:30
115.45,115.55,115.2,115.4,9520.0,1702874400.0,2023-12-18 10:10:00+05:30
115.35,115.6,115.25,115.3,4304.0,1702874700.0,2023-12-18 10:15:00+05:30
115.3,115.4,115.3,115.4,1028.0,1702875000.0,2023-12-18 10:20:00+05:30
115.4,115.4,115.25,115.4,3216.0,1702875300.0,2023-12-18 10:25:00+05:30
115.4,115.5,115.15,115.35,9300.0,1702875600.0,2023-12-18 10:30:00+05:30
115.35,115.4,115.35,115.4,3464.0,1702875900.0,2023-12-18 10:35:00+05:30
115.4,115.4,115.2,115.25,1700.0,1702876200.0,2023-12-18 10:40:00+05:30
115.35,115.45,115.3,115.3,2196.0,1702876500.0,2023-12-18 10:45:00+05:30
115.4,115.95,115.3,115.95,15128.0,1702876800.0,2023-12-18 10:50:00+05:30
115.95,116.0,115.7,115.7,2628.0,1702877100.0,2023-12-18 10:55:00+05:30
115.7,115.85,115.55,115.85,2244.0,1702877400.0,2023-12-18 11:00:00+05:30
115.9,116.05,115.75,115.85,5580.0,1702877700.0,2023-12-18 11:05:00+05:30
115.95,115.95,115.45,115.7,5412.0,1702878000.0,2023-12-18 11:10:00+05:30
115.7,115.95,115.5,115.95,7000.0,1702878300.0,2023-12-18 11:15:00+05:30
115.95,116.0,115.75,115.9,1512.0,1702878600.0,2023-12-18 11:20:00+05:30
115.9,115.9,115.6,115.75,5780.0,1702878900.0,2023-12-18 11:25:00+05:30
115.75,115.75,115.75,115.75,1048.0,1702879200.0,2023-12-18 11:30:00+05:30
115.75,115.75,115.6,115.75,1216.0,1702879500.0,2023-12-18 11:35:00+05:30
115.75,115.75,115.45,115.45,11168.0,1702879800.0,2023-12-18 11:40:00+05:30
115.45,115.55,115.45,115.55,2968.0,1702880100.0,2023-12-18 11:45:00+05:30
115.55,115.55,115.3,115.5,3352.0,1702880400.0,2023-12-18 11:50:00+05:30
115.5,115.5,115.25,115.3,2224.0,1702880700.0,2023-12-18 11:55:00+05:30
115.3,115.45,115.2,115.45,1844.0,1702881000.0,2023-12-18 12:00:00+05:30
115.45,115.45,115.3,115.45,748.0,1702881300.0,2023-12-18 12:05:00+05:30
115.45,115.5,115.35,115.5,296.0,1702881600.0,2023-12-18 12:10:00+05:30
115.5,115.5,115.45,115.45,544.0,1702881900.0,2023-12-18 12:15:00+05:30
115.45,115.5,115.25,115.35,952.0,1702882200.0,2023-12-18 12:20:00+05:30
115.35,115.35,115.1,115.15,2932.0,1702882500.0,2023-12-18 12:25:00+05:30
115.15,115.25,115.0,115.25,1456.0,1702882800.0,2023-12-18 12:30:00+05:30
115.25,115.3,115.1,115.3,3120.0,1702883100.0,2023-12-18 12:35:00+05:30
115.3,115.4,115.05,115.4,3484.0,1702883400.0,2023-12-18 12:40:00+05:30
115.4,115.4,114.85,115.0,20048.0,1702883700.0,2023-12-18 12:45:00+05:30
115.0,115.2,114.95,115.2,2124.0,1702884000.0,2023-12-18 12:50:00+05:30
115.2,115.2,115.0,115.2,3844.0,1702884300.0,2023-12-18 12:55:00+05:30
115.2,115.3,115.1,115.2,4048.0,1702884600.0,2023-12-18 13:00:00+05:30
115.2,115.25,115.1,115.2,840.0,1702884900.0,2023-12-18 13:05:00+05:30
115.2,115.25,115.1,115.25,284.0,1702885200.0,2023-12-18 13:10:00+05:30
115.25,115.4,115.0,115.35,2864.0,1702885500.0,2023-12-18 13:15:00+05:30
115.35,115.75,115.25,115.75,7288.0,1702885800.0,2023-12-18 13:20:00+05:30
115.65,115.7,115.45,115.6,2324.0,1702886100.0,2023-12-18 13:25:00+05:30
115.6,115.6,115.4,115.55,640.0,1702886400.0,2023-12-18 13:30:00+05:30
115.55,115.55,115.4,115.55,504.0,1702886700.0,2023-12-18 13:35:00+05:30
115.55,115.65,115.45,115.55,2024.0,1702887000.0,2023-12-18 13:40:00+05:30
115.6,115.7,115.5,115.7,9720.0,1702887300.0,2023-12-18 13:45:00+05:30
115.7,115.7,115.65,115.7,1076.0,1702887600.0,2023-12-18 13:50:00+05:30
115.7,115.95,115.5,115.9,18152.0,1702887900.0,2023-12-18 13:55:00+05:30
115.9,115.95,115.8,115.9,648.0,1702888200.0,2023-12-18 14:00:00+05:30
115.9,116.05,115.9,116.05,7212.0,1702888500.0,2023-12-18 14:05:00+05:30
116.05,116.1,115.9,116.1,2552.0,1702888800.0,2023-12-18 14:10:00+05:30
116.1,116.1,115.95,116.1,2316.0,1702889100.0,2023-12-18 14:15:00+05:30
116.1,116.1,116.0,116.1,1612.0,1702889400.0,2023-12-18 14:20:00+05:30
116.1,116.55,116.1,116.35,14832.0,1702889700.0,2023-12-18 14:25:00+05:30
116.35,116.4,116.2,116.35,984.0,1702890000.0,2023-12-18 14:30:00+05:30
116.35,116.75,116.2,116.7,6132.0,1702890300.0,2023-12-18 14:35:00+05:30
116.55,116.55,116.2,116.35,2292.0,1702890600.0,2023-12-18 14:40:00+05:30
116.35,116.35,116.05,116.2,1636.0,1702890900.0,2023-12-18 14:45:00+05:30
116.2,116.35,116.1,116.25,6308.0,1702891200.0,2023-12-18 14:50:00+05:30
116.25,116.25,115.5,115.7,22232.0,1702891500.0,2023-12-18 14:55:00+05:30
115.75,115.9,115.6,115.7,2848.0,1702891800.0,2023-12-18 15:00:00+05:30
115.65,116.65,115.65,116.6,13612.0,1702892100.0,2023-12-18 15:05:00+05:30
116.6,116.6,116.0,116.15,2796.0,1702892400.0,2023-12-18 15:10:00+05:30
116.15,116.15,114.9,115.4,31944.0,1702892700.0,2023-12-18 15:15:00+05:30
115.4,115.85,115.1,115.6,26384.0,1702893000.0,2023-12-18 15:20:00+05:30
115.8,115.85,115.4,115.75,13200.0,1702893300.0,2023-12-18 15:25:00+05:30
116.15,116.35,115.75,115.8,16168.0,1702957500.0,2023-12-19 09:15:00+05:30
115.8,116.5,115.7,116.5,4848.0,1702957800.0,2023-12-19 09:20:00+05:30
116.5,116.6,116.2,116.6,4492.0,1702958100.0,2023-12-19 09:25:00+05:30
116.6,116.6,115.75,115.9,9432.0,1702958400.0,2023-12-19 09:30:00+05:30
115.8,115.9,115.5,115.7,20864.0,1702958700.0,2023-12-19 09:35:00+05:30
115.7,115.75,115.5,115.5,2636.0,1702959000.0,2023-12-19 09:40:00+05:30
115.5,115.5,115.0,115.5,21412.0,1702959300.0,2023-12-19 09:45:00+05:30
115.55,115.65,115.25,115.5,7260.0,1702959600.0,2023-12-19 09:50:00+05:30
115.5,115.5,115.25,115.3,1528.0,1702959900.0,2023-12-19 09:55:00+05:30
115.45,115.45,115.0,115.1,24292.0,1702960200.0,2023-12-19 10:00:00+05:30
115.1,115.4,115.1,115.3,2436.0,1702960500.0,2023-12-19 10:05:00+05:30
115.3,115.35,115.15,115.35,1212.0,1702960800.0,2023-12-19 10:10:00+05:30
115.35,115.6,115.35,115.5,580.0,1702961100.0,2023-12-19 10:15:00+05:30
115.5,115.65,115.4,115.5,936.0,1702961400.0,2023-12-19 10:20:00+05:30
115.5,115.7,115.5,115.7,512.0,1702961700.0,2023-12-19 10:25:00+05:30
115.7,115.95,115.6,115.95,7608.0,1702962000.0,2023-12-19 10:30:00+05:30
115.95,116.15,115.7,116.15,5648.0,1702962300.0,2023-12-19 10:35:00+05:30
116.0,116.1,115.9,116.0,2740.0,1702962600.0,2023-12-19 10:40:00+05:30
116.0,116.05,115.8,115.9,1084.0,1702962900.0,2023-12-19 10:45:00+05:30
115.9,115.95,115.75,115.75,2608.0,1702963200.0,2023-12-19 10:50:00+05:30
115.75,115.95,115.75,115.95,1184.0,1702963500.0,2023-12-19 10:55:00+05:30
115.95,115.95,115.65,115.65,1144.0,1702963800.0,2023-12-19 11:00:00+05:30
115.65,115.75,115.55,115.65,1588.0,1702964100.0,2023-12-19 11:05:00+05:30
115.7,115.7,115.5,115.7,1032.0,1702964400.0,2023-12-19 11:10:00+05:30
115.7,115.7,115.5,115.5,404.0,1702964700.0,2023-12-19 11:15:00+05:30
115.5,115.65,115.5,115.65,2524.0,1702965000.0,2023-12-19 11:20:00+05:30
115.65,115.65,115.5,115.6,1492.0,1702965300.0,2023-12-19 11:25:00+05:30
115.6,115.7,115.4,115.5,6204.0,1702965600.0,2023-12-19 11:30:00+05:30
115.5,115.75,115.5,115.65,17228.0,1702965900.0,2023-12-19 11:35:00+05:30
115.8,115.95,115.8,115.85,19488.0,1702966200.0,2023-12-19 11:40:00+05:30
115.85,115.9,115.85,115.9,272.0,1702966500.0,2023-12-19 11:45:00+05:30
115.9,115.9,115.85,115.85,32.0,1702966800.0,2023-12-19 11:50:00+05:30
115.85,115.85,115.6,115.6,2728.0,1702967100.0,2023-12-19 11:55:00+05:30
115.6,115.6,115.4,115.4,5668.0,1702967400.0,2023-12-19 12:00:00+05:30
115.4,115.45,115.4,115.45,6224.0,1702967700.0,2023-12-19 12:05:00+05:30
115.45,116.9,115.45,116.65,56964.0,1702968000.0,2023-12-19 12:10:00+05:30
116.5,116.85,116.45,116.6,5484.0,1702968300.0,2023-12-19 12:15:00+05:30
116.6,116.6,116.4,116.6,1952.0,1702968600.0,2023-12-19 12:20:00+05:30
116.6,116.6,116.45,116.6,1484.0,1702968900.0,2023-12-19 12:25:00+05:30
116.6,116.6,116.5,116.5,4792.0,1702969200.0,2023-12-19 12:30:00+05:30
116.5,117.05,116.5,116.95,12724.0,1702969500.0,2023-12-19 12:35:00+05:30
116.9,117.1,116.75,116.9,7312.0,1702969800.0,2023-12-19 12:40:00+05:30
116.8,117.1,116.8,117.1,1820.0,1702970100.0,2023-12-19 12:45:00+05:30
117.1,117.1,116.9,116.9,1232.0,1702970400.0,2023-12-19 12:50:00+05:30
116.9,117.1,116.9,117.1,2124.0,1702970700.0,2023-12-19 12:55:00+05:30
117.1,117.2,116.8,117.2,5184.0,1702971000.0,2023-12-19 13:00:00+05:30
117.2,117.35,117.0,117.25,10352.0,1702971300.0,2023-12-19 13:05:00+05:30
117.25,117.4,117.05,117.05,1504.0,1702971600.0,2023-12-19 13:10:00+05:30
117.05,117.05,116.9,117.0,1000.0,1702971900.0,2023-12-19 13:15:00+05:30
117.0,117.0,116.8,116.85,428.0,1702972200.0,2023-12-19 13:20:00+05:30
116.85,116.9,116.7,116.9,3912.0,1702972500.0,2023-12-19 13:25:00+05:30
116.9,116.9,116.7,116.7,2940.0,1702972800.0,2023-12-19 13:30:00+05:30
116.7,116.85,116.7,116.85,136.0,1702973100.0,2023-12-19 13:35:00+05:30
116.85,116.9,116.75,116.75,716.0,1702973400.0,2023-12-19 13:40:00+05:30
116.75,116.9,116.75,116.85,1980.0,1702973700.0,2023-12-19 13:45:00+05:30
116.85,116.85,116.8,116.8,140.0,1702974000.0,2023-12-19 13:50:00+05:30
116.8,116.8,116.8,116.8,164.0,1702974300.0,2023-12-19 13:55:00+05:30
116.8,116.95,116.8,116.95,960.0,1702974600.0,2023-12-19 14:00:00+05:30
116.95,117.0,116.95,116.95,768.0,1702974900.0,2023-12-19 14:05:00+05:30
116.95,117.1,116.95,116.95,8184.0,1702975200.0,2023-12-19 14:10:00+05:30
116.95,117.1,116.95,117.1,8756.0,1702975500.0,2023-12-19 14:15:00+05:30
117.1,117.1,116.75,117.1,47852.0,1702975800.0,2023-12-19 14:20:00+05:30
117.1,117.1,116.9,117.0,1400.0,1702976100.0,2023-12-19 14:25:00+05:30
117.0,117.0,116.9,117.0,2552.0,1702976400.0,2023-12-19 14:30:00+05:30
117.0,117.0,116.8,116.9,2708.0,1702976700.0,2023-12-19 14:35:00+05:30
116.9,116.9,116.7,116.75,4140.0,1702977000.0,2023-12-19 14:40:00+05:30
116.75,116.75,116.65,116.7,972.0,1702977300.0,2023-12-19 14:45:00+05:30
116.7,116.7,116.4,116.45,3328.0,1702977600.0,2023-12-19 14:50:00+05:30
116.45,116.45,116.25,116.35,5752.0,1702977900.0,2023-12-19 14:55:00+05:30
116.35,116.55,116.25,116.4,10512.0,1702978200.0,2023-12-19 15:00:00+05:30
116.4,116.5,116.4,116.45,460.0,1702978500.0,2023-12-19 15:05:00+05:30
116.45,116.45,116.1,116.25,7256.0,1702978800.0,2023-12-19 15:10:00+05:30
116.25,116.35,115.9,115.95,60524.0,1702979100.0,2023-12-19 15:15:00+05:30
115.95,116.1,115.9,116.0,4188.0,1702979400.0,2023-12-19 15:20:00+05:30
116.0,116.4,115.05,115.95,25376.0,1702979700.0,2023-12-19 15:25:00+05:30
116.6,117.0,116.35,116.45,35068.0,1703043900.0,2023-12-20 09:15:00+05:30
116.45,116.6,116.0,116.05,9480.0,1703044200.0,2023-12-20 09:20:00+05:30
116.1,116.5,116.0,116.1,7388.0,1703044500.0,2023-12-20 09:25:00+05:30
116.0,116.4,115.9,116.3,21284.0,1703044800.0,2023-12-20 09:30:00+05:30
116.4,116.6,116.35,116.35,5960.0,1703045100.0,2023-12-20 09:35:00+05:30
116.35,116.75,116.25,116.75,9932.0,1703045400.0,2023-12-20 09:40:00+05:30
116.75,117.1,116.75,117.1,15148.0,1703045700.0,2023-12-20 09:45:00+05:30
117.0,117.0,116.7,116.7,2804.0,1703046000.0,2023-12-20 09:50:00+05:30
116.7,116.7,115.5,115.5,112104.0,1703046300.0,2023-12-20 09:55:00+05:30
115.45,115.6,114.25,114.25,107912.0,1703046600.0,2023-12-20 10:00:00+05:30
114.45,114.5,113.75,114.2,72768.0,1703046900.0,2023-12-20 10:05:00+05:30
114.2,114.4,114.1,114.35,17880.0,1703047200.0,2023-12-20 10:10:00+05:30
114.4,114.9,114.4,114.75,11340.0,1703047500.0,2023-12-20 10:15:00+05:30
114.7,114.9,114.65,114.8,10544.0,1703047800.0,2023-12-20 10:20:00+05:30
114.8,114.85,114.6,114.6,4268.0,1703048100.0,2023-12-20 10:25:00+05:30
114.6,114.8,114.6,114.8,12316.0,1703048400.0,2023-12-20 10:30:00+05:30
114.8,115.1,114.65,115.1,8748.0,1703048700.0,2023-12-20 10:35:00+05:30
115.1,115.5,115.0,115.2,24772.0,1703049000.0,2023-12-20 10:40:00+05:30
115.2,115.8,115.2,115.8,29564.0,1703049300.0,2023-12-20 10:45:00+05:30
115.8,115.9,115.6,115.65,9192.0,1703049600.0,2023-12-20 10:50:00+05:30
115.65,115.9,115.65,115.9,4440.0,1703049900.0,2023-12-20 10:55:00+05:30
115.9,115.9,115.55,115.55,952.0,1703050200.0,2023-12-20 11:00:00+05:30
115.55,115.55,115.35,115.5,1220.0,1703050500.0,2023-12-20 11:05:00+05:30
115.5,115.5,115.4,115.45,860.0,1703050800.0,2023-12-20 11:10:00+05:30
115.45,115.45,115.1,115.1,1844.0,1703051100.0,2023-12-20 11:15:00+05:30
115.1,115.25,115.1,115.1,1204.0,1703051400.0,2023-12-20 11:20:00+05:30
115.1,115.2,115.1,115.2,104.0,1703051700.0,2023-12-20 11:25:00+05:30
115.1,115.1,115.0,115.0,8820.0,1703052000.0,2023-12-20 11:30:00+05:30
115.0,115.05,114.85,115.0,1112.0,1703052300.0,2023-12-20 11:35:00+05:30
115.0,115.1,114.75,114.75,1704.0,1703052600.0,2023-12-20 11:40:00+05:30
114.75,114.9,114.7,114.7,1688.0,1703052900.0,2023-12-20 11:45:00+05:30
114.7,114.8,114.65,114.65,1792.0,1703053200.0,2023-12-20 11:50:00+05:30
114.65,114.8,114.65,114.8,768.0,1703053500.0,2023-12-20 11:55:00+05:30
114.8,115.0,114.75,115.0,1472.0,1703053800.0,2023-12-20 12:00:00+05:30
115.0,115.0,114.75,114.95,1280.0,1703054100.0,2023-12-20 12:05:00+05:30
114.95,114.95,114.2,114.4,32988.0,1703054400.0,2023-12-20 12:10:00+05:30
114.4,114.65,114.3,114.65,7348.0,1703054700.0,2023-12-20 12:15:00+05:30
114.65,114.7,114.25,114.25,46292.0,1703055000.0,2023-12-20 12:20:00+05:30
114.25,114.25,113.9,114.0,18696.0,1703055300.0,2023-12-20 12:25:00+05:30
113.9,114.35,113.9,114.35,40620.0,1703055600.0,2023-12-20 12:30:00+05:30
114.35,114.45,114.25,114.45,6996.0,1703055900.0,2023-12-20 12:35:00+05:30
114.45,114.5,114.35,114.5,11216.0,1703056200.0,2023-12-20 12:40:00+05:30
114.5,114.6,114.5,114.6,2004.0,1703056500.0,2023-12-20 12:45:00+05:30
114.6,114.6,114.5,114.6,288.0,1703056800.0,2023-12-20 12:50:00+05:30
114.6,114.6,114.45,114.45,1420.0,1703057100.0,2023-12-20 12:55:00+05:30
114.45,114.55,114.4,114.4,128.0,1703057400.0,2023-12-20 13:00:00+05:30
114.4,114.4,114.25,114.25,5092.0,1703057700.0,2023-12-20 13:05:00+05:30
114.25,114.25,113.95,114.0,6668.0,1703058000.0,2023-12-20 13:10:00+05:30
114.0,115.2,114.0,115.0,67720.0,1703058300.0,2023-12-20 13:15:00+05:30
115.0,115.1,114.5,114.5,24320.0,1703058600.0,2023-12-20 13:20:00+05:30
114.5,114.5,114.0,114.15,5204.0,1703058900.0,2023-12-20 13:25:00+05:30
114.15,115.0,113.75,114.75,42400.0,1703059200.0,2023-12-20 13:30:00+05:30
114.75,114.75,113.75,114.3,49188.0,1703059500.0,2023-12-20 13:35:00+05:30
114.3,114.75,114.3,114.45,10960.0,1703059800.0,2023-12-20 13:40:00+05:30
114.3,114.35,113.8,113.9,11508.0,1703060100.0,2023-12-20 13:45:00+05:30
113.9,114.1,113.5,114.1,33940.0,1703060400.0,2023-12-20 13:50:00+05:30
114.45,114.45,113.6,113.75,7588.0,1703060700.0,2023-12-20 13:55:00+05:30
113.8,114.2,113.75,114.0,15180.0,1703061000.0,2023-12-20 14:00:00+05:30
114.0,114.3,113.7,114.1,27364.0,1703061300.0,2023-12-20 14:05:00+05:30
114.05,114.2,113.75,114.0,6268.0,1703061600.0,2023-12-20 14:10:00+05:30
114.0,114.7,113.8,114.45,19520.0,1703061900.0,2023-12-20 14:15:00+05:30
114.45,114.65,114.3,114.45,5084.0,1703062200.0,2023-12-20 14:20:00+05:30
114.45,114.9,114.1,114.85,15612.0,1703062500.0,2023-12-20 14:25:00+05:30
114.85,114.85,114.0,114.0,3736.0,1703062800.0,2023-12-20 14:30:00+05:30
114.0,114.0,113.75,113.9,3568.0,1703063100.0,2023-12-20 14:35:00+05:30
113.9,114.25,113.75,114.0,6776.0,1703063400.0,2023-12-20 14:40:00+05:30
114.0,114.0,113.75,113.8,5476.0,1703063700.0,2023-12-20 14:45:00+05:30
113.8,114.4,113.65,114.2,14188.0,1703064000.0,2023-12-20 14:50:00+05:30
114.2,114.5,113.9,114.0,12536.0,1703064300.0,2023-12-20 14:55:00+05:30
114.0,114.0,113.1,113.1,15008.0,1703064600.0,2023-12-20 15:00:00+05:30
113.1,113.45,112.75,113.45,38612.0,1703064900.0,2023-12-20 15:05:00+05:30
113.45,113.55,112.75,112.95,24720.0,1703065200.0,2023-12-20 15:10:00+05:30
112.95,113.05,112.2,112.25,67540.0,1703065500.0,2023-12-20 15:15:00+05:30
112.25,112.95,111.9,112.8,44536.0,1703065800.0,2023-12-20 15:20:00+05:30
112.8,113.15,112.15,112.75,9472.0,1703066100.0,2023-12-20 15:25:00+05:30
110.5,113.1,110.5,113.1,28084.0,1703130300.0,2023-12-21 09:15:00+05:30
113.25,113.6,112.2,112.2,20252.0,1703130600.0,2023-12-21 09:20:00+05:30
112.25,112.35,111.3,112.1,14532.0,1703130900.0,2023-12-21 09:25:00+05:30
112.1,112.1,110.4,110.4,66816.0,1703131200.0,2023-12-21 09:30:00+05:30
110.3,111.15,109.5,111.0,64216.0,1703131500.0,2023-12-21 09:35:00+05:30
111.0,111.95,111.0,111.3,71164.0,1703131800.0,2023-12-21 09:40:00+05:30
111.3,111.85,110.3,110.75,27692.0,1703132100.0,2023-12-21 09:45:00+05:30
110.75,111.2,110.75,111.05,5400.0,1703132400.0,2023-12-21 09:50:00+05:30
111.3,111.65,111.0,111.2,18416.0,1703132700.0,2023-12-21 09:55:00+05:30
111.2,111.2,110.2,110.3,25444.0,1703133000.0,2023-12-21 10:00:00+05:30
110.55,111.1,110.45,110.9,17020.0,1703133300.0,2023-12-21 10:05:00+05:30
110.9,111.1,110.7,111.1,6196.0,1703133600.0,2023-12-21 10:10:00+05:30
111.1,111.55,110.95,111.55,9864.0,1703133900.0,2023-12-21 10:15:00+05:30
111.5,111.9,111.5,111.7,6024.0,1703134200.0,2023-12-21 10:20:00+05:30
111.75,111.75,111.15,111.3,5156.0,1703134500.0,2023-12-21 10:25:00+05:30
111.15,111.15,110.6,110.85,11576.0,1703134800.0,2023-12-21 10:30:00+05:30
110.85,110.95,110.65,110.8,7576.0,1703135100.0,2023-12-21 10:35:00+05:30
110.8,110.95,110.5,110.9,29476.0,1703135400.0,2023-12-21 10:40:00+05:30
110.9,110.95,110.45,110.75,10652.0,1703135700.0,2023-12-21 10:45:00+05:30
110.75,110.85,110.55,110.8,2648.0,1703136000.0,2023-12-21 10:50:00+05:30
110.8,111.0,110.75,110.9,43776.0,1703136300.0,2023-12-21 10:55:00+05:30
111.0,111.05,110.75,111.05,34200.0,1703136600.0,2023-12-21 11:00:00+05:30
111.05,111.05,110.8,110.9,4544.0,1703136900.0,2023-12-21 11:05:00+05:30
110.9,110.9,110.1,110.2,69176.0,1703137200.0,2023-12-21 11:10:00+05:30
110.2,110.35,109.8,110.0,15740.0,1703137500.0,2023-12-21 11:15:00+05:30
110.0,110.0,109.7,109.85,49660.0,1703137800.0,2023-12-21 11:20:00+05:30
109.85,109.85,109.45,109.6,14136.0,1703138100.0,2023-12-21 11:25:00+05:30
109.6,109.75,109.55,109.75,44248.0,1703138400.0,2023-12-21 11:30:00+05:30
109.95,110.4,109.95,110.15,45008.0,1703138700.0,2023-12-21 11:35:00+05:30
110.15,110.4,110.15,110.3,2444.0,1703139000.0,2023-12-21 11:40:00+05:30
110.3,110.3,110.2,110.3,8392.0,1703139300.0,2023-12-21 11:45:00+05:30
110.3,110.4,110.15,110.4,20308.0,1703139600.0,2023-12-21 11:50:00+05:30
110.4,110.45,110.25,110.45,1736.0,1703139900.0,2023-12-21 11:55:00+05:30
110.45,110.5,110.35,110.4,2160.0,1703140200.0,2023-12-21 12:00:00+05:30
110.4,110.55,110.4,110.55,4104.0,1703140500.0,2023-12-21 12:05:00+05:30
110.55,110.7,110.4,110.7,3220.0,1703140800.0,2023-12-21 12:10:00+05:30
110.7,110.7,110.5,110.7,3332.0,1703141100.0,2023-12-21 12:15:00+05:30
110.65,110.65,110.55,110.65,1864.0,1703141400.0,2023-12-21 12:20:00+05:30
110.65,110.65,110.2,110.25,7772.0,1703141700.0,2023-12-21 12:25:00+05:30
110.25,110.25,109.95,109.95,31572.0,1703142000.0,2023-12-21 12:30:00+05:30
110.0,110.1,109.75,110.1,33284.0,1703142300.0,2023-12-21 12:35:00+05:30
110.0,110.1,109.9,110.1,13704.0,1703142600.0,2023-12-21 12:40:00+05:30
109.9,110.0,109.75,109.75,10640.0,1703142900.0,2023-12-21 12:45:00+05:30
109.9,109.9,109.75,109.8,6664.0,1703143200.0,2023-12-21 12:50:00+05:30
109.75,110.0,109.75,109.9,11748.0,1703143500.0,2023-12-21 12:55:00+05:30
109.9,110.0,109.9,110.0,1796.0,1703143800.0,2023-12-21 13:00:00+05:30
110.0,110.4,110.0,110.2,11488.0,1703144100.0,2023-12-21 13:05:00+05:30
110.2,110.5,110.1,110.5,3532.0,1703144400.0,2023-12-21 13:10:00+05:30
110.5,110.7,110.5,110.7,4116.0,1703144700.0,2023-12-21 13:15:00+05:30
110.7,111.0,110.5,110.9,2308.0,1703145000.0,2023-12-21 13:20:00+05:30
110.9,111.05,110.8,111.05,2628.0,1703145300.0,2023-12-21 13:25:00+05:30
111.05,111.05,110.8,111.0,3636.0,1703145600.0,2023-12-21 13:30:00+05:30
111.0,111.0,110.4,110.4,6752.0,1703145900.0,2023-12-21 13:35:00+05:30
110.4,110.6,110.05,110.5,3652.0,1703146200.0,2023-12-21 13:40:00+05:30
110.5,110.5,110.05,110.4,3128.0,1703146500.0,2023-12-21 13:45:00+05:30
110.4,110.7,110.25,110.45,10552.0,1703146800.0,2023-12-21 13:50:00+05:30
110.45,110.65,110.45,110.65,1176.0,1703147100.0,2023-12-21 13:55:00+05:30
110.65,110.7,110.25,110.4,3496.0,1703147400.0,2023-12-21 14:00:00+05:30
110.4,110.45,110.0,110.3,8132.0,1703147700.0,2023-12-21 14:05:00+05:30
110.3,110.35,110.0,110.25,5828.0,1703148000.0,2023-12-21 14:10:00+05:30
110.25,110.35,110.15,110.3,428.0,1703148300.0,2023-12-21 14:15:00+05:30
110.3,110.4,110.15,110.3,2504.0,1703148600.0,2023-12-21 14:20:00+05:30
110.3,110.35,110.0,110.0,9112.0,1703148900.0,2023-12-21 14:25:00+05:30
110.0,111.1,110.0,110.95,30028.0,1703149200.0,2023-12-21 14:30:00+05:30
110.95,110.95,110.75,110.85,12124.0,1703149500.0,2023-12-21 14:35:00+05:30
110.85,110.95,110.7,110.95,2472.0,1703149800.0,2023-12-21 14:40:00+05:30
110.95,110.95,110.65,110.9,15476.0,1703150100.0,2023-12-21 14:45:00+05:30
111.0,111.1,110.8,111.0,5336.0,1703150400.0,2023-12-21 14:50:00+05:30
111.0,111.15,110.9,111.15,16084.0,1703150700.0,2023-12-21 14:55:00+05:30
111.15,111.15,110.85,111.05,4304.0,1703151000.0,2023-12-21 15:00:00+05:30
111.05,111.25,111.0,111.25,8296.0,1703151300.0,2023-12-21 15:05:00+05:30
111.25,111.25,111.0,111.2,4852.0,1703151600.0,2023-12-21 15:10:00+05:30
111.0,111.15,110.8,111.15,12088.0,1703151900.0,2023-12-21 15:15:00+05:30
111.15,111.2,111.05,111.2,7232.0,1703152200.0,2023-12-21 15:20:00+05:30
111.2,112.0,111.0,111.5,22600.0,1703152500.0,2023-12-21 15:25:00+05:30
112.0,114.4,112.0,114.35,43724.0,1703216700.0,2023-12-22 09:15:00+05:30
114.1,114.7,113.85,114.15,32564.0,1703217000.0,2023-12-22 09:20:00+05:30
114.15,115.75,114.1,115.0,62556.0,1703217300.0,2023-12-22 09:25:00+05:30
115.2,117.6,115.2,117.6,103440.0,1703217600.0,2023-12-22 09:30:00+05:30
117.35,117.6,116.45,116.75,59248.0,1703217900.0,2023-12-22 09:35:00+05:30
116.95,117.25,116.45,116.6,38672.0,1703218200.0,2023-12-22 09:40:00+05:30
116.6,116.8,116.35,116.55,12388.0,1703218500.0,2023-12-22 09:45:00+05:30
116.55,116.55,115.7,116.0,9940.0,1703218800.0,2023-12-22 09:50:00+05:30
116.0,116.0,115.75,115.85,4760.0,1703219100.0,2023-12-22 09:55:00+05:30
115.85,116.1,115.7,115.9,11632.0,1703219400.0,2023-12-22 10:00:00+05:30
115.9,115.9,115.75,115.8,3172.0,1703219700.0,2023-12-22 10:05:00+05:30
115.8,115.9,115.6,115.9,8980.0,1703220000.0,2023-12-22 10:10:00+05:30
115.9,115.95,115.65,115.65,2588.0,1703220300.0,2023-12-22 10:15:00+05:30
115.65,115.8,115.6,115.8,1504.0,1703220600.0,2023-12-22 10:20:00+05:30
115.7,116.0,115.7,116.0,9944.0,1703220900.0,2023-12-22 10:25:00+05:30
116.0,116.2,115.85,116.0,8104.0,1703221200.0,2023-12-22 10:30:00+05:30
116.0,116.2,116.0,116.2,3072.0,1703221500.0,2023-12-22 10:35:00+05:30
116.25,116.45,116.15,116.45,3340.0,1703221800.0,2023-12-22 10:40:00+05:30
116.45,116.45,116.2,116.25,1656.0,1703222100.0,2023-12-22 10:45:00+05:30
116.25,116.25,116.1,116.1,9248.0,1703222400.0,2023-12-22 10:50:00+05:30
116.1,116.25,116.1,116.25,3212.0,1703222700.0,2023-12-22 10:55:00+05:30
116.25,116.25,116.0,116.0,6608.0,1703223000.0,2023-12-22 11:00:00+05:30
116.0,116.0,115.8,115.9,4024.0,1703223300.0,2023-12-22 11:05:00+05:30
115.9,115.9,115.8,115.9,944.0,1703223600.0,2023-12-22 11:10:00+05:30
115.9,116.45,115.85,116.45,13580.0,1703223900.0,2023-12-22 11:15:00+05:30
116.45,116.45,116.1,116.25,1184.0,1703224200.0,2023-12-22 11:20:00+05:30
116.25,116.25,116.1,116.1,860.0,1703224500.0,2023-12-22 11:25:00+05:30
116.1,116.2,115.9,115.9,1868.0,1703224800.0,2023-12-22 11:30:00+05:30
115.9,115.9,115.8,115.8,688.0,1703225100.0,2023-12-22 11:35:00+05:30
115.8,115.95,115.8,115.8,656.0,1703225400.0,2023-12-22 11:40:00+05:30
115.8,115.8,115.45,115.45,7248.0,1703225700.0,2023-12-22 11:45:00+05:30
115.45,115.6,115.35,115.5,1456.0,1703226000.0,2023-12-22 11:50:00+05:30
115.3,115.35,115.15,115.3,1676.0,1703226300.0,2023-12-22 11:55:00+05:30
115.3,115.4,115.25,115.3,1764.0,1703226600.0,2023-12-22 12:00:00+05:30
115.3,115.45,115.0,115.2,22876.0,1703226900.0,2023-12-22 12:05:00+05:30
115.2,115.25,115.05,115.15,712.0,1703227200.0,2023-12-22 12:10:00+05:30
115.15,115.15,115.05,115.1,2808.0,1703227500.0,2023-12-22 12:15:00+05:30
115.0,115.15,115.0,115.0,2492.0,1703227800.0,2023-12-22 12:20:00+05:30
115.0,115.2,114.8,114.8,3584.0,1703228100.0,2023-12-22 12:25:00+05:30
114.8,114.95,114.6,114.7,8168.0,1703228400.0,2023-12-22 12:30:00+05:30
114.65,114.85,114.4,114.6,10240.0,1703228700.0,2023-12-22 12:35:00+05:30
114.6,114.7,114.25,114.35,13788.0,1703229000.0,2023-12-22 12:40:00+05:30
114.55,115.2,114.55,115.2,6080.0,1703229300.0,2023-12-22 12:45:00+05:30
115.2,115.3,115.05,115.3,3472.0,1703229600.0,2023-12-22 12:50:00+05:30
115.3,115.4,115.25,115.3,6688.0,1703229900.0,2023-12-22 12:55:00+05:30
115.3,115.3,114.95,115.3,5172.0,1703230200.0,2023-12-22 13:00:00+05:30
115.3,115.4,115.1,115.4,3552.0,1703230500.0,2023-12-22 13:05:00+05:30
115.4,115.4,115.2,115.2,328.0,1703230800.0,2023-12-22 13:10:00+05:30
115.2,115.9,115.2,115.7,22824.0,1703231100.0,2023-12-22 13:15:00+05:30
115.7,116.2,115.7,116.05,10200.0,1703231400.0,2023-12-22 13:20:00+05:30
116.05,116.1,115.95,115.95,1060.0,1703231700.0,2023-12-22 13:25:00+05:30
115.95,115.95,115.9,115.9,2712.0,1703232000.0,2023-12-22 13:30:00+05:30
115.9,116.05,115.85,115.9,2860.0,1703232300.0,2023-12-22 13:35:00+05:30
115.9,116.3,115.8,115.8,8036.0,1703232600.0,2023-12-22 13:40:00+05:30
115.8,115.95,115.55,115.55,5244.0,1703232900.0,2023-12-22 13:45:00+05:30
115.5,115.6,115.4,115.6,2708.0,1703233200.0,2023-12-22 13:50:00+05:30
115.6,115.7,115.55,115.7,976.0,1703233500.0,2023-12-22 13:55:00+05:30
115.7,115.8,115.55,115.8,5516.0,1703233800.0,2023-12-22 14:00:00+05:30
115.7,116.45,115.7,116.45,17704.0,1703234100.0,2023-12-22 14:05:00+05:30
116.45,116.75,116.2,116.3,6528.0,1703234400.0,2023-12-22 14:10:00+05:30
116.3,116.55,116.2,116.2,10316.0,1703234700.0,2023-12-22 14:15:00+05:30
116.2,116.2,116.1,116.2,788.0,1703235000.0,2023-12-22 14:20:00+05:30
116.2,116.7,116.2,116.55,13424.0,1703235300.0,2023-12-22 14:25:00+05:30
116.55,116.7,116.4,116.4,296.0,1703235600.0,2023-12-22 14:30:00+05:30
116.4,116.55,116.4,116.55,6848.0,1703235900.0,2023-12-22 14:35:00+05:30
116.55,116.55,116.3,116.3,2748.0,1703236200.0,2023-12-22 14:40:00+05:30
116.3,116.35,116.2,116.2,3104.0,1703236500.0,2023-12-22 14:45:00+05:30
116.2,116.4,116.2,116.25,560.0,1703236800.0,2023-12-22 14:50:00+05:30
116.25,116.45,116.25,116.3,4828.0,1703237100.0,2023-12-22 14:55:00+05:30
116.25,117.2,116.25,116.6,23608.0,1703237400.0,2023-12-22 15:00:00+05:30
116.6,116.75,116.35,116.4,5716.0,1703237700.0,2023-12-22 15:05:00+05:30
116.2,116.4,116.0,116.25,8032.0,1703238000.0,2023-12-22 15:10:00+05:30
116.25,116.3,115.75,116.1,21396.0,1703238300.0,2023-12-22 15:15:00+05:30
116.1,116.25,115.8,115.8,12624.0,1703238600.0,2023-12-22 15:20:00+05:30
115.75,116.25,115.7,115.9,13380.0,1703238900.0,2023-12-22 15:25:00+05:30
117.1,117.6,116.65,117.25,39100.0,1703562300.0,2023-12-26 09:15:00+05:30
117.25,118.45,117.25,118.4,18400.0,1703562600.0,2023-12-26 09:20:00+05:30
118.4,118.65,117.55,117.55,54832.0,1703562900.0,2023-12-26 09:25:00+05:30
117.55,117.7,117.3,117.35,27572.0,1703563200.0,2023-12-26 09:30:00+05:30
117.55,117.7,117.4,117.6,8848.0,1703563500.0,2023-12-26 09:35:00+05:30
117.45,118.0,117.4,117.45,12196.0,1703563800.0,2023-12-26 09:40:00+05:30
117.6,117.65,117.25,117.3,5584.0,1703564100.0,2023-12-26 09:45:00+05:30
117.2,117.3,117.0,117.15,3924.0,1703564400.0,2023-12-26 09:50:00+05:30
117.15,117.35,117.0,117.3,7904.0,1703564700.0,2023-12-26 09:55:00+05:30
117.25,117.4,117.0,117.3,4760.0,1703565000.0,2023-12-26 10:00:00+05:30
117.3,117.4,117.3,117.3,5912.0,1703565300.0,2023-12-26 10:05:00+05:30
117.3,117.6,117.3,117.6,6696.0,1703565600.0,2023-12-26 10:10:00+05:30
117.55,117.7,117.3,117.3,3336.0,1703565900.0,2023-12-26 10:15:00+05:30
117.3,117.6,117.2,117.5,2820.0,1703566200.0,2023-12-26 10:20:00+05:30
117.5,117.75,117.45,117.45,4528.0,1703566500.0,2023-12-26 10:25:00+05:30
117.45,117.55,117.25,117.45,6460.0,1703566800.0,2023-12-26 10:30:00+05:30
117.4,117.7,117.35,117.45,2664.0,1703567100.0,2023-12-26 10:35:00+05:30
117.45,117.8,117.45,117.55,3828.0,1703567400.0,2023-12-26 10:40:00+05:30
117.55,117.75,117.4,117.45,2572.0,1703567700.0,2023-12-26 10:45:00+05:30
117.45,117.5,117.35,117.4,1296.0,1703568000.0,2023-12-26 10:50:00+05:30
117.4,117.45,117.3,117.35,704.0,1703568300.0,2023-12-26 10:55:00+05:30
117.35,117.45,117.3,117.3,1124.0,1703568600.0,2023-12-26 11:00:00+05:30
117.3,117.4,117.25,117.3,12624.0,1703568900.0,2023-12-26 11:05:00+05:30
117.3,117.5,117.25,117.3,5544.0,1703569200.0,2023-12-26 11:10:00+05:30
117.3,117.45,117.1,117.25,4008.0,1703569500.0,2023-12-26 11:15:00+05:30
117.25,117.25,117.0,117.1,7228.0,1703569800.0,2023-12-26 11:20:00+05:30
117.1,117.1,116.8,116.95,12524.0,1703570100.0,2023-12-26 11:25:00+05:30
116.95,117.0,116.9,116.9,300.0,1703570400.0,2023-12-26 11:30:00+05:30
116.9,116.95,116.9,116.9,696.0,1703570700.0,2023-12-26 11:35:00+05:30
116.9,117.2,116.9,117.2,5484.0,1703571000.0,2023-12-26 11:40:00+05:30
117.2,117.2,117.05,117.05,1100.0,1703571300.0,2023-12-26 11:45:00+05:30
117.05,117.15,117.0,117.0,1004.0,1703571600.0,2023-12-26 11:50:00+05:30
117.0,117.2,117.0,117.0,3072.0,1703571900.0,2023-12-26 11:55:00+05:30
117.1,117.1,117.0,117.0,560.0,1703572200.0,2023-12-26 12:00:00+05:30
117.0,117.1,117.0,117.0,524.0,1703572500.0,2023-12-26 12:05:00+05:30
117.0,117.1,117.0,117.1,6000.0,1703572800.0,2023-12-26 12:10:00+05:30
117.1,117.2,117.1,117.2,968.0,1703573100.0,2023-12-26 12:15:00+05:30
117.2,117.3,117.1,117.25,5804.0,1703573400.0,2023-12-26 12:20:00+05:30
117.25,117.3,117.15,117.15,960.0,1703573700.0,2023-12-26 12:25:00+05:30
117.15,117.2,117.15,117.2,424.0,1703574000.0,2023-12-26 12:30:00+05:30
117.2,117.2,117.0,117.0,1344.0,1703574300.0,2023-12-26 12:35:00+05:30
117.0,117.0,116.75,116.75,16140.0,1703574600.0,2023-12-26 12:40:00+05:30
116.75,116.95,116.75,116.85,1072.0,1703574900.0,2023-12-26 12:45:00+05:30
116.85,116.9,116.8,116.9,680.0,1703575200.0,2023-12-26 12:50:00+05:30
117.0,117.0,116.75,116.9,692.0,1703575500.0,2023-12-26 12:55:00+05:30
116.9,116.9,116.9,116.9,368.0,1703575800.0,2023-12-26 13:00:00+05:30
116.9,117.05,116.8,117.05,3124.0,1703576100.0,2023-12-26 13:05:00+05:30
117.2,117.25,117.1,117.1,1548.0,1703576400.0,2023-12-26 13:10:00+05:30
117.1,117.3,117.1,117.3,624.0,1703576700.0,2023-12-26 13:15:00+05:30
117.3,117.4,117.25,117.3,388.0,1703577000.0,2023-12-26 13:20:00+05:30
117.3,117.6,117.2,117.2,6488.0,1703577300.0,2023-12-26 13:25:00+05:30
117.15,117.2,117.1,117.2,748.0,1703577600.0,2023-12-26 13:30:00+05:30
117.2,117.2,117.1,117.1,812.0,1703577900.0,2023-12-26 13:35:00+05:30
117.1,117.2,117.1,117.2,8224.0,1703578200.0,2023-12-26 13:40:00+05:30
117.2,117.2,117.1,117.15,1568.0,1703578500.0,2023-12-26 13:45:00+05:30
117.15,117.15,117.0,117.15,580.0,1703578800.0,2023-12-26 13:50:00+05:30
117.15,117.15,116.8,117.0,4560.0,1703579100.0,2023-12-26 13:55:00+05:30
117.0,117.2,117.0,117.15,504.0,1703579400.0,2023-12-26 14:00:00+05:30
117.15,117.15,117.1,117.1,812.0,1703579700.0,2023-12-26 14:05:00+05:30
117.1,117.1,117.0,117.1,1112.0,1703580000.0,2023-12-26 14:10:00+05:30
117.1,117.2,117.0,117.2,580.0,1703580300.0,2023-12-26 14:15:00+05:30
117.2,117.3,116.55,116.7,18312.0,1703580600.0,2023-12-26 14:20:00+05:30
116.7,116.75,116.6,116.6,804.0,1703580900.0,2023-12-26 14:25:00+05:30
116.75,116.75,116.55,116.55,3132.0,1703581200.0,2023-12-26 14:30:00+05:30
116.55,116.7,116.55,116.7,408.0,1703581500.0,2023-12-26 14:35:00+05:30
116.7,116.9,116.7,116.85,3288.0,1703581800.0,2023-12-26 14:40:00+05:30
116.85,116.9,116.7,116.7,840.0,1703582100.0,2023-12-26 14:45:00+05:30
116.7,116.7,116.6,116.7,432.0,1703582400.0,2023-12-26 14:50:00+05:30
116.7,116.9,116.7,116.7,8520.0,1703582700.0,2023-12-26 14:55:00+05:30
116.8,116.95,116.8,116.95,3216.0,1703583000.0,2023-12-26 15:00:00+05:30
116.95,117.0,116.9,116.9,3256.0,1703583300.0,2023-12-26 15:05:00+05:30
116.9,117.0,116.7,116.75,3384.0,1703583600.0,2023-12-26 15:10:00+05:30
116.85,116.85,116.7,116.75,14676.0,1703583900.0,2023-12-26 15:15:00+05:30
116.75,116.75,116.25,116.25,10684.0,1703584200.0,2023-12-26 15:20:00+05:30
116.25,116.7,115.75,116.7,12496.0,1703584500.0,2023-12-26 15:25:00+05:30
117.3,117.75,116.85,117.1,20200.0,1703648700.0,2023-12-27 09:15:00+05:30
117.1,117.1,116.6,116.65,15288.0,1703649000.0,2023-12-27 09:20:00+05:30
116.55,116.7,116.3,116.5,23992.0,1703649300.0,2023-12-27 09:25:00+05:30
116.5,116.7,116.5,116.6,1960.0,1703649600.0,2023-12-27 09:30:00+05:30
116.6,116.9,116.5,116.6,10416.0,1703649900.0,2023-12-27 09:35:00+05:30
116.6,117.1,116.6,117.1,4768.0,1703650200.0,2023-12-27 09:40:00+05:30
117.1,117.2,116.9,116.9,10704.0,1703650500.0,2023-12-27 09:45:00+05:30
116.9,117.0,116.55,116.6,6440.0,1703650800.0,2023-12-27 09:50:00+05:30
116.75,116.9,116.75,116.75,1148.0,1703651100.0,2023-12-27 09:55:00+05:30
116.75,117.0,116.75,116.9,1496.0,1703651400.0,2023-12-27 10:00:00+05:30
116.9,116.9,116.7,116.9,3416.0,1703651700.0,2023-12-27 10:05:00+05:30
116.9,117.2,116.65,117.0,15012.0,1703652000.0,2023-12-27 10:10:00+05:30
117.0,117.2,117.0,117.05,1060.0,1703652300.0,2023-12-27 10:15:00+05:30
117.05,117.5,117.05,117.35,8528.0,1703652600.0,2023-12-27 10:20:00+05:30
117.35,117.65,117.25,117.6,6164.0,1703652900.0,2023-12-27 10:25:00+05:30
117.45,117.5,117.1,117.1,15036.0,1703653200.0,2023-12-27 10:30:00+05:30
117.2,117.3,117.1,117.1,2100.0,1703653500.0,2023-12-27 10:35:00+05:30
117.1,117.2,116.95,117.0,2344.0,1703653800.0,2023-12-27 10:40:00+05:30
117.0,117.2,116.9,117.0,1748.0,1703654100.0,2023-12-27 10:45:00+05:30
117.0,117.35,117.0,117.3,5408.0,1703654400.0,2023-12-27 10:50:00+05:30
117.3,117.4,117.15,117.25,1584.0,1703654700.0,2023-12-27 10:55:00+05:30
117.25,117.4,117.0,117.0,5188.0,1703655000.0,2023-12-27 11:00:00+05:30
117.0,117.1,116.95,117.1,544.0,1703655300.0,2023-12-27 11:05:00+05:30
117.1,117.1,116.95,117.1,376.0,1703655600.0,2023-12-27 11:10:00+05:30
117.1,117.2,117.0,117.05,4444.0,1703655900.0,2023-12-27 11:15:00+05:30
117.05,117.1,117.0,117.0,1184.0,1703656200.0,2023-12-27 11:20:00+05:30
117.0,117.1,117.0,117.0,124.0,1703656500.0,2023-12-27 11:25:00+05:30
116.95,117.0,116.95,117.0,108.0,1703656800.0,2023-12-27 11:30:00+05:30
117.0,117.0,116.65,116.65,3084.0,1703657100.0,2023-12-27 11:35:00+05:30
116.75,116.75,116.6,116.6,376.0,1703657400.0,2023-12-27 11:40:00+05:30
116.85,116.9,116.75,116.9,7604.0,1703657700.0,2023-12-27 11:45:00+05:30
116.9,117.2,116.9,117.1,2456.0,1703658000.0,2023-12-27 11:50:00+05:30
117.1,117.2,117.0,117.1,828.0,1703658300.0,2023-12-27 11:55:00+05:30
117.1,117.25,117.05,117.25,2076.0,1703658600.0,2023-12-27 12:00:00+05:30
117.25,117.25,117.15,117.15,1056.0,1703658900.0,2023-12-27 12:05:00+05:30
117.15,117.15,117.0,117.1,2408.0,1703659200.0,2023-12-27 12:10:00+05:30
117.1,117.1,116.95,116.95,1340.0,1703659500.0,2023-12-27 12:15:00+05:30
116.95,117.0,116.45,116.6,3980.0,1703659800.0,2023-12-27 12:20:00+05:30
116.6,116.65,116.5,116.5,1808.0,1703660100.0,2023-12-27 12:25:00+05:30
116.5,116.75,116.4,116.75,8596.0,1703660400.0,2023-12-27 12:30:00+05:30
116.75,116.8,116.6,116.65,6144.0,1703660700.0,2023-12-27 12:35:00+05:30
116.65,116.75,116.6,116.6,936.0,1703661000.0,2023-12-27 12:40:00+05:30
116.6,116.9,116.6,116.8,5744.0,1703661300.0,2023-12-27 12:45:00+05:30
116.8,116.9,116.5,116.75,5112.0,1703661600.0,2023-12-27 12:50:00+05:30
116.75,116.9,116.55,116.6,968.0,1703661900.0,2023-12-27 12:55:00+05:30
116.6,116.75,116.5,116.6,2656.0,1703662200.0,2023-12-27 13:00:00+05:30
116.5,116.5,116.4,116.5,416.0,1703662500.0,2023-12-27 13:05:00+05:30
116.5,116.5,116.4,116.5,460.0,1703662800.0,2023-12-27 13:10:00+05:30
116.5,116.6,116.5,116.6,4.0,1703663100.0,2023-12-27 13:15:00+05:30
116.6,116.6,116.5,116.5,852.0,1703663400.0,2023-12-27 13:20:00+05:30
116.5,116.5,116.5,116.5,1356.0,1703663700.0,2023-12-27 13:25:00+05:30
116.5,116.55,116.4,116.5,932.0,1703664000.0,2023-12-27 13:30:00+05:30
116.55,116.6,116.5,116.6,6644.0,1703664300.0,2023-12-27 13:35:00+05:30
116.5,116.55,116.5,116.5,3308.0,1703664600.0,2023-12-27 13:40:00+05:30
116.5,116.5,116.25,116.25,15936.0,1703664900.0,2023-12-27 13:45:00+05:30
116.25,116.4,116.25,116.25,9792.0,1703665200.0,2023-12-27 13:50:00+05:30
116.25,116.25,116.25,116.25,224.0,1703665500.0,2023-12-27 13:55:00+05:30
116.25,116.4,116.25,116.25,944.0,1703665800.0,2023-12-27 14:00:00+05:30
116.4,116.4,115.8,115.8,7060.0,1703666100.0,2023-12-27 14:05:00+05:30
115.8,116.25,115.8,116.25,13820.0,1703666400.0,2023-12-27 14:10:00+05:30
116.25,116.5,116.25,116.5,9420.0,1703666700.0,2023-12-27 14:15:00+05:30
116.5,116.7,116.4,116.5,21052.0,1703667000.0,2023-12-27 14:20:00+05:30
116.45,116.65,116.45,116.65,164.0,1703667300.0,2023-12-27 14:25:00+05:30
116.65,116.65,116.45,116.5,836.0,1703667600.0,2023-12-27 14:30:00+05:30
116.5,116.75,116.5,116.6,1944.0,1703667900.0,2023-12-27 14:35:00+05:30
116.6,116.75,116.6,116.65,472.0,1703668200.0,2023-12-27 14:40:00+05:30
116.7,116.7,116.6,116.6,12880.0,1703668500.0,2023-12-27 14:45:00+05:30
116.6,116.65,116.5,116.6,1016.0,1703668800.0,2023-12-27 14:50:00+05:30
116.6,116.75,116.6,116.6,468.0,1703669100.0,2023-12-27 14:55:00+05:30
116.6,116.75,116.6,116.65,2016.0,1703669400.0,2023-12-27 15:00:00+05:30
116.65,116.9,116.6,116.75,14432.0,1703669700.0,2023-12-27 15:05:00+05:30
116.65,116.9,116.4,116.7,8128.0,1703670000.0,2023-12-27 15:10:00+05:30
116.7,116.7,116.0,116.15,5484.0,1703670300.0,2023-12-27 15:15:00+05:30
116.15,116.15,115.6,115.6,14964.0,1703670600.0,2023-12-27 15:20:00+05:30
115.6,116.0,115.3,116.0,6580.0,1703670900.0,2023-12-27 15:25:00+05:30
116.7,116.7,116.0,116.0,5700.0,1703735100.0,2023-12-28 09:15:00+05:30
116.0,116.45,116.0,116.3,4224.0,1703735400.0,2023-12-28 09:20:00+05:30
116.3,116.4,116.1,116.1,3176.0,1703735700.0,2023-12-28 09:25:00+05:30
116.1,116.2,116.05,116.05,1684.0,1703736000.0,2023-12-28 09:30:00+05:30
116.05,116.2,116.0,116.0,596.0,1703736300.0,2023-12-28 09:35:00+05:30
116.0,116.9,116.0,116.9,6016.0,1703736600.0,2023-12-28 09:40:00+05:30
117.0,117.1,116.75,116.9,5520.0,1703736900.0,2023-12-28 09:45:00+05:30
116.9,116.9,116.35,116.35,6204.0,1703737200.0,2023-12-28 09:50:00+05:30
116.35,116.4,115.95,116.0,5248.0,1703737500.0,2023-12-28 09:55:00+05:30
116.0,116.0,115.55,115.55,2616.0,1703737800.0,2023-12-28 10:00:00+05:30
115.55,115.65,115.3,115.65,8416.0,1703738100.0,2023-12-28 10:05:00+05:30
115.7,115.85,115.3,115.3,3444.0,1703738400.0,2023-12-28 10:10:00+05:30
115.3,115.75,115.3,115.6,6152.0,1703738700.0,2023-12-28 10:15:00+05:30
115.6,115.9,115.6,115.75,2816.0,1703739000.0,2023-12-28 10:20:00+05:30
115.75,116.4,115.75,116.2,31072.0,1703739300.0,2023-12-28 10:25:00+05:30
116.2,116.3,115.95,116.0,784.0,1703739600.0,2023-12-28 10:30:00+05:30
116.0,116.1,116.0,116.05,1000.0,1703739900.0,2023-12-28 10:35:00+05:30
116.05,116.05,115.75,115.8,260.0,1703740200.0,2023-12-28 10:40:00+05:30
115.8,116.4,115.8,116.25,9408.0,1703740500.0,2023-12-28 10:45:00+05:30
116.25,116.35,116.25,116.3,580.0,1703740800.0,2023-12-28 10:50:00+05:30
116.3,116.4,116.3,116.4,180.0,1703741100.0,2023-12-28 10:55:00+05:30
116.4,116.4,116.25,116.25,300.0,1703741400.0,2023-12-28 11:00:00+05:30
116.25,116.25,116.2,116.2,528.0,1703741700.0,2023-12-28 11:05:00+05:30
116.2,116.3,116.05,116.2,188.0,1703742000.0,2023-12-28 11:10:00+05:30
116.2,116.2,115.9,115.9,492.0,1703742300.0,2023-12-28 11:15:00+05:30
115.9,116.0,115.75,115.9,476.0,1703742600.0,2023-12-28 11:20:00+05:30
115.9,115.9,115.7,115.9,8908.0,1703742900.0,2023-12-28 11:25:00+05:30
115.9,116.0,115.9,116.0,184.0,1703743200.0,2023-12-28 11:30:00+05:30
116.0,116.0,115.9,116.0,656.0,1703743500.0,2023-12-28 11:35:00+05:30
116.0,116.05,115.8,116.0,5124.0,1703743800.0,2023-12-28 11:40:00+05:30
116.1,116.8,116.1,116.5,13824.0,1703744100.0,2023-12-28 11:45:00+05:30
116.5,116.5,116.0,116.1,2924.0,1703744400.0,2023-12-28 11:50:00+05:30
116.1,116.2,116.05,116.2,3992.0,1703744700.0,2023-12-28 11:55:00+05:30
116.2,116.2,116.1,116.1,40.0,1703745000.0,2023-12-28 12:00:00+05:30
116.1,116.1,116.1,116.1,120.0,1703745300.0,2023-12-28 12:05:00+05:30
116.1,116.15,116.0,116.0,288.0,1703745600.0,2023-12-28 12:10:00+05:30
116.0,116.15,116.0,116.15,8768.0,1703745900.0,2023-12-28 12:15:00+05:30
116.15,116.2,115.95,115.95,1212.0,1703746200.0,2023-12-28 12:20:00+05:30
115.95,116.2,115.95,116.0,6564.0,1703746500.0,2023-12-28 12:25:00+05:30
116.0,116.1,116.0,116.0,340.0,1703746800.0,2023-12-28 12:30:00+05:30
116.0,116.15,115.9,116.15,800.0,1703747100.0,2023-12-28 12:35:00+05:30
116.15,116.15,116.0,116.0,140.0,1703747400.0,2023-12-28 12:40:00+05:30
116.0,116.1,116.0,116.1,36.0,1703747700.0,2023-12-28 12:45:00+05:30
116.1,116.1,116.0,116.0,644.0,1703748000.0,2023-12-28 12:50:00+05:30
116.0,116.05,116.0,116.05,1812.0,1703748300.0,2023-12-28 12:55:00+05:30
116.05,116.05,115.85,115.85,944.0,1703748600.0,2023-12-28 13:00:00+05:30
115.85,116.0,115.7,115.75,3916.0,1703748900.0,2023-12-28 13:05:00+05:30
115.75,115.75,115.6,115.7,800.0,1703749200.0,2023-12-28 13:10:00+05:30
115.7,115.7,115.3,115.35,10572.0,1703749500.0,2023-12-28 13:15:00+05:30
115.35,115.6,115.35,115.6,2544.0,1703749800.0,2023-12-28 13:20:00+05:30
115.6,115.6,115.3,115.5,2116.0,1703750100.0,2023-12-28 13:25:00+05:30
115.5,115.5,115.4,115.4,692.0,1703750400.0,2023-12-28 13:30:00+05:30
115.4,115.7,115.35,115.45,12140.0,1703750700.0,2023-12-28 13:35:00+05:30
115.55,115.55,115.35,115.5,460.0,1703751000.0,2023-12-28 13:40:00+05:30
115.5,115.7,115.5,115.5,3288.0,1703751300.0,2023-12-28 13:45:00+05:30
115.5,115.85,115.5,115.5,3868.0,1703751600.0,2023-12-28 13:50:00+05:30
115.5,115.65,115.5,115.55,296.0,1703751900.0,2023-12-28 13:55:00+05:30
115.55,115.6,115.55,115.55,440.0,1703752200.0,2023-12-28 14:00:00+05:30
115.55,115.65,115.55,115.65,108.0,1703752500.0,2023-12-28 14:05:00+05:30
115.65,115.65,115.55,115.55,620.0,1703752800.0,2023-12-28 14:10:00+05:30
115.55,115.75,115.55,115.6,292.0,1703753100.0,2023-12-28 14:15:00+05:30
115.6,115.6,115.5,115.55,2164.0,1703753400.0,2023-12-28 14:20:00+05:30
115.55,115.55,115.35,115.4,7056.0,1703753700.0,2023-12-28 14:25:00+05:30
115.4,115.5,115.4,115.4,1284.0,1703754000.0,2023-12-28 14:30:00+05:30
115.4,115.6,115.1,115.1,7556.0,1703754300.0,2023-12-28 14:35:00+05:30
115.1,115.25,114.9,115.0,5060.0,1703754600.0,2023-12-28 14:40:00+05:30
115.0,115.1,114.9,114.95,1940.0,1703754900.0,2023-12-28 14:45:00+05:30
114.85,115.05,114.85,115.0,4516.0,1703755200.0,2023-12-28 14:50:00+05:30
114.95,115.2,114.75,115.05,13116.0,1703755500.0,2023-12-28 14:55:00+05:30
115.05,115.6,115.05,115.6,7908.0,1703755800.0,2023-12-28 15:00:00+05:30
115.6,115.6,115.3,115.5,864.0,1703756100.0,2023-12-28 15:05:00+05:30
115.5,115.5,114.9,115.1,4164.0,1703756400.0,2023-12-28 15:10:00+05:30
115.1,115.1,114.75,114.75,3768.0,1703756700.0,2023-12-28 15:15:00+05:30
115.0,115.0,114.55,115.0,13568.0,1703757000.0,2023-12-28 15:20:00+05:30
115.0,115.2,114.65,114.7,7028.0,1703757300.0,2023-12-28 15:25:00+05:30
115.6,115.85,115.25,115.55,28580.0,1703821500.0,2023-12-29 09:15:00+05:30
115.55,116.5,115.5,116.35,22108.0,1703821800.0,2023-12-29 09:20:00+05:30
116.25,116.8,116.25,116.3,15608.0,1703822100.0,2023-12-29 09:25:00+05:30
116.3,116.6,116.3,116.6,4264.0,1703822400.0,2023-12-29 09:30:00+05:30
116.6,117.5,116.5,117.4,24828.0,1703822700.0,2023-12-29 09:35:00+05:30
117.25,117.5,117.0,117.0,14276.0,1703823000.0,2023-12-29 09:40:00+05:30
117.0,117.2,116.85,117.15,18888.0,1703823300.0,2023-12-29 09:45:00+05:30
117.0,117.05,116.8,117.05,2620.0,1703823600.0,2023-12-29 09:50:00+05:30
116.8,117.05,116.7,116.7,21228.0,1703823900.0,2023-12-29 09:55:00+05:30
116.7,116.75,116.45,116.75,12732.0,1703824200.0,2023-12-29 10:00:00+05:30
116.75,116.75,115.95,116.1,3564.0,1703824500.0,2023-12-29 10:05:00+05:30
115.9,116.5,115.75,116.45,11196.0,1703824800.0,2023-12-29 10:10:00+05:30
116.4,117.0,116.4,116.95,18868.0,1703825100.0,2023-12-29 10:15:00+05:30
116.95,117.35,116.95,117.35,4616.0,1703825400.0,2023-12-29 10:20:00+05:30
117.35,117.4,117.05,117.1,4512.0,1703825700.0,2023-12-29 10:25:00+05:30
117.1,117.45,117.1,117.45,6988.0,1703826000.0,2023-12-29 10:30:00+05:30
117.3,117.3,117.05,117.15,2864.0,1703826300.0,2023-12-29 10:35:00+05:30
117.15,117.15,116.95,117.1,1004.0,1703826600.0,2023-12-29 10:40:00+05:30
116.95,117.4,116.95,117.25,13960.0,1703826900.0,2023-12-29 10:45:00+05:30
117.25,117.4,117.1,117.1,4428.0,1703827200.0,2023-12-29 10:50:00+05:30
117.0,117.15,116.9,117.15,16664.0,1703827500.0,2023-12-29 10:55:00+05:30
117.15,117.25,117.05,117.25,664.0,1703827800.0,2023-12-29 11:00:00+05:30
117.25,117.25,117.05,117.1,1556.0,1703828100.0,2023-12-29 11:05:00+05:30
117.1,117.1,116.8,116.8,7268.0,1703828400.0,2023-12-29 11:10:00+05:30
116.8,116.8,116.55,116.7,688.0,1703828700.0,2023-12-29 11:15:00+05:30
116.7,116.95,116.65,116.9,2092.0,1703829000.0,2023-12-29 11:20:00+05:30
116.9,116.9,116.7,116.85,1472.0,1703829300.0,2023-12-29 11:25:00+05:30
116.85,116.85,116.5,116.5,42276.0,1703829600.0,2023-12-29 11:30:00+05:30
116.5,116.8,116.5,116.6,9132.0,1703829900.0,2023-12-29 11:35:00+05:30
116.6,117.1,116.5,117.1,13076.0,1703830200.0,2023-12-29 11:40:00+05:30
117.1,117.1,116.9,117.1,5908.0,1703830500.0,2023-12-29 11:45:00+05:30
117.1,117.1,116.9,116.95,336.0,1703830800.0,2023-12-29 11:50:00+05:30
116.95,117.0,116.8,117.0,1132.0,1703831100.0,2023-12-29 11:55:00+05:30
117.0,117.0,116.95,117.0,864.0,1703831400.0,2023-12-29 12:00:00+05:30
117.0,117.0,116.9,117.0,1668.0,1703831700.0,2023-12-29 12:05:00+05:30
117.0,117.75,116.8,117.75,44396.0,1703832000.0,2023-12-29 12:10:00+05:30
117.75,117.9,117.45,117.8,10100.0,1703832300.0,2023-12-29 12:15:00+05:30
117.8,117.8,117.35,117.35,13320.0,1703832600.0,2023-12-29 12:20:00+05:30
117.35,117.5,117.2,117.5,2764.0,1703832900.0,2023-12-29 12:25:00+05:30
117.5,117.5,117.35,117.45,17224.0,1703833200.0,2023-12-29 12:30:00+05:30
117.45,117.5,117.3,117.5,20844.0,1703833500.0,2023-12-29 12:35:00+05:30
117.5,117.5,117.2,117.2,3168.0,1703833800.0,2023-12-29 12:40:00+05:30
117.2,117.2,117.2,117.2,320.0,1703834100.0,2023-12-29 12:45:00+05:30
117.2,117.4,117.1,117.15,2504.0,1703834400.0,2023-12-29 12:50:00+05:30
117.15,117.3,117.0,117.0,3704.0,1703834700.0,2023-12-29 12:55:00+05:30
117.0,117.05,116.85,117.0,3316.0,1703835000.0,2023-12-29 13:00:00+05:30
117.0,117.2,117.0,117.05,3252.0,1703835300.0,2023-12-29 13:05:00+05:30
117.05,117.2,117.05,117.15,1128.0,1703835600.0,2023-12-29 13:10:00+05:30
117.15,117.25,117.1,117.25,25148.0,1703835900.0,2023-12-29 13:15:00+05:30
117.25,117.45,117.25,117.35,572.0,1703836200.0,2023-12-29 13:20:00+05:30
117.35,117.35,117.3,117.3,4604.0,1703836500.0,2023-12-29 13:25:00+05:30
117.3,117.3,117.15,117.3,44.0,1703836800.0,2023-12-29 13:30:00+05:30
117.3,117.4,116.8,116.95,27300.0,1703837100.0,2023-12-29 13:35:00+05:30
116.95,117.1,116.95,117.0,800.0,1703837400.0,2023-12-29 13:40:00+05:30
117.0,117.25,116.95,117.15,1196.0,1703837700.0,2023-12-29 13:45:00+05:30
117.15,117.2,117.15,117.15,1140.0,1703838000.0,2023-12-29 13:50:00+05:30
117.15,117.2,117.15,117.2,1252.0,1703838300.0,2023-12-29 13:55:00+05:30
117.2,117.25,117.05,117.05,2356.0,1703838600.0,2023-12-29 14:00:00+05:30
117.05,117.05,116.9,116.9,3228.0,1703838900.0,2023-12-29 14:05:00+05:30
116.9,117.0,116.5,116.5,10848.0,1703839200.0,2023-12-29 14:10:00+05:30
116.5,116.85,116.5,116.5,6852.0,1703839500.0,2023-12-29 14:15:00+05:30
116.5,116.75,116.5,116.55,1208.0,1703839800.0,2023-12-29 14:20:00+05:30
116.5,116.7,116.5,116.7,936.0,1703840100.0,2023-12-29 14:25:00+05:30
116.7,117.0,116.7,117.0,22500.0,1703840400.0,2023-12-29 14:30:00+05:30
117.0,117.0,116.8,116.8,3092.0,1703840700.0,2023-12-29 14:35:00+05:30
116.8,116.9,116.6,116.6,4936.0,1703841000.0,2023-12-29 14:40:00+05:30
116.6,116.6,116.55,116.55,980.0,1703841300.0,2023-12-29 14:45:00+05:30
116.4,116.6,116.3,116.3,2368.0,1703841600.0,2023-12-29 14:50:00+05:30
116.3,116.45,116.3,116.3,4404.0,1703841900.0,2023-12-29 14:55:00+05:30
116.3,116.45,116.2,116.3,8524.0,1703842200.0,2023-12-29 15:00:00+05:30
116.3,116.55,116.2,116.5,13148.0,1703842500.0,2023-12-29 15:05:00+05:30
116.5,117.05,116.5,117.0,53204.0,1703842800.0,2023-12-29 15:10:00+05:30
117.0,117.7,117.0,117.5,19372.0,1703843100.0,2023-12-29 15:15:00+05:30
117.5,118.15,117.5,118.0,101676.0,1703843400.0,2023-12-29 15:20:00+05:30
118.0,118.0,118.0,118.0,79560.0,1703843700.0,2023-12-29 15:25:00+05:30
118.0,118.05,116.7,116.7,21716.0,1704080700.0,2024-01-01 09:15:00+05:30
116.7,117.4,116.7,117.25,18672.0,1704081000.0,2024-01-01 09:20:00+05:30
117.25,117.25,116.8,117.1,4088.0,1704081300.0,2024-01-01 09:25:00+05:30
117.1,117.1,116.75,116.95,7188.0,1704081600.0,2024-01-01 09:30:00+05:30
116.95,117.2,116.65,116.65,6740.0,1704081900.0,2024-01-01 09:35:00+05:30
116.65,116.8,116.6,116.7,948.0,1704082200.0,2024-01-01 09:40:00+05:30
116.7,116.9,116.7,116.9,3900.0,1704082500.0,2024-01-01 09:45:00+05:30
116.9,117.05,116.8,116.8,1744.0,1704082800.0,2024-01-01 09:50:00+05:30
116.8,117.0,116.75,116.75,1632.0,1704083100.0,2024-01-01 09:55:00+05:30
116.75,116.75,116.55,116.7,1664.0,1704083400.0,2024-01-01 10:00:00+05:30
116.7,116.8,116.4,116.75,48512.0,1704083700.0,2024-01-01 10:05:00+05:30
116.75,117.35,116.6,116.95,46724.0,1704084000.0,2024-01-01 10:10:00+05:30
116.9,117.2,116.7,117.1,3472.0,1704084300.0,2024-01-01 10:15:00+05:30
117.2,117.25,117.0,117.25,1240.0,1704084600.0,2024-01-01 10:20:00+05:30
117.25,117.75,117.1,117.5,15620.0,1704084900.0,2024-01-01 10:25:00+05:30
117.5,117.9,117.5,117.8,7160.0,1704085200.0,2024-01-01 10:30:00+05:30
117.8,117.8,117.65,117.8,404.0,1704085500.0,2024-01-01 10:35:00+05:30
117.8,117.8,117.6,117.75,1024.0,1704085800.0,2024-01-01 10:40:00+05:30
117.75,117.75,117.5,117.55,2224.0,1704086100.0,2024-01-01 10:45:00+05:30
117.55,117.75,117.5,117.7,8532.0,1704086400.0,2024-01-01 10:50:00+05:30
117.7,117.7,117.35,117.6,13452.0,1704086700.0,2024-01-01 10:55:00+05:30
117.5,117.7,117.5,117.7,2624.0,1704087000.0,2024-01-01 11:00:00+05:30
117.7,118.0,117.7,118.0,10356.0,1704087300.0,2024-01-01 11:05:00+05:30
118.0,118.05,117.7,117.75,2700.0,1704087600.0,2024-01-01 11:10:00+05:30
117.75,117.95,117.7,117.7,1280.0,1704087900.0,2024-01-01 11:15:00+05:30
117.7,117.8,117.5,117.5,6796.0,1704088200.0,2024-01-01 11:20:00+05:30
117.5,117.7,117.45,117.6,5532.0,1704088500.0,2024-01-01 11:25:00+05:30
117.6,117.6,117.45,117.5,204.0,1704088800.0,2024-01-01 11:30:00+05:30
117.5,117.7,117.5,117.55,5160.0,1704089100.0,2024-01-01 11:35:00+05:30
117.6,117.7,117.45,117.45,1040.0,1704089400.0,2024-01-01 11:40:00+05:30
117.45,117.65,117.45,117.65,284.0,1704089700.0,2024-01-01 11:45:00+05:30
117.65,117.65,117.6,117.6,160.0,1704090000.0,2024-01-01 11:50:00+05:30
117.6,117.6,117.5,117.5,532.0,1704090300.0,2024-01-01 11:55:00+05:30
117.5,118.15,117.5,118.05,24648.0,1704090600.0,2024-01-01 12:00:00+05:30
118.05,118.25,118.0,118.25,12856.0,1704090900.0,2024-01-01 12:05:00+05:30
118.25,120.0,118.25,119.55,173604.0,1704091200.0,2024-01-01 12:10:00+05:30
119.55,119.6,119.2,119.2,46340.0,1704091500.0,2024-01-01 12:15:00+05:30
119.2,119.25,119.0,119.0,2484.0,1704091800.0,2024-01-01 12:20:00+05:30
119.0,120.75,118.95,120.6,67804.0,1704092100.0,2024-01-01 12:25:00+05:30
120.6,121.0,120.15,120.5,20936.0,1704092400.0,2024-01-01 12:30:00+05:30
120.5,120.75,120.45,120.5,10848.0,1704092700.0,2024-01-01 12:35:00+05:30
120.5,120.5,120.3,120.3,1968.0,1704093000.0,2024-01-01 12:40:00+05:30
120.3,120.45,120.25,120.4,1576.0,1704093300.0,2024-01-01 12:45:00+05:30
120.4,120.4,120.05,120.25,2084.0,1704093600.0,2024-01-01 12:50:00+05:30
120.25,120.35,120.05,120.1,6128.0,1704093900.0,2024-01-01 12:55:00+05:30
120.1,121.1,120.1,120.95,77964.0,1704094200.0,2024-01-01 13:00:00+05:30
120.95,121.05,120.75,120.75,3980.0,1704094500.0,2024-01-01 13:05:00+05:30
120.75,120.75,120.1,120.1,21588.0,1704094800.0,2024-01-01 13:10:00+05:30
120.1,120.4,120.0,120.0,1536.0,1704095100.0,2024-01-01 13:15:00+05:30
120.0,120.35,120.0,120.3,8308.0,1704095400.0,2024-01-01 13:20:00+05:30
120.3,120.5,120.25,120.45,5544.0,1704095700.0,2024-01-01 13:25:00+05:30
120.25,120.4,120.2,120.2,796.0,1704096000.0,2024-01-01 13:30:00+05:30
120.2,120.35,120.1,120.1,2988.0,1704096300.0,2024-01-01 13:35:00+05:30
120.1,120.1,120.0,120.0,1104.0,1704096600.0,2024-01-01 13:40:00+05:30
120.1,120.1,119.2,119.45,16584.0,1704096900.0,2024-01-01 13:45:00+05:30
119.45,119.5,119.2,119.2,2640.0,1704097200.0,2024-01-01 13:50:00+05:30
119.2,119.5,119.1,119.5,1916.0,1704097500.0,2024-01-01 13:55:00+05:30
119.5,119.5,119.15,119.2,1464.0,1704097800.0,2024-01-01 14:00:00+05:30
119.2,119.5,119.2,119.4,1192.0,1704098100.0,2024-01-01 14:05:00+05:30
119.4,119.4,119.1,119.4,1436.0,1704098400.0,2024-01-01 14:10:00+05:30
119.4,119.4,119.2,119.2,1044.0,1704098700.0,2024-01-01 14:15:00+05:30
119.2,119.3,119.1,119.3,504.0,1704099000.0,2024-01-01 14:20:00+05:30
119.3,119.3,119.0,119.0,1540.0,1704099300.0,2024-01-01 14:25:00+05:30
119.0,119.0,119.0,119.0,452.0,1704099600.0,2024-01-01 14:30:00+05:30
119.0,119.2,119.0,119.2,4308.0,1704099900.0,2024-01-01 14:35:00+05:30
119.2,119.25,119.05,119.25,1416.0,1704100200.0,2024-01-01 14:40:00+05:30
119.2,119.5,119.2,119.5,5292.0,1704100500.0,2024-01-01 14:45:00+05:30
119.5,119.5,119.2,119.2,3168.0,1704100800.0,2024-01-01 14:50:00+05:30
119.2,119.4,119.2,119.4,5420.0,1704101100.0,2024-01-01 14:55:00+05:30
119.4,119.85,119.25,119.85,3624.0,1704101400.0,2024-01-01 15:00:00+05:30
119.95,120.35,119.8,120.2,33564.0,1704101700.0,2024-01-01 15:05:00+05:30
120.5,120.5,119.9,120.0,14160.0,1704102000.0,2024-01-01 15:10:00+05:30
120.0,120.6,120.0,120.3,15896.0,1704102300.0,2024-01-01 15:15:00+05:30
120.3,121.0,120.3,120.7,60736.0,1704102600.0,2024-01-01 15:20:00+05:30
120.7,121.25,120.1,121.2,186012.0,1704102900.0,2024-01-01 15:25:00+05:30
120.6,121.7,120.15,120.5,44600.0,1704167100.0,2024-01-02 09:15:00+05:30
120.5,121.5,120.35,121.5,35468.0,1704167400.0,2024-01-02 09:20:00+05:30
121.45,121.75,121.25,121.25,20472.0,1704167700.0,2024-01-02 09:25:00+05:30
121.25,121.45,121.15,121.4,10128.0,1704168000.0,2024-01-02 09:30:00+05:30
121.4,121.6,121.25,121.4,3324.0,1704168300.0,2024-01-02 09:35:00+05:30
121.4,121.8,121.35,121.6,12344.0,1704168600.0,2024-01-02 09:40:00+05:30
121.6,121.65,121.3,121.3,11836.0,1704168900.0,2024-01-02 09:45:00+05:30
121.3,121.85,121.25,121.5,14144.0,1704169200.0,2024-01-02 09:50:00+05:30
121.5,121.6,121.05,121.3,15516.0,1704169500.0,2024-01-02 09:55:00+05:30
121.3,121.55,121.05,121.5,9120.0,1704169800.0,2024-01-02 10:00:00+05:30
121.5,121.75,121.25,121.5,5400.0,1704170100.0,2024-01-02 10:05:00+05:30
121.5,121.5,121.25,121.35,4492.0,1704170400.0,2024-01-02 10:10:00+05:30
121.35,121.55,121.3,121.3,2728.0,1704170700.0,2024-01-02 10:15:00+05:30
121.3,121.7,121.3,121.4,13540.0,1704171000.0,2024-01-02 10:20:00+05:30
121.4,121.55,120.85,121.1,34476.0,1704171300.0,2024-01-02 10:25:00+05:30
121.1,121.45,120.45,120.6,17600.0,1704171600.0,2024-01-02 10:30:00+05:30
120.55,120.65,119.7,119.8,24860.0,1704171900.0,2024-01-02 10:35:00+05:30
119.8,120.5,119.65,120.5,19756.0,1704172200.0,2024-01-02 10:40:00+05:30
120.5,121.2,120.5,121.2,9908.0,1704172500.0,2024-01-02 10:45:00+05:30
121.2,121.45,120.95,121.4,8376.0,1704172800.0,2024-01-02 10:50:00+05:30
121.4,121.6,121.2,121.6,19588.0,1704173100.0,2024-01-02 10:55:00+05:30
121.6,121.6,121.3,121.45,7140.0,1704173400.0,2024-01-02 11:00:00+05:30
121.45,121.45,120.75,120.95,9576.0,1704173700.0,2024-01-02 11:05:00+05:30
120.95,121.2,120.8,121.2,4004.0,1704174000.0,2024-01-02 11:10:00+05:30
120.95,121.4,120.95,121.35,8576.0,1704174300.0,2024-01-02 11:15:00+05:30
121.35,121.6,121.35,121.55,9144.0,1704174600.0,2024-01-02 11:20:00+05:30
121.55,121.75,121.4,121.65,2820.0,1704174900.0,2024-01-02 11:25:00+05:30
121.5,121.7,121.4,121.45,4752.0,1704175200.0,2024-01-02 11:30:00+05:30
121.45,121.7,121.45,121.7,5480.0,1704175500.0,2024-01-02 11:35:00+05:30
121.7,121.7,121.4,121.5,3448.0,1704175800.0,2024-01-02 11:40:00+05:30
121.5,121.7,121.4,121.7,4480.0,1704176100.0,2024-01-02 11:45:00+05:30
121.7,121.7,121.5,121.5,7924.0,1704176400.0,2024-01-02 11:50:00+05:30
121.5,123.2,121.45,123.2,82736.0,1704176700.0,2024-01-02 11:55:00+05:30
123.2,123.35,122.25,122.3,12596.0,1704177000.0,2024-01-02 12:00:00+05:30
122.3,122.5,122.25,122.5,7892.0,1704177300.0,2024-01-02 12:05:00+05:30
122.5,122.5,122.25,122.25,3616.0,1704177600.0,2024-01-02 12:10:00+05:30
122.25,122.5,122.25,122.5,3748.0,1704177900.0,2024-01-02 12:15:00+05:30
122.3,122.4,122.1,122.2,9092.0,1704178200.0,2024-01-02 12:20:00+05:30
122.2,122.4,122.15,122.35,9704.0,1704178500.0,2024-01-02 12:25:00+05:30
122.35,123.0,122.25,122.8,30696.0,1704178800.0,2024-01-02 12:30:00+05:30
122.8,123.25,122.8,123.05,30096.0,1704179100.0,2024-01-02 12:35:00+05:30
123.05,123.35,122.8,123.35,30204.0,1704179400.0,2024-01-02 12:40:00+05:30
123.35,123.4,123.1,123.3,13972.0,1704179700.0,2024-01-02 12:45:00+05:30
123.3,124.5,123.05,124.0,113164.0,1704180000.0,2024-01-02 12:50:00+05:30
123.9,124.05,123.4,123.6,14644.0,1704180300.0,2024-01-02 12:55:00+05:30
123.6,124.75,123.55,124.5,79932.0,1704180600.0,2024-01-02 13:00:00+05:30
124.45,124.55,124.25,124.45,34364.0,1704180900.0,2024-01-02 13:05:00+05:30
124.3,124.4,122.85,123.15,110712.0,1704181200.0,2024-01-02 13:10:00+05:30
123.1,123.4,122.8,123.25,31624.0,1704181500.0,2024-01-02 13:15:00+05:30
123.1,123.35,123.0,123.1,18204.0,1704181800.0,2024-01-02 13:20:00+05:30
123.25,123.35,123.1,123.25,5996.0,1704182100.0,2024-01-02 13:25:00+05:30
123.25,123.45,123.1,123.2,4536.0,1704182400.0,2024-01-02 13:30:00+05:30
123.2,123.65,123.2,123.6,9792.0,1704182700.0,2024-01-02 13:35:00+05:30
123.6,123.65,123.3,123.5,6860.0,1704183000.0,2024-01-02 13:40:00+05:30
123.5,123.75,123.5,123.6,4828.0,1704183300.0,2024-01-02 13:45:00+05:30
123.6,123.95,123.55,123.9,20184.0,1704183600.0,2024-01-02 13:50:00+05:30
123.9,123.95,123.4,123.5,7892.0,1704183900.0,2024-01-02 13:55:00+05:30
123.5,123.6,123.35,123.5,14600.0,1704184200.0,2024-01-02 14:00:00+05:30
123.5,123.6,123.25,123.4,15944.0,1704184500.0,2024-01-02 14:05:00+05:30
123.3,123.5,123.3,123.4,14552.0,1704184800.0,2024-01-02 14:10:00+05:30
123.4,123.5,123.4,123.5,23368.0,1704185100.0,2024-01-02 14:15:00+05:30
123.4,123.6,123.4,123.4,15876.0,1704185400.0,2024-01-02 14:20:00+05:30
123.4,123.55,123.4,123.5,13488.0,1704185700.0,2024-01-02 14:25:00+05:30
123.5,123.5,123.4,123.4,4860.0,1704186000.0,2024-01-02 14:30:00+05:30
123.4,123.5,123.4,123.5,17836.0,1704186300.0,2024-01-02 14:35:00+05:30
123.5,123.5,123.45,123.5,15328.0,1704186600.0,2024-01-02 14:40:00+05:30
123.45,123.45,123.4,123.45,1464.0,1704186900.0,2024-01-02 14:45:00+05:30
123.45,123.45,123.45,123.45,9412.0,1704187200.0,2024-01-02 14:50:00+05:30
123.45,123.45,123.4,123.4,8416.0,1704187500.0,2024-01-02 14:55:00+05:30
123.4,123.6,123.4,123.45,29744.0,1704187800.0,2024-01-02 15:00:00+05:30
123.5,123.5,123.4,123.5,23652.0,1704188100.0,2024-01-02 15:05:00+05:30
123.5,123.6,123.4,123.4,15744.0,1704188400.0,2024-01-02 15:10:00+05:30
123.4,123.5,122.9,123.5,26612.0,1704188700.0,2024-01-02 15:15:00+05:30
123.45,123.5,123.15,123.4,24544.0,1704189000.0,2024-01-02 15:20:00+05:30
123.4,123.5,123.4,123.5,15888.0,1704189300.0,2024-01-02 15:25:00+05:30
125.0,126.3,124.35,125.4,124656.0,1704253500.0,2024-01-03 09:15:00+05:30
125.3,126.6,124.95,126.25,90752.0,1704253800.0,2024-01-03 09:20:00+05:30
126.5,126.5,124.95,125.1,52296.0,1704254100.0,2024-01-03 09:25:00+05:30
125.1,125.15,124.0,124.25,42832.0,1704254400.0,2024-01-03 09:30:00+05:30
124.25,124.3,123.35,123.6,14692.0,1704254700.0,2024-01-03 09:35:00+05:30
123.6,123.8,122.8,123.0,24628.0,1704255000.0,2024-01-03 09:40:00+05:30
122.8,123.6,122.8,123.45,27248.0,1704255300.0,2024-01-03 09:45:00+05:30
123.45,124.5,123.4,124.5,15700.0,1704255600.0,2024-01-03 09:50:00+05:30
124.55,125.1,124.05,124.05,86380.0,1704255900.0,2024-01-03 09:55:00+05:30
124.05,125.0,124.05,124.45,67800.0,1704256200.0,2024-01-03 10:00:00+05:30
124.45,124.45,124.05,124.25,6268.0,1704256500.0,2024-01-03 10:05:00+05:30
124.25,124.45,124.1,124.1,1992.0,1704256800.0,2024-01-03 10:10:00+05:30
124.1,124.3,124.1,124.2,996.0,1704257100.0,2024-01-03 10:15:00+05:30
124.2,124.2,123.9,124.05,3628.0,1704257400.0,2024-01-03 10:20:00+05:30
124.05,124.8,124.05,124.4,33592.0,1704257700.0,2024-01-03 10:25:00+05:30
124.4,124.5,124.3,124.4,2092.0,1704258000.0,2024-01-03 10:30:00+05:30
124.4,124.7,124.3,124.4,7888.0,1704258300.0,2024-01-03 10:35:00+05:30
124.4,124.4,124.2,124.2,2388.0,1704258600.0,2024-01-03 10:40:00+05:30
124.2,124.3,123.9,124.0,2824.0,1704258900.0,2024-01-03 10:45:00+05:30
124.0,124.25,123.85,123.9,10756.0,1704259200.0,2024-01-03 10:50:00+05:30
123.9,124.25,123.8,124.15,4792.0,1704259500.0,2024-01-03 10:55:00+05:30
124.15,124.2,124.0,124.0,1636.0,1704259800.0,2024-01-03 11:00:00+05:30
124.0,124.1,123.9,124.1,572.0,1704260100.0,2024-01-03 11:05:00+05:30
124.1,124.15,123.9,124.05,2564.0,1704260400.0,2024-01-03 11:10:00+05:30
124.05,124.35,124.05,124.15,3648.0,1704260700.0,2024-01-03 11:15:00+05:30
124.15,124.35,124.15,124.35,1444.0,1704261000.0,2024-01-03 11:20:00+05:30
124.35,124.55,124.2,124.5,12376.0,1704261300.0,2024-01-03 11:25:00+05:30
124.5,124.5,124.25,124.35,2172.0,1704261600.0,2024-01-03 11:30:00+05:30
124.35,124.35,124.15,124.25,676.0,1704261900.0,2024-01-03 11:35:00+05:30
124.25,124.35,124.1,124.15,1384.0,1704262200.0,2024-01-03 11:40:00+05:30
124.15,124.35,124.15,124.2,1028.0,1704262500.0,2024-01-03 11:45:00+05:30
124.2,124.2,124.2,124.2,2316.0,1704262800.0,2024-01-03 11:50:00+05:30
124.2,124.25,124.2,124.25,2860.0,1704263100.0,2024-01-03 11:55:00+05:30
124.25,124.35,124.25,124.35,1212.0,1704263400.0,2024-01-03 12:00:00+05:30
124.35,124.35,124.0,124.0,3136.0,1704263700.0,2024-01-03 12:05:00+05:30
124.0,124.2,123.85,124.15,1712.0,1704264000.0,2024-01-03 12:10:00+05:30
124.15,124.2,124.0,124.2,456.0,1704264300.0,2024-01-03 12:15:00+05:30
124.2,124.25,123.75,123.85,4424.0,1704264600.0,2024-01-03 12:20:00+05:30
123.85,123.85,123.5,123.85,5528.0,1704264900.0,2024-01-03 12:25:00+05:30
123.85,124.1,123.8,124.1,5676.0,1704265200.0,2024-01-03 12:30:00+05:30
124.1,124.1,123.9,124.0,732.0,1704265500.0,2024-01-03 12:35:00+05:30
124.0,124.0,123.9,123.9,672.0,1704265800.0,2024-01-03 12:40:00+05:30
123.9,123.9,123.75,123.9,340.0,1704266100.0,2024-01-03 12:45:00+05:30
123.9,124.0,123.75,123.75,5200.0,1704266400.0,2024-01-03 12:50:00+05:30
123.75,123.8,123.55,123.55,8124.0,1704266700.0,2024-01-03 12:55:00+05:30
123.55,123.6,123.5,123.6,3876.0,1704267000.0,2024-01-03 13:00:00+05:30
123.5,123.75,123.4,123.75,9088.0,1704267300.0,2024-01-03 13:05:00+05:30
123.75,124.9,123.6,124.85,61224.0,1704267600.0,2024-01-03 13:10:00+05:30
124.85,124.95,124.75,124.95,2104.0,1704267900.0,2024-01-03 13:15:00+05:30
124.95,124.95,124.4,124.7,7800.0,1704268200.0,2024-01-03 13:20:00+05:30
124.7,124.7,124.45,124.45,2360.0,1704268500.0,2024-01-03 13:25:00+05:30
124.45,124.7,124.45,124.5,1064.0,1704268800.0,2024-01-03 13:30:00+05:30
124.5,125.3,124.5,125.0,145976.0,1704269100.0,2024-01-03 13:35:00+05:30
125.0,125.35,125.0,125.35,4816.0,1704269400.0,2024-01-03 13:40:00+05:30
125.35,125.35,125.1,125.15,8356.0,1704269700.0,2024-01-03 13:45:00+05:30
125.15,125.35,125.1,125.35,6796.0,1704270000.0,2024-01-03 13:50:00+05:30
125.35,125.35,125.0,125.25,22748.0,1704270300.0,2024-01-03 13:55:00+05:30
125.25,125.65,125.25,125.65,85892.0,1704270600.0,2024-01-03 14:00:00+05:30
125.65,125.75,125.5,125.7,4496.0,1704270900.0,2024-01-03 14:05:00+05:30
125.7,126.4,125.3,126.4,116828.0,1704271200.0,2024-01-03 14:10:00+05:30
126.4,126.5,126.2,126.4,17684.0,1704271500.0,2024-01-03 14:15:00+05:30
126.4,126.45,126.25,126.25,17960.0,1704271800.0,2024-01-03 14:20:00+05:30
126.25,126.5,126.2,126.5,38128.0,1704272100.0,2024-01-03 14:25:00+05:30
126.25,126.6,126.1,126.5,126652.0,1704272400.0,2024-01-03 14:30:00+05:30
126.35,126.9,126.35,126.6,95200.0,1704272700.0,2024-01-03 14:35:00+05:30
126.55,126.95,126.5,126.75,25004.0,1704273000.0,2024-01-03 14:40:00+05:30
126.75,127.1,126.5,127.0,79952.0,1704273300.0,2024-01-03 14:45:00+05:30
127.0,127.5,127.0,127.25,85512.0,1704273600.0,2024-01-03 14:50:00+05:30
127.25,127.25,127.0,127.25,19084.0,1704273900.0,2024-01-03 14:55:00+05:30
127.0,127.0,127.0,127.0,25132.0,1704274200.0,2024-01-03 15:00:00+05:30
127.0,127.1,127.0,127.0,50760.0,1704274500.0,2024-01-03 15:05:00+05:30
127.0,127.05,127.0,127.0,17868.0,1704274800.0,2024-01-03 15:10:00+05:30
127.0,127.7,127.0,127.7,221316.0,1704275100.0,2024-01-03 15:15:00+05:30
127.7,127.7,127.5,127.6,38032.0,1704275400.0,2024-01-03 15:20:00+05:30
127.6,127.7,127.5,127.7,21396.0,1704275700.0,2024-01-03 15:25:00+05:30
128.65,128.75,127.4,127.7,65540.0,1704339900.0,2024-01-04 09:15:00+05:30
127.3,127.55,127.05,127.35,74584.0,1704340200.0,2024-01-04 09:20:00+05:30
127.25,127.5,126.95,127.05,24276.0,1704340500.0,2024-01-04 09:25:00+05:30
127.0,127.25,126.9,126.9,30108.0,1704340800.0,2024-01-04 09:30:00+05:30
126.9,127.0,126.7,126.75,13348.0,1704341100.0,2024-01-04 09:35:00+05:30
126.75,127.05,126.75,126.9,7392.0,1704341400.0,2024-01-04 09:40:00+05:30
126.95,127.1,126.4,126.4,13688.0,1704341700.0,2024-01-04 09:45:00+05:30
126.6,126.6,126.25,126.25,11456.0,1704342000.0,2024-01-04 09:50:00+05:30
126.25,126.6,125.8,125.8,46756.0,1704342300.0,2024-01-04 09:55:00+05:30
125.95,126.3,125.95,126.2,11704.0,1704342600.0,2024-01-04 10:00:00+05:30
126.3,126.55,126.0,126.55,26628.0,1704342900.0,2024-01-04 10:05:00+05:30
126.6,127.0,126.4,126.95,23092.0,1704343200.0,2024-01-04 10:10:00+05:30
127.0,127.2,126.7,126.75,26420.0,1704343500.0,2024-01-04 10:15:00+05:30
126.85,127.05,126.7,126.9,10876.0,1704343800.0,2024-01-04 10:20:00+05:30
126.9,127.1,126.7,126.7,5240.0,1704344100.0,2024-01-04 10:25:00+05:30
126.7,126.85,126.7,126.75,1700.0,1704344400.0,2024-01-04 10:30:00+05:30
126.75,126.75,126.6,126.65,5800.0,1704344700.0,2024-01-04 10:35:00+05:30
126.65,126.65,126.35,126.35,9536.0,1704345000.0,2024-01-04 10:40:00+05:30
126.4,126.4,126.1,126.3,4336.0,1704345300.0,2024-01-04 10:45:00+05:30
126.3,126.5,126.1,126.25,5940.0,1704345600.0,2024-01-04 10:50:00+05:30
126.3,126.3,126.05,126.05,1912.0,1704345900.0,2024-01-04 10:55:00+05:30
126.05,126.4,126.05,126.05,21472.0,1704346200.0,2024-01-04 11:00:00+05:30
126.0,126.1,125.9,125.95,2180.0,1704346500.0,2024-01-04 11:05:00+05:30
126.05,126.1,125.9,125.9,3640.0,1704346800.0,2024-01-04 11:10:00+05:30
126.0,126.1,125.9,126.0,25092.0,1704347100.0,2024-01-04 11:15:00+05:30
126.0,126.15,126.0,126.1,21144.0,1704347400.0,2024-01-04 11:20:00+05:30
126.1,126.15,126.0,126.0,12032.0,1704347700.0,2024-01-04 11:25:00+05:30
126.0,126.25,126.0,126.25,9456.0,1704348000.0,2024-01-04 11:30:00+05:30
126.1,126.45,126.1,126.25,4444.0,1704348300.0,2024-01-04 11:35:00+05:30
126.25,126.4,126.15,126.25,15596.0,1704348600.0,2024-01-04 11:40:00+05:30
126.1,126.25,126.1,126.2,3424.0,1704348900.0,2024-01-04 11:45:00+05:30
126.15,126.2,126.15,126.15,860.0,1704349200.0,2024-01-04 11:50:00+05:30
126.75,127.2,126.6,126.75,104844.0,1704349500.0,2024-01-04 11:55:00+05:30
126.75,126.9,126.7,126.7,324.0,1704349800.0,2024-01-04 12:00:00+05:30
126.7,126.8,126.6,126.8,448.0,1704350100.0,2024-01-04 12:05:00+05:30
126.8,126.8,126.6,126.75,6672.0,1704350400.0,2024-01-04 12:10:00+05:30
126.7,126.7,126.5,126.55,1608.0,1704350700.0,2024-01-04 12:15:00+05:30
126.5,126.65,126.5,126.5,6920.0,1704351000.0,2024-01-04 12:20:00+05:30
126.5,127.1,126.5,126.75,21756.0,1704351300.0,2024-01-04 12:25:00+05:30
126.75,126.9,126.75,126.9,4344.0,1704351600.0,2024-01-04 12:30:00+05:30
126.9,126.9,126.6,126.75,1340.0,1704351900.0,2024-01-04 12:35:00+05:30
126.65,126.75,126.65,126.75,132.0,1704352200.0,2024-01-04 12:40:00+05:30
126.75,126.75,126.35,126.5,13144.0,1704352500.0,2024-01-04 12:45:00+05:30
126.45,126.55,126.25,126.4,31868.0,1704352800.0,2024-01-04 12:50:00+05:30
126.4,126.6,126.4,126.6,880.0,1704353100.0,2024-01-04 12:55:00+05:30
126.6,126.6,126.3,126.4,1552.0,1704353400.0,2024-01-04 13:00:00+05:30
126.5,126.55,126.35,126.4,3412.0,1704353700.0,2024-01-04 13:05:00+05:30
126.4,126.75,126.4,126.75,11924.0,1704354000.0,2024-01-04 13:10:00+05:30
126.75,127.0,126.75,126.8,6228.0,1704354300.0,2024-01-04 13:15:00+05:30
127.1,127.2,126.75,126.8,73508.0,1704354600.0,2024-01-04 13:20:00+05:30
126.8,127.05,126.8,126.85,884.0,1704354900.0,2024-01-04 13:25:00+05:30
126.9,126.9,126.25,126.25,26496.0,1704355200.0,2024-01-04 13:30:00+05:30
126.25,126.7,126.25,126.6,18168.0,1704355500.0,2024-01-04 13:35:00+05:30
126.6,126.75,126.6,126.75,2828.0,1704355800.0,2024-01-04 13:40:00+05:30
126.75,126.75,126.25,126.25,21248.0,1704356100.0,2024-01-04 13:45:00+05:30
126.7,126.85,126.55,126.85,15936.0,1704356400.0,2024-01-04 13:50:00+05:30
126.9,126.95,126.85,126.85,676.0,1704356700.0,2024-01-04 13:55:00+05:30
127.0,127.1,126.8,126.8,3416.0,1704357000.0,2024-01-04 14:00:00+05:30
126.8,127.0,126.8,126.9,3912.0,1704357300.0,2024-01-04 14:05:00+05:30
126.9,127.0,126.75,126.8,2288.0,1704357600.0,2024-01-04 14:10:00+05:30
126.9,126.95,126.75,126.75,8460.0,1704357900.0,2024-01-04 14:15:00+05:30
126.75,128.0,126.75,128.0,89584.0,1704358200.0,2024-01-04 14:20:00+05:30
127.75,127.75,127.1,127.25,32564.0,1704358500.0,2024-01-04 14:25:00+05:30
127.25,128.6,127.25,128.6,129396.0,1704358800.0,2024-01-04 14:30:00+05:30
128.6,128.6,128.25,128.35,10460.0,1704359100.0,2024-01-04 14:35:00+05:30
128.2,128.7,128.05,128.05,56500.0,1704359400.0,2024-01-04 14:40:00+05:30
128.05,128.05,127.9,127.9,2888.0,1704359700.0,2024-01-04 14:45:00+05:30
127.9,128.0,127.75,128.0,96452.0,1704360000.0,2024-01-04 14:50:00+05:30
128.0,128.0,127.75,127.8,9216.0,1704360300.0,2024-01-04 14:55:00+05:30
127.9,128.0,127.8,127.85,2040.0,1704360600.0,2024-01-04 15:00:00+05:30
127.9,128.0,127.8,127.9,30528.0,1704360900.0,2024-01-04 15:05:00+05:30
127.9,128.0,127.9,127.9,145588.0,1704361200.0,2024-01-04 15:10:00+05:30
128.0,130.25,127.95,129.3,388148.0,1704361500.0,2024-01-04 15:15:00+05:30
129.3,132.0,129.2,132.0,140376.0,1704361800.0,2024-01-04 15:20:00+05:30
131.95,133.75,131.75,133.75,145712.0,1704362100.0,2024-01-04 15:25:00+05:30
132.8,133.6,131.3,131.3,98708.0,1704426300.0,2024-01-05 09:15:00+05:30
131.5,132.05,131.45,132.05,26068.0,1704426600.0,2024-01-05 09:20:00+05:30
131.9,133.0,131.9,132.7,23952.0,1704426900.0,2024-01-05 09:25:00+05:30
132.75,133.6,132.75,133.6,38380.0,1704427200.0,2024-01-05 09:30:00+05:30
133.4,133.4,132.8,133.15,23480.0,1704427500.0,2024-01-05 09:35:00+05:30
133.0,133.4,132.75,132.75,24896.0,1704427800.0,2024-01-05 09:40:00+05:30
132.6,133.35,132.55,132.95,15108.0,1704428100.0,2024-01-05 09:45:00+05:30
133.0,133.2,132.55,132.6,36032.0,1704428400.0,2024-01-05 09:50:00+05:30
132.6,133.25,132.6,133.25,20828.0,1704428700.0,2024-01-05 09:55:00+05:30
132.9,133.05,132.7,132.9,6932.0,1704429000.0,2024-01-05 10:00:00+05:30
132.95,132.95,132.65,132.8,5496.0,1704429300.0,2024-01-05 10:05:00+05:30
133.0,133.0,132.5,132.7,7800.0,1704429600.0,2024-01-05 10:10:00+05:30
132.7,132.75,132.5,132.5,21512.0,1704429900.0,2024-01-05 10:15:00+05:30
132.4,133.75,132.15,133.1,128532.0,1704430200.0,2024-01-05 10:20:00+05:30
132.75,133.0,132.45,132.75,6672.0,1704430500.0,2024-01-05 10:25:00+05:30
132.75,134.35,132.75,133.9,40044.0,1704430800.0,2024-01-05 10:30:00+05:30
133.85,134.15,133.4,133.6,5664.0,1704431100.0,2024-01-05 10:35:00+05:30
133.45,133.45,132.75,133.0,12260.0,1704431400.0,2024-01-05 10:40:00+05:30
133.3,133.3,131.85,131.85,16644.0,1704431700.0,2024-01-05 10:45:00+05:30
131.85,132.6,131.65,131.65,26992.0,1704432000.0,2024-01-05 10:50:00+05:30
131.6,132.15,131.55,131.95,5660.0,1704432300.0,2024-01-05 10:55:00+05:30
132.0,132.05,131.7,131.8,4688.0,1704432600.0,2024-01-05 11:00:00+05:30
131.75,132.05,131.5,131.6,18744.0,1704432900.0,2024-01-05 11:05:00+05:30
131.4,131.8,131.25,131.4,15420.0,1704433200.0,2024-01-05 11:10:00+05:30
131.4,131.4,129.9,130.05,78032.0,1704433500.0,2024-01-05 11:15:00+05:30
129.55,130.6,129.55,130.6,14720.0,1704433800.0,2024-01-05 11:20:00+05:30
130.6,130.9,130.55,130.8,8624.0,1704434100.0,2024-01-05 11:25:00+05:30
130.8,131.1,130.3,130.6,42324.0,1704434400.0,2024-01-05 11:30:00+05:30
130.95,131.0,130.65,130.7,5724.0,1704434700.0,2024-01-05 11:35:00+05:30
131.0,131.7,131.0,131.4,37348.0,1704435000.0,2024-01-05 11:40:00+05:30
131.4,131.7,131.4,131.5,17624.0,1704435300.0,2024-01-05 11:45:00+05:30
131.5,131.75,131.4,131.4,5084.0,1704435600.0,2024-01-05 11:50:00+05:30
131.4,131.6,131.35,131.35,2264.0,1704435900.0,2024-01-05 11:55:00+05:30
131.4,132.95,131.4,132.95,35188.0,1704436200.0,2024-01-05 12:00:00+05:30
133.0,133.0,132.25,132.3,6876.0,1704436500.0,2024-01-05 12:05:00+05:30
132.1,132.35,131.8,131.8,8464.0,1704436800.0,2024-01-05 12:10:00+05:30
132.1,132.4,132.1,132.2,5332.0,1704437100.0,2024-01-05 12:15:00+05:30
132.2,132.2,131.85,131.85,1772.0,1704437400.0,2024-01-05 12:20:00+05:30
131.85,132.15,131.7,132.0,2420.0,1704437700.0,2024-01-05 12:25:00+05:30
132.0,133.0,131.8,132.6,21096.0,1704438000.0,2024-01-05 12:30:00+05:30
132.45,132.5,132.25,132.4,2684.0,1704438300.0,2024-01-05 12:35:00+05:30
132.3,132.3,132.05,132.2,1176.0,1704438600.0,2024-01-05 12:40:00+05:30
132.2,132.25,132.05,132.05,284.0,1704438900.0,2024-01-05 12:45:00+05:30
132.05,132.2,132.0,132.0,1160.0,1704439200.0,2024-01-05 12:50:00+05:30
132.25,132.5,132.15,132.45,5412.0,1704439500.0,2024-01-05 12:55:00+05:30
132.05,132.15,131.85,131.95,5012.0,1704439800.0,2024-01-05 13:00:00+05:30
131.95,132.0,131.9,131.9,476.0,1704440100.0,2024-01-05 13:05:00+05:30
132.15,132.2,131.9,131.9,12856.0,1704440400.0,2024-01-05 13:10:00+05:30
131.9,131.9,131.7,131.7,704.0,1704440700.0,2024-01-05 13:15:00+05:30
131.9,132.05,131.9,132.05,988.0,1704441000.0,2024-01-05 13:20:00+05:30
132.05,132.05,131.8,131.8,2520.0,1704441300.0,2024-01-05 13:25:00+05:30
131.8,132.05,131.8,131.9,1576.0,1704441600.0,2024-01-05 13:30:00+05:30
131.9,132.8,131.9,132.5,15060.0,1704441900.0,2024-01-05 13:35:00+05:30
132.95,133.75,132.75,133.45,71740.0,1704442200.0,2024-01-05 13:40:00+05:30
133.45,133.45,132.25,132.45,30300.0,1704442500.0,2024-01-05 13:45:00+05:30
132.45,132.7,132.4,132.7,3112.0,1704442800.0,2024-01-05 13:50:00+05:30
132.75,132.75,132.6,132.65,588.0,1704443100.0,2024-01-05 13:55:00+05:30
132.65,132.75,132.35,132.35,11500.0,1704443400.0,2024-01-05 14:00:00+05:30
132.25,132.45,132.0,132.0,11952.0,1704443700.0,2024-01-05 14:05:00+05:30
131.95,132.1,131.15,131.15,11336.0,1704444000.0,2024-01-05 14:10:00+05:30
131.15,131.3,130.45,130.9,6756.0,1704444300.0,2024-01-05 14:15:00+05:30
130.75,130.9,130.5,130.85,3032.0,1704444600.0,2024-01-05 14:20:00+05:30
130.55,130.75,130.5,130.75,3100.0,1704444900.0,2024-01-05 14:25:00+05:30
130.75,132.5,130.75,131.35,20720.0,1704445200.0,2024-01-05 14:30:00+05:30
131.55,131.55,131.05,131.25,8696.0,1704445500.0,2024-01-05 14:35:00+05:30
131.25,131.4,131.0,131.25,2128.0,1704445800.0,2024-01-05 14:40:00+05:30
131.75,131.9,131.0,131.1,22120.0,1704446100.0,2024-01-05 14:45:00+05:30
131.1,131.2,130.55,130.85,14052.0,1704446400.0,2024-01-05 14:50:00+05:30
130.9,130.95,130.75,130.9,13308.0,1704446700.0,2024-01-05 14:55:00+05:30
131.1,131.75,131.1,131.15,30760.0,1704447000.0,2024-01-05 15:00:00+05:30
131.2,131.75,131.2,131.75,31424.0,1704447300.0,2024-01-05 15:05:00+05:30
131.5,131.5,131.0,131.25,17296.0,1704447600.0,2024-01-05 15:10:00+05:30
131.25,131.6,130.7,131.25,26992.0,1704447900.0,2024-01-05 15:15:00+05:30
131.25,132.25,131.15,131.15,45108.0,1704448200.0,2024-01-05 15:20:00+05:30
131.15,131.5,130.85,131.45,20200.0,1704448500.0,2024-01-05 15:25:00+05:30
132.5,132.75,131.4,131.7,18692.0,1704685500.0,2024-01-08 09:15:00+05:30
131.55,131.7,130.8,131.4,16232.0,1704685800.0,2024-01-08 09:20:00+05:30
131.2,131.2,129.7,129.85,15852.0,1704686100.0,2024-01-08 09:25:00+05:30
129.9,130.3,129.1,129.95,24452.0,1704686400.0,2024-01-08 09:30:00+05:30
129.7,129.9,129.1,129.85,17464.0,1704686700.0,2024-01-08 09:35:00+05:30
130.0,131.7,129.5,131.35,37340.0,1704687000.0,2024-01-08 09:40:00+05:30
132.0,133.85,131.6,133.5,130172.0,1704687300.0,2024-01-08 09:45:00+05:30
133.45,133.5,132.9,133.2,18604.0,1704687600.0,2024-01-08 09:50:00+05:30
133.15,133.8,132.95,133.25,15444.0,1704687900.0,2024-01-08 09:55:00+05:30
133.3,133.45,133.0,133.45,4004.0,1704688200.0,2024-01-08 10:00:00+05:30
133.3,133.5,133.1,133.4,2572.0,1704688500.0,2024-01-08 10:05:00+05:30
133.4,133.4,133.05,133.05,1028.0,1704688800.0,2024-01-08 10:10:00+05:30
133.05,133.6,133.05,133.4,10944.0,1704689100.0,2024-01-08 10:15:00+05:30
133.3,133.4,133.25,133.3,9780.0,1704689400.0,2024-01-08 10:20:00+05:30
133.3,134.05,133.3,133.85,33996.0,1704689700.0,2024-01-08 10:25:00+05:30
133.7,134.0,133.7,133.8,12768.0,1704690000.0,2024-01-08 10:30:00+05:30
133.95,134.0,133.8,133.8,5124.0,1704690300.0,2024-01-08 10:35:00+05:30
133.8,133.95,133.75,133.8,7700.0,1704690600.0,2024-01-08 10:40:00+05:30
133.95,134.25,133.9,133.95,9180.0,1704690900.0,2024-01-08 10:45:00+05:30
133.95,134.0,133.25,133.3,31220.0,1704691200.0,2024-01-08 10:50:00+05:30
133.25,133.4,133.15,133.3,7016.0,1704691500.0,2024-01-08 10:55:00+05:30
133.3,133.45,133.2,133.2,3572.0,1704691800.0,2024-01-08 11:00:00+05:30
133.25,133.4,133.15,133.15,7416.0,1704692100.0,2024-01-08 11:05:00+05:30
133.15,133.2,133.0,133.1,9200.0,1704692400.0,2024-01-08 11:10:00+05:30
133.1,133.2,133.0,133.1,2516.0,1704692700.0,2024-01-08 11:15:00+05:30
133.1,133.25,133.0,133.1,2896.0,1704693000.0,2024-01-08 11:20:00+05:30
133.25,133.25,132.95,133.0,2412.0,1704693300.0,2024-01-08 11:25:00+05:30
133.2,133.5,133.05,133.2,2976.0,1704693600.0,2024-01-08 11:30:00+05:30
133.3,133.35,133.1,133.15,1496.0,1704693900.0,2024-01-08 11:35:00+05:30
133.1,133.15,132.95,132.95,5232.0,1704694200.0,2024-01-08 11:40:00+05:30
133.15,133.15,132.95,133.1,364.0,1704694500.0,2024-01-08 11:45:00+05:30
133.05,133.05,132.5,132.5,17064.0,1704694800.0,2024-01-08 11:50:00+05:30
132.55,132.75,132.5,132.5,3280.0,1704695100.0,2024-01-08 11:55:00+05:30
132.5,132.55,132.3,132.3,11264.0,1704695400.0,2024-01-08 12:00:00+05:30
132.3,132.35,132.0,132.25,10868.0,1704695700.0,2024-01-08 12:05:00+05:30
132.4,132.4,132.0,132.05,1392.0,1704696000.0,2024-01-08 12:10:00+05:30
132.05,132.3,131.95,131.95,36056.0,1704696300.0,2024-01-08 12:15:00+05:30
131.95,131.95,131.55,131.65,1464.0,1704696600.0,2024-01-08 12:20:00+05:30
131.8,132.8,131.6,132.5,23892.0,1704696900.0,2024-01-08 12:25:00+05:30
132.65,133.0,132.1,132.7,3944.0,1704697200.0,2024-01-08 12:30:00+05:30
132.6,133.0,132.45,132.9,6432.0,1704697500.0,2024-01-08 12:35:00+05:30
132.85,133.1,132.75,132.75,10828.0,1704697800.0,2024-01-08 12:40:00+05:30
132.75,133.0,132.5,132.8,4532.0,1704698100.0,2024-01-08 12:45:00+05:30
132.95,133.0,132.85,133.0,544.0,1704698400.0,2024-01-08 12:50:00+05:30
133.0,133.0,132.85,132.9,7072.0,1704698700.0,2024-01-08 12:55:00+05:30
132.9,132.9,132.75,132.75,7128.0,1704699000.0,2024-01-08 13:00:00+05:30
133.0,133.05,132.9,132.95,9652.0,1704699300.0,2024-01-08 13:05:00+05:30
132.95,132.95,132.9,132.9,2372.0,1704699600.0,2024-01-08 13:10:00+05:30
132.5,132.6,132.3,132.45,7004.0,1704699900.0,2024-01-08 13:15:00+05:30
132.45,132.65,132.45,132.5,4240.0,1704700200.0,2024-01-08 13:20:00+05:30
132.5,132.5,132.45,132.45,2412.0,1704700500.0,2024-01-08 13:25:00+05:30
132.45,132.45,132.45,132.45,252.0,1704700800.0,2024-01-08 13:30:00+05:30
132.45,132.55,132.45,132.45,28.0,1704701100.0,2024-01-08 13:35:00+05:30
132.55,132.55,132.1,132.1,5804.0,1704701400.0,2024-01-08 13:40:00+05:30
132.25,132.75,132.1,132.75,4548.0,1704701700.0,2024-01-08 13:45:00+05:30
132.75,132.9,132.4,132.5,6836.0,1704702000.0,2024-01-08 13:50:00+05:30
132.5,132.7,132.5,132.7,920.0,1704702300.0,2024-01-08 13:55:00+05:30
132.75,132.8,132.55,132.55,2704.0,1704702600.0,2024-01-08 14:00:00+05:30
132.6,132.75,132.4,132.5,5460.0,1704702900.0,2024-01-08 14:05:00+05:30
132.45,132.75,132.45,132.5,2264.0,1704703200.0,2024-01-08 14:10:00+05:30
132.65,132.65,132.3,132.55,1892.0,1704703500.0,2024-01-08 14:15:00+05:30
132.6,132.6,132.1,132.1,960.0,1704703800.0,2024-01-08 14:20:00+05:30
132.1,132.3,132.1,132.1,3180.0,1704704100.0,2024-01-08 14:25:00+05:30
132.2,132.4,132.1,132.35,8248.0,1704704400.0,2024-01-08 14:30:00+05:30
132.15,132.5,132.1,132.35,1336.0,1704704700.0,2024-01-08 14:35:00+05:30
132.2,132.6,132.2,132.6,3884.0,1704705000.0,2024-01-08 14:40:00+05:30
132.4,132.5,132.3,132.4,1684.0,1704705300.0,2024-01-08 14:45:00+05:30
132.5,132.6,132.4,132.5,2656.0,1704705600.0,2024-01-08 14:50:00+05:30
132.5,132.9,132.5,132.9,2840.0,1704705900.0,2024-01-08 14:55:00+05:30
132.7,132.95,132.7,132.85,2316.0,1704706200.0,2024-01-08 15:00:00+05:30
132.9,133.05,132.7,132.75,10296.0,1704706500.0,2024-01-08 15:05:00+05:30
132.8,133.55,132.8,133.5,23004.0,1704706800.0,2024-01-08 15:10:00+05:30
133.5,133.8,133.5,133.55,16452.0,1704707100.0,2024-01-08 15:15:00+05:30
133.7,133.75,133.25,133.3,30960.0,1704707400.0,2024-01-08 15:20:00+05:30
133.25,133.45,132.7,132.7,18548.0,1704707700.0,2024-01-08 15:25:00+05:30
134.7,134.7,132.55,133.0,9816.0,1704771900.0,2024-01-09 09:15:00+05:30
133.2,133.7,132.4,132.4,22080.0,1704772200.0,2024-01-09 09:20:00+05:30
132.4,132.45,131.95,131.95,16616.0,1704772500.0,2024-01-09 09:25:00+05:30
132.2,132.4,131.55,132.0,37080.0,1704772800.0,2024-01-09 09:30:00+05:30
131.65,131.9,131.25,131.7,71536.0,1704773100.0,2024-01-09 09:35:00+05:30
131.7,131.75,131.2,131.5,57884.0,1704773400.0,2024-01-09 09:40:00+05:30
131.5,131.6,131.4,131.55,2580.0,1704773700.0,2024-01-09 09:45:00+05:30
131.55,132.5,131.45,132.5,9976.0,1704774000.0,2024-01-09 09:50:00+05:30
132.5,132.65,132.35,132.45,2652.0,1704774300.0,2024-01-09 09:55:00+05:30
132.55,132.55,132.15,132.3,1028.0,1704774600.0,2024-01-09 10:00:00+05:30
132.4,132.45,131.75,131.75,5088.0,1704774900.0,2024-01-09 10:05:00+05:30
132.0,132.2,131.7,132.2,2456.0,1704775200.0,2024-01-09 10:10:00+05:30
132.2,132.25,132.0,132.25,1636.0,1704775500.0,2024-01-09 10:15:00+05:30
132.75,134.25,132.75,133.5,71008.0,1704775800.0,2024-01-09 10:20:00+05:30
133.5,133.75,133.4,133.5,12224.0,1704776100.0,2024-01-09 10:25:00+05:30
133.3,133.5,133.05,133.1,5616.0,1704776400.0,2024-01-09 10:30:00+05:30
133.0,133.5,133.0,133.5,5432.0,1704776700.0,2024-01-09 10:35:00+05:30
133.3,133.3,133.1,133.1,992.0,1704777000.0,2024-01-09 10:40:00+05:30
133.05,133.25,132.1,132.1,7556.0,1704777300.0,2024-01-09 10:45:00+05:30
132.1,132.45,132.1,132.25,1728.0,1704777600.0,2024-01-09 10:50:00+05:30
132.4,132.5,132.15,132.4,2224.0,1704777900.0,2024-01-09 10:55:00+05:30
132.15,132.15,131.9,131.9,3344.0,1704778200.0,2024-01-09 11:00:00+05:30
131.95,132.2,131.95,132.0,1824.0,1704778500.0,2024-01-09 11:05:00+05:30
132.05,132.25,132.0,132.25,788.0,1704778800.0,2024-01-09 11:10:00+05:30
132.1,132.2,132.1,132.2,328.0,1704779100.0,2024-01-09 11:15:00+05:30
132.2,132.25,132.1,132.1,1108.0,1704779400.0,2024-01-09 11:20:00+05:30
132.0,132.0,131.4,131.6,3856.0,1704779700.0,2024-01-09 11:25:00+05:30
131.45,131.75,131.45,131.75,2556.0,1704780000.0,2024-01-09 11:30:00+05:30
131.75,131.8,131.0,131.2,8188.0,1704780300.0,2024-01-09 11:35:00+05:30
131.0,131.4,131.0,131.4,2968.0,1704780600.0,2024-01-09 11:40:00+05:30
131.5,132.0,131.5,131.65,5016.0,1704780900.0,2024-01-09 11:45:00+05:30
131.9,131.9,131.3,131.3,6688.0,1704781200.0,2024-01-09 11:50:00+05:30
131.3,131.3,131.1,131.2,1840.0,1704781500.0,2024-01-09 11:55:00+05:30
131.4,131.4,131.0,131.1,1896.0,1704781800.0,2024-01-09 12:00:00+05:30
131.1,131.2,130.9,131.2,1840.0,1704782100.0,2024-01-09 12:05:00+05:30
131.2,131.6,131.2,131.55,4688.0,1704782400.0,2024-01-09 12:10:00+05:30
131.55,131.75,131.5,131.55,1000.0,1704782700.0,2024-01-09 12:15:00+05:30
131.55,131.75,131.55,131.7,1272.0,1704783000.0,2024-01-09 12:20:00+05:30
131.7,131.75,131.55,131.75,992.0,1704783300.0,2024-01-09 12:25:00+05:30
131.75,131.75,131.3,131.3,956.0,1704783600.0,2024-01-09 12:30:00+05:30
131.3,131.6,131.3,131.45,1668.0,1704783900.0,2024-01-09 12:35:00+05:30
131.45,131.45,131.25,131.35,216.0,1704784200.0,2024-01-09 12:40:00+05:30
131.3,131.5,131.1,131.1,8804.0,1704784500.0,2024-01-09 12:45:00+05:30
131.15,131.15,131.0,131.15,180.0,1704784800.0,2024-01-09 12:50:00+05:30
131.15,131.2,131.0,131.0,1292.0,1704785100.0,2024-01-09 12:55:00+05:30
131.0,131.0,130.75,130.85,1696.0,1704785400.0,2024-01-09 13:00:00+05:30
130.85,131.0,130.85,131.0,1564.0,1704785700.0,2024-01-09 13:05:00+05:30
131.0,131.05,130.75,130.9,14596.0,1704786000.0,2024-01-09 13:10:00+05:30
130.9,131.1,130.9,131.1,416.0,1704786300.0,2024-01-09 13:15:00+05:30
131.1,131.1,131.1,131.1,392.0,1704786600.0,2024-01-09 13:20:00+05:30
130.95,131.1,130.9,130.9,376.0,1704786900.0,2024-01-09 13:25:00+05:30
130.9,131.05,130.65,130.65,5108.0,1704787200.0,2024-01-09 13:30:00+05:30
130.65,130.8,130.6,130.7,772.0,1704787500.0,2024-01-09 13:35:00+05:30
130.8,130.9,130.8,130.9,200.0,1704787800.0,2024-01-09 13:40:00+05:30
130.9,130.9,130.7,130.7,240.0,1704788100.0,2024-01-09 13:45:00+05:30
130.7,130.85,130.6,130.85,2552.0,1704788400.0,2024-01-09 13:50:00+05:30
130.7,130.8,130.3,130.75,8800.0,1704788700.0,2024-01-09 13:55:00+05:30
130.75,132.15,130.75,131.8,13544.0,1704789000.0,2024-01-09 14:00:00+05:30
131.8,131.95,131.3,131.3,1072.0,1704789300.0,2024-01-09 14:05:00+05:30
131.3,131.45,131.2,131.3,1192.0,1704789600.0,2024-01-09 14:10:00+05:30
131.3,131.3,131.25,131.3,4700.0,1704789900.0,2024-01-09 14:15:00+05:30
131.3,131.4,131.25,131.4,2196.0,1704790200.0,2024-01-09 14:20:00+05:30
131.4,131.4,131.25,131.25,1288.0,1704790500.0,2024-01-09 14:25:00+05:30
131.4,132.05,131.25,132.05,15592.0,1704790800.0,2024-01-09 14:30:00+05:30
132.2,132.2,132.0,132.0,9848.0,1704791100.0,2024-01-09 14:35:00+05:30
132.0,132.0,131.95,132.0,4660.0,1704791400.0,2024-01-09 14:40:00+05:30
132.0,132.2,132.0,132.2,672.0,1704791700.0,2024-01-09 14:45:00+05:30
132.0,132.0,131.95,132.0,5384.0,1704792000.0,2024-01-09 14:50:00+05:30
132.0,132.0,131.95,132.0,1904.0,1704792300.0,2024-01-09 14:55:00+05:30
132.0,132.65,132.0,132.5,12928.0,1704792600.0,2024-01-09 15:00:00+05:30
132.4,132.5,132.1,132.25,5616.0,1704792900.0,2024-01-09 15:05:00+05:30
132.2,132.2,130.8,130.8,4768.0,1704793200.0,2024-01-09 15:10:00+05:30
130.95,132.5,130.1,132.05,47532.0,1704793500.0,2024-01-09 15:15:00+05:30
132.0,132.7,131.8,131.8,36852.0,1704793800.0,2024-01-09 15:20:00+05:30
131.3,133.25,131.3,133.25,49300.0,1704794100.0,2024-01-09 15:25:00+05:30
132.25,133.4,132.25,133.0,18900.0,1704858300.0,2024-01-10 09:15:00+05:30
133.05,133.3,132.55,132.7,7288.0,1704858600.0,2024-01-10 09:20:00+05:30
132.55,133.1,132.5,132.55,19740.0,1704858900.0,2024-01-10 09:25:00+05:30
132.5,135.2,132.25,135.2,127460.0,1704859200.0,2024-01-10 09:30:00+05:30
135.15,137.4,134.2,135.5,220608.0,1704859500.0,2024-01-10 09:35:00+05:30
135.5,135.55,135.0,135.5,25444.0,1704859800.0,2024-01-10 09:40:00+05:30
135.5,135.5,134.5,134.95,19196.0,1704860100.0,2024-01-10 09:45:00+05:30
134.95,134.95,134.45,134.45,11228.0,1704860400.0,2024-01-10 09:50:00+05:30
134.25,134.4,134.0,134.1,5192.0,1704860700.0,2024-01-10 09:55:00+05:30
134.1,134.3,133.8,133.8,3396.0,1704861000.0,2024-01-10 10:00:00+05:30
133.9,134.75,133.8,134.55,5456.0,1704861300.0,2024-01-10 10:05:00+05:30
134.55,134.75,134.1,134.25,5764.0,1704861600.0,2024-01-10 10:10:00+05:30
134.25,134.65,134.25,134.45,2772.0,1704861900.0,2024-01-10 10:15:00+05:30
134.2,134.2,133.8,134.0,3348.0,1704862200.0,2024-01-10 10:20:00+05:30
133.75,134.4,133.75,134.4,15928.0,1704862500.0,2024-01-10 10:25:00+05:30
134.4,134.45,134.2,134.25,1060.0,1704862800.0,2024-01-10 10:30:00+05:30
134.4,134.4,134.2,134.4,2040.0,1704863100.0,2024-01-10 10:35:00+05:30
134.3,135.95,134.2,135.5,80188.0,1704863400.0,2024-01-10 10:40:00+05:30
135.25,135.65,135.1,135.4,42500.0,1704863700.0,2024-01-10 10:45:00+05:30
135.5,135.5,135.05,135.45,20036.0,1704864000.0,2024-01-10 10:50:00+05:30
135.2,135.2,135.0,135.1,4812.0,1704864300.0,2024-01-10 10:55:00+05:30
134.95,135.3,134.95,135.3,4032.0,1704864600.0,2024-01-10 11:00:00+05:30
135.3,135.45,135.25,135.4,1432.0,1704864900.0,2024-01-10 11:05:00+05:30
135.2,135.35,134.9,135.2,7492.0,1704865200.0,2024-01-10 11:10:00+05:30
134.95,135.15,134.95,135.1,808.0,1704865500.0,2024-01-10 11:15:00+05:30
135.1,135.15,134.95,135.05,3104.0,1704865800.0,2024-01-10 11:20:00+05:30
135.05,135.5,134.9,135.4,46096.0,1704866100.0,2024-01-10 11:25:00+05:30
135.4,135.45,135.0,135.0,1612.0,1704866400.0,2024-01-10 11:30:00+05:30
135.15,135.45,135.0,135.25,1552.0,1704866700.0,2024-01-10 11:35:00+05:30
135.35,135.4,135.25,135.3,1408.0,1704867000.0,2024-01-10 11:40:00+05:30
135.3,135.4,135.3,135.3,2560.0,1704867300.0,2024-01-10 11:45:00+05:30
135.3,135.3,135.25,135.25,888.0,1704867600.0,2024-01-10 11:50:00+05:30
135.4,135.4,135.05,135.25,5576.0,1704867900.0,2024-01-10 11:55:00+05:30
135.2,135.2,134.9,134.9,6624.0,1704868200.0,2024-01-10 12:00:00+05:30
134.9,134.95,134.7,134.9,2728.0,1704868500.0,2024-01-10 12:05:00+05:30
134.9,134.9,134.7,134.75,904.0,1704868800.0,2024-01-10 12:10:00+05:30
134.7,134.7,134.5,134.5,5604.0,1704869100.0,2024-01-10 12:15:00+05:30
134.5,134.7,134.45,134.5,1908.0,1704869400.0,2024-01-10 12:20:00+05:30
134.7,134.8,134.4,134.8,15304.0,1704869700.0,2024-01-10 12:25:00+05:30
134.95,135.5,134.7,135.45,55488.0,1704870000.0,2024-01-10 12:30:00+05:30
135.45,135.9,135.15,135.7,210648.0,1704870300.0,2024-01-10 12:35:00+05:30
136.25,136.9,135.75,135.85,18476.0,1704870600.0,2024-01-10 12:40:00+05:30
135.8,136.0,135.65,135.75,4832.0,1704870900.0,2024-01-10 12:45:00+05:30
135.7,135.9,135.6,135.65,3264.0,1704871200.0,2024-01-10 12:50:00+05:30
135.8,135.85,135.45,135.45,2736.0,1704871500.0,2024-01-10 12:55:00+05:30
135.35,135.5,135.35,135.4,12508.0,1704871800.0,2024-01-10 13:00:00+05:30
135.4,135.5,135.15,135.15,2044.0,1704872100.0,2024-01-10 13:05:00+05:30
135.4,135.45,135.1,135.4,3304.0,1704872400.0,2024-01-10 13:10:00+05:30
135.4,135.5,135.4,135.45,6616.0,1704872700.0,2024-01-10 13:15:00+05:30
135.45,135.5,135.4,135.5,328.0,1704873000.0,2024-01-10 13:20:00+05:30
135.5,135.5,135.25,135.3,340.0,1704873300.0,2024-01-10 13:25:00+05:30
135.45,135.5,135.45,135.45,94896.0,1704873600.0,2024-01-10 13:30:00+05:30
135.4,135.5,135.3,135.5,3564.0,1704873900.0,2024-01-10 13:35:00+05:30
135.15,135.2,134.65,134.75,29872.0,1704874200.0,2024-01-10 13:40:00+05:30
134.65,134.7,134.1,134.1,5256.0,1704874500.0,2024-01-10 13:45:00+05:30
134.2,134.55,134.2,134.25,2160.0,1704874800.0,2024-01-10 13:50:00+05:30
134.45,134.6,134.25,134.55,8148.0,1704875100.0,2024-01-10 13:55:00+05:30
134.25,134.4,134.0,134.1,4544.0,1704875400.0,2024-01-10 14:00:00+05:30
134.1,135.5,134.1,135.2,48532.0,1704875700.0,2024-01-10 14:05:00+05:30
135.1,135.1,134.75,134.75,8208.0,1704876000.0,2024-01-10 14:10:00+05:30
134.7,134.7,134.65,134.65,860.0,1704876300.0,2024-01-10 14:15:00+05:30
134.65,135.0,134.65,135.0,15232.0,1704876600.0,2024-01-10 14:20:00+05:30
135.0,135.35,135.0,135.2,4896.0,1704876900.0,2024-01-10 14:25:00+05:30
135.25,135.35,135.15,135.15,3932.0,1704877200.0,2024-01-10 14:30:00+05:30
135.15,135.5,135.15,135.5,6964.0,1704877500.0,2024-01-10 14:35:00+05:30
135.45,135.5,135.25,135.25,4112.0,1704877800.0,2024-01-10 14:40:00+05:30
134.75,135.45,134.75,135.25,50464.0,1704878100.0,2024-01-10 14:45:00+05:30
135.25,135.4,135.25,135.4,20.0,1704878400.0,2024-01-10 14:50:00+05:30
135.35,135.4,135.25,135.25,1216.0,1704878700.0,2024-01-10 14:55:00+05:30
135.25,135.45,135.25,135.3,24996.0,1704879000.0,2024-01-10 15:00:00+05:30
135.3,135.4,135.3,135.3,6372.0,1704879300.0,2024-01-10 15:05:00+05:30
135.3,136.3,135.3,136.0,55284.0,1704879600.0,2024-01-10 15:10:00+05:30
136.0,136.0,135.75,135.75,23124.0,1704879900.0,2024-01-10 15:15:00+05:30
135.9,135.9,134.85,135.45,100500.0,1704880200.0,2024-01-10 15:20:00+05:30
135.3,135.45,135.0,135.25,64580.0,1704880500.0,2024-01-10 15:25:00+05:30
136.95,136.95,134.85,135.9,33856.0,1704944700.0,2024-01-11 09:15:00+05:30
135.75,136.25,135.5,135.7,12744.0,1704945000.0,2024-01-11 09:20:00+05:30
135.7,135.95,135.5,135.55,7528.0,1704945300.0,2024-01-11 09:25:00+05:30
135.7,135.7,135.4,135.45,7544.0,1704945600.0,2024-01-11 09:30:00+05:30
135.65,135.95,135.65,135.75,6808.0,1704945900.0,2024-01-11 09:35:00+05:30
135.8,135.9,135.5,135.65,3564.0,1704946200.0,2024-01-11 09:40:00+05:30
135.65,135.85,133.5,133.75,116420.0,1704946500.0,2024-01-11 09:45:00+05:30
133.95,134.1,133.75,133.75,11252.0,1704946800.0,2024-01-11 09:50:00+05:30
133.8,134.0,133.8,134.0,1872.0,1704947100.0,2024-01-11 09:55:00+05:30
134.0,134.0,133.45,133.45,17636.0,1704947400.0,2024-01-11 10:00:00+05:30
133.6,133.9,133.4,133.4,4860.0,1704947700.0,2024-01-11 10:05:00+05:30
133.25,133.55,133.1,133.45,4244.0,1704948000.0,2024-01-11 10:10:00+05:30
133.6,133.8,133.55,133.55,4012.0,1704948300.0,2024-01-11 10:15:00+05:30
133.55,133.85,133.55,133.6,1860.0,1704948600.0,2024-01-11 10:20:00+05:30
133.6,133.75,133.2,133.2,11768.0,1704948900.0,2024-01-11 10:25:00+05:30
133.2,133.85,133.2,133.75,4208.0,1704949200.0,2024-01-11 10:30:00+05:30
133.75,133.75,133.3,133.55,3936.0,1704949500.0,2024-01-11 10:35:00+05:30
133.3,133.45,133.25,133.45,1196.0,1704949800.0,2024-01-11 10:40:00+05:30
133.3,133.45,133.3,133.3,536.0,1704950100.0,2024-01-11 10:45:00+05:30
133.3,133.5,133.15,133.15,3424.0,1704950400.0,2024-01-11 10:50:00+05:30
133.1,133.2,133.0,133.05,5940.0,1704950700.0,2024-01-11 10:55:00+05:30
133.1,133.2,133.0,133.05,1256.0,1704951000.0,2024-01-11 11:00:00+05:30
133.05,133.3,133.05,133.1,6344.0,1704951300.0,2024-01-11 11:05:00+05:30
133.1,133.3,133.05,133.05,1956.0,1704951600.0,2024-01-11 11:10:00+05:30
133.35,133.35,133.1,133.15,436.0,1704951900.0,2024-01-11 11:15:00+05:30
133.2,133.4,133.2,133.4,3256.0,1704952200.0,2024-01-11 11:20:00+05:30
133.25,133.4,133.15,133.15,748.0,1704952500.0,2024-01-11 11:25:00+05:30
133.15,133.35,133.1,133.25,1140.0,1704952800.0,2024-01-11 11:30:00+05:30
133.25,133.25,133.1,133.1,1160.0,1704953100.0,2024-01-11 11:35:00+05:30
133.1,133.85,133.1,133.75,8364.0,1704953400.0,2024-01-11 11:40:00+05:30
133.85,133.85,133.7,133.7,1664.0,1704953700.0,2024-01-11 11:45:00+05:30
133.75,134.0,133.7,133.7,6200.0,1704954000.0,2024-01-11 11:50:00+05:30
133.7,133.7,133.4,133.4,1260.0,1704954300.0,2024-01-11 11:55:00+05:30
133.4,133.55,133.35,133.35,308.0,1704954600.0,2024-01-11 12:00:00+05:30
133.3,133.9,133.3,133.9,10132.0,1704954900.0,2024-01-11 12:05:00+05:30
133.75,134.55,133.75,134.45,8204.0,1704955200.0,2024-01-11 12:10:00+05:30
134.25,134.4,134.15,134.25,8268.0,1704955500.0,2024-01-11 12:15:00+05:30
134.25,134.45,134.25,134.25,3624.0,1704955800.0,2024-01-11 12:20:00+05:30
134.25,134.45,134.25,134.4,3192.0,1704956100.0,2024-01-11 12:25:00+05:30
134.4,134.5,134.35,134.35,10768.0,1704956400.0,2024-01-11 12:30:00+05:30
134.35,134.4,134.25,134.25,920.0,1704956700.0,2024-01-11 12:35:00+05:30
134.35,134.35,134.25,134.25,4932.0,1704957000.0,2024-01-11 12:40:00+05:30
134.25,134.4,134.15,134.25,1368.0,1704957300.0,2024-01-11 12:45:00+05:30
134.25,134.4,134.25,134.25,308.0,1704957600.0,2024-01-11 12:50:00+05:30
134.25,134.35,134.1,134.3,5988.0,1704957900.0,2024-01-11 12:55:00+05:30
134.35,134.35,133.25,133.35,2288.0,1704958200.0,2024-01-11 13:00:00+05:30
133.25,134.25,133.15,133.9,10440.0,1704958500.0,2024-01-11 13:05:00+05:30
133.8,134.4,133.3,134.2,11996.0,1704958800.0,2024-01-11 13:10:00+05:30
134.15,134.15,134.0,134.0,4640.0,1704959100.0,2024-01-11 13:15:00+05:30
134.0,134.25,133.55,134.25,3244.0,1704959400.0,2024-01-11 13:20:00+05:30
134.25,134.25,133.85,134.0,864.0,1704959700.0,2024-01-11 13:25:00+05:30
134.0,134.35,134.0,134.25,1472.0,1704960000.0,2024-01-11 13:30:00+05:30
134.25,134.45,134.25,134.35,4928.0,1704960300.0,2024-01-11 13:35:00+05:30
134.3,134.35,134.25,134.25,1080.0,1704960600.0,2024-01-11 13:40:00+05:30
134.25,134.4,134.25,134.3,1596.0,1704960900.0,2024-01-11 13:45:00+05:30
134.3,134.45,134.25,134.3,372.0,1704961200.0,2024-01-11 13:50:00+05:30
134.25,134.4,134.25,134.25,3216.0,1704961500.0,2024-01-11 13:55:00+05:30
134.3,134.4,134.3,134.3,5540.0,1704961800.0,2024-01-11 14:00:00+05:30
134.3,134.3,134.2,134.2,484.0,1704962100.0,2024-01-11 14:05:00+05:30
134.25,134.3,134.25,134.25,11368.0,1704962400.0,2024-01-11 14:10:00+05:30
134.25,134.25,134.25,134.25,8832.0,1704962700.0,2024-01-11 14:15:00+05:30
134.25,134.3,134.25,134.3,1204.0,1704963000.0,2024-01-11 14:20:00+05:30
134.3,134.5,134.25,134.25,888.0,1704963300.0,2024-01-11 14:25:00+05:30
134.25,134.3,134.1,134.25,3384.0,1704963600.0,2024-01-11 14:30:00+05:30
134.25,134.55,133.8,134.25,6192.0,1704963900.0,2024-01-11 14:35:00+05:30
134.25,134.3,133.95,134.0,1504.0,1704964200.0,2024-01-11 14:40:00+05:30
134.0,134.3,133.9,134.25,5680.0,1704964500.0,2024-01-11 14:45:00+05:30
134.1,134.4,133.85,134.05,33440.0,1704964800.0,2024-01-11 14:50:00+05:30
134.0,134.15,133.9,133.95,3196.0,1704965100.0,2024-01-11 14:55:00+05:30
134.0,134.1,133.75,133.75,12804.0,1704965400.0,2024-01-11 15:00:00+05:30
133.75,134.05,133.75,133.8,5564.0,1704965700.0,2024-01-11 15:05:00+05:30
133.95,134.25,133.75,133.8,7800.0,1704966000.0,2024-01-11 15:10:00+05:30
133.8,134.0,133.7,133.7,6060.0,1704966300.0,2024-01-11 15:15:00+05:30
133.5,133.5,132.5,132.55,19764.0,1704966600.0,2024-01-11 15:20:00+05:30
132.65,133.25,132.55,133.2,10768.0,1704966900.0,2024-01-11 15:25:00+05:30
134.5,134.5,132.7,133.2,12784.0,1705031100.0,2024-01-12 09:15:00+05:30
133.05,133.45,132.55,132.55,8568.0,1705031400.0,2024-01-12 09:20:00+05:30
132.5,132.7,132.45,132.6,11060.0,1705031700.0,2024-01-12 09:25:00+05:30
132.5,132.8,132.3,132.4,16228.0,1705032000.0,2024-01-12 09:30:00+05:30
132.15,132.5,132.15,132.25,13556.0,1705032300.0,2024-01-12 09:35:00+05:30
132.3,132.3,131.75,132.3,9912.0,1705032600.0,2024-01-12 09:40:00+05:30
132.05,132.3,131.75,131.75,9680.0,1705032900.0,2024-01-12 09:45:00+05:30
131.75,132.05,131.75,132.0,3548.0,1705033200.0,2024-01-12 09:50:00+05:30
132.15,133.75,132.1,133.75,41700.0,1705033500.0,2024-01-12 09:55:00+05:30
133.7,135.9,133.7,135.15,40636.0,1705033800.0,2024-01-12 10:00:00+05:30
135.15,137.05,135.1,136.5,74876.0,1705034100.0,2024-01-12 10:05:00+05:30
136.6,138.0,136.0,138.0,66928.0,1705034400.0,2024-01-12 10:10:00+05:30
137.75,137.85,137.0,137.3,16880.0,1705034700.0,2024-01-12 10:15:00+05:30
137.25,138.7,136.9,138.05,137932.0,1705035000.0,2024-01-12 10:20:00+05:30
138.1,138.2,137.05,137.05,21916.0,1705035300.0,2024-01-12 10:25:00+05:30
137.05,137.4,137.0,137.1,33332.0,1705035600.0,2024-01-12 10:30:00+05:30
137.3,137.3,136.7,136.85,8324.0,1705035900.0,2024-01-12 10:35:00+05:30
136.75,136.85,136.55,136.6,10740.0,1705036200.0,2024-01-12 10:40:00+05:30
136.6,136.6,136.3,136.3,27048.0,1705036500.0,2024-01-12 10:45:00+05:30
136.15,136.2,135.75,135.75,18148.0,1705036800.0,2024-01-12 10:50:00+05:30
136.05,136.05,135.5,135.65,18892.0,1705037100.0,2024-01-12 10:55:00+05:30
135.5,135.6,135.3,135.45,9872.0,1705037400.0,2024-01-12 11:00:00+05:30
135.45,135.5,135.3,135.5,3320.0,1705037700.0,2024-01-12 11:05:00+05:30
135.5,135.5,135.25,135.3,3768.0,1705038000.0,2024-01-12 11:10:00+05:30
135.25,135.25,134.8,134.8,8720.0,1705038300.0,2024-01-12 11:15:00+05:30
134.8,134.95,134.75,134.8,3308.0,1705038600.0,2024-01-12 11:20:00+05:30
134.75,134.75,134.45,134.7,1884.0,1705038900.0,2024-01-12 11:25:00+05:30
134.65,134.75,134.5,134.75,2128.0,1705039200.0,2024-01-12 11:30:00+05:30
134.75,135.0,134.6,135.0,3472.0,1705039500.0,2024-01-12 11:35:00+05:30
135.0,135.0,134.8,134.8,1220.0,1705039800.0,2024-01-12 11:40:00+05:30
134.8,134.95,134.8,134.9,1284.0,1705040100.0,2024-01-12 11:45:00+05:30
134.8,134.8,134.65,134.8,13256.0,1705040400.0,2024-01-12 11:50:00+05:30
134.8,134.9,134.5,134.9,4540.0,1705040700.0,2024-01-12 11:55:00+05:30
134.9,134.9,134.8,134.8,4.0,1705041000.0,2024-01-12 12:00:00+05:30
134.8,135.0,134.8,134.8,3656.0,1705041300.0,2024-01-12 12:05:00+05:30
134.75,134.75,134.5,134.75,1028.0,1705041600.0,2024-01-12 12:10:00+05:30
134.75,135.4,134.75,135.4,6596.0,1705041900.0,2024-01-12 12:15:00+05:30
135.4,135.4,135.2,135.35,768.0,1705042200.0,2024-01-12 12:20:00+05:30
135.35,135.35,135.05,135.05,268.0,1705042500.0,2024-01-12 12:25:00+05:30
135.05,135.2,135.05,135.05,260.0,1705042800.0,2024-01-12 12:30:00+05:30
135.0,135.25,135.0,135.25,3656.0,1705043100.0,2024-01-12 12:35:00+05:30
135.25,135.45,135.25,135.4,1476.0,1705043400.0,2024-01-12 12:40:00+05:30
135.5,135.5,135.3,135.3,2168.0,1705043700.0,2024-01-12 12:45:00+05:30
135.3,135.5,135.3,135.5,472.0,1705044000.0,2024-01-12 12:50:00+05:30
135.3,135.4,135.3,135.3,656.0,1705044300.0,2024-01-12 12:55:00+05:30
135.4,135.8,135.4,135.55,3332.0,1705044600.0,2024-01-12 13:00:00+05:30
135.55,135.85,135.55,135.55,1224.0,1705044900.0,2024-01-12 13:05:00+05:30
135.55,135.75,135.5,135.5,464.0,1705045200.0,2024-01-12 13:10:00+05:30
135.5,135.7,135.5,135.7,1948.0,1705045500.0,2024-01-12 13:15:00+05:30
135.5,135.75,135.5,135.5,2812.0,1705045800.0,2024-01-12 13:20:00+05:30
135.5,135.7,135.5,135.5,416.0,1705046100.0,2024-01-12 13:25:00+05:30
135.55,135.55,135.2,135.2,5160.0,1705046400.0,2024-01-12 13:30:00+05:30
135.2,135.6,135.2,135.6,456.0,1705046700.0,2024-01-12 13:35:00+05:30
135.7,136.0,135.5,135.9,6832.0,1705047000.0,2024-01-12 13:40:00+05:30
135.9,136.0,135.8,135.8,1516.0,1705047300.0,2024-01-12 13:45:00+05:30
135.8,136.2,135.75,136.2,2364.0,1705047600.0,2024-01-12 13:50:00+05:30
136.2,136.4,136.05,136.3,15792.0,1705047900.0,2024-01-12 13:55:00+05:30
136.3,136.3,136.05,136.25,1640.0,1705048200.0,2024-01-12 14:00:00+05:30
136.1,136.3,135.8,135.9,6180.0,1705048500.0,2024-01-12 14:05:00+05:30
136.25,136.25,136.05,136.25,4636.0,1705048800.0,2024-01-12 14:10:00+05:30
136.25,136.25,135.9,135.9,736.0,1705049100.0,2024-01-12 14:15:00+05:30
135.9,136.25,135.8,136.25,9932.0,1705049400.0,2024-01-12 14:20:00+05:30
136.45,136.45,136.25,136.3,1272.0,1705049700.0,2024-01-12 14:25:00+05:30
136.3,136.5,136.25,136.25,13956.0,1705050000.0,2024-01-12 14:30:00+05:30
136.25,137.35,136.1,137.25,54256.0,1705050300.0,2024-01-12 14:35:00+05:30
137.1,137.1,136.7,136.95,5140.0,1705050600.0,2024-01-12 14:40:00+05:30
136.95,137.75,136.65,137.75,10252.0,1705050900.0,2024-01-12 14:45:00+05:30
137.8,137.8,136.5,136.65,9192.0,1705051200.0,2024-01-12 14:50:00+05:30
136.65,136.7,136.05,136.2,5816.0,1705051500.0,2024-01-12 14:55:00+05:30
136.05,136.05,135.75,135.75,1092.0,1705051800.0,2024-01-12 15:00:00+05:30
135.55,135.8,135.35,135.5,3288.0,1705052100.0,2024-01-12 15:05:00+05:30
135.25,135.4,135.2,135.4,3560.0,1705052400.0,2024-01-12 15:10:00+05:30
135.3,138.8,135.3,138.1,138892.0,1705052700.0,2024-01-12 15:15:00+05:30
137.65,138.4,137.2,137.4,32800.0,1705053000.0,2024-01-12 15:20:00+05:30
137.4,137.45,135.55,135.55,22112.0,1705053300.0,2024-01-12 15:25:00+05:30
138.75,138.75,136.9,136.9,32640.0,1705290300.0,2024-01-15 09:15:00+05:30
136.9,137.1,136.3,136.3,16692.0,1705290600.0,2024-01-15 09:20:00+05:30
136.3,136.55,136.15,136.4,13484.0,1705290900.0,2024-01-15 09:25:00+05:30
136.3,136.3,135.65,135.9,7316.0,1705291200.0,2024-01-15 09:30:00+05:30
135.9,136.5,135.7,136.35,14664.0,1705291500.0,2024-01-15 09:35:00+05:30
136.7,136.7,136.1,136.1,4012.0,1705291800.0,2024-01-15 09:40:00+05:30
136.15,136.3,136.0,136.2,1332.0,1705292100.0,2024-01-15 09:45:00+05:30
136.3,136.5,136.0,136.05,4048.0,1705292400.0,2024-01-15 09:50:00+05:30
136.0,136.45,135.85,136.2,5328.0,1705292700.0,2024-01-15 09:55:00+05:30
135.9,136.7,135.7,136.4,3852.0,1705293000.0,2024-01-15 10:00:00+05:30
136.7,136.9,136.4,136.6,7424.0,1705293300.0,2024-01-15 10:05:00+05:30
136.35,136.35,136.0,136.2,6004.0,1705293600.0,2024-01-15 10:10:00+05:30
136.2,136.25,136.1,136.15,640.0,1705293900.0,2024-01-15 10:15:00+05:30
136.15,136.2,135.9,135.9,216.0,1705294200.0,2024-01-15 10:20:00+05:30
135.95,136.1,135.9,136.1,928.0,1705294500.0,2024-01-15 10:25:00+05:30
136.25,136.25,135.95,136.0,508.0,1705294800.0,2024-01-15 10:30:00+05:30
135.8,136.3,135.8,136.0,5332.0,1705295100.0,2024-01-15 10:35:00+05:30
136.1,136.1,136.0,136.1,2988.0,1705295400.0,2024-01-15 10:40:00+05:30
136.1,136.1,136.1,136.1,0.0,1705295700.0,2024-01-15 10:45:00+05:30
136.3,136.3,136.0,136.0,1164.0,1705296000.0,2024-01-15 10:50:00+05:30
136.0,136.55,136.0,136.55,8468.0,1705296300.0,2024-01-15 10:55:00+05:30
136.35,136.55,136.35,136.4,520.0,1705296600.0,2024-01-15 11:00:00+05:30
136.35,136.5,136.25,136.25,444.0,1705296900.0,2024-01-15 11:05:00+05:30
136.2,136.4,136.1,136.1,2260.0,1705297200.0,2024-01-15 11:10:00+05:30
136.0,136.1,135.95,136.1,296.0,1705297500.0,2024-01-15 11:15:00+05:30
136.1,136.1,135.75,135.8,2220.0,1705297800.0,2024-01-15 11:20:00+05:30
135.75,136.25,135.6,136.25,6964.0,1705298100.0,2024-01-15 11:25:00+05:30
136.2,136.25,136.0,136.0,1068.0,1705298400.0,2024-01-15 11:30:00+05:30
136.25,136.45,136.25,136.45,4660.0,1705298700.0,2024-01-15 11:35:00+05:30
136.25,136.95,136.2,136.95,6416.0,1705299000.0,2024-01-15 11:40:00+05:30
136.8,136.9,136.7,136.7,2204.0,1705299300.0,2024-01-15 11:45:00+05:30
136.85,136.9,136.7,136.7,1652.0,1705299600.0,2024-01-15 11:50:00+05:30
136.7,136.7,136.5,136.5,344.0,1705299900.0,2024-01-15 11:55:00+05:30
136.5,136.5,136.5,136.5,0.0,1705300200.0,2024-01-15 12:00:00+05:30
136.5,136.8,136.5,136.8,760.0,1705300500.0,2024-01-15 12:05:00+05:30
136.8,136.85,136.65,136.8,2328.0,1705300800.0,2024-01-15 12:10:00+05:30
136.8,137.2,136.8,137.2,6700.0,1705301100.0,2024-01-15 12:15:00+05:30
137.05,137.05,136.75,136.75,2800.0,1705301400.0,2024-01-15 12:20:00+05:30
136.75,136.75,136.5,136.5,320.0,1705301700.0,2024-01-15 12:25:00+05:30
136.5,136.5,136.5,136.5,6476.0,1705302000.0,2024-01-15 12:30:00+05:30
136.25,136.25,136.25,136.25,92.0,1705302300.0,2024-01-15 12:35:00+05:30
136.2,136.25,136.15,136.15,304.0,1705302600.0,2024-01-15 12:40:00+05:30
136.15,136.15,136.15,136.15,16.0,1705302900.0,2024-01-15 12:45:00+05:30
136.15,136.15,136.05,136.1,368.0,1705303200.0,2024-01-15 12:50:00+05:30
136.15,136.15,136.0,136.0,2180.0,1705303500.0,2024-01-15 12:55:00+05:30
136.0,136.1,136.0,136.1,4.0,1705303800.0,2024-01-15 13:00:00+05:30
136.1,136.1,135.8,135.85,4572.0,1705304100.0,2024-01-15 13:05:00+05:30
135.85,136.1,135.85,135.95,1084.0,1705304400.0,2024-01-15 13:10:00+05:30
135.95,136.0,135.9,135.9,216.0,1705304700.0,2024-01-15 13:15:00+05:30
135.85,135.85,135.7,135.75,2960.0,1705305000.0,2024-01-15 13:20:00+05:30
135.9,136.05,135.9,135.9,1628.0,1705305300.0,2024-01-15 13:25:00+05:30
135.9,135.9,135.9,135.9,340.0,1705305600.0,2024-01-15 13:30:00+05:30
136.05,136.05,135.9,135.9,720.0,1705305900.0,2024-01-15 13:35:00+05:30
135.9,135.9,135.8,135.8,548.0,1705306200.0,2024-01-15 13:40:00+05:30
135.8,136.2,135.8,136.2,3988.0,1705306500.0,2024-01-15 13:45:00+05:30
135.9,136.25,135.9,136.15,2528.0,1705306800.0,2024-01-15 13:50:00+05:30
136.15,136.4,136.0,136.35,2264.0,1705307100.0,2024-01-15 13:55:00+05:30
136.4,136.4,136.2,136.35,480.0,1705307400.0,2024-01-15 14:00:00+05:30
136.35,136.4,136.15,136.15,1484.0,1705307700.0,2024-01-15 14:05:00+05:30
136.1,136.1,135.95,135.95,460.0,1705308000.0,2024-01-15 14:10:00+05:30
135.95,136.2,135.95,136.2,616.0,1705308300.0,2024-01-15 14:15:00+05:30
136.2,136.25,136.2,136.25,1616.0,1705308600.0,2024-01-15 14:20:00+05:30
136.25,136.25,135.95,135.95,260.0,1705308900.0,2024-01-15 14:25:00+05:30
136.1,136.2,135.8,135.85,2148.0,1705309200.0,2024-01-15 14:30:00+05:30
135.85,136.2,135.85,135.95,356.0,1705309500.0,2024-01-15 14:35:00+05:30
136.25,136.25,135.75,135.75,4184.0,1705309800.0,2024-01-15 14:40:00+05:30
135.75,135.85,135.35,135.5,8112.0,1705310100.0,2024-01-15 14:45:00+05:30
135.5,135.5,135.15,135.3,13692.0,1705310400.0,2024-01-15 14:50:00+05:30
135.1,135.35,135.0,135.3,8504.0,1705310700.0,2024-01-15 14:55:00+05:30
135.25,135.85,135.1,135.85,17200.0,1705311000.0,2024-01-15 15:00:00+05:30
135.85,135.9,135.4,135.5,6976.0,1705311300.0,2024-01-15 15:05:00+05:30
135.1,135.6,135.1,135.6,12788.0,1705311600.0,2024-01-15 15:10:00+05:30
135.6,135.8,135.45,135.55,11620.0,1705311900.0,2024-01-15 15:15:00+05:30
135.5,135.55,134.5,134.7,23628.0,1705312200.0,2024-01-15 15:20:00+05:30
134.6,135.0,134.25,134.5,13412.0,1705312500.0,2024-01-15 15:25:00+05:30
134.0,135.2,133.8,134.1,21940.0,1705376700.0,2024-01-16 09:15:00+05:30
134.2,134.6,134.2,134.3,15788.0,1705377000.0,2024-01-16 09:20:00+05:30
134.55,134.85,134.3,134.8,13480.0,1705377300.0,2024-01-16 09:25:00+05:30
134.5,134.7,134.45,134.5,7540.0,1705377600.0,2024-01-16 09:30:00+05:30
134.5,134.7,134.4,134.5,3424.0,1705377900.0,2024-01-16 09:35:00+05:30
134.5,134.7,134.05,134.5,7756.0,1705378200.0,2024-01-16 09:40:00+05:30
134.5,135.5,134.3,134.95,16092.0,1705378500.0,2024-01-16 09:45:00+05:30
135.0,135.15,134.95,135.1,2920.0,1705378800.0,2024-01-16 09:50:00+05:30
135.0,135.0,134.75,134.85,3964.0,1705379100.0,2024-01-16 09:55:00+05:30
135.25,136.0,135.25,135.65,11720.0,1705379400.0,2024-01-16 10:00:00+05:30
135.45,135.45,135.2,135.4,376.0,1705379700.0,2024-01-16 10:05:00+05:30
135.4,135.4,134.95,135.2,2832.0,1705380000.0,2024-01-16 10:10:00+05:30
135.2,135.2,135.2,135.2,100.0,1705380300.0,2024-01-16 10:15:00+05:30
135.2,135.2,134.8,134.9,1608.0,1705380600.0,2024-01-16 10:20:00+05:30
134.9,135.2,134.65,135.2,13660.0,1705380900.0,2024-01-16 10:25:00+05:30
135.25,135.4,135.05,135.3,5852.0,1705381200.0,2024-01-16 10:30:00+05:30
135.2,135.2,135.2,135.2,516.0,1705381500.0,2024-01-16 10:35:00+05:30
135.15,135.15,135.0,135.0,964.0,1705381800.0,2024-01-16 10:40:00+05:30
135.0,135.35,135.0,135.15,8384.0,1705382100.0,2024-01-16 10:45:00+05:30
135.0,135.0,134.55,134.55,6184.0,1705382400.0,2024-01-16 10:50:00+05:30
134.55,134.55,134.25,134.4,2080.0,1705382700.0,2024-01-16 10:55:00+05:30
134.25,134.4,134.1,134.4,3332.0,1705383000.0,2024-01-16 11:00:00+05:30
134.2,134.25,134.1,134.2,884.0,1705383300.0,2024-01-16 11:05:00+05:30
134.05,134.2,134.0,134.0,1176.0,1705383600.0,2024-01-16 11:10:00+05:30
134.0,134.25,134.0,134.25,4884.0,1705383900.0,2024-01-16 11:15:00+05:30
134.25,134.25,134.15,134.25,3724.0,1705384200.0,2024-01-16 11:20:00+05:30
134.25,134.3,134.25,134.25,1328.0,1705384500.0,2024-01-16 11:25:00+05:30
134.15,134.25,134.0,134.25,1308.0,1705384800.0,2024-01-16 11:30:00+05:30
134.3,134.3,133.8,133.8,7400.0,1705385100.0,2024-01-16 11:35:00+05:30
133.95,134.1,133.85,133.85,2032.0,1705385400.0,2024-01-16 11:40:00+05:30
133.75,134.0,133.7,134.0,7992.0,1705385700.0,2024-01-16 11:45:00+05:30
134.0,134.1,134.0,134.05,3080.0,1705386000.0,2024-01-16 11:50:00+05:30
134.2,134.5,133.9,134.4,2344.0,1705386300.0,2024-01-16 11:55:00+05:30
134.4,134.4,134.05,134.2,2728.0,1705386600.0,2024-01-16 12:00:00+05:30
134.2,134.2,134.0,134.1,1968.0,1705386900.0,2024-01-16 12:05:00+05:30
134.1,134.15,134.0,134.15,252.0,1705387200.0,2024-01-16 12:10:00+05:30
134.2,134.2,134.0,134.2,1472.0,1705387500.0,2024-01-16 12:15:00+05:30
134.3,135.0,134.25,134.95,8204.0,1705387800.0,2024-01-16 12:20:00+05:30
134.95,135.25,134.95,135.25,5864.0,1705388100.0,2024-01-16 12:25:00+05:30
135.25,135.25,134.85,135.2,5404.0,1705388400.0,2024-01-16 12:30:00+05:30
135.2,135.25,134.95,135.05,9296.0,1705388700.0,2024-01-16 12:35:00+05:30
135.05,135.5,135.05,135.5,13088.0,1705389000.0,2024-01-16 12:40:00+05:30
135.5,135.5,134.9,135.1,1404.0,1705389300.0,2024-01-16 12:45:00+05:30
134.9,134.9,134.0,134.4,9816.0,1705389600.0,2024-01-16 12:50:00+05:30
134.4,134.4,133.9,133.9,752.0,1705389900.0,2024-01-16 12:55:00+05:30
133.75,133.8,133.65,133.75,2944.0,1705390200.0,2024-01-16 13:00:00+05:30
133.75,133.75,133.35,133.7,3896.0,1705390500.0,2024-01-16 13:05:00+05:30
133.7,133.7,132.75,132.75,30112.0,1705390800.0,2024-01-16 13:10:00+05:30
132.75,133.3,132.7,133.1,5456.0,1705391100.0,2024-01-16 13:15:00+05:30
133.1,133.25,133.0,133.2,1168.0,1705391400.0,2024-01-16 13:20:00+05:30
133.2,133.55,133.05,133.4,8824.0,1705391700.0,2024-01-16 13:25:00+05:30
133.5,133.5,132.5,132.5,11208.0,1705392000.0,2024-01-16 13:30:00+05:30
132.7,132.7,131.6,132.25,57084.0,1705392300.0,2024-01-16 13:35:00+05:30
132.5,133.05,132.5,133.05,4164.0,1705392600.0,2024-01-16 13:40:00+05:30
133.0,133.5,132.75,133.25,5260.0,1705392900.0,2024-01-16 13:45:00+05:30
133.0,133.5,132.9,133.5,5804.0,1705393200.0,2024-01-16 13:50:00+05:30
133.65,133.75,133.15,133.35,10412.0,1705393500.0,2024-01-16 13:55:00+05:30
133.15,133.3,132.75,132.75,2380.0,1705393800.0,2024-01-16 14:00:00+05:30
133.1,133.1,132.5,132.75,4492.0,1705394100.0,2024-01-16 14:05:00+05:30
132.85,133.15,132.85,132.95,5960.0,1705394400.0,2024-01-16 14:10:00+05:30
133.1,133.1,132.5,132.55,1580.0,1705394700.0,2024-01-16 14:15:00+05:30
132.7,132.8,132.55,132.75,840.0,1705395000.0,2024-01-16 14:20:00+05:30
132.55,132.75,132.25,132.45,800.0,1705395300.0,2024-01-16 14:25:00+05:30
132.5,132.7,132.45,132.7,7116.0,1705395600.0,2024-01-16 14:30:00+05:30
132.9,132.9,132.35,132.4,2332.0,1705395900.0,2024-01-16 14:35:00+05:30
132.55,132.95,132.55,132.95,1308.0,1705396200.0,2024-01-16 14:40:00+05:30
132.95,133.0,132.7,132.7,332.0,1705396500.0,2024-01-16 14:45:00+05:30
132.7,132.75,132.5,132.75,7168.0,1705396800.0,2024-01-16 14:50:00+05:30
132.7,133.4,132.55,133.25,8312.0,1705397100.0,2024-01-16 14:55:00+05:30
133.15,133.35,133.0,133.1,1828.0,1705397400.0,2024-01-16 15:00:00+05:30
132.95,133.45,132.95,133.0,1608.0,1705397700.0,2024-01-16 15:05:00+05:30
133.2,133.2,131.9,132.35,10728.0,1705398000.0,2024-01-16 15:10:00+05:30
132.5,132.75,132.35,132.75,9332.0,1705398300.0,2024-01-16 15:15:00+05:30
132.8,132.8,132.0,132.0,10128.0,1705398600.0,2024-01-16 15:20:00+05:30
132.15,133.0,131.8,132.05,7920.0,1705398900.0,2024-01-16 15:25:00+05:30
130.2,138.2,130.2,135.0,154620.0,1705463100.0,2024-01-17 09:15:00+05:30
135.2,135.2,134.5,134.85,11716.0,1705463400.0,2024-01-17 09:20:00+05:30
134.85,134.9,134.5,134.5,6568.0,1705463700.0,2024-01-17 09:25:00+05:30
134.4,135.2,134.3,135.05,12612.0,1705464000.0,2024-01-17 09:30:00+05:30
135.05,135.05,134.65,134.65,9012.0,1705464300.0,2024-01-17 09:35:00+05:30
134.55,134.75,134.55,134.75,1100.0,1705464600.0,2024-01-17 09:40:00+05:30
134.65,135.1,134.4,134.9,19124.0,1705464900.0,2024-01-17 09:45:00+05:30
134.9,135.05,134.75,135.05,8260.0,1705465200.0,2024-01-17 09:50:00+05:30
135.25,136.1,135.1,136.1,32672.0,1705465500.0,2024-01-17 09:55:00+05:30
136.0,136.25,135.75,136.05,17448.0,1705465800.0,2024-01-17 10:00:00+05:30
136.1,136.1,135.85,135.95,3604.0,1705466100.0,2024-01-17 10:05:00+05:30
136.0,136.0,135.75,136.0,2460.0,1705466400.0,2024-01-17 10:10:00+05:30
136.1,136.2,135.8,135.9,4304.0,1705466700.0,2024-01-17 10:15:00+05:30
135.9,136.1,135.5,135.5,6256.0,1705467000.0,2024-01-17 10:20:00+05:30
135.5,135.5,135.0,135.25,2048.0,1705467300.0,2024-01-17 10:25:00+05:30
135.2,135.45,134.7,134.7,10396.0,1705467600.0,2024-01-17 10:30:00+05:30
134.8,134.85,134.5,134.55,5788.0,1705467900.0,2024-01-17 10:35:00+05:30
134.6,134.9,134.6,134.85,2844.0,1705468200.0,2024-01-17 10:40:00+05:30
134.85,134.85,134.65,134.85,11496.0,1705468500.0,2024-01-17 10:45:00+05:30
134.85,135.0,134.6,134.6,200.0,1705468800.0,2024-01-17 10:50:00+05:30
134.8,134.8,134.65,134.65,3592.0,1705469100.0,2024-01-17 10:55:00+05:30
134.7,134.8,134.7,134.8,328.0,1705469400.0,2024-01-17 11:00:00+05:30
134.8,135.0,134.8,134.95,2524.0,1705469700.0,2024-01-17 11:05:00+05:30
134.95,134.95,134.75,134.75,3352.0,1705470000.0,2024-01-17 11:10:00+05:30
134.75,134.95,134.75,134.8,384.0,1705470300.0,2024-01-17 11:15:00+05:30
134.95,135.2,134.9,135.2,4056.0,1705470600.0,2024-01-17 11:20:00+05:30
135.0,135.05,134.8,134.8,1336.0,1705470900.0,2024-01-17 11:25:00+05:30
134.8,134.9,134.75,134.75,1344.0,1705471200.0,2024-01-17 11:30:00+05:30
134.75,134.95,134.75,134.95,4720.0,1705471500.0,2024-01-17 11:35:00+05:30
134.8,134.8,134.3,134.35,7704.0,1705471800.0,2024-01-17 11:40:00+05:30
134.3,134.55,134.2,134.55,6224.0,1705472100.0,2024-01-17 11:45:00+05:30
134.5,134.5,133.8,134.15,7212.0,1705472400.0,2024-01-17 11:50:00+05:30
133.95,134.85,133.95,134.85,4652.0,1705472700.0,2024-01-17 11:55:00+05:30
134.85,134.85,134.5,134.5,1164.0,1705473000.0,2024-01-17 12:00:00+05:30
134.4,136.25,134.4,136.0,43132.0,1705473300.0,2024-01-17 12:05:00+05:30
135.7,135.8,135.7,135.8,668.0,1705473600.0,2024-01-17 12:10:00+05:30
136.1,136.1,135.8,136.1,6248.0,1705473900.0,2024-01-17 12:15:00+05:30
136.05,136.25,135.85,136.0,7680.0,1705474200.0,2024-01-17 12:20:00+05:30
136.15,136.15,135.05,135.3,9888.0,1705474500.0,2024-01-17 12:25:00+05:30
135.2,135.45,135.1,135.1,776.0,1705474800.0,2024-01-17 12:30:00+05:30
135.1,135.25,135.0,135.0,1320.0,1705475100.0,2024-01-17 12:35:00+05:30
135.0,135.1,134.65,134.75,2812.0,1705475400.0,2024-01-17 12:40:00+05:30
134.75,135.05,134.75,134.8,14512.0,1705475700.0,2024-01-17 12:45:00+05:30
134.75,137.1,134.25,136.5,128732.0,1705476000.0,2024-01-17 12:50:00+05:30
136.5,137.05,136.3,136.7,8932.0,1705476300.0,2024-01-17 12:55:00+05:30
136.65,136.7,136.45,136.55,9008.0,1705476600.0,2024-01-17 13:00:00+05:30
136.4,136.55,136.25,136.3,684.0,1705476900.0,2024-01-17 13:05:00+05:30
136.25,136.65,135.85,136.4,9064.0,1705477200.0,2024-01-17 13:10:00+05:30
136.4,136.55,136.35,136.4,1016.0,1705477500.0,2024-01-17 13:15:00+05:30
136.3,136.4,135.5,135.5,28440.0,1705477800.0,2024-01-17 13:20:00+05:30
135.5,135.5,135.1,135.3,7108.0,1705478100.0,2024-01-17 13:25:00+05:30
135.3,135.3,134.5,135.15,33096.0,1705478400.0,2024-01-17 13:30:00+05:30
135.0,135.05,134.4,134.6,4164.0,1705478700.0,2024-01-17 13:35:00+05:30
134.9,135.0,134.7,134.75,14316.0,1705479000.0,2024-01-17 13:40:00+05:30
134.5,134.6,134.3,134.6,2620.0,1705479300.0,2024-01-17 13:45:00+05:30
134.5,135.05,134.5,134.8,832.0,1705479600.0,2024-01-17 13:50:00+05:30
134.8,134.8,134.4,134.4,5672.0,1705479900.0,2024-01-17 13:55:00+05:30
134.4,134.55,134.4,134.4,756.0,1705480200.0,2024-01-17 14:00:00+05:30
134.5,134.7,134.45,134.7,952.0,1705480500.0,2024-01-17 14:05:00+05:30
134.55,134.9,134.55,134.9,1020.0,1705480800.0,2024-01-17 14:10:00+05:30
134.8,134.8,134.4,134.4,5416.0,1705481100.0,2024-01-17 14:15:00+05:30
134.4,134.55,134.2,134.2,3528.0,1705481400.0,2024-01-17 14:20:00+05:30
134.2,134.2,134.0,134.2,4736.0,1705481700.0,2024-01-17 14:25:00+05:30
134.05,134.6,134.05,134.6,3096.0,1705482000.0,2024-01-17 14:30:00+05:30
134.35,134.7,134.25,134.55,2320.0,1705482300.0,2024-01-17 14:35:00+05:30
134.5,134.7,134.25,134.25,1152.0,1705482600.0,2024-01-17 14:40:00+05:30
134.25,135.3,134.25,134.9,13036.0,1705482900.0,2024-01-17 14:45:00+05:30
134.6,134.7,134.25,134.45,3956.0,1705483200.0,2024-01-17 14:50:00+05:30
134.5,134.7,134.05,134.05,2976.0,1705483500.0,2024-01-17 14:55:00+05:30
134.3,134.9,134.3,134.65,4092.0,1705483800.0,2024-01-17 15:00:00+05:30
134.6,134.8,134.15,134.75,10008.0,1705484100.0,2024-01-17 15:05:00+05:30
134.65,135.45,134.4,134.4,21612.0,1705484400.0,2024-01-17 15:10:00+05:30
134.35,134.9,134.05,134.2,10192.0,1705484700.0,2024-01-17 15:15:00+05:30
134.35,134.45,133.9,134.2,15936.0,1705485000.0,2024-01-17 15:20:00+05:30
134.2,134.45,132.7,133.5,20228.0,1705485300.0,2024-01-17 15:25:00+05:30
134.2,134.4,132.7,134.1,14460.0,1705549500.0,2024-01-18 09:15:00+05:30
134.0,134.8,133.9,134.45,5744.0,1705549800.0,2024-01-18 09:20:00+05:30
134.75,134.9,134.4,134.4,10780.0,1705550100.0,2024-01-18 09:25:00+05:30
134.4,134.5,133.75,134.0,4248.0,1705550400.0,2024-01-18 09:30:00+05:30
134.1,134.1,132.7,132.7,5128.0,1705550700.0,2024-01-18 09:35:00+05:30
132.7,133.25,132.4,132.4,16220.0,1705551000.0,2024-01-18 09:40:00+05:30
132.4,132.4,131.0,131.0,11488.0,1705551300.0,2024-01-18 09:45:00+05:30
131.6,133.0,130.3,133.0,60000.0,1705551600.0,2024-01-18 09:50:00+05:30
133.0,133.0,131.6,132.05,27340.0,1705551900.0,2024-01-18 09:55:00+05:30
132.05,133.65,132.05,133.3,16780.0,1705552200.0,2024-01-18 10:00:00+05:30
133.1,133.6,133.1,133.55,22376.0,1705552500.0,2024-01-18 10:05:00+05:30
133.6,133.75,133.4,133.7,16968.0,1705552800.0,2024-01-18 10:10:00+05:30
133.7,133.7,132.9,132.95,4008.0,1705553100.0,2024-01-18 10:15:00+05:30
133.0,133.35,133.0,133.35,2020.0,1705553400.0,2024-01-18 10:20:00+05:30
133.4,133.5,133.0,133.0,1744.0,1705553700.0,2024-01-18 10:25:00+05:30
132.85,133.4,132.5,132.95,3780.0,1705554000.0,2024-01-18 10:30:00+05:30
132.95,133.45,132.95,133.15,2468.0,1705554300.0,2024-01-18 10:35:00+05:30
133.55,133.8,133.4,133.8,3020.0,1705554600.0,2024-01-18 10:40:00+05:30
133.9,134.1,133.65,133.75,5504.0,1705554900.0,2024-01-18 10:45:00+05:30
133.75,133.8,133.45,133.45,1116.0,1705555200.0,2024-01-18 10:50:00+05:30
133.4,134.0,133.35,133.95,3028.0,1705555500.0,2024-01-18 10:55:00+05:30
133.95,133.95,133.6,133.6,100.0,1705555800.0,2024-01-18 11:00:00+05:30
133.6,134.2,133.6,134.2,8768.0,1705556100.0,2024-01-18 11:05:00+05:30
134.1,134.3,134.1,134.3,1244.0,1705556400.0,2024-01-18 11:10:00+05:30
134.25,134.25,133.7,133.7,1348.0,1705556700.0,2024-01-18 11:15:00+05:30
133.9,134.3,133.9,134.1,3104.0,1705557000.0,2024-01-18 11:20:00+05:30
134.1,134.1,133.8,134.0,1236.0,1705557300.0,2024-01-18 11:25:00+05:30
134.0,134.8,133.8,134.7,10920.0,1705557600.0,2024-01-18 11:30:00+05:30
134.7,134.85,134.55,134.8,1436.0,1705557900.0,2024-01-18 11:35:00+05:30
134.5,134.5,134.0,134.2,10020.0,1705558200.0,2024-01-18 11:40:00+05:30
134.2,134.25,134.05,134.05,56.0,1705558500.0,2024-01-18 11:45:00+05:30
134.0,134.15,134.0,134.05,2184.0,1705558800.0,2024-01-18 11:50:00+05:30
134.05,134.25,134.05,134.25,1128.0,1705559100.0,2024-01-18 11:55:00+05:30
134.25,134.75,134.25,134.75,6136.0,1705559400.0,2024-01-18 12:00:00+05:30
134.7,135.25,134.65,135.25,7988.0,1705559700.0,2024-01-18 12:05:00+05:30
135.25,135.6,134.75,134.75,24672.0,1705560000.0,2024-01-18 12:10:00+05:30
134.65,134.8,134.2,134.2,8968.0,1705560300.0,2024-01-18 12:15:00+05:30
134.2,134.2,134.2,134.2,280.0,1705560600.0,2024-01-18 12:20:00+05:30
134.2,134.55,134.0,134.55,9888.0,1705560900.0,2024-01-18 12:25:00+05:30
134.6,135.15,134.6,134.65,2316.0,1705561200.0,2024-01-18 12:30:00+05:30
134.5,134.5,134.3,134.3,2364.0,1705561500.0,2024-01-18 12:35:00+05:30
134.4,134.5,134.0,134.0,540.0,1705561800.0,2024-01-18 12:40:00+05:30
134.25,134.25,133.7,134.0,3608.0,1705562100.0,2024-01-18 12:45:00+05:30
134.5,134.55,134.4,134.4,1584.0,1705562400.0,2024-01-18 12:50:00+05:30
134.35,134.35,134.35,134.35,140.0,1705562700.0,2024-01-18 12:55:00+05:30
134.25,134.25,134.1,134.25,1204.0,1705563000.0,2024-01-18 13:00:00+05:30
134.25,134.8,134.25,134.25,5284.0,1705563300.0,2024-01-18 13:05:00+05:30
134.25,134.25,134.0,134.0,400.0,1705563600.0,2024-01-18 13:10:00+05:30
134.0,134.15,134.0,134.0,4260.0,1705563900.0,2024-01-18 13:15:00+05:30
134.0,134.0,134.0,134.0,880.0,1705564200.0,2024-01-18 13:20:00+05:30
133.95,134.2,133.8,134.0,2360.0,1705564500.0,2024-01-18 13:25:00+05:30
134.0,134.0,133.85,133.85,4.0,1705564800.0,2024-01-18 13:30:00+05:30
133.85,133.85,133.55,133.55,2196.0,1705565100.0,2024-01-18 13:35:00+05:30
133.5,133.5,133.5,133.5,2000.0,1705565400.0,2024-01-18 13:40:00+05:30
133.55,133.85,133.55,133.85,1072.0,1705565700.0,2024-01-18 13:45:00+05:30
133.75,133.9,133.7,133.9,496.0,1705566000.0,2024-01-18 13:50:00+05:30
133.9,134.0,133.9,134.0,316.0,1705566300.0,2024-01-18 13:55:00+05:30
134.0,134.0,134.0,134.0,196.0,1705566600.0,2024-01-18 14:00:00+05:30
134.0,134.0,133.95,133.95,984.0,1705566900.0,2024-01-18 14:05:00+05:30
134.15,134.2,133.75,133.8,1108.0,1705567200.0,2024-01-18 14:10:00+05:30
133.8,134.0,133.8,133.85,116.0,1705567500.0,2024-01-18 14:15:00+05:30
134.0,134.0,133.75,133.75,236.0,1705567800.0,2024-01-18 14:20:00+05:30
133.75,133.8,133.65,133.65,672.0,1705568100.0,2024-01-18 14:25:00+05:30
133.7,133.9,133.5,133.9,1252.0,1705568400.0,2024-01-18 14:30:00+05:30
133.9,133.9,133.75,133.75,1516.0,1705568700.0,2024-01-18 14:35:00+05:30
133.75,134.0,133.75,133.9,1772.0,1705569000.0,2024-01-18 14:40:00+05:30
134.0,134.0,133.5,133.7,2484.0,1705569300.0,2024-01-18 14:45:00+05:30
133.55,133.6,133.5,133.6,292.0,1705569600.0,2024-01-18 14:50:00+05:30
133.6,133.6,133.2,133.35,2972.0,1705569900.0,2024-01-18 14:55:00+05:30
133.45,134.2,133.25,134.2,8644.0,1705570200.0,2024-01-18 15:00:00+05:30
134.0,134.25,133.4,133.4,2988.0,1705570500.0,2024-01-18 15:05:00+05:30
133.5,133.7,133.4,133.5,3796.0,1705570800.0,2024-01-18 15:10:00+05:30
133.45,133.6,133.4,133.4,5612.0,1705571100.0,2024-01-18 15:15:00+05:30
133.4,133.55,133.4,133.5,1984.0,1705571400.0,2024-01-18 15:20:00+05:30
133.4,134.2,133.0,133.0,10088.0,1705571700.0,2024-01-18 15:25:00+05:30
133.6,135.4,133.6,135.05,20568.0,1705635900.0,2024-01-19 09:15:00+05:30
135.3,135.3,135.05,135.1,4620.0,1705636200.0,2024-01-19 09:20:00+05:30
135.3,135.3,134.75,134.75,3264.0,1705636500.0,2024-01-19 09:25:00+05:30
134.85,135.05,134.75,134.75,2736.0,1705636800.0,2024-01-19 09:30:00+05:30
134.85,135.85,134.85,135.25,9692.0,1705637100.0,2024-01-19 09:35:00+05:30
135.15,135.15,134.9,134.95,956.0,1705637400.0,2024-01-19 09:40:00+05:30
135.05,135.05,134.85,134.9,364.0,1705637700.0,2024-01-19 09:45:00+05:30
134.7,135.05,134.7,134.75,4456.0,1705638000.0,2024-01-19 09:50:00+05:30
134.65,135.4,134.55,135.4,13028.0,1705638300.0,2024-01-19 09:55:00+05:30
135.6,135.65,134.95,134.95,3636.0,1705638600.0,2024-01-19 10:00:00+05:30
134.75,134.9,134.75,134.75,1256.0,1705638900.0,2024-01-19 10:05:00+05:30
134.75,134.8,134.65,134.8,2384.0,1705639200.0,2024-01-19 10:10:00+05:30
134.8,135.0,134.8,134.95,1812.0,1705639500.0,2024-01-19 10:15:00+05:30
135.65,138.65,135.65,137.4,189952.0,1705639800.0,2024-01-19 10:20:00+05:30
137.4,138.0,137.2,137.25,21688.0,1705640100.0,2024-01-19 10:25:00+05:30
137.0,137.75,136.5,137.2,75280.0,1705640400.0,2024-01-19 10:30:00+05:30
137.0,137.3,136.8,136.9,8600.0,1705640700.0,2024-01-19 10:35:00+05:30
137.0,137.1,136.4,136.4,8892.0,1705641000.0,2024-01-19 10:40:00+05:30
136.4,136.4,136.1,136.25,9332.0,1705641300.0,2024-01-19 10:45:00+05:30
136.2,136.2,136.0,136.05,8628.0,1705641600.0,2024-01-19 10:50:00+05:30
136.05,136.25,136.05,136.25,2912.0,1705641900.0,2024-01-19 10:55:00+05:30
136.25,136.25,136.15,136.15,48.0,1705642200.0,2024-01-19 11:00:00+05:30
136.1,136.1,135.0,135.6,28020.0,1705642500.0,2024-01-19 11:05:00+05:30
135.6,135.6,135.4,135.5,204.0,1705642800.0,2024-01-19 11:10:00+05:30
135.25,135.55,135.15,135.35,5412.0,1705643100.0,2024-01-19 11:15:00+05:30
135.2,135.35,135.0,135.3,8924.0,1705643400.0,2024-01-19 11:20:00+05:30
135.3,135.55,135.3,135.35,1588.0,1705643700.0,2024-01-19 11:25:00+05:30
135.35,136.0,135.25,135.9,17400.0,1705644000.0,2024-01-19 11:30:00+05:30
135.9,136.05,135.75,136.05,1696.0,1705644300.0,2024-01-19 11:35:00+05:30
136.0,136.1,135.95,135.95,1820.0,1705644600.0,2024-01-19 11:40:00+05:30
135.75,135.75,135.65,135.75,320.0,1705644900.0,2024-01-19 11:45:00+05:30
135.75,135.95,135.25,135.75,15840.0,1705645200.0,2024-01-19 11:50:00+05:30
135.75,135.75,135.5,135.5,1480.0,1705645500.0,2024-01-19 11:55:00+05:30
135.5,135.75,135.5,135.6,708.0,1705645800.0,2024-01-19 12:00:00+05:30
135.7,136.05,135.65,135.75,6972.0,1705646100.0,2024-01-19 12:05:00+05:30
135.85,135.95,135.8,135.9,1772.0,1705646400.0,2024-01-19 12:10:00+05:30
135.9,135.95,135.65,135.65,868.0,1705646700.0,2024-01-19 12:15:00+05:30
135.55,135.7,135.55,135.7,672.0,1705647000.0,2024-01-19 12:20:00+05:30
135.7,135.7,135.6,135.6,748.0,1705647300.0,2024-01-19 12:25:00+05:30
135.6,135.9,135.5,135.8,1432.0,1705647600.0,2024-01-19 12:30:00+05:30
135.45,135.75,135.45,135.5,2340.0,1705647900.0,2024-01-19 12:35:00+05:30
135.7,135.75,135.55,135.55,608.0,1705648200.0,2024-01-19 12:40:00+05:30
135.55,135.6,135.55,135.6,224.0,1705648500.0,2024-01-19 12:45:00+05:30
135.6,135.75,135.6,135.75,1140.0,1705648800.0,2024-01-19 12:50:00+05:30
135.75,136.65,135.75,136.5,11996.0,1705649100.0,2024-01-19 12:55:00+05:30
136.55,136.55,135.5,135.5,43080.0,1705649400.0,2024-01-19 13:00:00+05:30
135.6,135.75,135.6,135.75,580.0,1705649700.0,2024-01-19 13:05:00+05:30
135.55,135.7,135.3,135.45,1940.0,1705650000.0,2024-01-19 13:10:00+05:30
135.45,135.45,135.35,135.35,448.0,1705650300.0,2024-01-19 13:15:00+05:30
135.35,135.45,135.2,135.35,2500.0,1705650600.0,2024-01-19 13:20:00+05:30
135.35,135.35,135.05,135.3,3552.0,1705650900.0,2024-01-19 13:25:00+05:30
135.2,135.3,135.0,135.3,3004.0,1705651200.0,2024-01-19 13:30:00+05:30
135.3,135.35,135.3,135.3,640.0,1705651500.0,2024-01-19 13:35:00+05:30
135.3,135.45,135.25,135.3,1064.0,1705651800.0,2024-01-19 13:40:00+05:30
135.25,135.3,135.25,135.25,668.0,1705652100.0,2024-01-19 13:45:00+05:30
135.4,136.1,135.25,135.95,25884.0,1705652400.0,2024-01-19 13:50:00+05:30
136.0,136.75,135.9,136.5,37420.0,1705652700.0,2024-01-19 13:55:00+05:30
136.35,136.85,136.35,136.65,46844.0,1705653000.0,2024-01-19 14:00:00+05:30
136.7,136.7,136.25,136.35,1408.0,1705653300.0,2024-01-19 14:05:00+05:30
136.5,136.5,136.0,136.0,792.0,1705653600.0,2024-01-19 14:10:00+05:30
136.05,136.05,136.05,136.05,20.0,1705653900.0,2024-01-19 14:15:00+05:30
136.05,136.05,135.7,135.7,2276.0,1705654200.0,2024-01-19 14:20:00+05:30
135.7,135.75,135.7,135.75,1312.0,1705654500.0,2024-01-19 14:25:00+05:30
135.75,136.0,135.75,135.85,8736.0,1705654800.0,2024-01-19 14:30:00+05:30
135.8,136.0,135.55,135.9,5332.0,1705655100.0,2024-01-19 14:35:00+05:30
135.9,136.7,135.9,136.6,19404.0,1705655400.0,2024-01-19 14:40:00+05:30
136.7,136.7,136.5,136.5,6384.0,1705655700.0,2024-01-19 14:45:00+05:30
136.5,136.95,136.3,136.95,11916.0,1705656000.0,2024-01-19 14:50:00+05:30
136.85,136.85,136.45,136.45,5004.0,1705656300.0,2024-01-19 14:55:00+05:30
136.5,136.65,136.35,136.35,540.0,1705656600.0,2024-01-19 15:00:00+05:30
136.3,136.75,136.25,136.5,9928.0,1705656900.0,2024-01-19 15:05:00+05:30
136.4,136.4,136.0,136.2,5220.0,1705657200.0,2024-01-19 15:10:00+05:30
136.2,137.15,136.2,136.9,37248.0,1705657500.0,2024-01-19 15:15:00+05:30
136.9,137.5,136.9,137.3,80232.0,1705657800.0,2024-01-19 15:20:00+05:30
137.05,137.5,137.0,137.0,34952.0,1705658100.0,2024-01-19 15:25:00+05:30
138.0,138.0,136.4,136.9,9432.0,1705722300.0,2024-01-20 09:15:00+05:30
136.9,136.9,136.2,136.3,7004.0,1705722600.0,2024-01-20 09:20:00+05:30
136.3,136.8,136.3,136.35,4628.0,1705722900.0,2024-01-20 09:25:00+05:30
136.5,136.6,136.25,136.4,1032.0,1705723200.0,2024-01-20 09:30:00+05:30
136.4,136.4,136.4,136.4,368.0,1705723500.0,2024-01-20 09:35:00+05:30
136.4,136.5,136.4,136.4,108.0,1705723800.0,2024-01-20 09:40:00+05:30
136.5,136.7,136.4,136.4,10056.0,1705724100.0,2024-01-20 09:45:00+05:30
136.35,136.35,136.25,136.25,388.0,1705724400.0,2024-01-20 09:50:00+05:30
136.25,136.5,136.25,136.45,1236.0,1705724700.0,2024-01-20 09:55:00+05:30
136.45,136.45,136.25,136.3,2432.0,1705725000.0,2024-01-20 10:00:00+05:30
136.45,136.45,135.3,135.3,20192.0,1705725300.0,2024-01-20 10:05:00+05:30
135.3,135.7,135.3,135.7,1928.0,1705725600.0,2024-01-20 10:10:00+05:30
135.7,135.7,135.25,135.45,5104.0,1705725900.0,2024-01-20 10:15:00+05:30
135.5,135.5,135.0,135.0,6032.0,1705726200.0,2024-01-20 10:20:00+05:30
135.2,135.45,135.0,135.45,1684.0,1705726500.0,2024-01-20 10:25:00+05:30
135.45,135.55,135.4,135.55,660.0,1705726800.0,2024-01-20 10:30:00+05:30
135.5,135.7,135.25,135.25,3248.0,1705727100.0,2024-01-20 10:35:00+05:30
135.25,135.4,135.25,135.4,484.0,1705727400.0,2024-01-20 10:40:00+05:30
135.5,135.55,135.5,135.55,804.0,1705727700.0,2024-01-20 10:45:00+05:30
135.25,135.45,135.25,135.45,788.0,1705728000.0,2024-01-20 10:50:00+05:30
135.3,135.5,135.3,135.5,456.0,1705728300.0,2024-01-20 10:55:00+05:30
135.5,136.0,135.5,136.0,2984.0,1705728600.0,2024-01-20 11:00:00+05:30
136.2,136.2,135.95,135.95,588.0,1705728900.0,2024-01-20 11:05:00+05:30
135.7,135.95,135.55,135.75,1164.0,1705729200.0,2024-01-20 11:10:00+05:30
135.5,136.5,135.5,136.5,160276.0,1705729500.0,2024-01-20 11:15:00+05:30
136.0,136.2,135.95,135.95,5992.0,1705729800.0,2024-01-20 11:20:00+05:30
135.8,136.55,135.8,136.45,2064.0,1705730100.0,2024-01-20 11:25:00+05:30
137.55,138.6,137.55,137.95,63264.0,1705730400.0,2024-01-20 11:30:00+05:30
137.8,138.25,137.8,138.0,6100.0,1705730700.0,2024-01-20 11:35:00+05:30
137.9,138.2,137.75,138.2,73816.0,1705731000.0,2024-01-20 11:40:00+05:30
138.0,138.1,137.8,137.8,680.0,1705731300.0,2024-01-20 11:45:00+05:30
137.8,138.25,137.75,138.25,2780.0,1705731600.0,2024-01-20 11:50:00+05:30
138.25,138.25,137.75,137.85,29820.0,1705731900.0,2024-01-20 11:55:00+05:30
138.05,138.05,137.7,137.85,2332.0,1705732200.0,2024-01-20 12:00:00+05:30
137.9,138.0,137.75,137.75,1288.0,1705732500.0,2024-01-20 12:05:00+05:30
138.55,139.35,137.95,139.1,62500.0,1705732800.0,2024-01-20 12:10:00+05:30
139.1,140.7,139.1,140.5,83936.0,1705733100.0,2024-01-20 12:15:00+05:30
140.4,140.7,140.15,140.5,14604.0,1705733400.0,2024-01-20 12:20:00+05:30
140.3,140.3,140.0,140.0,36512.0,1705733700.0,2024-01-20 12:25:00+05:30
140.1,140.2,140.0,140.0,3108.0,1705734000.0,2024-01-20 12:30:00+05:30
140.1,140.1,140.0,140.0,13100.0,1705734300.0,2024-01-20 12:35:00+05:30
140.05,141.2,140.0,141.0,95068.0,1705734600.0,2024-01-20 12:40:00+05:30
141.0,141.25,141.0,141.15,41904.0,1705734900.0,2024-01-20 12:45:00+05:30
141.1,141.25,140.75,141.15,14028.0,1705735200.0,2024-01-20 12:50:00+05:30
140.95,141.05,140.8,140.9,5240.0,1705735500.0,2024-01-20 12:55:00+05:30
140.9,141.0,140.8,140.8,1936.0,1705735800.0,2024-01-20 13:00:00+05:30
140.8,141.0,140.75,141.0,21264.0,1705736100.0,2024-01-20 13:05:00+05:30
140.95,140.95,140.85,140.85,1096.0,1705736400.0,2024-01-20 13:10:00+05:30
140.8,140.85,140.75,140.75,3080.0,1705736700.0,2024-01-20 13:15:00+05:30
140.75,140.85,140.75,140.75,2580.0,1705737000.0,2024-01-20 13:20:00+05:30
140.75,140.9,140.75,140.75,16300.0,1705737300.0,2024-01-20 13:25:00+05:30
140.75,140.9,140.75,140.9,656.0,1705737600.0,2024-01-20 13:30:00+05:30
140.8,140.95,140.8,140.8,2828.0,1705737900.0,2024-01-20 13:35:00+05:30
140.75,140.9,140.75,140.8,7336.0,1705738200.0,2024-01-20 13:40:00+05:30
140.85,141.25,140.85,141.0,99364.0,1705738500.0,2024-01-20 13:45:00+05:30
141.2,141.2,141.0,141.05,3540.0,1705738800.0,2024-01-20 13:50:00+05:30
141.15,141.4,141.15,141.35,20372.0,1705739100.0,2024-01-20 13:55:00+05:30
141.35,141.5,141.35,141.4,3456.0,1705739400.0,2024-01-20 14:00:00+05:30
141.35,141.4,141.25,141.4,5436.0,1705739700.0,2024-01-20 14:05:00+05:30
141.4,141.6,141.4,141.55,10388.0,1705740000.0,2024-01-20 14:10:00+05:30
141.6,141.6,141.3,141.3,8056.0,1705740300.0,2024-01-20 14:15:00+05:30
141.25,141.6,141.25,141.5,5356.0,1705740600.0,2024-01-20 14:20:00+05:30
141.35,141.6,141.35,141.5,2804.0,1705740900.0,2024-01-20 14:25:00+05:30
141.6,141.6,141.35,141.45,204288.0,1705741200.0,2024-01-20 14:30:00+05:30
141.45,141.6,141.3,141.3,2784.0,1705741500.0,2024-01-20 14:35:00+05:30
141.3,141.6,140.9,140.9,3344.0,1705741800.0,2024-01-20 14:40:00+05:30
140.85,140.85,140.25,140.7,9940.0,1705742100.0,2024-01-20 14:45:00+05:30
140.65,140.9,140.5,140.5,6868.0,1705742400.0,2024-01-20 14:50:00+05:30
140.5,140.65,140.0,140.0,107032.0,1705742700.0,2024-01-20 14:55:00+05:30
140.15,140.25,140.0,140.05,4052.0,1705743000.0,2024-01-20 15:00:00+05:30
140.15,140.65,140.05,140.65,6108.0,1705743300.0,2024-01-20 15:05:00+05:30
140.5,140.7,140.45,140.5,44580.0,1705743600.0,2024-01-20 15:10:00+05:30
140.5,141.4,140.5,141.4,47692.0,1705743900.0,2024-01-20 15:15:00+05:30
141.05,141.25,141.0,141.1,5704.0,1705744200.0,2024-01-20 15:20:00+05:30
141.1,141.85,140.75,141.8,78672.0,1705744500.0,2024-01-20 15:25:00+05:30
143.0,147.2,143.0,146.7,145668.0,1705981500.0,2024-01-23 09:15:00+05:30
146.95,148.5,145.2,145.2,127556.0,1705981800.0,2024-01-23 09:20:00+05:30
145.45,146.55,145.15,146.0,72912.0,1705982100.0,2024-01-23 09:25:00+05:30
146.0,147.95,146.0,147.95,76752.0,1705982400.0,2024-01-23 09:30:00+05:30
147.95,148.0,145.2,146.05,128424.0,1705982700.0,2024-01-23 09:35:00+05:30
145.75,146.9,145.75,145.75,42056.0,1705983000.0,2024-01-23 09:40:00+05:30
145.55,146.2,145.55,145.85,19080.0,1705983300.0,2024-01-23 09:45:00+05:30
145.55,146.3,145.55,146.3,19500.0,1705983600.0,2024-01-23 09:50:00+05:30
146.2,146.7,146.0,146.05,18972.0,1705983900.0,2024-01-23 09:55:00+05:30
146.2,146.2,145.45,145.7,27040.0,1705984200.0,2024-01-23 10:00:00+05:30
145.45,145.5,144.95,145.25,24208.0,1705984500.0,2024-01-23 10:05:00+05:30
145.05,146.0,144.85,145.9,21400.0,1705984800.0,2024-01-23 10:10:00+05:30
145.9,145.9,145.0,145.0,5048.0,1705985100.0,2024-01-23 10:15:00+05:30
145.0,145.3,144.25,144.25,18468.0,1705985400.0,2024-01-23 10:20:00+05:30
144.35,144.9,144.15,144.5,13240.0,1705985700.0,2024-01-23 10:25:00+05:30
144.4,145.9,144.3,145.9,41260.0,1705986000.0,2024-01-23 10:30:00+05:30
146.0,147.5,146.0,147.35,130000.0,1705986300.0,2024-01-23 10:35:00+05:30
147.5,147.5,146.3,146.6,39136.0,1705986600.0,2024-01-23 10:40:00+05:30
146.6,147.0,146.05,146.35,30284.0,1705986900.0,2024-01-23 10:45:00+05:30
146.4,146.7,146.15,146.4,9408.0,1705987200.0,2024-01-23 10:50:00+05:30
146.4,146.5,146.05,146.05,10268.0,1705987500.0,2024-01-23 10:55:00+05:30
146.2,146.2,145.6,146.1,12576.0,1705987800.0,2024-01-23 11:00:00+05:30
145.9,146.45,145.65,146.2,18160.0,1705988100.0,2024-01-23 11:05:00+05:30
146.2,146.6,146.2,146.2,34904.0,1705988400.0,2024-01-23 11:10:00+05:30
145.95,145.95,145.6,145.7,4312.0,1705988700.0,2024-01-23 11:15:00+05:30
145.55,146.75,145.55,146.4,18840.0,1705989000.0,2024-01-23 11:20:00+05:30
146.7,147.7,146.45,147.7,55072.0,1705989300.0,2024-01-23 11:25:00+05:30
147.55,149.6,147.5,149.45,131932.0,1705989600.0,2024-01-23 11:30:00+05:30
149.25,149.25,148.25,148.25,21040.0,1705989900.0,2024-01-23 11:35:00+05:30
148.25,148.95,147.85,148.0,45324.0,1705990200.0,2024-01-23 11:40:00+05:30
147.95,148.15,147.4,147.75,7800.0,1705990500.0,2024-01-23 11:45:00+05:30
147.65,148.05,147.4,147.8,13232.0,1705990800.0,2024-01-23 11:50:00+05:30
147.45,148.75,147.4,148.45,18220.0,1705991100.0,2024-01-23 11:55:00+05:30
148.2,148.5,147.55,147.7,8832.0,1705991400.0,2024-01-23 12:00:00+05:30
147.75,148.2,147.5,147.65,9824.0,1705991700.0,2024-01-23 12:05:00+05:30
147.65,147.65,147.25,147.5,9108.0,1705992000.0,2024-01-23 12:10:00+05:30
147.45,148.0,147.25,147.4,7756.0,1705992300.0,2024-01-23 12:15:00+05:30
147.25,147.3,146.9,147.1,2304.0,1705992600.0,2024-01-23 12:20:00+05:30
146.9,147.3,146.6,146.6,10232.0,1705992900.0,2024-01-23 12:25:00+05:30
146.6,147.25,146.6,146.9,6284.0,1705993200.0,2024-01-23 12:30:00+05:30
146.9,147.45,146.8,146.8,3540.0,1705993500.0,2024-01-23 12:35:00+05:30
147.0,147.5,146.65,147.15,7904.0,1705993800.0,2024-01-23 12:40:00+05:30
147.25,147.4,146.75,147.4,2040.0,1705994100.0,2024-01-23 12:45:00+05:30
147.4,147.4,146.9,146.95,2048.0,1705994400.0,2024-01-23 12:50:00+05:30
146.95,147.25,146.5,147.05,13412.0,1705994700.0,2024-01-23 12:55:00+05:30
147.0,147.3,147.0,147.0,2544.0,1705995000.0,2024-01-23 13:00:00+05:30
147.35,147.6,147.25,147.3,8568.0,1705995300.0,2024-01-23 13:05:00+05:30
147.3,147.7,147.1,147.45,1872.0,1705995600.0,2024-01-23 13:10:00+05:30
147.5,148.2,147.3,147.95,19444.0,1705995900.0,2024-01-23 13:15:00+05:30
147.9,148.05,147.5,148.05,9408.0,1705996200.0,2024-01-23 13:20:00+05:30
148.1,148.1,147.55,148.0,4000.0,1705996500.0,2024-01-23 13:25:00+05:30
148.25,148.25,147.5,147.7,7664.0,1705996800.0,2024-01-23 13:30:00+05:30
147.65,147.95,147.5,147.6,12556.0,1705997100.0,2024-01-23 13:35:00+05:30
147.75,148.0,147.55,147.8,14192.0,1705997400.0,2024-01-23 13:40:00+05:30
147.8,147.95,147.5,147.75,10164.0,1705997700.0,2024-01-23 13:45:00+05:30
147.75,147.75,146.75,146.8,14072.0,1705998000.0,2024-01-23 13:50:00+05:30
146.8,146.9,146.25,146.3,11328.0,1705998300.0,2024-01-23 13:55:00+05:30
146.3,148.7,146.0,148.7,76724.0,1705998600.0,2024-01-23 14:00:00+05:30
148.5,148.75,148.4,148.5,17932.0,1705998900.0,2024-01-23 14:05:00+05:30
148.6,149.35,148.3,149.0,65732.0,1705999200.0,2024-01-23 14:10:00+05:30
148.8,148.95,148.3,148.3,11116.0,1705999500.0,2024-01-23 14:15:00+05:30
148.25,148.5,147.7,148.2,56032.0,1705999800.0,2024-01-23 14:20:00+05:30
148.2,148.2,147.0,147.05,15684.0,1706000100.0,2024-01-23 14:25:00+05:30
147.3,148.25,147.15,147.2,24732.0,1706000400.0,2024-01-23 14:30:00+05:30
146.9,146.9,146.55,146.7,18744.0,1706000700.0,2024-01-23 14:35:00+05:30
146.9,147.85,146.8,147.0,20116.0,1706001000.0,2024-01-23 14:40:00+05:30
147.55,148.1,147.25,148.0,22080.0,1706001300.0,2024-01-23 14:45:00+05:30
148.2,148.2,147.2,147.2,6332.0,1706001600.0,2024-01-23 14:50:00+05:30
147.35,148.5,147.0,147.8,29504.0,1706001900.0,2024-01-23 14:55:00+05:30
148.0,148.0,147.2,147.2,5516.0,1706002200.0,2024-01-23 15:00:00+05:30
147.2,147.7,147.0,147.2,15608.0,1706002500.0,2024-01-23 15:05:00+05:30
147.4,147.45,146.9,146.9,13428.0,1706002800.0,2024-01-23 15:10:00+05:30
147.0,147.1,146.25,146.25,41552.0,1706003100.0,2024-01-23 15:15:00+05:30
146.25,146.25,145.65,145.65,23172.0,1706003400.0,2024-01-23 15:20:00+05:30
145.65,147.0,145.65,146.5,13372.0,1706003700.0,2024-01-23 15:25:00+05:30
147.5,148.6,145.65,146.0,70208.0,1706067900.0,2024-01-24 09:15:00+05:30
145.75,148.8,145.65,148.35,45704.0,1706068200.0,2024-01-24 09:20:00+05:30
148.1,148.3,147.0,148.15,29344.0,1706068500.0,2024-01-24 09:25:00+05:30
148.45,148.55,147.75,147.85,16900.0,1706068800.0,2024-01-24 09:30:00+05:30
148.0,149.25,147.75,148.95,87504.0,1706069100.0,2024-01-24 09:35:00+05:30
149.3,149.3,148.35,148.75,15736.0,1706069400.0,2024-01-24 09:40:00+05:30
148.6,148.95,148.05,148.25,17012.0,1706069700.0,2024-01-24 09:45:00+05:30
148.0,150.15,148.0,150.15,182504.0,1706070000.0,2024-01-24 09:50:00+05:30
150.05,150.9,149.5,149.9,96780.0,1706070300.0,2024-01-24 09:55:00+05:30
150.0,150.0,148.1,148.1,44808.0,1706070600.0,2024-01-24 10:00:00+05:30
148.35,148.9,148.3,148.55,10484.0,1706070900.0,2024-01-24 10:05:00+05:30
148.8,148.85,148.45,148.5,15508.0,1706071200.0,2024-01-24 10:10:00+05:30
148.45,149.1,148.45,148.75,4552.0,1706071500.0,2024-01-24 10:15:00+05:30
148.9,149.2,148.8,149.0,9840.0,1706071800.0,2024-01-24 10:20:00+05:30
149.0,149.25,148.75,148.75,15900.0,1706072100.0,2024-01-24 10:25:00+05:30
148.75,148.9,148.0,148.05,14092.0,1706072400.0,2024-01-24 10:30:00+05:30
148.05,148.55,148.0,148.55,8448.0,1706072700.0,2024-01-24 10:35:00+05:30
148.55,148.55,148.15,148.15,8836.0,1706073000.0,2024-01-24 10:40:00+05:30
147.9,147.95,147.55,147.8,17516.0,1706073300.0,2024-01-24 10:45:00+05:30
147.85,148.75,147.85,148.4,9336.0,1706073600.0,2024-01-24 10:50:00+05:30
148.4,148.9,148.25,148.8,10304.0,1706073900.0,2024-01-24 10:55:00+05:30
148.8,148.8,148.4,148.55,4520.0,1706074200.0,2024-01-24 11:00:00+05:30
148.5,148.75,148.45,148.75,2752.0,1706074500.0,2024-01-24 11:05:00+05:30
148.75,149.1,148.75,148.75,11340.0,1706074800.0,2024-01-24 11:10:00+05:30
148.7,149.1,148.65,148.95,6444.0,1706075100.0,2024-01-24 11:15:00+05:30
148.95,149.25,148.6,148.6,5960.0,1706075400.0,2024-01-24 11:20:00+05:30
148.75,148.9,148.25,148.25,10960.0,1706075700.0,2024-01-24 11:25:00+05:30
148.25,148.3,147.8,148.3,7960.0,1706076000.0,2024-01-24 11:30:00+05:30
148.3,148.5,147.9,147.9,3976.0,1706076300.0,2024-01-24 11:35:00+05:30
147.9,148.45,147.9,148.25,4240.0,1706076600.0,2024-01-24 11:40:00+05:30
148.2,148.35,147.75,147.95,4800.0,1706076900.0,2024-01-24 11:45:00+05:30
148.2,148.35,148.05,148.35,2324.0,1706077200.0,2024-01-24 11:50:00+05:30
148.4,148.65,148.25,148.4,3836.0,1706077500.0,2024-01-24 11:55:00+05:30
148.4,148.4,147.9,148.1,4780.0,1706077800.0,2024-01-24 12:00:00+05:30
148.1,148.6,148.1,148.6,2740.0,1706078100.0,2024-01-24 12:05:00+05:30
148.6,148.6,148.0,148.0,4040.0,1706078400.0,2024-01-24 12:10:00+05:30
148.0,148.95,148.0,148.95,7844.0,1706078700.0,2024-01-24 12:15:00+05:30
148.85,149.05,148.75,148.75,29868.0,1706079000.0,2024-01-24 12:20:00+05:30
148.75,148.9,148.1,148.35,21260.0,1706079300.0,2024-01-24 12:25:00+05:30
148.2,148.75,148.2,148.75,3312.0,1706079600.0,2024-01-24 12:30:00+05:30
148.8,148.95,148.8,148.8,8064.0,1706079900.0,2024-01-24 12:35:00+05:30
148.8,148.8,148.5,148.55,3224.0,1706080200.0,2024-01-24 12:40:00+05:30
148.55,149.2,148.55,149.0,5676.0,1706080500.0,2024-01-24 12:45:00+05:30
149.15,149.35,149.05,149.25,12904.0,1706080800.0,2024-01-24 12:50:00+05:30
149.35,149.35,149.0,149.1,7012.0,1706081100.0,2024-01-24 12:55:00+05:30
149.3,149.3,148.55,148.55,5244.0,1706081400.0,2024-01-24 13:00:00+05:30
148.5,148.95,148.5,148.85,4072.0,1706081700.0,2024-01-24 13:05:00+05:30
148.75,148.9,148.65,148.8,2312.0,1706082000.0,2024-01-24 13:10:00+05:30
148.8,148.9,148.7,148.9,6352.0,1706082300.0,2024-01-24 13:15:00+05:30
148.9,148.9,148.7,148.8,2416.0,1706082600.0,2024-01-24 13:20:00+05:30
148.75,148.75,148.2,148.5,21148.0,1706082900.0,2024-01-24 13:25:00+05:30
148.5,148.5,147.95,147.95,6840.0,1706083200.0,2024-01-24 13:30:00+05:30
148.15,148.3,148.0,148.3,6552.0,1706083500.0,2024-01-24 13:35:00+05:30
148.3,148.95,148.1,148.7,18252.0,1706083800.0,2024-01-24 13:40:00+05:30
148.7,148.7,148.55,148.6,1700.0,1706084100.0,2024-01-24 13:45:00+05:30
148.6,148.7,148.5,148.5,3152.0,1706084400.0,2024-01-24 13:50:00+05:30
148.55,148.75,148.3,148.75,13276.0,1706084700.0,2024-01-24 13:55:00+05:30
148.45,148.65,148.45,148.55,1768.0,1706085000.0,2024-01-24 14:00:00+05:30
148.55,148.9,148.3,148.9,12952.0,1706085300.0,2024-01-24 14:05:00+05:30
148.9,150.3,147.9,148.9,149004.0,1706085600.0,2024-01-24 14:10:00+05:30
148.55,148.55,147.5,147.75,183260.0,1706085900.0,2024-01-24 14:15:00+05:30
147.9,149.85,147.9,148.75,134296.0,1706086200.0,2024-01-24 14:20:00+05:30
148.75,149.0,148.5,148.95,53440.0,1706086500.0,2024-01-24 14:25:00+05:30
148.95,150.0,148.95,149.75,101716.0,1706086800.0,2024-01-24 14:30:00+05:30
149.75,149.85,149.0,149.45,32512.0,1706087100.0,2024-01-24 14:35:00+05:30
149.5,150.2,149.5,150.05,63648.0,1706087400.0,2024-01-24 14:40:00+05:30
149.85,150.2,149.25,149.25,45028.0,1706087700.0,2024-01-24 14:45:00+05:30
149.4,149.5,148.5,148.95,28688.0,1706088000.0,2024-01-24 14:50:00+05:30
148.95,149.1,148.75,148.95,8880.0,1706088300.0,2024-01-24 14:55:00+05:30
149.25,149.7,148.75,149.65,47688.0,1706088600.0,2024-01-24 15:00:00+05:30
149.5,150.2,149.25,149.25,44816.0,1706088900.0,2024-01-24 15:05:00+05:30
149.25,150.4,149.25,150.0,112072.0,1706089200.0,2024-01-24 15:10:00+05:30
150.0,150.3,150.0,150.0,58552.0,1706089500.0,2024-01-24 15:15:00+05:30
150.2,151.0,150.0,150.75,51716.0,1706089800.0,2024-01-24 15:20:00+05:30
150.75,151.85,150.55,151.7,142376.0,1706090100.0,2024-01-24 15:25:00+05:30
153.2,153.7,151.4,152.95,265052.0,1706154300.0,2024-01-25 09:15:00+05:30
153.05,153.5,152.45,152.75,103248.0,1706154600.0,2024-01-25 09:20:00+05:30
152.8,154.0,152.8,153.45,70872.0,1706154900.0,2024-01-25 09:25:00+05:30
153.5,153.5,152.75,153.0,45392.0,1706155200.0,2024-01-25 09:30:00+05:30
153.1,153.5,152.95,153.25,39972.0,1706155500.0,2024-01-25 09:35:00+05:30
153.2,153.85,153.2,153.3,32092.0,1706155800.0,2024-01-25 09:40:00+05:30
153.2,153.65,153.05,153.55,31692.0,1706156100.0,2024-01-25 09:45:00+05:30
153.7,153.75,152.8,152.8,44200.0,1706156400.0,2024-01-25 09:50:00+05:30
152.95,153.0,152.6,152.9,14952.0,1706156700.0,2024-01-25 09:55:00+05:30
152.7,153.0,152.7,152.95,9484.0,1706157000.0,2024-01-25 10:00:00+05:30
153.0,153.0,151.95,151.95,40796.0,1706157300.0,2024-01-25 10:05:00+05:30
152.0,152.0,151.5,151.55,20704.0,1706157600.0,2024-01-25 10:10:00+05:30
151.5,152.0,151.25,151.45,23264.0,1706157900.0,2024-01-25 10:15:00+05:30
151.4,151.65,150.45,150.45,50128.0,1706158200.0,2024-01-25 10:20:00+05:30
150.45,151.0,150.45,151.0,7756.0,1706158500.0,2024-01-25 10:25:00+05:30
151.05,151.25,150.85,150.9,13016.0,1706158800.0,2024-01-25 10:30:00+05:30
150.75,150.95,150.0,150.4,53988.0,1706159100.0,2024-01-25 10:35:00+05:30
150.4,150.55,150.0,150.2,12504.0,1706159400.0,2024-01-25 10:40:00+05:30
150.3,150.4,150.0,150.0,60212.0,1706159700.0,2024-01-25 10:45:00+05:30
150.0,150.2,150.0,150.1,2092.0,1706160000.0,2024-01-25 10:50:00+05:30
150.0,150.4,150.0,150.4,46012.0,1706160300.0,2024-01-25 10:55:00+05:30
150.1,150.35,150.0,150.0,2668.0,1706160600.0,2024-01-25 11:00:00+05:30
150.3,150.3,149.9,150.0,11952.0,1706160900.0,2024-01-25 11:05:00+05:30
150.1,150.15,150.0,150.15,1268.0,1706161200.0,2024-01-25 11:10:00+05:30
150.0,150.25,150.0,150.25,1656.0,1706161500.0,2024-01-25 11:15:00+05:30
150.25,150.4,150.25,150.35,1484.0,1706161800.0,2024-01-25 11:20:00+05:30
150.4,150.5,150.25,150.4,3776.0,1706162100.0,2024-01-25 11:25:00+05:30
150.25,150.65,150.25,150.65,2720.0,1706162400.0,2024-01-25 11:30:00+05:30
150.55,150.85,150.5,150.8,8092.0,1706162700.0,2024-01-25 11:35:00+05:30
150.55,150.75,150.25,150.75,4088.0,1706163000.0,2024-01-25 11:40:00+05:30
150.75,151.0,150.5,151.0,13692.0,1706163300.0,2024-01-25 11:45:00+05:30
150.8,150.95,150.8,150.8,1064.0,1706163600.0,2024-01-25 11:50:00+05:30
150.8,150.8,150.55,150.8,5716.0,1706163900.0,2024-01-25 11:55:00+05:30
150.55,150.8,150.5,150.5,876.0,1706164200.0,2024-01-25 12:00:00+05:30
150.55,150.8,150.5,150.55,1892.0,1706164500.0,2024-01-25 12:05:00+05:30
150.55,150.55,150.5,150.5,8880.0,1706164800.0,2024-01-25 12:10:00+05:30
150.5,150.75,150.45,150.5,87132.0,1706165100.0,2024-01-25 12:15:00+05:30
150.5,150.7,150.5,150.7,5516.0,1706165400.0,2024-01-25 12:20:00+05:30
150.7,150.7,150.5,150.7,864.0,1706165700.0,2024-01-25 12:25:00+05:30
150.25,151.2,150.25,150.8,15440.0,1706166000.0,2024-01-25 12:30:00+05:30
150.8,151.1,150.75,150.9,8056.0,1706166300.0,2024-01-25 12:35:00+05:30
151.1,151.4,150.9,151.4,4404.0,1706166600.0,2024-01-25 12:40:00+05:30
151.35,151.35,151.2,151.25,3512.0,1706166900.0,2024-01-25 12:45:00+05:30
151.25,151.45,151.25,151.35,5484.0,1706167200.0,2024-01-25 12:50:00+05:30
151.75,151.75,151.35,151.65,13768.0,1706167500.0,2024-01-25 12:55:00+05:30
151.5,151.7,151.5,151.5,1476.0,1706167800.0,2024-01-25 13:00:00+05:30
151.5,151.75,151.5,151.5,3964.0,1706168100.0,2024-01-25 13:05:00+05:30
151.7,151.8,151.55,151.8,3736.0,1706168400.0,2024-01-25 13:10:00+05:30
151.8,151.85,151.6,151.8,1528.0,1706168700.0,2024-01-25 13:15:00+05:30
151.6,151.8,151.5,151.6,1780.0,1706169000.0,2024-01-25 13:20:00+05:30
151.6,151.75,151.6,151.75,1796.0,1706169300.0,2024-01-25 13:25:00+05:30
151.8,151.9,151.65,151.8,5296.0,1706169600.0,2024-01-25 13:30:00+05:30
151.9,152.0,151.65,151.8,1792.0,1706169900.0,2024-01-25 13:35:00+05:30
151.8,151.85,151.25,151.65,26396.0,1706170200.0,2024-01-25 13:40:00+05:30
151.6,152.0,151.25,152.0,18160.0,1706170500.0,2024-01-25 13:45:00+05:30
151.9,152.25,151.75,152.0,4796.0,1706170800.0,2024-01-25 13:50:00+05:30
152.25,152.25,152.0,152.0,2512.0,1706171100.0,2024-01-25 13:55:00+05:30
151.95,152.25,151.75,151.8,13760.0,1706171400.0,2024-01-25 14:00:00+05:30
151.8,152.15,151.8,152.15,2648.0,1706171700.0,2024-01-25 14:05:00+05:30
152.0,152.25,151.8,152.15,11304.0,1706172000.0,2024-01-25 14:10:00+05:30
152.05,152.3,151.95,152.1,7188.0,1706172300.0,2024-01-25 14:15:00+05:30
152.05,152.35,151.9,152.0,11728.0,1706172600.0,2024-01-25 14:20:00+05:30
151.9,152.35,151.9,152.25,6796.0,1706172900.0,2024-01-25 14:25:00+05:30
152.25,152.4,152.25,152.3,3704.0,1706173200.0,2024-01-25 14:30:00+05:30
152.25,152.5,152.2,152.25,9156.0,1706173500.0,2024-01-25 14:35:00+05:30
152.25,152.5,152.2,152.3,4532.0,1706173800.0,2024-01-25 14:40:00+05:30
152.25,152.8,152.25,152.25,52236.0,1706174100.0,2024-01-25 14:45:00+05:30
152.5,152.85,152.25,152.4,26128.0,1706174400.0,2024-01-25 14:50:00+05:30
152.35,152.75,152.25,152.7,16048.0,1706174700.0,2024-01-25 14:55:00+05:30
152.7,152.8,152.5,152.5,33864.0,1706175000.0,2024-01-25 15:00:00+05:30
152.7,152.7,152.3,152.5,13508.0,1706175300.0,2024-01-25 15:05:00+05:30
152.5,152.8,152.4,152.75,44876.0,1706175600.0,2024-01-25 15:10:00+05:30
152.75,152.75,152.5,152.75,45508.0,1706175900.0,2024-01-25 15:15:00+05:30
152.75,152.8,152.75,152.75,40880.0,1706176200.0,2024-01-25 15:20:00+05:30
152.75,153.25,152.75,152.75,62548.0,1706176500.0,2024-01-25 15:25:00+05:30
155.0,155.0,152.8,153.45,24220.0,1706499900.0,2024-01-29 09:15:00+05:30
153.55,154.0,153.1,153.95,11568.0,1706500200.0,2024-01-29 09:20:00+05:30
153.95,154.5,153.55,153.55,12456.0,1706500500.0,2024-01-29 09:25:00+05:30
153.55,154.0,153.2,153.95,12584.0,1706500800.0,2024-01-29 09:30:00+05:30
153.95,153.95,153.25,153.5,5828.0,1706501100.0,2024-01-29 09:35:00+05:30
153.3,153.4,153.0,153.35,3280.0,1706501400.0,2024-01-29 09:40:00+05:30
153.25,153.65,153.25,153.35,1976.0,1706501700.0,2024-01-29 09:45:00+05:30
153.4,153.4,153.0,153.1,6728.0,1706502000.0,2024-01-29 09:50:00+05:30
153.25,153.6,153.15,153.6,6556.0,1706502300.0,2024-01-29 09:55:00+05:30
153.45,153.75,152.9,152.9,7388.0,1706502600.0,2024-01-29 10:00:00+05:30
152.9,153.65,152.75,153.65,8440.0,1706502900.0,2024-01-29 10:05:00+05:30
153.2,153.2,152.55,152.55,9396.0,1706503200.0,2024-01-29 10:10:00+05:30
152.7,152.8,152.0,152.0,24292.0,1706503500.0,2024-01-29 10:15:00+05:30
152.0,152.2,151.4,151.5,6256.0,1706503800.0,2024-01-29 10:20:00+05:30
151.5,151.95,151.4,151.8,7912.0,1706504100.0,2024-01-29 10:25:00+05:30
151.75,152.35,151.75,152.15,5588.0,1706504400.0,2024-01-29 10:30:00+05:30
152.05,152.05,150.85,150.9,23040.0,1706504700.0,2024-01-29 10:35:00+05:30
150.8,151.6,150.8,151.25,11728.0,1706505000.0,2024-01-29 10:40:00+05:30
151.25,151.25,150.7,150.8,13900.0,1706505300.0,2024-01-29 10:45:00+05:30
150.5,150.55,149.75,150.0,21744.0,1706505600.0,2024-01-29 10:50:00+05:30
149.85,150.25,148.45,149.2,104504.0,1706505900.0,2024-01-29 10:55:00+05:30
149.2,149.75,149.15,149.2,8520.0,1706506200.0,2024-01-29 11:00:00+05:30
149.2,149.2,147.55,148.2,66756.0,1706506500.0,2024-01-29 11:05:00+05:30
148.35,149.7,148.25,149.7,17372.0,1706506800.0,2024-01-29 11:10:00+05:30
149.55,149.8,149.0,149.15,6308.0,1706507100.0,2024-01-29 11:15:00+05:30
149.35,149.35,147.95,147.95,9956.0,1706507400.0,2024-01-29 11:20:00+05:30
148.2,148.7,147.95,148.25,7472.0,1706507700.0,2024-01-29 11:25:00+05:30
148.2,148.55,147.65,148.15,20244.0,1706508000.0,2024-01-29 11:30:00+05:30
148.15,148.35,146.8,147.3,33340.0,1706508300.0,2024-01-29 11:35:00+05:30
147.5,148.7,147.3,148.7,17304.0,1706508600.0,2024-01-29 11:40:00+05:30
148.8,148.85,148.0,148.05,4188.0,1706508900.0,2024-01-29 11:45:00+05:30
147.95,148.25,147.45,147.7,25364.0,1706509200.0,2024-01-29 11:50:00+05:30
147.6,149.05,147.55,148.9,20940.0,1706509500.0,2024-01-29 11:55:00+05:30
148.75,149.0,148.6,148.9,7916.0,1706509800.0,2024-01-29 12:00:00+05:30
148.95,149.25,148.75,148.8,11244.0,1706510100.0,2024-01-29 12:05:00+05:30
148.75,148.95,148.75,148.9,2572.0,1706510400.0,2024-01-29 12:10:00+05:30
148.75,149.0,148.75,148.75,16956.0,1706510700.0,2024-01-29 12:15:00+05:30
148.85,149.0,148.75,148.85,3544.0,1706511000.0,2024-01-29 12:20:00+05:30
148.85,148.95,148.75,148.9,6412.0,1706511300.0,2024-01-29 12:25:00+05:30
148.95,148.95,148.75,148.9,908.0,1706511600.0,2024-01-29 12:30:00+05:30
148.8,148.8,148.75,148.75,38664.0,1706511900.0,2024-01-29 12:35:00+05:30
148.75,148.75,148.75,148.75,9112.0,1706512200.0,2024-01-29 12:40:00+05:30
148.75,148.9,148.75,148.9,174540.0,1706512500.0,2024-01-29 12:45:00+05:30
148.8,149.25,148.8,149.2,7040.0,1706512800.0,2024-01-29 12:50:00+05:30
149.2,149.25,149.1,149.1,3988.0,1706513100.0,2024-01-29 12:55:00+05:30
149.2,149.7,149.1,149.1,10084.0,1706513400.0,2024-01-29 13:00:00+05:30
149.75,150.5,149.75,150.4,52104.0,1706513700.0,2024-01-29 13:05:00+05:30
150.4,150.75,150.25,150.5,12452.0,1706514000.0,2024-01-29 13:10:00+05:30
150.5,150.75,150.4,150.4,8300.0,1706514300.0,2024-01-29 13:15:00+05:30
150.4,150.9,150.4,150.75,19680.0,1706514600.0,2024-01-29 13:20:00+05:30
150.75,150.9,150.0,150.45,66868.0,1706514900.0,2024-01-29 13:25:00+05:30
150.45,150.45,150.3,150.3,11424.0,1706515200.0,2024-01-29 13:30:00+05:30
150.35,150.5,150.3,150.4,8012.0,1706515500.0,2024-01-29 13:35:00+05:30
150.4,150.45,150.3,150.4,1844.0,1706515800.0,2024-01-29 13:40:00+05:30
150.35,150.5,150.3,150.3,1492.0,1706516100.0,2024-01-29 13:45:00+05:30
150.3,150.5,150.3,150.4,67568.0,1706516400.0,2024-01-29 13:50:00+05:30
150.35,150.4,148.9,149.25,91860.0,1706516700.0,2024-01-29 13:55:00+05:30
149.25,149.45,149.15,149.25,3348.0,1706517000.0,2024-01-29 14:00:00+05:30
149.25,149.5,149.2,149.4,4460.0,1706517300.0,2024-01-29 14:05:00+05:30
149.2,149.35,149.1,149.25,2620.0,1706517600.0,2024-01-29 14:10:00+05:30
149.15,149.35,148.75,149.25,19124.0,1706517900.0,2024-01-29 14:15:00+05:30
149.25,149.4,149.0,149.4,6600.0,1706518200.0,2024-01-29 14:20:00+05:30
149.4,149.4,148.75,148.9,14036.0,1706518500.0,2024-01-29 14:25:00+05:30
148.9,149.35,148.75,149.1,59940.0,1706518800.0,2024-01-29 14:30:00+05:30
149.15,149.25,148.85,148.9,4828.0,1706519100.0,2024-01-29 14:35:00+05:30
149.1,149.45,148.95,149.0,10132.0,1706519400.0,2024-01-29 14:40:00+05:30
149.0,149.0,148.7,148.75,2440.0,1706519700.0,2024-01-29 14:45:00+05:30
148.9,148.95,148.65,148.9,7732.0,1706520000.0,2024-01-29 14:50:00+05:30
148.75,148.9,148.75,148.75,7968.0,1706520300.0,2024-01-29 14:55:00+05:30
148.8,149.75,148.45,149.7,57348.0,1706520600.0,2024-01-29 15:00:00+05:30
149.55,150.05,149.5,150.0,16612.0,1706520900.0,2024-01-29 15:05:00+05:30
150.0,150.25,149.8,150.15,23600.0,1706521200.0,2024-01-29 15:10:00+05:30
150.0,150.25,149.95,150.0,16400.0,1706521500.0,2024-01-29 15:15:00+05:30
150.0,150.25,149.8,149.8,29644.0,1706521800.0,2024-01-29 15:20:00+05:30
149.8,149.85,149.5,149.7,9252.0,1706522100.0,2024-01-29 15:25:00+05:30
149.65,151.35,149.65,151.35,32588.0,1706586300.0,2024-01-30 09:15:00+05:30
151.4,152.25,151.05,152.25,41860.0,1706586600.0,2024-01-30 09:20:00+05:30
152.4,153.4,152.3,152.3,40356.0,1706586900.0,2024-01-30 09:25:00+05:30
152.25,153.0,152.25,152.5,62396.0,1706587200.0,2024-01-30 09:30:00+05:30
152.7,153.25,152.7,153.0,16556.0,1706587500.0,2024-01-30 09:35:00+05:30
153.0,153.0,152.5,152.5,32868.0,1706587800.0,2024-01-30 09:40:00+05:30
152.5,153.55,152.5,153.55,52412.0,1706588100.0,2024-01-30 09:45:00+05:30
153.55,154.25,153.4,154.25,42324.0,1706588400.0,2024-01-30 09:50:00+05:30
154.0,154.25,153.8,154.05,54800.0,1706588700.0,2024-01-30 09:55:00+05:30
153.9,154.2,153.8,154.2,6748.0,1706589000.0,2024-01-30 10:00:00+05:30
154.0,154.0,153.75,153.85,4724.0,1706589300.0,2024-01-30 10:05:00+05:30
153.8,154.0,153.75,154.0,7048.0,1706589600.0,2024-01-30 10:10:00+05:30
153.95,154.0,153.7,153.95,3464.0,1706589900.0,2024-01-30 10:15:00+05:30
153.8,154.1,153.75,154.1,10660.0,1706590200.0,2024-01-30 10:20:00+05:30
154.05,154.1,153.75,153.75,4828.0,1706590500.0,2024-01-30 10:25:00+05:30
153.95,154.0,153.75,153.8,8560.0,1706590800.0,2024-01-30 10:30:00+05:30
153.85,154.1,153.85,154.1,3992.0,1706591100.0,2024-01-30 10:35:00+05:30
154.1,154.1,153.9,154.0,7260.0,1706591400.0,2024-01-30 10:40:00+05:30
153.75,154.05,153.75,153.75,72940.0,1706591700.0,2024-01-30 10:45:00+05:30
153.75,153.9,153.75,153.9,8620.0,1706592000.0,2024-01-30 10:50:00+05:30
153.95,153.95,153.75,153.95,17024.0,1706592300.0,2024-01-30 10:55:00+05:30
153.75,153.95,153.7,153.95,6388.0,1706592600.0,2024-01-30 11:00:00+05:30
153.95,154.25,153.75,153.9,14760.0,1706592900.0,2024-01-30 11:05:00+05:30
153.95,154.05,153.75,153.95,17376.0,1706593200.0,2024-01-30 11:10:00+05:30
153.95,154.5,153.95,154.3,16500.0,1706593500.0,2024-01-30 11:15:00+05:30
154.5,154.5,153.8,153.95,7740.0,1706593800.0,2024-01-30 11:20:00+05:30
153.95,153.95,153.75,153.75,6568.0,1706594100.0,2024-01-30 11:25:00+05:30
153.95,153.95,153.75,153.95,4836.0,1706594400.0,2024-01-30 11:30:00+05:30
153.95,154.0,153.95,154.0,692.0,1706594700.0,2024-01-30 11:35:00+05:30
154.0,154.0,153.75,153.75,1852.0,1706595000.0,2024-01-30 11:40:00+05:30
153.75,153.9,153.75,153.85,4220.0,1706595300.0,2024-01-30 11:45:00+05:30
153.85,153.95,153.85,153.95,100.0,1706595600.0,2024-01-30 11:50:00+05:30
153.95,153.95,153.75,153.75,4588.0,1706595900.0,2024-01-30 11:55:00+05:30
153.75,153.85,153.75,153.75,1232.0,1706596200.0,2024-01-30 12:00:00+05:30
153.75,153.9,153.75,153.75,1804.0,1706596500.0,2024-01-30 12:05:00+05:30
153.75,154.0,153.75,154.0,1444.0,1706596800.0,2024-01-30 12:10:00+05:30
154.0,154.2,153.8,153.95,5492.0,1706597100.0,2024-01-30 12:15:00+05:30
153.95,154.25,153.75,154.25,6360.0,1706597400.0,2024-01-30 12:20:00+05:30
154.0,154.05,153.9,154.0,376.0,1706597700.0,2024-01-30 12:25:00+05:30
154.0,154.45,153.8,154.0,7664.0,1706598000.0,2024-01-30 12:30:00+05:30
154.05,154.3,154.05,154.05,4048.0,1706598300.0,2024-01-30 12:35:00+05:30
154.05,154.05,153.75,154.0,4428.0,1706598600.0,2024-01-30 12:40:00+05:30
153.95,154.0,153.75,153.8,9408.0,1706598900.0,2024-01-30 12:45:00+05:30
153.8,153.8,153.8,153.8,692.0,1706599200.0,2024-01-30 12:50:00+05:30
153.8,153.9,153.75,153.75,2296.0,1706599500.0,2024-01-30 12:55:00+05:30
153.75,153.95,153.75,153.85,1080.0,1706599800.0,2024-01-30 13:00:00+05:30
153.8,153.8,153.75,153.75,5828.0,1706600100.0,2024-01-30 13:05:00+05:30
153.75,154.1,153.75,153.8,4192.0,1706600400.0,2024-01-30 13:10:00+05:30
153.8,153.9,153.75,153.8,5312.0,1706600700.0,2024-01-30 13:15:00+05:30
153.8,153.85,153.75,153.75,4528.0,1706601000.0,2024-01-30 13:20:00+05:30
153.75,153.9,153.75,153.8,6456.0,1706601300.0,2024-01-30 13:25:00+05:30
153.8,153.85,153.75,153.85,460.0,1706601600.0,2024-01-30 13:30:00+05:30
153.85,153.85,153.75,153.75,3332.0,1706601900.0,2024-01-30 13:35:00+05:30
153.75,153.95,152.85,153.95,31496.0,1706602200.0,2024-01-30 13:40:00+05:30
153.8,153.9,153.75,153.75,8048.0,1706602500.0,2024-01-30 13:45:00+05:30
153.75,153.95,153.75,153.75,2436.0,1706602800.0,2024-01-30 13:50:00+05:30
153.75,153.8,153.75,153.8,8808.0,1706603100.0,2024-01-30 13:55:00+05:30
153.8,153.8,153.8,153.8,268.0,1706603400.0,2024-01-30 14:00:00+05:30
153.8,155.0,153.7,154.9,210832.0,1706603700.0,2024-01-30 14:05:00+05:30
154.7,154.7,154.2,154.25,3544.0,1706604000.0,2024-01-30 14:10:00+05:30
154.45,154.45,153.8,154.3,7616.0,1706604300.0,2024-01-30 14:15:00+05:30
154.0,154.5,154.0,154.5,7948.0,1706604600.0,2024-01-30 14:20:00+05:30
154.45,154.45,153.65,154.05,9452.0,1706604900.0,2024-01-30 14:25:00+05:30
153.95,154.2,153.75,154.2,10488.0,1706605200.0,2024-01-30 14:30:00+05:30
153.9,154.2,153.75,154.15,4572.0,1706605500.0,2024-01-30 14:35:00+05:30
154.15,154.15,153.75,153.9,1044.0,1706605800.0,2024-01-30 14:40:00+05:30
153.75,154.4,153.75,154.05,22224.0,1706606100.0,2024-01-30 14:45:00+05:30
154.0,154.5,154.0,154.45,5748.0,1706606400.0,2024-01-30 14:50:00+05:30
154.4,154.4,154.0,154.05,2288.0,1706606700.0,2024-01-30 14:55:00+05:30
154.05,154.3,153.75,154.1,14992.0,1706607000.0,2024-01-30 15:00:00+05:30
154.1,154.25,153.8,154.15,6908.0,1706607300.0,2024-01-30 15:05:00+05:30
154.0,154.0,153.75,153.95,9256.0,1706607600.0,2024-01-30 15:10:00+05:30
153.75,154.0,153.75,154.0,15648.0,1706607900.0,2024-01-30 15:15:00+05:30
154.0,154.25,153.75,153.75,20216.0,1706608200.0,2024-01-30 15:20:00+05:30
153.8,153.95,153.75,153.75,36404.0,1706608500.0,2024-01-30 15:25:00+05:30
154.75,155.0,153.85,155.0,34524.0,1706672700.0,2024-01-31 09:15:00+05:30
155.0,156.85,154.7,156.6,49728.0,1706673000.0,2024-01-31 09:20:00+05:30
156.8,157.65,156.35,157.5,49800.0,1706673300.0,2024-01-31 09:25:00+05:30
157.45,157.65,156.7,157.6,50484.0,1706673600.0,2024-01-31 09:30:00+05:30
157.75,159.0,157.6,158.9,52984.0,1706673900.0,2024-01-31 09:35:00+05:30
158.9,161.8,158.8,160.8,189312.0,1706674200.0,2024-01-31 09:40:00+05:30
161.0,161.9,160.65,161.9,49768.0,1706674500.0,2024-01-31 09:45:00+05:30
161.7,162.25,161.25,162.15,65736.0,1706674800.0,2024-01-31 09:50:00+05:30
162.0,162.45,161.8,161.9,52648.0,1706675100.0,2024-01-31 09:55:00+05:30
161.85,162.8,161.85,162.5,83808.0,1706675400.0,2024-01-31 10:00:00+05:30
162.75,162.75,162.35,162.35,20300.0,1706675700.0,2024-01-31 10:05:00+05:30
162.5,163.1,162.25,163.0,25376.0,1706676000.0,2024-01-31 10:10:00+05:30
163.0,163.2,162.85,163.0,13040.0,1706676300.0,2024-01-31 10:15:00+05:30
162.95,163.1,162.85,162.95,8848.0,1706676600.0,2024-01-31 10:20:00+05:30
162.95,163.0,162.45,162.75,20276.0,1706676900.0,2024-01-31 10:25:00+05:30
162.8,163.65,162.8,163.45,43896.0,1706677200.0,2024-01-31 10:30:00+05:30
163.5,163.5,162.95,162.95,20092.0,1706677500.0,2024-01-31 10:35:00+05:30
162.95,163.4,162.9,163.1,9816.0,1706677800.0,2024-01-31 10:40:00+05:30
163.0,163.9,163.0,163.8,44340.0,1706678100.0,2024-01-31 10:45:00+05:30
163.8,165.1,163.8,164.5,89128.0,1706678400.0,2024-01-31 10:50:00+05:30
164.8,165.9,164.7,165.85,36552.0,1706678700.0,2024-01-31 10:55:00+05:30
165.85,165.85,164.2,164.2,37716.0,1706679000.0,2024-01-31 11:00:00+05:30
164.2,164.5,164.0,164.4,12040.0,1706679300.0,2024-01-31 11:05:00+05:30
164.5,164.8,164.3,164.75,29384.0,1706679600.0,2024-01-31 11:10:00+05:30
164.8,164.95,164.5,164.55,13668.0,1706679900.0,2024-01-31 11:15:00+05:30
164.55,164.55,163.65,163.8,18688.0,1706680200.0,2024-01-31 11:20:00+05:30
163.7,163.95,163.45,163.8,3728.0,1706680500.0,2024-01-31 11:25:00+05:30
164.1,164.45,163.95,164.25,5432.0,1706680800.0,2024-01-31 11:30:00+05:30
164.25,164.25,163.7,164.0,6960.0,1706681100.0,2024-01-31 11:35:00+05:30
163.85,164.05,163.55,163.55,6644.0,1706681400.0,2024-01-31 11:40:00+05:30
163.75,164.0,163.55,164.0,4724.0,1706681700.0,2024-01-31 11:45:00+05:30
163.9,166.25,163.9,166.25,60024.0,1706682000.0,2024-01-31 11:50:00+05:30
166.05,166.2,165.3,166.15,18892.0,1706682300.0,2024-01-31 11:55:00+05:30
166.2,166.65,166.2,166.25,32760.0,1706682600.0,2024-01-31 12:00:00+05:30
166.3,166.5,165.75,166.25,21684.0,1706682900.0,2024-01-31 12:05:00+05:30
166.45,166.5,166.25,166.5,8384.0,1706683200.0,2024-01-31 12:10:00+05:30
166.6,166.65,166.2,166.5,8644.0,1706683500.0,2024-01-31 12:15:00+05:30
166.25,166.5,166.1,166.25,12996.0,1706683800.0,2024-01-31 12:20:00+05:30
166.4,166.5,166.25,166.5,13076.0,1706684100.0,2024-01-31 12:25:00+05:30
166.3,166.45,166.0,166.25,15212.0,1706684400.0,2024-01-31 12:30:00+05:30
166.25,166.45,166.0,166.25,11620.0,1706684700.0,2024-01-31 12:35:00+05:30
166.4,166.5,166.25,166.4,9152.0,1706685000.0,2024-01-31 12:40:00+05:30
166.4,166.5,166.25,166.25,8312.0,1706685300.0,2024-01-31 12:45:00+05:30
166.4,166.4,166.25,166.4,26056.0,1706685600.0,2024-01-31 12:50:00+05:30
166.35,166.6,166.3,166.5,66332.0,1706685900.0,2024-01-31 12:55:00+05:30
166.5,166.85,166.5,166.75,13884.0,1706686200.0,2024-01-31 13:00:00+05:30
166.75,166.85,166.65,166.75,9912.0,1706686500.0,2024-01-31 13:05:00+05:30
166.75,166.75,166.5,166.5,6980.0,1706686800.0,2024-01-31 13:10:00+05:30
166.5,167.3,166.5,166.9,28104.0,1706687100.0,2024-01-31 13:15:00+05:30
166.95,167.4,166.95,167.4,6556.0,1706687400.0,2024-01-31 13:20:00+05:30
167.4,168.05,167.05,167.6,91752.0,1706687700.0,2024-01-31 13:25:00+05:30
167.5,167.95,167.5,167.8,9156.0,1706688000.0,2024-01-31 13:30:00+05:30
167.75,168.0,167.65,167.9,8604.0,1706688300.0,2024-01-31 13:35:00+05:30
167.8,168.0,167.5,167.8,8892.0,1706688600.0,2024-01-31 13:40:00+05:30
167.7,167.8,167.6,167.6,4388.0,1706688900.0,2024-01-31 13:45:00+05:30
167.6,168.1,167.6,168.1,8572.0,1706689200.0,2024-01-31 13:50:00+05:30
168.0,168.0,167.5,167.55,13916.0,1706689500.0,2024-01-31 13:55:00+05:30
167.7,167.85,167.55,167.7,5068.0,1706689800.0,2024-01-31 14:00:00+05:30
167.7,167.7,165.0,165.15,72544.0,1706690100.0,2024-01-31 14:05:00+05:30
165.1,165.35,163.7,164.5,63108.0,1706690400.0,2024-01-31 14:10:00+05:30
164.6,165.75,164.6,165.75,31216.0,1706690700.0,2024-01-31 14:15:00+05:30
165.7,166.1,165.4,166.1,26516.0,1706691000.0,2024-01-31 14:20:00+05:30
165.9,166.7,165.9,166.45,10660.0,1706691300.0,2024-01-31 14:25:00+05:30
166.3,166.65,166.25,166.3,9000.0,1706691600.0,2024-01-31 14:30:00+05:30
166.3,166.8,166.25,166.7,10140.0,1706691900.0,2024-01-31 14:35:00+05:30
166.6,166.6,165.4,165.5,17956.0,1706692200.0,2024-01-31 14:40:00+05:30
165.45,166.25,165.3,166.25,22308.0,1706692500.0,2024-01-31 14:45:00+05:30
166.25,166.45,166.0,166.25,43892.0,1706692800.0,2024-01-31 14:50:00+05:30
166.25,166.3,166.2,166.25,24496.0,1706693100.0,2024-01-31 14:55:00+05:30
166.25,166.25,165.25,165.95,37708.0,1706693400.0,2024-01-31 15:00:00+05:30
165.95,166.4,165.9,166.15,30280.0,1706693700.0,2024-01-31 15:05:00+05:30
166.15,166.45,166.0,166.1,35508.0,1706694000.0,2024-01-31 15:10:00+05:30
166.2,166.25,165.5,165.5,64844.0,1706694300.0,2024-01-31 15:15:00+05:30
165.2,165.2,163.15,163.7,58004.0,1706694600.0,2024-01-31 15:20:00+05:30
163.85,164.5,163.0,163.5,48560.0,1706694900.0,2024-01-31 15:25:00+05:30
165.75,165.75,161.1,161.25,34624.0,1706759100.0,2024-02-01 09:15:00+05:30
160.95,162.45,160.6,162.45,37696.0,1706759400.0,2024-02-01 09:20:00+05:30
162.45,163.7,162.2,163.2,22144.0,1706759700.0,2024-02-01 09:25:00+05:30
163.0,164.15,162.95,163.75,13124.0,1706760000.0,2024-02-01 09:30:00+05:30
164.05,164.3,163.8,163.9,8104.0,1706760300.0,2024-02-01 09:35:00+05:30
163.65,164.2,163.3,163.45,4256.0,1706760600.0,2024-02-01 09:40:00+05:30
163.45,163.95,163.25,163.6,1388.0,1706760900.0,2024-02-01 09:45:00+05:30
163.55,164.1,163.55,163.95,3024.0,1706761200.0,2024-02-01 09:50:00+05:30
163.9,164.5,163.8,164.5,6260.0,1706761500.0,2024-02-01 09:55:00+05:30
164.25,164.5,163.75,164.1,3768.0,1706761800.0,2024-02-01 10:00:00+05:30
164.1,164.1,163.1,163.1,6548.0,1706762100.0,2024-02-01 10:05:00+05:30
163.1,163.5,162.8,162.8,2688.0,1706762400.0,2024-02-01 10:10:00+05:30
162.8,164.05,162.6,164.05,8236.0,1706762700.0,2024-02-01 10:15:00+05:30
163.75,163.75,163.3,163.55,9272.0,1706763000.0,2024-02-01 10:20:00+05:30
163.6,163.6,163.2,163.2,6240.0,1706763300.0,2024-02-01 10:25:00+05:30
162.85,163.05,162.85,162.85,1644.0,1706763600.0,2024-02-01 10:30:00+05:30
162.8,162.95,162.55,162.7,2992.0,1706763900.0,2024-02-01 10:35:00+05:30
162.5,162.7,162.5,162.7,5372.0,1706764200.0,2024-02-01 10:40:00+05:30
163.1,163.2,163.0,163.0,11328.0,1706764500.0,2024-02-01 10:45:00+05:30
163.2,163.6,162.95,163.6,3700.0,1706764800.0,2024-02-01 10:50:00+05:30
163.6,163.7,162.65,162.9,3844.0,1706765100.0,2024-02-01 10:55:00+05:30
162.6,162.85,162.55,162.75,3596.0,1706765400.0,2024-02-01 11:00:00+05:30
162.6,162.8,162.0,162.15,7248.0,1706765700.0,2024-02-01 11:05:00+05:30
162.0,162.3,161.8,162.3,4524.0,1706766000.0,2024-02-01 11:10:00+05:30
162.4,162.4,161.4,161.55,6688.0,1706766300.0,2024-02-01 11:15:00+05:30
161.55,161.8,161.25,161.5,2360.0,1706766600.0,2024-02-01 11:20:00+05:30
161.6,163.25,161.6,162.95,49720.0,1706766900.0,2024-02-01 11:25:00+05:30
162.55,163.3,162.55,163.25,2224.0,1706767200.0,2024-02-01 11:30:00+05:30
163.2,163.2,162.8,162.8,1508.0,1706767500.0,2024-02-01 11:35:00+05:30
162.8,163.3,162.8,163.0,2860.0,1706767800.0,2024-02-01 11:40:00+05:30
163.0,163.15,163.0,163.15,420.0,1706768100.0,2024-02-01 11:45:00+05:30
163.3,163.7,163.25,163.3,1936.0,1706768400.0,2024-02-01 11:50:00+05:30
163.3,163.3,161.6,162.05,10488.0,1706768700.0,2024-02-01 11:55:00+05:30
162.05,162.05,161.4,161.7,8584.0,1706769000.0,2024-02-01 12:00:00+05:30
161.75,162.5,161.7,162.5,2680.0,1706769300.0,2024-02-01 12:05:00+05:30
162.2,162.35,161.8,162.0,5016.0,1706769600.0,2024-02-01 12:10:00+05:30
162.15,162.9,161.9,162.9,7204.0,1706769900.0,2024-02-01 12:15:00+05:30
162.9,162.9,162.15,162.45,1156.0,1706770200.0,2024-02-01 12:20:00+05:30
162.7,162.9,162.5,162.55,1312.0,1706770500.0,2024-02-01 12:25:00+05:30
162.65,162.75,162.35,162.75,1852.0,1706770800.0,2024-02-01 12:30:00+05:30
162.65,163.05,162.65,163.0,3324.0,1706771100.0,2024-02-01 12:35:00+05:30
163.0,163.35,163.0,163.35,21600.0,1706771400.0,2024-02-01 12:40:00+05:30
163.45,163.5,163.2,163.5,1800.0,1706771700.0,2024-02-01 12:45:00+05:30
163.5,163.5,163.05,163.45,1120.0,1706772000.0,2024-02-01 12:50:00+05:30
163.45,163.5,163.2,163.2,1104.0,1706772300.0,2024-02-01 12:55:00+05:30
163.1,163.1,162.9,162.9,380.0,1706772600.0,2024-02-01 13:00:00+05:30
162.95,164.3,162.95,164.3,25476.0,1706772900.0,2024-02-01 13:05:00+05:30
164.0,164.2,164.0,164.05,1316.0,1706773200.0,2024-02-01 13:10:00+05:30
164.05,164.3,163.75,163.8,644.0,1706773500.0,2024-02-01 13:15:00+05:30
163.75,164.0,163.75,163.9,1276.0,1706773800.0,2024-02-01 13:20:00+05:30
164.15,164.45,163.55,164.45,4192.0,1706774100.0,2024-02-01 13:25:00+05:30
164.2,165.45,164.05,165.45,7764.0,1706774400.0,2024-02-01 13:30:00+05:30
165.05,165.5,165.0,165.5,3964.0,1706774700.0,2024-02-01 13:35:00+05:30
165.8,166.0,164.2,164.2,14728.0,1706775000.0,2024-02-01 13:40:00+05:30
164.2,164.65,164.2,164.3,1544.0,1706775300.0,2024-02-01 13:45:00+05:30
164.3,164.8,164.25,164.5,1448.0,1706775600.0,2024-02-01 13:50:00+05:30
164.5,164.55,164.25,164.4,1632.0,1706775900.0,2024-02-01 13:55:00+05:30
164.4,164.4,164.2,164.4,264.0,1706776200.0,2024-02-01 14:00:00+05:30
164.4,164.75,164.2,164.3,10912.0,1706776500.0,2024-02-01 14:05:00+05:30
164.05,164.4,164.0,164.2,2268.0,1706776800.0,2024-02-01 14:10:00+05:30
164.3,164.3,163.75,163.8,1752.0,1706777100.0,2024-02-01 14:15:00+05:30
163.8,164.0,163.8,164.0,1004.0,1706777400.0,2024-02-01 14:20:00+05:30
164.1,164.1,163.9,164.1,3776.0,1706777700.0,2024-02-01 14:25:00+05:30
164.05,164.2,163.85,163.85,824.0,1706778000.0,2024-02-01 14:30:00+05:30
164.1,164.1,163.5,163.6,2404.0,1706778300.0,2024-02-01 14:35:00+05:30
163.6,163.6,163.3,163.4,1512.0,1706778600.0,2024-02-01 14:40:00+05:30
163.55,163.8,163.55,163.6,2932.0,1706778900.0,2024-02-01 14:45:00+05:30
163.6,164.25,163.6,164.0,3160.0,1706779200.0,2024-02-01 14:50:00+05:30
163.75,164.0,163.5,163.5,5348.0,1706779500.0,2024-02-01 14:55:00+05:30
163.55,163.7,163.4,163.4,2424.0,1706779800.0,2024-02-01 15:00:00+05:30
163.4,164.3,163.4,163.6,8792.0,1706780100.0,2024-02-01 15:05:00+05:30
163.6,164.2,163.45,164.0,3832.0,1706780400.0,2024-02-01 15:10:00+05:30
163.8,164.05,163.6,163.85,9096.0,1706780700.0,2024-02-01 15:15:00+05:30
163.4,163.55,162.5,162.75,12748.0,1706781000.0,2024-02-01 15:20:00+05:30
162.95,164.35,161.25,161.55,28192.0,1706781300.0,2024-02-01 15:25:00+05:30
163.4,163.65,162.3,163.1,17636.0,1706845500.0,2024-02-02 09:15:00+05:30
163.1,163.55,163.1,163.35,9112.0,1706845800.0,2024-02-02 09:20:00+05:30
163.05,164.2,163.05,164.05,6028.0,1706846100.0,2024-02-02 09:25:00+05:30
163.9,164.05,163.7,163.95,1260.0,1706846400.0,2024-02-02 09:30:00+05:30
163.95,165.15,163.8,164.75,11400.0,1706846700.0,2024-02-02 09:35:00+05:30
164.6,164.75,163.55,163.9,5708.0,1706847000.0,2024-02-02 09:40:00+05:30
164.25,164.25,163.4,163.8,3560.0,1706847300.0,2024-02-02 09:45:00+05:30
163.8,164.2,163.7,164.15,4988.0,1706847600.0,2024-02-02 09:50:00+05:30
163.9,164.35,163.5,163.5,5424.0,1706847900.0,2024-02-02 09:55:00+05:30
163.5,163.75,163.3,163.6,628.0,1706848200.0,2024-02-02 10:00:00+05:30
163.6,163.6,162.8,162.85,4968.0,1706848500.0,2024-02-02 10:05:00+05:30
162.65,163.05,162.5,163.05,10768.0,1706848800.0,2024-02-02 10:10:00+05:30
162.95,163.2,162.6,162.6,992.0,1706849100.0,2024-02-02 10:15:00+05:30
162.6,162.85,162.25,162.8,9148.0,1706849400.0,2024-02-02 10:20:00+05:30
162.6,162.8,162.4,162.75,6552.0,1706849700.0,2024-02-02 10:25:00+05:30
162.75,162.85,162.65,162.8,6144.0,1706850000.0,2024-02-02 10:30:00+05:30
162.8,163.0,162.8,162.8,6152.0,1706850300.0,2024-02-02 10:35:00+05:30
162.8,162.95,162.75,162.75,1108.0,1706850600.0,2024-02-02 10:40:00+05:30
162.7,162.7,161.3,161.3,11596.0,1706850900.0,2024-02-02 10:45:00+05:30
161.35,161.4,161.2,161.3,6048.0,1706851200.0,2024-02-02 10:50:00+05:30
161.5,161.75,161.3,161.3,4524.0,1706851500.0,2024-02-02 10:55:00+05:30
161.5,161.65,160.95,160.95,3928.0,1706851800.0,2024-02-02 11:00:00+05:30
160.9,161.25,160.9,161.0,2404.0,1706852100.0,2024-02-02 11:05:00+05:30
161.1,161.2,161.1,161.2,1060.0,1706852400.0,2024-02-02 11:10:00+05:30
161.3,161.5,161.15,161.45,3040.0,1706852700.0,2024-02-02 11:15:00+05:30
161.45,161.45,161.05,161.05,984.0,1706853000.0,2024-02-02 11:20:00+05:30
161.2,161.35,161.05,161.25,2160.0,1706853300.0,2024-02-02 11:25:00+05:30
161.25,161.25,161.0,161.15,3156.0,1706853600.0,2024-02-02 11:30:00+05:30
160.9,161.05,160.75,161.0,4064.0,1706853900.0,2024-02-02 11:35:00+05:30
161.0,161.05,160.4,160.4,2716.0,1706854200.0,2024-02-02 11:40:00+05:30
160.4,160.65,160.25,160.25,2340.0,1706854500.0,2024-02-02 11:45:00+05:30
160.4,160.85,160.3,160.45,4192.0,1706854800.0,2024-02-02 11:50:00+05:30
160.5,160.65,159.6,159.8,12884.0,1706855100.0,2024-02-02 11:55:00+05:30
159.8,160.25,159.6,159.9,4800.0,1706855400.0,2024-02-02 12:00:00+05:30
159.9,160.05,159.4,159.9,6188.0,1706855700.0,2024-02-02 12:05:00+05:30
159.55,159.9,159.4,159.7,5300.0,1706856000.0,2024-02-02 12:10:00+05:30
159.7,160.0,159.55,159.55,4032.0,1706856300.0,2024-02-02 12:15:00+05:30
159.55,159.75,159.55,159.6,320.0,1706856600.0,2024-02-02 12:20:00+05:30
159.55,159.75,159.4,159.6,2400.0,1706856900.0,2024-02-02 12:25:00+05:30
159.25,159.65,159.15,159.65,12296.0,1706857200.0,2024-02-02 12:30:00+05:30
159.4,159.6,159.3,159.4,5540.0,1706857500.0,2024-02-02 12:35:00+05:30
159.85,159.9,159.6,159.75,5396.0,1706857800.0,2024-02-02 12:40:00+05:30
159.75,161.25,159.75,160.75,34156.0,1706858100.0,2024-02-02 12:45:00+05:30
160.7,160.9,160.7,160.7,2296.0,1706858400.0,2024-02-02 12:50:00+05:30
161.0,161.65,161.0,161.4,6228.0,1706858700.0,2024-02-02 12:55:00+05:30
161.25,161.8,161.2,161.65,8416.0,1706859000.0,2024-02-02 13:00:00+05:30
161.35,161.65,161.25,161.3,2244.0,1706859300.0,2024-02-02 13:05:00+05:30
161.3,161.5,161.25,161.25,912.0,1706859600.0,2024-02-02 13:10:00+05:30
161.25,162.0,161.25,161.75,4928.0,1706859900.0,2024-02-02 13:15:00+05:30
161.95,161.95,161.7,161.75,752.0,1706860200.0,2024-02-02 13:20:00+05:30
161.75,162.1,161.75,161.75,5568.0,1706860500.0,2024-02-02 13:25:00+05:30
161.75,162.2,161.75,162.0,2384.0,1706860800.0,2024-02-02 13:30:00+05:30
162.35,162.35,162.0,162.05,2812.0,1706861100.0,2024-02-02 13:35:00+05:30
162.2,162.4,162.0,162.4,2544.0,1706861400.0,2024-02-02 13:40:00+05:30
162.05,162.45,161.85,161.85,27264.0,1706861700.0,2024-02-02 13:45:00+05:30
161.85,162.2,161.75,161.75,4628.0,1706862000.0,2024-02-02 13:50:00+05:30
162.15,162.2,162.0,162.0,632.0,1706862300.0,2024-02-02 13:55:00+05:30
162.0,162.4,162.0,162.1,8132.0,1706862600.0,2024-02-02 14:00:00+05:30
162.1,162.2,162.0,162.2,624.0,1706862900.0,2024-02-02 14:05:00+05:30
162.2,162.5,162.0,162.15,16244.0,1706863200.0,2024-02-02 14:10:00+05:30
162.0,162.45,161.5,161.5,5260.0,1706863500.0,2024-02-02 14:15:00+05:30
162.0,162.15,161.5,161.6,9172.0,1706863800.0,2024-02-02 14:20:00+05:30
162.05,162.05,162.0,162.0,31412.0,1706864100.0,2024-02-02 14:25:00+05:30
162.0,162.35,161.9,162.35,1920.0,1706864400.0,2024-02-02 14:30:00+05:30
162.35,162.35,162.0,162.05,1564.0,1706864700.0,2024-02-02 14:35:00+05:30
162.25,162.3,162.0,162.0,6416.0,1706865000.0,2024-02-02 14:40:00+05:30
162.15,162.2,162.0,162.2,560.0,1706865300.0,2024-02-02 14:45:00+05:30
162.2,162.25,162.0,162.1,26752.0,1706865600.0,2024-02-02 14:50:00+05:30
162.1,162.2,162.0,162.0,1852.0,1706865900.0,2024-02-02 14:55:00+05:30
162.2,162.45,162.05,162.1,4756.0,1706866200.0,2024-02-02 15:00:00+05:30
162.0,162.3,162.0,162.3,6012.0,1706866500.0,2024-02-02 15:05:00+05:30
162.5,162.75,162.0,162.5,66916.0,1706866800.0,2024-02-02 15:10:00+05:30
162.65,162.7,162.5,162.5,4172.0,1706867100.0,2024-02-02 15:15:00+05:30
162.5,163.0,162.5,163.0,20412.0,1706867400.0,2024-02-02 15:20:00+05:30
163.0,163.0,161.5,162.3,10836.0,1706867700.0,2024-02-02 15:25:00+05:30
162.5,162.5,160.75,161.0,25492.0,1707104700.0,2024-02-05 09:15:00+05:30
160.75,161.55,160.75,161.4,6876.0,1707105000.0,2024-02-05 09:20:00+05:30
161.7,161.95,160.75,161.05,14124.0,1707105300.0,2024-02-05 09:25:00+05:30
161.0,161.45,161.0,161.2,2832.0,1707105600.0,2024-02-05 09:30:00+05:30
161.0,161.0,160.0,160.8,4692.0,1707105900.0,2024-02-05 09:35:00+05:30
160.8,160.9,159.75,159.85,12508.0,1707106200.0,2024-02-05 09:40:00+05:30
159.8,160.0,159.35,159.5,11860.0,1707106500.0,2024-02-05 09:45:00+05:30
159.75,160.65,159.75,160.4,8168.0,1707106800.0,2024-02-05 09:50:00+05:30
160.7,160.7,160.0,160.0,10576.0,1707107100.0,2024-02-05 09:55:00+05:30
160.35,160.4,159.7,159.7,6788.0,1707107400.0,2024-02-05 10:00:00+05:30
159.75,160.05,159.45,159.45,4300.0,1707107700.0,2024-02-05 10:05:00+05:30
159.5,159.5,158.3,158.95,16628.0,1707108000.0,2024-02-05 10:10:00+05:30
159.25,159.25,158.5,158.5,3068.0,1707108300.0,2024-02-05 10:15:00+05:30
158.7,158.8,158.3,158.7,9672.0,1707108600.0,2024-02-05 10:20:00+05:30
158.75,159.15,158.15,159.15,12292.0,1707108900.0,2024-02-05 10:25:00+05:30
159.15,160.3,159.15,160.2,16780.0,1707109200.0,2024-02-05 10:30:00+05:30
160.15,161.2,159.75,159.75,16228.0,1707109500.0,2024-02-05 10:35:00+05:30
159.75,160.0,159.3,159.5,2412.0,1707109800.0,2024-02-05 10:40:00+05:30
159.5,159.7,159.45,159.7,528.0,1707110100.0,2024-02-05 10:45:00+05:30
159.55,159.6,159.05,159.6,3104.0,1707110400.0,2024-02-05 10:50:00+05:30
159.45,159.55,159.05,159.4,596.0,1707110700.0,2024-02-05 10:55:00+05:30
159.25,159.25,158.95,159.15,2972.0,1707111000.0,2024-02-05 11:00:00+05:30
159.2,160.7,159.2,160.7,14836.0,1707111300.0,2024-02-05 11:05:00+05:30
160.5,160.9,160.25,160.25,5744.0,1707111600.0,2024-02-05 11:10:00+05:30
160.55,161.0,160.45,161.0,6536.0,1707111900.0,2024-02-05 11:15:00+05:30
161.0,161.1,160.7,160.75,9536.0,1707112200.0,2024-02-05 11:20:00+05:30
160.75,160.9,160.55,160.7,496.0,1707112500.0,2024-02-05 11:25:00+05:30
160.7,160.75,160.3,160.5,1968.0,1707112800.0,2024-02-05 11:30:00+05:30
160.4,163.95,160.4,163.1,125580.0,1707113100.0,2024-02-05 11:35:00+05:30
163.1,163.1,162.7,162.7,5928.0,1707113400.0,2024-02-05 11:40:00+05:30
162.5,162.55,162.0,162.15,10372.0,1707113700.0,2024-02-05 11:45:00+05:30
162.25,162.25,161.6,161.6,6336.0,1707114000.0,2024-02-05 11:50:00+05:30
161.7,162.0,161.6,162.0,3728.0,1707114300.0,2024-02-05 11:55:00+05:30
162.25,162.75,162.0,162.5,11116.0,1707114600.0,2024-02-05 12:00:00+05:30
162.15,162.15,161.8,162.0,4180.0,1707114900.0,2024-02-05 12:05:00+05:30
162.0,162.25,162.0,162.25,280.0,1707115200.0,2024-02-05 12:10:00+05:30
162.5,162.55,162.15,162.15,1048.0,1707115500.0,2024-02-05 12:15:00+05:30
162.15,162.25,161.9,162.15,2184.0,1707115800.0,2024-02-05 12:20:00+05:30
161.9,161.95,161.55,161.55,5588.0,1707116100.0,2024-02-05 12:25:00+05:30
161.55,161.65,161.1,161.2,4840.0,1707116400.0,2024-02-05 12:30:00+05:30
161.0,161.0,160.15,160.15,3856.0,1707116700.0,2024-02-05 12:35:00+05:30
160.4,160.7,160.4,160.6,5324.0,1707117000.0,2024-02-05 12:40:00+05:30
160.35,160.4,160.05,160.35,2212.0,1707117300.0,2024-02-05 12:45:00+05:30
160.35,160.35,159.7,159.8,35228.0,1707117600.0,2024-02-05 12:50:00+05:30
159.95,159.95,159.5,159.55,852.0,1707117900.0,2024-02-05 12:55:00+05:30
159.5,159.7,159.5,159.5,1104.0,1707118200.0,2024-02-05 13:00:00+05:30
159.2,159.9,159.2,159.3,16492.0,1707118500.0,2024-02-05 13:05:00+05:30
159.45,159.45,158.75,159.1,4284.0,1707118800.0,2024-02-05 13:10:00+05:30
159.15,159.35,159.0,159.35,1156.0,1707119100.0,2024-02-05 13:15:00+05:30
159.35,159.85,159.35,159.75,6244.0,1707119400.0,2024-02-05 13:20:00+05:30
159.55,159.75,159.5,159.6,3504.0,1707119700.0,2024-02-05 13:25:00+05:30
159.4,159.75,159.4,159.75,1028.0,1707120000.0,2024-02-05 13:30:00+05:30
159.65,159.65,159.45,159.45,120.0,1707120300.0,2024-02-05 13:35:00+05:30
159.55,159.6,159.45,159.45,644.0,1707120600.0,2024-02-05 13:40:00+05:30
159.45,159.5,159.25,159.5,1532.0,1707120900.0,2024-02-05 13:45:00+05:30
159.55,159.75,159.55,159.55,1332.0,1707121200.0,2024-02-05 13:50:00+05:30
159.5,159.7,159.5,159.5,484.0,1707121500.0,2024-02-05 13:55:00+05:30
159.85,160.0,159.55,159.6,13668.0,1707121800.0,2024-02-05 14:00:00+05:30
159.65,161.55,159.5,161.55,66016.0,1707122100.0,2024-02-05 14:05:00+05:30
161.8,161.8,159.9,159.9,53484.0,1707122400.0,2024-02-05 14:10:00+05:30
159.9,159.95,159.5,159.55,5164.0,1707122700.0,2024-02-05 14:15:00+05:30
159.55,159.55,159.05,159.05,9184.0,1707123000.0,2024-02-05 14:20:00+05:30
159.1,159.45,159.1,159.45,1572.0,1707123300.0,2024-02-05 14:25:00+05:30
159.5,160.05,159.05,159.7,20976.0,1707123600.0,2024-02-05 14:30:00+05:30
159.5,159.5,158.9,159.35,16648.0,1707123900.0,2024-02-05 14:35:00+05:30
159.35,159.35,158.8,159.2,4764.0,1707124200.0,2024-02-05 14:40:00+05:30
159.2,159.3,158.6,158.7,23248.0,1707124500.0,2024-02-05 14:45:00+05:30
158.65,158.65,157.55,157.6,23432.0,1707124800.0,2024-02-05 14:50:00+05:30
157.8,157.8,156.75,156.8,8304.0,1707125100.0,2024-02-05 14:55:00+05:30
156.75,158.35,156.75,157.8,11964.0,1707125400.0,2024-02-05 15:00:00+05:30
157.8,158.3,157.8,158.2,1788.0,1707125700.0,2024-02-05 15:05:00+05:30
158.35,158.35,157.5,157.5,20776.0,1707126000.0,2024-02-05 15:10:00+05:30
157.5,158.2,157.5,158.0,12628.0,1707126300.0,2024-02-05 15:15:00+05:30
157.8,157.8,157.5,157.6,24996.0,1707126600.0,2024-02-05 15:20:00+05:30
157.8,160.0,157.65,158.05,24892.0,1707126900.0,2024-02-05 15:25:00+05:30
157.8,161.1,157.5,161.1,19712.0,1707191100.0,2024-02-06 09:15:00+05:30
161.0,161.1,159.9,160.35,15788.0,1707191400.0,2024-02-06 09:20:00+05:30
160.9,161.7,160.75,161.1,10892.0,1707191700.0,2024-02-06 09:25:00+05:30
161.15,162.15,160.95,162.0,20456.0,1707192000.0,2024-02-06 09:30:00+05:30
161.8,161.9,161.3,161.3,15296.0,1707192300.0,2024-02-06 09:35:00+05:30
161.6,161.6,159.9,159.9,42468.0,1707192600.0,2024-02-06 09:40:00+05:30
159.85,159.85,159.25,159.45,5760.0,1707192900.0,2024-02-06 09:45:00+05:30
159.2,159.5,158.75,159.25,8660.0,1707193200.0,2024-02-06 09:50:00+05:30
159.2,160.2,159.2,160.05,7224.0,1707193500.0,2024-02-06 09:55:00+05:30
159.9,159.9,158.8,158.95,13100.0,1707193800.0,2024-02-06 10:00:00+05:30
158.95,159.4,158.95,159.15,11920.0,1707194100.0,2024-02-06 10:05:00+05:30
159.05,160.0,159.05,159.95,5908.0,1707194400.0,2024-02-06 10:10:00+05:30
159.95,160.5,159.8,160.5,2664.0,1707194700.0,2024-02-06 10:15:00+05:30
160.4,162.0,160.35,161.5,22520.0,1707195000.0,2024-02-06 10:20:00+05:30
161.2,161.2,159.2,159.55,32668.0,1707195300.0,2024-02-06 10:25:00+05:30
159.2,159.35,158.35,159.35,19220.0,1707195600.0,2024-02-06 10:30:00+05:30
159.65,159.9,159.4,159.85,4040.0,1707195900.0,2024-02-06 10:35:00+05:30
159.95,159.95,159.05,159.25,12812.0,1707196200.0,2024-02-06 10:40:00+05:30
159.2,159.75,159.2,159.75,2220.0,1707196500.0,2024-02-06 10:45:00+05:30
159.6,159.95,159.2,159.7,8404.0,1707196800.0,2024-02-06 10:50:00+05:30
159.55,159.9,159.55,159.9,1620.0,1707197100.0,2024-02-06 10:55:00+05:30
159.95,159.95,159.6,159.8,1288.0,1707197400.0,2024-02-06 11:00:00+05:30
159.8,159.8,159.75,159.8,768.0,1707197700.0,2024-02-06 11:05:00+05:30
159.8,159.8,159.6,159.8,1308.0,1707198000.0,2024-02-06 11:10:00+05:30
159.75,160.0,159.75,159.75,10900.0,1707198300.0,2024-02-06 11:15:00+05:30
159.75,159.75,159.4,159.4,880.0,1707198600.0,2024-02-06 11:20:00+05:30
159.2,159.4,159.05,159.05,1252.0,1707198900.0,2024-02-06 11:25:00+05:30
159.05,159.2,159.05,159.2,264.0,1707199200.0,2024-02-06 11:30:00+05:30
159.3,159.35,159.05,159.2,3064.0,1707199500.0,2024-02-06 11:35:00+05:30
159.0,159.7,159.0,159.6,7488.0,1707199800.0,2024-02-06 11:40:00+05:30
159.6,159.6,159.6,159.6,2192.0,1707200100.0,2024-02-06 11:45:00+05:30
159.6,159.6,159.5,159.55,140.0,1707200400.0,2024-02-06 11:50:00+05:30
159.6,159.85,159.6,159.85,540.0,1707200700.0,2024-02-06 11:55:00+05:30
159.85,159.9,159.65,159.7,852.0,1707201000.0,2024-02-06 12:00:00+05:30
159.7,160.0,159.5,159.8,3704.0,1707201300.0,2024-02-06 12:05:00+05:30
159.6,159.85,159.6,159.6,492.0,1707201600.0,2024-02-06 12:10:00+05:30
159.9,159.9,159.3,159.6,3336.0,1707201900.0,2024-02-06 12:15:00+05:30
159.45,159.7,159.25,159.25,3216.0,1707202200.0,2024-02-06 12:20:00+05:30
159.55,159.6,159.4,159.4,648.0,1707202500.0,2024-02-06 12:25:00+05:30
159.4,159.8,159.4,159.6,668.0,1707202800.0,2024-02-06 12:30:00+05:30
159.6,159.75,159.6,159.75,944.0,1707203100.0,2024-02-06 12:35:00+05:30
159.85,160.0,159.85,160.0,880.0,1707203400.0,2024-02-06 12:40:00+05:30
160.0,160.0,159.8,160.0,1896.0,1707203700.0,2024-02-06 12:45:00+05:30
160.0,160.0,159.8,160.0,632.0,1707204000.0,2024-02-06 12:50:00+05:30
160.0,160.0,159.95,160.0,2440.0,1707204300.0,2024-02-06 12:55:00+05:30
160.0,160.0,159.9,159.9,23000.0,1707204600.0,2024-02-06 13:00:00+05:30
160.0,162.0,160.0,161.75,21296.0,1707204900.0,2024-02-06 13:05:00+05:30
161.45,161.45,160.3,160.35,3752.0,1707205200.0,2024-02-06 13:10:00+05:30
160.35,160.5,160.25,160.45,15664.0,1707205500.0,2024-02-06 13:15:00+05:30
160.45,160.45,159.85,160.0,2664.0,1707205800.0,2024-02-06 13:20:00+05:30
160.0,160.55,160.0,160.55,4704.0,1707206100.0,2024-02-06 13:25:00+05:30
160.55,160.55,160.5,160.5,816.0,1707206400.0,2024-02-06 13:30:00+05:30
160.3,160.45,160.0,160.05,3096.0,1707206700.0,2024-02-06 13:35:00+05:30
160.0,160.45,160.0,160.45,1208.0,1707207000.0,2024-02-06 13:40:00+05:30
160.45,160.5,160.3,160.3,480.0,1707207300.0,2024-02-06 13:45:00+05:30
160.45,160.55,160.4,160.55,1104.0,1707207600.0,2024-02-06 13:50:00+05:30
160.3,160.45,160.15,160.45,908.0,1707207900.0,2024-02-06 13:55:00+05:30
160.6,160.6,160.2,160.25,1304.0,1707208200.0,2024-02-06 14:00:00+05:30
160.3,161.2,160.3,161.2,12184.0,1707208500.0,2024-02-06 14:05:00+05:30
161.05,161.2,160.85,161.0,2876.0,1707208800.0,2024-02-06 14:10:00+05:30
160.95,161.2,160.95,161.2,376.0,1707209100.0,2024-02-06 14:15:00+05:30
161.2,161.2,160.9,161.1,552.0,1707209400.0,2024-02-06 14:20:00+05:30
161.2,161.2,160.9,160.9,2000.0,1707209700.0,2024-02-06 14:25:00+05:30
160.9,161.75,160.9,161.6,4044.0,1707210000.0,2024-02-06 14:30:00+05:30
161.4,161.7,161.3,161.6,1772.0,1707210300.0,2024-02-06 14:35:00+05:30
161.7,161.85,161.45,161.45,1304.0,1707210600.0,2024-02-06 14:40:00+05:30
161.4,161.8,161.4,161.8,2028.0,1707210900.0,2024-02-06 14:45:00+05:30
161.75,161.75,160.9,160.9,4276.0,1707211200.0,2024-02-06 14:50:00+05:30
161.05,161.2,160.9,161.1,1416.0,1707211500.0,2024-02-06 14:55:00+05:30
161.15,161.15,160.25,160.4,6732.0,1707211800.0,2024-02-06 15:00:00+05:30
160.7,160.7,160.25,160.5,2188.0,1707212100.0,2024-02-06 15:05:00+05:30
160.65,160.75,160.2,160.2,1920.0,1707212400.0,2024-02-06 15:10:00+05:30
160.2,160.3,159.75,159.75,6984.0,1707212700.0,2024-02-06 15:15:00+05:30
159.75,159.9,159.25,159.25,9536.0,1707213000.0,2024-02-06 15:20:00+05:30
159.25,160.0,159.25,159.25,18044.0,1707213300.0,2024-02-06 15:25:00+05:30
161.5,161.5,160.45,160.5,4108.0,1707277500.0,2024-02-07 09:15:00+05:30
160.0,161.8,160.0,161.45,20708.0,1707277800.0,2024-02-07 09:20:00+05:30
161.2,163.0,161.2,163.0,30068.0,1707278100.0,2024-02-07 09:25:00+05:30
163.2,163.75,162.45,163.75,56200.0,1707278400.0,2024-02-07 09:30:00+05:30
163.55,164.1,163.2,163.55,19604.0,1707278700.0,2024-02-07 09:35:00+05:30
163.5,163.6,162.5,162.75,15904.0,1707279000.0,2024-02-07 09:40:00+05:30
162.8,162.8,162.5,162.5,5584.0,1707279300.0,2024-02-07 09:45:00+05:30
162.8,163.05,162.7,163.05,1500.0,1707279600.0,2024-02-07 09:50:00+05:30
163.25,163.25,162.5,162.55,74432.0,1707279900.0,2024-02-07 09:55:00+05:30
162.5,162.7,162.5,162.5,46820.0,1707280200.0,2024-02-07 10:00:00+05:30
162.5,162.75,162.5,162.65,7464.0,1707280500.0,2024-02-07 10:05:00+05:30
162.65,163.25,162.5,162.75,78548.0,1707280800.0,2024-02-07 10:10:00+05:30
163.05,163.2,163.0,163.2,3536.0,1707281100.0,2024-02-07 10:15:00+05:30
163.15,163.2,163.15,163.2,1272.0,1707281400.0,2024-02-07 10:20:00+05:30
163.2,163.2,163.0,163.15,6676.0,1707281700.0,2024-02-07 10:25:00+05:30
163.15,163.3,163.1,163.3,2008.0,1707282000.0,2024-02-07 10:30:00+05:30
163.35,163.4,163.25,163.25,4636.0,1707282300.0,2024-02-07 10:35:00+05:30
163.3,163.5,163.0,163.25,46152.0,1707282600.0,2024-02-07 10:40:00+05:30
163.05,163.6,163.05,163.6,5160.0,1707282900.0,2024-02-07 10:45:00+05:30
163.7,163.75,162.5,162.75,55716.0,1707283200.0,2024-02-07 10:50:00+05:30
162.7,163.0,162.5,162.75,9756.0,1707283500.0,2024-02-07 10:55:00+05:30
162.9,163.0,162.9,163.0,14512.0,1707283800.0,2024-02-07 11:00:00+05:30
163.0,163.05,163.0,163.05,13728.0,1707284100.0,2024-02-07 11:05:00+05:30
163.0,163.05,163.0,163.0,7148.0,1707284400.0,2024-02-07 11:10:00+05:30
163.0,163.05,163.0,163.05,2656.0,1707284700.0,2024-02-07 11:15:00+05:30
163.0,163.05,162.95,163.05,7056.0,1707285000.0,2024-02-07 11:20:00+05:30
163.05,163.15,163.0,163.0,19616.0,1707285300.0,2024-02-07 11:25:00+05:30
163.0,163.05,162.8,162.8,22180.0,1707285600.0,2024-02-07 11:30:00+05:30
162.8,163.05,162.8,163.0,10044.0,1707285900.0,2024-02-07 11:35:00+05:30
163.0,163.05,163.0,163.0,5764.0,1707286200.0,2024-02-07 11:40:00+05:30
163.15,163.25,163.0,163.25,400.0,1707286500.0,2024-02-07 11:45:00+05:30
163.25,163.25,163.0,163.1,4648.0,1707286800.0,2024-02-07 11:50:00+05:30
163.0,163.0,163.0,163.0,5240.0,1707287100.0,2024-02-07 11:55:00+05:30
163.0,163.05,163.0,163.0,22324.0,1707287400.0,2024-02-07 12:00:00+05:30
163.0,163.05,162.8,162.8,13112.0,1707287700.0,2024-02-07 12:05:00+05:30
163.0,163.0,163.0,163.0,6252.0,1707288000.0,2024-02-07 12:10:00+05:30
163.0,163.0,163.0,163.0,2460.0,1707288300.0,2024-02-07 12:15:00+05:30
163.0,163.2,163.0,163.05,13976.0,1707288600.0,2024-02-07 12:20:00+05:30
163.2,163.2,163.1,163.1,312.0,1707288900.0,2024-02-07 12:25:00+05:30
163.1,163.1,163.0,163.0,236.0,1707289200.0,2024-02-07 12:30:00+05:30
163.0,163.0,163.0,163.0,4564.0,1707289500.0,2024-02-07 12:35:00+05:30
163.0,163.05,163.0,163.0,4392.0,1707289800.0,2024-02-07 12:40:00+05:30
163.05,163.2,163.0,163.2,1300.0,1707290100.0,2024-02-07 12:45:00+05:30
163.2,163.25,163.1,163.15,232.0,1707290400.0,2024-02-07 12:50:00+05:30
163.0,163.2,163.0,163.0,1092.0,1707290700.0,2024-02-07 12:55:00+05:30
163.0,163.15,162.95,163.15,1140.0,1707291000.0,2024-02-07 13:00:00+05:30
163.2,163.45,163.2,163.45,3524.0,1707291300.0,2024-02-07 13:05:00+05:30
163.45,163.45,163.45,163.45,0.0,1707291600.0,2024-02-07 13:10:00+05:30
163.45,163.7,163.4,163.6,8552.0,1707291900.0,2024-02-07 13:15:00+05:30
163.6,163.6,163.4,163.45,656.0,1707292200.0,2024-02-07 13:20:00+05:30
163.35,163.7,163.3,163.55,9056.0,1707292500.0,2024-02-07 13:25:00+05:30
163.6,163.65,163.4,163.4,13512.0,1707292800.0,2024-02-07 13:30:00+05:30
163.4,163.4,163.0,163.0,1312.0,1707293100.0,2024-02-07 13:35:00+05:30
163.0,163.25,163.0,163.25,6744.0,1707293400.0,2024-02-07 13:40:00+05:30
163.25,163.45,163.2,163.3,1220.0,1707293700.0,2024-02-07 13:45:00+05:30
163.5,163.55,163.35,163.35,508.0,1707294000.0,2024-02-07 13:50:00+05:30
163.35,163.35,163.05,163.05,352.0,1707294300.0,2024-02-07 13:55:00+05:30
163.35,163.35,163.1,163.15,2844.0,1707294600.0,2024-02-07 14:00:00+05:30
163.15,163.25,163.0,163.0,2576.0,1707294900.0,2024-02-07 14:05:00+05:30
163.2,163.25,163.2,163.25,624.0,1707295200.0,2024-02-07 14:10:00+05:30
163.0,163.25,163.0,163.2,4976.0,1707295500.0,2024-02-07 14:15:00+05:30
163.0,163.2,162.8,163.0,2000.0,1707295800.0,2024-02-07 14:20:00+05:30
163.0,163.25,163.0,163.25,5544.0,1707296100.0,2024-02-07 14:25:00+05:30
162.9,163.2,162.9,163.0,3416.0,1707296400.0,2024-02-07 14:30:00+05:30
163.0,163.25,162.9,163.0,4672.0,1707296700.0,2024-02-07 14:35:00+05:30
163.0,163.35,163.0,163.35,5320.0,1707297000.0,2024-02-07 14:40:00+05:30
163.25,163.35,163.05,163.2,5596.0,1707297300.0,2024-02-07 14:45:00+05:30
163.35,163.4,162.5,162.75,17588.0,1707297600.0,2024-02-07 14:50:00+05:30
162.85,162.9,162.5,162.85,6904.0,1707297900.0,2024-02-07 14:55:00+05:30
162.85,163.4,162.6,162.6,8484.0,1707298200.0,2024-02-07 15:00:00+05:30
162.75,162.85,162.5,162.5,7096.0,1707298500.0,2024-02-07 15:05:00+05:30
162.5,162.7,162.45,162.5,4040.0,1707298800.0,2024-02-07 15:10:00+05:30
162.5,164.0,162.5,163.15,123324.0,1707299100.0,2024-02-07 15:15:00+05:30
163.2,164.15,163.15,163.3,22848.0,1707299400.0,2024-02-07 15:20:00+05:30
163.6,164.0,162.8,163.0,10668.0,1707299700.0,2024-02-07 15:25:00+05:30
163.5,163.55,162.65,163.15,11396.0,1707363900.0,2024-02-08 09:15:00+05:30
162.65,163.3,162.65,162.8,4448.0,1707364200.0,2024-02-08 09:20:00+05:30
162.8,163.3,162.75,163.0,2896.0,1707364500.0,2024-02-08 09:25:00+05:30
162.95,163.9,162.65,163.9,8692.0,1707364800.0,2024-02-08 09:30:00+05:30
163.65,164.85,163.65,164.4,13544.0,1707365100.0,2024-02-08 09:35:00+05:30
164.1,164.9,163.95,164.9,10124.0,1707365400.0,2024-02-08 09:40:00+05:30
164.6,164.9,163.65,163.65,2772.0,1707365700.0,2024-02-08 09:45:00+05:30
163.8,163.85,163.75,163.85,828.0,1707366000.0,2024-02-08 09:50:00+05:30
163.85,163.85,163.25,163.25,2128.0,1707366300.0,2024-02-08 09:55:00+05:30
163.25,163.5,163.0,163.3,2792.0,1707366600.0,2024-02-08 10:00:00+05:30
163.5,163.5,162.7,162.7,1312.0,1707366900.0,2024-02-08 10:05:00+05:30
162.7,163.15,162.7,163.15,1876.0,1707367200.0,2024-02-08 10:10:00+05:30
163.4,163.4,162.9,163.0,1200.0,1707367500.0,2024-02-08 10:15:00+05:30
162.9,163.4,162.9,163.0,1560.0,1707367800.0,2024-02-08 10:20:00+05:30
163.6,164.8,163.6,164.4,12996.0,1707368100.0,2024-02-08 10:25:00+05:30
164.1,164.5,163.55,163.55,20596.0,1707368400.0,2024-02-08 10:30:00+05:30
163.4,163.75,162.95,163.75,1856.0,1707368700.0,2024-02-08 10:35:00+05:30
163.75,163.75,163.15,163.25,15776.0,1707369000.0,2024-02-08 10:40:00+05:30
163.5,163.75,163.3,163.45,11720.0,1707369300.0,2024-02-08 10:45:00+05:30
163.7,163.7,163.25,163.6,1588.0,1707369600.0,2024-02-08 10:50:00+05:30
163.4,163.4,163.0,163.1,1408.0,1707369900.0,2024-02-08 10:55:00+05:30
163.35,163.35,163.0,163.0,1596.0,1707370200.0,2024-02-08 11:00:00+05:30
163.15,163.45,163.0,163.25,5440.0,1707370500.0,2024-02-08 11:05:00+05:30
163.4,164.0,163.25,163.65,8720.0,1707370800.0,2024-02-08 11:10:00+05:30
163.65,163.65,163.25,163.55,820.0,1707371100.0,2024-02-08 11:15:00+05:30
163.55,163.7,163.35,163.7,1260.0,1707371400.0,2024-02-08 11:20:00+05:30
163.6,163.7,163.4,163.7,844.0,1707371700.0,2024-02-08 11:25:00+05:30
163.7,163.7,163.55,163.55,60.0,1707372000.0,2024-02-08 11:30:00+05:30
163.55,163.55,163.15,163.5,1004.0,1707372300.0,2024-02-08 11:35:00+05:30
163.5,163.75,163.45,163.75,4200.0,1707372600.0,2024-02-08 11:40:00+05:30
163.45,164.4,163.45,164.25,22480.0,1707372900.0,2024-02-08 11:45:00+05:30
164.35,164.75,164.15,164.5,6608.0,1707373200.0,2024-02-08 11:50:00+05:30
164.65,164.65,164.05,164.05,1664.0,1707373500.0,2024-02-08 11:55:00+05:30
163.8,163.8,163.5,163.55,624.0,1707373800.0,2024-02-08 12:00:00+05:30
163.75,163.8,163.55,163.8,204.0,1707374100.0,2024-02-08 12:05:00+05:30
163.65,163.8,163.65,163.8,360.0,1707374400.0,2024-02-08 12:10:00+05:30
163.95,164.0,163.55,164.0,968.0,1707374700.0,2024-02-08 12:15:00+05:30
164.0,164.05,163.85,163.85,404.0,1707375000.0,2024-02-08 12:20:00+05:30
163.9,164.2,163.9,164.2,1388.0,1707375300.0,2024-02-08 12:25:00+05:30
164.05,164.15,163.7,164.1,11060.0,1707375600.0,2024-02-08 12:30:00+05:30
164.1,164.15,163.75,164.15,1664.0,1707375900.0,2024-02-08 12:35:00+05:30
164.15,164.15,164.0,164.0,268.0,1707376200.0,2024-02-08 12:40:00+05:30
164.05,164.15,163.75,163.75,1508.0,1707376500.0,2024-02-08 12:45:00+05:30
163.6,163.95,163.5,163.95,16668.0,1707376800.0,2024-02-08 12:50:00+05:30
163.95,163.95,163.75,163.75,496.0,1707377100.0,2024-02-08 12:55:00+05:30
163.85,163.9,163.85,163.9,700.0,1707377400.0,2024-02-08 13:00:00+05:30
163.9,163.9,163.75,163.9,916.0,1707377700.0,2024-02-08 13:05:00+05:30
164.55,164.55,164.05,164.05,12476.0,1707378000.0,2024-02-08 13:10:00+05:30
164.05,164.3,164.05,164.25,212.0,1707378300.0,2024-02-08 13:15:00+05:30
163.8,164.3,163.8,164.3,1544.0,1707378600.0,2024-02-08 13:20:00+05:30
164.3,164.3,163.95,163.95,792.0,1707378900.0,2024-02-08 13:25:00+05:30
164.05,164.2,164.05,164.2,204.0,1707379200.0,2024-02-08 13:30:00+05:30
164.15,164.5,163.75,164.2,14924.0,1707379500.0,2024-02-08 13:35:00+05:30
164.2,164.2,164.0,164.05,864.0,1707379800.0,2024-02-08 13:40:00+05:30
164.0,164.05,163.8,164.05,3684.0,1707380100.0,2024-02-08 13:45:00+05:30
164.25,164.25,164.0,164.1,932.0,1707380400.0,2024-02-08 13:50:00+05:30
164.25,164.4,164.0,164.2,9488.0,1707380700.0,2024-02-08 13:55:00+05:30
164.25,164.25,163.55,163.9,8308.0,1707381000.0,2024-02-08 14:00:00+05:30
163.95,164.1,163.75,163.75,1336.0,1707381300.0,2024-02-08 14:05:00+05:30
163.75,164.15,163.75,164.1,2100.0,1707381600.0,2024-02-08 14:10:00+05:30
164.0,164.25,163.95,163.95,1956.0,1707381900.0,2024-02-08 14:15:00+05:30
163.95,164.3,163.9,164.0,4636.0,1707382200.0,2024-02-08 14:20:00+05:30
164.45,164.45,164.25,164.45,1844.0,1707382500.0,2024-02-08 14:25:00+05:30
163.95,164.4,163.95,164.15,4548.0,1707382800.0,2024-02-08 14:30:00+05:30
164.25,164.35,163.75,164.0,5672.0,1707383100.0,2024-02-08 14:35:00+05:30
164.0,164.3,163.9,163.95,8084.0,1707383400.0,2024-02-08 14:40:00+05:30
163.9,164.2,163.75,164.1,47328.0,1707383700.0,2024-02-08 14:45:00+05:30
163.75,164.3,163.75,164.3,6432.0,1707384000.0,2024-02-08 14:50:00+05:30
164.3,164.45,164.25,164.4,2944.0,1707384300.0,2024-02-08 14:55:00+05:30
164.4,164.5,164.1,164.2,2496.0,1707384600.0,2024-02-08 15:00:00+05:30
164.5,164.5,164.1,164.1,4864.0,1707384900.0,2024-02-08 15:05:00+05:30
164.1,164.2,163.8,163.95,1876.0,1707385200.0,2024-02-08 15:10:00+05:30
163.85,164.0,163.35,163.4,4852.0,1707385500.0,2024-02-08 15:15:00+05:30
163.25,163.25,162.2,162.75,17064.0,1707385800.0,2024-02-08 15:20:00+05:30
162.75,162.9,161.3,161.9,13876.0,1707386100.0,2024-02-08 15:25:00+05:30
164.3,165.0,161.45,161.8,22340.0,1707450300.0,2024-02-09 09:15:00+05:30
161.85,161.95,161.3,161.95,8160.0,1707450600.0,2024-02-09 09:20:00+05:30
161.7,161.85,161.0,161.25,11256.0,1707450900.0,2024-02-09 09:25:00+05:30
161.25,161.7,161.05,161.65,7268.0,1707451200.0,2024-02-09 09:30:00+05:30
161.5,161.9,161.5,161.55,8016.0,1707451500.0,2024-02-09 09:35:00+05:30
161.5,161.7,160.55,161.5,102800.0,1707451800.0,2024-02-09 09:40:00+05:30
161.5,161.75,161.3,161.3,10068.0,1707452100.0,2024-02-09 09:45:00+05:30
161.5,161.5,161.35,161.5,19864.0,1707452400.0,2024-02-09 09:50:00+05:30
161.65,161.65,159.1,159.6,35396.0,1707452700.0,2024-02-09 09:55:00+05:30
159.6,159.7,159.3,159.6,19356.0,1707453000.0,2024-02-09 10:00:00+05:30
159.65,160.4,159.35,160.25,11708.0,1707453300.0,2024-02-09 10:05:00+05:30
159.95,159.95,159.5,159.75,1720.0,1707453600.0,2024-02-09 10:10:00+05:30
160.35,160.9,160.0,160.9,5296.0,1707453900.0,2024-02-09 10:15:00+05:30
160.65,161.05,160.65,160.95,2156.0,1707454200.0,2024-02-09 10:20:00+05:30
160.9,160.95,160.7,160.7,1636.0,1707454500.0,2024-02-09 10:25:00+05:30
161.0,161.25,160.9,161.25,6580.0,1707454800.0,2024-02-09 10:30:00+05:30
161.1,161.25,160.95,161.0,872.0,1707455100.0,2024-02-09 10:35:00+05:30
161.25,161.25,160.95,160.95,532.0,1707455400.0,2024-02-09 10:40:00+05:30
161.05,161.25,160.95,161.05,2780.0,1707455700.0,2024-02-09 10:45:00+05:30
161.2,161.2,160.95,161.05,5152.0,1707456000.0,2024-02-09 10:50:00+05:30
161.05,161.4,160.95,161.0,5316.0,1707456300.0,2024-02-09 10:55:00+05:30
161.0,161.3,160.9,160.95,3956.0,1707456600.0,2024-02-09 11:00:00+05:30
160.95,161.45,160.95,161.1,19552.0,1707456900.0,2024-02-09 11:05:00+05:30
161.1,161.5,161.1,161.2,4540.0,1707457200.0,2024-02-09 11:10:00+05:30
161.35,161.35,161.1,161.25,1116.0,1707457500.0,2024-02-09 11:15:00+05:30
161.2,161.35,161.1,161.3,2748.0,1707457800.0,2024-02-09 11:20:00+05:30
161.1,161.35,160.8,161.35,7844.0,1707458100.0,2024-02-09 11:25:00+05:30
161.35,161.5,161.35,161.5,968.0,1707458400.0,2024-02-09 11:30:00+05:30
161.5,161.75,161.45,161.75,288.0,1707458700.0,2024-02-09 11:35:00+05:30
161.8,162.0,161.7,161.95,556.0,1707459000.0,2024-02-09 11:40:00+05:30
162.0,162.0,161.5,161.75,3744.0,1707459300.0,2024-02-09 11:45:00+05:30
161.75,161.95,161.75,161.95,384.0,1707459600.0,2024-02-09 11:50:00+05:30
161.75,163.0,161.75,162.75,21940.0,1707459900.0,2024-02-09 11:55:00+05:30
162.8,162.9,162.45,162.45,7804.0,1707460200.0,2024-02-09 12:00:00+05:30
162.5,163.0,162.5,163.0,7136.0,1707460500.0,2024-02-09 12:05:00+05:30
162.95,163.7,162.95,163.4,25120.0,1707460800.0,2024-02-09 12:10:00+05:30
163.4,163.4,162.8,163.25,4536.0,1707461100.0,2024-02-09 12:15:00+05:30
163.3,163.35,162.9,163.25,932.0,1707461400.0,2024-02-09 12:20:00+05:30
163.25,163.25,163.0,163.25,288.0,1707461700.0,2024-02-09 12:25:00+05:30
163.0,164.2,163.0,164.2,8396.0,1707462000.0,2024-02-09 12:30:00+05:30
163.9,165.5,163.9,164.75,63384.0,1707462300.0,2024-02-09 12:35:00+05:30
164.75,164.75,163.85,163.85,12036.0,1707462600.0,2024-02-09 12:40:00+05:30
163.75,164.2,163.5,163.6,3084.0,1707462900.0,2024-02-09 12:45:00+05:30
163.25,163.4,163.05,163.3,1548.0,1707463200.0,2024-02-09 12:50:00+05:30
163.35,163.4,163.0,163.4,3828.0,1707463500.0,2024-02-09 12:55:00+05:30
163.4,163.9,163.4,163.75,2708.0,1707463800.0,2024-02-09 13:00:00+05:30
163.75,163.75,163.15,163.5,1492.0,1707464100.0,2024-02-09 13:05:00+05:30
163.25,163.7,163.25,163.45,252.0,1707464400.0,2024-02-09 13:10:00+05:30
163.15,163.35,162.8,163.1,4828.0,1707464700.0,2024-02-09 13:15:00+05:30
163.1,163.4,162.85,162.85,848.0,1707465000.0,2024-02-09 13:20:00+05:30
162.85,163.6,162.8,163.6,1124.0,1707465300.0,2024-02-09 13:25:00+05:30
163.3,163.5,162.75,163.45,4156.0,1707465600.0,2024-02-09 13:30:00+05:30
163.45,163.45,162.75,163.2,864.0,1707465900.0,2024-02-09 13:35:00+05:30
163.2,163.2,162.75,162.9,304.0,1707466200.0,2024-02-09 13:40:00+05:30
162.9,163.45,162.9,163.4,1192.0,1707466500.0,2024-02-09 13:45:00+05:30
163.4,163.45,163.2,163.35,568.0,1707466800.0,2024-02-09 13:50:00+05:30
163.35,163.35,162.8,163.15,556.0,1707467100.0,2024-02-09 13:55:00+05:30
163.15,163.15,162.95,163.1,956.0,1707467400.0,2024-02-09 14:00:00+05:30
163.1,163.3,162.6,163.0,6564.0,1707467700.0,2024-02-09 14:05:00+05:30
163.0,163.0,162.95,163.0,120.0,1707468000.0,2024-02-09 14:10:00+05:30
162.95,163.2,162.95,163.2,2352.0,1707468300.0,2024-02-09 14:15:00+05:30
163.2,163.25,162.7,162.8,1388.0,1707468600.0,2024-02-09 14:20:00+05:30
163.0,163.3,162.8,163.3,1316.0,1707468900.0,2024-02-09 14:25:00+05:30
163.25,163.3,163.1,163.3,6496.0,1707469200.0,2024-02-09 14:30:00+05:30
163.3,163.75,163.1,163.75,5600.0,1707469500.0,2024-02-09 14:35:00+05:30
163.7,163.75,163.4,163.5,1588.0,1707469800.0,2024-02-09 14:40:00+05:30
163.5,163.5,163.25,163.45,664.0,1707470100.0,2024-02-09 14:45:00+05:30
163.45,163.75,163.45,163.65,3080.0,1707470400.0,2024-02-09 14:50:00+05:30
163.45,163.65,163.2,163.3,1372.0,1707470700.0,2024-02-09 14:55:00+05:30
163.3,163.3,162.95,163.25,2424.0,1707471000.0,2024-02-09 15:00:00+05:30
163.25,163.75,163.15,163.5,8028.0,1707471300.0,2024-02-09 15:05:00+05:30
163.7,163.7,162.5,162.55,14432.0,1707471600.0,2024-02-09 15:10:00+05:30
162.5,162.75,162.5,162.75,5792.0,1707471900.0,2024-02-09 15:15:00+05:30
162.7,162.7,162.5,162.5,21304.0,1707472200.0,2024-02-09 15:20:00+05:30
162.5,162.5,162.5,162.5,24600.0,1707472500.0,2024-02-09 15:25:00+05:30
162.0,162.25,158.8,162.25,23752.0,1707709500.0,2024-02-12 09:15:00+05:30
161.9,161.9,160.35,160.75,20184.0,1707709800.0,2024-02-12 09:20:00+05:30
160.75,160.75,159.5,160.0,17800.0,1707710100.0,2024-02-12 09:25:00+05:30
160.0,160.55,159.75,159.75,13180.0,1707710400.0,2024-02-12 09:30:00+05:30
160.55,160.95,158.8,158.85,22340.0,1707710700.0,2024-02-12 09:35:00+05:30
158.75,158.8,157.9,158.0,23976.0,1707711000.0,2024-02-12 09:40:00+05:30
158.35,158.4,157.75,157.75,8880.0,1707711300.0,2024-02-12 09:45:00+05:30
157.75,158.7,157.5,158.7,4348.0,1707711600.0,2024-02-12 09:50:00+05:30
158.7,158.7,157.75,157.75,8092.0,1707711900.0,2024-02-12 09:55:00+05:30
157.75,157.75,156.3,156.9,25336.0,1707712200.0,2024-02-12 10:00:00+05:30
156.7,156.75,155.0,155.0,26288.0,1707712500.0,2024-02-12 10:05:00+05:30
154.8,155.8,154.7,155.55,13356.0,1707712800.0,2024-02-12 10:10:00+05:30
155.35,156.5,155.1,156.0,8952.0,1707713100.0,2024-02-12 10:15:00+05:30
155.6,155.6,153.9,154.15,5596.0,1707713400.0,2024-02-12 10:20:00+05:30
154.1,156.9,154.1,156.75,16056.0,1707713700.0,2024-02-12 10:25:00+05:30
156.85,157.25,156.4,156.5,6856.0,1707714000.0,2024-02-12 10:30:00+05:30
156.5,157.0,156.4,156.8,2340.0,1707714300.0,2024-02-12 10:35:00+05:30
156.5,156.75,156.4,156.75,2480.0,1707714600.0,2024-02-12 10:40:00+05:30
156.25,156.8,156.15,156.45,9676.0,1707714900.0,2024-02-12 10:45:00+05:30
156.45,156.9,156.2,156.8,4616.0,1707715200.0,2024-02-12 10:50:00+05:30
156.75,157.2,156.5,157.2,1404.0,1707715500.0,2024-02-12 10:55:00+05:30
157.2,157.25,156.9,157.0,1908.0,1707715800.0,2024-02-12 11:00:00+05:30
156.75,157.75,156.5,157.5,6132.0,1707716100.0,2024-02-12 11:05:00+05:30
157.5,157.7,157.45,157.5,944.0,1707716400.0,2024-02-12 11:10:00+05:30
157.5,158.0,157.4,157.7,4252.0,1707716700.0,2024-02-12 11:15:00+05:30
157.5,157.8,157.4,157.8,896.0,1707717000.0,2024-02-12 11:20:00+05:30
157.55,157.8,157.5,157.8,1376.0,1707717300.0,2024-02-12 11:25:00+05:30
157.75,157.85,157.35,157.35,2424.0,1707717600.0,2024-02-12 11:30:00+05:30
157.6,157.8,157.3,157.5,2008.0,1707717900.0,2024-02-12 11:35:00+05:30
157.5,157.75,157.5,157.5,1432.0,1707718200.0,2024-02-12 11:40:00+05:30
157.5,157.5,157.5,157.5,792.0,1707718500.0,2024-02-12 11:45:00+05:30
157.25,157.75,157.1,157.6,2120.0,1707718800.0,2024-02-12 11:50:00+05:30
157.8,157.8,157.45,157.7,1148.0,1707719100.0,2024-02-12 11:55:00+05:30
157.7,157.8,157.5,157.8,4748.0,1707719400.0,2024-02-12 12:00:00+05:30
157.5,157.5,157.3,157.45,2868.0,1707719700.0,2024-02-12 12:05:00+05:30
157.55,157.55,157.4,157.5,1408.0,1707720000.0,2024-02-12 12:10:00+05:30
157.5,157.75,157.5,157.75,372.0,1707720300.0,2024-02-12 12:15:00+05:30
157.55,157.75,157.5,157.75,632.0,1707720600.0,2024-02-12 12:20:00+05:30
157.7,158.05,157.5,158.05,3268.0,1707720900.0,2024-02-12 12:25:00+05:30
157.8,158.1,157.75,157.95,4460.0,1707721200.0,2024-02-12 12:30:00+05:30
157.8,158.2,157.8,158.2,628.0,1707721500.0,2024-02-12 12:35:00+05:30
158.15,158.4,157.75,158.15,2952.0,1707721800.0,2024-02-12 12:40:00+05:30
158.15,158.15,157.8,157.85,2140.0,1707722100.0,2024-02-12 12:45:00+05:30
157.9,158.5,157.75,158.5,8168.0,1707722400.0,2024-02-12 12:50:00+05:30
158.85,158.9,158.4,158.7,5140.0,1707722700.0,2024-02-12 12:55:00+05:30
158.85,158.9,158.5,158.75,4012.0,1707723000.0,2024-02-12 13:00:00+05:30
158.55,158.8,158.55,158.75,1872.0,1707723300.0,2024-02-12 13:05:00+05:30
159.05,159.7,158.9,159.7,1692.0,1707723600.0,2024-02-12 13:10:00+05:30
159.3,159.4,158.25,158.25,1376.0,1707723900.0,2024-02-12 13:15:00+05:30
158.2,158.25,157.75,157.75,808.0,1707724200.0,2024-02-12 13:20:00+05:30
158.1,158.25,157.95,158.1,240.0,1707724500.0,2024-02-12 13:25:00+05:30
157.9,158.3,157.9,158.2,1140.0,1707724800.0,2024-02-12 13:30:00+05:30
158.2,158.2,157.5,157.7,4228.0,1707725100.0,2024-02-12 13:35:00+05:30
157.5,157.5,156.65,157.05,10884.0,1707725400.0,2024-02-12 13:40:00+05:30
157.05,157.15,157.0,157.15,2376.0,1707725700.0,2024-02-12 13:45:00+05:30
157.15,157.15,156.65,156.65,1800.0,1707726000.0,2024-02-12 13:50:00+05:30
156.65,157.3,156.6,157.0,1280.0,1707726300.0,2024-02-12 13:55:00+05:30
157.0,157.2,156.75,156.9,6880.0,1707726600.0,2024-02-12 14:00:00+05:30
157.0,157.0,156.6,156.8,612.0,1707726900.0,2024-02-12 14:05:00+05:30
156.55,156.9,156.5,156.5,1472.0,1707727200.0,2024-02-12 14:10:00+05:30
156.7,156.7,156.5,156.5,112.0,1707727500.0,2024-02-12 14:15:00+05:30
156.5,156.5,155.4,155.75,7176.0,1707727800.0,2024-02-12 14:20:00+05:30
155.95,156.0,155.8,155.8,900.0,1707728100.0,2024-02-12 14:25:00+05:30
155.95,156.5,155.95,156.5,2904.0,1707728400.0,2024-02-12 14:30:00+05:30
156.45,156.75,156.45,156.65,1092.0,1707728700.0,2024-02-12 14:35:00+05:30
156.6,156.9,156.5,156.5,5792.0,1707729000.0,2024-02-12 14:40:00+05:30
156.5,156.75,156.5,156.7,1196.0,1707729300.0,2024-02-12 14:45:00+05:30
156.65,156.7,156.5,156.65,8076.0,1707729600.0,2024-02-12 14:50:00+05:30
156.65,156.65,156.5,156.55,3108.0,1707729900.0,2024-02-12 14:55:00+05:30
156.7,156.75,156.5,156.6,1352.0,1707730200.0,2024-02-12 15:00:00+05:30
156.5,156.5,156.5,156.5,64752.0,1707730500.0,2024-02-12 15:05:00+05:30
156.5,156.55,156.5,156.5,11772.0,1707730800.0,2024-02-12 15:10:00+05:30
156.5,156.65,152.9,153.3,73380.0,1707731100.0,2024-02-12 15:15:00+05:30
153.5,156.25,152.5,153.75,26516.0,1707731400.0,2024-02-12 15:20:00+05:30
153.75,155.7,153.75,155.7,16508.0,1707731700.0,2024-02-12 15:25:00+05:30
155.5,155.5,154.3,154.6,13044.0,1707795900.0,2024-02-13 09:15:00+05:30
154.85,155.3,152.75,152.9,19164.0,1707796200.0,2024-02-13 09:20:00+05:30
152.9,153.0,149.75,151.1,175648.0,1707796500.0,2024-02-13 09:25:00+05:30
151.45,151.85,151.0,151.5,38548.0,1707796800.0,2024-02-13 09:30:00+05:30
151.25,151.85,151.25,151.65,22112.0,1707797100.0,2024-02-13 09:35:00+05:30
151.5,151.5,151.05,151.35,15776.0,1707797400.0,2024-02-13 09:40:00+05:30
151.35,151.55,151.25,151.55,6652.0,1707797700.0,2024-02-13 09:45:00+05:30
151.55,151.9,151.55,151.9,6944.0,1707798000.0,2024-02-13 09:50:00+05:30
152.2,152.95,151.75,152.8,18828.0,1707798300.0,2024-02-13 09:55:00+05:30
152.95,153.65,152.7,153.65,6692.0,1707798600.0,2024-02-13 10:00:00+05:30
153.4,153.6,153.2,153.6,2028.0,1707798900.0,2024-02-13 10:05:00+05:30
153.85,154.85,153.8,154.6,32188.0,1707799200.0,2024-02-13 10:10:00+05:30
154.6,154.6,154.2,154.4,22392.0,1707799500.0,2024-02-13 10:15:00+05:30
154.4,154.65,154.4,154.65,3496.0,1707799800.0,2024-02-13 10:20:00+05:30
155.1,155.15,154.9,154.9,13168.0,1707800100.0,2024-02-13 10:25:00+05:30
154.85,155.25,154.85,155.25,2084.0,1707800400.0,2024-02-13 10:30:00+05:30
155.25,155.6,155.05,155.5,10000.0,1707800700.0,2024-02-13 10:35:00+05:30
155.5,155.5,155.0,155.0,3736.0,1707801000.0,2024-02-13 10:40:00+05:30
155.2,155.35,155.0,155.0,832.0,1707801300.0,2024-02-13 10:45:00+05:30
155.0,155.95,155.0,155.8,4404.0,1707801600.0,2024-02-13 10:50:00+05:30
155.95,155.95,155.65,155.65,3624.0,1707801900.0,2024-02-13 10:55:00+05:30
155.8,155.85,155.3,155.3,700.0,1707802200.0,2024-02-13 11:00:00+05:30
155.5,156.45,155.5,156.25,15884.0,1707802500.0,2024-02-13 11:05:00+05:30
156.65,156.75,156.35,156.45,864.0,1707802800.0,2024-02-13 11:10:00+05:30
156.45,157.0,156.35,156.75,5224.0,1707803100.0,2024-02-13 11:15:00+05:30
156.75,157.3,156.75,156.9,1136.0,1707803400.0,2024-02-13 11:20:00+05:30
157.0,157.05,157.0,157.0,772.0,1707803700.0,2024-02-13 11:25:00+05:30
156.85,157.75,156.85,157.5,10316.0,1707804000.0,2024-02-13 11:30:00+05:30
157.5,157.6,157.5,157.5,3260.0,1707804300.0,2024-02-13 11:35:00+05:30
157.6,157.95,157.5,157.95,1716.0,1707804600.0,2024-02-13 11:40:00+05:30
157.8,157.8,157.5,157.5,4464.0,1707804900.0,2024-02-13 11:45:00+05:30
157.75,157.8,157.5,157.5,2112.0,1707805200.0,2024-02-13 11:50:00+05:30
157.7,158.0,157.65,158.0,2648.0,1707805500.0,2024-02-13 11:55:00+05:30
157.95,158.25,157.95,157.95,928.0,1707805800.0,2024-02-13 12:00:00+05:30
157.8,157.85,157.5,157.75,9656.0,1707806100.0,2024-02-13 12:05:00+05:30
157.5,157.75,157.5,157.5,2608.0,1707806400.0,2024-02-13 12:10:00+05:30
157.5,157.85,157.5,157.85,2964.0,1707806700.0,2024-02-13 12:15:00+05:30
157.5,157.85,157.5,157.55,2100.0,1707807000.0,2024-02-13 12:20:00+05:30
157.55,157.7,157.5,157.7,584.0,1707807300.0,2024-02-13 12:25:00+05:30
157.7,158.25,157.7,157.8,5444.0,1707807600.0,2024-02-13 12:30:00+05:30
157.75,157.95,157.5,157.8,1276.0,1707807900.0,2024-02-13 12:35:00+05:30
157.5,157.8,157.5,157.8,1480.0,1707808200.0,2024-02-13 12:40:00+05:30
157.75,157.9,157.5,157.5,1416.0,1707808500.0,2024-02-13 12:45:00+05:30
157.5,157.9,157.5,157.9,1664.0,1707808800.0,2024-02-13 12:50:00+05:30
157.85,158.7,157.85,158.45,4372.0,1707809100.0,2024-02-13 12:55:00+05:30
158.45,159.2,158.45,158.9,8864.0,1707809400.0,2024-02-13 13:00:00+05:30
158.9,158.9,157.95,158.35,1320.0,1707809700.0,2024-02-13 13:05:00+05:30
158.45,158.6,157.8,158.5,2720.0,1707810000.0,2024-02-13 13:10:00+05:30
158.3,158.4,158.0,158.4,2820.0,1707810300.0,2024-02-13 13:15:00+05:30
158.2,158.2,157.4,157.8,6244.0,1707810600.0,2024-02-13 13:20:00+05:30
157.8,158.1,157.65,158.1,1588.0,1707810900.0,2024-02-13 13:25:00+05:30
158.1,158.15,157.8,157.9,732.0,1707811200.0,2024-02-13 13:30:00+05:30
157.9,157.95,157.5,157.65,3204.0,1707811500.0,2024-02-13 13:35:00+05:30
157.5,157.9,157.5,157.65,2080.0,1707811800.0,2024-02-13 13:40:00+05:30
157.5,157.75,157.5,157.7,1008.0,1707812100.0,2024-02-13 13:45:00+05:30
157.6,157.85,157.5,157.85,6332.0,1707812400.0,2024-02-13 13:50:00+05:30
157.95,157.95,157.5,157.7,408.0,1707812700.0,2024-02-13 13:55:00+05:30
157.7,157.9,157.6,157.6,928.0,1707813000.0,2024-02-13 14:00:00+05:30
157.9,157.9,157.5,157.75,28504.0,1707813300.0,2024-02-13 14:05:00+05:30
157.7,157.7,157.45,157.55,2532.0,1707813600.0,2024-02-13 14:10:00+05:30
157.75,157.75,157.5,157.5,1280.0,1707813900.0,2024-02-13 14:15:00+05:30
157.5,157.65,157.5,157.65,588.0,1707814200.0,2024-02-13 14:20:00+05:30
157.65,157.7,157.5,157.5,8660.0,1707814500.0,2024-02-13 14:25:00+05:30
157.75,158.25,157.75,158.25,1376.0,1707814800.0,2024-02-13 14:30:00+05:30
158.25,158.25,157.55,157.55,1432.0,1707815100.0,2024-02-13 14:35:00+05:30
157.55,157.55,157.5,157.5,4928.0,1707815400.0,2024-02-13 14:40:00+05:30
157.5,157.5,157.5,157.5,1596.0,1707815700.0,2024-02-13 14:45:00+05:30
157.5,157.6,157.5,157.5,1632.0,1707816000.0,2024-02-13 14:50:00+05:30
157.7,157.7,157.5,157.5,2844.0,1707816300.0,2024-02-13 14:55:00+05:30
157.5,157.6,157.5,157.6,7580.0,1707816600.0,2024-02-13 15:00:00+05:30
157.6,157.6,157.55,157.55,1336.0,1707816900.0,2024-02-13 15:05:00+05:30
157.55,157.55,157.5,157.5,18220.0,1707817200.0,2024-02-13 15:10:00+05:30
157.5,158.0,157.5,157.95,7208.0,1707817500.0,2024-02-13 15:15:00+05:30
158.0,158.0,157.5,157.75,4340.0,1707817800.0,2024-02-13 15:20:00+05:30
157.75,157.95,157.3,157.75,21248.0,1707818100.0,2024-02-13 15:25:00+05:30
153.75,157.2,153.75,156.4,21004.0,1707882300.0,2024-02-14 09:15:00+05:30
156.1,156.6,155.25,156.55,4924.0,1707882600.0,2024-02-14 09:20:00+05:30
156.35,157.5,156.2,157.2,7096.0,1707882900.0,2024-02-14 09:25:00+05:30
157.35,157.35,156.25,156.25,2344.0,1707883200.0,2024-02-14 09:30:00+05:30
156.45,157.05,156.3,156.65,2828.0,1707883500.0,2024-02-14 09:35:00+05:30
156.6,157.2,156.6,157.2,2128.0,1707883800.0,2024-02-14 09:40:00+05:30
157.25,157.25,156.5,156.85,1148.0,1707884100.0,2024-02-14 09:45:00+05:30
156.75,157.15,156.75,156.95,596.0,1707884400.0,2024-02-14 09:50:00+05:30
157.2,157.5,156.95,157.5,684.0,1707884700.0,2024-02-14 09:55:00+05:30
157.45,157.7,156.95,156.95,7488.0,1707885000.0,2024-02-14 10:00:00+05:30
156.9,157.45,156.9,157.25,40.0,1707885300.0,2024-02-14 10:05:00+05:30
157.5,157.5,157.3,157.3,56.0,1707885600.0,2024-02-14 10:10:00+05:30
157.4,157.7,157.15,157.7,1384.0,1707885900.0,2024-02-14 10:15:00+05:30
157.7,157.7,157.15,157.25,1488.0,1707886200.0,2024-02-14 10:20:00+05:30
157.25,157.25,157.0,157.0,752.0,1707886500.0,2024-02-14 10:25:00+05:30
157.1,157.25,157.1,157.1,24.0,1707886800.0,2024-02-14 10:30:00+05:30
157.0,157.15,157.0,157.05,520.0,1707887100.0,2024-02-14 10:35:00+05:30
157.05,157.2,156.9,156.9,920.0,1707887400.0,2024-02-14 10:40:00+05:30
156.85,156.85,156.7,156.7,576.0,1707887700.0,2024-02-14 10:45:00+05:30
156.6,157.0,156.6,157.0,72.0,1707888000.0,2024-02-14 10:50:00+05:30
156.75,156.8,156.55,156.75,468.0,1707888300.0,2024-02-14 10:55:00+05:30
156.75,156.8,156.6,156.6,136.0,1707888600.0,2024-02-14 11:00:00+05:30
156.6,156.8,156.4,156.6,224.0,1707888900.0,2024-02-14 11:05:00+05:30
156.6,156.6,156.5,156.5,24.0,1707889200.0,2024-02-14 11:10:00+05:30
156.5,156.5,156.5,156.5,164.0,1707889500.0,2024-02-14 11:15:00+05:30
156.45,156.9,156.45,156.9,3836.0,1707889800.0,2024-02-14 11:20:00+05:30
156.9,156.95,156.9,156.95,136.0,1707890100.0,2024-02-14 11:25:00+05:30
157.1,157.1,156.95,157.0,15572.0,1707890400.0,2024-02-14 11:30:00+05:30
157.0,157.0,157.0,157.0,4364.0,1707890700.0,2024-02-14 11:35:00+05:30
157.0,157.0,157.0,157.0,5200.0,1707891000.0,2024-02-14 11:40:00+05:30
157.0,157.05,157.0,157.0,8236.0,1707891300.0,2024-02-14 11:45:00+05:30
157.0,157.0,156.95,157.0,508.0,1707891600.0,2024-02-14 11:50:00+05:30
157.0,157.0,157.0,157.0,4.0,1707891900.0,2024-02-14 11:55:00+05:30
157.0,157.0,157.0,157.0,2836.0,1707892200.0,2024-02-14 12:00:00+05:30
157.0,157.0,157.0,157.0,24.0,1707892500.0,2024-02-14 12:05:00+05:30
157.0,157.0,157.0,157.0,408.0,1707892800.0,2024-02-14 12:10:00+05:30
157.25,157.25,157.0,157.0,6300.0,1707893100.0,2024-02-14 12:15:00+05:30
157.0,157.0,157.0,157.0,4.0,1707893400.0,2024-02-14 12:20:00+05:30
157.0,157.2,157.0,157.2,72.0,1707893700.0,2024-02-14 12:25:00+05:30
157.2,157.2,157.05,157.05,232.0,1707894000.0,2024-02-14 12:30:00+05:30
157.05,157.05,157.05,157.05,8.0,1707894300.0,2024-02-14 12:35:00+05:30
157.05,157.25,157.0,157.05,252.0,1707894600.0,2024-02-14 12:40:00+05:30
157.3,157.3,157.05,157.05,184.0,1707894900.0,2024-02-14 12:45:00+05:30
157.05,157.05,157.0,157.0,936.0,1707895200.0,2024-02-14 12:50:00+05:30
157.0,157.5,157.0,157.5,4644.0,1707895500.0,2024-02-14 12:55:00+05:30
157.5,157.5,157.5,157.5,752.0,1707895800.0,2024-02-14 13:00:00+05:30
157.5,157.7,157.45,157.7,904.0,1707896100.0,2024-02-14 13:05:00+05:30
157.7,157.7,157.3,157.5,1068.0,1707896400.0,2024-02-14 13:10:00+05:30
157.6,157.8,157.4,157.8,2832.0,1707896700.0,2024-02-14 13:15:00+05:30
157.95,157.95,157.75,157.75,348.0,1707897000.0,2024-02-14 13:20:00+05:30
157.75,157.75,157.45,157.6,340.0,1707897300.0,2024-02-14 13:25:00+05:30
157.6,157.6,156.9,156.9,2780.0,1707897600.0,2024-02-14 13:30:00+05:30
157.0,157.1,157.0,157.1,2064.0,1707897900.0,2024-02-14 13:35:00+05:30
157.0,157.2,157.0,157.0,64.0,1707898200.0,2024-02-14 13:40:00+05:30
157.0,157.25,157.0,157.1,1140.0,1707898500.0,2024-02-14 13:45:00+05:30
157.0,157.05,157.0,157.05,1244.0,1707898800.0,2024-02-14 13:50:00+05:30
157.05,157.05,157.05,157.05,120.0,1707899100.0,2024-02-14 13:55:00+05:30
157.05,157.2,157.0,157.2,1632.0,1707899400.0,2024-02-14 14:00:00+05:30
157.0,157.2,155.0,155.4,9716.0,1707899700.0,2024-02-14 14:05:00+05:30
155.65,156.3,155.4,156.05,3576.0,1707900000.0,2024-02-14 14:10:00+05:30
156.3,156.3,156.0,156.05,5032.0,1707900300.0,2024-02-14 14:15:00+05:30
156.05,156.35,156.05,156.2,652.0,1707900600.0,2024-02-14 14:20:00+05:30
156.25,156.6,156.25,156.6,1624.0,1707900900.0,2024-02-14 14:25:00+05:30
156.6,156.75,156.6,156.75,1180.0,1707901200.0,2024-02-14 14:30:00+05:30
156.75,156.9,156.7,156.9,2704.0,1707901500.0,2024-02-14 14:35:00+05:30
156.9,156.95,156.9,156.95,1528.0,1707901800.0,2024-02-14 14:40:00+05:30
156.95,157.05,156.95,157.0,19808.0,1707902100.0,2024-02-14 14:45:00+05:30
157.0,157.0,157.0,157.0,344.0,1707902400.0,2024-02-14 14:50:00+05:30
157.0,157.15,157.0,157.0,924.0,1707902700.0,2024-02-14 14:55:00+05:30
157.0,157.2,157.0,157.1,1100.0,1707903000.0,2024-02-14 15:00:00+05:30
157.0,157.3,157.0,157.0,1456.0,1707903300.0,2024-02-14 15:05:00+05:30
157.0,157.15,156.95,157.0,3092.0,1707903600.0,2024-02-14 15:10:00+05:30
157.1,157.1,157.0,157.0,1348.0,1707903900.0,2024-02-14 15:15:00+05:30
157.0,157.1,157.0,157.0,11744.0,1707904200.0,2024-02-14 15:20:00+05:30
157.0,157.5,156.75,157.5,11024.0,1707904500.0,2024-02-14 15:25:00+05:30
157.9,159.6,157.5,158.85,12384.0,1707968700.0,2024-02-15 09:15:00+05:30
159.15,159.45,159.0,159.2,6748.0,1707969000.0,2024-02-15 09:20:00+05:30
159.2,159.5,159.1,159.3,444.0,1707969300.0,2024-02-15 09:25:00+05:30
159.5,159.5,159.2,159.2,1512.0,1707969600.0,2024-02-15 09:30:00+05:30
159.2,159.5,159.1,159.1,1224.0,1707969900.0,2024-02-15 09:35:00+05:30
159.1,159.1,158.45,158.45,6620.0,1707970200.0,2024-02-15 09:40:00+05:30
158.5,158.85,158.5,158.65,300.0,1707970500.0,2024-02-15 09:45:00+05:30
158.8,159.0,158.5,159.0,4272.0,1707970800.0,2024-02-15 09:50:00+05:30
159.0,159.5,159.0,159.5,1488.0,1707971100.0,2024-02-15 09:55:00+05:30
159.15,159.35,159.15,159.3,1944.0,1707971400.0,2024-02-15 10:00:00+05:30
159.25,159.45,158.95,159.2,1592.0,1707971700.0,2024-02-15 10:05:00+05:30
159.0,159.55,159.0,159.55,4212.0,1707972000.0,2024-02-15 10:10:00+05:30
159.7,159.7,159.3,159.3,2812.0,1707972300.0,2024-02-15 10:15:00+05:30
159.3,159.65,159.3,159.6,92.0,1707972600.0,2024-02-15 10:20:00+05:30
159.7,160.45,159.5,160.1,5516.0,1707972900.0,2024-02-15 10:25:00+05:30
160.15,160.75,160.15,160.15,10896.0,1707973200.0,2024-02-15 10:30:00+05:30
160.25,160.25,160.25,160.25,264.0,1707973500.0,2024-02-15 10:35:00+05:30
160.0,160.0,159.5,160.0,8956.0,1707973800.0,2024-02-15 10:40:00+05:30
159.9,160.7,159.75,160.7,1692.0,1707974100.0,2024-02-15 10:45:00+05:30
160.6,160.7,160.25,160.25,972.0,1707974400.0,2024-02-15 10:50:00+05:30
160.05,160.55,160.0,160.55,532.0,1707974700.0,2024-02-15 10:55:00+05:30
160.45,160.5,160.05,160.05,396.0,1707975000.0,2024-02-15 11:00:00+05:30
160.05,160.05,160.05,160.05,4.0,1707975300.0,2024-02-15 11:05:00+05:30
160.25,160.35,160.0,160.15,616.0,1707975600.0,2024-02-15 11:10:00+05:30
160.05,160.2,160.0,160.0,1432.0,1707975900.0,2024-02-15 11:15:00+05:30
160.0,160.3,160.0,160.1,900.0,1707976200.0,2024-02-15 11:20:00+05:30
160.0,160.5,160.0,160.5,4432.0,1707976500.0,2024-02-15 11:25:00+05:30
160.5,160.75,160.2,160.2,4236.0,1707976800.0,2024-02-15 11:30:00+05:30
160.25,160.4,160.25,160.4,32.0,1707977100.0,2024-02-15 11:35:00+05:30
160.4,160.5,160.3,160.5,200.0,1707977400.0,2024-02-15 11:40:00+05:30
160.65,160.65,160.0,160.1,7048.0,1707977700.0,2024-02-15 11:45:00+05:30
160.25,160.25,160.0,160.05,1004.0,1707978000.0,2024-02-15 11:50:00+05:30
160.05,160.2,160.0,160.0,1044.0,1707978300.0,2024-02-15 11:55:00+05:30
160.2,160.2,160.05,160.05,336.0,1707978600.0,2024-02-15 12:00:00+05:30
160.0,160.5,160.0,160.5,1552.0,1707978900.0,2024-02-15 12:05:00+05:30
160.5,160.65,160.25,160.55,384.0,1707979200.0,2024-02-15 12:10:00+05:30
160.4,160.85,160.1,160.8,3780.0,1707979500.0,2024-02-15 12:15:00+05:30
161.0,161.0,160.85,161.0,1172.0,1707979800.0,2024-02-15 12:20:00+05:30
161.0,161.0,160.7,160.85,1104.0,1707980100.0,2024-02-15 12:25:00+05:30
160.85,160.85,160.4,160.55,740.0,1707980400.0,2024-02-15 12:30:00+05:30
160.55,160.65,160.5,160.5,16.0,1707980700.0,2024-02-15 12:35:00+05:30
160.5,160.5,159.8,159.8,11812.0,1707981000.0,2024-02-15 12:40:00+05:30
159.8,160.05,159.8,160.0,832.0,1707981300.0,2024-02-15 12:45:00+05:30
160.0,160.05,159.85,160.0,7652.0,1707981600.0,2024-02-15 12:50:00+05:30
160.05,160.1,159.85,159.85,13340.0,1707981900.0,2024-02-15 12:55:00+05:30
160.1,160.1,160.0,160.1,6468.0,1707982200.0,2024-02-15 13:00:00+05:30
160.0,160.25,160.0,160.1,2288.0,1707982500.0,2024-02-15 13:05:00+05:30
160.6,160.6,160.1,160.15,6568.0,1707982800.0,2024-02-15 13:10:00+05:30
160.15,160.4,160.1,160.25,912.0,1707983100.0,2024-02-15 13:15:00+05:30
160.25,160.25,160.05,160.05,468.0,1707983400.0,2024-02-15 13:20:00+05:30
160.05,160.25,160.0,160.25,3240.0,1707983700.0,2024-02-15 13:25:00+05:30
160.25,160.25,159.8,159.8,9456.0,1707984000.0,2024-02-15 13:30:00+05:30
159.9,159.9,159.8,159.8,508.0,1707984300.0,2024-02-15 13:35:00+05:30
159.8,160.05,159.8,160.05,12.0,1707984600.0,2024-02-15 13:40:00+05:30
159.9,160.05,159.8,160.0,12388.0,1707984900.0,2024-02-15 13:45:00+05:30
160.1,160.45,160.1,160.45,904.0,1707985200.0,2024-02-15 13:50:00+05:30
160.4,160.4,160.05,160.05,600.0,1707985500.0,2024-02-15 13:55:00+05:30
160.05,160.6,160.05,160.2,1824.0,1707985800.0,2024-02-15 14:00:00+05:30
160.35,160.35,160.2,160.2,8.0,1707986100.0,2024-02-15 14:05:00+05:30
160.2,161.6,160.2,161.6,14652.0,1707986400.0,2024-02-15 14:10:00+05:30
161.2,161.65,160.65,160.65,7316.0,1707986700.0,2024-02-15 14:15:00+05:30
160.65,161.25,160.45,161.0,9632.0,1707987000.0,2024-02-15 14:20:00+05:30
161.35,161.95,161.35,161.4,3324.0,1707987300.0,2024-02-15 14:25:00+05:30
161.4,161.6,161.25,161.25,3136.0,1707987600.0,2024-02-15 14:30:00+05:30
161.25,161.4,161.25,161.4,56.0,1707987900.0,2024-02-15 14:35:00+05:30
161.5,162.5,161.3,161.75,40784.0,1707988200.0,2024-02-15 14:40:00+05:30
162.1,162.2,161.85,161.9,2640.0,1707988500.0,2024-02-15 14:45:00+05:30
161.9,162.25,161.55,161.8,17248.0,1707988800.0,2024-02-15 14:50:00+05:30
161.95,161.95,161.75,161.85,2628.0,1707989100.0,2024-02-15 14:55:00+05:30
161.75,162.15,161.45,161.75,14092.0,1707989400.0,2024-02-15 15:00:00+05:30
161.75,161.95,161.75,161.75,18300.0,1707989700.0,2024-02-15 15:05:00+05:30
161.75,161.95,161.75,161.95,1048.0,1707990000.0,2024-02-15 15:10:00+05:30
161.75,162.55,161.75,162.15,22680.0,1707990300.0,2024-02-15 15:15:00+05:30
162.1,162.3,161.2,161.8,64592.0,1707990600.0,2024-02-15 15:20:00+05:30
161.75,162.5,160.6,160.6,12972.0,1707990900.0,2024-02-15 15:25:00+05:30
161.5,164.35,161.5,163.2,24384.0,1708055100.0,2024-02-16 09:15:00+05:30
162.65,163.05,162.3,163.05,15672.0,1708055400.0,2024-02-16 09:20:00+05:30
162.9,163.6,162.55,163.15,3564.0,1708055700.0,2024-02-16 09:25:00+05:30
163.25,164.6,162.95,164.5,33084.0,1708056000.0,2024-02-16 09:30:00+05:30
164.4,164.95,164.15,164.5,12968.0,1708056300.0,2024-02-16 09:35:00+05:30
164.5,164.9,163.95,163.95,29116.0,1708056600.0,2024-02-16 09:40:00+05:30
163.8,163.8,162.95,163.35,11716.0,1708056900.0,2024-02-16 09:45:00+05:30
163.35,163.75,163.35,163.5,2456.0,1708057200.0,2024-02-16 09:50:00+05:30
163.35,163.5,162.8,162.8,4968.0,1708057500.0,2024-02-16 09:55:00+05:30
162.75,162.8,162.5,162.65,6796.0,1708057800.0,2024-02-16 10:00:00+05:30
162.7,163.2,162.65,163.05,2348.0,1708058100.0,2024-02-16 10:05:00+05:30
163.05,163.2,162.5,162.55,1576.0,1708058400.0,2024-02-16 10:10:00+05:30
162.55,162.6,161.65,161.75,14004.0,1708058700.0,2024-02-16 10:15:00+05:30
161.55,162.0,161.5,161.75,2280.0,1708059000.0,2024-02-16 10:20:00+05:30
161.75,161.75,161.5,161.55,876.0,1708059300.0,2024-02-16 10:25:00+05:30
161.55,162.3,161.35,161.55,17272.0,1708059600.0,2024-02-16 10:30:00+05:30
161.6,161.75,161.3,161.3,1812.0,1708059900.0,2024-02-16 10:35:00+05:30
161.3,161.45,161.3,161.3,216.0,1708060200.0,2024-02-16 10:40:00+05:30
161.2,161.2,160.6,160.6,3860.0,1708060500.0,2024-02-16 10:45:00+05:30
160.6,160.8,160.5,160.7,724.0,1708060800.0,2024-02-16 10:50:00+05:30
160.5,160.75,160.25,160.45,3520.0,1708061100.0,2024-02-16 10:55:00+05:30
160.3,160.4,160.3,160.3,688.0,1708061400.0,2024-02-16 11:00:00+05:30
160.3,160.5,160.3,160.3,264.0,1708061700.0,2024-02-16 11:05:00+05:30
160.3,160.7,160.3,160.65,936.0,1708062000.0,2024-02-16 11:10:00+05:30
160.45,160.55,158.1,158.6,61124.0,1708062300.0,2024-02-16 11:15:00+05:30
158.5,159.2,158.5,158.75,4148.0,1708062600.0,2024-02-16 11:20:00+05:30
158.85,159.2,158.85,159.2,5060.0,1708062900.0,2024-02-16 11:25:00+05:30
159.1,159.35,158.95,159.1,1540.0,1708063200.0,2024-02-16 11:30:00+05:30
158.95,159.6,158.75,159.6,5860.0,1708063500.0,2024-02-16 11:35:00+05:30
159.5,159.75,159.35,159.55,4388.0,1708063800.0,2024-02-16 11:40:00+05:30
159.55,161.2,158.9,161.0,41592.0,1708064100.0,2024-02-16 11:45:00+05:30
160.95,161.25,160.7,160.95,3748.0,1708064400.0,2024-02-16 11:50:00+05:30
160.9,161.0,160.8,161.0,252.0,1708064700.0,2024-02-16 11:55:00+05:30
160.8,160.95,160.7,160.7,412.0,1708065000.0,2024-02-16 12:00:00+05:30
160.8,160.85,160.65,160.7,1040.0,1708065300.0,2024-02-16 12:05:00+05:30
160.65,161.0,160.65,160.65,900.0,1708065600.0,2024-02-16 12:10:00+05:30
160.65,160.85,160.6,160.6,400.0,1708065900.0,2024-02-16 12:15:00+05:30
160.6,160.6,160.3,160.3,1012.0,1708066200.0,2024-02-16 12:20:00+05:30
160.3,160.3,159.95,160.3,260.0,1708066500.0,2024-02-16 12:25:00+05:30
160.4,160.4,159.7,159.85,1776.0,1708066800.0,2024-02-16 12:30:00+05:30
159.8,160.0,159.65,159.9,260.0,1708067100.0,2024-02-16 12:35:00+05:30
159.85,159.95,159.55,159.55,400.0,1708067400.0,2024-02-16 12:40:00+05:30
159.55,159.7,159.45,159.65,248.0,1708067700.0,2024-02-16 12:45:00+05:30
159.4,159.55,159.2,159.5,352.0,1708068000.0,2024-02-16 12:50:00+05:30
159.35,159.6,159.3,159.55,1116.0,1708068300.0,2024-02-16 12:55:00+05:30
159.55,159.7,159.45,159.5,1156.0,1708068600.0,2024-02-16 13:00:00+05:30
159.5,159.55,159.5,159.55,108.0,1708068900.0,2024-02-16 13:05:00+05:30
159.55,159.95,159.55,159.7,968.0,1708069200.0,2024-02-16 13:10:00+05:30
159.7,159.85,159.65,159.7,92.0,1708069500.0,2024-02-16 13:15:00+05:30
159.7,159.7,159.5,159.65,896.0,1708069800.0,2024-02-16 13:20:00+05:30
159.65,159.8,159.5,159.5,320.0,1708070100.0,2024-02-16 13:25:00+05:30
159.5,159.55,159.5,159.5,1548.0,1708070400.0,2024-02-16 13:30:00+05:30
159.5,159.5,159.0,159.5,996.0,1708070700.0,2024-02-16 13:35:00+05:30
159.45,159.45,159.0,159.05,272.0,1708071000.0,2024-02-16 13:40:00+05:30
159.3,159.3,158.9,158.95,2944.0,1708071300.0,2024-02-16 13:45:00+05:30
158.95,159.2,158.9,158.95,1420.0,1708071600.0,2024-02-16 13:50:00+05:30
159.35,159.45,158.9,159.05,14876.0,1708071900.0,2024-02-16 13:55:00+05:30
159.0,159.2,158.85,159.2,536.0,1708072200.0,2024-02-16 14:00:00+05:30
158.9,159.0,158.85,158.85,172.0,1708072500.0,2024-02-16 14:05:00+05:30
158.55,158.75,158.2,158.5,3800.0,1708072800.0,2024-02-16 14:10:00+05:30
158.5,158.5,158.05,158.05,5376.0,1708073100.0,2024-02-16 14:15:00+05:30
158.05,158.45,158.05,158.25,1024.0,1708073400.0,2024-02-16 14:20:00+05:30
158.25,158.5,157.85,158.2,4816.0,1708073700.0,2024-02-16 14:25:00+05:30
158.35,158.35,157.9,158.35,1596.0,1708074000.0,2024-02-16 14:30:00+05:30
158.35,158.6,158.15,158.2,1440.0,1708074300.0,2024-02-16 14:35:00+05:30
158.2,158.3,158.15,158.15,644.0,1708074600.0,2024-02-16 14:40:00+05:30
158.15,158.3,158.0,158.05,792.0,1708074900.0,2024-02-16 14:45:00+05:30
158.25,158.3,157.8,157.9,4912.0,1708075200.0,2024-02-16 14:50:00+05:30
157.9,158.1,157.6,157.6,2448.0,1708075500.0,2024-02-16 14:55:00+05:30
158.0,158.0,157.6,158.0,1752.0,1708075800.0,2024-02-16 15:00:00+05:30
157.75,157.85,157.65,157.7,1960.0,1708076100.0,2024-02-16 15:05:00+05:30
157.7,157.8,157.6,157.6,4596.0,1708076400.0,2024-02-16 15:10:00+05:30
157.5,157.5,156.4,157.25,13800.0,1708076700.0,2024-02-16 15:15:00+05:30
157.25,157.25,156.7,157.05,7416.0,1708077000.0,2024-02-16 15:20:00+05:30
157.0,157.7,156.5,157.7,9896.0,1708077300.0,2024-02-16 15:25:00+05:30
159.55,159.55,157.25,158.55,5824.0,1708314300.0,2024-02-19 09:15:00+05:30
158.95,158.95,158.1,158.1,900.0,1708314600.0,2024-02-19 09:20:00+05:30
158.2,159.0,158.2,158.75,4188.0,1708314900.0,2024-02-19 09:25:00+05:30
158.75,159.3,158.7,158.8,3652.0,1708315200.0,2024-02-19 09:30:00+05:30
158.9,159.05,158.5,158.85,2600.0,1708315500.0,2024-02-19 09:35:00+05:30
158.85,158.85,158.0,158.0,3056.0,1708315800.0,2024-02-19 09:40:00+05:30
158.3,158.65,158.1,158.1,6460.0,1708316100.0,2024-02-19 09:45:00+05:30
158.5,158.5,157.9,157.95,1764.0,1708316400.0,2024-02-19 09:50:00+05:30
157.9,158.3,157.25,157.5,8744.0,1708316700.0,2024-02-19 09:55:00+05:30
157.5,157.5,157.0,157.0,9112.0,1708317000.0,2024-02-19 10:00:00+05:30
156.8,156.9,156.5,156.75,3168.0,1708317300.0,2024-02-19 10:05:00+05:30
156.85,156.85,156.75,156.75,1196.0,1708317600.0,2024-02-19 10:10:00+05:30
156.75,156.75,156.25,156.3,3588.0,1708317900.0,2024-02-19 10:15:00+05:30
156.3,157.55,156.3,157.55,3420.0,1708318200.0,2024-02-19 10:20:00+05:30
157.55,157.75,156.8,157.0,3840.0,1708318500.0,2024-02-19 10:25:00+05:30
157.0,157.0,156.75,156.8,512.0,1708318800.0,2024-02-19 10:30:00+05:30
157.0,157.5,156.95,157.35,3440.0,1708319100.0,2024-02-19 10:35:00+05:30
157.35,157.35,156.65,156.9,2408.0,1708319400.0,2024-02-19 10:40:00+05:30
156.6,156.6,156.6,156.6,912.0,1708319700.0,2024-02-19 10:45:00+05:30
156.6,157.25,156.6,157.05,484.0,1708320000.0,2024-02-19 10:50:00+05:30
157.0,157.2,156.9,156.9,1112.0,1708320300.0,2024-02-19 10:55:00+05:30
157.15,157.15,156.6,156.9,5692.0,1708320600.0,2024-02-19 11:00:00+05:30
156.65,156.85,156.6,156.75,6340.0,1708320900.0,2024-02-19 11:05:00+05:30
157.05,157.5,157.05,157.45,6080.0,1708321200.0,2024-02-19 11:10:00+05:30
157.45,157.45,156.8,157.1,15948.0,1708321500.0,2024-02-19 11:15:00+05:30
157.1,157.1,156.7,156.7,8952.0,1708321800.0,2024-02-19 11:20:00+05:30
156.7,156.75,156.65,156.75,2940.0,1708322100.0,2024-02-19 11:25:00+05:30
156.75,157.4,156.75,157.1,3332.0,1708322400.0,2024-02-19 11:30:00+05:30
156.95,157.1,156.95,157.1,880.0,1708322700.0,2024-02-19 11:35:00+05:30
157.1,157.1,157.1,157.1,200.0,1708323000.0,2024-02-19 11:40:00+05:30
156.75,156.9,156.65,156.65,2356.0,1708323300.0,2024-02-19 11:45:00+05:30
156.65,156.7,156.65,156.7,400.0,1708323600.0,2024-02-19 11:50:00+05:30
156.85,156.85,156.85,156.85,32.0,1708323900.0,2024-02-19 11:55:00+05:30
156.85,156.85,156.7,156.7,360.0,1708324200.0,2024-02-19 12:00:00+05:30
156.6,156.6,156.3,156.45,1840.0,1708324500.0,2024-02-19 12:05:00+05:30
156.3,156.45,156.3,156.45,280.0,1708324800.0,2024-02-19 12:10:00+05:30
156.45,156.6,156.45,156.6,3540.0,1708325100.0,2024-02-19 12:15:00+05:30
156.6,156.6,156.4,156.5,1916.0,1708325400.0,2024-02-19 12:20:00+05:30
156.5,156.55,155.15,156.0,39740.0,1708325700.0,2024-02-19 12:25:00+05:30
156.0,156.25,155.15,155.45,16432.0,1708326000.0,2024-02-19 12:30:00+05:30
155.55,155.55,155.3,155.5,1824.0,1708326300.0,2024-02-19 12:35:00+05:30
155.4,155.45,154.5,154.6,10196.0,1708326600.0,2024-02-19 12:40:00+05:30
154.6,155.7,154.5,155.7,12304.0,1708326900.0,2024-02-19 12:45:00+05:30
156.3,156.75,156.25,156.25,25236.0,1708327200.0,2024-02-19 12:50:00+05:30
156.25,156.25,156.2,156.2,40.0,1708327500.0,2024-02-19 12:55:00+05:30
156.0,156.05,156.0,156.05,116.0,1708327800.0,2024-02-19 13:00:00+05:30
156.2,156.2,155.0,155.2,12052.0,1708328100.0,2024-02-19 13:05:00+05:30
155.3,155.6,155.3,155.3,5448.0,1708328400.0,2024-02-19 13:10:00+05:30
155.5,155.75,155.5,155.7,828.0,1708328700.0,2024-02-19 13:15:00+05:30
155.7,155.95,155.55,155.75,1436.0,1708329000.0,2024-02-19 13:20:00+05:30
155.75,155.75,155.3,155.7,9516.0,1708329300.0,2024-02-19 13:25:00+05:30
155.75,155.75,155.2,155.4,11356.0,1708329600.0,2024-02-19 13:30:00+05:30
155.45,155.6,155.25,155.6,3192.0,1708329900.0,2024-02-19 13:35:00+05:30
155.65,155.75,155.5,155.5,1740.0,1708330200.0,2024-02-19 13:40:00+05:30
155.5,155.5,155.25,155.3,44.0,1708330500.0,2024-02-19 13:45:00+05:30
155.3,155.5,155.3,155.3,696.0,1708330800.0,2024-02-19 13:50:00+05:30
155.3,155.7,155.3,155.4,11508.0,1708331100.0,2024-02-19 13:55:00+05:30
155.2,155.35,153.1,153.45,64092.0,1708331400.0,2024-02-19 14:00:00+05:30
153.5,153.75,153.2,153.25,14156.0,1708331700.0,2024-02-19 14:05:00+05:30
153.2,153.3,152.65,152.7,15444.0,1708332000.0,2024-02-19 14:10:00+05:30
152.9,153.5,152.9,153.5,8204.0,1708332300.0,2024-02-19 14:15:00+05:30
153.5,153.7,153.45,153.5,1200.0,1708332600.0,2024-02-19 14:20:00+05:30
153.5,154.25,153.3,154.2,2328.0,1708332900.0,2024-02-19 14:25:00+05:30
154.1,154.2,153.9,154.1,1000.0,1708333200.0,2024-02-19 14:30:00+05:30
154.1,154.1,153.7,153.8,4756.0,1708333500.0,2024-02-19 14:35:00+05:30
154.3,154.5,154.15,154.2,5608.0,1708333800.0,2024-02-19 14:40:00+05:30
154.25,154.25,154.0,154.0,1252.0,1708334100.0,2024-02-19 14:45:00+05:30
154.0,154.25,153.9,153.95,3016.0,1708334400.0,2024-02-19 14:50:00+05:30
154.05,154.1,152.3,152.3,34684.0,1708334700.0,2024-02-19 14:55:00+05:30
152.5,153.05,152.25,152.8,13988.0,1708335000.0,2024-02-19 15:00:00+05:30
152.8,152.9,152.3,152.55,11260.0,1708335300.0,2024-02-19 15:05:00+05:30
152.75,154.2,152.75,154.2,13904.0,1708335600.0,2024-02-19 15:10:00+05:30
153.75,154.25,153.5,153.8,9356.0,1708335900.0,2024-02-19 15:15:00+05:30
153.95,154.25,153.8,153.8,14704.0,1708336200.0,2024-02-19 15:20:00+05:30
153.7,154.25,153.5,154.25,16464.0,1708336500.0,2024-02-19 15:25:00+05:30
152.2,156.1,152.2,155.4,10148.0,1708400700.0,2024-02-20 09:15:00+05:30
155.7,155.7,155.15,155.35,8720.0,1708401000.0,2024-02-20 09:20:00+05:30
155.3,155.45,154.75,154.9,3032.0,1708401300.0,2024-02-20 09:25:00+05:30
154.85,154.95,154.35,154.4,3820.0,1708401600.0,2024-02-20 09:30:00+05:30
154.4,155.15,154.4,154.8,1856.0,1708401900.0,2024-02-20 09:35:00+05:30
154.8,155.1,154.35,154.45,480.0,1708402200.0,2024-02-20 09:40:00+05:30
154.35,154.55,154.15,154.15,472.0,1708402500.0,2024-02-20 09:45:00+05:30
154.3,154.45,154.0,154.05,820.0,1708402800.0,2024-02-20 09:50:00+05:30
154.05,154.5,153.5,154.05,11456.0,1708403100.0,2024-02-20 09:55:00+05:30
154.0,154.0,153.3,153.65,2024.0,1708403400.0,2024-02-20 10:00:00+05:30
153.5,153.8,153.5,153.55,364.0,1708403700.0,2024-02-20 10:05:00+05:30
153.55,153.75,152.9,152.9,5812.0,1708404000.0,2024-02-20 10:10:00+05:30
152.9,153.4,152.9,152.95,1736.0,1708404300.0,2024-02-20 10:15:00+05:30
153.0,153.05,152.8,152.9,4884.0,1708404600.0,2024-02-20 10:20:00+05:30
152.7,153.15,152.7,153.0,28208.0,1708404900.0,2024-02-20 10:25:00+05:30
153.0,153.35,152.9,153.0,81516.0,1708405200.0,2024-02-20 10:30:00+05:30
153.0,153.05,152.7,152.85,98608.0,1708405500.0,2024-02-20 10:35:00+05:30
153.0,153.05,152.85,152.85,10168.0,1708405800.0,2024-02-20 10:40:00+05:30
152.75,152.9,152.55,152.9,59892.0,1708406100.0,2024-02-20 10:45:00+05:30
152.95,153.0,152.9,153.0,292.0,1708406400.0,2024-02-20 10:50:00+05:30
153.0,153.25,153.0,153.25,1812.0,1708406700.0,2024-02-20 10:55:00+05:30
153.25,153.25,153.0,153.0,30560.0,1708407000.0,2024-02-20 11:00:00+05:30
153.0,153.2,152.85,153.15,11840.0,1708407300.0,2024-02-20 11:05:00+05:30
153.0,153.25,152.95,153.0,5492.0,1708407600.0,2024-02-20 11:10:00+05:30
153.0,153.35,153.0,153.35,832.0,1708407900.0,2024-02-20 11:15:00+05:30
153.4,153.45,153.4,153.45,948.0,1708408200.0,2024-02-20 11:20:00+05:30
153.75,153.8,152.8,153.1,70216.0,1708408500.0,2024-02-20 11:25:00+05:30
153.1,153.1,152.8,152.9,23388.0,1708408800.0,2024-02-20 11:30:00+05:30
152.6,152.6,152.0,152.35,24000.0,1708409100.0,2024-02-20 11:35:00+05:30
152.35,152.4,151.85,151.85,39048.0,1708409400.0,2024-02-20 11:40:00+05:30
152.1,152.2,151.75,151.75,3024.0,1708409700.0,2024-02-20 11:45:00+05:30
151.75,152.0,151.5,152.0,7316.0,1708410000.0,2024-02-20 11:50:00+05:30
151.9,152.1,151.9,151.95,2576.0,1708410300.0,2024-02-20 11:55:00+05:30
152.3,152.3,151.5,151.7,83564.0,1708410600.0,2024-02-20 12:00:00+05:30
151.7,151.75,151.3,151.75,3864.0,1708410900.0,2024-02-20 12:05:00+05:30
151.8,152.3,151.75,152.2,18876.0,1708411200.0,2024-02-20 12:10:00+05:30
152.2,152.2,152.05,152.05,340.0,1708411500.0,2024-02-20 12:15:00+05:30
152.25,152.25,152.2,152.2,664.0,1708411800.0,2024-02-20 12:20:00+05:30
152.2,152.2,151.35,151.9,90120.0,1708412100.0,2024-02-20 12:25:00+05:30
151.8,152.85,151.8,152.75,9256.0,1708412400.0,2024-02-20 12:30:00+05:30
152.6,152.6,152.05,152.4,107644.0,1708412700.0,2024-02-20 12:35:00+05:30
152.4,152.9,152.35,152.9,7040.0,1708413000.0,2024-02-20 12:40:00+05:30
152.75,153.3,152.75,153.3,13936.0,1708413300.0,2024-02-20 12:45:00+05:30
153.5,153.55,152.95,153.2,11360.0,1708413600.0,2024-02-20 12:50:00+05:30
153.2,153.2,153.0,153.2,2136.0,1708413900.0,2024-02-20 12:55:00+05:30
153.2,153.2,153.0,153.2,636.0,1708414200.0,2024-02-20 13:00:00+05:30
153.2,153.25,153.0,153.05,7164.0,1708414500.0,2024-02-20 13:05:00+05:30
153.0,153.0,151.8,152.05,91300.0,1708414800.0,2024-02-20 13:10:00+05:30
152.05,152.2,149.65,150.2,159424.0,1708415100.0,2024-02-20 13:15:00+05:30
150.0,150.2,149.45,149.45,22316.0,1708415400.0,2024-02-20 13:20:00+05:30
149.5,149.5,149.1,149.2,10592.0,1708415700.0,2024-02-20 13:25:00+05:30
149.3,149.45,148.9,149.1,7180.0,1708416000.0,2024-02-20 13:30:00+05:30
149.1,149.85,149.0,149.75,18108.0,1708416300.0,2024-02-20 13:35:00+05:30
149.7,150.5,149.4,149.4,54424.0,1708416600.0,2024-02-20 13:40:00+05:30
149.4,149.6,148.8,149.6,7708.0,1708416900.0,2024-02-20 13:45:00+05:30
149.6,150.0,148.35,149.25,87108.0,1708417200.0,2024-02-20 13:50:00+05:30
149.2,149.25,148.9,148.9,13248.0,1708417500.0,2024-02-20 13:55:00+05:30
148.9,149.1,148.6,148.65,7072.0,1708417800.0,2024-02-20 14:00:00+05:30
148.7,149.25,148.7,149.1,17752.0,1708418100.0,2024-02-20 14:05:00+05:30
149.1,149.2,149.0,149.2,9136.0,1708418400.0,2024-02-20 14:10:00+05:30
149.2,150.2,149.2,150.0,25852.0,1708418700.0,2024-02-20 14:15:00+05:30
150.0,152.5,150.0,151.0,43956.0,1708419000.0,2024-02-20 14:20:00+05:30
150.8,150.95,150.6,150.7,2616.0,1708419300.0,2024-02-20 14:25:00+05:30
150.7,150.8,150.7,150.8,1368.0,1708419600.0,2024-02-20 14:30:00+05:30
151.0,151.55,151.0,151.25,6076.0,1708419900.0,2024-02-20 14:35:00+05:30
151.2,151.75,151.2,151.65,4784.0,1708420200.0,2024-02-20 14:40:00+05:30
151.65,151.65,151.5,151.5,3688.0,1708420500.0,2024-02-20 14:45:00+05:30
151.5,151.55,151.5,151.5,17436.0,1708420800.0,2024-02-20 14:50:00+05:30
151.5,151.85,151.2,151.65,28408.0,1708421100.0,2024-02-20 14:55:00+05:30
151.75,151.75,151.65,151.65,2028.0,1708421400.0,2024-02-20 15:00:00+05:30
151.75,152.1,151.75,151.75,9668.0,1708421700.0,2024-02-20 15:05:00+05:30
151.75,151.8,151.75,151.75,6852.0,1708422000.0,2024-02-20 15:10:00+05:30
151.75,152.2,151.75,151.75,32072.0,1708422300.0,2024-02-20 15:15:00+05:30
151.65,151.9,151.65,151.9,50184.0,1708422600.0,2024-02-20 15:20:00+05:30
151.95,152.0,150.75,151.0,52600.0,1708422900.0,2024-02-20 15:25:00+05:30
151.65,152.85,151.55,152.45,6568.0,1708487100.0,2024-02-21 09:15:00+05:30
152.15,152.65,151.8,151.95,4608.0,1708487400.0,2024-02-21 09:20:00+05:30
151.85,152.3,151.8,152.3,4824.0,1708487700.0,2024-02-21 09:25:00+05:30
152.4,152.5,152.15,152.15,564.0,1708488000.0,2024-02-21 09:30:00+05:30
152.15,152.75,151.9,152.7,8668.0,1708488300.0,2024-02-21 09:35:00+05:30
152.6,152.7,152.4,152.65,2492.0,1708488600.0,2024-02-21 09:40:00+05:30
152.5,152.9,152.5,152.9,2016.0,1708488900.0,2024-02-21 09:45:00+05:30
152.75,152.9,152.5,152.9,2752.0,1708489200.0,2024-02-21 09:50:00+05:30
152.9,153.0,152.8,152.8,712.0,1708489500.0,2024-02-21 09:55:00+05:30
152.85,153.0,152.6,152.65,1552.0,1708489800.0,2024-02-21 10:00:00+05:30
152.65,153.0,152.65,152.8,2308.0,1708490100.0,2024-02-21 10:05:00+05:30
152.95,153.35,152.75,153.35,8792.0,1708490400.0,2024-02-21 10:10:00+05:30
153.3,153.3,153.0,153.15,948.0,1708490700.0,2024-02-21 10:15:00+05:30
153.3,153.5,153.3,153.3,6380.0,1708491000.0,2024-02-21 10:20:00+05:30
153.3,153.4,153.3,153.3,4300.0,1708491300.0,2024-02-21 10:25:00+05:30
153.3,154.0,153.3,153.75,14484.0,1708491600.0,2024-02-21 10:30:00+05:30
153.75,153.95,153.75,153.75,3692.0,1708491900.0,2024-02-21 10:35:00+05:30
153.75,153.9,153.75,153.75,7692.0,1708492200.0,2024-02-21 10:40:00+05:30
153.75,154.0,153.75,154.0,9092.0,1708492500.0,2024-02-21 10:45:00+05:30
154.0,154.1,153.9,153.9,1720.0,1708492800.0,2024-02-21 10:50:00+05:30
154.25,154.45,154.25,154.45,13304.0,1708493100.0,2024-02-21 10:55:00+05:30
154.5,154.75,154.1,154.75,30192.0,1708493400.0,2024-02-21 11:00:00+05:30
154.55,154.75,154.55,154.7,1156.0,1708493700.0,2024-02-21 11:05:00+05:30
154.6,154.6,154.4,154.4,656.0,1708494000.0,2024-02-21 11:10:00+05:30
154.5,154.5,154.25,154.25,5048.0,1708494300.0,2024-02-21 11:15:00+05:30
154.25,154.75,154.25,154.7,11104.0,1708494600.0,2024-02-21 11:20:00+05:30
154.8,154.8,154.8,154.8,3264.0,1708494900.0,2024-02-21 11:25:00+05:30
154.8,154.8,154.5,154.8,12088.0,1708495200.0,2024-02-21 11:30:00+05:30
154.65,154.8,154.4,154.4,22260.0,1708495500.0,2024-02-21 11:35:00+05:30
154.0,154.5,154.0,154.35,24436.0,1708495800.0,2024-02-21 11:40:00+05:30
154.35,154.6,154.35,154.4,188.0,1708496100.0,2024-02-21 11:45:00+05:30
154.4,154.4,154.4,154.4,21900.0,1708496400.0,2024-02-21 11:50:00+05:30
154.4,154.5,154.4,154.5,220.0,1708496700.0,2024-02-21 11:55:00+05:30
154.5,154.65,154.5,154.65,880.0,1708497000.0,2024-02-21 12:00:00+05:30
154.65,154.65,154.5,154.6,6048.0,1708497300.0,2024-02-21 12:05:00+05:30
154.6,154.6,154.5,154.5,1936.0,1708497600.0,2024-02-21 12:10:00+05:30
154.5,154.6,154.5,154.5,9948.0,1708497900.0,2024-02-21 12:15:00+05:30
154.6,154.6,154.5,154.5,5380.0,1708498200.0,2024-02-21 12:20:00+05:30
154.5,154.75,154.4,154.4,1152.0,1708498500.0,2024-02-21 12:25:00+05:30
154.4,154.65,154.4,154.65,1548.0,1708498800.0,2024-02-21 12:30:00+05:30
154.75,154.9,154.7,154.9,2404.0,1708499100.0,2024-02-21 12:35:00+05:30
154.75,154.95,154.75,154.9,6252.0,1708499400.0,2024-02-21 12:40:00+05:30
154.9,154.95,154.9,154.9,5376.0,1708499700.0,2024-02-21 12:45:00+05:30
154.9,154.95,154.9,154.95,424.0,1708500000.0,2024-02-21 12:50:00+05:30
154.95,155.0,154.9,154.9,10544.0,1708500300.0,2024-02-21 12:55:00+05:30
154.9,154.9,154.75,154.75,9180.0,1708500600.0,2024-02-21 13:00:00+05:30
154.75,154.75,154.5,154.6,1528.0,1708500900.0,2024-02-21 13:05:00+05:30
154.7,154.7,154.65,154.65,2152.0,1708501200.0,2024-02-21 13:10:00+05:30
154.65,154.8,154.65,154.65,21804.0,1708501500.0,2024-02-21 13:15:00+05:30
154.65,154.8,154.65,154.8,1288.0,1708501800.0,2024-02-21 13:20:00+05:30
154.8,154.95,154.75,154.95,4732.0,1708502100.0,2024-02-21 13:25:00+05:30
154.95,154.95,154.5,154.5,19280.0,1708502400.0,2024-02-21 13:30:00+05:30
154.5,154.75,154.5,154.5,4448.0,1708502700.0,2024-02-21 13:35:00+05:30
154.5,154.7,154.5,154.7,16.0,1708503000.0,2024-02-21 13:40:00+05:30
154.75,154.85,154.75,154.8,2440.0,1708503300.0,2024-02-21 13:45:00+05:30
154.8,154.8,154.8,154.8,80.0,1708503600.0,2024-02-21 13:50:00+05:30
154.8,154.8,154.5,154.5,1948.0,1708503900.0,2024-02-21 13:55:00+05:30
154.5,154.5,154.5,154.5,2660.0,1708504200.0,2024-02-21 14:00:00+05:30
154.5,154.75,154.5,154.65,26612.0,1708504500.0,2024-02-21 14:05:00+05:30
154.65,154.8,154.65,154.8,6372.0,1708504800.0,2024-02-21 14:10:00+05:30
154.8,155.0,154.75,154.95,6760.0,1708505100.0,2024-02-21 14:15:00+05:30
154.85,155.0,154.8,154.8,3928.0,1708505400.0,2024-02-21 14:20:00+05:30
154.8,154.95,154.8,154.8,52.0,1708505700.0,2024-02-21 14:25:00+05:30
154.8,155.6,154.8,155.2,6848.0,1708506000.0,2024-02-21 14:30:00+05:30
155.1,155.1,154.5,154.8,9132.0,1708506300.0,2024-02-21 14:35:00+05:30
154.75,155.0,154.75,154.75,5332.0,1708506600.0,2024-02-21 14:40:00+05:30
154.75,154.75,152.8,152.95,12980.0,1708506900.0,2024-02-21 14:45:00+05:30
153.1,153.7,153.1,153.15,4832.0,1708507200.0,2024-02-21 14:50:00+05:30
153.15,153.3,153.15,153.3,108.0,1708507500.0,2024-02-21 14:55:00+05:30
153.55,153.55,153.0,153.0,932.0,1708507800.0,2024-02-21 15:00:00+05:30
153.4,153.4,153.2,153.4,916.0,1708508100.0,2024-02-21 15:05:00+05:30
153.4,153.4,152.8,152.8,5440.0,1708508400.0,2024-02-21 15:10:00+05:30
152.75,153.25,152.7,153.2,7808.0,1708508700.0,2024-02-21 15:15:00+05:30
153.25,153.5,153.15,153.25,7420.0,1708509000.0,2024-02-21 15:20:00+05:30
153.25,153.7,152.15,153.7,14600.0,1708509300.0,2024-02-21 15:25:00+05:30
152.5,154.8,152.5,154.55,6688.0,1708573500.0,2024-02-22 09:15:00+05:30
154.25,154.3,152.75,152.8,5196.0,1708573800.0,2024-02-22 09:20:00+05:30
152.8,153.1,152.4,152.7,4412.0,1708574100.0,2024-02-22 09:25:00+05:30
152.45,152.45,151.4,151.9,1968.0,1708574400.0,2024-02-22 09:30:00+05:30
151.9,152.95,151.85,152.3,9604.0,1708574700.0,2024-02-22 09:35:00+05:30
152.3,153.0,152.2,152.5,4476.0,1708575000.0,2024-02-22 09:40:00+05:30
152.25,153.7,152.2,153.7,10304.0,1708575300.0,2024-02-22 09:45:00+05:30
153.25,153.5,153.05,153.05,1152.0,1708575600.0,2024-02-22 09:50:00+05:30
153.05,153.35,152.55,152.55,1264.0,1708575900.0,2024-02-22 09:55:00+05:30
152.75,152.95,152.5,152.7,1416.0,1708576200.0,2024-02-22 10:00:00+05:30
152.7,153.2,152.6,153.0,2064.0,1708576500.0,2024-02-22 10:05:00+05:30
152.9,152.9,152.75,152.75,556.0,1708576800.0,2024-02-22 10:10:00+05:30
152.75,153.0,152.4,152.4,4668.0,1708577100.0,2024-02-22 10:15:00+05:30
152.4,152.5,151.95,152.4,2332.0,1708577400.0,2024-02-22 10:20:00+05:30
152.25,152.75,152.25,152.55,3204.0,1708577700.0,2024-02-22 10:25:00+05:30
152.55,152.9,152.55,152.9,1308.0,1708578000.0,2024-02-22 10:30:00+05:30
153.4,153.4,152.1,152.45,6964.0,1708578300.0,2024-02-22 10:35:00+05:30
152.45,152.5,152.0,152.0,9308.0,1708578600.0,2024-02-22 10:40:00+05:30
152.0,152.4,152.0,152.35,1000.0,1708578900.0,2024-02-22 10:45:00+05:30
152.4,152.4,152.05,152.05,3204.0,1708579200.0,2024-02-22 10:50:00+05:30
152.05,152.05,151.25,151.3,6176.0,1708579500.0,2024-02-22 10:55:00+05:30
151.5,151.5,150.9,151.0,3872.0,1708579800.0,2024-02-22 11:00:00+05:30
150.9,151.15,149.9,149.9,34452.0,1708580100.0,2024-02-22 11:05:00+05:30
150.1,150.2,149.75,150.1,2340.0,1708580400.0,2024-02-22 11:10:00+05:30
150.1,150.95,149.95,150.75,6272.0,1708580700.0,2024-02-22 11:15:00+05:30
151.1,151.1,150.3,150.5,17812.0,1708581000.0,2024-02-22 11:20:00+05:30
150.75,151.2,150.05,150.85,12516.0,1708581300.0,2024-02-22 11:25:00+05:30
150.85,150.85,149.95,150.0,18568.0,1708581600.0,2024-02-22 11:30:00+05:30
150.0,150.3,149.85,150.0,5212.0,1708581900.0,2024-02-22 11:35:00+05:30
150.0,150.4,149.65,149.8,7324.0,1708582200.0,2024-02-22 11:40:00+05:30
149.8,149.9,149.75,149.75,612.0,1708582500.0,2024-02-22 11:45:00+05:30
149.65,150.15,149.65,150.0,9348.0,1708582800.0,2024-02-22 11:50:00+05:30
150.0,150.1,149.9,149.9,5140.0,1708583100.0,2024-02-22 11:55:00+05:30
149.9,150.0,149.9,150.0,1260.0,1708583400.0,2024-02-22 12:00:00+05:30
150.0,150.0,149.9,150.0,2968.0,1708583700.0,2024-02-22 12:05:00+05:30
150.0,150.0,149.65,149.85,3108.0,1708584000.0,2024-02-22 12:10:00+05:30
149.85,149.95,149.65,149.65,848.0,1708584300.0,2024-02-22 12:15:00+05:30
149.8,149.8,149.5,149.65,1064.0,1708584600.0,2024-02-22 12:20:00+05:30
149.65,149.85,149.6,149.85,1660.0,1708584900.0,2024-02-22 12:25:00+05:30
149.85,149.9,149.7,149.7,336.0,1708585200.0,2024-02-22 12:30:00+05:30
149.8,149.9,149.5,149.75,1432.0,1708585500.0,2024-02-22 12:35:00+05:30
149.7,149.9,149.6,149.75,1300.0,1708585800.0,2024-02-22 12:40:00+05:30
149.75,150.95,149.6,150.95,12096.0,1708586100.0,2024-02-22 12:45:00+05:30
150.85,151.05,149.55,149.7,28272.0,1708586400.0,2024-02-22 12:50:00+05:30
149.7,149.8,149.7,149.8,472.0,1708586700.0,2024-02-22 12:55:00+05:30
149.75,149.8,149.7,149.8,268.0,1708587000.0,2024-02-22 13:00:00+05:30
149.8,150.0,149.8,150.0,416.0,1708587300.0,2024-02-22 13:05:00+05:30
150.0,150.0,149.7,149.7,912.0,1708587600.0,2024-02-22 13:10:00+05:30
149.7,150.2,149.7,150.2,1588.0,1708587900.0,2024-02-22 13:15:00+05:30
150.2,150.3,149.7,150.05,8400.0,1708588200.0,2024-02-22 13:20:00+05:30
150.0,150.25,149.55,149.95,8796.0,1708588500.0,2024-02-22 13:25:00+05:30
149.9,149.9,149.75,149.85,1116.0,1708588800.0,2024-02-22 13:30:00+05:30
149.85,149.95,149.55,149.55,2728.0,1708589100.0,2024-02-22 13:35:00+05:30
149.8,149.95,149.75,149.8,8040.0,1708589400.0,2024-02-22 13:40:00+05:30
149.75,149.9,149.55,149.7,5660.0,1708589700.0,2024-02-22 13:45:00+05:30
149.85,149.9,149.65,149.9,440.0,1708590000.0,2024-02-22 13:50:00+05:30
149.65,149.8,149.55,149.55,1380.0,1708590300.0,2024-02-22 13:55:00+05:30
149.55,150.6,149.55,150.4,10016.0,1708590600.0,2024-02-22 14:00:00+05:30
150.2,151.9,150.2,151.2,57176.0,1708590900.0,2024-02-22 14:05:00+05:30
151.2,151.2,151.05,151.05,92.0,1708591200.0,2024-02-22 14:10:00+05:30
150.8,150.9,150.5,150.5,1772.0,1708591500.0,2024-02-22 14:15:00+05:30
150.5,150.8,150.35,150.75,1208.0,1708591800.0,2024-02-22 14:20:00+05:30
150.8,151.8,150.8,151.65,15456.0,1708592100.0,2024-02-22 14:25:00+05:30
151.9,152.95,151.6,152.95,17872.0,1708592400.0,2024-02-22 14:30:00+05:30
152.3,152.85,152.3,152.55,12732.0,1708592700.0,2024-02-22 14:35:00+05:30
152.5,152.8,152.5,152.75,5620.0,1708593000.0,2024-02-22 14:40:00+05:30
152.75,152.8,151.5,152.5,57544.0,1708593300.0,2024-02-22 14:45:00+05:30
152.25,153.25,152.25,153.0,14096.0,1708593600.0,2024-02-22 14:50:00+05:30
152.8,152.8,152.4,152.8,20320.0,1708593900.0,2024-02-22 14:55:00+05:30
152.55,152.75,152.4,152.4,10236.0,1708594200.0,2024-02-22 15:00:00+05:30
152.5,152.7,152.5,152.5,26912.0,1708594500.0,2024-02-22 15:05:00+05:30
152.3,152.55,152.3,152.5,2392.0,1708594800.0,2024-02-22 15:10:00+05:30
152.25,153.0,152.1,153.0,40348.0,1708595100.0,2024-02-22 15:15:00+05:30
153.0,153.4,153.0,153.0,76296.0,1708595400.0,2024-02-22 15:20:00+05:30
153.0,154.25,152.5,154.25,218728.0,1708595700.0,2024-02-22 15:25:00+05:30
156.0,156.0,154.0,155.1,17852.0,1708659900.0,2024-02-23 09:15:00+05:30
155.2,155.5,155.0,155.0,7836.0,1708660200.0,2024-02-23 09:20:00+05:30
155.2,156.9,155.2,156.9,21756.0,1708660500.0,2024-02-23 09:25:00+05:30
156.3,156.4,155.75,156.0,4712.0,1708660800.0,2024-02-23 09:30:00+05:30
155.7,155.7,155.4,155.4,604.0,1708661100.0,2024-02-23 09:35:00+05:30
155.4,155.4,155.0,155.25,10484.0,1708661400.0,2024-02-23 09:40:00+05:30
155.3,155.8,155.3,155.45,5716.0,1708661700.0,2024-02-23 09:45:00+05:30
155.35,155.55,155.25,155.25,9884.0,1708662000.0,2024-02-23 09:50:00+05:30
155.55,155.6,155.35,155.55,2452.0,1708662300.0,2024-02-23 09:55:00+05:30
155.6,155.6,155.2,155.2,1148.0,1708662600.0,2024-02-23 10:00:00+05:30
155.4,155.4,155.2,155.3,2740.0,1708662900.0,2024-02-23 10:05:00+05:30
155.3,155.35,155.0,155.35,3496.0,1708663200.0,2024-02-23 10:10:00+05:30
155.35,155.6,155.35,155.6,2380.0,1708663500.0,2024-02-23 10:15:00+05:30
155.6,155.8,155.5,155.5,568.0,1708663800.0,2024-02-23 10:20:00+05:30
155.5,155.5,155.35,155.5,448.0,1708664100.0,2024-02-23 10:25:00+05:30
155.5,155.5,155.05,155.15,860.0,1708664400.0,2024-02-23 10:30:00+05:30
155.3,155.3,155.1,155.1,164.0,1708664700.0,2024-02-23 10:35:00+05:30
155.1,155.1,155.0,155.0,1416.0,1708665000.0,2024-02-23 10:40:00+05:30
155.0,155.2,155.0,155.2,12308.0,1708665300.0,2024-02-23 10:45:00+05:30
155.2,155.3,155.2,155.3,48.0,1708665600.0,2024-02-23 10:50:00+05:30
155.3,155.3,155.2,155.2,204.0,1708665900.0,2024-02-23 10:55:00+05:30
155.35,155.35,155.1,155.2,652.0,1708666200.0,2024-02-23 11:00:00+05:30
155.2,155.2,155.1,155.2,92.0,1708666500.0,2024-02-23 11:05:00+05:30
155.2,155.35,155.1,155.1,7156.0,1708666800.0,2024-02-23 11:10:00+05:30
155.35,155.35,155.05,155.1,636.0,1708667100.0,2024-02-23 11:15:00+05:30
155.25,155.4,155.0,155.4,900.0,1708667400.0,2024-02-23 11:20:00+05:30
155.45,155.5,155.35,155.35,204.0,1708667700.0,2024-02-23 11:25:00+05:30
155.35,155.75,155.3,155.75,3976.0,1708668000.0,2024-02-23 11:30:00+05:30
155.95,155.95,155.05,155.05,6684.0,1708668300.0,2024-02-23 11:35:00+05:30
155.0,155.25,155.0,155.25,4352.0,1708668600.0,2024-02-23 11:40:00+05:30
155.3,155.3,155.3,155.3,40.0,1708668900.0,2024-02-23 11:45:00+05:30
155.35,155.35,155.0,155.0,840.0,1708669200.0,2024-02-23 11:50:00+05:30
155.0,155.0,155.0,155.0,1328.0,1708669500.0,2024-02-23 11:55:00+05:30
155.2,155.2,155.0,155.0,988.0,1708669800.0,2024-02-23 12:00:00+05:30
155.75,155.75,155.0,155.0,7716.0,1708670100.0,2024-02-23 12:05:00+05:30
155.0,155.0,155.0,155.0,0.0,1708670400.0,2024-02-23 12:10:00+05:30
155.05,155.7,155.05,155.7,3808.0,1708670700.0,2024-02-23 12:15:00+05:30
155.7,155.7,155.5,155.55,244.0,1708671000.0,2024-02-23 12:20:00+05:30
155.55,155.75,155.55,155.55,540.0,1708671300.0,2024-02-23 12:25:00+05:30
155.55,155.9,155.55,155.9,344.0,1708671600.0,2024-02-23 12:30:00+05:30
155.9,155.9,155.65,155.65,148.0,1708671900.0,2024-02-23 12:35:00+05:30
155.65,155.65,155.55,155.55,360.0,1708672200.0,2024-02-23 12:40:00+05:30
155.55,155.75,155.5,155.5,596.0,1708672500.0,2024-02-23 12:45:00+05:30
155.45,155.45,155.45,155.45,208.0,1708672800.0,2024-02-23 12:50:00+05:30
155.45,155.45,155.2,155.4,32.0,1708673100.0,2024-02-23 12:55:00+05:30
155.4,155.75,155.15,155.6,4160.0,1708673400.0,2024-02-23 13:00:00+05:30
155.4,155.7,155.4,155.45,556.0,1708673700.0,2024-02-23 13:05:00+05:30
155.45,155.6,155.4,155.6,1388.0,1708674000.0,2024-02-23 13:10:00+05:30
155.6,155.8,155.6,155.75,2664.0,1708674300.0,2024-02-23 13:15:00+05:30
155.75,155.75,155.5,155.5,200.0,1708674600.0,2024-02-23 13:20:00+05:30
155.5,156.0,155.5,156.0,8584.0,1708674900.0,2024-02-23 13:25:00+05:30
156.0,156.25,156.0,156.25,3888.0,1708675200.0,2024-02-23 13:30:00+05:30
156.25,156.95,156.0,156.95,10052.0,1708675500.0,2024-02-23 13:35:00+05:30
156.9,157.2,156.65,156.9,7308.0,1708675800.0,2024-02-23 13:40:00+05:30
156.9,157.45,156.6,157.45,15332.0,1708676100.0,2024-02-23 13:45:00+05:30
157.6,157.7,157.25,157.25,36388.0,1708676400.0,2024-02-23 13:50:00+05:30
157.25,157.25,155.95,155.95,4252.0,1708676700.0,2024-02-23 13:55:00+05:30
155.95,156.15,155.95,156.0,348.0,1708677000.0,2024-02-23 14:00:00+05:30
156.0,156.0,156.0,156.0,404.0,1708677300.0,2024-02-23 14:05:00+05:30
156.0,156.0,155.85,156.0,1008.0,1708677600.0,2024-02-23 14:10:00+05:30
156.0,156.25,156.0,156.25,2004.0,1708677900.0,2024-02-23 14:15:00+05:30
156.4,156.4,156.2,156.3,860.0,1708678200.0,2024-02-23 14:20:00+05:30
156.0,156.15,156.0,156.05,116.0,1708678500.0,2024-02-23 14:25:00+05:30
156.05,156.05,155.95,155.95,400.0,1708678800.0,2024-02-23 14:30:00+05:30
155.95,156.05,155.8,155.8,84.0,1708679100.0,2024-02-23 14:35:00+05:30
155.8,155.95,155.8,155.95,336.0,1708679400.0,2024-02-23 14:40:00+05:30
155.95,155.95,155.95,155.95,24.0,1708679700.0,2024-02-23 14:45:00+05:30
155.85,155.9,155.25,155.4,5172.0,1708680000.0,2024-02-23 14:50:00+05:30
155.4,155.8,155.4,155.8,140.0,1708680300.0,2024-02-23 14:55:00+05:30
155.7,155.95,155.25,155.3,14232.0,1708680600.0,2024-02-23 15:00:00+05:30
155.15,155.4,155.0,155.25,12456.0,1708680900.0,2024-02-23 15:05:00+05:30
155.25,155.25,155.0,155.2,4148.0,1708681200.0,2024-02-23 15:10:00+05:30
155.2,155.2,155.0,155.1,10328.0,1708681500.0,2024-02-23 15:15:00+05:30
155.1,155.5,155.0,155.0,9200.0,1708681800.0,2024-02-23 15:20:00+05:30
155.0,155.5,155.0,155.5,19732.0,1708682100.0,2024-02-23 15:25:00+05:30
156.65,157.35,154.75,157.35,19528.0,1708919100.0,2024-02-26 09:15:00+05:30
156.9,156.9,155.45,156.15,11284.0,1708919400.0,2024-02-26 09:20:00+05:30
156.25,156.45,156.05,156.05,1796.0,1708919700.0,2024-02-26 09:25:00+05:30
155.7,155.7,155.0,155.2,6056.0,1708920000.0,2024-02-26 09:30:00+05:30
155.0,155.0,154.65,154.9,2108.0,1708920300.0,2024-02-26 09:35:00+05:30
154.5,154.9,154.5,154.7,4408.0,1708920600.0,2024-02-26 09:40:00+05:30
154.75,155.0,154.35,154.55,6956.0,1708920900.0,2024-02-26 09:45:00+05:30
154.65,154.7,154.1,154.1,3188.0,1708921200.0,2024-02-26 09:50:00+05:30
154.4,154.75,153.75,154.0,7704.0,1708921500.0,2024-02-26 09:55:00+05:30
154.2,154.2,154.0,154.05,320.0,1708921800.0,2024-02-26 10:00:00+05:30
154.0,154.6,154.0,154.45,3756.0,1708922100.0,2024-02-26 10:05:00+05:30
154.75,155.2,154.75,155.0,17132.0,1708922400.0,2024-02-26 10:10:00+05:30
155.0,155.0,155.0,155.0,92.0,1708922700.0,2024-02-26 10:15:00+05:30
155.0,155.0,154.7,154.7,1436.0,1708923000.0,2024-02-26 10:20:00+05:30
154.75,155.1,154.25,154.25,2748.0,1708923300.0,2024-02-26 10:25:00+05:30
154.0,154.2,154.0,154.2,656.0,1708923600.0,2024-02-26 10:30:00+05:30
154.2,154.35,154.0,154.2,3600.0,1708923900.0,2024-02-26 10:35:00+05:30
154.2,154.3,154.05,154.25,728.0,1708924200.0,2024-02-26 10:40:00+05:30
154.25,154.25,154.0,154.0,220.0,1708924500.0,2024-02-26 10:45:00+05:30
153.9,154.2,153.9,153.95,1184.0,1708924800.0,2024-02-26 10:50:00+05:30
153.95,154.3,153.5,153.5,4972.0,1708925100.0,2024-02-26 10:55:00+05:30
153.6,153.6,153.45,153.5,308.0,1708925400.0,2024-02-26 11:00:00+05:30
153.5,153.5,153.25,153.25,448.0,1708925700.0,2024-02-26 11:05:00+05:30
153.25,153.4,153.25,153.4,4.0,1708926000.0,2024-02-26 11:10:00+05:30
153.25,153.45,153.2,153.45,1900.0,1708926300.0,2024-02-26 11:15:00+05:30
153.45,153.45,153.2,153.4,156.0,1708926600.0,2024-02-26 11:20:00+05:30
153.4,153.4,153.25,153.25,152.0,1708926900.0,2024-02-26 11:25:00+05:30
153.25,153.25,152.05,152.25,15912.0,1708927200.0,2024-02-26 11:30:00+05:30
152.25,152.35,151.9,152.3,1580.0,1708927500.0,2024-02-26 11:35:00+05:30
152.3,152.6,152.1,152.6,2368.0,1708927800.0,2024-02-26 11:40:00+05:30
152.7,152.75,152.5,152.55,1240.0,1708928100.0,2024-02-26 11:45:00+05:30
152.7,152.7,152.5,152.7,188.0,1708928400.0,2024-02-26 11:50:00+05:30
152.5,152.5,152.0,152.0,1204.0,1708928700.0,2024-02-26 11:55:00+05:30
152.5,152.5,152.05,152.25,592.0,1708929000.0,2024-02-26 12:00:00+05:30
152.3,152.55,152.25,152.25,696.0,1708929300.0,2024-02-26 12:05:00+05:30
152.55,152.6,152.3,152.6,644.0,1708929600.0,2024-02-26 12:10:00+05:30
152.4,152.45,151.75,152.45,3344.0,1708929900.0,2024-02-26 12:15:00+05:30
152.15,152.4,152.15,152.2,616.0,1708930200.0,2024-02-26 12:20:00+05:30
152.05,152.05,149.6,151.1,114836.0,1708930500.0,2024-02-26 12:25:00+05:30
151.1,151.35,150.85,151.35,13564.0,1708930800.0,2024-02-26 12:30:00+05:30
151.7,151.9,151.5,151.7,1360.0,1708931100.0,2024-02-26 12:35:00+05:30
151.7,151.9,151.7,151.7,1780.0,1708931400.0,2024-02-26 12:40:00+05:30
151.9,152.05,151.9,152.0,1484.0,1708931700.0,2024-02-26 12:45:00+05:30
152.1,152.1,152.1,152.1,228.0,1708932000.0,2024-02-26 12:50:00+05:30
152.1,152.1,151.95,152.1,112.0,1708932300.0,2024-02-26 12:55:00+05:30
152.1,152.25,151.9,152.0,4740.0,1708932600.0,2024-02-26 13:00:00+05:30
152.0,152.0,152.0,152.0,8.0,1708932900.0,2024-02-26 13:05:00+05:30
152.0,152.1,152.0,152.0,1948.0,1708933200.0,2024-02-26 13:10:00+05:30
152.0,152.1,152.0,152.0,4928.0,1708933500.0,2024-02-26 13:15:00+05:30
152.1,152.45,152.05,152.3,9704.0,1708933800.0,2024-02-26 13:20:00+05:30
152.3,152.7,152.3,152.45,3432.0,1708934100.0,2024-02-26 13:25:00+05:30
152.45,152.6,152.4,152.5,5744.0,1708934400.0,2024-02-26 13:30:00+05:30
152.45,152.5,152.45,152.5,1636.0,1708934700.0,2024-02-26 13:35:00+05:30
152.5,152.75,152.4,152.75,848.0,1708935000.0,2024-02-26 13:40:00+05:30
152.75,152.75,152.5,152.75,644.0,1708935300.0,2024-02-26 13:45:00+05:30
152.75,152.75,152.7,152.75,2080.0,1708935600.0,2024-02-26 13:50:00+05:30
152.75,152.9,152.75,152.9,564.0,1708935900.0,2024-02-26 13:55:00+05:30
152.9,152.95,152.9,152.95,28.0,1708936200.0,2024-02-26 14:00:00+05:30
152.95,152.95,152.8,152.8,36.0,1708936500.0,2024-02-26 14:05:00+05:30
152.95,153.25,152.95,153.2,1824.0,1708936800.0,2024-02-26 14:10:00+05:30
153.2,153.2,153.0,153.2,944.0,1708937100.0,2024-02-26 14:15:00+05:30
153.25,154.25,153.25,154.0,5284.0,1708937400.0,2024-02-26 14:20:00+05:30
154.0,154.4,153.5,153.5,8160.0,1708937700.0,2024-02-26 14:25:00+05:30
153.5,153.5,153.25,153.5,6256.0,1708938000.0,2024-02-26 14:30:00+05:30
153.5,153.7,153.5,153.7,304.0,1708938300.0,2024-02-26 14:35:00+05:30
153.7,153.8,153.6,153.6,2120.0,1708938600.0,2024-02-26 14:40:00+05:30
153.6,153.6,153.2,153.2,4.0,1708938900.0,2024-02-26 14:45:00+05:30
152.85,153.2,152.5,152.95,5432.0,1708939200.0,2024-02-26 14:50:00+05:30
152.95,153.35,152.9,152.9,1520.0,1708939500.0,2024-02-26 14:55:00+05:30
152.75,153.45,152.75,153.45,39036.0,1708939800.0,2024-02-26 15:00:00+05:30
153.75,153.75,153.4,153.5,2860.0,1708940100.0,2024-02-26 15:05:00+05:30
153.5,153.65,153.5,153.65,2072.0,1708940400.0,2024-02-26 15:10:00+05:30
153.5,153.65,153.5,153.5,5316.0,1708940700.0,2024-02-26 15:15:00+05:30
153.6,153.75,153.5,153.75,18552.0,1708941000.0,2024-02-26 15:20:00+05:30
153.7,154.0,153.5,153.75,26244.0,1708941300.0,2024-02-26 15:25:00+05:30
154.7,155.35,154.25,154.85,10544.0,1709005500.0,2024-02-27 09:15:00+05:30
155.05,155.5,155.0,155.0,5664.0,1709005800.0,2024-02-27 09:20:00+05:30
155.05,155.3,155.05,155.3,704.0,1709006100.0,2024-02-27 09:25:00+05:30
155.25,155.3,155.05,155.25,3264.0,1709006400.0,2024-02-27 09:30:00+05:30
155.25,155.35,155.0,155.25,1868.0,1709006700.0,2024-02-27 09:35:00+05:30
155.3,155.4,155.3,155.4,632.0,1709007000.0,2024-02-27 09:40:00+05:30
155.4,155.4,155.15,155.35,148.0,1709007300.0,2024-02-27 09:45:00+05:30
155.1,155.7,155.1,155.6,6740.0,1709007600.0,2024-02-27 09:50:00+05:30
155.6,155.7,155.3,155.7,1328.0,1709007900.0,2024-02-27 09:55:00+05:30
155.75,156.1,155.75,156.1,3364.0,1709008200.0,2024-02-27 10:00:00+05:30
156.1,156.5,155.95,156.5,9784.0,1709008500.0,2024-02-27 10:05:00+05:30
156.55,157.0,156.55,156.8,5296.0,1709008800.0,2024-02-27 10:10:00+05:30
156.75,157.25,156.75,157.05,5884.0,1709009100.0,2024-02-27 10:15:00+05:30
157.15,157.85,157.15,157.7,18856.0,1709009400.0,2024-02-27 10:20:00+05:30
157.55,157.8,157.45,157.7,4836.0,1709009700.0,2024-02-27 10:25:00+05:30
157.6,158.15,157.5,158.0,4480.0,1709010000.0,2024-02-27 10:30:00+05:30
158.0,158.1,157.5,157.5,2044.0,1709010300.0,2024-02-27 10:35:00+05:30
157.75,157.75,157.5,157.65,5572.0,1709010600.0,2024-02-27 10:40:00+05:30
157.75,158.0,157.45,157.45,1856.0,1709010900.0,2024-02-27 10:45:00+05:30
157.65,157.85,157.4,157.4,1920.0,1709011200.0,2024-02-27 10:50:00+05:30
157.2,157.25,157.0,157.05,2848.0,1709011500.0,2024-02-27 10:55:00+05:30
157.05,157.7,157.05,157.7,3452.0,1709011800.0,2024-02-27 11:00:00+05:30
157.6,157.65,157.45,157.65,2632.0,1709012100.0,2024-02-27 11:05:00+05:30
157.45,157.45,157.45,157.45,4744.0,1709012400.0,2024-02-27 11:10:00+05:30
157.45,157.7,157.45,157.5,5508.0,1709012700.0,2024-02-27 11:15:00+05:30
157.5,157.5,157.5,157.5,516.0,1709013000.0,2024-02-27 11:20:00+05:30
157.45,157.75,157.45,157.65,3864.0,1709013300.0,2024-02-27 11:25:00+05:30
157.7,158.0,157.6,157.65,6744.0,1709013600.0,2024-02-27 11:30:00+05:30
157.5,158.05,157.5,157.9,620.0,1709013900.0,2024-02-27 11:35:00+05:30
157.7,157.75,157.6,157.75,892.0,1709014200.0,2024-02-27 11:40:00+05:30
157.75,157.75,157.25,157.45,508.0,1709014500.0,2024-02-27 11:45:00+05:30
157.45,157.45,157.4,157.4,7404.0,1709014800.0,2024-02-27 11:50:00+05:30
157.4,157.7,157.4,157.7,1804.0,1709015100.0,2024-02-27 11:55:00+05:30
157.7,157.7,157.55,157.7,628.0,1709015400.0,2024-02-27 12:00:00+05:30
157.7,158.0,157.7,158.0,2264.0,1709015700.0,2024-02-27 12:05:00+05:30
158.0,158.0,157.65,157.75,1032.0,1709016000.0,2024-02-27 12:10:00+05:30
157.75,157.9,157.55,157.65,1088.0,1709016300.0,2024-02-27 12:15:00+05:30
157.65,157.9,157.65,157.9,1880.0,1709016600.0,2024-02-27 12:20:00+05:30
157.9,158.05,157.9,158.05,2324.0,1709016900.0,2024-02-27 12:25:00+05:30
158.0,158.05,157.7,157.8,4352.0,1709017200.0,2024-02-27 12:30:00+05:30
157.8,157.8,157.5,157.6,960.0,1709017500.0,2024-02-27 12:35:00+05:30
157.6,157.85,157.55,157.55,2028.0,1709017800.0,2024-02-27 12:40:00+05:30
157.55,158.05,157.55,158.0,3100.0,1709018100.0,2024-02-27 12:45:00+05:30
157.95,157.95,157.9,157.9,368.0,1709018400.0,2024-02-27 12:50:00+05:30
157.75,158.0,157.75,158.0,620.0,1709018700.0,2024-02-27 12:55:00+05:30
158.0,158.0,157.6,157.8,164.0,1709019000.0,2024-02-27 13:00:00+05:30
157.8,157.8,157.6,157.6,580.0,1709019300.0,2024-02-27 13:05:00+05:30
157.5,157.75,157.5,157.7,13772.0,1709019600.0,2024-02-27 13:10:00+05:30
157.7,157.95,157.5,157.95,13984.0,1709019900.0,2024-02-27 13:15:00+05:30
158.0,158.0,157.55,157.75,5480.0,1709020200.0,2024-02-27 13:20:00+05:30
157.8,157.85,157.55,157.85,1252.0,1709020500.0,2024-02-27 13:25:00+05:30
157.85,157.9,157.7,157.7,3416.0,1709020800.0,2024-02-27 13:30:00+05:30
157.7,157.7,157.55,157.6,1012.0,1709021100.0,2024-02-27 13:35:00+05:30
157.6,157.95,157.5,157.7,9632.0,1709021400.0,2024-02-27 13:40:00+05:30
157.75,157.8,157.7,157.8,180.0,1709021700.0,2024-02-27 13:45:00+05:30
157.8,157.85,157.65,157.65,2060.0,1709022000.0,2024-02-27 13:50:00+05:30
157.5,157.8,157.5,157.7,4080.0,1709022300.0,2024-02-27 13:55:00+05:30
157.7,157.7,157.5,157.5,1240.0,1709022600.0,2024-02-27 14:00:00+05:30
157.4,157.5,157.4,157.45,6484.0,1709022900.0,2024-02-27 14:05:00+05:30
157.5,157.7,157.5,157.7,6740.0,1709023200.0,2024-02-27 14:10:00+05:30
157.7,157.85,157.4,157.5,5540.0,1709023500.0,2024-02-27 14:15:00+05:30
157.7,157.7,157.5,157.65,816.0,1709023800.0,2024-02-27 14:20:00+05:30
157.4,157.65,157.4,157.5,2812.0,1709024100.0,2024-02-27 14:25:00+05:30
157.5,157.75,157.4,157.4,6332.0,1709024400.0,2024-02-27 14:30:00+05:30
157.7,157.75,157.5,157.55,2948.0,1709024700.0,2024-02-27 14:35:00+05:30
157.7,157.75,157.55,157.7,692.0,1709025000.0,2024-02-27 14:40:00+05:30
157.75,157.75,157.7,157.75,1628.0,1709025300.0,2024-02-27 14:45:00+05:30
157.75,157.85,157.5,157.65,2968.0,1709025600.0,2024-02-27 14:50:00+05:30
157.55,157.75,157.45,157.5,3216.0,1709025900.0,2024-02-27 14:55:00+05:30
157.4,157.85,157.4,157.8,12148.0,1709026200.0,2024-02-27 15:00:00+05:30
157.8,158.0,157.8,158.0,13284.0,1709026500.0,2024-02-27 15:05:00+05:30
157.9,158.25,157.85,158.2,10000.0,1709026800.0,2024-02-27 15:10:00+05:30
157.95,158.1,157.8,158.1,5204.0,1709027100.0,2024-02-27 15:15:00+05:30
158.1,158.1,157.85,158.0,7712.0,1709027400.0,2024-02-27 15:20:00+05:30
157.9,158.0,157.25,157.5,21704.0,1709027700.0,2024-02-27 15:25:00+05:30
159.1,161.1,158.75,160.7,37348.0,1709091900.0,2024-02-28 09:15:00+05:30
160.05,160.9,160.0,160.15,24344.0,1709092200.0,2024-02-28 09:20:00+05:30
160.0,161.1,159.6,160.3,18848.0,1709092500.0,2024-02-28 09:25:00+05:30
160.5,160.85,160.4,160.75,10548.0,1709092800.0,2024-02-28 09:30:00+05:30
160.55,161.75,160.4,161.5,36688.0,1709093100.0,2024-02-28 09:35:00+05:30
161.7,162.5,161.5,162.25,38640.0,1709093400.0,2024-02-28 09:40:00+05:30
162.4,163.25,161.8,162.0,48128.0,1709093700.0,2024-02-28 09:45:00+05:30
161.75,162.4,161.05,161.9,35964.0,1709094000.0,2024-02-28 09:50:00+05:30
162.3,163.1,161.5,161.6,27356.0,1709094300.0,2024-02-28 09:55:00+05:30
161.2,161.65,160.5,161.2,21316.0,1709094600.0,2024-02-28 10:00:00+05:30
160.95,161.0,160.5,160.5,3136.0,1709094900.0,2024-02-28 10:05:00+05:30
160.5,160.7,160.2,160.6,19292.0,1709095200.0,2024-02-28 10:10:00+05:30
160.6,160.75,160.3,160.65,3148.0,1709095500.0,2024-02-28 10:15:00+05:30
160.5,160.65,159.65,159.65,10168.0,1709095800.0,2024-02-28 10:20:00+05:30
159.6,159.8,159.05,159.2,5208.0,1709096100.0,2024-02-28 10:25:00+05:30
159.0,159.6,158.8,159.25,5664.0,1709096400.0,2024-02-28 10:30:00+05:30
159.2,159.25,158.75,159.0,4108.0,1709096700.0,2024-02-28 10:35:00+05:30
158.85,158.85,158.55,158.55,1188.0,1709097000.0,2024-02-28 10:40:00+05:30
158.7,158.8,157.9,158.2,8980.0,1709097300.0,2024-02-28 10:45:00+05:30
158.15,158.15,157.2,157.2,8392.0,1709097600.0,2024-02-28 10:50:00+05:30
157.15,157.25,156.4,156.75,6048.0,1709097900.0,2024-02-28 10:55:00+05:30
156.8,156.8,155.0,155.3,50208.0,1709098200.0,2024-02-28 11:00:00+05:30
155.5,155.9,155.45,155.6,3580.0,1709098500.0,2024-02-28 11:05:00+05:30
155.6,156.1,155.6,155.75,7456.0,1709098800.0,2024-02-28 11:10:00+05:30
155.8,155.8,155.3,155.45,1944.0,1709099100.0,2024-02-28 11:15:00+05:30
155.5,155.6,155.2,155.2,2600.0,1709099400.0,2024-02-28 11:20:00+05:30
155.25,155.75,155.05,155.3,6312.0,1709099700.0,2024-02-28 11:25:00+05:30
155.4,155.5,155.2,155.25,9948.0,1709100000.0,2024-02-28 11:30:00+05:30
155.25,155.25,155.1,155.2,6680.0,1709100300.0,2024-02-28 11:35:00+05:30
155.15,155.15,154.55,154.7,7800.0,1709100600.0,2024-02-28 11:40:00+05:30
154.65,154.65,154.25,154.4,5800.0,1709100900.0,2024-02-28 11:45:00+05:30
154.4,155.0,154.3,154.9,4764.0,1709101200.0,2024-02-28 11:50:00+05:30
154.7,155.1,154.7,155.1,3872.0,1709101500.0,2024-02-28 11:55:00+05:30
155.15,155.2,154.2,155.0,10940.0,1709101800.0,2024-02-28 12:00:00+05:30
155.0,155.05,154.5,154.95,1384.0,1709102100.0,2024-02-28 12:05:00+05:30
154.95,155.0,154.95,154.95,336.0,1709102400.0,2024-02-28 12:10:00+05:30
154.95,155.2,154.95,155.2,2436.0,1709102700.0,2024-02-28 12:15:00+05:30
155.2,155.25,155.1,155.15,508.0,1709103000.0,2024-02-28 12:20:00+05:30
155.2,155.2,155.05,155.15,1192.0,1709103300.0,2024-02-28 12:25:00+05:30
155.15,155.15,154.95,155.05,572.0,1709103600.0,2024-02-28 12:30:00+05:30
155.0,155.2,155.0,155.2,944.0,1709103900.0,2024-02-28 12:35:00+05:30
155.15,155.25,154.9,155.05,1404.0,1709104200.0,2024-02-28 12:40:00+05:30
155.05,155.1,154.05,154.4,37492.0,1709104500.0,2024-02-28 12:45:00+05:30
154.35,154.5,153.8,154.0,2376.0,1709104800.0,2024-02-28 12:50:00+05:30
153.75,154.0,153.75,153.95,1568.0,1709105100.0,2024-02-28 12:55:00+05:30
153.95,154.1,153.7,154.0,5960.0,1709105400.0,2024-02-28 13:00:00+05:30
153.95,154.05,153.65,153.65,644.0,1709105700.0,2024-02-28 13:05:00+05:30
153.85,154.0,153.2,153.2,5492.0,1709106000.0,2024-02-28 13:10:00+05:30
153.2,153.9,153.15,153.7,2976.0,1709106300.0,2024-02-28 13:15:00+05:30
153.7,154.0,153.6,153.95,788.0,1709106600.0,2024-02-28 13:20:00+05:30
153.95,153.95,153.65,153.75,1132.0,1709106900.0,2024-02-28 13:25:00+05:30
153.75,154.6,153.75,154.3,3048.0,1709107200.0,2024-02-28 13:30:00+05:30
154.6,154.8,154.2,154.3,2812.0,1709107500.0,2024-02-28 13:35:00+05:30
154.25,154.5,154.2,154.45,836.0,1709107800.0,2024-02-28 13:40:00+05:30
154.5,154.55,153.8,154.1,2996.0,1709108100.0,2024-02-28 13:45:00+05:30
154.15,154.5,154.05,154.2,6144.0,1709108400.0,2024-02-28 13:50:00+05:30
154.2,154.2,153.9,154.1,2164.0,1709108700.0,2024-02-28 13:55:00+05:30
154.05,154.4,154.0,154.4,1436.0,1709109000.0,2024-02-28 14:00:00+05:30
154.4,154.45,154.2,154.2,816.0,1709109300.0,2024-02-28 14:05:00+05:30
154.1,154.1,153.95,154.0,1156.0,1709109600.0,2024-02-28 14:10:00+05:30
154.0,154.2,153.9,154.0,520.0,1709109900.0,2024-02-28 14:15:00+05:30
154.0,154.8,153.8,154.8,5992.0,1709110200.0,2024-02-28 14:20:00+05:30
154.6,154.95,154.25,154.25,15196.0,1709110500.0,2024-02-28 14:25:00+05:30
154.3,154.5,153.85,153.95,2688.0,1709110800.0,2024-02-28 14:30:00+05:30
153.9,153.9,153.3,153.3,8724.0,1709111100.0,2024-02-28 14:35:00+05:30
153.3,153.4,153.0,153.4,4436.0,1709111400.0,2024-02-28 14:40:00+05:30
153.4,153.4,152.9,153.1,3668.0,1709111700.0,2024-02-28 14:45:00+05:30
153.05,153.05,152.95,153.05,2408.0,1709112000.0,2024-02-28 14:50:00+05:30
153.25,153.25,152.95,153.05,1404.0,1709112300.0,2024-02-28 14:55:00+05:30
153.05,153.45,153.05,153.45,996.0,1709112600.0,2024-02-28 15:00:00+05:30
153.5,153.95,152.5,152.55,14960.0,1709112900.0,2024-02-28 15:05:00+05:30
152.7,152.9,151.7,152.35,14596.0,1709113200.0,2024-02-28 15:10:00+05:30
152.35,152.45,151.6,151.95,14124.0,1709113500.0,2024-02-28 15:15:00+05:30
151.7,152.5,151.5,152.3,11532.0,1709113800.0,2024-02-28 15:20:00+05:30
152.3,152.95,152.25,152.6,6836.0,1709114100.0,2024-02-28 15:25:00+05:30
153.05,154.75,152.55,152.7,13068.0,1709178300.0,2024-02-29 09:15:00+05:30
152.4,152.6,151.45,151.8,13200.0,1709178600.0,2024-02-29 09:20:00+05:30
151.95,152.75,151.95,152.75,4920.0,1709178900.0,2024-02-29 09:25:00+05:30
152.65,152.7,152.15,152.55,5596.0,1709179200.0,2024-02-29 09:30:00+05:30
152.75,153.05,152.4,152.75,8636.0,1709179500.0,2024-02-29 09:35:00+05:30
152.85,152.9,152.05,152.05,2064.0,1709179800.0,2024-02-29 09:40:00+05:30
152.2,152.5,152.05,152.3,572.0,1709180100.0,2024-02-29 09:45:00+05:30
152.3,152.5,152.05,152.5,512.0,1709180400.0,2024-02-29 09:50:00+05:30
152.5,152.95,151.7,151.75,9044.0,1709180700.0,2024-02-29 09:55:00+05:30
151.55,151.75,151.45,151.45,6332.0,1709181000.0,2024-02-29 10:00:00+05:30
151.5,151.5,151.25,151.25,19852.0,1709181300.0,2024-02-29 10:05:00+05:30
151.0,151.25,150.45,151.25,12516.0,1709181600.0,2024-02-29 10:10:00+05:30
151.25,151.25,151.0,151.0,1420.0,1709181900.0,2024-02-29 10:15:00+05:30
151.25,151.3,150.75,151.0,1780.0,1709182200.0,2024-02-29 10:20:00+05:30
151.05,151.25,151.05,151.25,436.0,1709182500.0,2024-02-29 10:25:00+05:30
151.25,151.25,150.8,150.8,2348.0,1709182800.0,2024-02-29 10:30:00+05:30
151.05,151.25,150.95,150.95,3152.0,1709183100.0,2024-02-29 10:35:00+05:30
151.0,151.15,150.8,151.15,316.0,1709183400.0,2024-02-29 10:40:00+05:30
151.15,151.15,150.8,150.8,1132.0,1709183700.0,2024-02-29 10:45:00+05:30
150.55,150.75,150.5,150.5,5268.0,1709184000.0,2024-02-29 10:50:00+05:30
150.65,150.9,150.35,150.5,2988.0,1709184300.0,2024-02-29 10:55:00+05:30
150.5,150.7,150.35,150.5,1836.0,1709184600.0,2024-02-29 11:00:00+05:30
150.5,150.5,149.5,149.85,9600.0,1709184900.0,2024-02-29 11:05:00+05:30
149.85,149.95,149.25,149.85,4968.0,1709185200.0,2024-02-29 11:10:00+05:30
149.95,150.0,149.5,149.7,1972.0,1709185500.0,2024-02-29 11:15:00+05:30
149.7,149.8,149.5,149.7,2556.0,1709185800.0,2024-02-29 11:20:00+05:30
149.8,150.0,149.65,149.8,3260.0,1709186100.0,2024-02-29 11:25:00+05:30
149.9,150.0,149.9,149.95,512.0,1709186400.0,2024-02-29 11:30:00+05:30
149.95,149.95,149.5,149.7,1668.0,1709186700.0,2024-02-29 11:35:00+05:30
149.75,149.75,149.5,149.75,3600.0,1709187000.0,2024-02-29 11:40:00+05:30
149.7,149.9,149.4,149.6,3084.0,1709187300.0,2024-02-29 11:45:00+05:30
149.4,149.6,149.3,149.6,844.0,1709187600.0,2024-02-29 11:50:00+05:30
149.6,149.85,149.6,149.75,704.0,1709187900.0,2024-02-29 11:55:00+05:30
149.75,149.85,149.5,149.85,2324.0,1709188200.0,2024-02-29 12:00:00+05:30
149.85,150.0,149.6,149.75,1708.0,1709188500.0,2024-02-29 12:05:00+05:30
149.85,150.0,149.6,149.8,16760.0,1709188800.0,2024-02-29 12:10:00+05:30
149.8,150.4,149.8,150.4,1700.0,1709189100.0,2024-02-29 12:15:00+05:30
150.4,150.55,150.15,150.4,708.0,1709189400.0,2024-02-29 12:20:00+05:30
150.4,150.7,150.35,150.45,4996.0,1709189700.0,2024-02-29 12:25:00+05:30
150.3,150.6,150.3,150.6,192.0,1709190000.0,2024-02-29 12:30:00+05:30
150.6,150.6,150.3,150.3,496.0,1709190300.0,2024-02-29 12:35:00+05:30
150.6,150.6,150.35,150.4,316.0,1709190600.0,2024-02-29 12:40:00+05:30
150.4,150.55,150.3,150.55,1120.0,1709190900.0,2024-02-29 12:45:00+05:30
150.6,150.9,150.6,150.6,1756.0,1709191200.0,2024-02-29 12:50:00+05:30
150.5,150.5,150.3,150.3,6612.0,1709191500.0,2024-02-29 12:55:00+05:30
150.3,150.7,150.25,150.6,2212.0,1709191800.0,2024-02-29 13:00:00+05:30
150.7,150.9,150.6,150.9,2720.0,1709192100.0,2024-02-29 13:05:00+05:30
150.9,150.9,150.65,150.65,304.0,1709192400.0,2024-02-29 13:10:00+05:30
150.6,150.85,150.6,150.6,484.0,1709192700.0,2024-02-29 13:15:00+05:30
150.65,150.85,150.6,150.85,384.0,1709193000.0,2024-02-29 13:20:00+05:30
150.7,150.9,150.6,150.6,100.0,1709193300.0,2024-02-29 13:25:00+05:30
150.6,151.05,150.6,151.05,184.0,1709193600.0,2024-02-29 13:30:00+05:30
150.9,151.25,150.8,151.25,5304.0,1709193900.0,2024-02-29 13:35:00+05:30
151.0,151.25,151.0,151.25,580.0,1709194200.0,2024-02-29 13:40:00+05:30
150.95,150.95,150.65,150.65,1620.0,1709194500.0,2024-02-29 13:45:00+05:30
150.7,151.0,150.7,150.7,644.0,1709194800.0,2024-02-29 13:50:00+05:30
150.95,150.95,150.75,150.75,288.0,1709195100.0,2024-02-29 13:55:00+05:30
150.8,150.95,150.8,150.95,392.0,1709195400.0,2024-02-29 14:00:00+05:30
150.95,150.95,150.65,150.65,472.0,1709195700.0,2024-02-29 14:05:00+05:30
150.85,150.9,150.65,150.65,660.0,1709196000.0,2024-02-29 14:10:00+05:30
150.9,151.0,150.8,150.8,376.0,1709196300.0,2024-02-29 14:15:00+05:30
150.8,151.25,150.8,151.25,4064.0,1709196600.0,2024-02-29 14:20:00+05:30
151.25,151.25,150.6,150.65,696.0,1709196900.0,2024-02-29 14:25:00+05:30
150.6,150.65,150.15,150.15,4392.0,1709197200.0,2024-02-29 14:30:00+05:30
150.15,150.55,150.15,150.35,936.0,1709197500.0,2024-02-29 14:35:00+05:30
150.35,150.95,150.35,150.65,940.0,1709197800.0,2024-02-29 14:40:00+05:30
150.9,150.9,150.4,150.6,1648.0,1709198100.0,2024-02-29 14:45:00+05:30
150.6,150.65,150.3,150.4,1228.0,1709198400.0,2024-02-29 14:50:00+05:30
150.5,150.55,150.3,150.35,2248.0,1709198700.0,2024-02-29 14:55:00+05:30
150.55,151.25,150.4,150.75,27992.0,1709199000.0,2024-02-29 15:00:00+05:30
150.75,151.25,150.1,151.25,27768.0,1709199300.0,2024-02-29 15:05:00+05:30
150.9,151.0,150.05,150.05,23756.0,1709199600.0,2024-02-29 15:10:00+05:30
150.3,150.7,150.25,150.65,21532.0,1709199900.0,2024-02-29 15:15:00+05:30
150.65,151.15,150.15,150.45,23324.0,1709200200.0,2024-02-29 15:20:00+05:30
150.65,151.2,150.2,150.5,21708.0,1709200500.0,2024-02-29 15:25:00+05:30
151.25,152.7,151.25,152.7,17800.0,1709264700.0,2024-03-01 09:15:00+05:30
152.75,153.6,152.75,153.0,8400.0,1709265000.0,2024-03-01 09:20:00+05:30
152.75,152.95,152.7,152.95,2992.0,1709265300.0,2024-03-01 09:25:00+05:30
152.95,153.0,152.8,153.0,1768.0,1709265600.0,2024-03-01 09:30:00+05:30
152.8,152.95,152.5,152.5,4604.0,1709265900.0,2024-03-01 09:35:00+05:30
152.5,152.7,152.05,152.4,2004.0,1709266200.0,2024-03-01 09:40:00+05:30
152.35,152.35,152.0,152.0,4160.0,1709266500.0,2024-03-01 09:45:00+05:30
152.2,152.25,152.0,152.25,784.0,1709266800.0,2024-03-01 09:50:00+05:30
152.2,152.45,152.2,152.3,764.0,1709267100.0,2024-03-01 09:55:00+05:30
152.3,152.3,152.2,152.2,616.0,1709267400.0,2024-03-01 10:00:00+05:30
152.05,152.25,152.05,152.25,588.0,1709267700.0,2024-03-01 10:05:00+05:30
152.25,152.5,152.1,152.3,2092.0,1709268000.0,2024-03-01 10:10:00+05:30
152.2,152.2,152.0,152.2,748.0,1709268300.0,2024-03-01 10:15:00+05:30
152.2,152.2,152.0,152.0,412.0,1709268600.0,2024-03-01 10:20:00+05:30
152.0,152.15,152.0,152.15,2092.0,1709268900.0,2024-03-01 10:25:00+05:30
152.15,152.3,151.75,152.0,2960.0,1709269200.0,2024-03-01 10:30:00+05:30
152.0,152.05,151.8,151.8,4052.0,1709269500.0,2024-03-01 10:35:00+05:30
151.7,151.7,151.2,151.2,16572.0,1709269800.0,2024-03-01 10:40:00+05:30
151.2,151.4,151.15,151.4,508.0,1709270100.0,2024-03-01 10:45:00+05:30
151.4,151.4,151.05,151.4,1008.0,1709270400.0,2024-03-01 10:50:00+05:30
151.3,151.35,151.25,151.25,1576.0,1709270700.0,2024-03-01 10:55:00+05:30
151.25,151.35,151.15,151.25,836.0,1709271000.0,2024-03-01 11:00:00+05:30
151.15,151.6,151.15,151.4,3692.0,1709271300.0,2024-03-01 11:05:00+05:30
151.5,152.0,151.5,152.0,2124.0,1709271600.0,2024-03-01 11:10:00+05:30
152.0,152.1,151.65,151.85,2356.0,1709271900.0,2024-03-01 11:15:00+05:30
151.85,151.85,151.5,151.5,5536.0,1709272200.0,2024-03-01 11:20:00+05:30
151.5,151.65,151.4,151.4,268.0,1709272500.0,2024-03-01 11:25:00+05:30
151.4,151.65,151.4,151.45,104.0,1709272800.0,2024-03-01 11:30:00+05:30
151.45,151.7,151.45,151.65,1672.0,1709273100.0,2024-03-01 11:35:00+05:30
151.65,151.65,151.25,151.25,2132.0,1709273400.0,2024-03-01 11:40:00+05:30
151.25,151.45,151.25,151.35,152.0,1709273700.0,2024-03-01 11:45:00+05:30
151.45,151.55,151.4,151.55,400.0,1709274000.0,2024-03-01 11:50:00+05:30
151.6,151.7,151.5,151.5,120.0,1709274300.0,2024-03-01 11:55:00+05:30
151.5,151.5,150.9,150.9,1980.0,1709274600.0,2024-03-01 12:00:00+05:30
150.9,151.55,150.9,151.25,1940.0,1709274900.0,2024-03-01 12:05:00+05:30
151.25,151.35,151.25,151.35,604.0,1709275200.0,2024-03-01 12:10:00+05:30
151.35,151.35,151.35,151.35,0.0,1709275500.0,2024-03-01 12:15:00+05:30
151.4,151.4,151.4,151.4,76.0,1709275800.0,2024-03-01 12:20:00+05:30
151.2,151.4,151.2,151.25,36.0,1709276100.0,2024-03-01 12:25:00+05:30
151.4,151.4,151.2,151.25,168.0,1709276400.0,2024-03-01 12:30:00+05:30
151.25,151.25,150.9,151.15,1628.0,1709276700.0,2024-03-01 12:35:00+05:30
151.2,151.5,151.2,151.5,1556.0,1709277000.0,2024-03-01 12:40:00+05:30
151.5,151.5,151.25,151.5,92.0,1709277300.0,2024-03-01 12:45:00+05:30
151.5,151.5,151.25,151.4,624.0,1709277600.0,2024-03-01 12:50:00+05:30
151.4,151.4,151.4,151.4,80.0,1709277900.0,2024-03-01 12:55:00+05:30
151.4,151.4,151.25,151.4,100.0,1709278200.0,2024-03-01 13:00:00+05:30
151.3,151.4,151.2,151.2,260.0,1709278500.0,2024-03-01 13:05:00+05:30
151.2,151.4,151.0,151.0,5264.0,1709278800.0,2024-03-01 13:10:00+05:30
151.0,151.15,150.95,150.95,1516.0,1709279100.0,2024-03-01 13:15:00+05:30
150.95,150.95,150.9,150.9,76.0,1709279400.0,2024-03-01 13:20:00+05:30
150.9,150.9,150.5,150.8,1832.0,1709279700.0,2024-03-01 13:25:00+05:30
150.75,150.75,150.5,150.65,1080.0,1709280000.0,2024-03-01 13:30:00+05:30
150.6,150.75,150.6,150.7,2172.0,1709280300.0,2024-03-01 13:35:00+05:30
150.7,150.75,150.55,150.75,444.0,1709280600.0,2024-03-01 13:40:00+05:30
150.75,150.8,150.75,150.8,196.0,1709280900.0,2024-03-01 13:45:00+05:30
150.75,150.75,150.4,150.5,1248.0,1709281200.0,2024-03-01 13:50:00+05:30
150.5,150.5,150.3,150.3,108.0,1709281500.0,2024-03-01 13:55:00+05:30
150.3,150.3,150.25,150.3,576.0,1709281800.0,2024-03-01 14:00:00+05:30
150.3,150.5,150.3,150.3,416.0,1709282100.0,2024-03-01 14:05:00+05:30
150.45,150.5,150.3,150.5,636.0,1709282400.0,2024-03-01 14:10:00+05:30
150.5,150.6,150.25,150.25,1288.0,1709282700.0,2024-03-01 14:15:00+05:30
150.2,150.35,150.05,150.35,580.0,1709283000.0,2024-03-01 14:20:00+05:30
150.35,150.35,150.2,150.35,540.0,1709283300.0,2024-03-01 14:25:00+05:30
150.35,150.35,150.25,150.25,124.0,1709283600.0,2024-03-01 14:30:00+05:30
150.2,150.35,150.1,150.15,2668.0,1709283900.0,2024-03-01 14:35:00+05:30
150.25,150.3,150.25,150.3,348.0,1709284200.0,2024-03-01 14:40:00+05:30
150.3,150.3,149.75,149.8,5588.0,1709284500.0,2024-03-01 14:45:00+05:30
149.95,150.7,149.75,150.7,8600.0,1709284800.0,2024-03-01 14:50:00+05:30
150.85,152.05,150.85,151.7,21104.0,1709285100.0,2024-03-01 14:55:00+05:30
151.7,152.0,151.7,151.75,1284.0,1709285400.0,2024-03-01 15:00:00+05:30
151.75,151.85,151.75,151.85,1960.0,1709285700.0,2024-03-01 15:05:00+05:30
151.7,152.75,151.3,152.35,30156.0,1709286000.0,2024-03-01 15:10:00+05:30
152.25,152.7,152.15,152.65,6620.0,1709286300.0,2024-03-01 15:15:00+05:30
152.5,152.65,150.55,150.8,23072.0,1709286600.0,2024-03-01 15:20:00+05:30
150.6,151.2,150.3,151.0,5948.0,1709286900.0,2024-03-01 15:25:00+05:30
150.05,152.0,150.05,151.45,3692.0,1709351100.0,2024-03-02 09:15:00+05:30
151.35,151.45,150.95,151.45,720.0,1709351400.0,2024-03-02 09:20:00+05:30
151.45,151.45,150.9,151.2,160.0,1709351700.0,2024-03-02 09:25:00+05:30
150.9,151.35,150.9,150.95,312.0,1709352000.0,2024-03-02 09:30:00+05:30
150.95,151.4,150.95,151.4,328.0,1709352300.0,2024-03-02 09:35:00+05:30
150.9,151.25,150.25,150.25,16760.0,1709352600.0,2024-03-02 09:40:00+05:30
150.25,150.65,150.25,150.6,392.0,1709352900.0,2024-03-02 09:45:00+05:30
150.75,151.25,150.75,151.25,1216.0,1709353200.0,2024-03-02 09:50:00+05:30
151.35,151.35,150.9,151.0,848.0,1709353500.0,2024-03-02 09:55:00+05:30
151.0,151.0,151.0,151.0,0.0,1709353800.0,2024-03-02 10:00:00+05:30
146.75,150.75,146.75,150.75,2256.0,1709359200.0,2024-03-02 11:30:00+05:30
150.75,151.2,150.55,151.2,300.0,1709359500.0,2024-03-02 11:35:00+05:30
151.45,151.45,150.75,151.0,600.0,1709359800.0,2024-03-02 11:40:00+05:30
151.0,151.55,150.6,150.8,1320.0,1709360100.0,2024-03-02 11:45:00+05:30
150.9,151.25,150.7,150.75,1072.0,1709360400.0,2024-03-02 11:50:00+05:30
150.75,151.2,150.75,150.8,1340.0,1709360700.0,2024-03-02 11:55:00+05:30
150.8,150.9,150.75,150.9,604.0,1709361000.0,2024-03-02 12:00:00+05:30
150.9,151.2,150.5,150.6,1612.0,1709361300.0,2024-03-02 12:05:00+05:30
150.6,150.95,150.6,150.95,868.0,1709361600.0,2024-03-02 12:10:00+05:30
150.95,151.5,150.75,150.95,1320.0,1709361900.0,2024-03-02 12:15:00+05:30
151.0,151.25,151.0,151.0,192.0,1709362200.0,2024-03-02 12:20:00+05:30
151.2,151.3,151.0,151.3,1456.0,1709362500.0,2024-03-02 12:25:00+05:30
151.25,152.8,151.25,151.4,9700.0,1709523900.0,2024-03-04 09:15:00+05:30
151.55,152.0,150.95,151.25,31096.0,1709524200.0,2024-03-04 09:20:00+05:30
151.45,151.85,151.4,151.55,2092.0,1709524500.0,2024-03-04 09:25:00+05:30
151.35,151.4,151.0,151.25,4536.0,1709524800.0,2024-03-04 09:30:00+05:30
151.25,151.5,151.25,151.25,4104.0,1709525100.0,2024-03-04 09:35:00+05:30
151.25,151.5,151.25,151.3,2784.0,1709525400.0,2024-03-04 09:40:00+05:30
151.25,151.25,150.9,151.15,5220.0,1709525700.0,2024-03-04 09:45:00+05:30
151.2,151.5,150.95,151.4,3152.0,1709526000.0,2024-03-04 09:50:00+05:30
151.15,151.15,151.15,151.15,664.0,1709526300.0,2024-03-04 09:55:00+05:30
151.3,151.5,151.15,151.3,4012.0,1709526600.0,2024-03-04 10:00:00+05:30
151.3,151.5,151.3,151.45,2320.0,1709526900.0,2024-03-04 10:05:00+05:30
151.45,151.75,151.45,151.5,1528.0,1709527200.0,2024-03-04 10:10:00+05:30
151.55,151.75,151.55,151.55,4032.0,1709527500.0,2024-03-04 10:15:00+05:30
151.55,151.75,151.55,151.55,2348.0,1709527800.0,2024-03-04 10:20:00+05:30
151.55,151.75,151.5,151.7,288.0,1709528100.0,2024-03-04 10:25:00+05:30
151.55,151.65,151.3,151.3,8092.0,1709528400.0,2024-03-04 10:30:00+05:30
151.3,151.4,151.3,151.3,552.0,1709528700.0,2024-03-04 10:35:00+05:30
151.3,151.5,151.3,151.45,3544.0,1709529000.0,2024-03-04 10:40:00+05:30
151.7,151.7,151.7,151.7,432.0,1709529300.0,2024-03-04 10:45:00+05:30
151.7,151.75,151.4,151.7,1384.0,1709529600.0,2024-03-04 10:50:00+05:30
151.4,151.4,151.3,151.3,452.0,1709529900.0,2024-03-04 10:55:00+05:30
151.3,151.55,151.3,151.5,1044.0,1709530200.0,2024-03-04 11:00:00+05:30
151.5,151.55,151.4,151.5,40.0,1709530500.0,2024-03-04 11:05:00+05:30
151.5,151.55,151.3,151.55,20.0,1709530800.0,2024-03-04 11:10:00+05:30
151.55,151.7,151.5,151.5,984.0,1709531100.0,2024-03-04 11:15:00+05:30
151.65,151.65,151.4,151.6,152.0,1709531400.0,2024-03-04 11:20:00+05:30
151.6,151.6,151.3,151.3,3936.0,1709531700.0,2024-03-04 11:25:00+05:30
151.3,151.6,151.3,151.6,1644.0,1709532000.0,2024-03-04 11:30:00+05:30
151.4,151.6,151.4,151.6,128.0,1709532300.0,2024-03-04 11:35:00+05:30
151.6,151.6,151.3,151.4,3048.0,1709532600.0,2024-03-04 11:40:00+05:30
151.4,151.45,151.3,151.45,408.0,1709532900.0,2024-03-04 11:45:00+05:30
151.45,151.45,151.25,151.25,4360.0,1709533200.0,2024-03-04 11:50:00+05:30
151.25,151.25,151.0,151.1,452.0,1709533500.0,2024-03-04 11:55:00+05:30
151.1,151.25,151.0,151.15,936.0,1709533800.0,2024-03-04 12:00:00+05:30
151.15,151.2,151.05,151.05,1268.0,1709534100.0,2024-03-04 12:05:00+05:30
150.8,150.85,150.3,150.7,4452.0,1709534400.0,2024-03-04 12:10:00+05:30
150.7,150.8,150.5,150.75,248.0,1709534700.0,2024-03-04 12:15:00+05:30
150.55,150.6,150.5,150.5,1224.0,1709535000.0,2024-03-04 12:20:00+05:30
150.5,150.85,150.5,150.8,348.0,1709535300.0,2024-03-04 12:25:00+05:30
150.8,150.8,150.5,150.5,24.0,1709535600.0,2024-03-04 12:30:00+05:30
150.5,150.5,150.05,150.25,5240.0,1709535900.0,2024-03-04 12:35:00+05:30
150.25,150.3,150.25,150.25,420.0,1709536200.0,2024-03-04 12:40:00+05:30
150.4,150.55,150.25,150.4,1040.0,1709536500.0,2024-03-04 12:45:00+05:30
150.4,150.4,150.25,150.4,144.0,1709536800.0,2024-03-04 12:50:00+05:30
150.4,150.45,150.25,150.25,56.0,1709537100.0,2024-03-04 12:55:00+05:30
150.45,150.6,150.45,150.6,64.0,1709537400.0,2024-03-04 13:00:00+05:30
150.6,150.6,150.6,150.6,0.0,1709537700.0,2024-03-04 13:05:00+05:30
150.6,150.6,150.45,150.45,296.0,1709538000.0,2024-03-04 13:10:00+05:30
150.45,150.45,150.3,150.3,56.0,1709538300.0,2024-03-04 13:15:00+05:30
150.55,150.55,150.25,150.3,2200.0,1709538600.0,2024-03-04 13:20:00+05:30
150.4,150.4,150.05,150.1,1416.0,1709538900.0,2024-03-04 13:25:00+05:30
150.1,150.3,150.1,150.3,252.0,1709539200.0,2024-03-04 13:30:00+05:30
150.3,150.3,150.05,150.05,368.0,1709539500.0,2024-03-04 13:35:00+05:30
150.3,150.4,150.1,150.1,312.0,1709539800.0,2024-03-04 13:40:00+05:30
150.1,150.1,150.05,150.05,384.0,1709540100.0,2024-03-04 13:45:00+05:30
150.25,150.35,150.25,150.3,56.0,1709540400.0,2024-03-04 13:50:00+05:30
150.3,150.3,150.3,150.3,4.0,1709540700.0,2024-03-04 13:55:00+05:30
150.3,150.3,149.3,149.95,9416.0,1709541000.0,2024-03-04 14:00:00+05:30
149.7,150.0,149.7,149.75,1000.0,1709541300.0,2024-03-04 14:05:00+05:30
149.75,150.2,149.75,150.2,8872.0,1709541600.0,2024-03-04 14:10:00+05:30
150.2,150.4,150.2,150.4,1956.0,1709541900.0,2024-03-04 14:15:00+05:30
150.4,150.4,150.25,150.25,432.0,1709542200.0,2024-03-04 14:20:00+05:30
150.25,150.45,150.2,150.45,1696.0,1709542500.0,2024-03-04 14:25:00+05:30
150.4,150.8,150.15,150.65,2944.0,1709542800.0,2024-03-04 14:30:00+05:30
150.65,151.35,150.65,151.2,2076.0,1709543100.0,2024-03-04 14:35:00+05:30
151.2,151.3,151.2,151.3,408.0,1709543400.0,2024-03-04 14:40:00+05:30
151.25,151.45,150.95,150.95,3832.0,1709543700.0,2024-03-04 14:45:00+05:30
150.95,151.4,150.95,151.3,14536.0,1709544000.0,2024-03-04 14:50:00+05:30
151.3,151.3,151.25,151.3,316.0,1709544300.0,2024-03-04 14:55:00+05:30
151.3,151.7,151.3,151.5,2892.0,1709544600.0,2024-03-04 15:00:00+05:30
152.1,152.5,151.45,152.5,14528.0,1709544900.0,2024-03-04 15:05:00+05:30
152.5,153.5,152.4,152.75,11220.0,1709545200.0,2024-03-04 15:10:00+05:30
153.0,153.0,152.1,152.1,4160.0,1709545500.0,2024-03-04 15:15:00+05:30
152.3,152.3,151.6,151.6,4516.0,1709545800.0,2024-03-04 15:20:00+05:30
151.8,152.0,151.4,151.4,2884.0,1709546100.0,2024-03-04 15:25:00+05:30
151.3,151.65,150.65,151.05,3692.0,1709610300.0,2024-03-05 09:15:00+05:30
151.35,151.35,150.5,150.9,5532.0,1709610600.0,2024-03-05 09:20:00+05:30
151.05,151.05,150.55,150.85,1936.0,1709610900.0,2024-03-05 09:25:00+05:30
150.85,151.1,150.6,151.1,196.0,1709611200.0,2024-03-05 09:30:00+05:30
150.85,150.9,150.6,150.6,2576.0,1709611500.0,2024-03-05 09:35:00+05:30
150.8,150.8,150.5,150.7,1924.0,1709611800.0,2024-03-05 09:40:00+05:30
150.7,150.7,150.3,150.3,1072.0,1709612100.0,2024-03-05 09:45:00+05:30
150.5,150.85,150.25,150.45,2228.0,1709612400.0,2024-03-05 09:50:00+05:30
150.45,150.7,150.3,150.3,1560.0,1709612700.0,2024-03-05 09:55:00+05:30
150.55,150.6,150.25,150.55,1084.0,1709613000.0,2024-03-05 10:00:00+05:30
150.5,150.5,150.25,150.3,2988.0,1709613300.0,2024-03-05 10:05:00+05:30
150.3,150.45,150.2,150.2,14428.0,1709613600.0,2024-03-05 10:10:00+05:30
150.1,150.2,149.5,149.5,6720.0,1709613900.0,2024-03-05 10:15:00+05:30
149.5,149.75,148.75,149.75,9804.0,1709614200.0,2024-03-05 10:20:00+05:30
149.4,149.65,149.25,149.25,2780.0,1709614500.0,2024-03-05 10:25:00+05:30
149.25,151.0,149.25,150.7,23752.0,1709614800.0,2024-03-05 10:30:00+05:30
150.7,151.05,150.7,151.0,192.0,1709615100.0,2024-03-05 10:35:00+05:30
151.0,151.2,150.75,150.75,1996.0,1709615400.0,2024-03-05 10:40:00+05:30
150.75,150.75,150.15,150.35,1044.0,1709615700.0,2024-03-05 10:45:00+05:30
150.35,150.35,150.05,150.05,292.0,1709616000.0,2024-03-05 10:50:00+05:30
150.05,150.45,150.0,150.45,1088.0,1709616300.0,2024-03-05 10:55:00+05:30
150.3,150.35,149.5,150.0,9380.0,1709616600.0,2024-03-05 11:00:00+05:30
150.0,150.0,149.8,149.8,672.0,1709616900.0,2024-03-05 11:05:00+05:30
149.65,149.8,149.55,149.8,764.0,1709617200.0,2024-03-05 11:10:00+05:30
150.0,150.0,149.75,150.0,8640.0,1709617500.0,2024-03-05 11:15:00+05:30
150.0,150.0,150.0,150.0,460.0,1709617800.0,2024-03-05 11:20:00+05:30
150.0,150.0,149.9,149.9,1348.0,1709618100.0,2024-03-05 11:25:00+05:30
150.2,150.4,150.2,150.2,4724.0,1709618400.0,2024-03-05 11:30:00+05:30
150.2,150.25,150.05,150.05,272.0,1709618700.0,2024-03-05 11:35:00+05:30
150.2,150.2,150.0,150.0,700.0,1709619000.0,2024-03-05 11:40:00+05:30
149.95,149.95,149.85,149.85,1280.0,1709619300.0,2024-03-05 11:45:00+05:30
149.85,150.05,149.8,150.05,816.0,1709619600.0,2024-03-05 11:50:00+05:30
150.05,150.05,149.75,149.95,216.0,1709619900.0,2024-03-05 11:55:00+05:30
149.95,149.95,149.75,149.9,1420.0,1709620200.0,2024-03-05 12:00:00+05:30
150.0,150.0,149.75,150.0,1456.0,1709620500.0,2024-03-05 12:05:00+05:30
150.15,150.15,150.0,150.1,1684.0,1709620800.0,2024-03-05 12:10:00+05:30
150.25,150.25,149.8,149.8,2960.0,1709621100.0,2024-03-05 12:15:00+05:30
149.8,150.1,149.8,150.0,8464.0,1709621400.0,2024-03-05 12:20:00+05:30
150.0,150.4,150.0,150.3,7448.0,1709621700.0,2024-03-05 12:25:00+05:30
150.35,150.45,150.15,150.25,400.0,1709622000.0,2024-03-05 12:30:00+05:30
150.25,150.25,150.25,150.25,12.0,1709622300.0,2024-03-05 12:35:00+05:30
150.25,150.25,150.05,150.05,896.0,1709622600.0,2024-03-05 12:40:00+05:30
150.05,150.2,150.0,150.2,1132.0,1709622900.0,2024-03-05 12:45:00+05:30
149.95,150.5,149.95,150.1,4548.0,1709623200.0,2024-03-05 12:50:00+05:30
150.0,150.3,150.0,150.0,524.0,1709623500.0,2024-03-05 12:55:00+05:30
150.0,150.0,150.0,150.0,0.0,1709623800.0,2024-03-05 13:00:00+05:30
150.0,150.2,150.0,150.2,92.0,1709624100.0,2024-03-05 13:05:00+05:30
150.0,150.0,150.0,150.0,584.0,1709624400.0,2024-03-05 13:10:00+05:30
150.2,150.2,150.0,150.0,144.0,1709624700.0,2024-03-05 13:15:00+05:30
150.0,150.2,150.0,150.2,168.0,1709625000.0,2024-03-05 13:20:00+05:30
150.2,150.2,150.15,150.15,4112.0,1709625300.0,2024-03-05 13:25:00+05:30
150.1,150.1,150.0,150.1,268.0,1709625600.0,2024-03-05 13:30:00+05:30
150.1,150.2,150.0,150.2,68.0,1709625900.0,2024-03-05 13:35:00+05:30
150.0,150.0,150.0,150.0,304.0,1709626200.0,2024-03-05 13:40:00+05:30
150.0,150.0,150.0,150.0,704.0,1709626500.0,2024-03-05 13:45:00+05:30
150.0,150.2,150.0,150.05,1092.0,1709626800.0,2024-03-05 13:50:00+05:30
150.1,150.1,149.75,149.75,1284.0,1709627100.0,2024-03-05 13:55:00+05:30
149.9,149.95,149.75,149.95,420.0,1709627400.0,2024-03-05 14:00:00+05:30
149.95,149.95,149.75,149.9,148.0,1709627700.0,2024-03-05 14:05:00+05:30
149.9,150.0,149.65,150.0,3180.0,1709628000.0,2024-03-05 14:10:00+05:30
150.0,150.0,149.8,149.8,80.0,1709628300.0,2024-03-05 14:15:00+05:30
149.75,149.75,149.75,149.75,952.0,1709628600.0,2024-03-05 14:20:00+05:30
149.9,149.95,149.75,149.95,1656.0,1709628900.0,2024-03-05 14:25:00+05:30
149.75,149.95,149.75,149.85,8356.0,1709629200.0,2024-03-05 14:30:00+05:30
149.65,149.8,149.65,149.75,5172.0,1709629500.0,2024-03-05 14:35:00+05:30
149.75,149.85,149.75,149.85,468.0,1709629800.0,2024-03-05 14:40:00+05:30
149.9,151.3,149.75,151.2,21092.0,1709630100.0,2024-03-05 14:45:00+05:30
151.3,152.45,151.3,152.4,22324.0,1709630400.0,2024-03-05 14:50:00+05:30
152.0,152.0,149.75,149.75,15564.0,1709630700.0,2024-03-05 14:55:00+05:30
149.75,150.0,149.75,149.8,2388.0,1709631000.0,2024-03-05 15:00:00+05:30
150.05,150.8,150.05,150.3,8600.0,1709631300.0,2024-03-05 15:05:00+05:30
150.35,150.55,150.15,150.15,1852.0,1709631600.0,2024-03-05 15:10:00+05:30
150.25,150.35,150.0,150.15,4284.0,1709631900.0,2024-03-05 15:15:00+05:30
150.3,150.4,149.9,149.9,6556.0,1709632200.0,2024-03-05 15:20:00+05:30
149.9,150.0,149.75,150.0,7596.0,1709632500.0,2024-03-05 15:25:00+05:30
150.0,150.55,149.0,149.7,30764.0,1709696700.0,2024-03-06 09:15:00+05:30
149.45,149.45,149.05,149.05,2384.0,1709697000.0,2024-03-06 09:20:00+05:30
149.2,149.7,149.05,149.7,3448.0,1709697300.0,2024-03-06 09:25:00+05:30
149.5,149.75,149.5,149.5,3608.0,1709697600.0,2024-03-06 09:30:00+05:30
149.5,149.8,149.5,149.55,3608.0,1709697900.0,2024-03-06 09:35:00+05:30
149.7,149.75,149.5,149.75,2648.0,1709698200.0,2024-03-06 09:40:00+05:30
149.5,149.6,149.5,149.6,1760.0,1709698500.0,2024-03-06 09:45:00+05:30
149.6,149.6,149.4,149.5,8132.0,1709698800.0,2024-03-06 09:50:00+05:30
149.6,149.6,149.5,149.5,4984.0,1709699100.0,2024-03-06 09:55:00+05:30
149.5,149.5,148.9,149.2,86304.0,1709699400.0,2024-03-06 10:00:00+05:30
148.95,148.95,148.0,148.75,26236.0,1709699700.0,2024-03-06 10:05:00+05:30
148.6,149.2,148.15,148.15,26972.0,1709700000.0,2024-03-06 10:10:00+05:30
148.15,148.2,147.8,147.9,22184.0,1709700300.0,2024-03-06 10:15:00+05:30
147.7,147.75,147.0,147.05,15896.0,1709700600.0,2024-03-06 10:20:00+05:30
146.7,147.4,146.7,147.2,6668.0,1709700900.0,2024-03-06 10:25:00+05:30
147.1,147.45,146.75,147.0,5636.0,1709701200.0,2024-03-06 10:30:00+05:30
146.75,146.8,146.25,146.45,8444.0,1709701500.0,2024-03-06 10:35:00+05:30
146.05,148.0,146.05,148.0,40888.0,1709701800.0,2024-03-06 10:40:00+05:30
147.95,148.05,147.6,147.6,1204.0,1709702100.0,2024-03-06 10:45:00+05:30
147.5,147.65,147.2,147.65,5096.0,1709702400.0,2024-03-06 10:50:00+05:30
147.75,147.75,147.35,147.5,3296.0,1709702700.0,2024-03-06 10:55:00+05:30
147.8,147.8,147.4,147.75,3760.0,1709703000.0,2024-03-06 11:00:00+05:30
147.75,147.8,147.45,147.7,2868.0,1709703300.0,2024-03-06 11:05:00+05:30
147.5,147.9,147.5,147.9,1028.0,1709703600.0,2024-03-06 11:10:00+05:30
147.9,147.95,147.6,147.85,1536.0,1709703900.0,2024-03-06 11:15:00+05:30
147.85,147.85,147.7,147.7,112.0,1709704200.0,2024-03-06 11:20:00+05:30
147.7,147.85,147.5,147.5,6020.0,1709704500.0,2024-03-06 11:25:00+05:30
147.5,147.7,147.5,147.7,3752.0,1709704800.0,2024-03-06 11:30:00+05:30
147.7,147.7,147.5,147.65,204.0,1709705100.0,2024-03-06 11:35:00+05:30
147.5,147.6,147.5,147.6,240.0,1709705400.0,2024-03-06 11:40:00+05:30
147.6,147.6,147.5,147.5,4324.0,1709705700.0,2024-03-06 11:45:00+05:30
147.6,147.6,147.25,147.5,22164.0,1709706000.0,2024-03-06 11:50:00+05:30
147.5,147.5,147.5,147.5,1956.0,1709706300.0,2024-03-06 11:55:00+05:30
147.5,147.7,147.5,147.6,5824.0,1709706600.0,2024-03-06 12:00:00+05:30
147.5,147.7,147.5,147.5,11500.0,1709706900.0,2024-03-06 12:05:00+05:30
147.65,147.7,147.5,147.55,2288.0,1709707200.0,2024-03-06 12:10:00+05:30
147.5,147.6,147.5,147.5,1384.0,1709707500.0,2024-03-06 12:15:00+05:30
147.5,147.6,147.4,147.5,3220.0,1709707800.0,2024-03-06 12:20:00+05:30
147.45,147.6,147.45,147.5,4304.0,1709708100.0,2024-03-06 12:25:00+05:30
147.5,147.55,147.5,147.55,228.0,1709708400.0,2024-03-06 12:30:00+05:30
147.55,147.8,147.5,147.5,2748.0,1709708700.0,2024-03-06 12:35:00+05:30
147.6,147.7,147.5,147.7,652.0,1709709000.0,2024-03-06 12:40:00+05:30
147.5,147.7,147.5,147.5,6956.0,1709709300.0,2024-03-06 12:45:00+05:30
147.5,147.8,147.5,147.8,288.0,1709709600.0,2024-03-06 12:50:00+05:30
147.8,148.05,147.65,148.05,4812.0,1709709900.0,2024-03-06 12:55:00+05:30
148.4,148.55,148.25,148.5,5240.0,1709710200.0,2024-03-06 13:00:00+05:30
148.5,148.8,148.5,148.6,3056.0,1709710500.0,2024-03-06 13:05:00+05:30
148.25,148.25,147.8,147.8,2704.0,1709710800.0,2024-03-06 13:10:00+05:30
147.75,148.4,147.55,148.05,8696.0,1709711100.0,2024-03-06 13:15:00+05:30
148.0,148.2,147.75,147.85,1396.0,1709711400.0,2024-03-06 13:20:00+05:30
148.05,148.2,148.05,148.2,188.0,1709711700.0,2024-03-06 13:25:00+05:30
148.2,148.2,147.75,148.0,624.0,1709712000.0,2024-03-06 13:30:00+05:30
147.95,148.4,147.95,148.4,4796.0,1709712300.0,2024-03-06 13:35:00+05:30
148.15,148.25,148.0,148.0,2528.0,1709712600.0,2024-03-06 13:40:00+05:30
147.75,148.05,147.75,148.05,960.0,1709712900.0,2024-03-06 13:45:00+05:30
147.55,148.1,147.55,148.0,2860.0,1709713200.0,2024-03-06 13:50:00+05:30
148.0,148.0,147.8,147.8,292.0,1709713500.0,2024-03-06 13:55:00+05:30
148.0,148.4,148.0,148.3,5276.0,1709713800.0,2024-03-06 14:00:00+05:30
148.3,148.4,148.25,148.25,2944.0,1709714100.0,2024-03-06 14:05:00+05:30
148.25,148.25,148.25,148.25,4.0,1709714400.0,2024-03-06 14:10:00+05:30
148.25,148.4,148.25,148.4,380.0,1709714700.0,2024-03-06 14:15:00+05:30
148.25,148.45,148.25,148.45,616.0,1709715000.0,2024-03-06 14:20:00+05:30
148.3,148.4,148.25,148.4,360.0,1709715300.0,2024-03-06 14:25:00+05:30
148.4,149.6,148.4,149.6,15004.0,1709715600.0,2024-03-06 14:30:00+05:30
149.2,149.2,148.4,148.7,4988.0,1709715900.0,2024-03-06 14:35:00+05:30
148.9,148.9,148.65,148.65,1216.0,1709716200.0,2024-03-06 14:40:00+05:30
148.5,148.7,148.4,148.5,1800.0,1709716500.0,2024-03-06 14:45:00+05:30
148.5,148.6,148.5,148.6,12.0,1709716800.0,2024-03-06 14:50:00+05:30
148.3,148.5,148.3,148.5,204.0,1709717100.0,2024-03-06 14:55:00+05:30
148.3,148.95,148.3,148.75,1704.0,1709717400.0,2024-03-06 15:00:00+05:30
148.6,149.0,148.3,148.45,4152.0,1709717700.0,2024-03-06 15:05:00+05:30
148.45,148.85,148.25,148.85,4940.0,1709718000.0,2024-03-06 15:10:00+05:30
148.7,148.95,148.5,148.9,3652.0,1709718300.0,2024-03-06 15:15:00+05:30
148.9,148.9,148.5,148.6,27156.0,1709718600.0,2024-03-06 15:20:00+05:30
149.25,149.35,148.4,148.4,49140.0,1709718900.0,2024-03-06 15:25:00+05:30
149.85,150.15,148.65,150.15,9588.0,1709783100.0,2024-03-07 09:15:00+05:30
150.3,150.3,149.8,149.8,11560.0,1709783400.0,2024-03-07 09:20:00+05:30
149.8,150.0,149.7,149.85,3904.0,1709783700.0,2024-03-07 09:25:00+05:30
150.0,150.0,149.4,149.6,1992.0,1709784000.0,2024-03-07 09:30:00+05:30
149.65,149.7,149.35,149.35,768.0,1709784300.0,2024-03-07 09:35:00+05:30
149.35,149.7,149.35,149.7,480.0,1709784600.0,2024-03-07 09:40:00+05:30
149.7,149.8,149.55,149.8,312.0,1709784900.0,2024-03-07 09:45:00+05:30
149.95,149.95,149.5,149.5,444.0,1709785200.0,2024-03-07 09:50:00+05:30
149.5,149.75,149.5,149.7,40.0,1709785500.0,2024-03-07 09:55:00+05:30
149.45,149.45,149.4,149.4,256.0,1709785800.0,2024-03-07 10:00:00+05:30
149.6,149.85,149.25,149.45,2744.0,1709786100.0,2024-03-07 10:05:00+05:30
149.25,149.55,149.25,149.55,200.0,1709786400.0,2024-03-07 10:10:00+05:30
149.5,149.6,149.35,149.35,688.0,1709786700.0,2024-03-07 10:15:00+05:30
149.55,149.55,149.3,149.55,180.0,1709787000.0,2024-03-07 10:20:00+05:30
149.55,149.9,149.55,149.7,3504.0,1709787300.0,2024-03-07 10:25:00+05:30
149.55,149.7,149.35,149.7,480.0,1709787600.0,2024-03-07 10:30:00+05:30
149.7,149.7,149.4,149.6,564.0,1709787900.0,2024-03-07 10:35:00+05:30
149.4,149.4,149.3,149.3,40.0,1709788200.0,2024-03-07 10:40:00+05:30
149.55,149.55,149.3,149.3,632.0,1709788500.0,2024-03-07 10:45:00+05:30
149.25,149.35,148.95,148.95,1504.0,1709788800.0,2024-03-07 10:50:00+05:30
148.95,149.25,148.95,149.2,988.0,1709789100.0,2024-03-07 10:55:00+05:30
148.95,149.1,148.85,148.85,156.0,1709789400.0,2024-03-07 11:00:00+05:30
148.85,148.85,148.85,148.85,2004.0,1709789700.0,2024-03-07 11:05:00+05:30
148.85,149.35,148.85,149.35,1460.0,1709790000.0,2024-03-07 11:10:00+05:30
149.35,149.35,148.9,149.2,412.0,1709790300.0,2024-03-07 11:15:00+05:30
149.2,149.2,148.8,148.9,304.0,1709790600.0,2024-03-07 11:20:00+05:30
148.9,149.15,148.85,148.85,360.0,1709790900.0,2024-03-07 11:25:00+05:30
148.85,149.15,148.8,148.8,64.0,1709791200.0,2024-03-07 11:30:00+05:30
148.8,149.3,148.8,149.1,284.0,1709791500.0,2024-03-07 11:35:00+05:30
149.1,149.6,149.1,149.6,6328.0,1709791800.0,2024-03-07 11:40:00+05:30
149.55,149.9,149.55,149.9,216.0,1709792100.0,2024-03-07 11:45:00+05:30
149.55,149.7,149.1,149.1,8200.0,1709792400.0,2024-03-07 11:50:00+05:30
149.0,149.3,149.0,149.3,408.0,1709792700.0,2024-03-07 11:55:00+05:30
149.0,149.2,149.0,149.2,804.0,1709793000.0,2024-03-07 12:00:00+05:30
149.2,149.2,149.0,149.0,60.0,1709793300.0,2024-03-07 12:05:00+05:30
149.0,149.2,149.0,149.2,488.0,1709793600.0,2024-03-07 12:10:00+05:30
149.2,149.6,149.2,149.6,2036.0,1709793900.0,2024-03-07 12:15:00+05:30
149.5,149.8,149.5,149.8,2164.0,1709794200.0,2024-03-07 12:20:00+05:30
149.5,149.85,149.5,149.55,716.0,1709794500.0,2024-03-07 12:25:00+05:30
149.55,150.0,149.55,149.65,15812.0,1709794800.0,2024-03-07 12:30:00+05:30
149.5,149.8,149.5,149.5,1400.0,1709795100.0,2024-03-07 12:35:00+05:30
149.8,149.8,149.55,149.75,32.0,1709795400.0,2024-03-07 12:40:00+05:30
149.75,151.1,149.75,150.95,39428.0,1709795700.0,2024-03-07 12:45:00+05:30
151.25,151.35,151.1,151.35,6220.0,1709796000.0,2024-03-07 12:50:00+05:30
151.35,151.35,150.3,150.3,13708.0,1709796300.0,2024-03-07 12:55:00+05:30
149.9,151.35,149.7,151.35,10152.0,1709796600.0,2024-03-07 13:00:00+05:30
151.25,151.3,150.75,151.3,25876.0,1709796900.0,2024-03-07 13:05:00+05:30
150.7,151.7,150.7,151.45,18052.0,1709797200.0,2024-03-07 13:10:00+05:30
151.5,152.0,151.5,151.5,3768.0,1709797500.0,2024-03-07 13:15:00+05:30
151.7,151.7,151.2,151.25,6556.0,1709797800.0,2024-03-07 13:20:00+05:30
151.4,151.45,151.2,151.2,356.0,1709798100.0,2024-03-07 13:25:00+05:30
151.4,151.4,151.2,151.2,148.0,1709798400.0,2024-03-07 13:30:00+05:30
151.2,151.4,151.15,151.15,164.0,1709798700.0,2024-03-07 13:35:00+05:30
151.2,151.35,150.9,151.1,4928.0,1709799000.0,2024-03-07 13:40:00+05:30
151.3,151.3,151.1,151.1,868.0,1709799300.0,2024-03-07 13:45:00+05:30
151.25,151.25,150.55,150.85,1560.0,1709799600.0,2024-03-07 13:50:00+05:30
150.85,150.9,150.85,150.9,16.0,1709799900.0,2024-03-07 13:55:00+05:30
150.65,150.95,150.65,150.95,512.0,1709800200.0,2024-03-07 14:00:00+05:30
150.95,150.95,149.95,150.1,12308.0,1709800500.0,2024-03-07 14:05:00+05:30
150.15,150.2,150.0,150.0,2348.0,1709800800.0,2024-03-07 14:10:00+05:30
150.0,150.0,149.6,149.8,456.0,1709801100.0,2024-03-07 14:15:00+05:30
149.8,149.9,149.8,149.9,504.0,1709801400.0,2024-03-07 14:20:00+05:30
149.7,150.0,149.7,149.9,780.0,1709801700.0,2024-03-07 14:25:00+05:30
150.05,150.05,149.55,149.55,1128.0,1709802000.0,2024-03-07 14:30:00+05:30
149.55,149.75,149.55,149.75,4024.0,1709802300.0,2024-03-07 14:35:00+05:30
149.9,151.7,149.9,151.5,8836.0,1709802600.0,2024-03-07 14:40:00+05:30
151.2,151.2,150.0,150.0,8036.0,1709802900.0,2024-03-07 14:45:00+05:30
149.95,149.95,149.2,149.2,2076.0,1709803200.0,2024-03-07 14:50:00+05:30
149.4,149.65,149.4,149.65,976.0,1709803500.0,2024-03-07 14:55:00+05:30
149.65,149.75,149.0,149.75,2356.0,1709803800.0,2024-03-07 15:00:00+05:30
149.75,149.8,149.45,149.5,948.0,1709804100.0,2024-03-07 15:05:00+05:30
149.5,149.85,149.5,149.5,188.0,1709804400.0,2024-03-07 15:10:00+05:30
149.5,149.75,149.25,149.4,5388.0,1709804700.0,2024-03-07 15:15:00+05:30
149.25,149.9,148.85,149.9,18392.0,1709805000.0,2024-03-07 15:20:00+05:30
149.9,149.9,149.0,149.5,6696.0,1709805300.0,2024-03-07 15:25:00+05:30
149.45,149.5,147.55,148.5,6732.0,1710128700.0,2024-03-11 09:15:00+05:30
148.45,148.5,148.2,148.35,3496.0,1710129000.0,2024-03-11 09:20:00+05:30
148.3,149.1,148.3,148.9,2892.0,1710129300.0,2024-03-11 09:25:00+05:30
149.05,149.05,148.65,148.7,2176.0,1710129600.0,2024-03-11 09:30:00+05:30
148.7,148.95,148.45,148.8,2492.0,1710129900.0,2024-03-11 09:35:00+05:30
149.45,149.45,149.2,149.4,9784.0,1710130200.0,2024-03-11 09:40:00+05:30
149.4,149.4,149.1,149.25,452.0,1710130500.0,2024-03-11 09:45:00+05:30
149.25,149.25,148.0,148.05,13372.0,1710130800.0,2024-03-11 09:50:00+05:30
148.4,148.45,147.95,148.1,1008.0,1710131100.0,2024-03-11 09:55:00+05:30
148.15,148.15,147.95,148.05,1552.0,1710131400.0,2024-03-11 10:00:00+05:30
148.05,148.1,147.5,147.5,2716.0,1710131700.0,2024-03-11 10:05:00+05:30
147.55,147.65,147.35,147.65,3696.0,1710132000.0,2024-03-11 10:10:00+05:30
147.65,147.65,147.3,147.35,2308.0,1710132300.0,2024-03-11 10:15:00+05:30
147.0,147.7,147.0,147.5,4700.0,1710132600.0,2024-03-11 10:20:00+05:30
147.5,147.65,147.4,147.4,5228.0,1710132900.0,2024-03-11 10:25:00+05:30
147.25,147.75,147.25,147.55,2816.0,1710133200.0,2024-03-11 10:30:00+05:30
147.5,147.9,147.5,147.7,4728.0,1710133500.0,2024-03-11 10:35:00+05:30
147.7,147.7,147.7,147.7,0.0,1710133800.0,2024-03-11 10:40:00+05:30
147.7,147.7,147.0,147.1,10264.0,1710134100.0,2024-03-11 10:45:00+05:30
147.2,147.25,147.2,147.2,304.0,1710134400.0,2024-03-11 10:50:00+05:30
147.25,147.25,146.95,146.95,884.0,1710134700.0,2024-03-11 10:55:00+05:30
147.1,147.1,146.9,147.0,1392.0,1710135000.0,2024-03-11 11:00:00+05:30
147.1,147.25,146.9,146.9,928.0,1710135300.0,2024-03-11 11:05:00+05:30
147.0,147.0,146.9,147.0,468.0,1710135600.0,2024-03-11 11:10:00+05:30
147.0,147.1,146.9,146.9,916.0,1710135900.0,2024-03-11 11:15:00+05:30
147.05,147.25,147.05,147.1,2284.0,1710136200.0,2024-03-11 11:20:00+05:30
147.1,147.1,146.55,146.55,6456.0,1710136500.0,2024-03-11 11:25:00+05:30
146.55,146.8,146.5,146.8,2756.0,1710136800.0,2024-03-11 11:30:00+05:30
146.8,146.8,146.4,146.75,5640.0,1710137100.0,2024-03-11 11:35:00+05:30
146.75,146.75,146.1,146.1,3016.0,1710137400.0,2024-03-11 11:40:00+05:30
146.25,146.6,146.25,146.5,3972.0,1710137700.0,2024-03-11 11:45:00+05:30
146.55,146.65,144.95,144.95,26168.0,1710138000.0,2024-03-11 11:50:00+05:30
145.2,146.0,145.2,145.3,20696.0,1710138300.0,2024-03-11 11:55:00+05:30
145.45,145.45,144.95,144.95,4964.0,1710138600.0,2024-03-11 12:00:00+05:30
144.95,145.3,144.8,145.1,11172.0,1710138900.0,2024-03-11 12:05:00+05:30
145.05,145.05,144.55,144.6,3800.0,1710139200.0,2024-03-11 12:10:00+05:30
144.8,145.15,144.8,144.9,1196.0,1710139500.0,2024-03-11 12:15:00+05:30
144.9,145.15,144.9,145.05,1776.0,1710139800.0,2024-03-11 12:20:00+05:30
145.05,145.3,144.9,145.0,6616.0,1710140100.0,2024-03-11 12:25:00+05:30
145.0,145.0,144.65,144.85,2852.0,1710140400.0,2024-03-11 12:30:00+05:30
144.85,145.4,144.85,145.4,3992.0,1710140700.0,2024-03-11 12:35:00+05:30
145.4,145.4,145.05,145.05,1136.0,1710141000.0,2024-03-11 12:40:00+05:30
145.05,145.5,145.0,145.5,1256.0,1710141300.0,2024-03-11 12:45:00+05:30
145.45,145.45,145.0,145.0,372.0,1710141600.0,2024-03-11 12:50:00+05:30
145.3,145.45,145.25,145.45,588.0,1710141900.0,2024-03-11 12:55:00+05:30
145.45,145.45,145.3,145.35,260.0,1710142200.0,2024-03-11 13:00:00+05:30
145.35,145.35,145.25,145.35,384.0,1710142500.0,2024-03-11 13:05:00+05:30
145.25,145.35,145.25,145.25,228.0,1710142800.0,2024-03-11 13:10:00+05:30
145.35,145.35,145.05,145.05,396.0,1710143100.0,2024-03-11 13:15:00+05:30
145.3,145.45,145.15,145.15,752.0,1710143400.0,2024-03-11 13:20:00+05:30
145.15,145.15,145.15,145.15,240.0,1710143700.0,2024-03-11 13:25:00+05:30
145.15,145.3,145.1,145.3,292.0,1710144000.0,2024-03-11 13:30:00+05:30
145.15,145.2,144.6,144.6,14324.0,1710144300.0,2024-03-11 13:35:00+05:30
144.55,144.8,144.5,144.6,10672.0,1710144600.0,2024-03-11 13:40:00+05:30
144.8,145.0,144.65,145.0,976.0,1710144900.0,2024-03-11 13:45:00+05:30
145.1,145.1,145.1,145.1,80.0,1710145200.0,2024-03-11 13:50:00+05:30
144.65,144.9,144.55,144.8,4292.0,1710145500.0,2024-03-11 13:55:00+05:30
144.8,144.85,144.45,144.85,2908.0,1710145800.0,2024-03-11 14:00:00+05:30
144.85,145.75,144.75,145.45,392448.0,1710146100.0,2024-03-11 14:05:00+05:30
145.55,145.95,145.55,145.75,2472.0,1710146400.0,2024-03-11 14:10:00+05:30
145.75,145.95,145.6,145.95,1504.0,1710146700.0,2024-03-11 14:15:00+05:30
145.85,145.85,145.8,145.8,632.0,1710147000.0,2024-03-11 14:20:00+05:30
145.85,145.85,145.85,145.85,80.0,1710147300.0,2024-03-11 14:25:00+05:30
145.85,145.85,145.7,145.8,64.0,1710147600.0,2024-03-11 14:30:00+05:30
145.7,145.8,145.7,145.8,196.0,1710147900.0,2024-03-11 14:35:00+05:30
145.8,146.2,145.6,146.05,8268.0,1710148200.0,2024-03-11 14:40:00+05:30
146.2,146.2,146.0,146.0,704.0,1710148500.0,2024-03-11 14:45:00+05:30
146.1,146.25,146.1,146.25,1760.0,1710148800.0,2024-03-11 14:50:00+05:30
146.05,147.55,146.05,147.5,39248.0,1710149100.0,2024-03-11 14:55:00+05:30
147.3,148.05,147.3,147.9,22244.0,1710149400.0,2024-03-11 15:00:00+05:30
148.1,149.0,148.05,148.35,39172.0,1710149700.0,2024-03-11 15:05:00+05:30
148.5,148.65,148.5,148.5,36132.0,1710150000.0,2024-03-11 15:10:00+05:30
148.5,148.75,148.5,148.5,34128.0,1710150300.0,2024-03-11 15:15:00+05:30
148.5,149.5,148.3,148.3,28216.0,1710150600.0,2024-03-11 15:20:00+05:30
148.5,148.65,148.4,148.4,34932.0,1710150900.0,2024-03-11 15:25:00+05:30
147.5,148.4,147.2,147.25,5464.0,1710215100.0,2024-03-12 09:15:00+05:30
147.2,147.2,146.2,146.25,4500.0,1710215400.0,2024-03-12 09:20:00+05:30
146.2,146.2,144.75,144.95,4852.0,1710215700.0,2024-03-12 09:25:00+05:30
144.95,145.2,144.45,145.2,6664.0,1710216000.0,2024-03-12 09:30:00+05:30
145.3,145.6,145.0,145.0,18956.0,1710216300.0,2024-03-12 09:35:00+05:30
145.0,145.5,144.8,144.8,13420.0,1710216600.0,2024-03-12 09:40:00+05:30
144.75,145.3,144.75,145.3,1500.0,1710216900.0,2024-03-12 09:45:00+05:30
145.4,145.5,144.75,144.85,6488.0,1710217200.0,2024-03-12 09:50:00+05:30
144.95,145.0,144.65,145.0,660.0,1710217500.0,2024-03-12 09:55:00+05:30
145.0,145.2,145.0,145.2,480.0,1710217800.0,2024-03-12 10:00:00+05:30
145.2,145.2,144.7,144.7,2416.0,1710218100.0,2024-03-12 10:05:00+05:30
144.7,145.0,144.7,144.8,1276.0,1710218400.0,2024-03-12 10:10:00+05:30
144.95,145.0,144.8,144.95,256.0,1710218700.0,2024-03-12 10:15:00+05:30
144.8,144.8,144.6,144.6,536.0,1710219000.0,2024-03-12 10:20:00+05:30
144.6,144.65,144.6,144.65,96.0,1710219300.0,2024-03-12 10:25:00+05:30
144.65,144.65,144.05,144.2,4188.0,1710219600.0,2024-03-12 10:30:00+05:30
144.35,144.45,144.15,144.2,2092.0,1710219900.0,2024-03-12 10:35:00+05:30
144.2,144.35,144.2,144.2,1048.0,1710220200.0,2024-03-12 10:40:00+05:30
144.1,144.1,143.4,143.6,21740.0,1710220500.0,2024-03-12 10:45:00+05:30
143.5,143.5,143.2,143.35,1996.0,1710220800.0,2024-03-12 10:50:00+05:30
143.3,143.9,143.3,143.9,6448.0,1710221100.0,2024-03-12 10:55:00+05:30
143.55,144.0,143.55,143.75,1204.0,1710221400.0,2024-03-12 11:00:00+05:30
143.75,143.8,143.7,143.7,8404.0,1710221700.0,2024-03-12 11:05:00+05:30
143.7,143.8,143.7,143.75,1824.0,1710222000.0,2024-03-12 11:10:00+05:30
143.75,143.75,143.7,143.75,2676.0,1710222300.0,2024-03-12 11:15:00+05:30
143.75,143.75,143.7,143.7,1432.0,1710222600.0,2024-03-12 11:20:00+05:30
143.7,143.75,143.7,143.7,6292.0,1710222900.0,2024-03-12 11:25:00+05:30
143.7,143.8,143.7,143.7,3584.0,1710223200.0,2024-03-12 11:30:00+05:30
143.7,143.8,143.6,143.6,6692.0,1710223500.0,2024-03-12 11:35:00+05:30
143.75,143.8,143.7,143.7,19036.0,1710223800.0,2024-03-12 11:40:00+05:30
143.7,143.85,143.7,143.85,7120.0,1710224100.0,2024-03-12 11:45:00+05:30
143.75,144.2,143.75,144.2,828.0,1710224400.0,2024-03-12 11:50:00+05:30
144.2,144.2,143.9,143.9,992.0,1710224700.0,2024-03-12 11:55:00+05:30
143.9,144.1,143.9,144.1,2888.0,1710225000.0,2024-03-12 12:00:00+05:30
144.1,144.25,143.8,144.25,4368.0,1710225300.0,2024-03-12 12:05:00+05:30
144.15,144.5,144.15,144.3,5120.0,1710225600.0,2024-03-12 12:10:00+05:30
144.3,144.6,144.1,144.1,2008.0,1710225900.0,2024-03-12 12:15:00+05:30
144.1,144.3,144.0,144.2,168.0,1710226200.0,2024-03-12 12:20:00+05:30
144.2,144.75,144.05,144.65,58836.0,1710226500.0,2024-03-12 12:25:00+05:30
144.65,144.65,144.3,144.5,1588.0,1710226800.0,2024-03-12 12:30:00+05:30
144.5,145.5,144.5,145.5,5044.0,1710227100.0,2024-03-12 12:35:00+05:30
145.5,145.5,145.25,145.25,5488.0,1710227400.0,2024-03-12 12:40:00+05:30
145.45,145.5,145.15,145.25,748.0,1710227700.0,2024-03-12 12:45:00+05:30
145.05,145.3,145.0,145.2,784.0,1710228000.0,2024-03-12 12:50:00+05:30
145.0,145.3,145.0,145.0,1256.0,1710228300.0,2024-03-12 12:55:00+05:30
145.0,145.0,145.0,145.0,1816.0,1710228600.0,2024-03-12 13:00:00+05:30
145.0,145.25,145.0,145.1,1036.0,1710228900.0,2024-03-12 13:05:00+05:30
145.1,145.3,144.8,145.2,3704.0,1710229200.0,2024-03-12 13:10:00+05:30
145.2,145.3,145.0,145.25,14912.0,1710229500.0,2024-03-12 13:15:00+05:30
145.25,145.25,145.1,145.1,420.0,1710229800.0,2024-03-12 13:20:00+05:30
145.25,145.25,145.05,145.25,208.0,1710230100.0,2024-03-12 13:25:00+05:30
145.25,145.3,145.1,145.3,648.0,1710230400.0,2024-03-12 13:30:00+05:30
145.2,145.3,145.1,145.3,956.0,1710230700.0,2024-03-12 13:35:00+05:30
145.3,145.4,145.1,145.35,1652.0,1710231000.0,2024-03-12 13:40:00+05:30
145.35,145.45,145.1,145.1,1920.0,1710231300.0,2024-03-12 13:45:00+05:30
145.1,145.4,145.1,145.4,1036.0,1710231600.0,2024-03-12 13:50:00+05:30
145.25,145.75,145.25,145.7,1112.0,1710231900.0,2024-03-12 13:55:00+05:30
145.75,145.75,145.0,145.0,2940.0,1710232200.0,2024-03-12 14:00:00+05:30
145.0,145.0,145.0,145.0,4136.0,1710232500.0,2024-03-12 14:05:00+05:30
145.0,145.1,145.0,145.0,4472.0,1710232800.0,2024-03-12 14:10:00+05:30
145.2,145.2,145.0,145.15,892.0,1710233100.0,2024-03-12 14:15:00+05:30
145.25,145.25,145.0,145.2,356.0,1710233400.0,2024-03-12 14:20:00+05:30
145.2,145.2,145.15,145.15,4.0,1710233700.0,2024-03-12 14:25:00+05:30
145.0,145.6,144.95,145.25,22996.0,1710234000.0,2024-03-12 14:30:00+05:30
145.25,145.25,145.05,145.05,60.0,1710234300.0,2024-03-12 14:35:00+05:30
145.15,145.15,145.05,145.15,640.0,1710234600.0,2024-03-12 14:40:00+05:30
145.15,145.2,145.05,145.2,3208.0,1710234900.0,2024-03-12 14:45:00+05:30
145.2,145.2,145.0,145.0,1260.0,1710235200.0,2024-03-12 14:50:00+05:30
145.25,145.25,145.15,145.25,108.0,1710235500.0,2024-03-12 14:55:00+05:30
145.25,145.25,145.0,145.0,1640.0,1710235800.0,2024-03-12 15:00:00+05:30
145.2,145.55,145.2,145.2,2784.0,1710236100.0,2024-03-12 15:05:00+05:30
145.35,145.7,144.95,145.1,6076.0,1710236400.0,2024-03-12 15:10:00+05:30
145.0,145.2,145.0,145.2,11264.0,1710236700.0,2024-03-12 15:15:00+05:30
145.2,145.3,144.85,145.05,4920.0,1710237000.0,2024-03-12 15:20:00+05:30
145.0,145.85,145.0,145.0,10932.0,1710237300.0,2024-03-12 15:25:00+05:30
143.75,146.05,143.3,145.4,12416.0,1710301500.0,2024-03-13 09:15:00+05:30
145.05,145.05,143.55,143.95,26612.0,1710301800.0,2024-03-13 09:20:00+05:30
144.1,144.8,142.75,142.75,22228.0,1710302100.0,2024-03-13 09:25:00+05:30
142.75,142.9,142.05,142.05,8952.0,1710302400.0,2024-03-13 09:30:00+05:30
142.25,142.3,141.3,141.75,14860.0,1710302700.0,2024-03-13 09:35:00+05:30
141.5,141.9,141.0,141.6,19220.0,1710303000.0,2024-03-13 09:40:00+05:30
141.9,141.9,141.05,141.5,7756.0,1710303300.0,2024-03-13 09:45:00+05:30
141.5,141.9,141.2,141.5,6792.0,1710303600.0,2024-03-13 09:50:00+05:30
141.55,141.55,140.25,140.25,19568.0,1710303900.0,2024-03-13 09:55:00+05:30
140.3,140.3,139.25,139.4,10760.0,1710304200.0,2024-03-13 10:00:00+05:30
139.55,142.45,139.5,142.45,26976.0,1710304500.0,2024-03-13 10:05:00+05:30
141.55,141.55,141.0,141.3,5880.0,1710304800.0,2024-03-13 10:10:00+05:30
141.5,141.5,140.45,140.8,3844.0,1710305100.0,2024-03-13 10:15:00+05:30
140.85,141.2,140.1,140.2,7196.0,1710305400.0,2024-03-13 10:20:00+05:30
140.1,140.65,139.85,140.25,8364.0,1710305700.0,2024-03-13 10:25:00+05:30
140.25,140.45,140.0,140.2,904.0,1710306000.0,2024-03-13 10:30:00+05:30
140.45,140.75,140.1,140.55,956.0,1710306300.0,2024-03-13 10:35:00+05:30
140.7,140.8,140.1,140.3,2796.0,1710306600.0,2024-03-13 10:40:00+05:30
140.3,140.35,139.9,140.1,9156.0,1710306900.0,2024-03-13 10:45:00+05:30
140.1,140.1,139.5,139.75,10276.0,1710307200.0,2024-03-13 10:50:00+05:30
139.8,139.8,139.45,139.45,3072.0,1710307500.0,2024-03-13 10:55:00+05:30
139.7,139.7,138.75,138.9,22128.0,1710307800.0,2024-03-13 11:00:00+05:30
138.8,138.9,138.6,138.8,4476.0,1710308100.0,2024-03-13 11:05:00+05:30
138.8,138.85,138.4,138.85,3432.0,1710308400.0,2024-03-13 11:10:00+05:30
138.5,138.95,138.5,138.8,4776.0,1710308700.0,2024-03-13 11:15:00+05:30
139.0,139.0,138.15,138.45,5656.0,1710309000.0,2024-03-13 11:20:00+05:30
138.45,138.45,137.6,137.95,3232.0,1710309300.0,2024-03-13 11:25:00+05:30
138.0,140.05,137.95,139.4,28140.0,1710309600.0,2024-03-13 11:30:00+05:30
139.4,139.85,139.4,139.8,540.0,1710309900.0,2024-03-13 11:35:00+05:30
139.65,140.25,139.6,140.0,720.0,1710310200.0,2024-03-13 11:40:00+05:30
140.0,141.3,140.0,140.9,7276.0,1710310500.0,2024-03-13 11:45:00+05:30
140.8,140.95,140.05,140.4,2092.0,1710310800.0,2024-03-13 11:50:00+05:30
140.4,140.4,139.9,140.05,1068.0,1710311100.0,2024-03-13 11:55:00+05:30
140.0,140.5,139.95,140.35,5348.0,1710311400.0,2024-03-13 12:00:00+05:30
140.35,140.35,140.0,140.0,5552.0,1710311700.0,2024-03-13 12:05:00+05:30
140.0,140.2,140.0,140.05,3936.0,1710312000.0,2024-03-13 12:10:00+05:30
140.25,140.25,140.0,140.0,6852.0,1710312300.0,2024-03-13 12:15:00+05:30
140.0,140.0,139.8,139.8,29344.0,1710312600.0,2024-03-13 12:20:00+05:30
139.8,140.0,139.8,140.0,4760.0,1710312900.0,2024-03-13 12:25:00+05:30
139.85,140.05,139.85,140.05,740.0,1710313200.0,2024-03-13 12:30:00+05:30
140.2,140.25,139.85,139.85,1208.0,1710313500.0,2024-03-13 12:35:00+05:30
139.9,140.0,139.7,139.8,12748.0,1710313800.0,2024-03-13 12:40:00+05:30
139.95,139.95,139.8,139.85,7180.0,1710314100.0,2024-03-13 12:45:00+05:30
139.9,140.0,139.9,139.9,304.0,1710314400.0,2024-03-13 12:50:00+05:30
139.9,140.0,139.8,139.85,14652.0,1710314700.0,2024-03-13 12:55:00+05:30
139.9,140.1,139.9,140.0,548.0,1710315000.0,2024-03-13 13:00:00+05:30
140.0,140.05,140.0,140.0,360.0,1710315300.0,2024-03-13 13:05:00+05:30
140.0,140.2,140.0,140.0,588.0,1710315600.0,2024-03-13 13:10:00+05:30
140.0,140.2,140.0,140.0,8536.0,1710315900.0,2024-03-13 13:15:00+05:30
140.0,140.2,140.0,140.2,1780.0,1710316200.0,2024-03-13 13:20:00+05:30
140.0,140.15,140.0,140.15,1488.0,1710316500.0,2024-03-13 13:25:00+05:30
140.0,140.1,140.0,140.0,440.0,1710316800.0,2024-03-13 13:30:00+05:30
140.0,140.2,140.0,140.0,2848.0,1710317100.0,2024-03-13 13:35:00+05:30
140.0,140.1,140.0,140.0,4080.0,1710317400.0,2024-03-13 13:40:00+05:30
140.1,140.1,140.0,140.0,3612.0,1710317700.0,2024-03-13 13:45:00+05:30
140.0,140.05,140.0,140.05,5336.0,1710318000.0,2024-03-13 13:50:00+05:30
140.05,140.6,140.0,140.2,8264.0,1710318300.0,2024-03-13 13:55:00+05:30
140.0,140.1,139.85,140.05,1492.0,1710318600.0,2024-03-13 14:00:00+05:30
140.0,140.15,139.9,139.9,1356.0,1710318900.0,2024-03-13 14:05:00+05:30
139.9,140.0,139.9,140.0,1280.0,1710319200.0,2024-03-13 14:10:00+05:30
140.0,140.0,139.75,139.8,11208.0,1710319500.0,2024-03-13 14:15:00+05:30
139.6,139.6,139.4,139.5,49508.0,1710319800.0,2024-03-13 14:20:00+05:30
139.3,139.3,138.5,138.5,15600.0,1710320100.0,2024-03-13 14:25:00+05:30
138.5,138.6,138.0,138.2,20988.0,1710320400.0,2024-03-13 14:30:00+05:30
137.8,138.25,137.0,137.0,16096.0,1710320700.0,2024-03-13 14:35:00+05:30
137.0,137.35,136.3,137.1,32252.0,1710321000.0,2024-03-13 14:40:00+05:30
137.3,137.3,136.2,136.7,24664.0,1710321300.0,2024-03-13 14:45:00+05:30
136.7,136.95,136.5,136.8,7776.0,1710321600.0,2024-03-13 14:50:00+05:30
136.95,136.95,136.45,136.9,17792.0,1710321900.0,2024-03-13 14:55:00+05:30
136.8,137.2,136.75,137.0,4072.0,1710322200.0,2024-03-13 15:00:00+05:30
137.0,137.6,136.8,137.6,24092.0,1710322500.0,2024-03-13 15:05:00+05:30
138.0,138.05,137.5,137.5,24744.0,1710322800.0,2024-03-13 15:10:00+05:30
137.5,137.75,137.25,137.5,48676.0,1710323100.0,2024-03-13 15:15:00+05:30
137.6,137.95,137.5,137.5,11616.0,1710323400.0,2024-03-13 15:20:00+05:30
137.7,137.75,137.5,137.75,4456.0,1710323700.0,2024-03-13 15:25:00+05:30
135.0,138.3,134.0,137.7,57464.0,1710387900.0,2024-03-14 09:15:00+05:30
137.5,137.5,135.3,136.85,21504.0,1710388200.0,2024-03-14 09:20:00+05:30
136.95,138.35,136.6,137.85,32320.0,1710388500.0,2024-03-14 09:25:00+05:30
137.85,138.5,137.6,138.4,13664.0,1710388800.0,2024-03-14 09:30:00+05:30
138.2,138.9,138.2,138.6,16404.0,1710389100.0,2024-03-14 09:35:00+05:30
138.8,139.5,138.55,138.8,12436.0,1710389400.0,2024-03-14 09:40:00+05:30
138.7,139.95,138.65,139.5,9824.0,1710389700.0,2024-03-14 09:45:00+05:30
139.6,140.0,139.6,140.0,3204.0,1710390000.0,2024-03-14 09:50:00+05:30
140.2,140.7,140.2,140.2,6616.0,1710390300.0,2024-03-14 09:55:00+05:30
140.3,140.4,139.65,139.8,4260.0,1710390600.0,2024-03-14 10:00:00+05:30
139.7,140.5,139.55,140.5,11168.0,1710390900.0,2024-03-14 10:05:00+05:30
140.5,140.5,140.2,140.25,280.0,1710391200.0,2024-03-14 10:10:00+05:30
140.25,140.25,139.8,140.2,1844.0,1710391500.0,2024-03-14 10:15:00+05:30
140.2,140.5,140.0,140.5,1128.0,1710391800.0,2024-03-14 10:20:00+05:30
140.45,140.75,140.2,140.75,1960.0,1710392100.0,2024-03-14 10:25:00+05:30
140.75,140.95,140.75,140.95,448.0,1710392400.0,2024-03-14 10:30:00+05:30
140.8,141.2,140.8,141.1,1064.0,1710392700.0,2024-03-14 10:35:00+05:30
141.2,141.25,140.95,140.95,620.0,1710393000.0,2024-03-14 10:40:00+05:30
140.95,141.25,140.85,140.85,492.0,1710393300.0,2024-03-14 10:45:00+05:30
140.85,141.3,140.85,141.0,956.0,1710393600.0,2024-03-14 10:50:00+05:30
141.0,142.25,141.0,142.25,4340.0,1710393900.0,2024-03-14 10:55:00+05:30
142.25,142.25,141.75,141.75,1076.0,1710394200.0,2024-03-14 11:00:00+05:30
142.1,142.1,141.5,141.5,764.0,1710394500.0,2024-03-14 11:05:00+05:30
142.0,144.1,142.0,144.1,38472.0,1710394800.0,2024-03-14 11:10:00+05:30
144.1,144.1,141.95,142.25,5620.0,1710395100.0,2024-03-14 11:15:00+05:30
142.35,142.7,142.2,142.45,1792.0,1710395400.0,2024-03-14 11:20:00+05:30
142.8,142.8,141.75,142.0,2156.0,1710395700.0,2024-03-14 11:25:00+05:30
141.95,142.4,141.85,142.4,860.0,1710396000.0,2024-03-14 11:30:00+05:30
142.35,142.6,142.1,142.6,1092.0,1710396300.0,2024-03-14 11:35:00+05:30
142.5,146.8,142.5,145.7,84268.0,1710396600.0,2024-03-14 11:40:00+05:30
145.5,146.2,145.5,145.6,4048.0,1710396900.0,2024-03-14 11:45:00+05:30
145.8,146.2,145.5,145.7,7236.0,1710397200.0,2024-03-14 11:50:00+05:30
145.7,146.6,145.05,145.75,28672.0,1710397500.0,2024-03-14 11:55:00+05:30
145.45,145.75,145.0,145.5,55476.0,1710397800.0,2024-03-14 12:00:00+05:30
145.4,145.65,145.4,145.55,1924.0,1710398100.0,2024-03-14 12:05:00+05:30
145.55,145.55,145.4,145.55,6972.0,1710398400.0,2024-03-14 12:10:00+05:30
145.55,145.85,145.55,145.75,6592.0,1710398700.0,2024-03-14 12:15:00+05:30
145.7,146.0,145.7,146.0,2436.0,1710399000.0,2024-03-14 12:20:00+05:30
146.05,146.25,145.45,145.65,7724.0,1710399300.0,2024-03-14 12:25:00+05:30
145.6,145.75,145.5,145.5,588.0,1710399600.0,2024-03-14 12:30:00+05:30
145.5,145.75,145.5,145.65,952.0,1710399900.0,2024-03-14 12:35:00+05:30
145.45,145.45,145.0,145.0,8796.0,1710400200.0,2024-03-14 12:40:00+05:30
145.05,145.3,145.0,145.0,5496.0,1710400500.0,2024-03-14 12:45:00+05:30
145.0,145.35,145.0,145.0,3112.0,1710400800.0,2024-03-14 12:50:00+05:30
145.0,145.1,145.0,145.05,2996.0,1710401100.0,2024-03-14 12:55:00+05:30
145.05,145.6,145.05,145.6,2232.0,1710401400.0,2024-03-14 13:00:00+05:30
145.6,145.6,145.3,145.4,4264.0,1710401700.0,2024-03-14 13:05:00+05:30
145.3,145.4,145.25,145.35,1072.0,1710402000.0,2024-03-14 13:10:00+05:30
145.35,145.35,145.25,145.3,2408.0,1710402300.0,2024-03-14 13:15:00+05:30
145.25,145.4,145.25,145.3,616.0,1710402600.0,2024-03-14 13:20:00+05:30
145.3,145.3,145.3,145.3,60.0,1710402900.0,2024-03-14 13:25:00+05:30
145.5,145.5,145.5,145.5,100.0,1710403200.0,2024-03-14 13:30:00+05:30
145.5,145.5,145.45,145.45,576.0,1710403500.0,2024-03-14 13:35:00+05:30
145.25,145.3,145.25,145.3,900.0,1710403800.0,2024-03-14 13:40:00+05:30
145.25,145.3,145.15,145.25,11812.0,1710404100.0,2024-03-14 13:45:00+05:30
145.25,145.3,145.25,145.3,5512.0,1710404400.0,2024-03-14 13:50:00+05:30
145.25,145.25,145.15,145.15,932.0,1710404700.0,2024-03-14 13:55:00+05:30
145.3,145.3,145.15,145.15,18872.0,1710405000.0,2024-03-14 14:00:00+05:30
145.3,145.45,145.15,145.25,16492.0,1710405300.0,2024-03-14 14:05:00+05:30
145.15,145.35,145.15,145.2,1252.0,1710405600.0,2024-03-14 14:10:00+05:30
145.15,145.15,144.9,144.9,12504.0,1710405900.0,2024-03-14 14:15:00+05:30
144.9,144.9,144.9,144.9,3128.0,1710406200.0,2024-03-14 14:20:00+05:30
144.9,144.9,144.9,144.9,0.0,1710406500.0,2024-03-14 14:25:00+05:30
144.95,145.2,144.95,145.05,1092.0,1710406800.0,2024-03-14 14:30:00+05:30
145.3,145.3,145.05,145.3,480.0,1710407100.0,2024-03-14 14:35:00+05:30
145.3,145.5,145.3,145.5,24192.0,1710407400.0,2024-03-14 14:40:00+05:30
145.5,145.8,145.5,145.8,2556.0,1710407700.0,2024-03-14 14:45:00+05:30
146.05,146.55,146.05,146.55,3724.0,1710408000.0,2024-03-14 14:50:00+05:30
146.5,146.5,146.1,146.25,1472.0,1710408300.0,2024-03-14 14:55:00+05:30
146.4,146.6,146.35,146.35,2252.0,1710408600.0,2024-03-14 15:00:00+05:30
146.45,146.5,146.3,146.5,1540.0,1710408900.0,2024-03-14 15:05:00+05:30
146.5,146.5,145.55,145.55,4936.0,1710409200.0,2024-03-14 15:10:00+05:30
145.55,145.6,145.5,145.5,6880.0,1710409500.0,2024-03-14 15:15:00+05:30
145.55,147.35,145.55,146.25,17924.0,1710409800.0,2024-03-14 15:20:00+05:30
146.0,147.45,146.0,146.0,28872.0,1710410100.0,2024-03-14 15:25:00+05:30
145.0,146.9,143.85,146.9,9952.0,1710474300.0,2024-03-15 09:15:00+05:30
146.15,146.85,146.15,146.6,9128.0,1710474600.0,2024-03-15 09:20:00+05:30
146.55,146.75,146.35,146.6,4868.0,1710474900.0,2024-03-15 09:25:00+05:30
146.55,146.9,145.8,145.8,1836.0,1710475200.0,2024-03-15 09:30:00+05:30
145.8,145.8,144.75,144.75,7336.0,1710475500.0,2024-03-15 09:35:00+05:30
144.65,145.2,144.65,145.1,4792.0,1710475800.0,2024-03-15 09:40:00+05:30
145.0,145.25,145.0,145.2,1052.0,1710476100.0,2024-03-15 09:45:00+05:30
145.35,145.35,144.95,145.0,2412.0,1710476400.0,2024-03-15 09:50:00+05:30
145.0,145.2,144.75,145.0,1876.0,1710476700.0,2024-03-15 09:55:00+05:30
145.0,145.2,144.9,145.0,1696.0,1710477000.0,2024-03-15 10:00:00+05:30
145.0,145.0,144.55,144.9,776.0,1710477300.0,2024-03-15 10:05:00+05:30
145.0,145.05,144.8,145.0,10316.0,1710477600.0,2024-03-15 10:10:00+05:30
145.05,145.2,145.0,145.0,980.0,1710477900.0,2024-03-15 10:15:00+05:30
145.0,145.15,144.9,145.0,1456.0,1710478200.0,2024-03-15 10:20:00+05:30
145.0,145.1,144.8,145.1,912.0,1710478500.0,2024-03-15 10:25:00+05:30
145.0,145.15,145.0,145.15,1364.0,1710478800.0,2024-03-15 10:30:00+05:30
145.0,145.2,144.8,144.9,3748.0,1710479100.0,2024-03-15 10:35:00+05:30
144.9,145.0,144.8,144.85,12596.0,1710479400.0,2024-03-15 10:40:00+05:30
144.8,145.1,144.8,145.1,524.0,1710479700.0,2024-03-15 10:45:00+05:30
144.95,145.0,144.9,145.0,248.0,1710480000.0,2024-03-15 10:50:00+05:30
145.0,145.05,145.0,145.05,1812.0,1710480300.0,2024-03-15 10:55:00+05:30
145.1,145.1,144.9,145.0,6136.0,1710480600.0,2024-03-15 11:00:00+05:30
145.0,145.0,145.0,145.0,30460.0,1710480900.0,2024-03-15 11:05:00+05:30
145.0,145.05,145.0,145.0,41792.0,1710481200.0,2024-03-15 11:10:00+05:30
145.0,145.05,145.0,145.05,680.0,1710481500.0,2024-03-15 11:15:00+05:30
145.05,145.05,145.0,145.05,1004.0,1710481800.0,2024-03-15 11:20:00+05:30
145.05,145.05,145.0,145.0,584.0,1710482100.0,2024-03-15 11:25:00+05:30
145.0,145.3,145.0,145.3,548.0,1710482400.0,2024-03-15 11:30:00+05:30
145.3,145.45,145.3,145.45,124.0,1710482700.0,2024-03-15 11:35:00+05:30
145.45,145.45,145.25,145.25,8.0,1710483000.0,2024-03-15 11:40:00+05:30
145.0,145.35,145.0,145.35,508.0,1710483300.0,2024-03-15 11:45:00+05:30
145.35,145.35,145.35,145.35,0.0,1710483600.0,2024-03-15 11:50:00+05:30
145.35,145.35,145.35,145.35,0.0,1710483900.0,2024-03-15 11:55:00+05:30
145.1,145.1,144.8,145.05,7316.0,1710484200.0,2024-03-15 12:00:00+05:30
145.05,145.15,145.0,145.0,196.0,1710484500.0,2024-03-15 12:05:00+05:30
145.0,145.15,145.0,145.15,88.0,1710484800.0,2024-03-15 12:10:00+05:30
145.15,145.15,145.1,145.1,3776.0,1710485100.0,2024-03-15 12:15:00+05:30
145.1,145.15,145.1,145.15,916.0,1710485400.0,2024-03-15 12:20:00+05:30
145.15,145.15,144.95,145.1,2324.0,1710485700.0,2024-03-15 12:25:00+05:30
145.1,145.1,144.85,144.85,248.0,1710486000.0,2024-03-15 12:30:00+05:30
144.85,145.05,144.85,145.05,4.0,1710486300.0,2024-03-15 12:35:00+05:30
145.05,145.05,144.5,145.05,3272.0,1710486600.0,2024-03-15 12:40:00+05:30
145.05,145.05,145.0,145.05,188.0,1710486900.0,2024-03-15 12:45:00+05:30
145.05,145.15,145.05,145.15,336.0,1710487200.0,2024-03-15 12:50:00+05:30
145.15,145.15,145.15,145.15,4.0,1710487500.0,2024-03-15 12:55:00+05:30
145.15,145.15,145.1,145.1,36.0,1710487800.0,2024-03-15 13:00:00+05:30
145.1,145.1,145.0,145.0,88.0,1710488100.0,2024-03-15 13:05:00+05:30
145.0,145.1,145.0,145.1,116.0,1710488400.0,2024-03-15 13:10:00+05:30
145.15,145.4,145.0,145.4,1108.0,1710488700.0,2024-03-15 13:15:00+05:30
145.4,145.4,144.9,144.9,3108.0,1710489000.0,2024-03-15 13:20:00+05:30
144.9,145.0,144.9,145.0,12.0,1710489300.0,2024-03-15 13:25:00+05:30
145.0,145.0,145.0,145.0,0.0,1710489600.0,2024-03-15 13:30:00+05:30
145.0,145.0,145.0,145.0,0.0,1710489900.0,2024-03-15 13:35:00+05:30
145.1,145.1,145.0,145.0,628.0,1710490200.0,2024-03-15 13:40:00+05:30
145.0,145.2,145.0,145.2,1012.0,1710490500.0,2024-03-15 13:45:00+05:30
145.3,145.3,145.0,145.0,248.0,1710490800.0,2024-03-15 13:50:00+05:30
145.0,145.45,145.0,145.45,1628.0,1710491100.0,2024-03-15 13:55:00+05:30
145.5,145.5,145.45,145.45,2024.0,1710491400.0,2024-03-15 14:00:00+05:30
145.45,145.5,145.4,145.5,340.0,1710491700.0,2024-03-15 14:05:00+05:30
145.5,146.3,145.5,146.3,5568.0,1710492000.0,2024-03-15 14:10:00+05:30
146.5,146.8,146.5,146.65,1692.0,1710492300.0,2024-03-15 14:15:00+05:30
146.5,148.0,146.5,147.5,3588.0,1710492600.0,2024-03-15 14:20:00+05:30
147.45,147.55,147.3,147.3,596.0,1710492900.0,2024-03-15 14:25:00+05:30
147.3,147.75,147.3,147.5,1056.0,1710493200.0,2024-03-15 14:30:00+05:30
147.5,147.5,147.5,147.5,336.0,1710493500.0,2024-03-15 14:35:00+05:30
147.6,147.6,147.45,147.6,768.0,1710493800.0,2024-03-15 14:40:00+05:30
147.6,147.75,147.6,147.7,184.0,1710494100.0,2024-03-15 14:45:00+05:30
147.5,147.6,147.0,147.05,1204.0,1710494400.0,2024-03-15 14:50:00+05:30
146.8,146.8,146.55,146.8,1460.0,1710494700.0,2024-03-15 14:55:00+05:30
146.8,147.15,146.55,147.15,12360.0,1710495000.0,2024-03-15 15:00:00+05:30
146.85,147.2,146.8,146.85,2740.0,1710495300.0,2024-03-15 15:05:00+05:30
146.9,147.2,146.75,146.75,3260.0,1710495600.0,2024-03-15 15:10:00+05:30
146.75,147.0,146.75,147.0,21784.0,1710495900.0,2024-03-15 15:15:00+05:30
147.55,148.6,147.5,148.4,34672.0,1710496200.0,2024-03-15 15:20:00+05:30
148.3,149.0,147.75,147.75,4456.0,1710496500.0,2024-03-15 15:25:00+05:30
149.25,149.25,146.75,147.1,6644.0,1710733500.0,2024-03-18 09:15:00+05:30
146.9,146.9,145.05,146.3,25592.0,1710733800.0,2024-03-18 09:20:00+05:30
146.6,147.0,146.05,146.6,1412.0,1710734100.0,2024-03-18 09:25:00+05:30
146.25,146.25,145.8,145.8,5904.0,1710734400.0,2024-03-18 09:30:00+05:30
145.55,145.9,145.3,145.9,1144.0,1710734700.0,2024-03-18 09:35:00+05:30
145.75,146.2,145.3,145.6,5948.0,1710735000.0,2024-03-18 09:40:00+05:30
145.6,145.95,145.5,145.85,1344.0,1710735300.0,2024-03-18 09:45:00+05:30
146.05,146.05,145.8,146.0,796.0,1710735600.0,2024-03-18 09:50:00+05:30
146.0,146.25,145.9,146.25,1200.0,1710735900.0,2024-03-18 09:55:00+05:30
146.25,146.25,146.2,146.25,320.0,1710736200.0,2024-03-18 10:00:00+05:30
146.25,146.25,146.2,146.2,412.0,1710736500.0,2024-03-18 10:05:00+05:30
146.2,146.75,145.8,146.45,3720.0,1710736800.0,2024-03-18 10:10:00+05:30
146.45,146.5,146.25,146.25,2256.0,1710737100.0,2024-03-18 10:15:00+05:30
146.2,146.2,145.6,145.8,372.0,1710737400.0,2024-03-18 10:20:00+05:30
145.6,146.0,145.6,145.7,1224.0,1710737700.0,2024-03-18 10:25:00+05:30
146.05,147.05,146.05,146.8,31144.0,1710738000.0,2024-03-18 10:30:00+05:30
147.0,147.0,146.75,146.9,524.0,1710738300.0,2024-03-18 10:35:00+05:30
147.25,147.5,147.25,147.45,236.0,1710738600.0,2024-03-18 10:40:00+05:30
147.3,147.95,147.3,147.95,632.0,1710738900.0,2024-03-18 10:45:00+05:30
147.8,148.25,147.8,147.95,872.0,1710739200.0,2024-03-18 10:50:00+05:30
147.8,147.9,147.75,147.9,80.0,1710739500.0,2024-03-18 10:55:00+05:30
147.75,148.15,147.75,147.8,4104.0,1710739800.0,2024-03-18 11:00:00+05:30
148.0,149.0,148.0,148.8,3196.0,1710740100.0,2024-03-18 11:05:00+05:30
148.8,148.8,148.6,148.6,692.0,1710740400.0,2024-03-18 11:10:00+05:30
148.6,148.75,148.4,148.65,704.0,1710740700.0,2024-03-18 11:15:00+05:30
148.65,148.7,148.3,148.4,2120.0,1710741000.0,2024-03-18 11:20:00+05:30
148.35,148.7,148.3,148.3,540.0,1710741300.0,2024-03-18 11:25:00+05:30
148.3,148.3,148.3,148.3,60.0,1710741600.0,2024-03-18 11:30:00+05:30
148.3,148.4,148.25,148.4,576.0,1710741900.0,2024-03-18 11:35:00+05:30
148.4,148.4,148.2,148.2,864.0,1710742200.0,2024-03-18 11:40:00+05:30
148.2,148.45,148.2,148.45,580.0,1710742500.0,2024-03-18 11:45:00+05:30
148.45,148.45,148.2,148.2,156.0,1710742800.0,2024-03-18 11:50:00+05:30
148.15,148.3,147.8,147.8,1112.0,1710743100.0,2024-03-18 11:55:00+05:30
147.7,147.7,147.2,147.2,1896.0,1710743400.0,2024-03-18 12:00:00+05:30
147.15,147.45,146.8,147.15,3372.0,1710743700.0,2024-03-18 12:05:00+05:30
146.8,147.1,146.8,146.8,1160.0,1710744000.0,2024-03-18 12:10:00+05:30
146.8,146.8,146.8,146.8,1080.0,1710744300.0,2024-03-18 12:15:00+05:30
146.8,147.05,146.8,146.8,1500.0,1710744600.0,2024-03-18 12:20:00+05:30
146.8,147.05,146.8,146.8,1160.0,1710744900.0,2024-03-18 12:25:00+05:30
146.8,146.8,145.65,145.9,25120.0,1710745200.0,2024-03-18 12:30:00+05:30
145.75,145.9,145.5,145.5,1184.0,1710745500.0,2024-03-18 12:35:00+05:30
145.5,145.85,145.5,145.5,1404.0,1710745800.0,2024-03-18 12:40:00+05:30
145.5,146.2,145.5,145.85,3016.0,1710746100.0,2024-03-18 12:45:00+05:30
145.55,145.9,145.5,145.5,1120.0,1710746400.0,2024-03-18 12:50:00+05:30
145.5,145.9,145.5,145.7,1828.0,1710746700.0,2024-03-18 12:55:00+05:30
145.65,146.0,145.65,145.85,3304.0,1710747000.0,2024-03-18 13:00:00+05:30
145.75,146.0,145.75,145.9,908.0,1710747300.0,2024-03-18 13:05:00+05:30
145.9,146.0,145.85,146.0,416.0,1710747600.0,2024-03-18 13:10:00+05:30
146.0,146.0,146.0,146.0,28.0,1710747900.0,2024-03-18 13:15:00+05:30
146.0,146.1,145.65,145.95,1260.0,1710748200.0,2024-03-18 13:20:00+05:30
145.95,146.5,145.95,146.5,3760.0,1710748500.0,2024-03-18 13:25:00+05:30
146.55,146.65,146.5,146.65,916.0,1710748800.0,2024-03-18 13:30:00+05:30
146.65,146.8,146.65,146.8,60.0,1710749100.0,2024-03-18 13:35:00+05:30
147.05,147.05,146.75,146.75,680.0,1710749400.0,2024-03-18 13:40:00+05:30
146.75,146.75,146.5,146.5,448.0,1710749700.0,2024-03-18 13:45:00+05:30
146.5,146.5,146.5,146.5,0.0,1710750000.0,2024-03-18 13:50:00+05:30
146.5,146.5,146.5,146.5,0.0,1710750300.0,2024-03-18 13:55:00+05:30
147.0,147.0,146.85,146.85,1244.0,1710750600.0,2024-03-18 14:00:00+05:30
146.85,146.85,146.4,146.4,1080.0,1710750900.0,2024-03-18 14:05:00+05:30
146.4,146.5,146.4,146.5,492.0,1710751200.0,2024-03-18 14:10:00+05:30
146.5,146.55,146.25,146.25,204.0,1710751500.0,2024-03-18 14:15:00+05:30
146.25,146.6,146.05,146.6,1800.0,1710751800.0,2024-03-18 14:20:00+05:30
146.6,147.0,146.6,146.95,620.0,1710752100.0,2024-03-18 14:25:00+05:30
146.85,146.85,146.7,146.7,680.0,1710752400.0,2024-03-18 14:30:00+05:30
147.0,147.55,147.0,147.5,6768.0,1710752700.0,2024-03-18 14:35:00+05:30
147.5,147.6,147.2,147.5,1440.0,1710753000.0,2024-03-18 14:40:00+05:30
147.45,147.5,147.2,147.5,720.0,1710753300.0,2024-03-18 14:45:00+05:30
147.4,147.4,147.1,147.1,1600.0,1710753600.0,2024-03-18 14:50:00+05:30
147.1,147.25,147.05,147.1,1520.0,1710753900.0,2024-03-18 14:55:00+05:30
147.15,148.15,147.15,148.1,4776.0,1710754200.0,2024-03-18 15:00:00+05:30
148.1,148.7,147.8,148.6,3912.0,1710754500.0,2024-03-18 15:05:00+05:30
148.65,149.1,148.65,149.1,5824.0,1710754800.0,2024-03-18 15:10:00+05:30
148.75,149.7,147.95,149.7,21764.0,1710755100.0,2024-03-18 15:15:00+05:30
149.7,149.7,147.8,147.8,13296.0,1710755400.0,2024-03-18 15:20:00+05:30
147.8,149.0,147.75,148.5,4792.0,1710755700.0,2024-03-18 15:25:00+05:30
148.5,148.5,147.25,147.45,2608.0,1710819900.0,2024-03-19 09:15:00+05:30
147.6,148.05,147.6,147.85,2136.0,1710820200.0,2024-03-19 09:20:00+05:30
147.7,147.9,147.7,147.75,108.0,1710820500.0,2024-03-19 09:25:00+05:30
147.75,147.9,147.5,147.5,2564.0,1710820800.0,2024-03-19 09:30:00+05:30
147.5,147.5,147.2,147.4,3240.0,1710821100.0,2024-03-19 09:35:00+05:30
147.15,147.2,147.05,147.05,552.0,1710821400.0,2024-03-19 09:40:00+05:30
147.05,147.3,147.05,147.05,196.0,1710821700.0,2024-03-19 09:45:00+05:30
147.05,147.2,146.95,146.95,444.0,1710822000.0,2024-03-19 09:50:00+05:30
146.95,147.0,146.5,146.5,1036.0,1710822300.0,2024-03-19 09:55:00+05:30
146.75,146.9,146.5,146.9,512.0,1710822600.0,2024-03-19 10:00:00+05:30
147.0,147.0,146.7,146.7,184.0,1710822900.0,2024-03-19 10:05:00+05:30
146.7,147.05,146.7,147.0,84.0,1710823200.0,2024-03-19 10:10:00+05:30
146.9,146.95,146.6,146.8,712.0,1710823500.0,2024-03-19 10:15:00+05:30
147.0,147.0,146.65,146.65,1784.0,1710823800.0,2024-03-19 10:20:00+05:30
146.65,146.65,146.5,146.5,40.0,1710824100.0,2024-03-19 10:25:00+05:30
146.5,147.05,146.5,147.05,2744.0,1710824400.0,2024-03-19 10:30:00+05:30
147.0,147.0,146.75,146.75,128.0,1710824700.0,2024-03-19 10:35:00+05:30
146.6,146.85,146.6,146.7,1632.0,1710825000.0,2024-03-19 10:40:00+05:30
146.55,146.7,146.55,146.7,2984.0,1710825300.0,2024-03-19 10:45:00+05:30
146.7,146.7,146.1,146.25,7484.0,1710825600.0,2024-03-19 10:50:00+05:30
146.35,146.65,146.35,146.65,13580.0,1710825900.0,2024-03-19 10:55:00+05:30
146.65,146.65,146.4,146.4,92.0,1710826200.0,2024-03-19 11:00:00+05:30
146.4,146.55,146.25,146.25,536.0,1710826500.0,2024-03-19 11:05:00+05:30
146.4,146.55,146.4,146.4,1372.0,1710826800.0,2024-03-19 11:10:00+05:30
146.65,146.65,146.65,146.65,212.0,1710827100.0,2024-03-19 11:15:00+05:30
146.65,146.8,146.65,146.75,352.0,1710827400.0,2024-03-19 11:20:00+05:30
146.75,146.8,146.55,146.55,168.0,1710827700.0,2024-03-19 11:25:00+05:30
146.55,146.8,146.55,146.55,468.0,1710828000.0,2024-03-19 11:30:00+05:30
146.8,146.85,146.55,146.55,336.0,1710828300.0,2024-03-19 11:35:00+05:30
146.55,146.8,146.55,146.8,620.0,1710828600.0,2024-03-19 11:40:00+05:30
146.55,146.8,146.55,146.8,100.0,1710828900.0,2024-03-19 11:45:00+05:30
146.8,146.9,146.8,146.9,100.0,1710829200.0,2024-03-19 11:50:00+05:30
147.0,147.1,146.95,146.95,324.0,1710829500.0,2024-03-19 11:55:00+05:30
146.95,146.95,146.95,146.95,0.0,1710829800.0,2024-03-19 12:00:00+05:30
146.95,146.95,146.95,146.95,0.0,1710830100.0,2024-03-19 12:05:00+05:30
146.95,147.0,146.95,147.0,32.0,1710830400.0,2024-03-19 12:10:00+05:30
147.0,147.0,146.85,146.85,4.0,1710830700.0,2024-03-19 12:15:00+05:30
146.45,146.9,146.45,146.65,2828.0,1710831000.0,2024-03-19 12:20:00+05:30
146.65,146.65,146.65,146.65,76.0,1710831300.0,2024-03-19 12:25:00+05:30
146.8,147.15,146.55,146.55,4404.0,1710831600.0,2024-03-19 12:30:00+05:30
146.55,147.4,146.55,147.4,3464.0,1710831900.0,2024-03-19 12:35:00+05:30
147.4,147.4,147.4,147.4,0.0,1710832200.0,2024-03-19 12:40:00+05:30
147.4,147.5,147.4,147.5,336.0,1710832500.0,2024-03-19 12:45:00+05:30
147.5,147.75,147.4,147.7,1836.0,1710832800.0,2024-03-19 12:50:00+05:30
147.7,147.7,147.7,147.7,68.0,1710833100.0,2024-03-19 12:55:00+05:30
147.7,147.7,147.7,147.7,4.0,1710833400.0,2024-03-19 13:00:00+05:30
147.7,148.0,147.55,148.0,1452.0,1710833700.0,2024-03-19 13:05:00+05:30
147.8,147.8,147.75,147.75,220.0,1710834000.0,2024-03-19 13:10:00+05:30
147.4,147.4,147.4,147.4,32.0,1710834300.0,2024-03-19 13:15:00+05:30
147.35,147.5,147.35,147.4,36.0,1710834600.0,2024-03-19 13:20:00+05:30
147.4,147.4,147.4,147.4,232.0,1710834900.0,2024-03-19 13:25:00+05:30
147.4,147.4,147.15,147.25,796.0,1710835200.0,2024-03-19 13:30:00+05:30
147.1,147.2,147.0,147.2,44.0,1710835500.0,2024-03-19 13:35:00+05:30
147.2,147.35,147.2,147.35,200.0,1710835800.0,2024-03-19 13:40:00+05:30
147.35,147.35,147.35,147.35,0.0,1710836100.0,2024-03-19 13:45:00+05:30
146.95,147.1,146.95,147.05,672.0,1710836400.0,2024-03-19 13:50:00+05:30
147.25,147.5,147.25,147.5,2188.0,1710836700.0,2024-03-19 13:55:00+05:30
147.5,147.5,147.1,147.5,1908.0,1710837000.0,2024-03-19 14:00:00+05:30
147.5,147.5,147.35,147.35,1080.0,1710837300.0,2024-03-19 14:05:00+05:30
147.35,148.75,146.9,148.75,8668.0,1710837600.0,2024-03-19 14:10:00+05:30
148.7,148.7,148.05,148.2,2680.0,1710837900.0,2024-03-19 14:15:00+05:30
148.1,148.1,147.95,148.1,220.0,1710838200.0,2024-03-19 14:20:00+05:30
148.1,148.1,147.85,147.85,164.0,1710838500.0,2024-03-19 14:25:00+05:30
147.8,147.8,147.7,147.7,368.0,1710838800.0,2024-03-19 14:30:00+05:30
147.7,147.7,147.7,147.7,0.0,1710839100.0,2024-03-19 14:35:00+05:30
147.7,148.1,147.7,148.0,1760.0,1710839400.0,2024-03-19 14:40:00+05:30
147.8,147.8,147.8,147.8,60.0,1710839700.0,2024-03-19 14:45:00+05:30
147.8,147.8,147.8,147.8,128.0,1710840000.0,2024-03-19 14:50:00+05:30
147.8,148.05,147.8,147.9,756.0,1710840300.0,2024-03-19 14:55:00+05:30
147.9,147.9,147.55,147.55,2420.0,1710840600.0,2024-03-19 15:00:00+05:30
147.5,147.5,146.9,146.9,644.0,1710840900.0,2024-03-19 15:05:00+05:30
147.0,147.2,146.65,146.65,364.0,1710841200.0,2024-03-19 15:10:00+05:30
146.45,146.75,146.4,146.5,5996.0,1710841500.0,2024-03-19 15:15:00+05:30
146.25,146.95,145.5,145.5,18660.0,1710841800.0,2024-03-19 15:20:00+05:30
145.6,146.25,145.15,146.0,6400.0,1710842100.0,2024-03-19 15:25:00+05:30
146.45,146.45,145.65,146.2,5392.0,1710906300.0,2024-03-20 09:15:00+05:30
146.2,146.2,145.45,145.8,4252.0,1710906600.0,2024-03-20 09:20:00+05:30
145.75,145.75,145.1,145.1,2420.0,1710906900.0,2024-03-20 09:25:00+05:30
145.1,145.9,145.0,145.9,5928.0,1710907200.0,2024-03-20 09:30:00+05:30
145.75,146.0,145.75,146.0,3440.0,1710907500.0,2024-03-20 09:35:00+05:30
146.0,146.0,145.9,145.9,1136.0,1710907800.0,2024-03-20 09:40:00+05:30
145.9,146.2,145.9,146.05,6388.0,1710908100.0,2024-03-20 09:45:00+05:30
146.55,146.65,146.3,146.55,5928.0,1710908400.0,2024-03-20 09:50:00+05:30
146.5,147.2,146.5,146.6,3220.0,1710908700.0,2024-03-20 09:55:00+05:30
146.7,146.75,146.5,146.75,972.0,1710909000.0,2024-03-20 10:00:00+05:30
146.75,146.9,146.75,146.9,2212.0,1710909300.0,2024-03-20 10:05:00+05:30
146.75,147.0,146.75,146.95,1516.0,1710909600.0,2024-03-20 10:10:00+05:30
146.8,147.05,146.8,147.05,2792.0,1710909900.0,2024-03-20 10:15:00+05:30
147.05,147.25,147.05,147.25,5084.0,1710910200.0,2024-03-20 10:20:00+05:30
147.1,147.55,147.1,147.55,1380.0,1710910500.0,2024-03-20 10:25:00+05:30
147.55,148.0,147.55,147.75,696.0,1710910800.0,2024-03-20 10:30:00+05:30
147.5,147.6,146.9,147.2,5292.0,1710911100.0,2024-03-20 10:35:00+05:30
147.4,147.8,147.4,147.45,3492.0,1710911400.0,2024-03-20 10:40:00+05:30
147.45,148.0,147.45,147.9,2952.0,1710911700.0,2024-03-20 10:45:00+05:30
148.25,148.4,148.0,148.2,8180.0,1710912000.0,2024-03-20 10:50:00+05:30
148.3,148.3,148.2,148.3,1672.0,1710912300.0,2024-03-20 10:55:00+05:30
148.3,148.5,148.3,148.45,1092.0,1710912600.0,2024-03-20 11:00:00+05:30
148.45,149.35,148.45,149.15,12460.0,1710912900.0,2024-03-20 11:05:00+05:30
149.15,149.25,148.65,149.2,5636.0,1710913200.0,2024-03-20 11:10:00+05:30
149.15,149.25,149.05,149.15,15536.0,1710913500.0,2024-03-20 11:15:00+05:30
149.2,149.2,149.0,149.0,3724.0,1710913800.0,2024-03-20 11:20:00+05:30
149.0,149.0,149.0,149.0,4.0,1710914100.0,2024-03-20 11:25:00+05:30
149.0,149.1,149.0,149.0,944.0,1710914400.0,2024-03-20 11:30:00+05:30
149.0,149.0,149.0,149.0,68.0,1710914700.0,2024-03-20 11:35:00+05:30
149.15,149.2,149.15,149.2,108.0,1710915000.0,2024-03-20 11:40:00+05:30
149.2,149.4,149.1,149.2,4236.0,1710915300.0,2024-03-20 11:45:00+05:30
149.2,149.35,148.9,149.35,2364.0,1710915600.0,2024-03-20 11:50:00+05:30
149.35,149.4,149.2,149.3,624.0,1710915900.0,2024-03-20 11:55:00+05:30
149.3,149.3,149.05,149.2,552.0,1710916200.0,2024-03-20 12:00:00+05:30
149.2,149.2,148.9,148.9,100.0,1710916500.0,2024-03-20 12:05:00+05:30
148.9,149.05,148.9,149.05,4.0,1710916800.0,2024-03-20 12:10:00+05:30
148.9,149.25,148.75,149.25,1500.0,1710917100.0,2024-03-20 12:15:00+05:30
149.2,149.2,148.95,149.0,108.0,1710917400.0,2024-03-20 12:20:00+05:30
149.0,149.1,149.0,149.1,436.0,1710917700.0,2024-03-20 12:25:00+05:30
149.0,149.0,148.9,149.0,876.0,1710918000.0,2024-03-20 12:30:00+05:30
149.1,149.2,148.9,149.2,6628.0,1710918300.0,2024-03-20 12:35:00+05:30
148.7,149.2,148.5,149.05,10852.0,1710918600.0,2024-03-20 12:40:00+05:30
149.0,149.0,149.0,149.0,584.0,1710918900.0,2024-03-20 12:45:00+05:30
149.0,149.0,148.45,148.45,732.0,1710919200.0,2024-03-20 12:50:00+05:30
148.5,148.6,148.3,148.6,4124.0,1710919500.0,2024-03-20 12:55:00+05:30
148.4,148.7,148.4,148.7,696.0,1710919800.0,2024-03-20 13:00:00+05:30
148.6,148.6,148.6,148.6,108.0,1710920100.0,2024-03-20 13:05:00+05:30
148.6,148.95,148.6,148.75,2904.0,1710920400.0,2024-03-20 13:10:00+05:30
148.55,148.6,148.5,148.5,636.0,1710920700.0,2024-03-20 13:15:00+05:30
148.5,149.0,148.5,149.0,1716.0,1710921000.0,2024-03-20 13:20:00+05:30
148.65,148.65,148.5,148.5,1160.0,1710921300.0,2024-03-20 13:25:00+05:30
148.5,149.8,148.5,149.8,22316.0,1710921600.0,2024-03-20 13:30:00+05:30
149.7,149.8,149.35,149.4,2192.0,1710921900.0,2024-03-20 13:35:00+05:30
149.7,149.7,149.4,149.5,1016.0,1710922200.0,2024-03-20 13:40:00+05:30
149.55,149.75,149.35,149.35,1848.0,1710922500.0,2024-03-20 13:45:00+05:30
149.55,149.6,149.35,149.5,368.0,1710922800.0,2024-03-20 13:50:00+05:30
149.4,149.75,148.5,148.65,43340.0,1710923100.0,2024-03-20 13:55:00+05:30
148.65,148.75,148.6,148.7,2476.0,1710923400.0,2024-03-20 14:00:00+05:30
148.6,148.7,148.5,148.5,1852.0,1710923700.0,2024-03-20 14:05:00+05:30
148.5,148.6,148.5,148.55,1536.0,1710924000.0,2024-03-20 14:10:00+05:30
148.6,150.05,148.5,149.55,30856.0,1710924300.0,2024-03-20 14:15:00+05:30
149.6,149.6,148.95,149.25,948.0,1710924600.0,2024-03-20 14:20:00+05:30
149.25,149.4,148.8,149.4,692.0,1710924900.0,2024-03-20 14:25:00+05:30
149.4,149.4,148.9,148.9,600.0,1710925200.0,2024-03-20 14:30:00+05:30
149.5,149.5,149.25,149.25,592.0,1710925500.0,2024-03-20 14:35:00+05:30
149.25,149.3,149.05,149.05,3256.0,1710925800.0,2024-03-20 14:40:00+05:30
149.05,149.2,149.05,149.2,996.0,1710926100.0,2024-03-20 14:45:00+05:30
149.15,149.25,148.95,149.1,920.0,1710926400.0,2024-03-20 14:50:00+05:30
149.25,149.7,149.25,149.7,1984.0,1710926700.0,2024-03-20 14:55:00+05:30
149.55,149.7,149.55,149.6,2516.0,1710927000.0,2024-03-20 15:00:00+05:30
149.7,150.0,149.7,149.9,5952.0,1710927300.0,2024-03-20 15:05:00+05:30
149.75,150.0,149.75,149.85,5492.0,1710927600.0,2024-03-20 15:10:00+05:30
149.85,149.95,149.75,149.95,6012.0,1710927900.0,2024-03-20 15:15:00+05:30
149.85,150.0,149.05,149.95,18604.0,1710928200.0,2024-03-20 15:20:00+05:30
149.4,149.75,148.6,148.75,2128.0,1710928500.0,2024-03-20 15:25:00+05:30
147.85,150.85,147.85,149.7,16040.0,1710992700.0,2024-03-21 09:15:00+05:30
149.3,150.6,149.3,150.6,17484.0,1710993000.0,2024-03-21 09:20:00+05:30
150.3,150.8,150.25,150.3,4220.0,1710993300.0,2024-03-21 09:25:00+05:30
150.4,150.4,150.0,150.15,1336.0,1710993600.0,2024-03-21 09:30:00+05:30
150.15,151.0,150.15,151.0,23644.0,1710993900.0,2024-03-21 09:35:00+05:30
151.0,151.5,151.0,151.5,5180.0,1710994200.0,2024-03-21 09:40:00+05:30
151.75,152.95,151.75,152.6,28316.0,1710994500.0,2024-03-21 09:45:00+05:30
152.55,152.75,152.5,152.5,792.0,1710994800.0,2024-03-21 09:50:00+05:30
152.55,152.7,152.5,152.5,4368.0,1710995100.0,2024-03-21 09:55:00+05:30
152.7,153.75,152.55,152.85,25036.0,1710995400.0,2024-03-21 10:00:00+05:30
153.35,153.35,152.5,152.55,19616.0,1710995700.0,2024-03-21 10:05:00+05:30
152.5,152.75,152.5,152.7,332.0,1710996000.0,2024-03-21 10:10:00+05:30
152.7,153.0,152.5,152.8,2976.0,1710996300.0,2024-03-21 10:15:00+05:30
153.0,153.35,152.9,153.1,3188.0,1710996600.0,2024-03-21 10:20:00+05:30
153.15,153.4,153.1,153.1,1264.0,1710996900.0,2024-03-21 10:25:00+05:30
153.1,153.1,152.6,152.85,384.0,1710997200.0,2024-03-21 10:30:00+05:30
152.7,152.95,152.55,152.85,408.0,1710997500.0,2024-03-21 10:35:00+05:30
152.85,152.9,152.6,152.8,264.0,1710997800.0,2024-03-21 10:40:00+05:30
153.0,153.0,152.65,152.75,7812.0,1710998100.0,2024-03-21 10:45:00+05:30
152.75,152.75,152.55,152.55,36.0,1710998400.0,2024-03-21 10:50:00+05:30
152.5,152.75,152.5,152.75,1000.0,1710998700.0,2024-03-21 10:55:00+05:30
152.5,153.0,152.5,153.0,1928.0,1710999000.0,2024-03-21 11:00:00+05:30
153.0,153.1,152.8,152.95,3700.0,1710999300.0,2024-03-21 11:05:00+05:30
153.0,153.05,152.65,152.65,2380.0,1710999600.0,2024-03-21 11:10:00+05:30
152.5,152.7,152.5,152.65,7596.0,1710999900.0,2024-03-21 11:15:00+05:30
152.65,152.7,152.5,152.7,1920.0,1711000200.0,2024-03-21 11:20:00+05:30
152.7,152.7,152.7,152.7,320.0,1711000500.0,2024-03-21 11:25:00+05:30
152.7,152.7,152.6,152.6,44.0,1711000800.0,2024-03-21 11:30:00+05:30
152.6,152.6,152.5,152.5,2060.0,1711001100.0,2024-03-21 11:35:00+05:30
152.6,152.6,152.55,152.55,288.0,1711001400.0,2024-03-21 11:40:00+05:30
152.55,152.55,152.55,152.55,184.0,1711001700.0,2024-03-21 11:45:00+05:30
152.55,152.9,152.55,152.9,764.0,1711002000.0,2024-03-21 11:50:00+05:30
152.9,152.9,152.5,152.5,1464.0,1711002300.0,2024-03-21 11:55:00+05:30
152.5,152.75,152.5,152.75,224.0,1711002600.0,2024-03-21 12:00:00+05:30
152.7,153.0,152.7,152.7,744.0,1711002900.0,2024-03-21 12:05:00+05:30
152.7,153.0,152.7,153.0,1228.0,1711003200.0,2024-03-21 12:10:00+05:30
152.8,152.8,152.5,152.55,3816.0,1711003500.0,2024-03-21 12:15:00+05:30
152.55,152.55,152.5,152.5,416.0,1711003800.0,2024-03-21 12:20:00+05:30
152.5,152.5,152.5,152.5,100.0,1711004100.0,2024-03-21 12:25:00+05:30
152.5,152.5,152.45,152.5,7348.0,1711004400.0,2024-03-21 12:30:00+05:30
152.5,152.7,152.5,152.5,2232.0,1711004700.0,2024-03-21 12:35:00+05:30
152.5,152.5,152.5,152.5,4.0,1711005000.0,2024-03-21 12:40:00+05:30
152.5,152.5,152.5,152.5,1044.0,1711005300.0,2024-03-21 12:45:00+05:30
152.5,152.7,152.5,152.7,4540.0,1711005600.0,2024-03-21 12:50:00+05:30
152.7,152.8,152.55,152.6,9552.0,1711005900.0,2024-03-21 12:55:00+05:30
152.6,152.6,152.6,152.6,0.0,1711006200.0,2024-03-21 13:00:00+05:30
152.6,152.95,152.6,152.75,1472.0,1711006500.0,2024-03-21 13:05:00+05:30
152.75,152.75,152.5,152.55,360.0,1711006800.0,2024-03-21 13:10:00+05:30
152.5,152.8,152.5,152.8,5872.0,1711007100.0,2024-03-21 13:15:00+05:30
152.8,153.05,152.8,152.85,292.0,1711007400.0,2024-03-21 13:20:00+05:30
152.85,153.0,152.85,152.85,36.0,1711007700.0,2024-03-21 13:25:00+05:30
152.85,152.85,152.85,152.85,300.0,1711008000.0,2024-03-21 13:30:00+05:30
152.85,153.05,152.85,152.9,224.0,1711008300.0,2024-03-21 13:35:00+05:30
152.9,153.0,152.8,152.8,484.0,1711008600.0,2024-03-21 13:40:00+05:30
152.8,153.1,152.8,153.1,240.0,1711008900.0,2024-03-21 13:45:00+05:30
153.1,153.1,152.95,152.95,236.0,1711009200.0,2024-03-21 13:50:00+05:30
152.95,153.1,152.9,152.9,10484.0,1711009500.0,2024-03-21 13:55:00+05:30
152.9,153.1,152.9,153.1,644.0,1711009800.0,2024-03-21 14:00:00+05:30
153.1,153.1,152.5,152.5,8980.0,1711010100.0,2024-03-21 14:05:00+05:30
152.5,152.8,152.5,152.8,104.0,1711010400.0,2024-03-21 14:10:00+05:30
152.8,152.8,152.5,152.5,100.0,1711010700.0,2024-03-21 14:15:00+05:30
152.5,152.5,152.5,152.5,160.0,1711011000.0,2024-03-21 14:20:00+05:30
152.5,152.6,152.5,152.5,2552.0,1711011300.0,2024-03-21 14:25:00+05:30
152.5,152.7,152.5,152.7,3084.0,1711011600.0,2024-03-21 14:30:00+05:30
152.7,152.8,152.7,152.8,196.0,1711011900.0,2024-03-21 14:35:00+05:30
152.8,152.8,152.75,152.8,420.0,1711012200.0,2024-03-21 14:40:00+05:30
152.8,152.8,152.55,152.55,204.0,1711012500.0,2024-03-21 14:45:00+05:30
152.8,153.05,152.8,153.0,13820.0,1711012800.0,2024-03-21 14:50:00+05:30
153.0,153.9,153.0,153.75,40084.0,1711013100.0,2024-03-21 14:55:00+05:30
153.75,153.95,153.75,153.75,1512.0,1711013400.0,2024-03-21 15:00:00+05:30
153.55,154.0,153.05,153.75,9464.0,1711013700.0,2024-03-21 15:05:00+05:30
153.75,154.0,153.75,154.0,2748.0,1711014000.0,2024-03-21 15:10:00+05:30
153.9,154.7,153.9,154.55,9052.0,1711014300.0,2024-03-21 15:15:00+05:30
154.4,154.7,153.9,153.9,8696.0,1711014600.0,2024-03-21 15:20:00+05:30
153.9,154.65,153.75,153.75,12020.0,1711014900.0,2024-03-21 15:25:00+05:30
154.5,157.25,152.75,156.1,32260.0,1711079100.0,2024-03-22 09:15:00+05:30
156.15,156.6,155.4,155.5,10736.0,1711079400.0,2024-03-22 09:20:00+05:30
155.5,155.6,154.7,154.95,12020.0,1711079700.0,2024-03-22 09:25:00+05:30
155.15,156.4,155.15,156.4,6920.0,1711080000.0,2024-03-22 09:30:00+05:30
156.5,157.35,156.45,156.45,11800.0,1711080300.0,2024-03-22 09:35:00+05:30
156.4,157.2,156.25,157.05,7636.0,1711080600.0,2024-03-22 09:40:00+05:30
156.75,156.9,156.45,156.85,3116.0,1711080900.0,2024-03-22 09:45:00+05:30
156.85,156.85,155.8,156.15,9564.0,1711081200.0,2024-03-22 09:50:00+05:30
156.45,156.75,155.75,156.0,6280.0,1711081500.0,2024-03-22 09:55:00+05:30
155.95,155.95,155.5,155.7,2316.0,1711081800.0,2024-03-22 10:00:00+05:30
155.6,156.3,155.6,156.3,3644.0,1711082100.0,2024-03-22 10:05:00+05:30
156.55,156.55,155.65,155.65,3912.0,1711082400.0,2024-03-22 10:10:00+05:30
155.65,155.95,155.55,155.55,1492.0,1711082700.0,2024-03-22 10:15:00+05:30
155.55,155.8,155.45,155.8,604.0,1711083000.0,2024-03-22 10:20:00+05:30
155.75,155.8,155.75,155.8,304.0,1711083300.0,2024-03-22 10:25:00+05:30
155.65,155.8,155.4,155.4,820.0,1711083600.0,2024-03-22 10:30:00+05:30
155.4,155.6,155.3,155.55,416.0,1711083900.0,2024-03-22 10:35:00+05:30
155.3,155.6,155.05,155.25,2356.0,1711084200.0,2024-03-22 10:40:00+05:30
155.05,155.25,155.05,155.15,756.0,1711084500.0,2024-03-22 10:45:00+05:30
155.4,155.45,155.4,155.45,36.0,1711084800.0,2024-03-22 10:50:00+05:30
155.45,155.45,155.45,155.45,60.0,1711085100.0,2024-03-22 10:55:00+05:30
155.25,155.45,155.1,155.25,628.0,1711085400.0,2024-03-22 11:00:00+05:30
155.35,155.45,155.35,155.45,404.0,1711085700.0,2024-03-22 11:05:00+05:30
155.45,155.5,155.0,155.0,5968.0,1711086000.0,2024-03-22 11:10:00+05:30
154.8,155.05,154.3,155.0,3448.0,1711086300.0,2024-03-22 11:15:00+05:30
155.0,155.4,155.0,155.1,504.0,1711086600.0,2024-03-22 11:20:00+05:30
155.35,155.35,155.1,155.25,504.0,1711086900.0,2024-03-22 11:25:00+05:30
155.25,155.25,155.05,155.05,200.0,1711087200.0,2024-03-22 11:30:00+05:30
154.85,155.3,154.5,154.95,10924.0,1711087500.0,2024-03-22 11:35:00+05:30
155.2,155.2,155.05,155.05,5600.0,1711087800.0,2024-03-22 11:40:00+05:30
155.25,155.5,155.1,155.1,2712.0,1711088100.0,2024-03-22 11:45:00+05:30
155.0,155.3,154.95,155.0,560.0,1711088400.0,2024-03-22 11:50:00+05:30
155.0,155.0,154.9,154.9,732.0,1711088700.0,2024-03-22 11:55:00+05:30
154.9,154.9,154.5,154.5,1096.0,1711089000.0,2024-03-22 12:00:00+05:30
154.5,154.75,154.5,154.75,20.0,1711089300.0,2024-03-22 12:05:00+05:30
154.75,154.75,154.75,154.75,392.0,1711089600.0,2024-03-22 12:10:00+05:30
154.75,154.75,154.25,154.25,1060.0,1711089900.0,2024-03-22 12:15:00+05:30
154.05,154.7,154.0,154.2,7748.0,1711090200.0,2024-03-22 12:20:00+05:30
154.4,154.5,153.8,154.45,2600.0,1711090500.0,2024-03-22 12:25:00+05:30
154.45,154.55,154.3,154.3,224.0,1711090800.0,2024-03-22 12:30:00+05:30
154.7,154.75,154.35,154.45,976.0,1711091100.0,2024-03-22 12:35:00+05:30
154.45,154.45,154.4,154.45,52.0,1711091400.0,2024-03-22 12:40:00+05:30
154.6,154.6,154.35,154.35,352.0,1711091700.0,2024-03-22 12:45:00+05:30
154.35,154.7,154.35,154.4,716.0,1711092000.0,2024-03-22 12:50:00+05:30
154.4,154.85,154.4,154.85,312.0,1711092300.0,2024-03-22 12:55:00+05:30
154.5,154.75,154.5,154.5,440.0,1711092600.0,2024-03-22 13:00:00+05:30
154.7,154.7,154.4,154.4,1100.0,1711092900.0,2024-03-22 13:05:00+05:30
154.4,154.4,154.4,154.4,4.0,1711093200.0,2024-03-22 13:10:00+05:30
154.4,154.6,154.4,154.55,340.0,1711093500.0,2024-03-22 13:15:00+05:30
154.55,154.55,154.3,154.55,264.0,1711093800.0,2024-03-22 13:20:00+05:30
154.55,154.6,154.4,154.5,1656.0,1711094100.0,2024-03-22 13:25:00+05:30
154.7,154.9,154.5,154.9,604.0,1711094400.0,2024-03-22 13:30:00+05:30
154.9,154.9,154.6,154.9,860.0,1711094700.0,2024-03-22 13:35:00+05:30
154.9,154.9,154.7,154.75,1148.0,1711095000.0,2024-03-22 13:40:00+05:30
154.75,155.0,154.75,154.9,768.0,1711095300.0,2024-03-22 13:45:00+05:30
154.75,155.2,154.75,155.2,4220.0,1711095600.0,2024-03-22 13:50:00+05:30
155.2,155.2,155.0,155.2,196.0,1711095900.0,2024-03-22 13:55:00+05:30
155.2,155.2,154.8,155.2,4660.0,1711096200.0,2024-03-22 14:00:00+05:30
155.2,155.2,154.9,155.2,1592.0,1711096500.0,2024-03-22 14:05:00+05:30
155.2,155.25,155.2,155.2,1292.0,1711096800.0,2024-03-22 14:10:00+05:30
154.9,155.05,154.9,154.95,1496.0,1711097100.0,2024-03-22 14:15:00+05:30
155.15,155.6,155.15,155.6,6076.0,1711097400.0,2024-03-22 14:20:00+05:30
155.6,155.8,155.6,155.7,4112.0,1711097700.0,2024-03-22 14:25:00+05:30
155.7,156.0,155.5,155.85,3248.0,1711098000.0,2024-03-22 14:30:00+05:30
155.8,156.5,155.75,156.25,6804.0,1711098300.0,2024-03-22 14:35:00+05:30
156.6,156.95,156.15,156.65,22368.0,1711098600.0,2024-03-22 14:40:00+05:30
156.8,156.85,156.4,156.6,3636.0,1711098900.0,2024-03-22 14:45:00+05:30
156.7,156.7,156.0,156.3,4556.0,1711099200.0,2024-03-22 14:50:00+05:30
156.2,156.4,156.0,156.4,5784.0,1711099500.0,2024-03-22 14:55:00+05:30
156.2,156.35,156.2,156.25,2868.0,1711099800.0,2024-03-22 15:00:00+05:30
156.3,156.45,156.25,156.4,9492.0,1711100100.0,2024-03-22 15:05:00+05:30
156.4,156.45,156.25,156.45,9636.0,1711100400.0,2024-03-22 15:10:00+05:30
156.7,156.75,156.25,156.45,20796.0,1711100700.0,2024-03-22 15:15:00+05:30
156.45,156.75,156.1,156.25,21188.0,1711101000.0,2024-03-22 15:20:00+05:30
156.5,156.5,156.0,156.0,5816.0,1711101300.0,2024-03-22 15:25:00+05:30
156.25,156.25,155.0,155.8,8476.0,1711424700.0,2024-03-26 09:15:00+05:30
155.6,155.6,154.5,154.7,6208.0,1711425000.0,2024-03-26 09:20:00+05:30
154.5,155.0,154.3,155.0,3088.0,1711425300.0,2024-03-26 09:25:00+05:30
154.65,155.2,154.65,155.15,2428.0,1711425600.0,2024-03-26 09:30:00+05:30
155.15,155.5,155.0,155.5,4684.0,1711425900.0,2024-03-26 09:35:00+05:30
155.5,155.95,155.5,155.7,5492.0,1711426200.0,2024-03-26 09:40:00+05:30
155.9,155.95,155.5,155.95,6016.0,1711426500.0,2024-03-26 09:45:00+05:30
155.95,156.2,155.95,156.2,2400.0,1711426800.0,2024-03-26 09:50:00+05:30
156.0,156.45,156.0,156.45,3356.0,1711427100.0,2024-03-26 09:55:00+05:30
156.45,156.5,156.15,156.5,1388.0,1711427400.0,2024-03-26 10:00:00+05:30
156.5,156.5,156.45,156.45,172.0,1711427700.0,2024-03-26 10:05:00+05:30
156.4,156.4,156.15,156.25,308.0,1711428000.0,2024-03-26 10:10:00+05:30
156.35,156.35,156.35,156.35,4.0,1711428300.0,2024-03-26 10:15:00+05:30
156.25,156.4,156.2,156.2,6020.0,1711428600.0,2024-03-26 10:20:00+05:30
156.25,156.6,156.25,156.6,1060.0,1711428900.0,2024-03-26 10:25:00+05:30
156.4,156.75,156.4,156.75,1068.0,1711429200.0,2024-03-26 10:30:00+05:30
156.5,156.5,156.45,156.5,488.0,1711429500.0,2024-03-26 10:35:00+05:30
156.5,156.5,156.5,156.5,24.0,1711429800.0,2024-03-26 10:40:00+05:30
156.5,156.5,156.25,156.4,608.0,1711430100.0,2024-03-26 10:45:00+05:30
156.4,156.45,156.2,156.4,1176.0,1711430400.0,2024-03-26 10:50:00+05:30
156.15,156.25,156.0,156.25,1196.0,1711430700.0,2024-03-26 10:55:00+05:30
156.15,156.45,156.05,156.45,2504.0,1711431000.0,2024-03-26 11:00:00+05:30
156.45,156.45,156.1,156.25,35804.0,1711431300.0,2024-03-26 11:05:00+05:30
156.25,156.25,156.25,156.25,116.0,1711431600.0,2024-03-26 11:10:00+05:30
156.25,156.35,156.25,156.35,8876.0,1711431900.0,2024-03-26 11:15:00+05:30
156.35,156.35,156.25,156.25,140.0,1711432200.0,2024-03-26 11:20:00+05:30
156.25,156.35,156.25,156.25,1184.0,1711432500.0,2024-03-26 11:25:00+05:30
156.25,156.35,156.15,156.35,104.0,1711432800.0,2024-03-26 11:30:00+05:30
156.45,156.75,156.45,156.5,8300.0,1711433100.0,2024-03-26 11:35:00+05:30
156.5,156.75,156.1,156.1,1392.0,1711433400.0,2024-03-26 11:40:00+05:30
156.1,156.5,156.1,156.25,1156.0,1711433700.0,2024-03-26 11:45:00+05:30
156.25,156.25,156.25,156.25,4.0,1711434000.0,2024-03-26 11:50:00+05:30
156.2,156.35,156.05,156.35,1136.0,1711434300.0,2024-03-26 11:55:00+05:30
156.2,156.25,156.0,156.25,1532.0,1711434600.0,2024-03-26 12:00:00+05:30
156.25,156.45,156.25,156.45,196.0,1711434900.0,2024-03-26 12:05:00+05:30
156.2,156.4,156.2,156.4,584.0,1711435200.0,2024-03-26 12:10:00+05:30
156.2,156.2,156.05,156.2,548.0,1711435500.0,2024-03-26 12:15:00+05:30
156.2,156.25,156.0,156.25,9616.0,1711435800.0,2024-03-26 12:20:00+05:30
156.25,156.4,156.25,156.25,12476.0,1711436100.0,2024-03-26 12:25:00+05:30
156.35,156.35,156.05,156.25,1456.0,1711436400.0,2024-03-26 12:30:00+05:30
156.25,156.25,156.25,156.25,180.0,1711436700.0,2024-03-26 12:35:00+05:30
156.4,156.4,156.15,156.15,560.0,1711437000.0,2024-03-26 12:40:00+05:30
156.15,156.25,156.0,156.2,408.0,1711437300.0,2024-03-26 12:45:00+05:30
156.2,156.4,156.0,156.4,5100.0,1711437600.0,2024-03-26 12:50:00+05:30
156.5,156.5,156.5,156.5,3448.0,1711437900.0,2024-03-26 12:55:00+05:30
156.5,156.75,156.5,156.7,2760.0,1711438200.0,2024-03-26 13:00:00+05:30
156.7,156.75,156.45,156.45,184.0,1711438500.0,2024-03-26 13:05:00+05:30
156.45,156.45,156.3,156.3,512.0,1711438800.0,2024-03-26 13:10:00+05:30
156.25,156.5,156.25,156.3,1136.0,1711439100.0,2024-03-26 13:15:00+05:30
156.5,156.75,156.3,156.55,1368.0,1711439400.0,2024-03-26 13:20:00+05:30
156.4,156.75,156.4,156.75,2472.0,1711439700.0,2024-03-26 13:25:00+05:30
156.75,156.75,156.65,156.65,144.0,1711440000.0,2024-03-26 13:30:00+05:30
156.65,156.75,156.65,156.75,480.0,1711440300.0,2024-03-26 13:35:00+05:30
156.85,157.1,156.85,157.1,3792.0,1711440600.0,2024-03-26 13:40:00+05:30
157.2,157.35,157.0,157.3,1180.0,1711440900.0,2024-03-26 13:45:00+05:30
157.3,157.3,157.0,157.0,10360.0,1711441200.0,2024-03-26 13:50:00+05:30
157.0,157.2,157.0,157.0,8312.0,1711441500.0,2024-03-26 13:55:00+05:30
157.0,157.1,157.0,157.0,2300.0,1711441800.0,2024-03-26 14:00:00+05:30
157.0,157.1,157.0,157.0,324.0,1711442100.0,2024-03-26 14:05:00+05:30
157.0,157.1,157.0,157.0,380.0,1711442400.0,2024-03-26 14:10:00+05:30
157.1,157.1,157.0,157.0,752.0,1711442700.0,2024-03-26 14:15:00+05:30
157.0,157.2,157.0,157.2,508.0,1711443000.0,2024-03-26 14:20:00+05:30
157.0,157.0,157.0,157.0,5712.0,1711443300.0,2024-03-26 14:25:00+05:30
157.0,157.1,156.9,157.0,312.0,1711443600.0,2024-03-26 14:30:00+05:30
157.1,157.1,156.85,156.9,208.0,1711443900.0,2024-03-26 14:35:00+05:30
156.9,157.1,156.9,157.1,7780.0,1711444200.0,2024-03-26 14:40:00+05:30
156.85,157.25,156.85,157.25,2476.0,1711444500.0,2024-03-26 14:45:00+05:30
157.0,157.2,157.0,157.15,7476.0,1711444800.0,2024-03-26 14:50:00+05:30
157.15,157.3,157.0,157.3,1336.0,1711445100.0,2024-03-26 14:55:00+05:30
157.5,158.2,157.5,158.0,20224.0,1711445400.0,2024-03-26 15:00:00+05:30
158.05,158.25,157.9,158.25,10864.0,1711445700.0,2024-03-26 15:05:00+05:30
158.25,158.6,158.25,158.4,12700.0,1711446000.0,2024-03-26 15:10:00+05:30
158.6,158.6,158.4,158.5,10032.0,1711446300.0,2024-03-26 15:15:00+05:30
158.55,158.75,158.4,158.7,11836.0,1711446600.0,2024-03-26 15:20:00+05:30
158.7,158.75,157.85,158.7,15812.0,1711446900.0,2024-03-26 15:25:00+05:30
158.4,158.4,157.5,158.0,14904.0,1711511100.0,2024-03-27 09:15:00+05:30
157.45,158.1,156.55,157.75,6908.0,1711511400.0,2024-03-27 09:20:00+05:30
157.8,158.25,157.5,158.2,3212.0,1711511700.0,2024-03-27 09:25:00+05:30
158.2,158.2,157.5,157.5,1316.0,1711512000.0,2024-03-27 09:30:00+05:30
157.85,157.85,157.3,157.3,1236.0,1711512300.0,2024-03-27 09:35:00+05:30
157.3,157.5,157.25,157.25,452.0,1711512600.0,2024-03-27 09:40:00+05:30
157.5,157.95,157.5,157.55,6516.0,1711512900.0,2024-03-27 09:45:00+05:30
157.55,157.9,157.55,157.9,132.0,1711513200.0,2024-03-27 09:50:00+05:30
157.75,157.95,157.75,157.95,48.0,1711513500.0,2024-03-27 09:55:00+05:30
157.7,157.9,157.5,157.5,2340.0,1711513800.0,2024-03-27 10:00:00+05:30
157.5,157.7,157.4,157.7,5832.0,1711514100.0,2024-03-27 10:05:00+05:30
157.7,158.1,157.7,157.8,244.0,1711514400.0,2024-03-27 10:10:00+05:30
157.75,157.8,157.55,157.55,160.0,1711514700.0,2024-03-27 10:15:00+05:30
157.55,157.55,157.55,157.55,0.0,1711515000.0,2024-03-27 10:20:00+05:30
157.5,157.8,157.5,157.8,444.0,1711515300.0,2024-03-27 10:25:00+05:30
157.55,157.6,157.55,157.6,440.0,1711515600.0,2024-03-27 10:30:00+05:30
157.6,157.85,157.55,157.55,236.0,1711515900.0,2024-03-27 10:35:00+05:30
157.5,157.85,157.5,157.75,508.0,1711516200.0,2024-03-27 10:40:00+05:30
157.75,157.75,157.75,157.75,88.0,1711516500.0,2024-03-27 10:45:00+05:30
157.75,157.75,157.4,157.4,2224.0,1711516800.0,2024-03-27 10:50:00+05:30
157.4,158.1,157.4,158.0,3680.0,1711517100.0,2024-03-27 10:55:00+05:30
158.0,158.0,157.9,157.9,600.0,1711517400.0,2024-03-27 11:00:00+05:30
157.85,157.95,157.85,157.95,84.0,1711517700.0,2024-03-27 11:05:00+05:30
157.75,157.75,157.6,157.6,548.0,1711518000.0,2024-03-27 11:10:00+05:30
157.65,157.75,157.4,157.5,1152.0,1711518300.0,2024-03-27 11:15:00+05:30
157.5,157.5,157.35,157.4,1732.0,1711518600.0,2024-03-27 11:20:00+05:30
157.4,157.6,157.4,157.6,156.0,1711518900.0,2024-03-27 11:25:00+05:30
157.6,157.6,157.3,157.5,620.0,1711519200.0,2024-03-27 11:30:00+05:30
157.5,157.7,157.3,157.55,4856.0,1711519500.0,2024-03-27 11:35:00+05:30
158.05,158.7,158.05,158.5,8344.0,1711519800.0,2024-03-27 11:40:00+05:30
158.4,158.4,158.1,158.1,2608.0,1711520100.0,2024-03-27 11:45:00+05:30
158.1,158.35,158.1,158.35,952.0,1711520400.0,2024-03-27 11:50:00+05:30
158.5,158.5,158.4,158.4,932.0,1711520700.0,2024-03-27 11:55:00+05:30
158.4,159.0,158.4,159.0,2780.0,1711521000.0,2024-03-27 12:00:00+05:30
158.95,158.95,158.55,158.85,956.0,1711521300.0,2024-03-27 12:05:00+05:30
158.85,158.95,158.6,158.6,1240.0,1711521600.0,2024-03-27 12:10:00+05:30
159.0,159.05,158.6,159.05,5672.0,1711521900.0,2024-03-27 12:15:00+05:30
159.05,159.25,159.05,159.25,676.0,1711522200.0,2024-03-27 12:20:00+05:30
158.65,158.9,158.65,158.9,6816.0,1711522500.0,2024-03-27 12:25:00+05:30
158.9,159.0,158.65,158.9,520.0,1711522800.0,2024-03-27 12:30:00+05:30
158.9,158.9,158.6,158.6,1080.0,1711523100.0,2024-03-27 12:35:00+05:30
158.85,158.85,158.6,158.6,88.0,1711523400.0,2024-03-27 12:40:00+05:30
158.6,158.75,158.6,158.75,16.0,1711523700.0,2024-03-27 12:45:00+05:30
158.75,158.75,158.4,158.4,700.0,1711524000.0,2024-03-27 12:50:00+05:30
158.4,158.75,158.25,158.75,2424.0,1711524300.0,2024-03-27 12:55:00+05:30
158.75,158.75,158.5,158.6,592.0,1711524600.0,2024-03-27 13:00:00+05:30
158.65,158.65,158.4,158.5,624.0,1711524900.0,2024-03-27 13:05:00+05:30
158.5,158.5,158.15,158.15,572.0,1711525200.0,2024-03-27 13:10:00+05:30
158.2,158.2,157.85,158.2,2168.0,1711525500.0,2024-03-27 13:15:00+05:30
158.2,158.2,158.2,158.2,8.0,1711525800.0,2024-03-27 13:20:00+05:30
158.0,158.0,157.8,157.8,104.0,1711526100.0,2024-03-27 13:25:00+05:30
157.8,158.05,157.8,158.05,880.0,1711526400.0,2024-03-27 13:30:00+05:30
158.05,158.15,157.95,157.95,220.0,1711526700.0,2024-03-27 13:35:00+05:30
157.95,158.1,157.8,157.8,800.0,1711527000.0,2024-03-27 13:40:00+05:30
158.1,158.35,157.9,158.35,796.0,1711527300.0,2024-03-27 13:45:00+05:30
158.35,158.35,158.1,158.1,64.0,1711527600.0,2024-03-27 13:50:00+05:30
157.95,158.25,157.95,158.05,1172.0,1711527900.0,2024-03-27 13:55:00+05:30
158.05,158.5,158.05,158.5,1396.0,1711528200.0,2024-03-27 14:00:00+05:30
158.5,158.65,158.3,158.65,3856.0,1711528500.0,2024-03-27 14:05:00+05:30
158.65,158.7,158.25,158.25,732.0,1711528800.0,2024-03-27 14:10:00+05:30
158.7,158.7,158.4,158.4,216.0,1711529100.0,2024-03-27 14:15:00+05:30
158.4,158.4,158.35,158.4,284.0,1711529400.0,2024-03-27 14:20:00+05:30
158.1,158.45,158.05,158.45,504.0,1711529700.0,2024-03-27 14:25:00+05:30
158.25,158.3,158.05,158.3,516.0,1711530000.0,2024-03-27 14:30:00+05:30
158.3,158.3,158.1,158.2,852.0,1711530300.0,2024-03-27 14:35:00+05:30
158.2,158.2,158.2,158.2,0.0,1711530600.0,2024-03-27 14:40:00+05:30
158.05,159.9,157.8,159.9,26768.0,1711530900.0,2024-03-27 14:45:00+05:30
160.1,161.3,159.8,161.3,49808.0,1711531200.0,2024-03-27 14:50:00+05:30
161.35,163.1,161.2,163.1,50836.0,1711531500.0,2024-03-27 14:55:00+05:30
163.0,164.75,162.65,164.55,59692.0,1711531800.0,2024-03-27 15:00:00+05:30
164.55,165.4,161.85,165.35,113836.0,1711532100.0,2024-03-27 15:05:00+05:30
165.05,166.0,164.7,166.0,85952.0,1711532400.0,2024-03-27 15:10:00+05:30
165.95,166.9,165.95,166.8,76040.0,1711532700.0,2024-03-27 15:15:00+05:30
166.8,167.25,166.5,167.15,69572.0,1711533000.0,2024-03-27 15:20:00+05:30
167.2,167.25,166.0,166.05,61988.0,1711533300.0,2024-03-27 15:25:00+05:30
166.1,169.3,166.1,167.4,57212.0,1711597500.0,2024-03-28 09:15:00+05:30
167.4,171.85,167.0,167.7,148976.0,1711597800.0,2024-03-28 09:20:00+05:30
167.7,168.7,167.55,168.15,19672.0,1711598100.0,2024-03-28 09:25:00+05:30
168.0,168.1,167.6,168.1,15532.0,1711598400.0,2024-03-28 09:30:00+05:30
167.9,168.9,167.3,167.3,34952.0,1711598700.0,2024-03-28 09:35:00+05:30
167.2,167.2,164.55,164.55,36884.0,1711599000.0,2024-03-28 09:40:00+05:30
164.45,165.25,164.25,164.6,33816.0,1711599300.0,2024-03-28 09:45:00+05:30
164.7,165.45,164.45,165.0,11248.0,1711599600.0,2024-03-28 09:50:00+05:30
164.85,165.45,164.55,165.05,10752.0,1711599900.0,2024-03-28 09:55:00+05:30
165.05,165.05,164.35,164.35,5404.0,1711600200.0,2024-03-28 10:00:00+05:30
164.3,164.9,164.05,164.3,24184.0,1711600500.0,2024-03-28 10:05:00+05:30
164.25,164.6,163.8,164.0,20496.0,1711600800.0,2024-03-28 10:10:00+05:30
163.9,163.9,163.8,163.9,4840.0,1711601100.0,2024-03-28 10:15:00+05:30
163.9,164.1,163.55,163.55,11512.0,1711601400.0,2024-03-28 10:20:00+05:30
163.55,163.95,162.75,163.05,21744.0,1711601700.0,2024-03-28 10:25:00+05:30
163.45,163.7,162.85,163.25,24320.0,1711602000.0,2024-03-28 10:30:00+05:30
163.1,163.1,162.55,162.9,12880.0,1711602300.0,2024-03-28 10:35:00+05:30
162.9,162.9,162.3,162.3,8148.0,1711602600.0,2024-03-28 10:40:00+05:30
162.3,162.65,162.3,162.6,2564.0,1711602900.0,2024-03-28 10:45:00+05:30
162.65,162.65,161.7,161.8,10700.0,1711603200.0,2024-03-28 10:50:00+05:30
162.1,162.2,161.8,161.9,4072.0,1711603500.0,2024-03-28 10:55:00+05:30
161.9,162.7,161.9,162.45,1748.0,1711603800.0,2024-03-28 11:00:00+05:30
162.4,163.2,162.4,162.85,8016.0,1711604100.0,2024-03-28 11:05:00+05:30
163.1,163.55,163.0,163.0,3916.0,1711604400.0,2024-03-28 11:10:00+05:30
163.0,163.0,161.9,161.9,10768.0,1711604700.0,2024-03-28 11:15:00+05:30
161.85,163.05,161.85,162.9,6200.0,1711605000.0,2024-03-28 11:20:00+05:30
163.0,163.25,162.9,163.0,3652.0,1711605300.0,2024-03-28 11:25:00+05:30
163.0,163.3,163.0,163.05,6192.0,1711605600.0,2024-03-28 11:30:00+05:30
163.0,163.8,163.0,163.25,12676.0,1711605900.0,2024-03-28 11:35:00+05:30
163.25,163.6,163.25,163.45,1824.0,1711606200.0,2024-03-28 11:40:00+05:30
163.45,163.5,163.2,163.25,1664.0,1711606500.0,2024-03-28 11:45:00+05:30
163.45,163.5,163.0,163.0,22792.0,1711606800.0,2024-03-28 11:50:00+05:30
163.0,163.95,163.0,163.7,5732.0,1711607100.0,2024-03-28 11:55:00+05:30
163.7,163.85,163.5,163.65,5076.0,1711607400.0,2024-03-28 12:00:00+05:30
163.7,164.0,163.7,163.9,6960.0,1711607700.0,2024-03-28 12:05:00+05:30
163.9,164.1,163.85,163.85,1372.0,1711608000.0,2024-03-28 12:10:00+05:30
163.9,163.9,163.75,163.75,928.0,1711608300.0,2024-03-28 12:15:00+05:30
163.95,164.05,163.75,164.0,804.0,1711608600.0,2024-03-28 12:20:00+05:30
163.9,163.9,163.9,163.9,252.0,1711608900.0,2024-03-28 12:25:00+05:30
163.75,163.95,163.75,163.95,4796.0,1711609200.0,2024-03-28 12:30:00+05:30
163.95,164.25,163.95,164.1,1156.0,1711609500.0,2024-03-28 12:35:00+05:30
164.1,164.4,164.1,164.4,216.0,1711609800.0,2024-03-28 12:40:00+05:30
164.4,164.45,164.4,164.4,616.0,1711610100.0,2024-03-28 12:45:00+05:30
164.4,164.4,163.8,164.05,2360.0,1711610400.0,2024-03-28 12:50:00+05:30
164.0,164.2,164.0,164.0,1232.0,1711610700.0,2024-03-28 12:55:00+05:30
164.0,164.95,164.0,164.45,5232.0,1711611000.0,2024-03-28 13:00:00+05:30
164.45,164.7,164.45,164.7,196.0,1711611300.0,2024-03-28 13:05:00+05:30
164.7,165.2,164.55,165.2,12892.0,1711611600.0,2024-03-28 13:10:00+05:30
165.0,165.25,165.0,165.25,2600.0,1711611900.0,2024-03-28 13:15:00+05:30
165.25,165.25,165.15,165.25,424.0,1711612200.0,2024-03-28 13:20:00+05:30
165.15,165.45,165.15,165.35,2572.0,1711612500.0,2024-03-28 13:25:00+05:30
165.35,165.5,165.3,165.3,3536.0,1711612800.0,2024-03-28 13:30:00+05:30
165.2,165.5,165.2,165.35,2028.0,1711613100.0,2024-03-28 13:35:00+05:30
165.2,166.0,165.1,166.0,5336.0,1711613400.0,2024-03-28 13:40:00+05:30
165.8,166.05,165.65,165.65,4908.0,1711613700.0,2024-03-28 13:45:00+05:30
165.8,165.8,165.55,165.55,1204.0,1711614000.0,2024-03-28 13:50:00+05:30
165.6,165.75,165.5,165.55,2892.0,1711614300.0,2024-03-28 13:55:00+05:30
165.55,166.0,165.5,166.0,8496.0,1711614600.0,2024-03-28 14:00:00+05:30
165.9,166.05,165.5,165.5,16292.0,1711614900.0,2024-03-28 14:05:00+05:30
165.5,166.2,165.5,165.75,25648.0,1711615200.0,2024-03-28 14:10:00+05:30
165.65,165.75,165.1,165.75,9124.0,1711615500.0,2024-03-28 14:15:00+05:30
165.75,165.85,165.5,165.5,5068.0,1711615800.0,2024-03-28 14:20:00+05:30
165.6,165.75,165.6,165.75,4216.0,1711616100.0,2024-03-28 14:25:00+05:30
165.95,165.95,165.5,165.5,11196.0,1711616400.0,2024-03-28 14:30:00+05:30
165.5,165.9,165.5,165.8,6296.0,1711616700.0,2024-03-28 14:35:00+05:30
165.8,165.9,165.75,165.8,14572.0,1711617000.0,2024-03-28 14:40:00+05:30
165.8,165.9,165.3,165.5,12952.0,1711617300.0,2024-03-28 14:45:00+05:30
165.9,165.9,165.5,165.7,9744.0,1711617600.0,2024-03-28 14:50:00+05:30
165.7,165.75,165.6,165.6,5128.0,1711617900.0,2024-03-28 14:55:00+05:30
165.7,165.95,165.5,165.8,48524.0,1711618200.0,2024-03-28 15:00:00+05:30
165.75,166.0,165.4,165.8,27768.0,1711618500.0,2024-03-28 15:05:00+05:30
165.75,166.2,165.75,165.95,39328.0,1711618800.0,2024-03-28 15:10:00+05:30
165.8,166.0,164.35,164.35,71660.0,1711619100.0,2024-03-28 15:15:00+05:30
164.1,164.25,162.0,162.0,67508.0,1711619400.0,2024-03-28 15:20:00+05:30
162.5,162.8,160.55,162.1,50928.0,1711619700.0,2024-03-28 15:25:00+05:30
162.5,164.8,162.5,162.75,12772.0,1711943100.0,2024-04-01 09:15:00+05:30
162.3,162.7,161.5,162.7,21044.0,1711943400.0,2024-04-01 09:20:00+05:30
162.55,162.9,162.05,162.9,2716.0,1711943700.0,2024-04-01 09:25:00+05:30
162.95,164.75,162.95,164.5,23364.0,1711944000.0,2024-04-01 09:30:00+05:30
164.3,164.3,163.0,163.7,8860.0,1711944300.0,2024-04-01 09:35:00+05:30
163.65,164.15,163.0,164.15,9900.0,1711944600.0,2024-04-01 09:40:00+05:30
164.15,165.7,164.15,165.25,16252.0,1711944900.0,2024-04-01 09:45:00+05:30
165.4,165.85,165.0,165.3,12128.0,1711945200.0,2024-04-01 09:50:00+05:30
165.5,165.5,165.0,165.0,2600.0,1711945500.0,2024-04-01 09:55:00+05:30
165.5,165.5,164.9,165.0,16548.0,1711945800.0,2024-04-01 10:00:00+05:30
165.0,165.25,164.9,165.2,1112.0,1711946100.0,2024-04-01 10:05:00+05:30
165.2,165.5,164.9,165.5,9616.0,1711946400.0,2024-04-01 10:10:00+05:30
165.5,168.5,165.5,168.25,51876.0,1711946700.0,2024-04-01 10:15:00+05:30
167.95,168.7,167.4,168.7,29700.0,1711947000.0,2024-04-01 10:20:00+05:30
168.7,168.7,168.15,168.65,3788.0,1711947300.0,2024-04-01 10:25:00+05:30
168.5,169.75,168.5,169.75,58064.0,1711947600.0,2024-04-01 10:30:00+05:30
169.55,169.95,169.45,169.6,29656.0,1711947900.0,2024-04-01 10:35:00+05:30
169.6,170.5,169.5,170.5,47888.0,1711948200.0,2024-04-01 10:40:00+05:30
170.4,170.9,170.25,170.25,49836.0,1711948500.0,2024-04-01 10:45:00+05:30
170.4,170.75,170.3,170.4,3916.0,1711948800.0,2024-04-01 10:50:00+05:30
170.45,170.6,170.1,170.25,3880.0,1711949100.0,2024-04-01 10:55:00+05:30
170.5,170.5,170.2,170.5,1956.0,1711949400.0,2024-04-01 11:00:00+05:30
170.5,170.5,170.05,170.05,2704.0,1711949700.0,2024-04-01 11:05:00+05:30
169.9,169.9,169.55,169.55,3104.0,1711950000.0,2024-04-01 11:10:00+05:30
169.6,170.05,169.35,169.8,8104.0,1711950300.0,2024-04-01 11:15:00+05:30
169.55,169.95,169.5,169.95,1312.0,1711950600.0,2024-04-01 11:20:00+05:30
169.75,169.95,169.65,169.65,524.0,1711950900.0,2024-04-01 11:25:00+05:30
169.65,169.8,169.4,169.8,2192.0,1711951200.0,2024-04-01 11:30:00+05:30
169.75,170.0,169.5,170.0,8776.0,1711951500.0,2024-04-01 11:35:00+05:30
170.25,170.4,170.0,170.0,2728.0,1711951800.0,2024-04-01 11:40:00+05:30
170.0,170.0,169.6,169.75,2948.0,1711952100.0,2024-04-01 11:45:00+05:30
169.75,169.75,169.3,169.3,10748.0,1711952400.0,2024-04-01 11:50:00+05:30
169.65,169.65,169.35,169.6,3532.0,1711952700.0,2024-04-01 11:55:00+05:30
169.35,169.35,169.2,169.35,916.0,1711953000.0,2024-04-01 12:00:00+05:30
169.7,169.7,169.45,169.45,3192.0,1711953300.0,2024-04-01 12:05:00+05:30
169.45,169.5,169.25,169.25,2684.0,1711953600.0,2024-04-01 12:10:00+05:30
169.25,169.45,169.2,169.2,1060.0,1711953900.0,2024-04-01 12:15:00+05:30
169.45,169.6,169.2,169.6,2208.0,1711954200.0,2024-04-01 12:20:00+05:30
169.0,169.6,169.0,169.25,10444.0,1711954500.0,2024-04-01 12:25:00+05:30
169.4,169.45,169.3,169.3,1044.0,1711954800.0,2024-04-01 12:30:00+05:30
169.3,169.4,169.25,169.25,920.0,1711955100.0,2024-04-01 12:35:00+05:30
169.4,169.45,169.4,169.4,7792.0,1711955400.0,2024-04-01 12:40:00+05:30
169.4,169.6,169.3,169.3,556.0,1711955700.0,2024-04-01 12:45:00+05:30
169.3,169.5,169.25,169.5,1520.0,1711956000.0,2024-04-01 12:50:00+05:30
169.3,169.4,168.7,169.15,24244.0,1711956300.0,2024-04-01 12:55:00+05:30
168.9,169.2,168.75,169.1,2888.0,1711956600.0,2024-04-01 13:00:00+05:30
168.8,169.2,168.8,169.2,4324.0,1711956900.0,2024-04-01 13:05:00+05:30
169.2,169.25,168.9,169.1,5180.0,1711957200.0,2024-04-01 13:10:00+05:30
169.1,171.25,169.1,169.6,44920.0,1711957500.0,2024-04-01 13:15:00+05:30
169.75,169.75,169.2,169.3,2240.0,1711957800.0,2024-04-01 13:20:00+05:30
169.45,169.85,169.4,169.85,1584.0,1711958100.0,2024-04-01 13:25:00+05:30
169.9,170.2,169.65,169.9,1020.0,1711958400.0,2024-04-01 13:30:00+05:30
169.9,171.25,169.9,170.4,27536.0,1711958700.0,2024-04-01 13:35:00+05:30
170.4,171.25,170.2,171.25,7800.0,1711959000.0,2024-04-01 13:40:00+05:30
171.25,171.25,170.25,170.85,8388.0,1711959300.0,2024-04-01 13:45:00+05:30
170.7,170.7,170.3,170.4,2888.0,1711959600.0,2024-04-01 13:50:00+05:30
170.5,171.15,170.5,170.8,4160.0,1711959900.0,2024-04-01 13:55:00+05:30
170.8,171.05,170.5,170.5,428.0,1711960200.0,2024-04-01 14:00:00+05:30
170.75,170.75,170.5,170.5,2040.0,1711960500.0,2024-04-01 14:05:00+05:30
170.5,170.5,170.2,170.3,6024.0,1711960800.0,2024-04-01 14:10:00+05:30
170.15,170.6,170.15,170.6,8132.0,1711961100.0,2024-04-01 14:15:00+05:30
170.45,170.45,170.15,170.2,504.0,1711961400.0,2024-04-01 14:20:00+05:30
170.2,170.4,170.15,170.15,820.0,1711961700.0,2024-04-01 14:25:00+05:30
170.1,170.95,170.05,170.7,10832.0,1711962000.0,2024-04-01 14:30:00+05:30
170.55,171.0,170.55,170.75,9668.0,1711962300.0,2024-04-01 14:35:00+05:30
170.6,171.1,170.6,170.65,6012.0,1711962600.0,2024-04-01 14:40:00+05:30
170.75,171.0,170.65,170.75,4780.0,1711962900.0,2024-04-01 14:45:00+05:30
171.0,171.0,170.75,170.75,1228.0,1711963200.0,2024-04-01 14:50:00+05:30
170.6,171.25,170.6,171.05,38752.0,1711963500.0,2024-04-01 14:55:00+05:30
171.25,171.25,171.1,171.25,3548.0,1711963800.0,2024-04-01 15:00:00+05:30
171.3,171.6,171.15,171.45,16672.0,1711964100.0,2024-04-01 15:05:00+05:30
171.6,171.6,171.0,171.0,5036.0,1711964400.0,2024-04-01 15:10:00+05:30
170.9,171.4,170.5,171.2,10024.0,1711964700.0,2024-04-01 15:15:00+05:30
171.15,171.4,170.6,170.8,27920.0,1711965000.0,2024-04-01 15:20:00+05:30
170.85,171.4,169.8,170.85,13496.0,1711965300.0,2024-04-01 15:25:00+05:30
171.25,171.25,169.1,169.1,8440.0,1712029500.0,2024-04-02 09:15:00+05:30
169.25,169.6,168.75,169.6,3116.0,1712029800.0,2024-04-02 09:20:00+05:30
169.6,169.8,169.05,169.3,5436.0,1712030100.0,2024-04-02 09:25:00+05:30
169.05,169.55,168.15,168.8,7476.0,1712030400.0,2024-04-02 09:30:00+05:30
168.3,169.3,168.3,168.85,10636.0,1712030700.0,2024-04-02 09:35:00+05:30
168.85,169.25,168.85,169.25,1220.0,1712031000.0,2024-04-02 09:40:00+05:30
168.95,169.3,168.95,169.05,2984.0,1712031300.0,2024-04-02 09:45:00+05:30
169.05,169.3,168.85,168.9,1216.0,1712031600.0,2024-04-02 09:50:00+05:30
168.75,168.75,168.3,168.5,18160.0,1712031900.0,2024-04-02 09:55:00+05:30
168.65,168.75,168.5,168.5,3484.0,1712032200.0,2024-04-02 10:00:00+05:30
168.85,168.85,168.5,168.55,756.0,1712032500.0,2024-04-02 10:05:00+05:30
168.5,169.25,168.5,169.2,3736.0,1712032800.0,2024-04-02 10:10:00+05:30
169.2,169.5,168.95,169.5,1164.0,1712033100.0,2024-04-02 10:15:00+05:30
169.5,169.85,169.4,169.85,832.0,1712033400.0,2024-04-02 10:20:00+05:30
169.85,169.85,169.25,169.45,1160.0,1712033700.0,2024-04-02 10:25:00+05:30
169.45,169.5,169.15,169.3,9696.0,1712034000.0,2024-04-02 10:30:00+05:30
169.7,170.0,169.5,169.8,8088.0,1712034300.0,2024-04-02 10:35:00+05:30
169.9,170.1,169.5,170.1,4440.0,1712034600.0,2024-04-02 10:40:00+05:30
169.9,170.15,169.8,170.0,564.0,1712034900.0,2024-04-02 10:45:00+05:30
170.0,170.0,169.4,169.55,1156.0,1712035200.0,2024-04-02 10:50:00+05:30
169.8,170.0,169.5,169.7,8316.0,1712035500.0,2024-04-02 10:55:00+05:30
169.7,169.75,169.5,169.75,1904.0,1712035800.0,2024-04-02 11:00:00+05:30
169.75,170.0,169.75,170.0,1724.0,1712036100.0,2024-04-02 11:05:00+05:30
170.0,170.1,169.7,169.7,512.0,1712036400.0,2024-04-02 11:10:00+05:30
169.9,169.9,169.7,169.9,844.0,1712036700.0,2024-04-02 11:15:00+05:30
169.85,169.95,169.65,169.9,2808.0,1712037000.0,2024-04-02 11:20:00+05:30
170.0,170.0,169.85,169.95,1896.0,1712037300.0,2024-04-02 11:25:00+05:30
170.0,170.1,169.75,170.1,1464.0,1712037600.0,2024-04-02 11:30:00+05:30
170.1,170.45,170.1,170.45,1484.0,1712037900.0,2024-04-02 11:35:00+05:30
170.45,170.75,170.4,170.7,1420.0,1712038200.0,2024-04-02 11:40:00+05:30
170.7,170.7,170.0,170.5,3376.0,1712038500.0,2024-04-02 11:45:00+05:30
170.6,170.6,169.9,169.9,12352.0,1712038800.0,2024-04-02 11:50:00+05:30
170.0,170.0,169.7,169.9,2380.0,1712039100.0,2024-04-02 11:55:00+05:30
169.9,170.1,169.75,170.1,568.0,1712039400.0,2024-04-02 12:00:00+05:30
170.1,170.35,169.9,170.0,1912.0,1712039700.0,2024-04-02 12:05:00+05:30
170.0,170.0,169.5,169.5,2288.0,1712040000.0,2024-04-02 12:10:00+05:30
169.7,169.8,169.7,169.8,736.0,1712040300.0,2024-04-02 12:15:00+05:30
169.05,169.6,168.75,168.75,6512.0,1712040600.0,2024-04-02 12:20:00+05:30
168.75,169.25,168.75,169.25,1792.0,1712040900.0,2024-04-02 12:25:00+05:30
169.25,169.3,168.75,169.2,3932.0,1712041200.0,2024-04-02 12:30:00+05:30
169.2,169.2,168.75,169.15,1320.0,1712041500.0,2024-04-02 12:35:00+05:30
169.2,169.2,168.9,169.2,72.0,1712041800.0,2024-04-02 12:40:00+05:30
169.15,169.2,169.15,169.15,792.0,1712042100.0,2024-04-02 12:45:00+05:30
169.15,169.15,169.15,169.15,104.0,1712042400.0,2024-04-02 12:50:00+05:30
169.15,169.15,168.75,168.75,1020.0,1712042700.0,2024-04-02 12:55:00+05:30
168.75,169.0,168.75,168.75,68.0,1712043000.0,2024-04-02 13:00:00+05:30
169.0,169.0,168.7,168.7,2068.0,1712043300.0,2024-04-02 13:05:00+05:30
168.7,168.7,168.6,168.6,708.0,1712043600.0,2024-04-02 13:10:00+05:30
168.5,168.75,168.0,168.5,14032.0,1712043900.0,2024-04-02 13:15:00+05:30
169.0,169.0,168.3,168.45,2880.0,1712044200.0,2024-04-02 13:20:00+05:30
168.75,169.0,168.5,168.65,6184.0,1712044500.0,2024-04-02 13:25:00+05:30
168.7,169.0,168.7,169.0,832.0,1712044800.0,2024-04-02 13:30:00+05:30
169.0,169.0,168.75,168.75,804.0,1712045100.0,2024-04-02 13:35:00+05:30
168.75,168.75,168.4,168.4,352.0,1712045400.0,2024-04-02 13:40:00+05:30
168.4,168.4,168.4,168.4,56.0,1712045700.0,2024-04-02 13:45:00+05:30
168.4,168.75,168.4,168.75,344.0,1712046000.0,2024-04-02 13:50:00+05:30
168.75,168.75,168.45,168.6,172.0,1712046300.0,2024-04-02 13:55:00+05:30
168.4,170.95,168.4,169.95,17172.0,1712046600.0,2024-04-02 14:00:00+05:30
170.0,170.0,169.8,169.8,124.0,1712046900.0,2024-04-02 14:05:00+05:30
169.8,170.0,169.8,170.0,112.0,1712047200.0,2024-04-02 14:10:00+05:30
170.0,170.0,169.7,169.7,800.0,1712047500.0,2024-04-02 14:15:00+05:30
169.7,170.0,169.3,170.0,14916.0,1712047800.0,2024-04-02 14:20:00+05:30
169.7,169.95,169.5,169.65,1608.0,1712048100.0,2024-04-02 14:25:00+05:30
169.4,169.9,169.0,169.55,6140.0,1712048400.0,2024-04-02 14:30:00+05:30
169.55,169.8,169.55,169.6,1016.0,1712048700.0,2024-04-02 14:35:00+05:30
169.6,169.65,169.3,169.5,3056.0,1712049000.0,2024-04-02 14:40:00+05:30
169.5,170.75,169.4,170.75,13832.0,1712049300.0,2024-04-02 14:45:00+05:30
170.75,170.75,170.0,170.3,1500.0,1712049600.0,2024-04-02 14:50:00+05:30
169.9,170.2,169.6,169.95,6976.0,1712049900.0,2024-04-02 14:55:00+05:30
170.0,170.2,169.85,169.85,720.0,1712050200.0,2024-04-02 15:00:00+05:30
169.85,170.4,169.75,170.4,5076.0,1712050500.0,2024-04-02 15:05:00+05:30
170.85,171.25,170.7,171.25,7520.0,1712050800.0,2024-04-02 15:10:00+05:30
171.0,171.25,170.75,171.25,3968.0,1712051100.0,2024-04-02 15:15:00+05:30
170.9,171.0,169.3,170.2,10640.0,1712051400.0,2024-04-02 15:20:00+05:30
169.75,170.7,169.0,169.55,3200.0,1712051700.0,2024-04-02 15:25:00+05:30
169.75,170.6,169.5,169.75,11812.0,1712115900.0,2024-04-03 09:15:00+05:30
169.15,170.2,169.15,169.75,21012.0,1712116200.0,2024-04-03 09:20:00+05:30
169.75,170.25,169.1,169.1,9288.0,1712116500.0,2024-04-03 09:25:00+05:30
169.6,169.8,168.9,169.4,5532.0,1712116800.0,2024-04-03 09:30:00+05:30
169.4,169.4,168.9,169.4,884.0,1712117100.0,2024-04-03 09:35:00+05:30
169.15,169.2,168.75,168.75,3704.0,1712117400.0,2024-04-03 09:40:00+05:30
169.1,169.1,169.1,169.1,300.0,1712117700.0,2024-04-03 09:45:00+05:30
169.1,169.15,168.85,168.85,356.0,1712118000.0,2024-04-03 09:50:00+05:30
168.85,169.1,168.85,168.85,808.0,1712118300.0,2024-04-03 09:55:00+05:30
168.9,169.05,168.05,168.8,6008.0,1712118600.0,2024-04-03 10:00:00+05:30
168.8,168.8,168.25,168.25,180.0,1712118900.0,2024-04-03 10:05:00+05:30
168.25,168.35,168.05,168.1,1152.0,1712119200.0,2024-04-03 10:10:00+05:30
168.15,168.45,168.15,168.15,664.0,1712119500.0,2024-04-03 10:15:00+05:30
168.15,168.4,168.05,168.4,1472.0,1712119800.0,2024-04-03 10:20:00+05:30
168.4,168.4,167.85,167.9,1204.0,1712120100.0,2024-04-03 10:25:00+05:30
168.25,168.7,167.65,168.2,6732.0,1712120400.0,2024-04-03 10:30:00+05:30
167.9,168.2,167.8,167.85,808.0,1712120700.0,2024-04-03 10:35:00+05:30
167.85,168.0,167.85,168.0,564.0,1712121000.0,2024-04-03 10:40:00+05:30
168.0,168.0,167.6,167.75,6268.0,1712121300.0,2024-04-03 10:45:00+05:30
167.75,167.75,167.25,167.55,6448.0,1712121600.0,2024-04-03 10:50:00+05:30
167.25,167.45,167.1,167.4,1196.0,1712121900.0,2024-04-03 10:55:00+05:30
167.5,167.5,167.3,167.3,328.0,1712122200.0,2024-04-03 11:00:00+05:30
167.3,167.5,167.3,167.3,1848.0,1712122500.0,2024-04-03 11:05:00+05:30
167.3,167.6,167.3,167.6,696.0,1712122800.0,2024-04-03 11:10:00+05:30
167.55,167.65,167.3,167.3,732.0,1712123100.0,2024-04-03 11:15:00+05:30
167.6,167.7,167.5,167.5,904.0,1712123400.0,2024-04-03 11:20:00+05:30
167.5,167.8,167.45,167.45,1368.0,1712123700.0,2024-04-03 11:25:00+05:30
167.6,167.6,167.6,167.6,164.0,1712124000.0,2024-04-03 11:30:00+05:30
167.25,167.4,167.25,167.4,2524.0,1712124300.0,2024-04-03 11:35:00+05:30
167.4,167.5,167.25,167.4,788.0,1712124600.0,2024-04-03 11:40:00+05:30
167.7,168.0,167.6,167.8,3356.0,1712124900.0,2024-04-03 11:45:00+05:30
167.9,168.15,167.7,168.15,308.0,1712125200.0,2024-04-03 11:50:00+05:30
168.15,168.15,167.6,167.9,2148.0,1712125500.0,2024-04-03 11:55:00+05:30
167.9,168.1,167.75,167.75,3608.0,1712125800.0,2024-04-03 12:00:00+05:30
167.75,168.05,167.75,168.05,60.0,1712126100.0,2024-04-03 12:05:00+05:30
168.05,168.1,167.6,167.6,972.0,1712126400.0,2024-04-03 12:10:00+05:30
167.6,168.25,167.6,168.25,2256.0,1712126700.0,2024-04-03 12:15:00+05:30
168.25,168.25,168.25,168.25,820.0,1712127000.0,2024-04-03 12:20:00+05:30
168.25,168.25,168.2,168.2,4.0,1712127300.0,2024-04-03 12:25:00+05:30
168.2,168.2,168.2,168.2,0.0,1712127600.0,2024-04-03 12:30:00+05:30
167.95,168.6,167.95,168.2,3116.0,1712127900.0,2024-04-03 12:35:00+05:30
168.65,169.25,168.65,168.7,7508.0,1712128200.0,2024-04-03 12:40:00+05:30
168.9,168.9,168.9,168.9,16.0,1712128500.0,2024-04-03 12:45:00+05:30
168.8,168.8,168.8,168.8,36.0,1712128800.0,2024-04-03 12:50:00+05:30
168.8,168.85,168.25,168.3,3144.0,1712129100.0,2024-04-03 12:55:00+05:30
168.3,168.35,168.3,168.35,24.0,1712129400.0,2024-04-03 13:00:00+05:30
168.35,168.35,168.35,168.35,4.0,1712129700.0,2024-04-03 13:05:00+05:30
168.65,168.65,167.9,168.05,7404.0,1712130000.0,2024-04-03 13:10:00+05:30
167.9,167.9,167.9,167.9,472.0,1712130300.0,2024-04-03 13:15:00+05:30
167.9,168.25,167.9,168.0,3648.0,1712130600.0,2024-04-03 13:20:00+05:30
168.0,169.0,168.0,168.7,2164.0,1712130900.0,2024-04-03 13:25:00+05:30
168.7,169.0,168.65,168.7,132.0,1712131200.0,2024-04-03 13:30:00+05:30
168.75,168.75,168.75,168.75,592.0,1712131500.0,2024-04-03 13:35:00+05:30
168.85,168.85,168.55,168.55,224.0,1712131800.0,2024-04-03 13:40:00+05:30
168.55,168.6,168.55,168.6,28.0,1712132100.0,2024-04-03 13:45:00+05:30
168.6,168.75,168.55,168.75,100.0,1712132400.0,2024-04-03 13:50:00+05:30
168.4,168.75,168.4,168.75,5188.0,1712132700.0,2024-04-03 13:55:00+05:30
168.6,168.6,168.55,168.55,40.0,1712133000.0,2024-04-03 14:00:00+05:30
168.8,168.8,168.25,168.5,2536.0,1712133300.0,2024-04-03 14:05:00+05:30
168.55,168.75,168.2,168.75,4432.0,1712133600.0,2024-04-03 14:10:00+05:30
168.45,168.8,168.4,168.8,4528.0,1712133900.0,2024-04-03 14:15:00+05:30
168.8,168.8,168.5,168.5,2872.0,1712134200.0,2024-04-03 14:20:00+05:30
168.5,170.15,168.5,170.0,31824.0,1712134500.0,2024-04-03 14:25:00+05:30
169.7,169.75,169.25,169.25,3376.0,1712134800.0,2024-04-03 14:30:00+05:30
169.55,169.55,168.95,169.05,1412.0,1712135100.0,2024-04-03 14:35:00+05:30
168.8,168.8,168.8,168.8,76.0,1712135400.0,2024-04-03 14:40:00+05:30
168.75,169.0,168.5,168.9,4092.0,1712135700.0,2024-04-03 14:45:00+05:30
168.8,170.0,168.8,169.7,7352.0,1712136000.0,2024-04-03 14:50:00+05:30
170.05,170.05,169.55,169.65,9416.0,1712136300.0,2024-04-03 14:55:00+05:30
169.65,170.05,169.65,170.05,3224.0,1712136600.0,2024-04-03 15:00:00+05:30
169.75,169.95,169.7,169.95,4516.0,1712136900.0,2024-04-03 15:05:00+05:30
169.7,169.7,168.7,168.7,6724.0,1712137200.0,2024-04-03 15:10:00+05:30
169.1,169.1,168.55,168.9,5692.0,1712137500.0,2024-04-03 15:15:00+05:30
168.5,169.95,168.25,168.25,11904.0,1712137800.0,2024-04-03 15:20:00+05:30
168.25,169.0,168.25,169.0,5848.0,1712138100.0,2024-04-03 15:25:00+05:30
169.3,171.2,169.3,169.9,7056.0,1712202300.0,2024-04-04 09:15:00+05:30
169.95,170.0,169.5,169.5,640.0,1712202600.0,2024-04-04 09:20:00+05:30
169.75,169.8,169.3,169.5,1924.0,1712202900.0,2024-04-04 09:25:00+05:30
169.5,169.5,168.8,169.0,4456.0,1712203200.0,2024-04-04 09:30:00+05:30
169.1,169.7,168.75,169.3,2204.0,1712203500.0,2024-04-04 09:35:00+05:30
169.3,170.4,169.3,170.15,7144.0,1712203800.0,2024-04-04 09:40:00+05:30
169.9,169.95,169.85,169.85,580.0,1712204100.0,2024-04-04 09:45:00+05:30
169.85,172.0,169.85,171.7,44628.0,1712204400.0,2024-04-04 09:50:00+05:30
171.45,171.7,170.0,171.7,26952.0,1712204700.0,2024-04-04 09:55:00+05:30
171.3,171.6,171.05,171.25,4816.0,1712205000.0,2024-04-04 10:00:00+05:30
171.5,172.0,171.15,172.0,11064.0,1712205300.0,2024-04-04 10:05:00+05:30
171.85,172.0,171.3,171.65,20932.0,1712205600.0,2024-04-04 10:10:00+05:30
171.65,171.65,171.4,171.45,2964.0,1712205900.0,2024-04-04 10:15:00+05:30
171.75,171.75,171.25,171.25,1020.0,1712206200.0,2024-04-04 10:20:00+05:30
171.35,171.7,171.05,171.7,3632.0,1712206500.0,2024-04-04 10:25:00+05:30
171.45,171.55,171.25,171.55,1100.0,1712206800.0,2024-04-04 10:30:00+05:30
171.55,171.9,171.4,171.9,1636.0,1712207100.0,2024-04-04 10:35:00+05:30
171.9,172.4,171.9,172.0,25700.0,1712207400.0,2024-04-04 10:40:00+05:30
172.05,172.5,171.95,172.3,14456.0,1712207700.0,2024-04-04 10:45:00+05:30
172.5,173.0,172.0,172.55,22508.0,1712208000.0,2024-04-04 10:50:00+05:30
172.65,173.0,172.35,172.9,10156.0,1712208300.0,2024-04-04 10:55:00+05:30
173.0,173.45,172.75,172.75,15244.0,1712208600.0,2024-04-04 11:00:00+05:30
172.5,173.0,172.0,172.95,11704.0,1712208900.0,2024-04-04 11:05:00+05:30
172.75,173.0,172.5,172.6,5440.0,1712209200.0,2024-04-04 11:10:00+05:30
172.9,173.0,172.65,172.95,4960.0,1712209500.0,2024-04-04 11:15:00+05:30
172.95,173.0,172.5,172.8,5452.0,1712209800.0,2024-04-04 11:20:00+05:30
172.5,174.4,172.5,174.25,47388.0,1712210100.0,2024-04-04 11:25:00+05:30
174.0,174.6,173.5,173.75,46676.0,1712210400.0,2024-04-04 11:30:00+05:30
174.0,174.45,173.75,174.45,10724.0,1712210700.0,2024-04-04 11:35:00+05:30
174.45,174.6,173.75,174.15,21520.0,1712211000.0,2024-04-04 11:40:00+05:30
174.25,174.95,174.0,174.75,27820.0,1712211300.0,2024-04-04 11:45:00+05:30
174.6,174.95,174.4,174.85,4512.0,1712211600.0,2024-04-04 11:50:00+05:30
174.5,176.0,174.5,175.95,57932.0,1712211900.0,2024-04-04 11:55:00+05:30
175.8,176.1,175.5,176.1,45416.0,1712212200.0,2024-04-04 12:00:00+05:30
176.1,176.1,175.55,175.85,7960.0,1712212500.0,2024-04-04 12:05:00+05:30
175.65,176.7,175.55,176.0,27492.0,1712212800.0,2024-04-04 12:10:00+05:30
176.0,176.3,176.0,176.05,9988.0,1712213100.0,2024-04-04 12:15:00+05:30
176.05,176.4,176.0,176.1,8164.0,1712213400.0,2024-04-04 12:20:00+05:30
176.3,176.3,175.65,175.65,13176.0,1712213700.0,2024-04-04 12:25:00+05:30
175.7,175.75,175.5,175.5,7872.0,1712214000.0,2024-04-04 12:30:00+05:30
175.5,175.75,175.5,175.7,1028.0,1712214300.0,2024-04-04 12:35:00+05:30
175.7,176.0,175.7,175.8,3192.0,1712214600.0,2024-04-04 12:40:00+05:30
175.7,175.9,175.7,175.7,5668.0,1712214900.0,2024-04-04 12:45:00+05:30
175.75,175.85,174.45,174.45,27940.0,1712215200.0,2024-04-04 12:50:00+05:30
174.25,174.6,173.6,173.75,9620.0,1712215500.0,2024-04-04 12:55:00+05:30
173.55,173.85,173.5,173.7,5464.0,1712215800.0,2024-04-04 13:00:00+05:30
173.7,175.25,173.25,175.0,22676.0,1712216100.0,2024-04-04 13:05:00+05:30
174.55,175.6,174.3,175.0,13236.0,1712216400.0,2024-04-04 13:10:00+05:30
175.05,176.5,175.05,176.25,21792.0,1712216700.0,2024-04-04 13:15:00+05:30
176.25,177.0,176.1,177.0,77628.0,1712217000.0,2024-04-04 13:20:00+05:30
176.7,176.85,175.75,176.05,21472.0,1712217300.0,2024-04-04 13:25:00+05:30
176.05,176.05,175.3,175.4,4748.0,1712217600.0,2024-04-04 13:30:00+05:30
175.4,176.1,175.1,175.8,12112.0,1712217900.0,2024-04-04 13:35:00+05:30
175.8,175.9,175.0,175.0,23888.0,1712218200.0,2024-04-04 13:40:00+05:30
175.2,175.4,175.0,175.4,1964.0,1712218500.0,2024-04-04 13:45:00+05:30
175.4,175.4,175.0,175.1,6136.0,1712218800.0,2024-04-04 13:50:00+05:30
175.3,175.4,175.05,175.05,1552.0,1712219100.0,2024-04-04 13:55:00+05:30
175.05,175.25,175.0,175.0,5332.0,1712219400.0,2024-04-04 14:00:00+05:30
175.0,175.5,175.0,175.5,21568.0,1712219700.0,2024-04-04 14:05:00+05:30
175.5,175.5,175.1,175.45,2340.0,1712220000.0,2024-04-04 14:10:00+05:30
175.15,175.5,175.15,175.15,2276.0,1712220300.0,2024-04-04 14:15:00+05:30
175.4,175.4,175.0,175.0,620.0,1712220600.0,2024-04-04 14:20:00+05:30
175.0,175.3,175.0,175.25,688.0,1712220900.0,2024-04-04 14:25:00+05:30
175.25,175.4,175.0,175.0,5112.0,1712221200.0,2024-04-04 14:30:00+05:30
175.0,176.15,175.0,175.8,18948.0,1712221500.0,2024-04-04 14:35:00+05:30
175.8,176.0,175.5,175.5,2292.0,1712221800.0,2024-04-04 14:40:00+05:30
175.6,176.0,175.0,176.0,29988.0,1712222100.0,2024-04-04 14:45:00+05:30
176.25,176.25,175.0,175.4,20488.0,1712222400.0,2024-04-04 14:50:00+05:30
175.4,175.5,175.0,175.0,7128.0,1712222700.0,2024-04-04 14:55:00+05:30
175.15,175.25,175.0,175.1,14144.0,1712223000.0,2024-04-04 15:00:00+05:30
175.1,175.45,174.25,175.45,16512.0,1712223300.0,2024-04-04 15:05:00+05:30
175.45,175.6,175.0,175.05,7332.0,1712223600.0,2024-04-04 15:10:00+05:30
175.2,175.5,175.0,175.35,14724.0,1712223900.0,2024-04-04 15:15:00+05:30
175.15,176.4,175.0,176.2,13032.0,1712224200.0,2024-04-04 15:20:00+05:30
177.0,177.0,175.3,176.25,25620.0,1712224500.0,2024-04-04 15:25:00+05:30
176.1,177.5,175.85,177.0,58340.0,1712288700.0,2024-04-05 09:15:00+05:30
177.25,177.8,177.05,177.8,38080.0,1712289000.0,2024-04-05 09:20:00+05:30
177.7,177.95,177.25,177.75,23368.0,1712289300.0,2024-04-05 09:25:00+05:30
177.5,177.9,177.5,177.5,4804.0,1712289600.0,2024-04-05 09:30:00+05:30
177.5,177.9,177.5,177.5,25080.0,1712289900.0,2024-04-05 09:35:00+05:30
177.5,177.65,177.5,177.65,2796.0,1712290200.0,2024-04-05 09:40:00+05:30
177.3,177.45,177.25,177.25,2168.0,1712290500.0,2024-04-05 09:45:00+05:30
177.25,177.4,177.25,177.25,2228.0,1712290800.0,2024-04-05 09:50:00+05:30
177.25,177.4,175.35,175.9,30684.0,1712291100.0,2024-04-05 09:55:00+05:30
175.9,176.5,175.75,176.25,5128.0,1712291400.0,2024-04-05 10:00:00+05:30
176.25,176.5,176.25,176.5,2056.0,1712291700.0,2024-04-05 10:05:00+05:30
176.5,176.6,176.25,176.6,3004.0,1712292000.0,2024-04-05 10:10:00+05:30
176.55,176.7,176.5,176.5,34688.0,1712292300.0,2024-04-05 10:15:00+05:30
176.6,176.9,176.6,176.8,1244.0,1712292600.0,2024-04-05 10:20:00+05:30
176.8,177.0,176.5,177.0,1448.0,1712292900.0,2024-04-05 10:25:00+05:30
177.15,177.15,176.7,176.9,3072.0,1712293200.0,2024-04-05 10:30:00+05:30
176.95,176.95,176.7,176.7,1032.0,1712293500.0,2024-04-05 10:35:00+05:30
176.7,176.95,176.7,176.9,8200.0,1712293800.0,2024-04-05 10:40:00+05:30
177.05,177.05,176.85,176.9,1372.0,1712294100.0,2024-04-05 10:45:00+05:30
176.9,177.05,176.65,177.0,1092.0,1712294400.0,2024-04-05 10:50:00+05:30
177.0,177.0,176.9,177.0,480.0,1712294700.0,2024-04-05 10:55:00+05:30
177.0,177.0,176.7,176.95,4384.0,1712295000.0,2024-04-05 11:00:00+05:30
177.05,177.15,176.9,177.15,4212.0,1712295300.0,2024-04-05 11:05:00+05:30
177.15,177.45,177.1,177.25,23540.0,1712295600.0,2024-04-05 11:10:00+05:30
177.45,177.5,177.25,177.25,7932.0,1712295900.0,2024-04-05 11:15:00+05:30
177.25,177.45,177.05,177.25,948.0,1712296200.0,2024-04-05 11:20:00+05:30
177.25,177.25,177.25,177.25,892.0,1712296500.0,2024-04-05 11:25:00+05:30
177.25,177.3,177.25,177.3,1080.0,1712296800.0,2024-04-05 11:30:00+05:30
177.3,177.5,177.3,177.5,4040.0,1712297100.0,2024-04-05 11:35:00+05:30
177.5,177.6,177.5,177.5,1108.0,1712297400.0,2024-04-05 11:40:00+05:30
177.5,177.6,177.5,177.5,2152.0,1712297700.0,2024-04-05 11:45:00+05:30
177.55,177.6,177.5,177.6,3036.0,1712298000.0,2024-04-05 11:50:00+05:30
177.6,177.8,177.5,177.5,3088.0,1712298300.0,2024-04-05 11:55:00+05:30
177.5,177.6,177.3,177.3,1396.0,1712298600.0,2024-04-05 12:00:00+05:30
177.5,177.6,177.5,177.6,532.0,1712298900.0,2024-04-05 12:05:00+05:30
177.6,177.6,177.5,177.6,532.0,1712299200.0,2024-04-05 12:10:00+05:30
177.65,177.65,177.15,177.2,964.0,1712299500.0,2024-04-05 12:15:00+05:30
177.2,177.5,176.8,176.9,5472.0,1712299800.0,2024-04-05 12:20:00+05:30
176.75,176.95,176.75,176.95,648.0,1712300100.0,2024-04-05 12:25:00+05:30
176.95,177.2,176.95,177.05,1520.0,1712300400.0,2024-04-05 12:30:00+05:30
177.05,177.3,177.05,177.2,1488.0,1712300700.0,2024-04-05 12:35:00+05:30
177.2,177.25,177.2,177.25,12.0,1712301000.0,2024-04-05 12:40:00+05:30
177.25,177.25,177.2,177.2,428.0,1712301300.0,2024-04-05 12:45:00+05:30
177.2,177.5,177.2,177.5,5644.0,1712301600.0,2024-04-05 12:50:00+05:30
177.4,177.4,177.2,177.2,292.0,1712301900.0,2024-04-05 12:55:00+05:30
177.2,177.4,177.2,177.4,1592.0,1712302200.0,2024-04-05 13:00:00+05:30
177.4,177.4,177.2,177.3,7096.0,1712302500.0,2024-04-05 13:05:00+05:30
177.05,177.5,177.05,177.2,1164.0,1712302800.0,2024-04-05 13:10:00+05:30
177.2,177.35,177.2,177.35,660.0,1712303100.0,2024-04-05 13:15:00+05:30
177.35,177.35,177.35,177.35,1384.0,1712303400.0,2024-04-05 13:20:00+05:30
177.35,177.35,177.35,177.35,48.0,1712303700.0,2024-04-05 13:25:00+05:30
177.35,177.35,177.3,177.3,2204.0,1712304000.0,2024-04-05 13:30:00+05:30
177.3,177.35,177.3,177.3,1784.0,1712304300.0,2024-04-05 13:35:00+05:30
177.3,177.3,177.3,177.3,3728.0,1712304600.0,2024-04-05 13:40:00+05:30
177.3,178.2,177.3,177.5,40048.0,1712304900.0,2024-04-05 13:45:00+05:30
177.5,177.5,177.5,177.5,288.0,1712305200.0,2024-04-05 13:50:00+05:30
177.5,177.5,177.5,177.5,4436.0,1712305500.0,2024-04-05 13:55:00+05:30
177.5,177.55,177.5,177.5,2160.0,1712305800.0,2024-04-05 14:00:00+05:30
177.5,177.7,177.5,177.7,4448.0,1712306100.0,2024-04-05 14:05:00+05:30
177.7,177.9,177.5,177.9,1576.0,1712306400.0,2024-04-05 14:10:00+05:30
178.0,178.0,177.8,177.9,1024.0,1712306700.0,2024-04-05 14:15:00+05:30
177.95,178.05,177.9,178.05,2340.0,1712307000.0,2024-04-05 14:20:00+05:30
177.9,178.15,177.9,177.9,6084.0,1712307300.0,2024-04-05 14:25:00+05:30
177.9,178.15,177.9,178.0,8368.0,1712307600.0,2024-04-05 14:30:00+05:30
178.0,178.0,176.9,177.1,20236.0,1712307900.0,2024-04-05 14:35:00+05:30
177.2,177.3,176.9,177.05,7052.0,1712308200.0,2024-04-05 14:40:00+05:30
177.05,177.6,177.05,177.3,1352.0,1712308500.0,2024-04-05 14:45:00+05:30
177.35,177.7,177.35,177.7,7336.0,1712308800.0,2024-04-05 14:50:00+05:30
177.65,177.75,177.65,177.7,1260.0,1712309100.0,2024-04-05 14:55:00+05:30
177.75,177.95,177.65,177.95,3732.0,1712309400.0,2024-04-05 15:00:00+05:30
177.95,178.05,177.8,178.0,18416.0,1712309700.0,2024-04-05 15:05:00+05:30
178.1,178.1,177.8,178.0,15060.0,1712310000.0,2024-04-05 15:10:00+05:30
178.1,178.25,178.0,178.2,42544.0,1712310300.0,2024-04-05 15:15:00+05:30
178.2,178.6,178.2,178.45,23328.0,1712310600.0,2024-04-05 15:20:00+05:30
178.45,178.5,178.25,178.5,23668.0,1712310900.0,2024-04-05 15:25:00+05:30
178.75,178.75,176.7,177.0,6324.0,1712547900.0,2024-04-08 09:15:00+05:30
177.0,178.4,176.15,178.0,13156.0,1712548200.0,2024-04-08 09:20:00+05:30
178.0,178.45,177.4,178.15,7480.0,1712548500.0,2024-04-08 09:25:00+05:30
178.55,178.6,178.0,178.35,1736.0,1712548800.0,2024-04-08 09:30:00+05:30
178.35,178.4,177.95,177.95,600.0,1712549100.0,2024-04-08 09:35:00+05:30
177.6,179.0,177.6,177.95,21448.0,1712549400.0,2024-04-08 09:40:00+05:30
178.2,178.2,177.15,177.5,2720.0,1712549700.0,2024-04-08 09:45:00+05:30
177.5,177.7,177.0,177.7,6256.0,1712550000.0,2024-04-08 09:50:00+05:30
177.5,177.7,177.2,177.5,3332.0,1712550300.0,2024-04-08 09:55:00+05:30
177.5,177.7,177.3,177.7,664.0,1712550600.0,2024-04-08 10:00:00+05:30
177.7,177.75,176.9,177.3,4924.0,1712550900.0,2024-04-08 10:05:00+05:30
177.3,177.5,176.9,177.5,2244.0,1712551200.0,2024-04-08 10:10:00+05:30
177.0,177.3,177.0,177.05,828.0,1712551500.0,2024-04-08 10:15:00+05:30
177.3,177.7,177.3,177.65,1480.0,1712551800.0,2024-04-08 10:20:00+05:30
177.65,177.7,177.45,177.65,508.0,1712552100.0,2024-04-08 10:25:00+05:30
177.65,178.0,177.45,178.0,6468.0,1712552400.0,2024-04-08 10:30:00+05:30
178.0,178.1,177.85,178.1,640.0,1712552700.0,2024-04-08 10:35:00+05:30
178.1,178.1,178.1,178.1,36.0,1712553000.0,2024-04-08 10:40:00+05:30
178.1,178.25,177.65,177.65,1240.0,1712553300.0,2024-04-08 10:45:00+05:30
177.65,177.9,177.65,177.9,136.0,1712553600.0,2024-04-08 10:50:00+05:30
177.9,177.95,177.65,177.65,892.0,1712553900.0,2024-04-08 10:55:00+05:30
177.65,178.35,177.65,178.35,2328.0,1712554200.0,2024-04-08 11:00:00+05:30
178.25,178.35,178.0,178.2,2368.0,1712554500.0,2024-04-08 11:05:00+05:30
178.2,178.5,178.2,178.5,908.0,1712554800.0,2024-04-08 11:10:00+05:30
178.5,178.5,177.85,178.0,2604.0,1712555100.0,2024-04-08 11:15:00+05:30
178.2,179.0,178.2,179.0,12684.0,1712555400.0,2024-04-08 11:20:00+05:30
179.0,179.0,178.5,178.5,1532.0,1712555700.0,2024-04-08 11:25:00+05:30
178.45,178.45,178.15,178.15,232.0,1712556000.0,2024-04-08 11:30:00+05:30
178.15,178.35,177.9,178.35,1852.0,1712556300.0,2024-04-08 11:35:00+05:30
178.4,178.4,178.0,178.0,644.0,1712556600.0,2024-04-08 11:40:00+05:30
178.1,178.3,177.8,178.1,2148.0,1712556900.0,2024-04-08 11:45:00+05:30
178.3,178.35,178.0,178.35,1140.0,1712557200.0,2024-04-08 11:50:00+05:30
178.1,178.25,178.0,178.25,484.0,1712557500.0,2024-04-08 11:55:00+05:30
178.1,178.1,178.1,178.1,212.0,1712557800.0,2024-04-08 12:00:00+05:30
178.1,178.3,178.1,178.1,100.0,1712558100.0,2024-04-08 12:05:00+05:30
178.35,178.35,177.95,178.1,940.0,1712558400.0,2024-04-08 12:10:00+05:30
178.1,178.25,178.0,178.1,1072.0,1712558700.0,2024-04-08 12:15:00+05:30
178.25,178.25,178.1,178.25,160.0,1712559000.0,2024-04-08 12:20:00+05:30
178.25,178.25,177.95,178.2,376.0,1712559300.0,2024-04-08 12:25:00+05:30
178.25,178.45,178.25,178.3,3368.0,1712559600.0,2024-04-08 12:30:00+05:30
178.4,178.6,178.1,178.6,24480.0,1712559900.0,2024-04-08 12:35:00+05:30
178.65,178.75,178.1,178.1,4220.0,1712560200.0,2024-04-08 12:40:00+05:30
178.1,178.4,178.1,178.1,1588.0,1712560500.0,2024-04-08 12:45:00+05:30
178.1,178.25,178.0,178.1,1928.0,1712560800.0,2024-04-08 12:50:00+05:30
178.1,178.35,178.0,178.1,1064.0,1712561100.0,2024-04-08 12:55:00+05:30
178.1,178.15,178.0,178.1,848.0,1712561400.0,2024-04-08 13:00:00+05:30
178.1,178.1,178.1,178.1,732.0,1712561700.0,2024-04-08 13:05:00+05:30
178.1,178.75,177.85,178.75,20192.0,1712562000.0,2024-04-08 13:10:00+05:30
178.7,178.7,178.25,178.25,1096.0,1712562300.0,2024-04-08 13:15:00+05:30
178.6,179.7,178.6,179.5,28268.0,1712562600.0,2024-04-08 13:20:00+05:30
179.5,179.8,179.5,179.6,61244.0,1712562900.0,2024-04-08 13:25:00+05:30
179.5,179.8,179.35,179.35,13548.0,1712563200.0,2024-04-08 13:30:00+05:30
179.4,179.95,179.15,179.95,14656.0,1712563500.0,2024-04-08 13:35:00+05:30
179.95,180.75,179.95,180.5,39852.0,1712563800.0,2024-04-08 13:40:00+05:30
180.5,180.9,180.0,180.15,23384.0,1712564100.0,2024-04-08 13:45:00+05:30
180.0,180.45,180.0,180.45,1172.0,1712564400.0,2024-04-08 13:50:00+05:30
180.45,180.45,179.4,179.85,2584.0,1712564700.0,2024-04-08 13:55:00+05:30
179.95,180.25,179.45,179.45,2412.0,1712565000.0,2024-04-08 14:00:00+05:30
179.45,181.1,179.15,180.75,20260.0,1712565300.0,2024-04-08 14:05:00+05:30
180.75,180.75,179.2,179.4,3628.0,1712565600.0,2024-04-08 14:10:00+05:30
179.3,179.4,178.55,178.55,4876.0,1712565900.0,2024-04-08 14:15:00+05:30
178.9,179.0,178.7,178.7,528.0,1712566200.0,2024-04-08 14:20:00+05:30
178.7,179.0,178.65,178.75,1996.0,1712566500.0,2024-04-08 14:25:00+05:30
178.95,180.45,178.95,180.1,20332.0,1712566800.0,2024-04-08 14:30:00+05:30
180.35,180.35,179.8,180.0,3752.0,1712567100.0,2024-04-08 14:35:00+05:30
180.0,180.4,180.0,180.25,11844.0,1712567400.0,2024-04-08 14:40:00+05:30
180.25,181.0,180.0,180.5,7564.0,1712567700.0,2024-04-08 14:45:00+05:30
180.5,181.0,180.4,180.4,3428.0,1712568000.0,2024-04-08 14:50:00+05:30
180.4,180.6,180.25,180.3,1728.0,1712568300.0,2024-04-08 14:55:00+05:30
180.5,181.0,180.0,180.9,9420.0,1712568600.0,2024-04-08 15:00:00+05:30
180.65,180.7,180.25,180.55,6604.0,1712568900.0,2024-04-08 15:05:00+05:30
180.3,181.3,180.0,181.05,42220.0,1712569200.0,2024-04-08 15:10:00+05:30
181.25,181.3,180.5,181.25,10944.0,1712569500.0,2024-04-08 15:15:00+05:30
181.25,181.3,180.95,181.3,25236.0,1712569800.0,2024-04-08 15:20:00+05:30
181.3,181.3,180.8,181.3,9232.0,1712570100.0,2024-04-08 15:25:00+05:30
180.0,181.0,179.9,179.9,11584.0,1712634300.0,2024-04-09 09:15:00+05:30
179.95,180.7,179.5,180.45,4704.0,1712634600.0,2024-04-09 09:20:00+05:30
180.45,181.7,180.3,181.1,16272.0,1712634900.0,2024-04-09 09:25:00+05:30
181.1,181.25,180.7,181.25,1764.0,1712635200.0,2024-04-09 09:30:00+05:30
181.0,182.25,180.5,181.8,13560.0,1712635500.0,2024-04-09 09:35:00+05:30
181.7,182.15,181.6,181.95,1044.0,1712635800.0,2024-04-09 09:40:00+05:30
182.35,183.1,182.15,182.4,21008.0,1712636100.0,2024-04-09 09:45:00+05:30
182.85,183.1,182.4,182.85,8684.0,1712636400.0,2024-04-09 09:50:00+05:30
183.15,183.15,182.2,182.6,3256.0,1712636700.0,2024-04-09 09:55:00+05:30
182.35,182.6,182.25,182.5,5060.0,1712637000.0,2024-04-09 10:00:00+05:30
182.5,183.45,182.5,183.45,59380.0,1712637300.0,2024-04-09 10:05:00+05:30
183.45,184.1,183.25,184.0,44760.0,1712637600.0,2024-04-09 10:10:00+05:30
184.1,184.15,182.35,182.5,15504.0,1712637900.0,2024-04-09 10:15:00+05:30
182.5,182.8,182.5,182.5,932.0,1712638200.0,2024-04-09 10:20:00+05:30
182.5,182.5,182.25,182.25,1668.0,1712638500.0,2024-04-09 10:25:00+05:30
182.25,182.45,182.1,182.1,1440.0,1712638800.0,2024-04-09 10:30:00+05:30
182.1,182.4,182.1,182.4,168.0,1712639100.0,2024-04-09 10:35:00+05:30
182.4,182.4,182.15,182.15,892.0,1712639400.0,2024-04-09 10:40:00+05:30
182.15,182.35,182.1,182.35,1052.0,1712639700.0,2024-04-09 10:45:00+05:30
181.95,181.95,181.45,181.45,3512.0,1712640000.0,2024-04-09 10:50:00+05:30
181.3,182.0,181.3,181.9,2968.0,1712640300.0,2024-04-09 10:55:00+05:30
181.9,181.9,181.45,181.6,104.0,1712640600.0,2024-04-09 11:00:00+05:30
181.5,181.8,181.45,181.75,1320.0,1712640900.0,2024-04-09 11:05:00+05:30
181.6,182.1,181.6,182.0,11260.0,1712641200.0,2024-04-09 11:10:00+05:30
182.25,182.45,181.95,182.45,1544.0,1712641500.0,2024-04-09 11:15:00+05:30
182.45,182.45,182.1,182.1,740.0,1712641800.0,2024-04-09 11:20:00+05:30
182.0,182.25,182.0,182.0,1160.0,1712642100.0,2024-04-09 11:25:00+05:30
182.45,182.55,182.0,182.45,26412.0,1712642400.0,2024-04-09 11:30:00+05:30
182.45,182.75,182.0,182.5,10960.0,1712642700.0,2024-04-09 11:35:00+05:30
182.5,182.8,182.5,182.8,220.0,1712643000.0,2024-04-09 11:40:00+05:30
182.8,182.9,182.6,182.65,2112.0,1712643300.0,2024-04-09 11:45:00+05:30
182.65,182.65,182.0,182.65,3192.0,1712643600.0,2024-04-09 11:50:00+05:30
182.5,182.5,182.25,182.45,52.0,1712643900.0,2024-04-09 11:55:00+05:30
182.25,182.4,182.1,182.4,176.0,1712644200.0,2024-04-09 12:00:00+05:30
182.4,182.45,181.9,181.95,916.0,1712644500.0,2024-04-09 12:05:00+05:30
182.25,182.45,181.65,182.0,9036.0,1712644800.0,2024-04-09 12:10:00+05:30
182.1,182.2,181.65,181.95,1420.0,1712645100.0,2024-04-09 12:15:00+05:30
181.8,182.25,181.5,182.2,1280.0,1712645400.0,2024-04-09 12:20:00+05:30
182.2,182.7,182.15,182.4,4872.0,1712645700.0,2024-04-09 12:25:00+05:30
182.5,182.75,182.5,182.5,580.0,1712646000.0,2024-04-09 12:30:00+05:30
182.75,182.75,182.5,182.6,2248.0,1712646300.0,2024-04-09 12:35:00+05:30
182.6,182.7,182.5,182.7,4872.0,1712646600.0,2024-04-09 12:40:00+05:30
182.5,182.75,182.5,182.75,2668.0,1712646900.0,2024-04-09 12:45:00+05:30
182.75,182.85,182.5,182.55,1612.0,1712647200.0,2024-04-09 12:50:00+05:30
182.5,183.0,182.5,182.8,8312.0,1712647500.0,2024-04-09 12:55:00+05:30
182.8,183.0,182.8,183.0,660.0,1712647800.0,2024-04-09 13:00:00+05:30
182.8,183.0,182.5,182.75,1024.0,1712648100.0,2024-04-09 13:05:00+05:30
182.6,182.75,182.5,182.7,4624.0,1712648400.0,2024-04-09 13:10:00+05:30
182.7,182.75,182.5,182.75,676.0,1712648700.0,2024-04-09 13:15:00+05:30
182.5,182.7,182.5,182.5,2596.0,1712649000.0,2024-04-09 13:20:00+05:30
182.5,182.75,182.5,182.75,5788.0,1712649300.0,2024-04-09 13:25:00+05:30
182.5,182.75,182.5,182.5,3260.0,1712649600.0,2024-04-09 13:30:00+05:30
182.6,182.7,182.5,182.5,3900.0,1712649900.0,2024-04-09 13:35:00+05:30
182.5,182.5,182.1,182.5,7640.0,1712650200.0,2024-04-09 13:40:00+05:30
182.5,182.5,182.1,182.35,936.0,1712650500.0,2024-04-09 13:45:00+05:30
182.25,182.25,181.65,181.9,2636.0,1712650800.0,2024-04-09 13:50:00+05:30
181.9,182.0,180.9,181.4,6988.0,1712651100.0,2024-04-09 13:55:00+05:30
180.95,181.25,180.75,181.1,2772.0,1712651400.0,2024-04-09 14:00:00+05:30
180.95,181.1,180.6,180.8,776.0,1712651700.0,2024-04-09 14:05:00+05:30
180.75,180.95,180.55,180.75,828.0,1712652000.0,2024-04-09 14:10:00+05:30
180.5,181.15,180.45,181.15,5428.0,1712652300.0,2024-04-09 14:15:00+05:30
181.15,182.4,181.0,182.25,7520.0,1712652600.0,2024-04-09 14:20:00+05:30
182.0,182.75,182.0,182.7,5684.0,1712652900.0,2024-04-09 14:25:00+05:30
182.45,182.45,182.0,182.25,224.0,1712653200.0,2024-04-09 14:30:00+05:30
182.25,182.5,181.8,182.5,1080.0,1712653500.0,2024-04-09 14:35:00+05:30
182.5,182.55,182.15,182.5,1232.0,1712653800.0,2024-04-09 14:40:00+05:30
182.55,182.7,181.9,181.9,1900.0,1712654100.0,2024-04-09 14:45:00+05:30
182.1,182.15,182.05,182.05,228.0,1712654400.0,2024-04-09 14:50:00+05:30
182.15,182.25,181.55,181.55,3312.0,1712654700.0,2024-04-09 14:55:00+05:30
181.7,181.7,181.3,181.3,200.0,1712655000.0,2024-04-09 15:00:00+05:30
181.3,181.75,181.3,181.75,1052.0,1712655300.0,2024-04-09 15:05:00+05:30
181.75,181.9,181.25,181.25,4300.0,1712655600.0,2024-04-09 15:10:00+05:30
181.4,181.45,181.15,181.45,3832.0,1712655900.0,2024-04-09 15:15:00+05:30
181.2,181.25,180.8,181.25,6660.0,1712656200.0,2024-04-09 15:20:00+05:30
181.25,181.4,178.05,178.55,21764.0,1712656500.0,2024-04-09 15:25:00+05:30
179.3,179.3,177.55,178.1,15308.0,1712720700.0,2024-04-10 09:15:00+05:30
177.95,177.95,176.9,176.9,14884.0,1712721000.0,2024-04-10 09:20:00+05:30
177.25,178.1,176.9,178.0,21304.0,1712721300.0,2024-04-10 09:25:00+05:30
178.0,179.3,177.9,179.05,13060.0,1712721600.0,2024-04-10 09:30:00+05:30
177.75,179.1,177.75,178.7,11676.0,1712721900.0,2024-04-10 09:35:00+05:30
178.75,179.45,178.4,178.8,37792.0,1712722200.0,2024-04-10 09:40:00+05:30
178.7,179.15,178.65,178.8,2112.0,1712722500.0,2024-04-10 09:45:00+05:30
179.05,179.75,178.75,179.75,5460.0,1712722800.0,2024-04-10 09:50:00+05:30
179.45,179.7,179.45,179.6,2108.0,1712723100.0,2024-04-10 09:55:00+05:30
179.8,180.5,179.65,179.9,6792.0,1712723400.0,2024-04-10 10:00:00+05:30
179.9,180.05,179.55,179.9,1984.0,1712723700.0,2024-04-10 10:05:00+05:30
179.9,180.05,179.7,180.05,1084.0,1712724000.0,2024-04-10 10:10:00+05:30
179.5,179.5,178.75,178.75,6576.0,1712724300.0,2024-04-10 10:15:00+05:30
178.75,178.75,178.5,178.75,740.0,1712724600.0,2024-04-10 10:20:00+05:30
178.75,179.35,178.75,179.0,1036.0,1712724900.0,2024-04-10 10:25:00+05:30
179.0,179.3,179.0,179.1,116.0,1712725200.0,2024-04-10 10:30:00+05:30
179.1,179.1,178.75,179.0,1592.0,1712725500.0,2024-04-10 10:35:00+05:30
179.0,179.0,178.75,178.75,1344.0,1712725800.0,2024-04-10 10:40:00+05:30
178.75,179.0,178.5,178.7,1128.0,1712726100.0,2024-04-10 10:45:00+05:30
178.5,178.7,178.4,178.5,1436.0,1712726400.0,2024-04-10 10:50:00+05:30
178.55,179.0,178.55,178.75,6812.0,1712726700.0,2024-04-10 10:55:00+05:30
178.75,179.45,178.75,178.9,1532.0,1712727000.0,2024-04-10 11:00:00+05:30
178.9,179.05,178.85,179.05,952.0,1712727300.0,2024-04-10 11:05:00+05:30
179.05,179.05,178.75,178.85,1528.0,1712727600.0,2024-04-10 11:10:00+05:30
179.0,179.1,178.65,179.0,1912.0,1712727900.0,2024-04-10 11:15:00+05:30
179.2,179.25,179.0,179.0,1452.0,1712728200.0,2024-04-10 11:20:00+05:30
179.25,179.25,179.1,179.25,1156.0,1712728500.0,2024-04-10 11:25:00+05:30
179.25,179.95,179.25,179.55,2224.0,1712728800.0,2024-04-10 11:30:00+05:30
179.55,179.55,179.25,179.25,2100.0,1712729100.0,2024-04-10 11:35:00+05:30
179.25,179.25,178.5,178.5,1720.0,1712729400.0,2024-04-10 11:40:00+05:30
178.6,178.85,178.3,178.5,984.0,1712729700.0,2024-04-10 11:45:00+05:30
178.5,178.85,178.3,178.5,13356.0,1712730000.0,2024-04-10 11:50:00+05:30
178.95,179.0,178.7,179.0,10552.0,1712730300.0,2024-04-10 11:55:00+05:30
179.0,179.25,179.0,179.25,2100.0,1712730600.0,2024-04-10 12:00:00+05:30
178.95,178.95,178.95,178.95,208.0,1712730900.0,2024-04-10 12:05:00+05:30
178.95,179.25,178.95,179.25,588.0,1712731200.0,2024-04-10 12:10:00+05:30
179.25,179.25,179.1,179.25,472.0,1712731500.0,2024-04-10 12:15:00+05:30
179.25,179.35,179.25,179.35,4.0,1712731800.0,2024-04-10 12:20:00+05:30
179.35,179.35,178.95,179.0,540.0,1712732100.0,2024-04-10 12:25:00+05:30
179.3,179.75,179.3,179.75,3956.0,1712732400.0,2024-04-10 12:30:00+05:30
180.0,180.2,179.9,179.95,1564.0,1712732700.0,2024-04-10 12:35:00+05:30
180.0,180.25,179.3,179.95,7316.0,1712733000.0,2024-04-10 12:40:00+05:30
179.7,179.95,179.7,179.95,1388.0,1712733300.0,2024-04-10 12:45:00+05:30
179.95,179.95,179.95,179.95,104.0,1712733600.0,2024-04-10 12:50:00+05:30
179.95,180.25,179.95,180.25,240.0,1712733900.0,2024-04-10 12:55:00+05:30
180.25,180.5,180.25,180.4,1644.0,1712734200.0,2024-04-10 13:00:00+05:30
180.3,180.7,180.25,180.5,9420.0,1712734500.0,2024-04-10 13:05:00+05:30
180.5,180.5,180.5,180.5,36.0,1712734800.0,2024-04-10 13:10:00+05:30
180.5,182.2,180.5,182.2,17336.0,1712735100.0,2024-04-10 13:15:00+05:30
182.2,182.2,181.4,181.7,1572.0,1712735400.0,2024-04-10 13:20:00+05:30
181.55,181.55,181.05,181.45,408.0,1712735700.0,2024-04-10 13:25:00+05:30
181.45,181.45,181.1,181.4,348.0,1712736000.0,2024-04-10 13:30:00+05:30
181.4,181.4,181.1,181.1,216.0,1712736300.0,2024-04-10 13:35:00+05:30
181.05,181.3,181.05,181.3,192.0,1712736600.0,2024-04-10 13:40:00+05:30
181.35,181.35,181.0,181.0,508.0,1712736900.0,2024-04-10 13:45:00+05:30
181.0,181.0,179.9,179.9,4832.0,1712737200.0,2024-04-10 13:50:00+05:30
179.9,180.25,179.8,179.8,328.0,1712737500.0,2024-04-10 13:55:00+05:30
179.85,179.85,179.3,179.3,1180.0,1712737800.0,2024-04-10 14:00:00+05:30
180.25,180.25,179.95,179.95,3940.0,1712738100.0,2024-04-10 14:05:00+05:30
180.0,180.0,179.55,179.55,456.0,1712738400.0,2024-04-10 14:10:00+05:30
179.55,179.55,178.75,179.2,4348.0,1712738700.0,2024-04-10 14:15:00+05:30
178.8,178.85,178.75,178.85,6900.0,1712739000.0,2024-04-10 14:20:00+05:30
178.75,179.75,178.75,179.75,2392.0,1712739300.0,2024-04-10 14:25:00+05:30
179.75,180.25,179.75,180.25,5484.0,1712739600.0,2024-04-10 14:30:00+05:30
180.2,181.25,180.2,181.25,3720.0,1712739900.0,2024-04-10 14:35:00+05:30
181.25,181.25,181.1,181.25,6244.0,1712740200.0,2024-04-10 14:40:00+05:30
181.1,181.25,180.95,181.0,428.0,1712740500.0,2024-04-10 14:45:00+05:30
180.75,180.85,180.25,180.4,3116.0,1712740800.0,2024-04-10 14:50:00+05:30
180.15,180.4,180.15,180.15,128.0,1712741100.0,2024-04-10 14:55:00+05:30
180.45,180.5,179.75,179.75,1608.0,1712741400.0,2024-04-10 15:00:00+05:30
179.2,179.5,178.5,178.95,22124.0,1712741700.0,2024-04-10 15:05:00+05:30
179.25,179.25,178.75,178.9,1052.0,1712742000.0,2024-04-10 15:10:00+05:30
178.9,179.7,178.5,179.45,7924.0,1712742300.0,2024-04-10 15:15:00+05:30
179.0,179.0,178.4,178.4,3192.0,1712742600.0,2024-04-10 15:20:00+05:30
178.4,180.2,177.75,180.0,44108.0,1712742900.0,2024-04-10 15:25:00+05:30
179.0,181.05,177.9,179.15,5716.0,1712893500.0,2024-04-12 09:15:00+05:30
179.15,181.25,178.6,180.9,21424.0,1712893800.0,2024-04-12 09:20:00+05:30
180.85,181.55,180.6,181.4,12280.0,1712894100.0,2024-04-12 09:25:00+05:30
181.4,181.65,180.9,181.55,6080.0,1712894400.0,2024-04-12 09:30:00+05:30
181.45,182.75,181.05,182.45,19556.0,1712894700.0,2024-04-12 09:35:00+05:30
182.45,182.75,182.2,182.5,5452.0,1712895000.0,2024-04-12 09:40:00+05:30
182.6,182.65,181.7,182.05,4584.0,1712895300.0,2024-04-12 09:45:00+05:30
181.8,182.1,181.0,181.4,9040.0,1712895600.0,2024-04-12 09:50:00+05:30
181.4,181.4,181.0,181.0,1180.0,1712895900.0,2024-04-12 09:55:00+05:30
181.0,181.3,181.0,181.3,1600.0,1712896200.0,2024-04-12 10:00:00+05:30
181.25,181.25,178.7,178.9,11472.0,1712896500.0,2024-04-12 10:05:00+05:30
178.75,178.75,177.45,178.25,20568.0,1712896800.0,2024-04-12 10:10:00+05:30
178.25,178.6,176.3,177.75,68264.0,1712897100.0,2024-04-12 10:15:00+05:30
177.8,178.0,177.25,177.25,9392.0,1712897400.0,2024-04-12 10:20:00+05:30
177.25,177.75,176.75,177.25,18068.0,1712897700.0,2024-04-12 10:25:00+05:30
177.15,178.1,176.6,177.9,9008.0,1712898000.0,2024-04-12 10:30:00+05:30
177.55,178.1,177.55,178.1,440.0,1712898300.0,2024-04-12 10:35:00+05:30
178.25,178.45,177.95,177.95,856.0,1712898600.0,2024-04-12 10:40:00+05:30
177.6,177.6,177.25,177.4,8780.0,1712898900.0,2024-04-12 10:45:00+05:30
177.35,177.8,177.35,177.8,784.0,1712899200.0,2024-04-12 10:50:00+05:30
177.5,177.5,177.1,177.1,1544.0,1712899500.0,2024-04-12 10:55:00+05:30
177.4,177.45,177.05,177.25,344.0,1712899800.0,2024-04-12 11:00:00+05:30
177.25,177.25,176.65,176.85,1336.0,1712900100.0,2024-04-12 11:05:00+05:30
176.85,177.25,176.85,177.25,784.0,1712900400.0,2024-04-12 11:10:00+05:30
177.3,177.3,177.3,177.3,880.0,1712900700.0,2024-04-12 11:15:00+05:30
176.95,177.2,176.85,176.85,936.0,1712901000.0,2024-04-12 11:20:00+05:30
177.15,177.15,176.85,176.9,676.0,1712901300.0,2024-04-12 11:25:00+05:30
177.1,177.3,176.55,176.85,5364.0,1712901600.0,2024-04-12 11:30:00+05:30
176.75,176.95,176.55,176.8,180.0,1712901900.0,2024-04-12 11:35:00+05:30
176.8,176.85,176.55,176.55,4260.0,1712902200.0,2024-04-12 11:40:00+05:30
176.8,176.8,176.55,176.75,800.0,1712902500.0,2024-04-12 11:45:00+05:30
176.75,176.8,176.55,176.55,1092.0,1712902800.0,2024-04-12 11:50:00+05:30
176.55,176.8,175.55,175.55,15016.0,1712903100.0,2024-04-12 11:55:00+05:30
175.75,175.75,175.3,175.5,7832.0,1712903400.0,2024-04-12 12:00:00+05:30
175.3,175.55,175.3,175.4,1268.0,1712903700.0,2024-04-12 12:05:00+05:30
175.3,175.35,173.8,174.75,24408.0,1712904000.0,2024-04-12 12:10:00+05:30
174.95,174.95,173.2,174.25,14448.0,1712904300.0,2024-04-12 12:15:00+05:30
174.3,174.55,174.0,174.1,3012.0,1712904600.0,2024-04-12 12:20:00+05:30
174.1,174.25,173.75,174.25,5268.0,1712904900.0,2024-04-12 12:25:00+05:30
174.0,174.2,174.0,174.0,900.0,1712905200.0,2024-04-12 12:30:00+05:30
174.2,174.25,174.0,174.25,3424.0,1712905500.0,2024-04-12 12:35:00+05:30
174.25,174.25,173.75,173.95,1368.0,1712905800.0,2024-04-12 12:40:00+05:30
173.95,173.95,173.5,173.5,1244.0,1712906100.0,2024-04-12 12:45:00+05:30
173.5,173.75,173.5,173.5,948.0,1712906400.0,2024-04-12 12:50:00+05:30
173.8,173.9,173.8,173.9,1596.0,1712906700.0,2024-04-12 12:55:00+05:30
173.75,174.2,173.75,174.2,424.0,1712907000.0,2024-04-12 13:00:00+05:30
174.2,174.2,173.9,174.1,1548.0,1712907300.0,2024-04-12 13:05:00+05:30
174.1,174.6,174.05,174.35,4728.0,1712907600.0,2024-04-12 13:10:00+05:30
174.4,174.4,173.65,174.3,3180.0,1712907900.0,2024-04-12 13:15:00+05:30
174.3,174.5,174.0,174.0,456.0,1712908200.0,2024-04-12 13:20:00+05:30
174.0,174.45,174.0,174.45,240.0,1712908500.0,2024-04-12 13:25:00+05:30
174.5,174.6,174.25,174.25,388.0,1712908800.0,2024-04-12 13:30:00+05:30
174.4,174.4,173.35,173.35,9332.0,1712909100.0,2024-04-12 13:35:00+05:30
173.1,173.5,172.5,173.0,11332.0,1712909400.0,2024-04-12 13:40:00+05:30
173.0,173.5,173.0,173.5,4828.0,1712909700.0,2024-04-12 13:45:00+05:30
173.4,173.5,173.35,173.5,420.0,1712910000.0,2024-04-12 13:50:00+05:30
173.5,173.5,172.9,173.0,1396.0,1712910300.0,2024-04-12 13:55:00+05:30
173.25,173.35,173.25,173.35,360.0,1712910600.0,2024-04-12 14:00:00+05:30
173.35,173.5,173.05,173.05,732.0,1712910900.0,2024-04-12 14:05:00+05:30
173.05,173.25,173.0,173.25,1800.0,1712911200.0,2024-04-12 14:10:00+05:30
173.05,173.1,172.8,172.8,1816.0,1712911500.0,2024-04-12 14:15:00+05:30
172.75,172.8,172.55,172.8,2076.0,1712911800.0,2024-04-12 14:20:00+05:30
172.35,173.5,172.0,173.5,12884.0,1712912100.0,2024-04-12 14:25:00+05:30
173.5,173.8,173.25,173.75,1936.0,1712912400.0,2024-04-12 14:30:00+05:30
173.75,174.0,173.5,173.7,3424.0,1712912700.0,2024-04-12 14:35:00+05:30
173.7,173.75,173.25,173.4,3380.0,1712913000.0,2024-04-12 14:40:00+05:30
173.25,173.45,173.25,173.4,2932.0,1712913300.0,2024-04-12 14:45:00+05:30
173.4,173.5,173.4,173.5,60.0,1712913600.0,2024-04-12 14:50:00+05:30
173.45,173.5,173.25,173.35,356.0,1712913900.0,2024-04-12 14:55:00+05:30
173.5,173.9,173.4,173.6,13772.0,1712914200.0,2024-04-12 15:00:00+05:30
173.6,173.8,173.6,173.75,5808.0,1712914500.0,2024-04-12 15:05:00+05:30
173.8,174.0,173.75,173.8,5196.0,1712914800.0,2024-04-12 15:10:00+05:30
173.75,174.3,173.55,174.3,13892.0,1712915100.0,2024-04-12 15:15:00+05:30
174.2,174.8,174.2,174.4,7280.0,1712915400.0,2024-04-12 15:20:00+05:30
174.4,174.7,173.5,174.4,9004.0,1712915700.0,2024-04-12 15:25:00+05:30
172.0,172.0,166.3,167.95,27840.0,1713152700.0,2024-04-15 09:15:00+05:30
168.7,169.25,167.8,168.7,12660.0,1713153000.0,2024-04-15 09:20:00+05:30
168.3,169.45,168.2,168.2,3840.0,1713153300.0,2024-04-15 09:25:00+05:30
168.5,168.7,166.6,167.1,22600.0,1713153600.0,2024-04-15 09:30:00+05:30
167.4,167.45,166.65,167.25,4540.0,1713153900.0,2024-04-15 09:35:00+05:30
166.95,168.75,166.75,168.75,9988.0,1713154200.0,2024-04-15 09:40:00+05:30
168.65,169.5,168.45,169.5,1976.0,1713154500.0,2024-04-15 09:45:00+05:30
169.6,171.9,169.05,171.9,18716.0,1713154800.0,2024-04-15 09:50:00+05:30
171.7,172.9,171.6,172.0,12524.0,1713155100.0,2024-04-15 09:55:00+05:30
172.0,172.5,171.7,172.3,7092.0,1713155400.0,2024-04-15 10:00:00+05:30
172.4,173.0,172.4,172.55,5208.0,1713155700.0,2024-04-15 10:05:00+05:30
172.55,172.8,172.4,172.8,2744.0,1713156000.0,2024-04-15 10:10:00+05:30
172.7,172.75,172.55,172.55,204.0,1713156300.0,2024-04-15 10:15:00+05:30
172.55,174.0,172.55,173.0,9564.0,1713156600.0,2024-04-15 10:20:00+05:30
173.3,173.6,172.95,173.6,704.0,1713156900.0,2024-04-15 10:25:00+05:30
173.7,174.05,173.3,174.05,4584.0,1713157200.0,2024-04-15 10:30:00+05:30
174.2,174.3,173.25,174.2,1392.0,1713157500.0,2024-04-15 10:35:00+05:30
173.9,174.5,173.65,174.5,8976.0,1713157800.0,2024-04-15 10:40:00+05:30
174.5,174.5,173.9,173.9,732.0,1713158100.0,2024-04-15 10:45:00+05:30
174.15,174.15,173.75,173.9,3060.0,1713158400.0,2024-04-15 10:50:00+05:30
173.8,173.95,173.6,173.95,1836.0,1713158700.0,2024-04-15 10:55:00+05:30
173.6,174.0,173.6,173.8,1324.0,1713159000.0,2024-04-15 11:00:00+05:30
173.8,173.8,173.8,173.8,12.0,1713159300.0,2024-04-15 11:05:00+05:30
173.9,173.95,173.75,173.95,1584.0,1713159600.0,2024-04-15 11:10:00+05:30
173.8,174.0,173.7,173.9,5520.0,1713159900.0,2024-04-15 11:15:00+05:30
174.25,174.25,174.25,174.25,320.0,1713160200.0,2024-04-15 11:20:00+05:30
174.25,174.25,173.95,174.25,456.0,1713160500.0,2024-04-15 11:25:00+05:30
173.95,173.95,173.75,173.75,348.0,1713160800.0,2024-04-15 11:30:00+05:30
174.0,174.2,174.0,174.2,6940.0,1713161100.0,2024-04-15 11:35:00+05:30
174.5,174.75,174.25,174.75,3904.0,1713161400.0,2024-04-15 11:40:00+05:30
174.6,174.8,174.1,174.1,3468.0,1713161700.0,2024-04-15 11:45:00+05:30
174.1,174.1,173.9,173.9,76.0,1713162000.0,2024-04-15 11:50:00+05:30
173.8,174.2,173.8,174.2,280.0,1713162300.0,2024-04-15 11:55:00+05:30
174.25,174.85,174.25,174.6,4272.0,1713162600.0,2024-04-15 12:00:00+05:30
174.6,175.0,174.6,174.6,3540.0,1713162900.0,2024-04-15 12:05:00+05:30
175.0,175.5,175.0,175.2,4540.0,1713163200.0,2024-04-15 12:10:00+05:30
175.2,175.5,174.9,174.9,3628.0,1713163500.0,2024-04-15 12:15:00+05:30
174.75,174.75,174.0,174.0,3088.0,1713163800.0,2024-04-15 12:20:00+05:30
174.45,174.95,174.05,174.95,5376.0,1713164100.0,2024-04-15 12:25:00+05:30
174.95,175.05,174.7,174.7,204.0,1713164400.0,2024-04-15 12:30:00+05:30
174.7,175.0,174.7,175.0,1828.0,1713164700.0,2024-04-15 12:35:00+05:30
174.75,174.9,174.75,174.9,48.0,1713165000.0,2024-04-15 12:40:00+05:30
174.55,175.1,174.55,174.95,1448.0,1713165300.0,2024-04-15 12:45:00+05:30
175.0,175.0,174.95,174.95,56.0,1713165600.0,2024-04-15 12:50:00+05:30
174.95,174.95,174.8,174.8,96.0,1713165900.0,2024-04-15 12:55:00+05:30
174.8,174.95,174.7,174.95,340.0,1713166200.0,2024-04-15 13:00:00+05:30
174.7,174.95,174.7,174.95,460.0,1713166500.0,2024-04-15 13:05:00+05:30
174.95,174.95,174.7,174.7,400.0,1713166800.0,2024-04-15 13:10:00+05:30
174.65,174.7,174.5,174.7,1588.0,1713167100.0,2024-04-15 13:15:00+05:30
174.7,174.75,174.5,174.75,620.0,1713167400.0,2024-04-15 13:20:00+05:30
174.75,175.1,174.75,174.8,1180.0,1713167700.0,2024-04-15 13:25:00+05:30
174.75,175.5,174.75,175.2,6404.0,1713168000.0,2024-04-15 13:30:00+05:30
175.2,175.5,175.2,175.25,228.0,1713168300.0,2024-04-15 13:35:00+05:30
175.25,175.3,174.9,174.9,360.0,1713168600.0,2024-04-15 13:40:00+05:30
174.85,174.9,174.75,174.75,1152.0,1713168900.0,2024-04-15 13:45:00+05:30
175.2,175.2,175.2,175.2,568.0,1713169200.0,2024-04-15 13:50:00+05:30
175.2,175.35,174.95,174.95,1500.0,1713169500.0,2024-04-15 13:55:00+05:30
175.5,175.5,175.2,175.2,504.0,1713169800.0,2024-04-15 14:00:00+05:30
175.05,175.15,175.0,175.15,56.0,1713170100.0,2024-04-15 14:05:00+05:30
175.15,175.15,174.75,174.75,2104.0,1713170400.0,2024-04-15 14:10:00+05:30
175.0,175.15,174.75,175.15,792.0,1713170700.0,2024-04-15 14:15:00+05:30
175.0,175.0,174.9,175.0,2660.0,1713171000.0,2024-04-15 14:20:00+05:30
175.0,175.0,174.8,175.0,568.0,1713171300.0,2024-04-15 14:25:00+05:30
175.0,175.0,174.8,175.0,1588.0,1713171600.0,2024-04-15 14:30:00+05:30
175.0,175.05,174.9,175.05,336.0,1713171900.0,2024-04-15 14:35:00+05:30
175.0,175.15,174.9,175.1,2324.0,1713172200.0,2024-04-15 14:40:00+05:30
174.9,175.1,174.9,175.1,2096.0,1713172500.0,2024-04-15 14:45:00+05:30
175.0,175.1,174.85,175.0,1408.0,1713172800.0,2024-04-15 14:50:00+05:30
175.0,175.2,175.0,175.2,576.0,1713173100.0,2024-04-15 14:55:00+05:30
175.1,175.1,174.9,175.1,5100.0,1713173400.0,2024-04-15 15:00:00+05:30
175.0,175.1,174.75,175.0,14852.0,1713173700.0,2024-04-15 15:05:00+05:30
175.1,175.1,174.75,175.0,5552.0,1713174000.0,2024-04-15 15:10:00+05:30
175.1,175.35,174.8,175.25,10924.0,1713174300.0,2024-04-15 15:15:00+05:30
175.25,175.25,174.75,174.95,17184.0,1713174600.0,2024-04-15 15:20:00+05:30
175.0,175.5,174.8,175.25,12804.0,1713174900.0,2024-04-15 15:25:00+05:30
177.6,177.6,173.75,174.85,10772.0,1713239100.0,2024-04-16 09:15:00+05:30
174.85,175.1,174.2,174.55,10376.0,1713239400.0,2024-04-16 09:20:00+05:30
174.75,174.75,174.45,174.75,796.0,1713239700.0,2024-04-16 09:25:00+05:30
174.5,174.75,174.0,174.45,5348.0,1713240000.0,2024-04-16 09:30:00+05:30
174.2,175.0,174.15,175.0,5720.0,1713240300.0,2024-04-16 09:35:00+05:30
175.2,175.9,174.45,175.9,7292.0,1713240600.0,2024-04-16 09:40:00+05:30
176.2,176.3,175.1,176.3,7216.0,1713240900.0,2024-04-16 09:45:00+05:30
176.0,176.5,176.0,176.5,1596.0,1713241200.0,2024-04-16 09:50:00+05:30
176.3,176.7,176.15,176.3,1524.0,1713241500.0,2024-04-16 09:55:00+05:30
176.3,177.25,176.25,176.45,24720.0,1713241800.0,2024-04-16 10:00:00+05:30
176.45,176.45,176.0,176.25,832.0,1713242100.0,2024-04-16 10:05:00+05:30
176.25,176.5,176.05,176.05,1360.0,1713242400.0,2024-04-16 10:10:00+05:30
175.9,176.5,175.9,176.5,2864.0,1713242700.0,2024-04-16 10:15:00+05:30
176.5,176.5,176.0,176.0,1148.0,1713243000.0,2024-04-16 10:20:00+05:30
176.1,176.7,176.1,176.3,4296.0,1713243300.0,2024-04-16 10:25:00+05:30
176.3,176.35,176.25,176.35,1104.0,1713243600.0,2024-04-16 10:30:00+05:30
176.3,176.3,176.25,176.25,104.0,1713243900.0,2024-04-16 10:35:00+05:30
176.25,176.25,175.9,176.0,1528.0,1713244200.0,2024-04-16 10:40:00+05:30
175.85,176.2,175.75,176.1,496.0,1713244500.0,2024-04-16 10:45:00+05:30
176.2,176.25,175.75,176.25,2672.0,1713244800.0,2024-04-16 10:50:00+05:30
176.25,176.45,176.25,176.25,600.0,1713245100.0,2024-04-16 10:55:00+05:30
176.25,176.45,176.25,176.45,44.0,1713245400.0,2024-04-16 11:00:00+05:30
176.45,176.45,176.0,176.4,4452.0,1713245700.0,2024-04-16 11:05:00+05:30
176.25,176.4,176.25,176.25,360.0,1713246000.0,2024-04-16 11:10:00+05:30
176.25,176.45,176.0,176.45,5092.0,1713246300.0,2024-04-16 11:15:00+05:30
176.25,176.45,176.25,176.25,676.0,1713246600.0,2024-04-16 11:20:00+05:30
176.45,176.45,176.25,176.25,92.0,1713246900.0,2024-04-16 11:25:00+05:30
176.25,176.45,176.25,176.45,28.0,1713247200.0,2024-04-16 11:30:00+05:30
176.45,176.5,176.25,176.25,1284.0,1713247500.0,2024-04-16 11:35:00+05:30
176.0,176.2,176.0,176.0,424.0,1713247800.0,2024-04-16 11:40:00+05:30
176.0,176.25,175.9,175.9,4068.0,1713248100.0,2024-04-16 11:45:00+05:30
176.1,176.25,176.1,176.25,176.0,1713248400.0,2024-04-16 11:50:00+05:30
176.1,176.1,175.8,176.0,5840.0,1713248700.0,2024-04-16 11:55:00+05:30
175.5,176.25,175.5,176.25,6044.0,1713249000.0,2024-04-16 12:00:00+05:30
176.25,176.25,176.0,176.0,456.0,1713249300.0,2024-04-16 12:05:00+05:30
176.0,176.25,175.8,176.25,4484.0,1713249600.0,2024-04-16 12:10:00+05:30
176.25,176.25,176.0,176.1,2776.0,1713249900.0,2024-04-16 12:15:00+05:30
176.1,176.1,176.0,176.0,340.0,1713250200.0,2024-04-16 12:20:00+05:30
176.0,176.0,176.0,176.0,0.0,1713250500.0,2024-04-16 12:25:00+05:30
176.0,176.1,175.55,175.55,864.0,1713250800.0,2024-04-16 12:30:00+05:30
175.4,175.7,175.25,175.55,572.0,1713251100.0,2024-04-16 12:35:00+05:30
175.35,175.6,175.25,175.25,376.0,1713251400.0,2024-04-16 12:40:00+05:30
175.25,175.8,175.0,175.75,33336.0,1713251700.0,2024-04-16 12:45:00+05:30
175.75,175.8,175.6,175.75,1108.0,1713252000.0,2024-04-16 12:50:00+05:30
175.75,175.85,175.75,175.85,60.0,1713252300.0,2024-04-16 12:55:00+05:30
176.05,176.2,175.9,176.15,608.0,1713252600.0,2024-04-16 13:00:00+05:30
176.15,176.15,175.75,175.75,2028.0,1713252900.0,2024-04-16 13:05:00+05:30
175.75,176.25,175.75,176.1,632.0,1713253200.0,2024-04-16 13:10:00+05:30
176.1,176.2,175.9,175.9,1808.0,1713253500.0,2024-04-16 13:15:00+05:30
175.95,176.4,175.95,176.2,1668.0,1713253800.0,2024-04-16 13:20:00+05:30
176.2,176.2,176.2,176.2,0.0,1713254100.0,2024-04-16 13:25:00+05:30
176.15,176.15,175.7,176.1,844.0,1713254400.0,2024-04-16 13:30:00+05:30
176.1,176.25,176.1,176.25,588.0,1713254700.0,2024-04-16 13:35:00+05:30
176.25,176.25,176.05,176.25,80.0,1713255000.0,2024-04-16 13:40:00+05:30
176.25,176.25,175.8,176.25,1260.0,1713255300.0,2024-04-16 13:45:00+05:30
176.25,176.25,176.2,176.2,80.0,1713255600.0,2024-04-16 13:50:00+05:30
176.2,176.2,176.0,176.0,1068.0,1713255900.0,2024-04-16 13:55:00+05:30
176.0,176.2,176.0,176.0,88.0,1713256200.0,2024-04-16 14:00:00+05:30
176.0,176.25,176.0,176.2,64.0,1713256500.0,2024-04-16 14:05:00+05:30
176.2,176.2,176.0,176.2,1004.0,1713256800.0,2024-04-16 14:10:00+05:30
176.2,176.25,176.0,176.25,620.0,1713257100.0,2024-04-16 14:15:00+05:30
176.15,176.2,176.0,176.0,776.0,1713257400.0,2024-04-16 14:20:00+05:30
176.0,176.0,176.0,176.0,3604.0,1713257700.0,2024-04-16 14:25:00+05:30
176.0,177.4,176.0,177.4,35060.0,1713258000.0,2024-04-16 14:30:00+05:30
177.5,177.7,177.4,177.55,5524.0,1713258300.0,2024-04-16 14:35:00+05:30
177.55,177.7,177.25,177.5,4948.0,1713258600.0,2024-04-16 14:40:00+05:30
177.5,177.7,177.4,177.4,1928.0,1713258900.0,2024-04-16 14:45:00+05:30
177.4,177.55,177.4,177.5,200.0,1713259200.0,2024-04-16 14:50:00+05:30
177.5,177.6,177.5,177.5,5048.0,1713259500.0,2024-04-16 14:55:00+05:30
177.5,177.75,177.35,177.7,6884.0,1713259800.0,2024-04-16 15:00:00+05:30
177.5,177.55,177.5,177.5,2408.0,1713260100.0,2024-04-16 15:05:00+05:30
177.5,177.7,177.5,177.5,944.0,1713260400.0,2024-04-16 15:10:00+05:30
177.95,177.95,177.55,177.8,4708.0,1713260700.0,2024-04-16 15:15:00+05:30
177.8,178.7,177.5,177.5,11476.0,1713261000.0,2024-04-16 15:20:00+05:30
177.5,177.7,177.45,177.45,17988.0,1713261300.0,2024-04-16 15:25:00+05:30
179.95,180.4,177.85,178.65,38776.0,1713411900.0,2024-04-18 09:15:00+05:30
178.9,178.9,177.75,178.0,8212.0,1713412200.0,2024-04-18 09:20:00+05:30
178.0,178.2,177.65,177.85,1788.0,1713412500.0,2024-04-18 09:25:00+05:30
178.15,178.25,177.9,177.9,1096.0,1713412800.0,2024-04-18 09:30:00+05:30
177.9,178.2,177.7,177.7,3268.0,1713413100.0,2024-04-18 09:35:00+05:30
177.75,177.75,177.0,177.5,2720.0,1713413400.0,2024-04-18 09:40:00+05:30
177.35,177.5,177.0,177.0,1800.0,1713413700.0,2024-04-18 09:45:00+05:30
177.0,177.0,176.65,176.75,1224.0,1713414000.0,2024-04-18 09:50:00+05:30
176.75,177.5,176.75,177.25,1576.0,1713414300.0,2024-04-18 09:55:00+05:30
177.5,177.5,176.95,176.95,644.0,1713414600.0,2024-04-18 10:00:00+05:30
176.95,177.0,176.75,177.0,1428.0,1713414900.0,2024-04-18 10:05:00+05:30
177.0,177.0,176.5,176.5,684.0,1713415200.0,2024-04-18 10:10:00+05:30
176.5,176.7,176.0,176.25,6396.0,1713415500.0,2024-04-18 10:15:00+05:30
176.6,176.6,175.85,176.25,2272.0,1713415800.0,2024-04-18 10:20:00+05:30
176.25,176.5,176.25,176.5,448.0,1713416100.0,2024-04-18 10:25:00+05:30
176.3,176.5,176.2,176.5,2924.0,1713416400.0,2024-04-18 10:30:00+05:30
176.9,177.0,176.55,176.55,1316.0,1713416700.0,2024-04-18 10:35:00+05:30
176.55,176.8,176.55,176.8,92.0,1713417000.0,2024-04-18 10:40:00+05:30
176.6,176.6,176.55,176.55,424.0,1713417300.0,2024-04-18 10:45:00+05:30
176.7,176.7,176.5,176.6,1832.0,1713417600.0,2024-04-18 10:50:00+05:30
176.7,176.85,176.65,176.65,432.0,1713417900.0,2024-04-18 10:55:00+05:30
176.65,176.9,176.65,176.65,876.0,1713418200.0,2024-04-18 11:00:00+05:30
176.85,176.85,176.75,176.75,400.0,1713418500.0,2024-04-18 11:05:00+05:30
176.75,177.0,176.75,177.0,140.0,1713418800.0,2024-04-18 11:10:00+05:30
177.0,177.0,176.9,176.9,40.0,1713419100.0,2024-04-18 11:15:00+05:30
176.75,176.85,176.6,176.6,1160.0,1713419400.0,2024-04-18 11:20:00+05:30
176.5,176.5,176.5,176.5,1316.0,1713419700.0,2024-04-18 11:25:00+05:30
176.5,176.7,176.5,176.7,880.0,1713420000.0,2024-04-18 11:30:00+05:30
176.7,176.7,176.5,176.5,384.0,1713420300.0,2024-04-18 11:35:00+05:30
176.5,176.5,176.5,176.5,0.0,1713420600.0,2024-04-18 11:40:00+05:30
176.5,177.0,176.5,177.0,1152.0,1713420900.0,2024-04-18 11:45:00+05:30
177.0,177.0,176.75,176.75,160.0,1713421200.0,2024-04-18 11:50:00+05:30
176.75,176.8,176.75,176.75,408.0,1713421500.0,2024-04-18 11:55:00+05:30
176.75,176.95,176.75,176.95,16.0,1713421800.0,2024-04-18 12:00:00+05:30
176.95,176.95,176.75,176.75,808.0,1713422100.0,2024-04-18 12:05:00+05:30
176.3,176.3,175.45,176.05,14584.0,1713422400.0,2024-04-18 12:10:00+05:30
176.05,176.05,176.0,176.0,480.0,1713422700.0,2024-04-18 12:15:00+05:30
175.5,175.7,175.25,175.45,8576.0,1713423000.0,2024-04-18 12:20:00+05:30
175.3,175.3,175.15,175.15,588.0,1713423300.0,2024-04-18 12:25:00+05:30
175.15,175.4,175.15,175.4,2412.0,1713423600.0,2024-04-18 12:30:00+05:30
175.6,175.6,175.5,175.5,1652.0,1713423900.0,2024-04-18 12:35:00+05:30
175.5,175.8,175.5,175.5,428.0,1713424200.0,2024-04-18 12:40:00+05:30
175.75,175.75,175.55,175.75,628.0,1713424500.0,2024-04-18 12:45:00+05:30
175.75,175.95,175.75,175.95,496.0,1713424800.0,2024-04-18 12:50:00+05:30
175.95,176.35,175.8,175.8,2992.0,1713425100.0,2024-04-18 12:55:00+05:30
175.9,175.9,175.5,175.5,2612.0,1713425400.0,2024-04-18 13:00:00+05:30
175.5,175.5,175.05,175.2,4904.0,1713425700.0,2024-04-18 13:05:00+05:30
175.2,175.5,175.2,175.45,724.0,1713426000.0,2024-04-18 13:10:00+05:30
175.05,175.05,174.35,174.55,8180.0,1713426300.0,2024-04-18 13:15:00+05:30
174.55,175.65,174.55,175.6,57056.0,1713426600.0,2024-04-18 13:20:00+05:30
175.6,176.75,175.5,176.3,38124.0,1713426900.0,2024-04-18 13:25:00+05:30
176.3,177.0,175.85,176.85,7876.0,1713427200.0,2024-04-18 13:30:00+05:30
176.95,176.95,175.7,176.35,8664.0,1713427500.0,2024-04-18 13:35:00+05:30
176.35,176.75,176.35,176.75,1116.0,1713427800.0,2024-04-18 13:40:00+05:30
176.75,176.75,176.3,176.5,664.0,1713428100.0,2024-04-18 13:45:00+05:30
176.5,176.55,176.5,176.5,1148.0,1713428400.0,2024-04-18 13:50:00+05:30
176.5,176.7,176.3,176.3,300.0,1713428700.0,2024-04-18 13:55:00+05:30
176.35,176.65,176.2,176.2,2956.0,1713429000.0,2024-04-18 14:00:00+05:30
176.2,176.25,176.0,176.25,3464.0,1713429300.0,2024-04-18 14:05:00+05:30
176.25,176.5,176.05,176.5,1244.0,1713429600.0,2024-04-18 14:10:00+05:30
176.7,176.7,176.4,176.6,192.0,1713429900.0,2024-04-18 14:15:00+05:30
176.6,176.6,176.25,176.6,6916.0,1713430200.0,2024-04-18 14:20:00+05:30
176.25,176.4,175.9,175.9,308.0,1713430500.0,2024-04-18 14:25:00+05:30
175.9,176.25,175.75,176.25,3932.0,1713430800.0,2024-04-18 14:30:00+05:30
176.25,176.3,176.0,176.2,424.0,1713431100.0,2024-04-18 14:35:00+05:30
176.2,176.2,175.8,175.8,532.0,1713431400.0,2024-04-18 14:40:00+05:30
175.7,175.95,175.65,175.75,684.0,1713431700.0,2024-04-18 14:45:00+05:30
175.75,176.55,175.75,176.3,9660.0,1713432000.0,2024-04-18 14:50:00+05:30
175.8,176.25,175.8,176.1,4476.0,1713432300.0,2024-04-18 14:55:00+05:30
176.05,176.45,175.8,176.3,10732.0,1713432600.0,2024-04-18 15:00:00+05:30
176.25,176.55,176.2,176.25,27136.0,1713432900.0,2024-04-18 15:05:00+05:30
176.9,177.75,176.25,177.0,32916.0,1713433200.0,2024-04-18 15:10:00+05:30
176.75,176.75,175.9,175.9,2488.0,1713433500.0,2024-04-18 15:15:00+05:30
176.0,176.2,175.4,175.4,7360.0,1713433800.0,2024-04-18 15:20:00+05:30
175.4,176.25,175.4,175.4,7308.0,1713434100.0,2024-04-18 15:25:00+05:30
174.7,174.7,172.9,174.3,11108.0,1713498300.0,2024-04-19 09:15:00+05:30
173.5,173.95,172.75,173.95,12216.0,1713498600.0,2024-04-19 09:20:00+05:30
173.85,174.6,173.25,174.6,10164.0,1713498900.0,2024-04-19 09:25:00+05:30
174.6,175.5,174.6,175.4,8920.0,1713499200.0,2024-04-19 09:30:00+05:30
175.4,176.35,175.4,176.25,12488.0,1713499500.0,2024-04-19 09:35:00+05:30
176.25,176.45,176.25,176.25,2208.0,1713499800.0,2024-04-19 09:40:00+05:30
176.15,176.15,176.05,176.05,108.0,1713500100.0,2024-04-19 09:45:00+05:30
176.3,176.4,176.25,176.25,5584.0,1713500400.0,2024-04-19 09:50:00+05:30
176.25,176.5,176.25,176.25,1372.0,1713500700.0,2024-04-19 09:55:00+05:30
176.5,177.2,176.5,176.9,1568.0,1713501000.0,2024-04-19 10:00:00+05:30
177.1,177.1,176.4,176.4,1696.0,1713501300.0,2024-04-19 10:05:00+05:30
176.5,176.75,176.5,176.5,328.0,1713501600.0,2024-04-19 10:10:00+05:30
176.5,176.5,176.4,176.5,452.0,1713501900.0,2024-04-19 10:15:00+05:30
176.5,176.5,176.5,176.5,188.0,1713502200.0,2024-04-19 10:20:00+05:30
176.5,176.5,176.5,176.5,900.0,1713502500.0,2024-04-19 10:25:00+05:30
176.5,176.5,176.25,176.25,140.0,1713502800.0,2024-04-19 10:30:00+05:30
176.5,176.5,176.25,176.25,712.0,1713503100.0,2024-04-19 10:35:00+05:30
176.2,176.2,175.9,176.0,364.0,1713503400.0,2024-04-19 10:40:00+05:30
176.0,176.25,176.0,176.25,136.0,1713503700.0,2024-04-19 10:45:00+05:30
176.25,176.25,176.25,176.25,4.0,1713504000.0,2024-04-19 10:50:00+05:30
176.25,176.35,176.0,176.35,1428.0,1713504300.0,2024-04-19 10:55:00+05:30
176.35,176.5,176.25,176.5,476.0,1713504600.0,2024-04-19 11:00:00+05:30
176.5,176.5,176.25,176.25,720.0,1713504900.0,2024-04-19 11:05:00+05:30
176.25,176.5,176.25,176.25,648.0,1713505200.0,2024-04-19 11:10:00+05:30
176.25,176.45,176.25,176.25,96.0,1713505500.0,2024-04-19 11:15:00+05:30
176.25,176.5,176.25,176.25,992.0,1713505800.0,2024-04-19 11:20:00+05:30
176.25,176.5,176.25,176.25,5476.0,1713506100.0,2024-04-19 11:25:00+05:30
176.25,176.25,176.25,176.25,0.0,1713506400.0,2024-04-19 11:30:00+05:30
176.25,176.45,176.25,176.25,636.0,1713506700.0,2024-04-19 11:35:00+05:30
176.25,176.25,176.25,176.25,532.0,1713507000.0,2024-04-19 11:40:00+05:30
176.25,176.45,176.1,176.45,796.0,1713507300.0,2024-04-19 11:45:00+05:30
176.45,176.45,176.0,176.0,728.0,1713507600.0,2024-04-19 11:50:00+05:30
176.0,176.0,176.0,176.0,0.0,1713507900.0,2024-04-19 11:55:00+05:30
176.0,176.3,175.75,175.75,5384.0,1713508200.0,2024-04-19 12:00:00+05:30
175.75,175.95,175.75,175.75,248.0,1713508500.0,2024-04-19 12:05:00+05:30
175.75,176.0,175.75,175.75,64.0,1713508800.0,2024-04-19 12:10:00+05:30
175.75,176.2,175.75,176.2,1088.0,1713509100.0,2024-04-19 12:15:00+05:30
176.15,176.15,175.9,175.9,20.0,1713509400.0,2024-04-19 12:20:00+05:30
176.2,176.2,175.9,175.9,852.0,1713509700.0,2024-04-19 12:25:00+05:30
176.15,176.15,175.9,175.9,224.0,1713510000.0,2024-04-19 12:30:00+05:30
175.9,176.15,175.9,176.15,224.0,1713510300.0,2024-04-19 12:35:00+05:30
176.25,176.25,176.25,176.25,276.0,1713510600.0,2024-04-19 12:40:00+05:30
176.25,176.25,176.15,176.15,64.0,1713510900.0,2024-04-19 12:45:00+05:30
176.15,176.15,176.15,176.15,216.0,1713511200.0,2024-04-19 12:50:00+05:30
176.15,176.25,176.0,176.25,3472.0,1713511500.0,2024-04-19 12:55:00+05:30
176.25,176.5,176.25,176.5,192.0,1713511800.0,2024-04-19 13:00:00+05:30
176.5,176.5,176.25,176.3,16284.0,1713512100.0,2024-04-19 13:05:00+05:30
176.4,176.5,176.25,176.25,1252.0,1713512400.0,2024-04-19 13:10:00+05:30
176.25,176.5,176.25,176.5,400.0,1713512700.0,2024-04-19 13:15:00+05:30
176.5,176.5,176.3,176.3,60.0,1713513000.0,2024-04-19 13:20:00+05:30
176.3,176.3,176.25,176.25,800.0,1713513300.0,2024-04-19 13:25:00+05:30
176.25,176.4,176.25,176.4,3916.0,1713513600.0,2024-04-19 13:30:00+05:30
176.4,176.4,176.4,176.4,0.0,1713513900.0,2024-04-19 13:35:00+05:30
176.4,176.4,176.0,176.0,2124.0,1713514200.0,2024-04-19 13:40:00+05:30
175.9,176.0,175.9,176.0,1200.0,1713514500.0,2024-04-19 13:45:00+05:30
176.0,176.0,176.0,176.0,0.0,1713514800.0,2024-04-19 13:50:00+05:30
176.0,178.5,176.0,176.9,22900.0,1713515100.0,2024-04-19 13:55:00+05:30
176.75,177.05,176.75,176.75,364.0,1713515400.0,2024-04-19 14:00:00+05:30
176.75,177.0,176.2,176.8,2252.0,1713515700.0,2024-04-19 14:05:00+05:30
176.8,176.8,176.5,176.6,268.0,1713516000.0,2024-04-19 14:10:00+05:30
176.6,176.6,176.55,176.55,64.0,1713516300.0,2024-04-19 14:15:00+05:30
176.25,176.75,176.25,176.55,1788.0,1713516600.0,2024-04-19 14:20:00+05:30
176.55,176.75,176.55,176.75,100.0,1713516900.0,2024-04-19 14:25:00+05:30
176.75,176.75,176.4,176.5,484.0,1713517200.0,2024-04-19 14:30:00+05:30
176.5,176.5,176.5,176.5,0.0,1713517500.0,2024-04-19 14:35:00+05:30
176.5,176.5,176.25,176.25,364.0,1713517800.0,2024-04-19 14:40:00+05:30
176.25,176.45,176.25,176.25,196.0,1713518100.0,2024-04-19 14:45:00+05:30
176.45,176.45,176.25,176.45,56.0,1713518400.0,2024-04-19 14:50:00+05:30
176.25,176.5,176.25,176.35,260.0,1713518700.0,2024-04-19 14:55:00+05:30
176.45,176.45,176.2,176.25,804.0,1713519000.0,2024-04-19 15:00:00+05:30
176.25,176.45,176.25,176.45,192.0,1713519300.0,2024-04-19 15:05:00+05:30
176.5,176.5,176.25,176.25,336.0,1713519600.0,2024-04-19 15:10:00+05:30
176.25,176.5,176.25,176.5,2648.0,1713519900.0,2024-04-19 15:15:00+05:30
176.5,176.5,176.25,176.45,6992.0,1713520200.0,2024-04-19 15:20:00+05:30
176.25,176.5,176.0,176.25,15356.0,1713520500.0,2024-04-19 15:25:00+05:30
179.75,179.75,176.6,177.85,16168.0,1713757500.0,2024-04-22 09:15:00+05:30
177.6,178.15,177.55,177.8,2644.0,1713757800.0,2024-04-22 09:20:00+05:30
177.7,178.15,177.7,177.9,1040.0,1713758100.0,2024-04-22 09:25:00+05:30
177.9,177.9,177.3,177.3,1048.0,1713758400.0,2024-04-22 09:30:00+05:30
177.55,177.55,177.0,177.0,2408.0,1713758700.0,2024-04-22 09:35:00+05:30
177.0,177.4,176.0,177.3,17832.0,1713759000.0,2024-04-22 09:40:00+05:30
177.3,177.3,176.65,176.65,96.0,1713759300.0,2024-04-22 09:45:00+05:30
176.7,178.4,176.7,178.0,12328.0,1713759600.0,2024-04-22 09:50:00+05:30
178.0,178.1,177.7,178.1,656.0,1713759900.0,2024-04-22 09:55:00+05:30
178.35,178.5,178.0,178.0,5052.0,1713760200.0,2024-04-22 10:00:00+05:30
178.0,178.0,177.5,177.95,3952.0,1713760500.0,2024-04-22 10:05:00+05:30
177.95,177.95,177.8,177.8,492.0,1713760800.0,2024-04-22 10:10:00+05:30
177.8,178.2,177.8,178.2,324.0,1713761100.0,2024-04-22 10:15:00+05:30
178.2,178.2,178.2,178.2,224.0,1713761400.0,2024-04-22 10:20:00+05:30
178.2,178.2,178.2,178.2,0.0,1713761700.0,2024-04-22 10:25:00+05:30
177.95,178.2,177.95,178.2,200.0,1713762000.0,2024-04-22 10:30:00+05:30
178.2,178.2,178.2,178.2,4.0,1713762300.0,2024-04-22 10:35:00+05:30
178.2,178.2,177.55,177.9,288.0,1713762600.0,2024-04-22 10:40:00+05:30
178.35,178.35,178.15,178.15,1516.0,1713762900.0,2024-04-22 10:45:00+05:30
177.75,178.25,177.75,178.25,2224.0,1713763200.0,2024-04-22 10:50:00+05:30
178.0,178.25,177.9,177.9,896.0,1713763500.0,2024-04-22 10:55:00+05:30
177.9,178.25,177.9,178.25,240.0,1713763800.0,2024-04-22 11:00:00+05:30
178.25,178.25,177.85,177.85,80.0,1713764100.0,2024-04-22 11:05:00+05:30
177.85,178.1,177.8,178.1,160.0,1713764400.0,2024-04-22 11:10:00+05:30
177.8,178.1,177.8,178.1,64.0,1713764700.0,2024-04-22 11:15:00+05:30
178.1,178.1,177.8,178.0,260.0,1713765000.0,2024-04-22 11:20:00+05:30
177.75,178.0,177.7,177.7,788.0,1713765300.0,2024-04-22 11:25:00+05:30
177.7,177.9,177.6,177.9,1392.0,1713765600.0,2024-04-22 11:30:00+05:30
177.9,177.9,177.55,177.6,500.0,1713765900.0,2024-04-22 11:35:00+05:30
177.6,177.6,177.6,177.6,0.0,1713766200.0,2024-04-22 11:40:00+05:30
177.4,178.2,177.4,178.2,14776.0,1713766500.0,2024-04-22 11:45:00+05:30
178.2,178.25,178.2,178.25,20.0,1713766800.0,2024-04-22 11:50:00+05:30
178.25,178.25,178.0,178.25,244.0,1713767100.0,2024-04-22 11:55:00+05:30
178.25,178.3,178.0,178.1,508.0,1713767400.0,2024-04-22 12:00:00+05:30
178.1,178.1,178.1,178.1,4.0,1713767700.0,2024-04-22 12:05:00+05:30
178.4,178.4,178.0,178.05,508.0,1713768000.0,2024-04-22 12:10:00+05:30
178.05,178.25,178.05,178.25,28.0,1713768300.0,2024-04-22 12:15:00+05:30
178.25,178.25,178.0,178.0,260.0,1713768600.0,2024-04-22 12:20:00+05:30
178.0,178.35,178.0,178.35,104.0,1713768900.0,2024-04-22 12:25:00+05:30
178.6,178.75,178.5,178.75,1888.0,1713769200.0,2024-04-22 12:30:00+05:30
178.6,178.75,178.45,178.75,2648.0,1713769500.0,2024-04-22 12:35:00+05:30
178.75,178.75,178.25,178.75,1044.0,1713769800.0,2024-04-22 12:40:00+05:30
178.75,178.75,178.4,178.4,128.0,1713770100.0,2024-04-22 12:45:00+05:30
178.4,178.75,178.4,178.4,1208.0,1713770400.0,2024-04-22 12:50:00+05:30
178.4,178.75,178.4,178.75,600.0,1713770700.0,2024-04-22 12:55:00+05:30
178.75,178.75,178.75,178.75,0.0,1713771000.0,2024-04-22 13:00:00+05:30
178.75,178.75,178.7,178.7,16.0,1713771300.0,2024-04-22 13:05:00+05:30
178.7,178.75,178.45,178.75,452.0,1713771600.0,2024-04-22 13:10:00+05:30
178.75,178.75,178.7,178.7,36.0,1713771900.0,2024-04-22 13:15:00+05:30
178.7,178.7,178.45,178.45,48.0,1713772200.0,2024-04-22 13:20:00+05:30
178.45,178.7,178.4,178.4,820.0,1713772500.0,2024-04-22 13:25:00+05:30
178.4,178.4,178.35,178.35,120.0,1713772800.0,2024-04-22 13:30:00+05:30
178.35,178.55,178.3,178.55,504.0,1713773100.0,2024-04-22 13:35:00+05:30
178.55,178.55,178.3,178.55,2488.0,1713773400.0,2024-04-22 13:40:00+05:30
178.55,178.55,178.45,178.45,20.0,1713773700.0,2024-04-22 13:45:00+05:30
178.15,178.15,177.9,177.9,424.0,1713774000.0,2024-04-22 13:50:00+05:30
177.9,177.9,177.5,177.55,824.0,1713774300.0,2024-04-22 13:55:00+05:30
177.55,177.55,177.45,177.45,36.0,1713774600.0,2024-04-22 14:00:00+05:30
177.45,177.55,177.45,177.5,84.0,1713774900.0,2024-04-22 14:05:00+05:30
177.5,177.55,177.3,177.3,420.0,1713775200.0,2024-04-22 14:10:00+05:30
177.3,177.55,177.3,177.55,836.0,1713775500.0,2024-04-22 14:15:00+05:30
177.5,177.5,177.5,177.5,472.0,1713775800.0,2024-04-22 14:20:00+05:30
177.5,177.5,177.25,177.25,120.0,1713776100.0,2024-04-22 14:25:00+05:30
177.25,177.75,177.2,177.75,480.0,1713776400.0,2024-04-22 14:30:00+05:30
177.65,177.95,177.65,177.7,332.0,1713776700.0,2024-04-22 14:35:00+05:30
177.7,177.7,177.7,177.7,12.0,1713777000.0,2024-04-22 14:40:00+05:30
177.7,177.7,176.8,176.8,5208.0,1713777300.0,2024-04-22 14:45:00+05:30
176.8,176.8,175.75,175.95,3896.0,1713777600.0,2024-04-22 14:50:00+05:30
175.8,175.8,174.65,175.1,10696.0,1713777900.0,2024-04-22 14:55:00+05:30
175.1,175.55,173.85,174.7,8676.0,1713778200.0,2024-04-22 15:00:00+05:30
174.95,177.5,174.75,177.5,26816.0,1713778500.0,2024-04-22 15:05:00+05:30
177.55,177.6,175.25,175.4,26228.0,1713778800.0,2024-04-22 15:10:00+05:30
175.3,175.45,174.65,175.05,9516.0,1713779100.0,2024-04-22 15:15:00+05:30
175.25,175.5,174.5,174.5,5632.0,1713779400.0,2024-04-22 15:20:00+05:30
174.55,175.5,174.05,175.35,12348.0,1713779700.0,2024-04-22 15:25:00+05:30
175.75,176.45,175.75,176.25,2220.0,1713843900.0,2024-04-23 09:15:00+05:30
176.05,176.05,175.4,176.0,3868.0,1713844200.0,2024-04-23 09:20:00+05:30
176.0,176.55,176.0,176.25,2736.0,1713844500.0,2024-04-23 09:25:00+05:30
176.45,176.45,176.25,176.45,1316.0,1713844800.0,2024-04-23 09:30:00+05:30
176.25,176.7,176.25,176.5,2904.0,1713845100.0,2024-04-23 09:35:00+05:30
176.7,177.5,176.5,177.5,5104.0,1713845400.0,2024-04-23 09:40:00+05:30
177.5,177.8,177.5,177.7,5028.0,1713845700.0,2024-04-23 09:45:00+05:30
177.7,178.0,177.5,178.0,7480.0,1713846000.0,2024-04-23 09:50:00+05:30
178.25,178.5,178.25,178.25,4176.0,1713846300.0,2024-04-23 09:55:00+05:30
178.5,178.5,178.25,178.5,2516.0,1713846600.0,2024-04-23 10:00:00+05:30
178.5,178.75,178.5,178.7,1920.0,1713846900.0,2024-04-23 10:05:00+05:30
178.7,178.95,178.7,178.75,4768.0,1713847200.0,2024-04-23 10:10:00+05:30
178.75,179.1,178.75,179.05,6536.0,1713847500.0,2024-04-23 10:15:00+05:30
179.1,179.45,179.05,179.45,796.0,1713847800.0,2024-04-23 10:20:00+05:30
179.3,179.3,179.1,179.25,2364.0,1713848100.0,2024-04-23 10:25:00+05:30
179.35,179.35,179.0,179.0,444.0,1713848400.0,2024-04-23 10:30:00+05:30
179.05,179.25,179.05,179.05,352.0,1713848700.0,2024-04-23 10:35:00+05:30
179.05,179.25,178.75,178.75,2444.0,1713849000.0,2024-04-23 10:40:00+05:30
178.75,179.2,178.75,179.0,264.0,1713849300.0,2024-04-23 10:45:00+05:30
179.15,179.15,178.9,179.0,1784.0,1713849600.0,2024-04-23 10:50:00+05:30
178.8,179.05,178.8,178.8,932.0,1713849900.0,2024-04-23 10:55:00+05:30
178.75,179.05,178.65,178.75,13968.0,1713850200.0,2024-04-23 11:00:00+05:30
178.8,178.9,178.5,178.9,3972.0,1713850500.0,2024-04-23 11:05:00+05:30
178.9,178.9,178.8,178.9,292.0,1713850800.0,2024-04-23 11:10:00+05:30
178.9,178.9,178.9,178.9,116.0,1713851100.0,2024-04-23 11:15:00+05:30
178.9,178.9,178.9,178.9,20.0,1713851400.0,2024-04-23 11:20:00+05:30
178.9,178.9,178.75,178.75,536.0,1713851700.0,2024-04-23 11:25:00+05:30
178.8,179.0,178.5,178.75,4080.0,1713852000.0,2024-04-23 11:30:00+05:30
178.75,179.1,178.75,178.95,836.0,1713852300.0,2024-04-23 11:35:00+05:30
178.95,178.95,178.75,178.95,648.0,1713852600.0,2024-04-23 11:40:00+05:30
178.95,179.1,178.75,179.1,3088.0,1713852900.0,2024-04-23 11:45:00+05:30
179.1,179.1,178.7,178.7,344.0,1713853200.0,2024-04-23 11:50:00+05:30
178.6,179.25,178.6,179.0,4660.0,1713853500.0,2024-04-23 11:55:00+05:30
179.25,179.35,179.15,179.15,4252.0,1713853800.0,2024-04-23 12:00:00+05:30
179.15,179.35,179.05,179.35,360.0,1713854100.0,2024-04-23 12:05:00+05:30
179.35,179.35,179.1,179.2,6424.0,1713854400.0,2024-04-23 12:10:00+05:30
179.0,179.25,179.0,179.25,828.0,1713854700.0,2024-04-23 12:15:00+05:30
179.25,179.3,179.05,179.05,1156.0,1713855000.0,2024-04-23 12:20:00+05:30
179.25,179.4,179.2,179.2,1080.0,1713855300.0,2024-04-23 12:25:00+05:30
179.2,179.6,179.2,179.55,10372.0,1713855600.0,2024-04-23 12:30:00+05:30
180.0,180.0,179.65,179.9,25724.0,1713855900.0,2024-04-23 12:35:00+05:30
179.9,180.0,178.75,178.75,28080.0,1713856200.0,2024-04-23 12:40:00+05:30
178.75,178.75,178.5,178.5,556.0,1713856500.0,2024-04-23 12:45:00+05:30
178.5,178.5,178.5,178.5,232.0,1713856800.0,2024-04-23 12:50:00+05:30
178.5,178.75,178.5,178.5,2016.0,1713857100.0,2024-04-23 12:55:00+05:30
178.5,178.5,178.3,178.5,2664.0,1713857400.0,2024-04-23 13:00:00+05:30
178.5,178.5,178.5,178.5,1644.0,1713857700.0,2024-04-23 13:05:00+05:30
178.65,178.65,178.5,178.5,100.0,1713858000.0,2024-04-23 13:10:00+05:30
178.5,178.75,178.5,178.75,4568.0,1713858300.0,2024-04-23 13:15:00+05:30
178.75,178.75,178.75,178.75,200.0,1713858600.0,2024-04-23 13:20:00+05:30
178.75,178.95,178.75,178.75,208.0,1713858900.0,2024-04-23 13:25:00+05:30
178.75,178.95,178.75,178.95,152.0,1713859200.0,2024-04-23 13:30:00+05:30
178.95,178.95,178.75,178.95,80.0,1713859500.0,2024-04-23 13:35:00+05:30
178.75,178.75,178.75,178.75,168.0,1713859800.0,2024-04-23 13:40:00+05:30
178.75,178.95,178.75,178.75,676.0,1713860100.0,2024-04-23 13:45:00+05:30
178.95,178.95,178.75,178.75,840.0,1713860400.0,2024-04-23 13:50:00+05:30
178.75,179.05,178.75,179.05,500.0,1713860700.0,2024-04-23 13:55:00+05:30
178.8,178.95,178.75,178.8,456.0,1713861000.0,2024-04-23 14:00:00+05:30
178.8,178.8,178.75,178.75,132.0,1713861300.0,2024-04-23 14:05:00+05:30
178.75,178.95,178.75,178.95,1732.0,1713861600.0,2024-04-23 14:10:00+05:30
178.95,179.7,178.95,179.7,7836.0,1713861900.0,2024-04-23 14:15:00+05:30
179.25,179.45,179.15,179.15,584.0,1713862200.0,2024-04-23 14:20:00+05:30
179.15,179.35,179.15,179.15,108.0,1713862500.0,2024-04-23 14:25:00+05:30
179.2,179.35,179.0,179.3,1032.0,1713862800.0,2024-04-23 14:30:00+05:30
179.3,179.3,179.0,179.0,444.0,1713863100.0,2024-04-23 14:35:00+05:30
179.0,179.6,179.0,179.6,748.0,1713863400.0,2024-04-23 14:40:00+05:30
179.75,179.75,179.4,179.75,25632.0,1713863700.0,2024-04-23 14:45:00+05:30
179.9,181.5,179.75,181.25,35476.0,1713864000.0,2024-04-23 14:50:00+05:30
181.25,181.75,181.25,181.75,11048.0,1713864300.0,2024-04-23 14:55:00+05:30
181.75,181.75,181.3,181.4,2676.0,1713864600.0,2024-04-23 15:00:00+05:30
181.25,181.45,181.25,181.45,13796.0,1713864900.0,2024-04-23 15:05:00+05:30
181.45,181.9,181.25,181.75,15236.0,1713865200.0,2024-04-23 15:10:00+05:30
181.75,181.75,181.25,181.3,18832.0,1713865500.0,2024-04-23 15:15:00+05:30
181.25,181.75,181.25,181.5,16596.0,1713865800.0,2024-04-23 15:20:00+05:30
181.5,181.7,180.35,181.0,20008.0,1713866100.0,2024-04-23 15:25:00+05:30
181.5,183.95,181.5,183.75,33520.0,1713930300.0,2024-04-24 09:15:00+05:30
183.75,183.75,182.75,182.9,9044.0,1713930600.0,2024-04-24 09:20:00+05:30
182.75,182.75,182.25,182.75,3572.0,1713930900.0,2024-04-24 09:25:00+05:30
182.75,183.25,182.25,182.25,6532.0,1713931200.0,2024-04-24 09:30:00+05:30
182.4,182.4,181.75,181.75,796.0,1713931500.0,2024-04-24 09:35:00+05:30
181.75,182.0,181.5,181.9,3164.0,1713931800.0,2024-04-24 09:40:00+05:30
181.9,181.9,181.0,181.35,3464.0,1713932100.0,2024-04-24 09:45:00+05:30
181.3,181.45,180.9,181.25,2312.0,1713932400.0,2024-04-24 09:50:00+05:30
181.3,181.3,180.9,180.9,1960.0,1713932700.0,2024-04-24 09:55:00+05:30
180.9,180.9,180.55,180.75,3800.0,1713933000.0,2024-04-24 10:00:00+05:30
180.75,180.8,180.4,180.7,876.0,1713933300.0,2024-04-24 10:05:00+05:30
180.7,181.15,180.3,180.75,4528.0,1713933600.0,2024-04-24 10:10:00+05:30
180.8,181.15,180.5,180.7,3400.0,1713933900.0,2024-04-24 10:15:00+05:30
181.0,181.0,180.65,180.9,916.0,1713934200.0,2024-04-24 10:20:00+05:30
180.65,180.75,180.35,180.35,2672.0,1713934500.0,2024-04-24 10:25:00+05:30
180.3,180.8,180.3,180.8,1364.0,1713934800.0,2024-04-24 10:30:00+05:30
180.45,180.6,180.45,180.6,336.0,1713935100.0,2024-04-24 10:35:00+05:30
180.7,182.0,180.5,182.0,12688.0,1713935400.0,2024-04-24 10:40:00+05:30
182.0,182.0,181.7,181.8,120.0,1713935700.0,2024-04-24 10:45:00+05:30
181.7,181.75,181.5,181.75,392.0,1713936000.0,2024-04-24 10:50:00+05:30
181.9,181.9,181.5,181.5,432.0,1713936300.0,2024-04-24 10:55:00+05:30
181.5,181.5,181.5,181.5,12.0,1713936600.0,2024-04-24 11:00:00+05:30
181.25,181.6,181.25,181.25,676.0,1713936900.0,2024-04-24 11:05:00+05:30
181.25,181.6,181.0,181.6,4896.0,1713937200.0,2024-04-24 11:10:00+05:30
182.0,182.0,181.8,181.8,524.0,1713937500.0,2024-04-24 11:15:00+05:30
181.8,182.75,181.8,182.6,17304.0,1713937800.0,2024-04-24 11:20:00+05:30
182.55,182.55,182.25,182.25,476.0,1713938100.0,2024-04-24 11:25:00+05:30
182.25,182.55,182.25,182.5,556.0,1713938400.0,2024-04-24 11:30:00+05:30
182.3,182.5,182.25,182.3,1464.0,1713938700.0,2024-04-24 11:35:00+05:30
182.25,182.5,182.25,182.5,492.0,1713939000.0,2024-04-24 11:40:00+05:30
182.5,183.75,182.3,183.45,12736.0,1713939300.0,2024-04-24 11:45:00+05:30
183.75,184.7,183.3,184.7,43672.0,1713939600.0,2024-04-24 11:50:00+05:30
184.45,184.7,184.05,184.3,9536.0,1713939900.0,2024-04-24 11:55:00+05:30
184.45,184.45,183.5,183.6,3408.0,1713940200.0,2024-04-24 12:00:00+05:30
183.6,183.6,183.0,183.0,1376.0,1713940500.0,2024-04-24 12:05:00+05:30
183.0,183.25,182.65,182.65,1708.0,1713940800.0,2024-04-24 12:10:00+05:30
182.3,182.6,182.15,182.25,4360.0,1713941100.0,2024-04-24 12:15:00+05:30
182.25,182.25,182.0,182.0,1076.0,1713941400.0,2024-04-24 12:20:00+05:30
182.4,182.4,181.9,181.9,1268.0,1713941700.0,2024-04-24 12:25:00+05:30
181.95,181.95,181.3,181.3,3148.0,1713942000.0,2024-04-24 12:30:00+05:30
181.3,181.3,181.05,181.05,844.0,1713942300.0,2024-04-24 12:35:00+05:30
181.0,181.3,180.8,181.0,1172.0,1713942600.0,2024-04-24 12:40:00+05:30
181.0,181.6,181.0,181.6,3884.0,1713942900.0,2024-04-24 12:45:00+05:30
181.4,181.5,181.25,181.45,2632.0,1713943200.0,2024-04-24 12:50:00+05:30
181.45,181.6,181.35,181.6,304.0,1713943500.0,2024-04-24 12:55:00+05:30
181.4,181.75,181.4,181.75,120.0,1713943800.0,2024-04-24 13:00:00+05:30
181.75,181.9,181.7,181.9,908.0,1713944100.0,2024-04-24 13:05:00+05:30
181.9,181.9,180.9,181.5,2196.0,1713944400.0,2024-04-24 13:10:00+05:30
181.5,181.5,180.85,180.85,4368.0,1713944700.0,2024-04-24 13:15:00+05:30
180.85,180.85,180.75,180.75,292.0,1713945000.0,2024-04-24 13:20:00+05:30
180.7,180.9,180.65,180.65,668.0,1713945300.0,2024-04-24 13:25:00+05:30
180.65,181.0,180.65,181.0,168.0,1713945600.0,2024-04-24 13:30:00+05:30
181.0,181.0,180.7,180.9,96.0,1713945900.0,2024-04-24 13:35:00+05:30
180.95,181.1,180.95,181.1,1112.0,1713946200.0,2024-04-24 13:40:00+05:30
181.1,181.1,180.6,180.7,4192.0,1713946500.0,2024-04-24 13:45:00+05:30
180.7,180.7,180.4,180.4,540.0,1713946800.0,2024-04-24 13:50:00+05:30
180.4,180.9,180.4,180.85,156.0,1713947100.0,2024-04-24 13:55:00+05:30
180.9,180.9,180.7,180.7,272.0,1713947400.0,2024-04-24 14:00:00+05:30
180.7,180.7,180.6,180.6,148.0,1713947700.0,2024-04-24 14:05:00+05:30
180.4,180.7,180.4,180.65,1064.0,1713948000.0,2024-04-24 14:10:00+05:30
180.65,180.8,180.5,180.8,1264.0,1713948300.0,2024-04-24 14:15:00+05:30
180.8,180.8,180.55,180.55,924.0,1713948600.0,2024-04-24 14:20:00+05:30
180.5,181.0,180.5,181.0,3544.0,1713948900.0,2024-04-24 14:25:00+05:30
181.0,181.0,181.0,181.0,2228.0,1713949200.0,2024-04-24 14:30:00+05:30
181.0,181.0,180.5,180.5,1356.0,1713949500.0,2024-04-24 14:35:00+05:30
180.5,181.1,180.5,181.1,3068.0,1713949800.0,2024-04-24 14:40:00+05:30
181.1,181.1,181.0,181.0,568.0,1713950100.0,2024-04-24 14:45:00+05:30
181.0,181.1,180.95,180.95,1452.0,1713950400.0,2024-04-24 14:50:00+05:30
180.95,181.0,180.75,180.75,388.0,1713950700.0,2024-04-24 14:55:00+05:30
181.15,181.2,180.95,180.95,1504.0,1713951000.0,2024-04-24 15:00:00+05:30
180.9,181.1,180.5,181.1,2044.0,1713951300.0,2024-04-24 15:05:00+05:30
181.25,183.2,181.25,182.2,11348.0,1713951600.0,2024-04-24 15:10:00+05:30
182.3,182.55,180.6,180.7,7772.0,1713951900.0,2024-04-24 15:15:00+05:30
181.75,182.25,181.5,181.5,4460.0,1713952200.0,2024-04-24 15:20:00+05:30
181.75,181.75,180.75,180.8,4684.0,1713952500.0,2024-04-24 15:25:00+05:30
183.55,183.55,181.75,182.9,2072.0,1714016700.0,2024-04-25 09:15:00+05:30
182.55,182.9,182.55,182.9,2180.0,1714017000.0,2024-04-25 09:20:00+05:30
182.85,182.85,182.5,182.55,616.0,1714017300.0,2024-04-25 09:25:00+05:30
182.6,182.75,182.4,182.5,1296.0,1714017600.0,2024-04-25 09:30:00+05:30
182.5,182.7,182.45,182.5,2572.0,1714017900.0,2024-04-25 09:35:00+05:30
182.4,182.7,182.0,182.5,2748.0,1714018200.0,2024-04-25 09:40:00+05:30
182.5,182.7,182.5,182.5,148.0,1714018500.0,2024-04-25 09:45:00+05:30
182.7,182.7,182.3,182.4,856.0,1714018800.0,2024-04-25 09:50:00+05:30
182.4,182.5,182.0,182.3,2036.0,1714019100.0,2024-04-25 09:55:00+05:30
182.3,182.5,182.2,182.5,3292.0,1714019400.0,2024-04-25 10:00:00+05:30
182.5,182.5,182.3,182.5,1144.0,1714019700.0,2024-04-25 10:05:00+05:30
182.5,182.85,182.4,182.5,5136.0,1714020000.0,2024-04-25 10:10:00+05:30
182.45,182.7,182.1,182.3,1112.0,1714020300.0,2024-04-25 10:15:00+05:30
182.3,182.4,182.0,182.2,852.0,1714020600.0,2024-04-25 10:20:00+05:30
182.2,182.35,182.0,182.0,668.0,1714020900.0,2024-04-25 10:25:00+05:30
182.0,182.0,181.9,182.0,1140.0,1714021200.0,2024-04-25 10:30:00+05:30
182.0,182.35,181.95,182.35,3924.0,1714021500.0,2024-04-25 10:35:00+05:30
182.35,182.4,182.15,182.25,612.0,1714021800.0,2024-04-25 10:40:00+05:30
182.25,182.5,182.0,182.5,1140.0,1714022100.0,2024-04-25 10:45:00+05:30
182.5,182.5,181.75,182.15,1000.0,1714022400.0,2024-04-25 10:50:00+05:30
182.2,182.25,181.75,182.25,1184.0,1714022700.0,2024-04-25 10:55:00+05:30
182.25,182.25,181.8,182.2,780.0,1714023000.0,2024-04-25 11:00:00+05:30
182.2,182.25,181.9,182.25,544.0,1714023300.0,2024-04-25 11:05:00+05:30
182.25,182.45,181.55,182.05,1404.0,1714023600.0,2024-04-25 11:10:00+05:30
182.05,182.05,181.5,182.0,1660.0,1714023900.0,2024-04-25 11:15:00+05:30
182.0,182.0,181.5,181.75,1340.0,1714024200.0,2024-04-25 11:20:00+05:30
181.75,182.0,181.7,182.0,460.0,1714024500.0,2024-04-25 11:25:00+05:30
182.0,182.35,181.95,181.95,2236.0,1714024800.0,2024-04-25 11:30:00+05:30
182.05,182.45,181.75,182.0,3108.0,1714025100.0,2024-04-25 11:35:00+05:30
182.0,182.25,181.75,182.25,884.0,1714025400.0,2024-04-25 11:40:00+05:30
182.25,182.5,182.1,182.5,1272.0,1714025700.0,2024-04-25 11:45:00+05:30
182.45,182.55,182.45,182.5,508.0,1714026000.0,2024-04-25 11:50:00+05:30
182.5,182.7,182.3,182.45,1668.0,1714026300.0,2024-04-25 11:55:00+05:30
182.45,182.5,182.2,182.3,816.0,1714026600.0,2024-04-25 12:00:00+05:30
182.35,182.55,182.25,182.5,656.0,1714026900.0,2024-04-25 12:05:00+05:30
182.5,182.5,182.3,182.5,536.0,1714027200.0,2024-04-25 12:10:00+05:30
182.5,182.5,182.3,182.5,724.0,1714027500.0,2024-04-25 12:15:00+05:30
182.5,182.5,182.5,182.5,360.0,1714027800.0,2024-04-25 12:20:00+05:30
182.5,182.5,182.3,182.5,660.0,1714028100.0,2024-04-25 12:25:00+05:30
182.5,182.9,182.3,182.6,6344.0,1714028400.0,2024-04-25 12:30:00+05:30
182.6,182.85,182.5,182.6,1088.0,1714028700.0,2024-04-25 12:35:00+05:30
182.6,182.6,181.9,182.1,956.0,1714029000.0,2024-04-25 12:40:00+05:30
182.1,182.2,181.95,182.0,572.0,1714029300.0,2024-04-25 12:45:00+05:30
182.0,182.0,181.7,181.7,960.0,1714029600.0,2024-04-25 12:50:00+05:30
181.7,182.0,181.5,181.7,1360.0,1714029900.0,2024-04-25 12:55:00+05:30
181.9,182.0,181.9,182.0,492.0,1714030200.0,2024-04-25 13:00:00+05:30
182.0,182.0,181.0,181.15,5008.0,1714030500.0,2024-04-25 13:05:00+05:30
181.15,181.7,180.95,181.55,1292.0,1714030800.0,2024-04-25 13:10:00+05:30
181.6,181.7,181.35,181.65,516.0,1714031100.0,2024-04-25 13:15:00+05:30
181.65,181.65,181.3,181.55,720.0,1714031400.0,2024-04-25 13:20:00+05:30
181.5,181.75,181.4,181.7,656.0,1714031700.0,2024-04-25 13:25:00+05:30
181.7,181.75,181.0,181.4,2684.0,1714032000.0,2024-04-25 13:30:00+05:30
181.4,181.65,181.4,181.65,564.0,1714032300.0,2024-04-25 13:35:00+05:30
181.65,181.75,181.4,181.75,448.0,1714032600.0,2024-04-25 13:40:00+05:30
181.75,181.95,181.65,181.75,636.0,1714032900.0,2024-04-25 13:45:00+05:30
181.75,181.85,181.35,181.55,1384.0,1714033200.0,2024-04-25 13:50:00+05:30
181.55,181.55,181.3,181.55,952.0,1714033500.0,2024-04-25 13:55:00+05:30
181.55,181.95,181.45,181.95,1996.0,1714033800.0,2024-04-25 14:00:00+05:30
181.9,181.9,181.4,181.55,1216.0,1714034100.0,2024-04-25 14:05:00+05:30
181.5,181.65,181.3,181.6,568.0,1714034400.0,2024-04-25 14:10:00+05:30
181.6,181.65,181.3,181.45,1828.0,1714034700.0,2024-04-25 14:15:00+05:30
181.65,181.9,181.45,181.45,804.0,1714035000.0,2024-04-25 14:20:00+05:30
181.55,181.7,181.25,181.6,636.0,1714035300.0,2024-04-25 14:25:00+05:30
181.6,181.6,181.35,181.6,1032.0,1714035600.0,2024-04-25 14:30:00+05:30
181.6,181.6,181.4,181.6,3340.0,1714035900.0,2024-04-25 14:35:00+05:30
181.6,181.7,181.3,181.5,700.0,1714036200.0,2024-04-25 14:40:00+05:30
181.5,181.5,180.75,180.9,4660.0,1714036500.0,2024-04-25 14:45:00+05:30
180.9,180.9,179.75,180.2,9372.0,1714036800.0,2024-04-25 14:50:00+05:30
180.2,180.4,180.0,180.35,1404.0,1714037100.0,2024-04-25 14:55:00+05:30
180.35,182.6,180.1,181.7,17364.0,1714037400.0,2024-04-25 15:00:00+05:30
181.7,181.85,181.35,181.45,4364.0,1714037700.0,2024-04-25 15:05:00+05:30
181.45,181.45,181.05,181.25,1508.0,1714038000.0,2024-04-25 15:10:00+05:30
180.95,181.3,180.6,181.2,7444.0,1714038300.0,2024-04-25 15:15:00+05:30
181.2,181.2,180.3,180.8,9580.0,1714038600.0,2024-04-25 15:20:00+05:30
180.8,180.9,177.85,177.85,17372.0,1714038900.0,2024-04-25 15:25:00+05:30
179.5,180.35,178.2,179.55,6336.0,1714103100.0,2024-04-26 09:15:00+05:30
179.55,180.05,179.5,179.55,1872.0,1714103400.0,2024-04-26 09:20:00+05:30
179.55,179.95,179.55,179.95,952.0,1714103700.0,2024-04-26 09:25:00+05:30
179.95,179.95,179.0,179.2,13424.0,1714104000.0,2024-04-26 09:30:00+05:30
179.0,179.5,179.0,179.5,1004.0,1714104300.0,2024-04-26 09:35:00+05:30
179.25,179.45,178.6,178.6,3556.0,1714104600.0,2024-04-26 09:40:00+05:30
178.75,179.25,178.6,179.25,1244.0,1714104900.0,2024-04-26 09:45:00+05:30
179.2,179.2,178.1,178.95,7708.0,1714105200.0,2024-04-26 09:50:00+05:30
178.95,178.95,178.6,178.7,268.0,1714105500.0,2024-04-26 09:55:00+05:30
178.7,178.7,177.9,177.9,2780.0,1714105800.0,2024-04-26 10:00:00+05:30
178.05,178.2,178.0,178.2,720.0,1714106100.0,2024-04-26 10:05:00+05:30
178.1,178.4,178.1,178.4,196.0,1714106400.0,2024-04-26 10:10:00+05:30
178.4,178.4,178.2,178.4,740.0,1714106700.0,2024-04-26 10:15:00+05:30
178.5,179.4,178.5,178.75,3304.0,1714107000.0,2024-04-26 10:20:00+05:30
178.75,179.0,178.75,179.0,128.0,1714107300.0,2024-04-26 10:25:00+05:30
179.0,179.0,178.75,178.75,1104.0,1714107600.0,2024-04-26 10:30:00+05:30
178.75,179.0,178.75,179.0,492.0,1714107900.0,2024-04-26 10:35:00+05:30
179.0,179.0,178.9,178.95,96.0,1714108200.0,2024-04-26 10:40:00+05:30
178.95,179.0,178.95,179.0,3248.0,1714108500.0,2024-04-26 10:45:00+05:30
179.0,179.2,179.0,179.0,952.0,1714108800.0,2024-04-26 10:50:00+05:30
179.2,179.5,179.0,179.5,1908.0,1714109100.0,2024-04-26 10:55:00+05:30
179.45,179.8,179.4,179.7,1960.0,1714109400.0,2024-04-26 11:00:00+05:30
179.7,179.9,179.7,179.9,84.0,1714109700.0,2024-04-26 11:05:00+05:30
179.9,179.9,179.7,179.9,1216.0,1714110000.0,2024-04-26 11:10:00+05:30
179.9,179.9,179.7,179.7,612.0,1714110300.0,2024-04-26 11:15:00+05:30
179.7,180.1,179.7,179.75,5420.0,1714110600.0,2024-04-26 11:20:00+05:30
179.75,180.0,179.75,180.0,12.0,1714110900.0,2024-04-26 11:25:00+05:30
180.0,180.15,179.9,180.15,1220.0,1714111200.0,2024-04-26 11:30:00+05:30
180.15,180.6,180.05,180.3,2716.0,1714111500.0,2024-04-26 11:35:00+05:30
180.3,180.4,179.95,180.4,2924.0,1714111800.0,2024-04-26 11:40:00+05:30
180.35,180.6,180.15,180.35,1056.0,1714112100.0,2024-04-26 11:45:00+05:30
180.35,180.7,180.35,180.45,904.0,1714112400.0,2024-04-26 11:50:00+05:30
180.45,180.7,180.4,180.6,416.0,1714112700.0,2024-04-26 11:55:00+05:30
180.6,180.75,180.6,180.75,1468.0,1714113000.0,2024-04-26 12:00:00+05:30
180.9,181.25,180.65,180.65,3916.0,1714113300.0,2024-04-26 12:05:00+05:30
180.65,181.1,180.65,181.1,760.0,1714113600.0,2024-04-26 12:10:00+05:30
181.0,181.25,180.9,181.05,412.0,1714113900.0,2024-04-26 12:15:00+05:30
181.25,181.25,181.05,181.1,1980.0,1714114200.0,2024-04-26 12:20:00+05:30
181.1,181.7,181.1,181.4,3680.0,1714114500.0,2024-04-26 12:25:00+05:30
181.65,181.75,181.65,181.65,656.0,1714114800.0,2024-04-26 12:30:00+05:30
181.85,182.2,181.75,182.2,3480.0,1714115100.0,2024-04-26 12:35:00+05:30
182.25,182.45,181.95,182.2,2184.0,1714115400.0,2024-04-26 12:40:00+05:30
182.2,182.45,182.1,182.45,2752.0,1714115700.0,2024-04-26 12:45:00+05:30
182.2,182.3,182.0,182.2,2664.0,1714116000.0,2024-04-26 12:50:00+05:30
182.35,182.35,181.95,181.95,8536.0,1714116300.0,2024-04-26 12:55:00+05:30
182.2,182.2,182.2,182.2,720.0,1714116600.0,2024-04-26 13:00:00+05:30
182.2,182.25,182.2,182.2,1232.0,1714116900.0,2024-04-26 13:05:00+05:30
182.2,182.4,182.2,182.4,3808.0,1714117200.0,2024-04-26 13:10:00+05:30
182.4,182.6,182.4,182.5,2348.0,1714117500.0,2024-04-26 13:15:00+05:30
182.65,182.7,182.5,182.7,2396.0,1714117800.0,2024-04-26 13:20:00+05:30
182.7,183.0,182.7,182.7,3356.0,1714118100.0,2024-04-26 13:25:00+05:30
182.7,183.35,182.7,183.35,3552.0,1714118400.0,2024-04-26 13:30:00+05:30
183.35,183.45,183.35,183.4,4060.0,1714118700.0,2024-04-26 13:35:00+05:30
183.4,183.4,183.15,183.4,6840.0,1714119000.0,2024-04-26 13:40:00+05:30
183.4,183.45,183.4,183.45,1892.0,1714119300.0,2024-04-26 13:45:00+05:30
183.45,183.45,183.4,183.45,2440.0,1714119600.0,2024-04-26 13:50:00+05:30
183.45,183.45,183.4,183.4,944.0,1714119900.0,2024-04-26 13:55:00+05:30
183.4,183.4,183.3,183.4,2304.0,1714120200.0,2024-04-26 14:00:00+05:30
183.4,183.4,182.5,182.5,12192.0,1714120500.0,2024-04-26 14:05:00+05:30
182.5,182.65,182.5,182.65,8240.0,1714120800.0,2024-04-26 14:10:00+05:30
182.65,182.65,182.5,182.5,1440.0,1714121100.0,2024-04-26 14:15:00+05:30
182.65,184.3,182.65,184.1,81876.0,1714121400.0,2024-04-26 14:20:00+05:30
184.1,184.1,183.75,183.8,1528.0,1714121700.0,2024-04-26 14:25:00+05:30
183.8,184.0,183.75,183.9,760.0,1714122000.0,2024-04-26 14:30:00+05:30
183.9,184.0,183.75,184.0,4476.0,1714122300.0,2024-04-26 14:35:00+05:30
184.0,184.1,184.0,184.0,2588.0,1714122600.0,2024-04-26 14:40:00+05:30
184.0,184.0,183.75,183.8,4528.0,1714122900.0,2024-04-26 14:45:00+05:30
183.95,183.95,183.8,183.8,600.0,1714123200.0,2024-04-26 14:50:00+05:30
183.8,184.7,183.8,184.7,18028.0,1714123500.0,2024-04-26 14:55:00+05:30
184.7,184.7,183.8,183.8,3656.0,1714123800.0,2024-04-26 15:00:00+05:30
184.1,184.95,184.1,184.15,24336.0,1714124100.0,2024-04-26 15:05:00+05:30
184.1,184.5,182.5,183.05,18372.0,1714124400.0,2024-04-26 15:10:00+05:30
182.85,184.0,182.85,184.0,7284.0,1714124700.0,2024-04-26 15:15:00+05:30
184.0,184.0,183.35,183.9,9588.0,1714125000.0,2024-04-26 15:20:00+05:30
183.45,184.0,181.25,182.8,22592.0,1714125300.0,2024-04-26 15:25:00+05:30
181.5,184.95,181.5,184.0,12240.0,1714362300.0,2024-04-29 09:15:00+05:30
184.0,184.0,181.25,182.25,25788.0,1714362600.0,2024-04-29 09:20:00+05:30
182.25,183.35,182.15,182.85,17832.0,1714362900.0,2024-04-29 09:25:00+05:30
182.9,183.75,182.65,183.75,4268.0,1714363200.0,2024-04-29 09:30:00+05:30
183.8,184.25,183.5,183.7,3512.0,1714363500.0,2024-04-29 09:35:00+05:30
183.7,183.7,183.25,183.25,404.0,1714363800.0,2024-04-29 09:40:00+05:30
183.25,183.25,182.6,182.6,1276.0,1714364100.0,2024-04-29 09:45:00+05:30
182.55,182.9,182.55,182.9,5268.0,1714364400.0,2024-04-29 09:50:00+05:30
182.9,182.9,182.65,182.65,2484.0,1714364700.0,2024-04-29 09:55:00+05:30
182.75,183.2,182.65,183.2,2100.0,1714365000.0,2024-04-29 10:00:00+05:30
183.05,183.2,182.65,183.05,2360.0,1714365300.0,2024-04-29 10:05:00+05:30
183.05,183.15,182.8,182.9,2616.0,1714365600.0,2024-04-29 10:10:00+05:30
182.9,183.2,182.9,182.9,720.0,1714365900.0,2024-04-29 10:15:00+05:30
183.3,183.75,183.3,183.45,3840.0,1714366200.0,2024-04-29 10:20:00+05:30
183.45,184.25,183.45,184.25,5916.0,1714366500.0,2024-04-29 10:25:00+05:30
183.9,184.25,183.25,183.25,5344.0,1714366800.0,2024-04-29 10:30:00+05:30
183.25,183.25,183.0,183.05,2060.0,1714367100.0,2024-04-29 10:35:00+05:30
183.0,183.0,182.5,182.85,3120.0,1714367400.0,2024-04-29 10:40:00+05:30
182.55,182.7,182.5,182.5,4012.0,1714367700.0,2024-04-29 10:45:00+05:30
182.55,182.9,182.5,182.7,5040.0,1714368000.0,2024-04-29 10:50:00+05:30
182.9,182.95,182.5,182.55,1932.0,1714368300.0,2024-04-29 10:55:00+05:30
182.9,183.2,182.75,182.75,2520.0,1714368600.0,2024-04-29 11:00:00+05:30
182.5,182.9,182.5,182.5,5064.0,1714368900.0,2024-04-29 11:05:00+05:30
182.9,183.0,182.5,182.95,2720.0,1714369200.0,2024-04-29 11:10:00+05:30
182.95,182.95,182.5,182.9,1252.0,1714369500.0,2024-04-29 11:15:00+05:30
182.9,182.9,182.5,182.8,4304.0,1714369800.0,2024-04-29 11:20:00+05:30
182.8,182.8,182.5,182.5,12240.0,1714370100.0,2024-04-29 11:25:00+05:30
182.5,182.8,182.5,182.7,1972.0,1714370400.0,2024-04-29 11:30:00+05:30
182.5,182.75,182.5,182.75,8456.0,1714370700.0,2024-04-29 11:35:00+05:30
182.8,182.8,182.75,182.8,364.0,1714371000.0,2024-04-29 11:40:00+05:30
182.8,182.8,182.8,182.8,472.0,1714371300.0,2024-04-29 11:45:00+05:30
182.8,182.85,182.6,182.7,684.0,1714371600.0,2024-04-29 11:50:00+05:30
182.9,182.9,182.9,182.9,104.0,1714371900.0,2024-04-29 11:55:00+05:30
182.65,182.8,182.5,182.75,2468.0,1714372200.0,2024-04-29 12:00:00+05:30
182.75,182.8,182.6,182.8,160.0,1714372500.0,2024-04-29 12:05:00+05:30
182.8,182.8,182.6,182.6,296.0,1714372800.0,2024-04-29 12:10:00+05:30
182.6,182.8,182.6,182.8,112.0,1714373100.0,2024-04-29 12:15:00+05:30
182.8,182.8,182.5,182.5,892.0,1714373400.0,2024-04-29 12:20:00+05:30
182.5,182.6,182.5,182.6,916.0,1714373700.0,2024-04-29 12:25:00+05:30
182.6,182.65,182.5,182.65,5620.0,1714374000.0,2024-04-29 12:30:00+05:30
182.65,182.65,182.5,182.5,100.0,1714374300.0,2024-04-29 12:35:00+05:30
182.5,182.5,182.5,182.5,660.0,1714374600.0,2024-04-29 12:40:00+05:30
182.5,182.7,182.5,182.7,1128.0,1714374900.0,2024-04-29 12:45:00+05:30
182.7,182.7,182.55,182.55,64.0,1714375200.0,2024-04-29 12:50:00+05:30
182.55,182.55,182.55,182.55,0.0,1714375500.0,2024-04-29 12:55:00+05:30
182.55,182.7,182.55,182.7,1948.0,1714375800.0,2024-04-29 13:00:00+05:30
182.7,182.7,182.55,182.55,244.0,1714376100.0,2024-04-29 13:05:00+05:30
183.0,183.0,182.5,182.5,7508.0,1714376400.0,2024-04-29 13:10:00+05:30
182.5,182.9,182.5,182.6,1236.0,1714376700.0,2024-04-29 13:15:00+05:30
182.6,182.75,182.5,182.75,1576.0,1714377000.0,2024-04-29 13:20:00+05:30
182.5,182.5,182.5,182.5,684.0,1714377300.0,2024-04-29 13:25:00+05:30
182.5,182.5,182.5,182.5,44.0,1714377600.0,2024-04-29 13:30:00+05:30
182.5,182.5,182.5,182.5,320.0,1714377900.0,2024-04-29 13:35:00+05:30
182.75,182.75,182.5,182.5,960.0,1714378200.0,2024-04-29 13:40:00+05:30
182.5,182.5,182.5,182.5,0.0,1714378500.0,2024-04-29 13:45:00+05:30
182.5,182.75,182.5,182.75,1012.0,1714378800.0,2024-04-29 13:50:00+05:30
182.75,182.9,182.75,182.85,480.0,1714379100.0,2024-04-29 13:55:00+05:30
182.85,182.85,182.75,182.85,228.0,1714379400.0,2024-04-29 14:00:00+05:30
182.85,182.85,182.75,182.75,324.0,1714379700.0,2024-04-29 14:05:00+05:30
182.75,183.45,182.75,183.45,6216.0,1714380000.0,2024-04-29 14:10:00+05:30
183.45,183.85,183.15,183.8,25708.0,1714380300.0,2024-04-29 14:15:00+05:30
183.95,184.5,183.8,184.35,8824.0,1714380600.0,2024-04-29 14:20:00+05:30
184.35,184.35,183.5,183.5,4804.0,1714380900.0,2024-04-29 14:25:00+05:30
183.75,184.25,183.75,184.2,3924.0,1714381200.0,2024-04-29 14:30:00+05:30
184.2,184.2,183.9,184.2,132.0,1714381500.0,2024-04-29 14:35:00+05:30
184.2,184.2,183.9,184.2,300.0,1714381800.0,2024-04-29 14:40:00+05:30
183.85,184.2,183.8,183.85,660.0,1714382100.0,2024-04-29 14:45:00+05:30
184.15,184.2,183.7,183.75,5124.0,1714382400.0,2024-04-29 14:50:00+05:30
183.75,185.5,183.65,185.0,23408.0,1714382700.0,2024-04-29 14:55:00+05:30
185.0,185.0,184.5,184.85,4080.0,1714383000.0,2024-04-29 15:00:00+05:30
184.85,185.05,184.5,184.75,4860.0,1714383300.0,2024-04-29 15:05:00+05:30
184.95,185.4,184.3,185.25,5276.0,1714383600.0,2024-04-29 15:10:00+05:30
185.05,185.45,184.5,184.5,5876.0,1714383900.0,2024-04-29 15:15:00+05:30
184.45,185.0,183.9,184.85,5824.0,1714384200.0,2024-04-29 15:20:00+05:30
184.8,184.8,184.5,184.75,8284.0,1714384500.0,2024-04-29 15:25:00+05:30
186.0,186.15,184.95,184.95,7184.0,1714448700.0,2024-04-30 09:15:00+05:30
184.95,185.0,184.5,184.9,4580.0,1714449000.0,2024-04-30 09:20:00+05:30
184.95,184.95,184.95,184.95,544.0,1714449300.0,2024-04-30 09:25:00+05:30
184.95,184.95,184.5,184.5,1608.0,1714449600.0,2024-04-30 09:30:00+05:30
184.7,184.7,184.0,184.1,3040.0,1714449900.0,2024-04-30 09:35:00+05:30
184.1,184.25,182.4,182.75,19976.0,1714450200.0,2024-04-30 09:40:00+05:30
182.75,183.2,181.25,182.5,55720.0,1714450500.0,2024-04-30 09:45:00+05:30
182.35,182.75,182.0,182.55,26120.0,1714450800.0,2024-04-30 09:50:00+05:30
182.55,182.75,182.55,182.75,1168.0,1714451100.0,2024-04-30 09:55:00+05:30
182.75,182.75,182.3,182.3,2008.0,1714451400.0,2024-04-30 10:00:00+05:30
182.3,182.5,182.3,182.4,860.0,1714451700.0,2024-04-30 10:05:00+05:30
182.4,182.45,182.15,182.15,5548.0,1714452000.0,2024-04-30 10:10:00+05:30
182.15,183.25,182.15,183.25,20712.0,1714452300.0,2024-04-30 10:15:00+05:30
183.05,183.05,182.55,182.75,7412.0,1714452600.0,2024-04-30 10:20:00+05:30
182.75,183.2,182.7,182.75,6716.0,1714452900.0,2024-04-30 10:25:00+05:30
182.5,182.7,182.5,182.7,784.0,1714453200.0,2024-04-30 10:30:00+05:30
182.7,182.75,182.35,182.35,2368.0,1714453500.0,2024-04-30 10:35:00+05:30
182.35,182.7,182.35,182.7,1080.0,1714453800.0,2024-04-30 10:40:00+05:30
182.7,182.75,182.7,182.75,584.0,1714454100.0,2024-04-30 10:45:00+05:30
182.6,182.6,182.5,182.5,464.0,1714454400.0,2024-04-30 10:50:00+05:30
182.5,182.7,182.5,182.7,532.0,1714454700.0,2024-04-30 10:55:00+05:30
182.75,182.75,182.6,182.7,812.0,1714455000.0,2024-04-30 11:00:00+05:30
182.75,182.75,182.75,182.75,1428.0,1714455300.0,2024-04-30 11:05:00+05:30
182.7,182.75,182.55,182.65,1236.0,1714455600.0,2024-04-30 11:10:00+05:30
182.65,182.65,182.6,182.6,36.0,1714455900.0,2024-04-30 11:15:00+05:30
182.6,182.7,182.5,182.5,696.0,1714456200.0,2024-04-30 11:20:00+05:30
182.55,182.55,182.5,182.5,136.0,1714456500.0,2024-04-30 11:25:00+05:30
182.5,182.65,182.5,182.5,684.0,1714456800.0,2024-04-30 11:30:00+05:30
182.5,182.6,182.5,182.6,44.0,1714457100.0,2024-04-30 11:35:00+05:30
182.7,182.7,182.5,182.5,332.0,1714457400.0,2024-04-30 11:40:00+05:30
182.5,182.5,182.5,182.5,196.0,1714457700.0,2024-04-30 11:45:00+05:30
182.5,182.5,182.5,182.5,564.0,1714458000.0,2024-04-30 11:50:00+05:30
182.5,182.55,182.5,182.55,16120.0,1714458300.0,2024-04-30 11:55:00+05:30
182.7,182.7,182.7,182.7,24.0,1714458600.0,2024-04-30 12:00:00+05:30
182.5,182.55,182.5,182.55,2304.0,1714458900.0,2024-04-30 12:05:00+05:30
182.5,182.65,182.45,182.5,4900.0,1714459200.0,2024-04-30 12:10:00+05:30
182.5,182.5,182.5,182.5,2008.0,1714459500.0,2024-04-30 12:15:00+05:30
182.5,182.6,182.5,182.6,4.0,1714459800.0,2024-04-30 12:20:00+05:30
182.6,182.6,182.35,182.5,28112.0,1714460100.0,2024-04-30 12:25:00+05:30
182.5,182.5,182.5,182.5,0.0,1714460400.0,2024-04-30 12:30:00+05:30
182.6,182.75,182.55,182.75,2264.0,1714460700.0,2024-04-30 12:35:00+05:30
182.75,182.95,182.75,182.95,972.0,1714461000.0,2024-04-30 12:40:00+05:30
182.9,182.95,182.9,182.95,304.0,1714461300.0,2024-04-30 12:45:00+05:30
182.7,183.2,182.7,182.85,1208.0,1714461600.0,2024-04-30 12:50:00+05:30
182.85,182.95,182.85,182.95,400.0,1714461900.0,2024-04-30 12:55:00+05:30
182.95,183.05,182.95,183.0,600.0,1714462200.0,2024-04-30 13:00:00+05:30
183.0,183.25,183.0,183.05,468.0,1714462500.0,2024-04-30 13:05:00+05:30
183.05,183.05,183.05,183.05,48.0,1714462800.0,2024-04-30 13:10:00+05:30
183.05,183.2,182.95,183.2,1180.0,1714463100.0,2024-04-30 13:15:00+05:30
183.2,183.2,183.0,183.0,12.0,1714463400.0,2024-04-30 13:20:00+05:30
183.0,183.05,183.0,183.05,4.0,1714463700.0,2024-04-30 13:25:00+05:30
183.05,183.05,183.0,183.0,108.0,1714464000.0,2024-04-30 13:30:00+05:30
183.0,183.0,182.85,182.85,392.0,1714464300.0,2024-04-30 13:35:00+05:30
182.85,182.85,182.85,182.85,8.0,1714464600.0,2024-04-30 13:40:00+05:30
182.85,182.9,182.6,182.6,468.0,1714464900.0,2024-04-30 13:45:00+05:30
182.6,182.6,182.6,182.6,400.0,1714465200.0,2024-04-30 13:50:00+05:30
182.6,183.55,182.6,183.55,4544.0,1714465500.0,2024-04-30 13:55:00+05:30
183.8,184.0,183.3,183.3,3292.0,1714465800.0,2024-04-30 14:00:00+05:30
183.3,183.3,183.2,183.2,232.0,1714466100.0,2024-04-30 14:05:00+05:30
183.2,183.2,183.0,183.0,1464.0,1714466400.0,2024-04-30 14:10:00+05:30
183.05,183.6,183.0,183.1,2028.0,1714466700.0,2024-04-30 14:15:00+05:30
183.3,183.3,183.05,183.05,376.0,1714467000.0,2024-04-30 14:20:00+05:30
183.0,183.4,183.0,183.4,6180.0,1714467300.0,2024-04-30 14:25:00+05:30
183.15,183.3,183.05,183.05,400.0,1714467600.0,2024-04-30 14:30:00+05:30
183.05,183.35,183.05,183.1,144.0,1714467900.0,2024-04-30 14:35:00+05:30
183.4,183.5,183.25,183.5,548.0,1714468200.0,2024-04-30 14:40:00+05:30
183.1,183.2,182.8,183.0,1596.0,1714468500.0,2024-04-30 14:45:00+05:30
183.0,183.05,182.5,182.8,688.0,1714468800.0,2024-04-30 14:50:00+05:30
182.8,182.8,182.8,182.8,144.0,1714469100.0,2024-04-30 14:55:00+05:30
182.8,182.8,182.5,182.5,15180.0,1714469400.0,2024-04-30 15:00:00+05:30
182.75,183.25,182.5,182.9,5480.0,1714469700.0,2024-04-30 15:05:00+05:30
182.6,184.1,182.3,183.0,18840.0,1714470000.0,2024-04-30 15:10:00+05:30
182.6,183.4,182.6,183.1,5540.0,1714470300.0,2024-04-30 15:15:00+05:30
183.0,183.05,182.65,182.7,1996.0,1714470600.0,2024-04-30 15:20:00+05:30
182.7,182.7,182.0,182.5,12692.0,1714470900.0,2024-04-30 15:25:00+05:30
180.25,184.5,180.25,183.25,8544.0,1714621500.0,2024-05-02 09:15:00+05:30
183.65,183.65,181.9,182.3,1568.0,1714621800.0,2024-05-02 09:20:00+05:30
181.75,183.0,181.75,182.9,7584.0,1714622100.0,2024-05-02 09:25:00+05:30
182.8,182.8,181.55,182.35,7884.0,1714622400.0,2024-05-02 09:30:00+05:30
182.35,182.5,181.8,182.2,1096.0,1714622700.0,2024-05-02 09:35:00+05:30
181.8,182.3,181.8,182.15,2948.0,1714623000.0,2024-05-02 09:40:00+05:30
182.15,182.15,181.6,182.0,4148.0,1714623300.0,2024-05-02 09:45:00+05:30
182.0,182.0,179.75,180.5,18012.0,1714623600.0,2024-05-02 09:50:00+05:30
180.5,180.5,179.5,179.5,3972.0,1714623900.0,2024-05-02 09:55:00+05:30
179.4,181.25,179.25,180.9,12352.0,1714624200.0,2024-05-02 10:00:00+05:30
180.9,181.2,180.5,180.5,1456.0,1714624500.0,2024-05-02 10:05:00+05:30
180.9,180.9,180.5,180.6,572.0,1714624800.0,2024-05-02 10:10:00+05:30
180.6,180.95,180.6,180.6,2316.0,1714625100.0,2024-05-02 10:15:00+05:30
180.6,181.45,180.6,181.45,1580.0,1714625400.0,2024-05-02 10:20:00+05:30
181.1,181.45,180.5,180.5,2232.0,1714625700.0,2024-05-02 10:25:00+05:30
180.7,180.7,180.4,180.4,264.0,1714626000.0,2024-05-02 10:30:00+05:30
180.4,180.7,180.4,180.5,1488.0,1714626300.0,2024-05-02 10:35:00+05:30
180.75,180.9,180.5,180.9,852.0,1714626600.0,2024-05-02 10:40:00+05:30
180.9,181.0,180.9,180.9,212.0,1714626900.0,2024-05-02 10:45:00+05:30
181.0,181.75,180.9,181.75,4260.0,1714627200.0,2024-05-02 10:50:00+05:30
181.75,181.9,181.6,181.9,4904.0,1714627500.0,2024-05-02 10:55:00+05:30
181.9,182.1,181.9,182.1,172.0,1714627800.0,2024-05-02 11:00:00+05:30
181.75,182.45,181.75,182.35,5948.0,1714628100.0,2024-05-02 11:05:00+05:30
182.35,182.75,182.3,182.75,5140.0,1714628400.0,2024-05-02 11:10:00+05:30
182.4,182.75,182.2,182.5,3952.0,1714628700.0,2024-05-02 11:15:00+05:30
182.5,182.5,182.5,182.5,48.0,1714629000.0,2024-05-02 11:20:00+05:30
182.25,182.5,182.25,182.45,372.0,1714629300.0,2024-05-02 11:25:00+05:30
182.6,182.6,182.3,182.3,184.0,1714629600.0,2024-05-02 11:30:00+05:30
182.2,182.6,182.2,182.6,1348.0,1714629900.0,2024-05-02 11:35:00+05:30
182.5,182.6,182.5,182.6,3100.0,1714630200.0,2024-05-02 11:40:00+05:30
182.6,182.6,182.3,182.5,3064.0,1714630500.0,2024-05-02 11:45:00+05:30
182.5,182.6,182.45,182.5,8832.0,1714630800.0,2024-05-02 11:50:00+05:30
182.5,182.5,182.45,182.5,2176.0,1714631100.0,2024-05-02 11:55:00+05:30
182.5,182.5,182.5,182.5,40.0,1714631400.0,2024-05-02 12:00:00+05:30
182.5,182.55,182.5,182.55,700.0,1714631700.0,2024-05-02 12:05:00+05:30
182.55,182.55,182.55,182.55,0.0,1714632000.0,2024-05-02 12:10:00+05:30
182.55,182.55,182.4,182.55,428.0,1714632300.0,2024-05-02 12:15:00+05:30
182.55,182.55,182.5,182.5,552.0,1714632600.0,2024-05-02 12:20:00+05:30
182.5,182.55,182.25,182.5,4080.0,1714632900.0,2024-05-02 12:25:00+05:30
182.5,182.5,182.15,182.15,452.0,1714633200.0,2024-05-02 12:30:00+05:30
182.05,182.05,181.15,181.15,1916.0,1714633500.0,2024-05-02 12:35:00+05:30
181.15,181.55,181.15,181.15,664.0,1714633800.0,2024-05-02 12:40:00+05:30
181.15,181.5,181.0,181.25,804.0,1714634100.0,2024-05-02 12:45:00+05:30
180.55,181.4,180.55,181.4,5000.0,1714634400.0,2024-05-02 12:50:00+05:30
181.4,181.6,181.3,181.4,448.0,1714634700.0,2024-05-02 12:55:00+05:30
181.5,181.5,181.25,181.25,72.0,1714635000.0,2024-05-02 13:00:00+05:30
181.5,181.75,181.5,181.75,1784.0,1714635300.0,2024-05-02 13:05:00+05:30
181.75,181.75,181.75,181.75,4.0,1714635600.0,2024-05-02 13:10:00+05:30
182.0,182.25,181.8,182.0,3056.0,1714635900.0,2024-05-02 13:15:00+05:30
181.8,182.5,181.75,182.5,3856.0,1714636200.0,2024-05-02 13:20:00+05:30
182.5,182.85,182.5,182.85,9572.0,1714636500.0,2024-05-02 13:25:00+05:30
182.85,182.85,182.75,182.85,3428.0,1714636800.0,2024-05-02 13:30:00+05:30
182.75,182.75,182.75,182.75,404.0,1714637100.0,2024-05-02 13:35:00+05:30
182.85,183.0,182.75,183.0,6724.0,1714637400.0,2024-05-02 13:40:00+05:30
183.0,183.25,182.9,183.25,7008.0,1714637700.0,2024-05-02 13:45:00+05:30
183.35,183.35,183.0,183.25,1048.0,1714638000.0,2024-05-02 13:50:00+05:30
183.25,183.75,183.25,183.5,9504.0,1714638300.0,2024-05-02 13:55:00+05:30
183.75,183.75,183.5,183.5,4036.0,1714638600.0,2024-05-02 14:00:00+05:30
183.5,183.6,183.4,183.5,3524.0,1714638900.0,2024-05-02 14:05:00+05:30
183.5,183.5,183.35,183.5,192.0,1714639200.0,2024-05-02 14:10:00+05:30
183.5,183.6,183.5,183.6,124.0,1714639500.0,2024-05-02 14:15:00+05:30
183.6,183.8,183.25,183.8,10384.0,1714639800.0,2024-05-02 14:20:00+05:30
183.75,183.8,183.65,183.8,4052.0,1714640100.0,2024-05-02 14:25:00+05:30
183.75,183.8,183.75,183.75,3356.0,1714640400.0,2024-05-02 14:30:00+05:30
183.75,183.75,183.5,183.75,1396.0,1714640700.0,2024-05-02 14:35:00+05:30
183.75,183.75,183.55,183.75,1100.0,1714641000.0,2024-05-02 14:40:00+05:30
183.75,184.1,183.75,184.0,16268.0,1714641300.0,2024-05-02 14:45:00+05:30
184.0,184.25,183.95,184.2,6272.0,1714641600.0,2024-05-02 14:50:00+05:30
184.0,184.2,184.0,184.0,184.0,1714641900.0,2024-05-02 14:55:00+05:30
184.0,184.2,183.7,184.0,8344.0,1714642200.0,2024-05-02 15:00:00+05:30
184.0,184.4,184.0,184.4,5660.0,1714642500.0,2024-05-02 15:05:00+05:30
184.35,184.4,184.25,184.25,772.0,1714642800.0,2024-05-02 15:10:00+05:30
184.3,184.55,184.2,184.5,14192.0,1714643100.0,2024-05-02 15:15:00+05:30
184.5,184.5,184.5,184.5,8548.0,1714643400.0,2024-05-02 15:20:00+05:30
184.5,184.6,184.3,184.6,32092.0,1714643700.0,2024-05-02 15:25:00+05:30
185.0,185.15,184.0,184.05,3584.0,1714707900.0,2024-05-03 09:15:00+05:30
184.05,184.15,183.95,184.15,1108.0,1714708200.0,2024-05-03 09:20:00+05:30
183.95,184.2,183.75,183.85,936.0,1714708500.0,2024-05-03 09:25:00+05:30
183.85,183.85,183.15,183.15,900.0,1714708800.0,2024-05-03 09:30:00+05:30
183.15,183.4,183.15,183.4,1220.0,1714709100.0,2024-05-03 09:35:00+05:30
183.5,183.5,183.15,183.2,576.0,1714709400.0,2024-05-03 09:40:00+05:30
183.2,183.4,183.0,183.4,9428.0,1714709700.0,2024-05-03 09:45:00+05:30
183.5,183.5,183.3,183.5,5388.0,1714710000.0,2024-05-03 09:50:00+05:30
183.5,183.5,183.5,183.5,584.0,1714710300.0,2024-05-03 09:55:00+05:30
183.65,183.65,183.5,183.65,668.0,1714710600.0,2024-05-03 10:00:00+05:30
183.65,183.7,183.65,183.7,392.0,1714710900.0,2024-05-03 10:05:00+05:30
183.7,183.85,183.7,183.75,7056.0,1714711200.0,2024-05-03 10:10:00+05:30
183.85,184.25,183.85,184.25,7384.0,1714711500.0,2024-05-03 10:15:00+05:30
184.25,184.45,184.2,184.25,8216.0,1714711800.0,2024-05-03 10:20:00+05:30
184.45,184.45,184.25,184.25,8324.0,1714712100.0,2024-05-03 10:25:00+05:30
184.25,184.4,184.25,184.4,520.0,1714712400.0,2024-05-03 10:30:00+05:30
184.4,184.4,184.25,184.4,176.0,1714712700.0,2024-05-03 10:35:00+05:30
184.4,184.45,184.25,184.25,3300.0,1714713000.0,2024-05-03 10:40:00+05:30
184.25,184.4,184.0,184.0,392.0,1714713300.0,2024-05-03 10:45:00+05:30
184.15,184.15,183.75,184.0,1172.0,1714713600.0,2024-05-03 10:50:00+05:30
184.0,184.35,184.0,184.2,1028.0,1714713900.0,2024-05-03 10:55:00+05:30
184.2,184.25,184.0,184.0,628.0,1714714200.0,2024-05-03 11:00:00+05:30
184.25,184.4,184.25,184.4,1216.0,1714714500.0,2024-05-03 11:05:00+05:30
184.4,184.4,184.25,184.25,28.0,1714714800.0,2024-05-03 11:10:00+05:30
184.25,184.4,184.25,184.25,2544.0,1714715100.0,2024-05-03 11:15:00+05:30
184.1,184.25,184.1,184.25,1160.0,1714715400.0,2024-05-03 11:20:00+05:30
184.25,184.45,184.25,184.45,1452.0,1714715700.0,2024-05-03 11:25:00+05:30
184.45,184.45,184.05,184.25,540.0,1714716000.0,2024-05-03 11:30:00+05:30
184.25,184.25,183.8,184.15,12072.0,1714716300.0,2024-05-03 11:35:00+05:30
184.0,184.35,183.6,183.75,8264.0,1714716600.0,2024-05-03 11:40:00+05:30
183.75,183.85,183.75,183.75,96.0,1714716900.0,2024-05-03 11:45:00+05:30
183.75,183.75,183.75,183.75,4920.0,1714717200.0,2024-05-03 11:50:00+05:30
183.75,183.75,183.75,183.75,2088.0,1714717500.0,2024-05-03 11:55:00+05:30
183.75,183.75,183.0,183.0,2528.0,1714717800.0,2024-05-03 12:00:00+05:30
183.05,183.5,183.05,183.5,2656.0,1714718100.0,2024-05-03 12:05:00+05:30
183.5,183.55,183.5,183.55,1576.0,1714718400.0,2024-05-03 12:10:00+05:30
183.5,183.6,183.5,183.6,544.0,1714718700.0,2024-05-03 12:15:00+05:30
183.6,183.6,183.5,183.6,588.0,1714719000.0,2024-05-03 12:20:00+05:30
183.5,183.65,183.5,183.5,600.0,1714719300.0,2024-05-03 12:25:00+05:30
183.5,183.85,183.5,183.85,1628.0,1714719600.0,2024-05-03 12:30:00+05:30
183.75,183.75,183.75,183.75,1120.0,1714719900.0,2024-05-03 12:35:00+05:30
183.75,183.75,183.75,183.75,40.0,1714720200.0,2024-05-03 12:40:00+05:30
183.75,183.75,183.55,183.55,260.0,1714720500.0,2024-05-03 12:45:00+05:30
183.75,183.9,183.75,183.9,88.0,1714720800.0,2024-05-03 12:50:00+05:30
183.9,183.9,183.75,183.75,2064.0,1714721100.0,2024-05-03 12:55:00+05:30
183.75,183.85,183.75,183.8,2704.0,1714721400.0,2024-05-03 13:00:00+05:30
183.85,183.85,183.75,183.75,160.0,1714721700.0,2024-05-03 13:05:00+05:30
183.75,184.0,183.75,183.75,6444.0,1714722000.0,2024-05-03 13:10:00+05:30
183.8,184.0,183.75,183.8,5012.0,1714722300.0,2024-05-03 13:15:00+05:30
183.8,184.0,183.8,184.0,1196.0,1714722600.0,2024-05-03 13:20:00+05:30
184.1,184.25,184.0,184.25,1476.0,1714722900.0,2024-05-03 13:25:00+05:30
184.25,184.25,183.8,184.25,1240.0,1714723200.0,2024-05-03 13:30:00+05:30
184.25,184.3,184.25,184.3,100.0,1714723500.0,2024-05-03 13:35:00+05:30
183.8,184.3,183.8,184.25,8880.0,1714723800.0,2024-05-03 13:40:00+05:30
184.25,184.3,184.25,184.25,1016.0,1714724100.0,2024-05-03 13:45:00+05:30
184.25,184.35,183.9,184.35,2640.0,1714724400.0,2024-05-03 13:50:00+05:30
184.35,184.4,184.25,184.25,4312.0,1714724700.0,2024-05-03 13:55:00+05:30
184.25,184.35,184.1,184.25,972.0,1714725000.0,2024-05-03 14:00:00+05:30
184.4,184.4,184.1,184.25,1880.0,1714725300.0,2024-05-03 14:05:00+05:30
184.4,184.4,184.25,184.4,248.0,1714725600.0,2024-05-03 14:10:00+05:30
184.25,184.4,184.05,184.25,6312.0,1714725900.0,2024-05-03 14:15:00+05:30
184.45,184.45,184.25,184.25,2008.0,1714726200.0,2024-05-03 14:20:00+05:30
184.25,184.5,184.25,184.45,108.0,1714726500.0,2024-05-03 14:25:00+05:30
183.8,183.8,183.8,183.8,3200.0,1714726800.0,2024-05-03 14:30:00+05:30
183.8,184.45,183.8,184.25,1652.0,1714727100.0,2024-05-03 14:35:00+05:30
184.25,184.45,184.25,184.25,800.0,1714727400.0,2024-05-03 14:40:00+05:30
184.45,184.45,184.45,184.45,4260.0,1714727700.0,2024-05-03 14:45:00+05:30
184.25,184.45,184.25,184.4,696.0,1714728000.0,2024-05-03 14:50:00+05:30
184.4,185.1,184.4,184.8,20620.0,1714728300.0,2024-05-03 14:55:00+05:30
184.8,184.9,184.1,184.45,3988.0,1714728600.0,2024-05-03 15:00:00+05:30
184.45,184.45,184.45,184.45,4.0,1714728900.0,2024-05-03 15:05:00+05:30
184.45,184.45,184.25,184.25,1000.0,1714729200.0,2024-05-03 15:10:00+05:30
184.5,184.7,184.4,184.55,4064.0,1714729500.0,2024-05-03 15:15:00+05:30
184.5,184.7,184.25,184.5,9780.0,1714729800.0,2024-05-03 15:20:00+05:30
184.5,184.7,184.0,184.25,8188.0,1714730100.0,2024-05-03 15:25:00+05:30
186.25,186.25,181.75,183.75,11104.0,1714967100.0,2024-05-06 09:15:00+05:30
183.65,183.65,181.75,182.2,3812.0,1714967400.0,2024-05-06 09:20:00+05:30
182.2,182.95,182.15,182.15,3356.0,1714967700.0,2024-05-06 09:25:00+05:30
181.75,183.0,181.75,182.1,16024.0,1714968000.0,2024-05-06 09:30:00+05:30
182.2,182.45,179.8,180.0,16120.0,1714968300.0,2024-05-06 09:35:00+05:30
179.55,180.8,178.9,179.95,22928.0,1714968600.0,2024-05-06 09:40:00+05:30
180.75,181.15,180.35,180.9,6668.0,1714968900.0,2024-05-06 09:45:00+05:30
181.15,181.7,180.7,181.25,9484.0,1714969200.0,2024-05-06 09:50:00+05:30
181.25,181.45,181.0,181.25,15252.0,1714969500.0,2024-05-06 09:55:00+05:30
181.45,181.45,180.55,181.25,3104.0,1714969800.0,2024-05-06 10:00:00+05:30
181.45,181.45,181.25,181.25,6096.0,1714970100.0,2024-05-06 10:05:00+05:30
181.25,181.45,181.1,181.45,7332.0,1714970400.0,2024-05-06 10:10:00+05:30
181.1,181.45,181.1,181.45,1172.0,1714970700.0,2024-05-06 10:15:00+05:30
181.45,181.7,181.45,181.7,3424.0,1714971000.0,2024-05-06 10:20:00+05:30
181.9,181.9,181.3,181.9,2280.0,1714971300.0,2024-05-06 10:25:00+05:30
181.3,181.95,181.25,181.25,5552.0,1714971600.0,2024-05-06 10:30:00+05:30
181.7,181.7,181.2,181.25,2876.0,1714971900.0,2024-05-06 10:35:00+05:30
181.25,181.45,181.25,181.25,300.0,1714972200.0,2024-05-06 10:40:00+05:30
181.25,181.45,181.25,181.45,936.0,1714972500.0,2024-05-06 10:45:00+05:30
181.0,181.9,181.0,181.75,3896.0,1714972800.0,2024-05-06 10:50:00+05:30
181.75,181.8,181.4,181.4,648.0,1714973100.0,2024-05-06 10:55:00+05:30
181.4,181.8,181.4,181.4,3792.0,1714973400.0,2024-05-06 11:00:00+05:30
181.4,181.65,181.4,181.65,48.0,1714973700.0,2024-05-06 11:05:00+05:30
181.65,181.75,180.8,180.8,4076.0,1714974000.0,2024-05-06 11:10:00+05:30
181.5,181.55,181.25,181.25,964.0,1714974300.0,2024-05-06 11:15:00+05:30
181.25,181.5,181.25,181.5,44.0,1714974600.0,2024-05-06 11:20:00+05:30
181.5,181.5,181.25,181.5,1532.0,1714974900.0,2024-05-06 11:25:00+05:30
181.25,181.25,181.15,181.25,1656.0,1714975200.0,2024-05-06 11:30:00+05:30
181.35,181.35,181.25,181.35,1536.0,1714975500.0,2024-05-06 11:35:00+05:30
181.35,181.7,181.35,181.7,1828.0,1714975800.0,2024-05-06 11:40:00+05:30
181.7,181.7,181.2,181.25,1024.0,1714976100.0,2024-05-06 11:45:00+05:30
181.25,181.6,181.25,181.6,12.0,1714976400.0,2024-05-06 11:50:00+05:30
180.9,181.5,180.9,181.25,1808.0,1714976700.0,2024-05-06 11:55:00+05:30
181.25,181.5,181.25,181.25,276.0,1714977000.0,2024-05-06 12:00:00+05:30
181.25,181.25,181.25,181.25,0.0,1714977300.0,2024-05-06 12:05:00+05:30
181.25,181.5,181.25,181.25,1728.0,1714977600.0,2024-05-06 12:10:00+05:30
181.25,181.5,181.25,181.5,52.0,1714977900.0,2024-05-06 12:15:00+05:30
181.5,181.5,181.05,181.5,852.0,1714978200.0,2024-05-06 12:20:00+05:30
181.5,181.5,181.5,181.5,4.0,1714978500.0,2024-05-06 12:25:00+05:30
181.25,181.25,181.25,181.25,20.0,1714978800.0,2024-05-06 12:30:00+05:30
181.25,181.5,181.25,181.25,268.0,1714979100.0,2024-05-06 12:35:00+05:30
181.45,181.45,181.45,181.45,200.0,1714979400.0,2024-05-06 12:40:00+05:30
181.45,181.45,181.25,181.25,44.0,1714979700.0,2024-05-06 12:45:00+05:30
181.45,181.45,181.25,181.25,28.0,1714980000.0,2024-05-06 12:50:00+05:30
181.25,181.25,181.25,181.25,0.0,1714980300.0,2024-05-06 12:55:00+05:30
181.25,181.25,181.25,181.25,240.0,1714980600.0,2024-05-06 13:00:00+05:30
181.25,181.25,181.25,181.25,164.0,1714980900.0,2024-05-06 13:05:00+05:30
181.25,181.25,181.1,181.25,1036.0,1714981200.0,2024-05-06 13:10:00+05:30
181.25,181.4,181.25,181.4,56.0,1714981500.0,2024-05-06 13:15:00+05:30
181.4,181.4,181.25,181.25,380.0,1714981800.0,2024-05-06 13:20:00+05:30
181.25,181.35,181.25,181.25,76.0,1714982100.0,2024-05-06 13:25:00+05:30
181.25,181.25,181.25,181.25,32.0,1714982400.0,2024-05-06 13:30:00+05:30
181.35,181.35,181.1,181.35,1780.0,1714982700.0,2024-05-06 13:35:00+05:30
181.35,181.35,181.25,181.35,572.0,1714983000.0,2024-05-06 13:40:00+05:30
181.25,181.35,181.25,181.25,308.0,1714983300.0,2024-05-06 13:45:00+05:30
181.25,181.4,181.25,181.25,1072.0,1714983600.0,2024-05-06 13:50:00+05:30
181.25,181.25,181.25,181.25,224.0,1714983900.0,2024-05-06 13:55:00+05:30
181.25,181.25,181.25,181.25,1504.0,1714984200.0,2024-05-06 14:00:00+05:30
181.25,181.25,181.25,181.25,660.0,1714984500.0,2024-05-06 14:05:00+05:30
181.25,181.3,181.25,181.25,848.0,1714984800.0,2024-05-06 14:10:00+05:30
181.25,181.25,181.25,181.25,4680.0,1714985100.0,2024-05-06 14:15:00+05:30
181.25,181.25,181.25,181.25,1480.0,1714985400.0,2024-05-06 14:20:00+05:30
181.25,181.3,181.25,181.25,2556.0,1714985700.0,2024-05-06 14:25:00+05:30
181.25,181.3,181.25,181.25,5040.0,1714986000.0,2024-05-06 14:30:00+05:30
181.25,181.25,178.5,178.6,11088.0,1714986300.0,2024-05-06 14:35:00+05:30
178.45,179.55,178.4,178.8,6172.0,1714986600.0,2024-05-06 14:40:00+05:30
178.8,179.3,177.25,178.75,24840.0,1714986900.0,2024-05-06 14:45:00+05:30
178.25,179.0,178.25,179.0,6036.0,1714987200.0,2024-05-06 14:50:00+05:30
179.0,179.4,178.9,178.9,2172.0,1714987500.0,2024-05-06 14:55:00+05:30
179.35,181.4,178.9,179.85,29344.0,1714987800.0,2024-05-06 15:00:00+05:30
179.9,180.4,179.35,179.7,4608.0,1714988100.0,2024-05-06 15:05:00+05:30
179.25,179.7,178.8,179.15,4024.0,1714988400.0,2024-05-06 15:10:00+05:30
179.2,179.2,178.3,178.3,4144.0,1714988700.0,2024-05-06 15:15:00+05:30
178.3,178.4,178.3,178.4,4100.0,1714989000.0,2024-05-06 15:20:00+05:30
178.4,178.7,178.0,178.7,11108.0,1714989300.0,2024-05-06 15:25:00+05:30
179.75,179.75,177.95,177.95,7600.0,1715053500.0,2024-05-07 09:15:00+05:30
177.95,177.95,176.6,177.05,7288.0,1715053800.0,2024-05-07 09:20:00+05:30
176.8,177.05,176.75,176.75,1008.0,1715054100.0,2024-05-07 09:25:00+05:30
176.6,177.0,176.6,177.0,1028.0,1715054400.0,2024-05-07 09:30:00+05:30
177.0,177.05,175.9,176.4,3936.0,1715054700.0,2024-05-07 09:35:00+05:30
176.25,176.4,175.75,176.4,10912.0,1715055000.0,2024-05-07 09:40:00+05:30
176.4,176.9,176.4,176.9,5636.0,1715055300.0,2024-05-07 09:45:00+05:30
176.9,176.9,176.45,176.75,712.0,1715055600.0,2024-05-07 09:50:00+05:30
176.75,176.85,176.5,176.85,328.0,1715055900.0,2024-05-07 09:55:00+05:30
176.25,176.25,175.85,176.0,3012.0,1715056200.0,2024-05-07 10:00:00+05:30
175.9,177.3,175.9,177.2,6480.0,1715056500.0,2024-05-07 10:05:00+05:30
177.2,177.2,176.6,177.0,1640.0,1715056800.0,2024-05-07 10:10:00+05:30
177.15,177.15,176.5,176.5,992.0,1715057100.0,2024-05-07 10:15:00+05:30
176.65,176.65,175.75,175.9,5840.0,1715057400.0,2024-05-07 10:20:00+05:30
175.5,175.95,175.5,175.5,2496.0,1715057700.0,2024-05-07 10:25:00+05:30
175.6,176.7,175.6,176.5,6460.0,1715058000.0,2024-05-07 10:30:00+05:30
176.5,176.5,175.0,175.0,4092.0,1715058300.0,2024-05-07 10:35:00+05:30
175.1,175.2,174.6,174.6,3980.0,1715058600.0,2024-05-07 10:40:00+05:30
174.6,175.25,174.6,174.8,1924.0,1715058900.0,2024-05-07 10:45:00+05:30
174.8,175.2,173.4,174.0,9340.0,1715059200.0,2024-05-07 10:50:00+05:30
174.1,174.95,173.9,174.95,2088.0,1715059500.0,2024-05-07 10:55:00+05:30
174.95,174.95,174.95,174.95,152.0,1715059800.0,2024-05-07 11:00:00+05:30
174.95,174.95,174.5,174.85,660.0,1715060100.0,2024-05-07 11:05:00+05:30
174.85,174.85,173.9,174.2,3040.0,1715060400.0,2024-05-07 11:10:00+05:30
173.9,174.2,173.8,174.2,580.0,1715060700.0,2024-05-07 11:15:00+05:30
173.25,173.25,172.05,172.75,25776.0,1715061000.0,2024-05-07 11:20:00+05:30
173.05,173.5,172.5,172.6,2744.0,1715061300.0,2024-05-07 11:25:00+05:30
172.65,172.65,171.1,172.3,13192.0,1715061600.0,2024-05-07 11:30:00+05:30
172.3,172.35,171.1,171.4,4016.0,1715061900.0,2024-05-07 11:35:00+05:30
171.45,172.05,171.45,171.95,5700.0,1715062200.0,2024-05-07 11:40:00+05:30
171.55,172.75,171.3,172.5,8936.0,1715062500.0,2024-05-07 11:45:00+05:30
172.5,172.5,172.5,172.5,1488.0,1715062800.0,2024-05-07 11:50:00+05:30
172.5,172.75,172.3,172.75,3640.0,1715063100.0,2024-05-07 11:55:00+05:30
172.75,172.75,172.1,172.65,2316.0,1715063400.0,2024-05-07 12:00:00+05:30
172.75,173.7,172.75,173.7,5352.0,1715063700.0,2024-05-07 12:05:00+05:30
173.7,173.7,173.0,173.55,2948.0,1715064000.0,2024-05-07 12:10:00+05:30
173.65,174.0,173.65,174.0,3832.0,1715064300.0,2024-05-07 12:15:00+05:30
174.0,174.3,174.0,174.3,3936.0,1715064600.0,2024-05-07 12:20:00+05:30
174.0,174.3,174.0,174.25,4036.0,1715064900.0,2024-05-07 12:25:00+05:30
174.0,174.25,174.0,174.0,1704.0,1715065200.0,2024-05-07 12:30:00+05:30
174.0,174.25,174.0,174.25,4536.0,1715065500.0,2024-05-07 12:35:00+05:30
174.25,174.4,173.6,174.25,8256.0,1715065800.0,2024-05-07 12:40:00+05:30
174.4,174.5,174.25,174.25,884.0,1715066100.0,2024-05-07 12:45:00+05:30
174.7,174.75,174.25,174.5,3664.0,1715066400.0,2024-05-07 12:50:00+05:30
174.5,174.7,174.5,174.7,1320.0,1715066700.0,2024-05-07 12:55:00+05:30
174.7,175.0,174.35,174.35,1980.0,1715067000.0,2024-05-07 13:00:00+05:30
174.75,175.0,174.6,175.0,2452.0,1715067300.0,2024-05-07 13:05:00+05:30
174.75,175.75,174.75,175.7,4072.0,1715067600.0,2024-05-07 13:10:00+05:30
175.7,175.7,175.3,175.3,356.0,1715067900.0,2024-05-07 13:15:00+05:30
175.3,175.3,175.3,175.3,32.0,1715068200.0,2024-05-07 13:20:00+05:30
175.75,175.75,175.25,175.3,628.0,1715068500.0,2024-05-07 13:25:00+05:30
175.3,175.7,175.05,175.7,2844.0,1715068800.0,2024-05-07 13:30:00+05:30
175.7,175.7,175.6,175.6,332.0,1715069100.0,2024-05-07 13:35:00+05:30
175.75,175.95,175.55,175.55,1648.0,1715069400.0,2024-05-07 13:40:00+05:30
175.55,175.55,175.55,175.55,0.0,1715069700.0,2024-05-07 13:45:00+05:30
175.55,176.2,175.4,175.75,4580.0,1715070000.0,2024-05-07 13:50:00+05:30
175.95,175.95,175.95,175.95,168.0,1715070300.0,2024-05-07 13:55:00+05:30
175.95,175.95,175.7,175.9,1116.0,1715070600.0,2024-05-07 14:00:00+05:30
175.5,175.9,175.5,175.85,2884.0,1715070900.0,2024-05-07 14:05:00+05:30
175.85,175.9,175.85,175.9,1032.0,1715071200.0,2024-05-07 14:10:00+05:30
175.9,177.0,175.6,176.95,7516.0,1715071500.0,2024-05-07 14:15:00+05:30
176.95,177.1,176.5,177.1,5584.0,1715071800.0,2024-05-07 14:20:00+05:30
177.0,177.0,175.95,176.25,11060.0,1715072100.0,2024-05-07 14:25:00+05:30
176.25,176.35,176.0,176.25,25256.0,1715072400.0,2024-05-07 14:30:00+05:30
176.25,176.25,175.5,175.85,17848.0,1715072700.0,2024-05-07 14:35:00+05:30
175.85,176.0,175.8,175.85,7056.0,1715073000.0,2024-05-07 14:40:00+05:30
175.85,175.9,175.45,175.5,17524.0,1715073300.0,2024-05-07 14:45:00+05:30
175.55,175.55,175.3,175.3,12944.0,1715073600.0,2024-05-07 14:50:00+05:30
175.3,175.55,175.15,175.4,12872.0,1715073900.0,2024-05-07 14:55:00+05:30
175.4,175.7,175.1,175.45,13984.0,1715074200.0,2024-05-07 15:00:00+05:30
175.5,175.6,175.45,175.5,11776.0,1715074500.0,2024-05-07 15:05:00+05:30
175.55,175.65,175.3,175.6,16460.0,1715074800.0,2024-05-07 15:10:00+05:30
175.65,176.05,175.25,175.75,13108.0,1715075100.0,2024-05-07 15:15:00+05:30
175.55,176.4,175.5,176.4,24408.0,1715075400.0,2024-05-07 15:20:00+05:30
176.3,176.6,176.3,176.5,47856.0,1715075700.0,2024-05-07 15:25:00+05:30
173.75,176.5,173.5,176.05,1460.0,1715139900.0,2024-05-08 09:15:00+05:30
176.05,176.25,175.5,175.5,3284.0,1715140200.0,2024-05-08 09:20:00+05:30
175.5,175.95,175.5,175.5,496.0,1715140500.0,2024-05-08 09:25:00+05:30
175.5,175.5,174.65,175.45,9620.0,1715140800.0,2024-05-08 09:30:00+05:30
175.4,175.6,174.5,174.75,13516.0,1715141100.0,2024-05-08 09:35:00+05:30
174.75,174.75,173.85,174.0,1676.0,1715141400.0,2024-05-08 09:40:00+05:30
174.1,174.6,174.1,174.6,2556.0,1715141700.0,2024-05-08 09:45:00+05:30
174.65,174.8,174.15,174.8,2296.0,1715142000.0,2024-05-08 09:50:00+05:30
174.8,175.0,174.75,175.0,6636.0,1715142300.0,2024-05-08 09:55:00+05:30
175.0,175.3,175.0,175.3,13196.0,1715142600.0,2024-05-08 10:00:00+05:30
175.3,177.0,175.3,176.95,7872.0,1715142900.0,2024-05-08 10:05:00+05:30
176.95,177.25,176.9,176.9,836.0,1715143200.0,2024-05-08 10:10:00+05:30
176.65,176.65,175.8,176.0,2800.0,1715143500.0,2024-05-08 10:15:00+05:30
176.1,176.3,175.6,176.3,3220.0,1715143800.0,2024-05-08 10:20:00+05:30
176.3,176.5,176.0,176.0,856.0,1715144100.0,2024-05-08 10:25:00+05:30
175.8,176.25,175.8,176.25,672.0,1715144400.0,2024-05-08 10:30:00+05:30
176.25,176.25,176.0,176.0,800.0,1715144700.0,2024-05-08 10:35:00+05:30
176.4,176.4,176.4,176.4,1368.0,1715145000.0,2024-05-08 10:40:00+05:30
176.4,176.4,176.15,176.15,148.0,1715145300.0,2024-05-08 10:45:00+05:30
176.1,176.4,176.1,176.4,176.0,1715145600.0,2024-05-08 10:50:00+05:30
176.4,176.4,176.4,176.4,0.0,1715145900.0,2024-05-08 10:55:00+05:30
176.4,176.4,176.1,176.1,404.0,1715146200.0,2024-05-08 11:00:00+05:30
176.1,176.35,176.1,176.35,16.0,1715146500.0,2024-05-08 11:05:00+05:30
176.35,176.5,176.05,176.05,696.0,1715146800.0,2024-05-08 11:10:00+05:30
176.05,176.4,176.0,176.0,180.0,1715147100.0,2024-05-08 11:15:00+05:30
176.0,176.4,176.0,176.4,88.0,1715147400.0,2024-05-08 11:20:00+05:30
176.4,176.4,176.25,176.25,8.0,1715147700.0,2024-05-08 11:25:00+05:30
176.05,176.4,176.05,176.4,420.0,1715148000.0,2024-05-08 11:30:00+05:30
176.4,176.4,176.4,176.4,0.0,1715148300.0,2024-05-08 11:35:00+05:30
176.4,176.4,176.4,176.4,200.0,1715148600.0,2024-05-08 11:40:00+05:30
176.4,176.5,176.25,176.25,484.0,1715148900.0,2024-05-08 11:45:00+05:30
176.25,176.5,176.25,176.25,280.0,1715149200.0,2024-05-08 11:50:00+05:30
176.25,176.5,176.25,176.25,584.0,1715149500.0,2024-05-08 11:55:00+05:30
176.25,176.5,176.25,176.5,20.0,1715149800.0,2024-05-08 12:00:00+05:30
176.5,176.5,176.25,176.25,84.0,1715150100.0,2024-05-08 12:05:00+05:30
176.5,176.75,176.5,176.5,648.0,1715150400.0,2024-05-08 12:10:00+05:30
176.35,176.6,176.35,176.6,168.0,1715150700.0,2024-05-08 12:15:00+05:30
176.35,176.6,176.35,176.6,456.0,1715151000.0,2024-05-08 12:20:00+05:30
176.6,176.9,176.45,176.8,800.0,1715151300.0,2024-05-08 12:25:00+05:30
176.8,176.8,176.8,176.8,204.0,1715151600.0,2024-05-08 12:30:00+05:30
176.8,177.2,176.8,177.2,2264.0,1715151900.0,2024-05-08 12:35:00+05:30
177.2,177.2,176.35,176.7,1336.0,1715152200.0,2024-05-08 12:40:00+05:30
176.35,176.35,176.35,176.35,4.0,1715152500.0,2024-05-08 12:45:00+05:30
176.7,176.75,176.35,176.5,900.0,1715152800.0,2024-05-08 12:50:00+05:30
176.5,176.5,176.5,176.5,48.0,1715153100.0,2024-05-08 12:55:00+05:30
176.5,176.5,176.25,176.5,228.0,1715153400.0,2024-05-08 13:00:00+05:30
176.5,176.5,176.3,176.5,92.0,1715153700.0,2024-05-08 13:05:00+05:30
176.5,176.5,176.3,176.3,12.0,1715154000.0,2024-05-08 13:10:00+05:30
176.5,176.5,176.3,176.3,56.0,1715154300.0,2024-05-08 13:15:00+05:30
176.3,176.45,176.3,176.45,4.0,1715154600.0,2024-05-08 13:20:00+05:30
176.45,176.5,176.45,176.5,48.0,1715154900.0,2024-05-08 13:25:00+05:30
176.5,176.7,176.5,176.7,16.0,1715155200.0,2024-05-08 13:30:00+05:30
176.7,176.7,176.7,176.7,0.0,1715155500.0,2024-05-08 13:35:00+05:30
176.7,176.9,176.7,176.85,1540.0,1715155800.0,2024-05-08 13:40:00+05:30
176.75,176.75,176.1,176.25,2208.0,1715156100.0,2024-05-08 13:45:00+05:30
176.25,176.25,176.0,176.0,220.0,1715156400.0,2024-05-08 13:50:00+05:30
176.0,176.3,176.0,176.3,316.0,1715156700.0,2024-05-08 13:55:00+05:30
176.5,176.9,176.5,176.9,2676.0,1715157000.0,2024-05-08 14:00:00+05:30
176.9,176.9,176.75,176.9,2012.0,1715157300.0,2024-05-08 14:05:00+05:30
176.9,176.9,176.9,176.9,456.0,1715157600.0,2024-05-08 14:10:00+05:30
177.0,177.1,176.6,176.95,1772.0,1715157900.0,2024-05-08 14:15:00+05:30
176.95,176.95,176.75,176.95,2712.0,1715158200.0,2024-05-08 14:20:00+05:30
176.95,178.75,176.95,178.75,26600.0,1715158500.0,2024-05-08 14:25:00+05:30
178.65,179.55,177.45,177.5,6664.0,1715158800.0,2024-05-08 14:30:00+05:30
177.5,177.5,177.5,177.5,0.0,1715159100.0,2024-05-08 14:35:00+05:30
177.5,177.85,177.35,177.5,5076.0,1715159400.0,2024-05-08 14:40:00+05:30
177.5,177.5,177.5,177.5,124.0,1715159700.0,2024-05-08 14:45:00+05:30
177.5,177.6,177.4,177.6,440.0,1715160000.0,2024-05-08 14:50:00+05:30
177.6,177.6,177.55,177.6,220.0,1715160300.0,2024-05-08 14:55:00+05:30
177.6,177.85,177.55,177.85,628.0,1715160600.0,2024-05-08 15:00:00+05:30
177.85,177.95,177.7,177.7,464.0,1715160900.0,2024-05-08 15:05:00+05:30
178.05,178.1,177.55,177.65,1388.0,1715161200.0,2024-05-08 15:10:00+05:30
177.65,177.65,177.5,177.5,2108.0,1715161500.0,2024-05-08 15:15:00+05:30
177.5,177.5,177.25,177.5,8276.0,1715161800.0,2024-05-08 15:20:00+05:30
177.5,177.55,175.75,177.55,31848.0,1715162100.0,2024-05-08 15:25:00+05:30
177.55,177.55,177.55,177.55,0.0,1715162400.0,2024-05-08 15:30:00+05:30
178.75,179.0,176.4,179.0,7416.0,1715226300.0,2024-05-09 09:15:00+05:30
178.4,178.4,177.2,177.95,17368.0,1715226600.0,2024-05-09 09:20:00+05:30
177.8,178.2,177.05,177.9,6968.0,1715226900.0,2024-05-09 09:25:00+05:30
177.9,178.2,177.9,177.9,724.0,1715227200.0,2024-05-09 09:30:00+05:30
177.75,177.75,177.4,177.45,476.0,1715227500.0,2024-05-09 09:35:00+05:30
177.75,177.75,177.25,177.75,1968.0,1715227800.0,2024-05-09 09:40:00+05:30
177.55,177.85,177.55,177.8,1476.0,1715228100.0,2024-05-09 09:45:00+05:30
178.1,178.25,178.1,178.25,2624.0,1715228400.0,2024-05-09 09:50:00+05:30
178.25,178.25,178.25,178.25,444.0,1715228700.0,2024-05-09 09:55:00+05:30
178.25,178.75,178.25,178.75,2388.0,1715229000.0,2024-05-09 10:00:00+05:30
178.75,179.45,178.55,179.45,9996.0,1715229300.0,2024-05-09 10:05:00+05:30
179.6,179.95,179.15,179.75,6328.0,1715229600.0,2024-05-09 10:10:00+05:30
179.4,179.6,179.0,179.2,3036.0,1715229900.0,2024-05-09 10:15:00+05:30
179.2,179.2,178.2,178.5,2892.0,1715230200.0,2024-05-09 10:20:00+05:30
178.5,178.8,178.5,178.75,196.0,1715230500.0,2024-05-09 10:25:00+05:30
178.8,178.9,178.8,178.85,100.0,1715230800.0,2024-05-09 10:30:00+05:30
178.6,178.9,178.5,178.65,536.0,1715231100.0,2024-05-09 10:35:00+05:30
178.65,178.65,178.5,178.5,920.0,1715231400.0,2024-05-09 10:40:00+05:30
178.5,178.5,178.5,178.5,1388.0,1715231700.0,2024-05-09 10:45:00+05:30
178.5,178.65,178.3,178.5,3412.0,1715232000.0,2024-05-09 10:50:00+05:30
178.5,178.8,178.3,178.5,1740.0,1715232300.0,2024-05-09 10:55:00+05:30
178.5,178.5,178.5,178.5,172.0,1715232600.0,2024-05-09 11:00:00+05:30
178.5,178.5,178.5,178.5,280.0,1715232900.0,2024-05-09 11:05:00+05:30
178.5,178.5,177.5,177.95,64704.0,1715233200.0,2024-05-09 11:10:00+05:30
177.95,178.0,177.95,178.0,1000.0,1715233500.0,2024-05-09 11:15:00+05:30
178.0,178.45,178.0,178.4,3440.0,1715233800.0,2024-05-09 11:20:00+05:30
178.4,178.5,178.4,178.5,172.0,1715234100.0,2024-05-09 11:25:00+05:30
178.4,178.75,178.4,178.75,2084.0,1715234400.0,2024-05-09 11:30:00+05:30
178.75,178.75,178.55,178.75,2612.0,1715234700.0,2024-05-09 11:35:00+05:30
178.8,178.9,178.8,178.8,232.0,1715235000.0,2024-05-09 11:40:00+05:30
178.75,178.85,178.75,178.8,384.0,1715235300.0,2024-05-09 11:45:00+05:30
178.75,178.75,178.75,178.75,72.0,1715235600.0,2024-05-09 11:50:00+05:30
178.75,178.9,178.75,178.9,252.0,1715235900.0,2024-05-09 11:55:00+05:30
178.9,178.9,178.9,178.9,0.0,1715236200.0,2024-05-09 12:00:00+05:30
178.75,178.75,178.75,178.75,580.0,1715236500.0,2024-05-09 12:05:00+05:30
178.75,178.9,178.75,178.9,452.0,1715236800.0,2024-05-09 12:10:00+05:30
178.9,178.9,178.75,178.9,100.0,1715237100.0,2024-05-09 12:15:00+05:30
178.9,178.9,178.9,178.9,0.0,1715237400.0,2024-05-09 12:20:00+05:30
178.8,178.8,178.8,178.8,4.0,1715237700.0,2024-05-09 12:25:00+05:30
178.8,178.9,178.8,178.8,12.0,1715238000.0,2024-05-09 12:30:00+05:30
178.75,178.75,178.75,178.75,772.0,1715238300.0,2024-05-09 12:35:00+05:30
178.75,179.0,178.6,179.0,2564.0,1715238600.0,2024-05-09 12:40:00+05:30
179.0,179.1,178.9,179.1,228.0,1715238900.0,2024-05-09 12:45:00+05:30
179.1,179.1,178.75,178.75,316.0,1715239200.0,2024-05-09 12:50:00+05:30
178.4,178.75,178.4,178.75,5300.0,1715239500.0,2024-05-09 12:55:00+05:30
178.75,178.8,178.75,178.75,7200.0,1715239800.0,2024-05-09 13:00:00+05:30
178.75,178.75,178.65,178.75,2888.0,1715240100.0,2024-05-09 13:05:00+05:30
178.75,178.95,178.75,178.95,752.0,1715240400.0,2024-05-09 13:10:00+05:30
178.5,178.75,178.5,178.75,3432.0,1715240700.0,2024-05-09 13:15:00+05:30
178.75,178.75,178.75,178.75,2068.0,1715241000.0,2024-05-09 13:20:00+05:30
178.75,178.8,178.75,178.8,516.0,1715241300.0,2024-05-09 13:25:00+05:30
178.75,178.85,178.75,178.75,848.0,1715241600.0,2024-05-09 13:30:00+05:30
178.75,178.95,178.75,178.95,4040.0,1715241900.0,2024-05-09 13:35:00+05:30
178.95,178.95,178.55,178.75,1260.0,1715242200.0,2024-05-09 13:40:00+05:30
178.75,178.9,178.5,178.75,11044.0,1715242500.0,2024-05-09 13:45:00+05:30
178.75,178.75,178.75,178.75,268.0,1715242800.0,2024-05-09 13:50:00+05:30
178.75,178.95,178.25,178.75,17312.0,1715243100.0,2024-05-09 13:55:00+05:30
178.75,178.75,178.7,178.75,2572.0,1715243400.0,2024-05-09 14:00:00+05:30
178.8,178.8,178.75,178.75,136.0,1715243700.0,2024-05-09 14:05:00+05:30
178.75,178.95,178.55,178.55,436.0,1715244000.0,2024-05-09 14:10:00+05:30
178.55,178.75,178.55,178.75,6512.0,1715244300.0,2024-05-09 14:15:00+05:30
178.5,178.8,178.5,178.75,2756.0,1715244600.0,2024-05-09 14:20:00+05:30
178.75,178.8,178.65,178.75,2596.0,1715244900.0,2024-05-09 14:25:00+05:30
178.75,178.8,178.3,178.75,10868.0,1715245200.0,2024-05-09 14:30:00+05:30
178.75,180.0,178.6,179.95,28568.0,1715245500.0,2024-05-09 14:35:00+05:30
179.8,179.8,177.9,178.5,17772.0,1715245800.0,2024-05-09 14:40:00+05:30
178.5,178.65,178.25,178.5,2396.0,1715246100.0,2024-05-09 14:45:00+05:30
178.35,178.75,178.25,178.75,12520.0,1715246400.0,2024-05-09 14:50:00+05:30
178.75,179.0,178.75,178.8,5172.0,1715246700.0,2024-05-09 14:55:00+05:30
178.8,178.9,178.6,178.75,5968.0,1715247000.0,2024-05-09 15:00:00+05:30
178.75,179.0,178.65,178.8,6756.0,1715247300.0,2024-05-09 15:05:00+05:30
178.75,178.9,178.3,178.75,15812.0,1715247600.0,2024-05-09 15:10:00+05:30
178.75,179.2,178.5,178.75,11012.0,1715247900.0,2024-05-09 15:15:00+05:30
178.75,178.8,178.3,178.75,9868.0,1715248200.0,2024-05-09 15:20:00+05:30
178.75,178.75,177.0,177.0,45100.0,1715248500.0,2024-05-09 15:25:00+05:30
177.0,177.0,177.0,177.0,0.0,1715248800.0,2024-05-09 15:30:00+05:30
178.45,178.45,176.2,176.25,8660.0,1715312700.0,2024-05-10 09:15:00+05:30
176.1,176.3,175.6,176.25,6624.0,1715313000.0,2024-05-10 09:20:00+05:30
175.65,176.25,175.65,176.25,1424.0,1715313300.0,2024-05-10 09:25:00+05:30
176.25,176.25,175.35,175.65,2720.0,1715313600.0,2024-05-10 09:30:00+05:30
175.65,175.7,173.2,174.0,6964.0,1715313900.0,2024-05-10 09:35:00+05:30
174.0,175.3,173.95,174.9,3288.0,1715314200.0,2024-05-10 09:40:00+05:30
174.9,175.4,174.9,175.4,908.0,1715314500.0,2024-05-10 09:45:00+05:30
175.2,175.6,175.0,175.4,2436.0,1715314800.0,2024-05-10 09:50:00+05:30
175.4,175.7,175.35,175.7,168.0,1715315100.0,2024-05-10 09:55:00+05:30
175.7,175.7,175.0,175.35,1736.0,1715315400.0,2024-05-10 10:00:00+05:30
175.25,175.6,175.25,175.45,1076.0,1715315700.0,2024-05-10 10:05:00+05:30
175.35,176.25,175.35,176.25,3740.0,1715316000.0,2024-05-10 10:10:00+05:30
176.5,176.95,176.5,176.55,1632.0,1715316300.0,2024-05-10 10:15:00+05:30
176.85,176.85,176.5,176.8,196.0,1715316600.0,2024-05-10 10:20:00+05:30
176.5,176.6,176.25,176.4,2720.0,1715316900.0,2024-05-10 10:25:00+05:30
176.25,176.45,176.25,176.25,2040.0,1715317200.0,2024-05-10 10:30:00+05:30
176.25,176.55,176.0,176.55,5012.0,1715317500.0,2024-05-10 10:35:00+05:30
176.45,176.45,176.3,176.3,144.0,1715317800.0,2024-05-10 10:40:00+05:30
176.5,176.5,176.25,176.25,932.0,1715318100.0,2024-05-10 10:45:00+05:30
176.25,176.8,176.25,176.8,1696.0,1715318400.0,2024-05-10 10:50:00+05:30
176.6,176.6,176.5,176.5,188.0,1715318700.0,2024-05-10 10:55:00+05:30
176.5,176.5,176.3,176.3,536.0,1715319000.0,2024-05-10 11:00:00+05:30
176.3,176.3,176.3,176.3,60.0,1715319300.0,2024-05-10 11:05:00+05:30
176.3,176.5,176.25,176.25,4968.0,1715319600.0,2024-05-10 11:10:00+05:30
176.25,176.25,176.25,176.25,0.0,1715319900.0,2024-05-10 11:15:00+05:30
176.45,176.65,176.45,176.65,1052.0,1715320200.0,2024-05-10 11:20:00+05:30
176.65,176.65,176.5,176.5,432.0,1715320500.0,2024-05-10 11:25:00+05:30
176.5,176.65,176.5,176.5,156.0,1715320800.0,2024-05-10 11:30:00+05:30
176.65,176.65,176.5,176.5,192.0,1715321100.0,2024-05-10 11:35:00+05:30
176.5,176.5,176.3,176.3,184.0,1715321400.0,2024-05-10 11:40:00+05:30
176.3,176.3,176.25,176.25,1344.0,1715321700.0,2024-05-10 11:45:00+05:30
176.25,176.25,176.25,176.25,672.0,1715322000.0,2024-05-10 11:50:00+05:30
176.5,177.05,176.5,177.05,6436.0,1715322300.0,2024-05-10 11:55:00+05:30
176.8,177.1,176.8,176.8,624.0,1715322600.0,2024-05-10 12:00:00+05:30
176.9,176.9,176.9,176.9,68.0,1715322900.0,2024-05-10 12:05:00+05:30
176.9,177.75,176.9,177.5,6680.0,1715323200.0,2024-05-10 12:10:00+05:30
177.75,177.9,177.5,177.9,1316.0,1715323500.0,2024-05-10 12:15:00+05:30
178.0,178.0,177.7,177.7,100.0,1715323800.0,2024-05-10 12:20:00+05:30
177.7,177.7,177.5,177.6,1360.0,1715324100.0,2024-05-10 12:25:00+05:30
177.7,177.7,177.5,177.55,1752.0,1715324400.0,2024-05-10 12:30:00+05:30
177.6,177.65,177.5,177.5,1100.0,1715324700.0,2024-05-10 12:35:00+05:30
177.5,177.7,177.5,177.7,180.0,1715325000.0,2024-05-10 12:40:00+05:30
177.7,177.7,177.5,177.5,764.0,1715325300.0,2024-05-10 12:45:00+05:30
177.5,177.7,177.5,177.5,56.0,1715325600.0,2024-05-10 12:50:00+05:30
177.5,177.5,177.5,177.5,380.0,1715325900.0,2024-05-10 12:55:00+05:30
177.5,177.6,177.5,177.5,624.0,1715326200.0,2024-05-10 13:00:00+05:30
177.5,177.7,177.5,177.7,3064.0,1715326500.0,2024-05-10 13:05:00+05:30
177.5,177.5,177.5,177.5,128.0,1715326800.0,2024-05-10 13:10:00+05:30
177.5,177.75,177.5,177.5,204.0,1715327100.0,2024-05-10 13:15:00+05:30
177.5,177.6,177.5,177.6,44.0,1715327400.0,2024-05-10 13:20:00+05:30
177.6,177.6,177.5,177.55,432.0,1715327700.0,2024-05-10 13:25:00+05:30
177.55,177.75,177.5,177.75,836.0,1715328000.0,2024-05-10 13:30:00+05:30
177.75,177.75,177.75,177.75,52.0,1715328300.0,2024-05-10 13:35:00+05:30
177.75,177.75,177.55,177.55,144.0,1715328600.0,2024-05-10 13:40:00+05:30
178.0,178.1,177.75,177.75,844.0,1715328900.0,2024-05-10 13:45:00+05:30
177.75,178.7,177.75,178.7,2604.0,1715329200.0,2024-05-10 13:50:00+05:30
178.45,178.45,178.45,178.45,1248.0,1715329500.0,2024-05-10 13:55:00+05:30
178.45,178.9,178.45,178.75,2960.0,1715329800.0,2024-05-10 14:00:00+05:30
178.75,179.15,178.75,179.15,164.0,1715330100.0,2024-05-10 14:05:00+05:30
179.25,179.75,179.2,179.5,7692.0,1715330400.0,2024-05-10 14:10:00+05:30
179.5,179.75,179.45,179.75,5552.0,1715330700.0,2024-05-10 14:15:00+05:30
179.75,180.0,179.5,179.6,4228.0,1715331000.0,2024-05-10 14:20:00+05:30
179.6,179.6,179.4,179.6,3964.0,1715331300.0,2024-05-10 14:25:00+05:30
179.6,180.7,179.4,179.55,3920.0,1715331600.0,2024-05-10 14:30:00+05:30
179.4,179.55,177.5,177.5,17936.0,1715331900.0,2024-05-10 14:35:00+05:30
177.5,178.55,177.45,178.0,12280.0,1715332200.0,2024-05-10 14:40:00+05:30
177.95,178.0,177.7,178.0,2992.0,1715332500.0,2024-05-10 14:45:00+05:30
177.95,178.0,177.9,177.9,2140.0,1715332800.0,2024-05-10 14:50:00+05:30
178.0,178.4,177.95,178.1,1940.0,1715333100.0,2024-05-10 14:55:00+05:30
178.1,178.3,177.5,177.7,2180.0,1715333400.0,2024-05-10 15:00:00+05:30
177.7,178.2,177.3,177.55,3552.0,1715333700.0,2024-05-10 15:05:00+05:30
177.55,177.8,177.3,177.5,2304.0,1715334000.0,2024-05-10 15:10:00+05:30
177.5,177.85,176.25,176.3,18160.0,1715334300.0,2024-05-10 15:15:00+05:30
176.45,177.4,176.3,176.9,9236.0,1715334600.0,2024-05-10 15:20:00+05:30
176.9,177.75,176.3,176.5,5432.0,1715334900.0,2024-05-10 15:25:00+05:30
176.5,176.5,176.5,176.5,0.0,1715335200.0,2024-05-10 15:30:00+05:30
175.0,177.35,174.9,177.0,8880.0,1715571900.0,2024-05-13 09:15:00+05:30
176.65,176.65,175.55,176.15,3876.0,1715572200.0,2024-05-13 09:20:00+05:30
176.25,177.05,176.25,176.75,3816.0,1715572500.0,2024-05-13 09:25:00+05:30
177.05,177.05,174.75,174.75,3308.0,1715572800.0,2024-05-13 09:30:00+05:30
174.5,174.8,173.75,173.95,3884.0,1715573100.0,2024-05-13 09:35:00+05:30
174.35,174.35,173.4,174.2,8976.0,1715573400.0,2024-05-13 09:40:00+05:30
174.2,174.6,173.9,174.05,7692.0,1715573700.0,2024-05-13 09:45:00+05:30
173.95,174.1,173.45,174.1,3288.0,1715574000.0,2024-05-13 09:50:00+05:30
173.75,174.05,173.65,173.65,1428.0,1715574300.0,2024-05-13 09:55:00+05:30
173.9,173.9,173.0,173.25,9612.0,1715574600.0,2024-05-13 10:00:00+05:30
172.85,173.1,172.8,173.1,820.0,1715574900.0,2024-05-13 10:05:00+05:30
173.1,173.1,172.75,172.8,960.0,1715575200.0,2024-05-13 10:10:00+05:30
172.7,172.8,172.0,172.3,6664.0,1715575500.0,2024-05-13 10:15:00+05:30
172.45,172.85,172.45,172.5,712.0,1715575800.0,2024-05-13 10:20:00+05:30
172.5,173.0,172.5,172.95,188.0,1715576100.0,2024-05-13 10:25:00+05:30
172.9,173.0,172.55,172.85,1172.0,1715576400.0,2024-05-13 10:30:00+05:30
172.55,172.55,171.25,172.05,6944.0,1715576700.0,2024-05-13 10:35:00+05:30
171.9,171.9,171.25,171.25,2124.0,1715577000.0,2024-05-13 10:40:00+05:30
171.2,171.85,170.9,171.85,1880.0,1715577300.0,2024-05-13 10:45:00+05:30
171.75,172.0,171.65,171.95,1208.0,1715577600.0,2024-05-13 10:50:00+05:30
171.8,172.15,171.75,171.8,1044.0,1715577900.0,2024-05-13 10:55:00+05:30
172.0,172.45,171.85,172.05,1076.0,1715578200.0,2024-05-13 11:00:00+05:30
172.05,172.45,171.9,172.45,6104.0,1715578500.0,2024-05-13 11:05:00+05:30
172.35,173.15,172.3,172.85,6820.0,1715578800.0,2024-05-13 11:10:00+05:30
173.0,173.6,172.9,173.6,808.0,1715579100.0,2024-05-13 11:15:00+05:30
173.7,174.2,173.5,174.2,6144.0,1715579400.0,2024-05-13 11:20:00+05:30
174.25,174.3,173.8,173.8,408.0,1715579700.0,2024-05-13 11:25:00+05:30
173.8,174.05,173.7,174.05,2280.0,1715580000.0,2024-05-13 11:30:00+05:30
174.1,174.3,173.85,174.3,116.0,1715580300.0,2024-05-13 11:35:00+05:30
174.3,174.35,174.0,174.35,240.0,1715580600.0,2024-05-13 11:40:00+05:30
174.35,174.35,174.0,174.3,56.0,1715580900.0,2024-05-13 11:45:00+05:30
174.3,174.3,173.85,173.85,584.0,1715581200.0,2024-05-13 11:50:00+05:30
174.05,174.05,174.0,174.05,36.0,1715581500.0,2024-05-13 11:55:00+05:30
174.1,174.45,174.0,174.05,416.0,1715581800.0,2024-05-13 12:00:00+05:30
174.05,174.05,173.8,173.8,80.0,1715582100.0,2024-05-13 12:05:00+05:30
173.8,173.8,173.8,173.8,12.0,1715582400.0,2024-05-13 12:10:00+05:30
173.8,174.0,173.75,174.0,1020.0,1715582700.0,2024-05-13 12:15:00+05:30
174.0,174.0,174.0,174.0,192.0,1715583000.0,2024-05-13 12:20:00+05:30
174.0,174.0,173.75,173.75,68.0,1715583300.0,2024-05-13 12:25:00+05:30
174.0,174.0,174.0,174.0,404.0,1715583600.0,2024-05-13 12:30:00+05:30
173.75,173.75,173.75,173.75,8.0,1715583900.0,2024-05-13 12:35:00+05:30
173.75,174.0,173.75,173.95,40.0,1715584200.0,2024-05-13 12:40:00+05:30
173.95,174.75,173.7,174.75,3716.0,1715584500.0,2024-05-13 12:45:00+05:30
174.75,174.75,174.75,174.75,156.0,1715584800.0,2024-05-13 12:50:00+05:30
174.45,174.65,174.4,174.65,892.0,1715585100.0,2024-05-13 12:55:00+05:30
174.65,174.65,174.65,174.65,0.0,1715585400.0,2024-05-13 13:00:00+05:30
174.65,174.65,174.2,174.2,400.0,1715585700.0,2024-05-13 13:05:00+05:30
174.2,174.2,174.2,174.2,0.0,1715586000.0,2024-05-13 13:10:00+05:30
174.2,174.5,174.2,174.5,32.0,1715586300.0,2024-05-13 13:15:00+05:30
174.5,174.5,174.2,174.35,52.0,1715586600.0,2024-05-13 13:20:00+05:30
174.35,174.35,174.3,174.3,4.0,1715586900.0,2024-05-13 13:25:00+05:30
174.3,174.3,173.8,173.8,340.0,1715587200.0,2024-05-13 13:30:00+05:30
173.8,174.1,173.8,173.9,460.0,1715587500.0,2024-05-13 13:35:00+05:30
173.9,174.2,173.9,173.95,76.0,1715587800.0,2024-05-13 13:40:00+05:30
173.95,173.95,173.95,173.95,0.0,1715588100.0,2024-05-13 13:45:00+05:30
173.9,173.9,173.9,173.9,284.0,1715588400.0,2024-05-13 13:50:00+05:30
174.35,174.65,174.35,174.4,1376.0,1715588700.0,2024-05-13 13:55:00+05:30
174.4,174.5,174.4,174.5,208.0,1715589000.0,2024-05-13 14:00:00+05:30
174.5,174.5,174.4,174.5,460.0,1715589300.0,2024-05-13 14:05:00+05:30
174.5,174.5,174.4,174.4,8.0,1715589600.0,2024-05-13 14:10:00+05:30
174.4,174.55,174.4,174.55,20.0,1715589900.0,2024-05-13 14:15:00+05:30
174.55,174.55,174.4,174.4,92.0,1715590200.0,2024-05-13 14:20:00+05:30
174.4,174.45,174.4,174.45,1704.0,1715590500.0,2024-05-13 14:25:00+05:30
174.5,174.5,174.45,174.45,116.0,1715590800.0,2024-05-13 14:30:00+05:30
174.45,174.45,173.95,174.0,884.0,1715591100.0,2024-05-13 14:35:00+05:30
174.0,174.15,174.0,174.15,488.0,1715591400.0,2024-05-13 14:40:00+05:30
174.15,174.2,174.05,174.05,592.0,1715591700.0,2024-05-13 14:45:00+05:30
174.05,174.4,174.05,174.05,1756.0,1715592000.0,2024-05-13 14:50:00+05:30
173.95,174.0,173.75,174.0,2984.0,1715592300.0,2024-05-13 14:55:00+05:30
173.8,174.1,173.75,173.85,2260.0,1715592600.0,2024-05-13 15:00:00+05:30
174.1,175.3,173.9,175.1,21604.0,1715592900.0,2024-05-13 15:05:00+05:30
175.35,176.25,173.8,174.1,8612.0,1715593200.0,2024-05-13 15:10:00+05:30
174.05,174.05,173.6,173.75,3268.0,1715593500.0,2024-05-13 15:15:00+05:30
173.7,174.6,173.55,174.6,2904.0,1715593800.0,2024-05-13 15:20:00+05:30
174.6,174.9,173.5,173.75,15036.0,1715594100.0,2024-05-13 15:25:00+05:30
174.1,176.25,173.65,175.0,12740.0,1715658300.0,2024-05-14 09:15:00+05:30
174.9,176.1,174.9,175.95,4352.0,1715658600.0,2024-05-14 09:20:00+05:30
175.95,177.45,175.95,176.65,25372.0,1715658900.0,2024-05-14 09:25:00+05:30
176.65,177.25,176.4,177.25,7412.0,1715659200.0,2024-05-14 09:30:00+05:30
177.2,177.75,177.2,177.55,908.0,1715659500.0,2024-05-14 09:35:00+05:30
177.5,177.75,177.5,177.6,588.0,1715659800.0,2024-05-14 09:40:00+05:30
177.75,177.85,177.5,177.5,4684.0,1715660100.0,2024-05-14 09:45:00+05:30
177.6,177.7,177.35,177.7,968.0,1715660400.0,2024-05-14 09:50:00+05:30
177.8,178.6,177.65,177.65,6528.0,1715660700.0,2024-05-14 09:55:00+05:30
177.5,177.5,177.3,177.35,1800.0,1715661000.0,2024-05-14 10:00:00+05:30
177.35,177.5,177.35,177.5,260.0,1715661300.0,2024-05-14 10:05:00+05:30
177.65,177.65,177.65,177.65,44.0,1715661600.0,2024-05-14 10:10:00+05:30
177.65,177.65,177.4,177.4,540.0,1715661900.0,2024-05-14 10:15:00+05:30
177.6,178.4,177.6,178.4,4344.0,1715662200.0,2024-05-14 10:20:00+05:30
178.4,178.75,178.4,178.4,4968.0,1715662500.0,2024-05-14 10:25:00+05:30
178.5,179.25,178.5,179.25,10504.0,1715662800.0,2024-05-14 10:30:00+05:30
179.2,179.2,178.65,178.85,696.0,1715663100.0,2024-05-14 10:35:00+05:30
178.55,178.9,178.55,178.9,1064.0,1715663400.0,2024-05-14 10:40:00+05:30
178.8,179.0,178.75,179.0,6484.0,1715663700.0,2024-05-14 10:45:00+05:30
178.75,179.0,178.75,178.9,4808.0,1715664000.0,2024-05-14 10:50:00+05:30
178.9,178.95,178.75,178.95,152.0,1715664300.0,2024-05-14 10:55:00+05:30
178.95,178.95,178.8,178.8,484.0,1715664600.0,2024-05-14 11:00:00+05:30
179.0,179.0,178.75,178.75,1348.0,1715664900.0,2024-05-14 11:05:00+05:30
178.65,178.75,178.65,178.75,408.0,1715665200.0,2024-05-14 11:10:00+05:30
178.75,179.0,178.55,178.65,880.0,1715665500.0,2024-05-14 11:15:00+05:30
178.75,178.9,178.55,178.55,724.0,1715665800.0,2024-05-14 11:20:00+05:30
178.55,178.75,178.55,178.75,32.0,1715666100.0,2024-05-14 11:25:00+05:30
178.75,178.9,178.75,178.85,340.0,1715666400.0,2024-05-14 11:30:00+05:30
178.85,178.95,178.85,178.95,100.0,1715666700.0,2024-05-14 11:35:00+05:30
178.95,179.0,178.95,179.0,648.0,1715667000.0,2024-05-14 11:40:00+05:30
178.85,178.85,178.75,178.75,544.0,1715667300.0,2024-05-14 11:45:00+05:30
178.9,178.9,178.75,178.75,228.0,1715667600.0,2024-05-14 11:50:00+05:30
178.6,178.95,178.6,178.95,924.0,1715667900.0,2024-05-14 11:55:00+05:30
178.95,178.95,178.95,178.95,44.0,1715668200.0,2024-05-14 12:00:00+05:30
178.95,178.95,178.95,178.95,0.0,1715668500.0,2024-05-14 12:05:00+05:30
178.95,178.95,178.55,178.75,1108.0,1715668800.0,2024-05-14 12:10:00+05:30
178.75,178.75,178.75,178.75,596.0,1715669100.0,2024-05-14 12:15:00+05:30
178.75,178.85,178.75,178.75,48.0,1715669400.0,2024-05-14 12:20:00+05:30
178.75,179.0,178.75,178.85,1036.0,1715669700.0,2024-05-14 12:25:00+05:30
179.0,179.0,178.95,178.95,16.0,1715670000.0,2024-05-14 12:30:00+05:30
178.95,178.95,178.85,178.85,240.0,1715670300.0,2024-05-14 12:35:00+05:30
178.25,179.0,178.15,178.75,26484.0,1715670600.0,2024-05-14 12:40:00+05:30
178.75,178.95,178.65,178.9,1296.0,1715670900.0,2024-05-14 12:45:00+05:30
178.9,179.5,178.6,179.25,15644.0,1715671200.0,2024-05-14 12:50:00+05:30
179.25,179.3,179.05,179.3,504.0,1715671500.0,2024-05-14 12:55:00+05:30
179.5,179.75,179.5,179.5,6340.0,1715671800.0,2024-05-14 13:00:00+05:30
179.25,179.5,179.25,179.5,2100.0,1715672100.0,2024-05-14 13:05:00+05:30
179.7,179.95,179.65,179.85,5984.0,1715672400.0,2024-05-14 13:10:00+05:30
180.0,180.0,179.5,179.75,4104.0,1715672700.0,2024-05-14 13:15:00+05:30
179.75,180.0,179.75,179.9,5108.0,1715673000.0,2024-05-14 13:20:00+05:30
179.9,179.9,179.9,179.9,1424.0,1715673300.0,2024-05-14 13:25:00+05:30
179.9,180.35,179.9,180.35,13704.0,1715673600.0,2024-05-14 13:30:00+05:30
180.35,180.35,180.25,180.25,72.0,1715673900.0,2024-05-14 13:35:00+05:30
180.25,180.25,180.25,180.25,120.0,1715674200.0,2024-05-14 13:40:00+05:30
180.25,180.4,180.25,180.3,440.0,1715674500.0,2024-05-14 13:45:00+05:30
180.25,180.4,180.25,180.3,112.0,1715674800.0,2024-05-14 13:50:00+05:30
180.1,180.1,180.1,180.1,160.0,1715675100.0,2024-05-14 13:55:00+05:30
180.1,180.1,180.05,180.1,888.0,1715675400.0,2024-05-14 14:00:00+05:30
180.1,180.1,180.0,180.0,428.0,1715675700.0,2024-05-14 14:05:00+05:30
179.8,180.0,179.7,179.75,784.0,1715676000.0,2024-05-14 14:10:00+05:30
179.85,179.85,179.75,179.75,1420.0,1715676300.0,2024-05-14 14:15:00+05:30
179.75,180.0,179.75,180.0,1016.0,1715676600.0,2024-05-14 14:20:00+05:30
180.05,180.05,180.0,180.0,1408.0,1715676900.0,2024-05-14 14:25:00+05:30
180.0,180.05,180.0,180.0,1080.0,1715677200.0,2024-05-14 14:30:00+05:30
180.0,180.05,179.9,180.05,1844.0,1715677500.0,2024-05-14 14:35:00+05:30
180.1,180.2,180.0,180.0,672.0,1715677800.0,2024-05-14 14:40:00+05:30
180.0,180.0,180.0,180.0,712.0,1715678100.0,2024-05-14 14:45:00+05:30
180.0,180.4,180.0,180.25,3176.0,1715678400.0,2024-05-14 14:50:00+05:30
180.1,180.3,180.1,180.1,468.0,1715678700.0,2024-05-14 14:55:00+05:30
180.1,180.25,179.9,180.1,556.0,1715679000.0,2024-05-14 15:00:00+05:30
180.0,180.3,180.0,180.2,2156.0,1715679300.0,2024-05-14 15:05:00+05:30
180.2,180.2,180.0,180.0,192.0,1715679600.0,2024-05-14 15:10:00+05:30
180.7,181.0,180.25,180.55,6048.0,1715679900.0,2024-05-14 15:15:00+05:30
180.8,181.2,180.0,181.0,10552.0,1715680200.0,2024-05-14 15:20:00+05:30
180.55,180.7,178.9,179.2,5384.0,1715680500.0,2024-05-14 15:25:00+05:30
180.4,181.85,180.0,181.3,7484.0,1715744700.0,2024-05-15 09:15:00+05:30
181.3,181.4,180.55,181.1,2532.0,1715745000.0,2024-05-15 09:20:00+05:30
180.9,181.25,180.9,181.25,148.0,1715745300.0,2024-05-15 09:25:00+05:30
181.2,181.2,180.85,180.85,344.0,1715745600.0,2024-05-15 09:30:00+05:30
180.65,180.7,180.55,180.55,620.0,1715745900.0,2024-05-15 09:35:00+05:30
180.5,180.85,180.4,180.5,2316.0,1715746200.0,2024-05-15 09:40:00+05:30
180.5,180.75,180.5,180.5,32.0,1715746500.0,2024-05-15 09:45:00+05:30
180.5,180.8,180.5,180.5,1232.0,1715746800.0,2024-05-15 09:50:00+05:30
180.5,180.7,180.5,180.5,220.0,1715747100.0,2024-05-15 09:55:00+05:30
180.7,180.7,180.25,180.25,444.0,1715747400.0,2024-05-15 10:00:00+05:30
180.25,180.25,179.0,179.1,2576.0,1715747700.0,2024-05-15 10:05:00+05:30
179.1,179.95,179.1,179.65,396.0,1715748000.0,2024-05-15 10:10:00+05:30
179.65,179.65,179.25,179.4,108.0,1715748300.0,2024-05-15 10:15:00+05:30
179.4,179.5,179.25,179.45,436.0,1715748600.0,2024-05-15 10:20:00+05:30
179.25,179.35,179.1,179.25,1588.0,1715748900.0,2024-05-15 10:25:00+05:30
179.2,179.25,178.75,179.1,1856.0,1715749200.0,2024-05-15 10:30:00+05:30
179.1,179.25,179.1,179.25,12.0,1715749500.0,2024-05-15 10:35:00+05:30
179.25,179.25,179.25,179.25,72.0,1715749800.0,2024-05-15 10:40:00+05:30
179.15,179.5,179.15,179.5,592.0,1715750100.0,2024-05-15 10:45:00+05:30
179.5,179.5,179.45,179.45,244.0,1715750400.0,2024-05-15 10:50:00+05:30
179.45,179.7,179.45,179.7,24.0,1715750700.0,2024-05-15 10:55:00+05:30
179.7,180.0,179.7,180.0,1748.0,1715751000.0,2024-05-15 11:00:00+05:30
180.0,180.0,179.85,179.85,24.0,1715751300.0,2024-05-15 11:05:00+05:30
179.9,180.1,179.8,179.8,224.0,1715751600.0,2024-05-15 11:10:00+05:30
179.8,180.1,179.8,180.1,56.0,1715751900.0,2024-05-15 11:15:00+05:30
180.1,180.1,179.9,179.95,24.0,1715752200.0,2024-05-15 11:20:00+05:30
179.95,179.95,179.95,179.95,12.0,1715752500.0,2024-05-15 11:25:00+05:30
179.65,179.65,179.25,179.5,1400.0,1715752800.0,2024-05-15 11:30:00+05:30
179.3,180.0,179.3,180.0,1116.0,1715753100.0,2024-05-15 11:35:00+05:30
180.0,180.25,180.0,180.0,472.0,1715753400.0,2024-05-15 11:40:00+05:30
180.0,180.2,179.9,180.2,132.0,1715753700.0,2024-05-15 11:45:00+05:30
180.2,180.3,180.0,180.3,148.0,1715754000.0,2024-05-15 11:50:00+05:30
180.15,180.35,180.15,180.35,48.0,1715754300.0,2024-05-15 11:55:00+05:30
180.25,180.25,180.25,180.25,8.0,1715754600.0,2024-05-15 12:00:00+05:30
180.25,180.7,180.25,180.45,704.0,1715754900.0,2024-05-15 12:05:00+05:30
180.4,180.4,179.9,179.9,364.0,1715755200.0,2024-05-15 12:10:00+05:30
179.8,180.1,179.75,179.8,596.0,1715755500.0,2024-05-15 12:15:00+05:30
179.8,179.8,179.8,179.8,0.0,1715755800.0,2024-05-15 12:20:00+05:30
180.05,180.05,180.05,180.05,8.0,1715756100.0,2024-05-15 12:25:00+05:30
180.1,180.75,180.1,180.75,4716.0,1715756400.0,2024-05-15 12:30:00+05:30
181.0,181.0,180.75,180.75,272.0,1715756700.0,2024-05-15 12:35:00+05:30
180.7,180.7,180.5,180.5,624.0,1715757000.0,2024-05-15 12:40:00+05:30
180.5,180.65,180.5,180.65,44.0,1715757300.0,2024-05-15 12:45:00+05:30
180.6,180.65,180.6,180.65,440.0,1715757600.0,2024-05-15 12:50:00+05:30
180.55,180.65,180.55,180.55,188.0,1715757900.0,2024-05-15 12:55:00+05:30
180.55,180.85,180.55,180.85,3208.0,1715758200.0,2024-05-15 13:00:00+05:30
180.65,180.85,180.55,180.85,128.0,1715758500.0,2024-05-15 13:05:00+05:30
180.85,180.85,180.55,180.55,200.0,1715758800.0,2024-05-15 13:10:00+05:30
180.55,180.55,180.55,180.55,0.0,1715759100.0,2024-05-15 13:15:00+05:30
180.55,180.6,180.55,180.6,40.0,1715759400.0,2024-05-15 13:20:00+05:30
180.6,180.85,180.45,180.5,6268.0,1715759700.0,2024-05-15 13:25:00+05:30
180.6,180.6,180.5,180.5,2288.0,1715760000.0,2024-05-15 13:30:00+05:30
180.5,180.5,180.5,180.5,0.0,1715760300.0,2024-05-15 13:35:00+05:30
180.5,180.5,180.5,180.5,0.0,1715760600.0,2024-05-15 13:40:00+05:30
180.5,180.5,180.5,180.5,0.0,1715760900.0,2024-05-15 13:45:00+05:30
180.5,181.1,180.5,181.1,780.0,1715761200.0,2024-05-15 13:50:00+05:30
181.1,181.1,180.9,180.9,120.0,1715761500.0,2024-05-15 13:55:00+05:30
180.9,180.9,180.8,180.85,808.0,1715761800.0,2024-05-15 14:00:00+05:30
180.85,181.5,180.7,181.5,11192.0,1715762100.0,2024-05-15 14:05:00+05:30
181.5,181.8,181.5,181.6,468.0,1715762400.0,2024-05-15 14:10:00+05:30
181.85,181.85,181.6,181.65,1692.0,1715762700.0,2024-05-15 14:15:00+05:30
181.65,182.1,181.6,182.0,8080.0,1715763000.0,2024-05-15 14:20:00+05:30
182.1,182.9,182.1,182.35,17312.0,1715763300.0,2024-05-15 14:25:00+05:30
182.35,182.9,182.15,182.75,2720.0,1715763600.0,2024-05-15 14:30:00+05:30
182.25,182.25,182.25,182.25,400.0,1715763900.0,2024-05-15 14:35:00+05:30
182.25,182.5,182.25,182.5,224.0,1715764200.0,2024-05-15 14:40:00+05:30
182.5,182.8,182.5,182.75,2208.0,1715764500.0,2024-05-15 14:45:00+05:30
182.75,182.75,182.5,182.5,1408.0,1715764800.0,2024-05-15 14:50:00+05:30
182.5,182.75,182.5,182.55,688.0,1715765100.0,2024-05-15 14:55:00+05:30
182.75,182.75,182.15,182.15,500.0,1715765400.0,2024-05-15 15:00:00+05:30
182.0,182.75,182.0,182.3,4576.0,1715765700.0,2024-05-15 15:05:00+05:30
182.3,182.75,182.3,182.5,2828.0,1715766000.0,2024-05-15 15:10:00+05:30
182.5,183.3,182.5,183.3,7820.0,1715766300.0,2024-05-15 15:15:00+05:30
183.15,183.75,182.55,182.65,8708.0,1715766600.0,2024-05-15 15:20:00+05:30
183.2,183.5,182.5,182.5,12588.0,1715766900.0,2024-05-15 15:25:00+05:30
182.5,182.5,182.5,182.5,0.0,1715767200.0,2024-05-15 15:30:00+05:30
185.0,185.5,182.75,183.3,4884.0,1715831100.0,2024-05-16 09:15:00+05:30
183.5,183.5,183.05,183.4,2432.0,1715831400.0,2024-05-16 09:20:00+05:30
183.3,183.3,183.0,183.3,180.0,1715831700.0,2024-05-16 09:25:00+05:30
183.3,183.3,182.3,182.3,760.0,1715832000.0,2024-05-16 09:30:00+05:30
182.7,182.7,182.4,182.5,392.0,1715832300.0,2024-05-16 09:35:00+05:30
182.25,182.45,182.25,182.45,212.0,1715832600.0,2024-05-16 09:40:00+05:30
182.45,182.45,182.05,182.05,576.0,1715832900.0,2024-05-16 09:45:00+05:30
182.0,182.45,181.55,182.45,5528.0,1715833200.0,2024-05-16 09:50:00+05:30
182.5,182.5,181.4,181.45,1612.0,1715833500.0,2024-05-16 09:55:00+05:30
181.55,182.35,181.55,181.8,2236.0,1715833800.0,2024-05-16 10:00:00+05:30
181.75,182.35,181.7,182.05,2244.0,1715834100.0,2024-05-16 10:05:00+05:30
182.05,182.25,182.0,182.25,500.0,1715834400.0,2024-05-16 10:10:00+05:30
182.25,182.25,181.8,182.2,2748.0,1715834700.0,2024-05-16 10:15:00+05:30
182.0,182.25,181.85,182.0,940.0,1715835000.0,2024-05-16 10:20:00+05:30
182.0,182.0,181.6,181.7,60.0,1715835300.0,2024-05-16 10:25:00+05:30
181.85,181.9,181.65,181.9,72.0,1715835600.0,2024-05-16 10:30:00+05:30
181.9,182.0,181.8,181.8,68.0,1715835900.0,2024-05-16 10:35:00+05:30
181.8,182.25,181.8,182.25,732.0,1715836200.0,2024-05-16 10:40:00+05:30
182.25,182.25,182.2,182.2,72.0,1715836500.0,2024-05-16 10:45:00+05:30
182.2,182.2,180.9,181.35,8308.0,1715836800.0,2024-05-16 10:50:00+05:30
181.25,181.25,181.2,181.2,128.0,1715837100.0,2024-05-16 10:55:00+05:30
181.2,181.45,181.05,181.05,912.0,1715837400.0,2024-05-16 11:00:00+05:30
181.05,181.35,181.05,181.35,484.0,1715837700.0,2024-05-16 11:05:00+05:30
181.5,181.5,180.95,181.1,916.0,1715838000.0,2024-05-16 11:10:00+05:30
181.05,181.1,180.95,181.1,444.0,1715838300.0,2024-05-16 11:15:00+05:30
181.1,181.4,181.1,181.2,396.0,1715838600.0,2024-05-16 11:20:00+05:30
181.4,181.4,181.05,181.3,564.0,1715838900.0,2024-05-16 11:25:00+05:30
181.3,181.5,181.25,181.25,704.0,1715839200.0,2024-05-16 11:30:00+05:30
181.25,181.25,181.0,181.2,352.0,1715839500.0,2024-05-16 11:35:00+05:30
181.2,181.4,181.2,181.4,112.0,1715839800.0,2024-05-16 11:40:00+05:30
181.4,181.4,181.4,181.4,24.0,1715840100.0,2024-05-16 11:45:00+05:30
181.4,181.4,180.5,180.5,1488.0,1715840400.0,2024-05-16 11:50:00+05:30
180.25,180.95,180.25,180.95,196.0,1715840700.0,2024-05-16 11:55:00+05:30
180.65,181.0,180.65,181.0,404.0,1715841000.0,2024-05-16 12:00:00+05:30
181.0,181.35,181.0,181.35,168.0,1715841300.0,2024-05-16 12:05:00+05:30
181.45,181.5,181.35,181.4,224.0,1715841600.0,2024-05-16 12:10:00+05:30
181.4,181.4,181.4,181.4,0.0,1715841900.0,2024-05-16 12:15:00+05:30
181.4,181.4,181.0,181.0,476.0,1715842200.0,2024-05-16 12:20:00+05:30
181.0,181.1,180.5,181.1,2104.0,1715842500.0,2024-05-16 12:25:00+05:30
181.1,181.5,181.1,181.5,288.0,1715842800.0,2024-05-16 12:30:00+05:30
181.5,181.5,181.2,181.2,320.0,1715843100.0,2024-05-16 12:35:00+05:30
181.2,181.2,181.0,181.0,84.0,1715843400.0,2024-05-16 12:40:00+05:30
181.1,181.1,181.1,181.1,4.0,1715843700.0,2024-05-16 12:45:00+05:30
180.75,181.25,180.75,181.0,1728.0,1715844000.0,2024-05-16 12:50:00+05:30
181.0,181.0,180.5,180.5,120.0,1715844300.0,2024-05-16 12:55:00+05:30
180.5,180.75,180.5,180.65,872.0,1715844600.0,2024-05-16 13:00:00+05:30
180.4,180.75,180.3,180.75,2508.0,1715844900.0,2024-05-16 13:05:00+05:30
180.7,180.7,180.7,180.7,20.0,1715845200.0,2024-05-16 13:10:00+05:30
180.7,180.85,180.45,180.65,1752.0,1715845500.0,2024-05-16 13:15:00+05:30
180.65,180.7,180.4,180.4,892.0,1715845800.0,2024-05-16 13:20:00+05:30
180.5,180.6,180.2,180.5,932.0,1715846100.0,2024-05-16 13:25:00+05:30
180.5,180.5,180.0,180.0,208.0,1715846400.0,2024-05-16 13:30:00+05:30
180.0,180.1,180.0,180.1,232.0,1715846700.0,2024-05-16 13:35:00+05:30
180.0,180.05,179.55,180.05,2040.0,1715847000.0,2024-05-16 13:40:00+05:30
180.05,180.05,180.05,180.05,0.0,1715847300.0,2024-05-16 13:45:00+05:30
180.05,180.05,180.05,180.05,4.0,1715847600.0,2024-05-16 13:50:00+05:30
180.05,180.05,179.85,180.0,108.0,1715847900.0,2024-05-16 13:55:00+05:30
180.0,180.0,180.0,180.0,0.0,1715848200.0,2024-05-16 14:00:00+05:30
180.0,180.0,180.0,180.0,0.0,1715848500.0,2024-05-16 14:05:00+05:30
180.0,180.0,179.5,179.5,768.0,1715848800.0,2024-05-16 14:10:00+05:30
179.6,179.85,179.6,179.85,620.0,1715849100.0,2024-05-16 14:15:00+05:30
179.6,179.8,179.6,179.8,408.0,1715849400.0,2024-05-16 14:20:00+05:30
179.8,179.8,179.4,179.4,296.0,1715849700.0,2024-05-16 14:25:00+05:30
179.3,180.0,179.25,180.0,4304.0,1715850000.0,2024-05-16 14:30:00+05:30
180.0,180.1,179.8,180.1,2852.0,1715850300.0,2024-05-16 14:35:00+05:30
180.1,180.95,179.65,180.95,2600.0,1715850600.0,2024-05-16 14:40:00+05:30
181.0,181.5,180.95,181.2,9984.0,1715850900.0,2024-05-16 14:45:00+05:30
181.5,181.85,181.5,181.65,472.0,1715851200.0,2024-05-16 14:50:00+05:30
181.65,181.8,181.55,181.8,4076.0,1715851500.0,2024-05-16 14:55:00+05:30
181.85,182.05,181.5,181.9,5428.0,1715851800.0,2024-05-16 15:00:00+05:30
181.9,181.9,181.7,181.75,2224.0,1715852100.0,2024-05-16 15:05:00+05:30
181.7,181.95,181.7,181.9,3096.0,1715852400.0,2024-05-16 15:10:00+05:30
181.9,182.25,181.9,182.1,12376.0,1715852700.0,2024-05-16 15:15:00+05:30
182.05,182.1,181.95,182.1,69316.0,1715853000.0,2024-05-16 15:20:00+05:30
182.1,182.1,180.1,182.05,3488.0,1715853300.0,2024-05-16 15:25:00+05:30
182.9,183.8,180.8,181.55,5264.0,1715917500.0,2024-05-17 09:15:00+05:30
180.9,181.45,179.55,181.3,17088.0,1715917800.0,2024-05-17 09:20:00+05:30
181.65,181.75,181.0,181.75,8384.0,1715918100.0,2024-05-17 09:25:00+05:30
181.8,181.9,181.25,181.5,1168.0,1715918400.0,2024-05-17 09:30:00+05:30
181.5,181.75,181.5,181.75,24.0,1715918700.0,2024-05-17 09:35:00+05:30
181.75,182.05,181.75,182.05,2452.0,1715919000.0,2024-05-17 09:40:00+05:30
181.8,181.95,181.75,181.95,1748.0,1715919300.0,2024-05-17 09:45:00+05:30
181.95,182.45,181.75,182.45,7656.0,1715919600.0,2024-05-17 09:50:00+05:30
182.45,182.45,182.0,182.4,1592.0,1715919900.0,2024-05-17 09:55:00+05:30
182.5,182.85,182.5,182.7,360.0,1715920200.0,2024-05-17 10:00:00+05:30
182.7,182.7,181.8,181.9,1748.0,1715920500.0,2024-05-17 10:05:00+05:30
181.8,181.95,181.8,181.95,208.0,1715920800.0,2024-05-17 10:10:00+05:30
182.35,182.35,181.8,181.8,2352.0,1715921100.0,2024-05-17 10:15:00+05:30
182.0,182.0,181.6,182.0,3720.0,1715921400.0,2024-05-17 10:20:00+05:30
182.0,182.0,181.75,181.75,120.0,1715921700.0,2024-05-17 10:25:00+05:30
181.75,182.0,181.75,182.0,216.0,1715922000.0,2024-05-17 10:30:00+05:30
182.0,182.0,181.95,181.95,4.0,1715922300.0,2024-05-17 10:35:00+05:30
181.95,182.0,181.75,182.0,1960.0,1715922600.0,2024-05-17 10:40:00+05:30
182.0,182.15,182.0,182.15,972.0,1715922900.0,2024-05-17 10:45:00+05:30
182.5,182.5,182.3,182.5,9876.0,1715923200.0,2024-05-17 10:50:00+05:30
182.4,182.4,182.0,182.15,496.0,1715923500.0,2024-05-17 10:55:00+05:30
182.4,183.5,182.3,183.45,11416.0,1715923800.0,2024-05-17 11:00:00+05:30
183.45,183.7,183.3,183.7,5408.0,1715924100.0,2024-05-17 11:05:00+05:30
183.6,184.5,183.6,183.9,36924.0,1715924400.0,2024-05-17 11:10:00+05:30
184.25,184.25,183.8,184.0,3540.0,1715924700.0,2024-05-17 11:15:00+05:30
184.25,184.25,183.9,184.1,792.0,1715925000.0,2024-05-17 11:20:00+05:30
184.2,184.25,183.8,184.05,204.0,1715925300.0,2024-05-17 11:25:00+05:30
183.75,183.75,183.75,183.75,436.0,1715925600.0,2024-05-17 11:30:00+05:30
184.0,184.1,183.8,183.8,1056.0,1715925900.0,2024-05-17 11:35:00+05:30
183.75,184.05,183.75,183.8,80.0,1715926200.0,2024-05-17 11:40:00+05:30
183.8,183.8,183.65,183.65,1484.0,1715926500.0,2024-05-17 11:45:00+05:30
183.95,184.0,183.95,184.0,220.0,1715926800.0,2024-05-17 11:50:00+05:30
183.9,184.0,183.7,183.7,640.0,1715927100.0,2024-05-17 11:55:00+05:30
183.95,184.0,183.95,184.0,1272.0,1715927400.0,2024-05-17 12:00:00+05:30
184.0,184.0,183.7,183.95,12.0,1715927700.0,2024-05-17 12:05:00+05:30
183.95,183.95,183.55,183.55,1048.0,1715928000.0,2024-05-17 12:10:00+05:30
183.8,183.8,183.8,183.8,80.0,1715928300.0,2024-05-17 12:15:00+05:30
183.5,183.5,183.3,183.3,620.0,1715928600.0,2024-05-17 12:20:00+05:30
183.3,183.5,183.25,183.25,11180.0,1715928900.0,2024-05-17 12:25:00+05:30
183.25,183.55,183.25,183.5,120.0,1715929200.0,2024-05-17 12:30:00+05:30
183.5,183.5,183.5,183.5,28.0,1715929500.0,2024-05-17 12:35:00+05:30
183.5,183.6,183.5,183.55,424.0,1715929800.0,2024-05-17 12:40:00+05:30
183.35,183.4,183.35,183.4,1304.0,1715930100.0,2024-05-17 12:45:00+05:30
183.3,184.0,183.3,184.0,1648.0,1715930400.0,2024-05-17 12:50:00+05:30
184.0,184.0,183.75,183.75,84.0,1715930700.0,2024-05-17 12:55:00+05:30
183.75,183.75,183.55,183.7,1444.0,1715931000.0,2024-05-17 13:00:00+05:30
183.7,183.75,183.7,183.75,16.0,1715931300.0,2024-05-17 13:05:00+05:30
183.55,183.55,183.5,183.5,648.0,1715931600.0,2024-05-17 13:10:00+05:30
183.5,183.55,183.5,183.55,136.0,1715931900.0,2024-05-17 13:15:00+05:30
183.55,183.7,183.5,183.5,224.0,1715932200.0,2024-05-17 13:20:00+05:30
183.5,183.7,183.5,183.7,556.0,1715932500.0,2024-05-17 13:25:00+05:30
183.7,183.7,183.3,183.4,604.0,1715932800.0,2024-05-17 13:30:00+05:30
183.7,183.75,183.7,183.75,196.0,1715933100.0,2024-05-17 13:35:00+05:30
183.75,183.8,183.55,183.65,68.0,1715933400.0,2024-05-17 13:40:00+05:30
183.7,183.7,183.35,183.35,204.0,1715933700.0,2024-05-17 13:45:00+05:30
183.35,183.7,183.25,183.5,2232.0,1715934000.0,2024-05-17 13:50:00+05:30
183.5,183.65,183.45,183.45,332.0,1715934300.0,2024-05-17 13:55:00+05:30
183.45,183.6,183.0,183.25,13588.0,1715934600.0,2024-05-17 14:00:00+05:30
183.25,183.3,183.25,183.3,1060.0,1715934900.0,2024-05-17 14:05:00+05:30
183.3,183.3,183.3,183.3,0.0,1715935200.0,2024-05-17 14:10:00+05:30
183.25,183.65,183.0,183.25,10628.0,1715935500.0,2024-05-17 14:15:00+05:30
183.25,183.5,183.0,183.25,4904.0,1715935800.0,2024-05-17 14:20:00+05:30
183.55,183.9,183.55,183.7,15912.0,1715936100.0,2024-05-17 14:25:00+05:30
183.7,183.7,183.4,183.7,84.0,1715936400.0,2024-05-17 14:30:00+05:30
183.7,184.0,183.4,183.75,1996.0,1715936700.0,2024-05-17 14:35:00+05:30
183.75,184.0,183.75,184.0,1420.0,1715937000.0,2024-05-17 14:40:00+05:30
183.8,184.0,182.6,183.75,21420.0,1715937300.0,2024-05-17 14:45:00+05:30
183.75,184.55,183.75,184.5,33472.0,1715937600.0,2024-05-17 14:50:00+05:30
184.25,184.55,184.25,184.55,2808.0,1715937900.0,2024-05-17 14:55:00+05:30
184.5,184.55,184.25,184.5,3480.0,1715938200.0,2024-05-17 15:00:00+05:30
184.5,184.55,183.8,183.9,8124.0,1715938500.0,2024-05-17 15:05:00+05:30
183.95,185.0,183.75,184.4,15376.0,1715938800.0,2024-05-17 15:10:00+05:30
184.75,184.85,184.5,184.55,3588.0,1715939100.0,2024-05-17 15:15:00+05:30
184.55,184.75,184.25,184.4,4844.0,1715939400.0,2024-05-17 15:20:00+05:30
184.4,184.75,183.8,184.5,7620.0,1715939700.0,2024-05-17 15:25:00+05:30
185.0,185.4,184.0,184.55,352.0,1716003900.0,2024-05-18 09:15:00+05:30
184.8,184.9,184.0,184.0,744.0,1716004200.0,2024-05-18 09:20:00+05:30
183.75,183.75,182.75,183.05,320.0,1716004500.0,2024-05-18 09:25:00+05:30
183.05,183.6,183.05,183.6,472.0,1716004800.0,2024-05-18 09:30:00+05:30
183.6,183.6,183.0,183.0,340.0,1716005100.0,2024-05-18 09:35:00+05:30
182.75,182.75,181.75,182.25,2796.0,1716005400.0,2024-05-18 09:40:00+05:30
181.8,182.25,181.75,181.75,860.0,1716005700.0,2024-05-18 09:45:00+05:30
181.75,182.15,181.75,181.75,800.0,1716006000.0,2024-05-18 09:50:00+05:30
182.25,182.5,181.8,181.8,1444.0,1716006300.0,2024-05-18 09:55:00+05:30
181.8,181.8,181.8,181.8,0.0,1716006600.0,2024-05-18 10:00:00+05:30
181.8,183.35,181.8,182.85,1104.0,1716012000.0,2024-05-18 11:30:00+05:30
183.25,183.4,182.75,183.4,5216.0,1716012300.0,2024-05-18 11:35:00+05:30
183.4,183.8,182.5,183.8,6588.0,1716012600.0,2024-05-18 11:40:00+05:30
182.5,182.9,182.0,182.9,2712.0,1716012900.0,2024-05-18 11:45:00+05:30
182.0,182.9,182.0,182.75,5828.0,1716013200.0,2024-05-18 11:50:00+05:30
183.5,183.5,182.75,183.45,644.0,1716013500.0,2024-05-18 11:55:00+05:30
182.8,183.45,182.8,183.45,416.0,1716013800.0,2024-05-18 12:00:00+05:30
183.4,183.4,182.75,182.75,608.0,1716014100.0,2024-05-18 12:05:00+05:30
182.75,183.1,182.75,182.75,1296.0,1716014400.0,2024-05-18 12:10:00+05:30
182.75,183.4,182.75,183.25,976.0,1716014700.0,2024-05-18 12:15:00+05:30
183.25,183.4,182.75,183.15,904.0,1716015000.0,2024-05-18 12:20:00+05:30
182.75,182.75,180.75,181.25,4236.0,1716015300.0,2024-05-18 12:25:00+05:30
181.25,181.25,181.25,181.25,0.0,1716015600.0,2024-05-18 12:30:00+05:30
183.7,183.7,179.5,181.45,14228.0,1716263100.0,2024-05-21 09:15:00+05:30
181.05,181.75,180.8,180.8,7480.0,1716263400.0,2024-05-21 09:20:00+05:30
181.05,181.85,180.8,181.7,3488.0,1716263700.0,2024-05-21 09:25:00+05:30
181.4,181.85,181.15,181.85,1348.0,1716264000.0,2024-05-21 09:30:00+05:30
181.85,181.85,181.6,181.7,2368.0,1716264300.0,2024-05-21 09:35:00+05:30
181.7,181.7,181.1,181.4,1428.0,1716264600.0,2024-05-21 09:40:00+05:30
181.1,181.25,181.05,181.25,444.0,1716264900.0,2024-05-21 09:45:00+05:30
181.25,181.25,180.3,180.5,4332.0,1716265200.0,2024-05-21 09:50:00+05:30
180.5,180.5,180.05,180.05,244.0,1716265500.0,2024-05-21 09:55:00+05:30
180.35,180.45,179.75,179.75,3092.0,1716265800.0,2024-05-21 10:00:00+05:30
179.75,179.95,179.45,179.95,3908.0,1716266100.0,2024-05-21 10:05:00+05:30
179.95,180.0,178.9,179.45,5260.0,1716266400.0,2024-05-21 10:10:00+05:30
179.75,179.75,178.75,179.5,3980.0,1716266700.0,2024-05-21 10:15:00+05:30
179.0,179.55,179.0,179.15,2196.0,1716267000.0,2024-05-21 10:20:00+05:30
179.15,179.35,179.0,179.35,252.0,1716267300.0,2024-05-21 10:25:00+05:30
179.4,180.5,178.5,180.5,13352.0,1716267600.0,2024-05-21 10:30:00+05:30
180.5,180.5,179.6,179.75,1772.0,1716267900.0,2024-05-21 10:35:00+05:30
179.55,179.55,178.75,178.75,2120.0,1716268200.0,2024-05-21 10:40:00+05:30
178.75,179.2,178.55,179.2,4124.0,1716268500.0,2024-05-21 10:45:00+05:30
178.95,179.25,178.3,179.0,8156.0,1716268800.0,2024-05-21 10:50:00+05:30
179.0,179.4,179.0,179.4,1116.0,1716269100.0,2024-05-21 10:55:00+05:30
179.4,179.5,179.4,179.5,296.0,1716269400.0,2024-05-21 11:00:00+05:30
179.4,179.6,179.15,179.4,2236.0,1716269700.0,2024-05-21 11:05:00+05:30
179.4,180.0,179.4,180.0,20776.0,1716270000.0,2024-05-21 11:10:00+05:30
180.35,181.5,180.35,180.65,8660.0,1716270300.0,2024-05-21 11:15:00+05:30
180.6,180.6,180.0,180.0,5816.0,1716270600.0,2024-05-21 11:20:00+05:30
180.0,180.2,180.0,180.2,496.0,1716270900.0,2024-05-21 11:25:00+05:30
180.0,181.9,180.0,181.6,27616.0,1716271200.0,2024-05-21 11:30:00+05:30
181.6,181.6,181.5,181.5,168.0,1716271500.0,2024-05-21 11:35:00+05:30
181.5,181.55,181.3,181.3,352.0,1716271800.0,2024-05-21 11:40:00+05:30
181.3,182.15,180.95,182.15,5636.0,1716272100.0,2024-05-21 11:45:00+05:30
182.05,182.25,181.55,182.0,1988.0,1716272400.0,2024-05-21 11:50:00+05:30
182.2,182.3,181.75,182.15,2988.0,1716272700.0,2024-05-21 11:55:00+05:30
182.45,182.5,182.15,182.25,5332.0,1716273000.0,2024-05-21 12:00:00+05:30
182.25,182.3,182.15,182.3,528.0,1716273300.0,2024-05-21 12:05:00+05:30
182.3,182.5,182.15,182.2,10496.0,1716273600.0,2024-05-21 12:10:00+05:30
182.2,182.3,182.15,182.15,2660.0,1716273900.0,2024-05-21 12:15:00+05:30
182.15,182.5,182.15,182.3,1040.0,1716274200.0,2024-05-21 12:20:00+05:30
182.25,182.3,182.15,182.15,312.0,1716274500.0,2024-05-21 12:25:00+05:30
182.35,182.35,182.15,182.15,888.0,1716274800.0,2024-05-21 12:30:00+05:30
182.15,182.25,182.1,182.15,1428.0,1716275100.0,2024-05-21 12:35:00+05:30
182.15,182.3,182.15,182.15,1536.0,1716275400.0,2024-05-21 12:40:00+05:30
182.15,182.8,182.15,182.55,7016.0,1716275700.0,2024-05-21 12:45:00+05:30
182.6,182.8,182.6,182.6,316.0,1716276000.0,2024-05-21 12:50:00+05:30
182.85,182.95,182.6,182.65,1252.0,1716276300.0,2024-05-21 12:55:00+05:30
182.8,182.8,182.5,182.5,4124.0,1716276600.0,2024-05-21 13:00:00+05:30
182.5,182.65,182.5,182.65,1368.0,1716276900.0,2024-05-21 13:05:00+05:30
182.5,182.65,182.5,182.5,840.0,1716277200.0,2024-05-21 13:10:00+05:30
182.5,182.55,182.5,182.5,1028.0,1716277500.0,2024-05-21 13:15:00+05:30
182.5,182.55,182.5,182.5,1372.0,1716277800.0,2024-05-21 13:20:00+05:30
182.5,182.6,182.5,182.5,3412.0,1716278100.0,2024-05-21 13:25:00+05:30
182.5,182.5,181.25,181.25,7864.0,1716278400.0,2024-05-21 13:30:00+05:30
181.25,181.25,180.15,180.15,6712.0,1716278700.0,2024-05-21 13:35:00+05:30
180.0,180.2,180.0,180.2,1016.0,1716279000.0,2024-05-21 13:40:00+05:30
180.0,180.7,180.0,180.7,2060.0,1716279300.0,2024-05-21 13:45:00+05:30
180.5,180.5,180.15,180.15,1384.0,1716279600.0,2024-05-21 13:50:00+05:30
180.35,180.65,180.35,180.6,1372.0,1716279900.0,2024-05-21 13:55:00+05:30
180.8,181.15,180.8,181.15,108.0,1716280200.0,2024-05-21 14:00:00+05:30
181.2,181.2,180.85,181.0,980.0,1716280500.0,2024-05-21 14:05:00+05:30
181.0,181.0,180.7,180.95,416.0,1716280800.0,2024-05-21 14:10:00+05:30
180.95,181.2,180.85,181.0,488.0,1716281100.0,2024-05-21 14:15:00+05:30
181.0,181.9,181.0,181.5,10888.0,1716281400.0,2024-05-21 14:20:00+05:30
181.5,182.45,181.5,181.75,20768.0,1716281700.0,2024-05-21 14:25:00+05:30
181.55,181.8,181.55,181.8,56.0,1716282000.0,2024-05-21 14:30:00+05:30
181.8,181.8,181.5,181.6,1332.0,1716282300.0,2024-05-21 14:35:00+05:30
181.6,181.95,181.6,181.65,1304.0,1716282600.0,2024-05-21 14:40:00+05:30
181.65,181.7,181.6,181.7,368.0,1716282900.0,2024-05-21 14:45:00+05:30
181.9,182.0,181.75,181.75,624.0,1716283200.0,2024-05-21 14:50:00+05:30
181.75,181.75,181.5,181.5,728.0,1716283500.0,2024-05-21 14:55:00+05:30
181.7,181.75,181.5,181.75,660.0,1716283800.0,2024-05-21 15:00:00+05:30
181.75,181.9,181.5,181.7,656.0,1716284100.0,2024-05-21 15:05:00+05:30
182.4,182.4,181.5,181.55,3680.0,1716284400.0,2024-05-21 15:10:00+05:30
181.65,181.75,181.3,181.5,1844.0,1716284700.0,2024-05-21 15:15:00+05:30
181.75,181.85,181.4,181.5,8564.0,1716285000.0,2024-05-21 15:20:00+05:30
181.55,183.0,181.5,181.55,18312.0,1716285300.0,2024-05-21 15:25:00+05:30
184.2,184.2,180.8,181.75,4540.0,1716349500.0,2024-05-22 09:15:00+05:30
181.75,181.75,181.25,181.5,1112.0,1716349800.0,2024-05-22 09:20:00+05:30
181.2,183.2,181.0,182.5,8196.0,1716350100.0,2024-05-22 09:25:00+05:30
182.5,183.05,182.5,183.05,2372.0,1716350400.0,2024-05-22 09:30:00+05:30
182.7,182.75,182.25,182.4,5980.0,1716350700.0,2024-05-22 09:35:00+05:30
182.1,182.25,181.3,181.45,652.0,1716351000.0,2024-05-22 09:40:00+05:30
181.45,182.2,181.3,182.2,1480.0,1716351300.0,2024-05-22 09:45:00+05:30
181.75,181.9,181.5,181.9,696.0,1716351600.0,2024-05-22 09:50:00+05:30
181.9,181.9,181.7,181.75,932.0,1716351900.0,2024-05-22 09:55:00+05:30
181.75,181.75,181.5,181.5,292.0,1716352200.0,2024-05-22 10:00:00+05:30
181.5,182.2,181.5,181.65,2660.0,1716352500.0,2024-05-22 10:05:00+05:30
181.65,181.9,181.65,181.9,404.0,1716352800.0,2024-05-22 10:10:00+05:30
181.5,182.25,181.5,182.25,1100.0,1716353100.0,2024-05-22 10:15:00+05:30
182.3,182.3,181.5,181.5,300.0,1716353400.0,2024-05-22 10:20:00+05:30
181.5,182.1,181.5,182.1,1592.0,1716353700.0,2024-05-22 10:25:00+05:30
182.2,182.3,182.2,182.3,244.0,1716354000.0,2024-05-22 10:30:00+05:30
182.2,182.3,181.9,181.9,1036.0,1716354300.0,2024-05-22 10:35:00+05:30
181.5,182.65,181.5,182.25,3016.0,1716354600.0,2024-05-22 10:40:00+05:30
182.25,182.25,182.0,182.0,168.0,1716354900.0,2024-05-22 10:45:00+05:30
182.0,182.15,181.75,182.15,924.0,1716355200.0,2024-05-22 10:50:00+05:30
182.15,182.15,181.85,182.0,600.0,1716355500.0,2024-05-22 10:55:00+05:30
181.8,181.8,181.15,181.4,4104.0,1716355800.0,2024-05-22 11:00:00+05:30
181.4,181.6,181.4,181.6,280.0,1716356100.0,2024-05-22 11:05:00+05:30
181.6,181.85,181.5,181.5,228.0,1716356400.0,2024-05-22 11:10:00+05:30
181.5,181.5,180.6,180.85,2320.0,1716356700.0,2024-05-22 11:15:00+05:30
180.95,180.95,180.5,180.7,752.0,1716357000.0,2024-05-22 11:20:00+05:30
180.7,181.0,180.4,180.4,360.0,1716357300.0,2024-05-22 11:25:00+05:30
180.4,180.7,180.4,180.7,272.0,1716357600.0,2024-05-22 11:30:00+05:30
180.7,181.65,180.7,181.2,4252.0,1716357900.0,2024-05-22 11:35:00+05:30
181.2,181.2,181.1,181.1,40.0,1716358200.0,2024-05-22 11:40:00+05:30
180.85,181.2,180.8,180.95,860.0,1716358500.0,2024-05-22 11:45:00+05:30
180.95,181.2,180.95,181.2,76.0,1716358800.0,2024-05-22 11:50:00+05:30
181.55,181.55,181.2,181.25,1456.0,1716359100.0,2024-05-22 11:55:00+05:30
181.35,181.55,181.25,181.55,948.0,1716359400.0,2024-05-22 12:00:00+05:30
181.55,181.55,181.3,181.3,68.0,1716359700.0,2024-05-22 12:05:00+05:30
181.15,181.15,180.95,180.95,60.0,1716360000.0,2024-05-22 12:10:00+05:30
181.25,181.25,180.9,180.9,892.0,1716360300.0,2024-05-22 12:15:00+05:30
180.7,181.25,180.5,181.05,2320.0,1716360600.0,2024-05-22 12:20:00+05:30
181.05,181.25,181.05,181.25,76.0,1716360900.0,2024-05-22 12:25:00+05:30
181.25,181.25,181.05,181.25,100.0,1716361200.0,2024-05-22 12:30:00+05:30
181.25,181.25,181.15,181.25,32.0,1716361500.0,2024-05-22 12:35:00+05:30
181.25,181.25,181.05,181.05,272.0,1716361800.0,2024-05-22 12:40:00+05:30
181.05,181.05,180.55,180.9,876.0,1716362100.0,2024-05-22 12:45:00+05:30
180.9,181.25,180.9,181.25,1040.0,1716362400.0,2024-05-22 12:50:00+05:30
181.25,181.25,181.25,181.25,36.0,1716362700.0,2024-05-22 12:55:00+05:30
181.2,181.25,181.2,181.25,88.0,1716363000.0,2024-05-22 13:00:00+05:30
181.2,181.2,181.0,181.0,104.0,1716363300.0,2024-05-22 13:05:00+05:30
181.0,181.0,180.95,180.95,32.0,1716363600.0,2024-05-22 13:10:00+05:30
180.95,180.95,180.8,180.8,32.0,1716363900.0,2024-05-22 13:15:00+05:30
180.8,180.85,180.75,180.75,248.0,1716364200.0,2024-05-22 13:20:00+05:30
180.75,181.0,180.75,180.75,40.0,1716364500.0,2024-05-22 13:25:00+05:30
180.75,181.0,180.75,180.8,60.0,1716364800.0,2024-05-22 13:30:00+05:30
181.0,181.0,180.75,180.95,244.0,1716365100.0,2024-05-22 13:35:00+05:30
180.95,181.4,180.95,181.4,1484.0,1716365400.0,2024-05-22 13:40:00+05:30
181.4,181.4,181.05,181.2,328.0,1716365700.0,2024-05-22 13:45:00+05:30
181.2,181.2,180.9,180.9,196.0,1716366000.0,2024-05-22 13:50:00+05:30
180.9,181.35,180.9,180.95,1236.0,1716366300.0,2024-05-22 13:55:00+05:30
181.4,181.6,181.1,181.6,968.0,1716366600.0,2024-05-22 14:00:00+05:30
181.6,181.6,181.35,181.55,232.0,1716366900.0,2024-05-22 14:05:00+05:30
181.55,181.55,181.35,181.45,280.0,1716367200.0,2024-05-22 14:10:00+05:30
181.45,182.45,181.35,182.45,4832.0,1716367500.0,2024-05-22 14:15:00+05:30
182.5,183.25,181.9,182.6,8012.0,1716367800.0,2024-05-22 14:20:00+05:30
182.6,182.7,182.55,182.7,1772.0,1716368100.0,2024-05-22 14:25:00+05:30
182.6,182.7,182.45,182.45,572.0,1716368400.0,2024-05-22 14:30:00+05:30
182.45,182.7,182.45,182.6,252.0,1716368700.0,2024-05-22 14:35:00+05:30
182.6,182.7,182.6,182.6,296.0,1716369000.0,2024-05-22 14:40:00+05:30
182.6,183.05,182.6,182.8,1340.0,1716369300.0,2024-05-22 14:45:00+05:30
183.05,184.0,183.0,183.0,17104.0,1716369600.0,2024-05-22 14:50:00+05:30
183.0,183.0,182.6,182.6,180.0,1716369900.0,2024-05-22 14:55:00+05:30
182.8,182.9,182.75,182.8,1724.0,1716370200.0,2024-05-22 15:00:00+05:30
183.0,183.0,182.0,182.05,4348.0,1716370500.0,2024-05-22 15:05:00+05:30
182.05,182.2,181.9,181.9,568.0,1716370800.0,2024-05-22 15:10:00+05:30
181.75,182.25,181.75,182.0,2556.0,1716371100.0,2024-05-22 15:15:00+05:30
182.25,182.55,181.95,181.95,3024.0,1716371400.0,2024-05-22 15:20:00+05:30
181.9,181.9,181.25,181.25,3852.0,1716371700.0,2024-05-22 15:25:00+05:30
181.25,181.25,181.25,181.25,0.0,1716372000.0,2024-05-22 15:30:00+05:30
179.65,182.65,179.2,181.55,11216.0,1716435960.0,2024-05-23 09:16:00+05:30
181.25,182.35,181.25,182.35,2444.0,1716436200.0,2024-05-23 09:20:00+05:30
182.5,182.6,181.8,181.8,1184.0,1716436500.0,2024-05-23 09:25:00+05:30
181.8,182.25,181.8,182.2,92.0,1716436800.0,2024-05-23 09:30:00+05:30
182.2,182.4,181.85,182.1,760.0,1716437100.0,2024-05-23 09:35:00+05:30
182.1,182.35,182.0,182.3,452.0,1716437400.0,2024-05-23 09:40:00+05:30
182.3,182.3,182.0,182.15,636.0,1716437700.0,2024-05-23 09:45:00+05:30
182.15,182.3,181.8,181.8,1804.0,1716438000.0,2024-05-23 09:50:00+05:30
181.8,182.25,181.8,182.05,156.0,1716438300.0,2024-05-23 09:55:00+05:30
182.3,182.3,181.7,181.7,2380.0,1716438600.0,2024-05-23 10:00:00+05:30
181.7,181.9,181.5,181.5,1992.0,1716438900.0,2024-05-23 10:05:00+05:30
181.5,182.3,181.5,182.3,1840.0,1716439200.0,2024-05-23 10:10:00+05:30
182.3,182.3,181.75,181.85,9668.0,1716439500.0,2024-05-23 10:15:00+05:30
181.85,181.9,181.85,181.9,132.0,1716439800.0,2024-05-23 10:20:00+05:30
182.2,182.2,181.75,181.75,948.0,1716440100.0,2024-05-23 10:25:00+05:30
181.75,181.9,181.75,181.9,372.0,1716440400.0,2024-05-23 10:30:00+05:30
181.9,181.9,181.75,181.75,1920.0,1716440700.0,2024-05-23 10:35:00+05:30
181.75,181.75,181.75,181.75,1468.0,1716441000.0,2024-05-23 10:40:00+05:30
182.0,182.0,181.75,181.75,276.0,1716441300.0,2024-05-23 10:45:00+05:30
182.0,182.0,181.85,181.85,396.0,1716441600.0,2024-05-23 10:50:00+05:30
181.85,181.85,181.8,181.8,20.0,1716441900.0,2024-05-23 10:55:00+05:30
182.25,182.25,181.9,181.9,1144.0,1716442200.0,2024-05-23 11:00:00+05:30
181.9,182.1,181.9,182.1,248.0,1716442500.0,2024-05-23 11:05:00+05:30
182.1,182.1,181.85,181.85,420.0,1716442800.0,2024-05-23 11:10:00+05:30
181.85,182.0,181.75,181.75,3328.0,1716443100.0,2024-05-23 11:15:00+05:30
181.75,182.05,181.75,182.05,340.0,1716443400.0,2024-05-23 11:20:00+05:30
182.05,182.05,181.9,182.0,76.0,1716443700.0,2024-05-23 11:25:00+05:30
182.0,182.0,182.0,182.0,0.0,1716444000.0,2024-05-23 11:30:00+05:30
182.0,182.1,182.0,182.1,28.0,1716444300.0,2024-05-23 11:35:00+05:30
182.1,182.15,182.1,182.15,368.0,1716444600.0,2024-05-23 11:40:00+05:30
182.15,182.15,182.05,182.05,104.0,1716444900.0,2024-05-23 11:45:00+05:30
182.15,182.15,182.0,182.0,108.0,1716445200.0,2024-05-23 11:50:00+05:30
182.0,182.1,181.75,182.1,4984.0,1716445500.0,2024-05-23 11:55:00+05:30
182.1,182.15,181.8,181.95,352.0,1716445800.0,2024-05-23 12:00:00+05:30
181.95,182.2,181.8,182.2,504.0,1716446100.0,2024-05-23 12:05:00+05:30
182.2,182.25,182.2,182.25,228.0,1716446400.0,2024-05-23 12:10:00+05:30
182.25,182.25,182.05,182.05,28.0,1716446700.0,2024-05-23 12:15:00+05:30
182.25,182.25,181.9,181.9,628.0,1716447000.0,2024-05-23 12:20:00+05:30
181.9,182.1,181.9,182.1,136.0,1716447300.0,2024-05-23 12:25:00+05:30
182.15,182.2,181.75,181.9,1988.0,1716447600.0,2024-05-23 12:30:00+05:30
181.9,182.0,181.9,182.0,88.0,1716447900.0,2024-05-23 12:35:00+05:30
182.0,182.2,181.95,182.15,3092.0,1716448200.0,2024-05-23 12:40:00+05:30
181.75,182.0,181.75,182.0,3356.0,1716448500.0,2024-05-23 12:45:00+05:30
182.0,182.0,181.75,181.75,16560.0,1716448800.0,2024-05-23 12:50:00+05:30
181.75,181.75,181.75,181.75,48.0,1716449100.0,2024-05-23 12:55:00+05:30
181.75,182.0,181.75,181.75,52.0,1716449400.0,2024-05-23 13:00:00+05:30
181.75,181.75,181.75,181.75,60.0,1716449700.0,2024-05-23 13:05:00+05:30
181.75,181.75,181.75,181.75,288.0,1716450000.0,2024-05-23 13:10:00+05:30
181.75,181.95,181.75,181.95,216.0,1716450300.0,2024-05-23 13:15:00+05:30
181.95,181.95,181.75,181.75,196.0,1716450600.0,2024-05-23 13:20:00+05:30
181.75,181.75,181.75,181.75,2396.0,1716450900.0,2024-05-23 13:25:00+05:30
181.75,181.75,181.75,181.75,2472.0,1716451200.0,2024-05-23 13:30:00+05:30
181.75,181.95,181.75,181.75,868.0,1716451500.0,2024-05-23 13:35:00+05:30
181.75,181.9,181.75,181.9,64.0,1716451800.0,2024-05-23 13:40:00+05:30
181.95,182.0,181.75,181.75,628.0,1716452100.0,2024-05-23 13:45:00+05:30
181.75,181.95,181.75,181.95,576.0,1716452400.0,2024-05-23 13:50:00+05:30
181.95,182.0,181.95,182.0,224.0,1716452700.0,2024-05-23 13:55:00+05:30
182.0,182.0,181.8,181.8,80.0,1716453000.0,2024-05-23 14:00:00+05:30
181.95,181.95,181.8,181.9,184.0,1716453300.0,2024-05-23 14:05:00+05:30
181.9,181.9,181.8,181.9,416.0,1716453600.0,2024-05-23 14:10:00+05:30
181.9,181.9,181.75,181.75,568.0,1716453900.0,2024-05-23 14:15:00+05:30
181.75,181.9,181.75,181.9,444.0,1716454200.0,2024-05-23 14:20:00+05:30
181.9,182.1,181.9,181.9,692.0,1716454500.0,2024-05-23 14:25:00+05:30
181.9,182.3,181.9,182.05,19000.0,1716454800.0,2024-05-23 14:30:00+05:30
182.05,182.05,182.05,182.05,28.0,1716455100.0,2024-05-23 14:35:00+05:30
182.0,182.0,181.9,181.9,1264.0,1716455400.0,2024-05-23 14:40:00+05:30
182.2,182.2,182.1,182.2,564.0,1716455700.0,2024-05-23 14:45:00+05:30
182.2,182.2,181.9,181.9,2180.0,1716456000.0,2024-05-23 14:50:00+05:30
181.9,181.95,181.9,181.9,560.0,1716456300.0,2024-05-23 14:55:00+05:30
182.0,182.0,181.9,181.9,688.0,1716456600.0,2024-05-23 15:00:00+05:30
181.9,181.95,181.9,181.9,340.0,1716456900.0,2024-05-23 15:05:00+05:30
181.9,181.95,181.75,181.75,5416.0,1716457200.0,2024-05-23 15:10:00+05:30
181.75,181.85,181.75,181.75,972.0,1716457500.0,2024-05-23 15:15:00+05:30
181.75,181.85,181.75,181.75,8820.0,1716457800.0,2024-05-23 15:20:00+05:30
181.75,182.1,181.3,181.3,7824.0,1716458100.0,2024-05-23 15:25:00+05:30
181.5,182.5,162.15,181.15,17352.0,1716522300.0,2024-05-24 09:15:00+05:30
180.9,181.2,180.4,180.55,2800.0,1716522600.0,2024-05-24 09:20:00+05:30
180.55,180.8,180.2,180.55,868.0,1716522900.0,2024-05-24 09:25:00+05:30
180.8,181.0,179.65,180.35,25276.0,1716523200.0,2024-05-24 09:30:00+05:30
180.25,180.25,179.25,179.25,1296.0,1716523500.0,2024-05-24 09:35:00+05:30
178.9,179.9,178.9,179.75,1580.0,1716523800.0,2024-05-24 09:40:00+05:30
179.75,180.05,179.2,179.3,3700.0,1716524100.0,2024-05-24 09:45:00+05:30
179.2,179.25,178.8,179.1,408.0,1716524400.0,2024-05-24 09:50:00+05:30
179.1,179.8,178.8,179.5,9716.0,1716524700.0,2024-05-24 09:55:00+05:30
179.1,179.15,178.8,179.15,692.0,1716525000.0,2024-05-24 10:00:00+05:30
179.2,179.2,178.9,178.9,12.0,1716525300.0,2024-05-24 10:05:00+05:30
178.9,178.9,178.3,178.7,1960.0,1716525600.0,2024-05-24 10:10:00+05:30
178.7,178.75,178.4,178.75,484.0,1716525900.0,2024-05-24 10:15:00+05:30
178.75,178.95,178.75,178.95,264.0,1716526200.0,2024-05-24 10:20:00+05:30
178.95,178.95,178.4,178.4,136.0,1716526500.0,2024-05-24 10:25:00+05:30
178.55,178.6,178.3,178.3,1076.0,1716526800.0,2024-05-24 10:30:00+05:30
178.3,178.6,178.3,178.5,848.0,1716527100.0,2024-05-24 10:35:00+05:30
178.6,178.6,178.3,178.3,176.0,1716527400.0,2024-05-24 10:40:00+05:30
178.3,178.6,178.3,178.55,1252.0,1716527700.0,2024-05-24 10:45:00+05:30
178.6,178.6,178.35,178.55,760.0,1716528000.0,2024-05-24 10:50:00+05:30
178.55,178.55,178.25,178.25,2368.0,1716528300.0,2024-05-24 10:55:00+05:30
178.25,178.5,178.0,178.15,776.0,1716528600.0,2024-05-24 11:00:00+05:30
178.1,178.4,178.0,178.0,332.0,1716528900.0,2024-05-24 11:05:00+05:30
178.35,178.35,178.05,178.3,88.0,1716529200.0,2024-05-24 11:10:00+05:30
178.25,178.4,178.0,178.4,952.0,1716529500.0,2024-05-24 11:15:00+05:30
178.4,178.4,178.35,178.35,84.0,1716529800.0,2024-05-24 11:20:00+05:30
178.4,178.4,178.0,178.0,11296.0,1716530100.0,2024-05-24 11:25:00+05:30
178.0,178.0,176.45,176.75,10248.0,1716530400.0,2024-05-24 11:30:00+05:30
176.7,176.75,176.7,176.7,492.0,1716530700.0,2024-05-24 11:35:00+05:30
176.7,176.75,175.5,176.75,4468.0,1716531000.0,2024-05-24 11:40:00+05:30
177.1,177.5,177.0,177.3,3992.0,1716531300.0,2024-05-24 11:45:00+05:30
177.5,177.75,177.25,177.4,3588.0,1716531600.0,2024-05-24 11:50:00+05:30
177.4,177.4,176.9,176.9,1360.0,1716531900.0,2024-05-24 11:55:00+05:30
176.9,177.2,176.9,176.9,140.0,1716532200.0,2024-05-24 12:00:00+05:30
176.9,177.0,176.9,176.95,32.0,1716532500.0,2024-05-24 12:05:00+05:30
176.75,177.4,176.3,177.4,4832.0,1716532800.0,2024-05-24 12:10:00+05:30
177.4,177.5,177.1,177.5,292.0,1716533100.0,2024-05-24 12:15:00+05:30
177.1,178.25,177.1,178.2,5808.0,1716533400.0,2024-05-24 12:20:00+05:30
177.9,177.9,177.25,177.5,2712.0,1716533700.0,2024-05-24 12:25:00+05:30
177.5,177.75,177.5,177.75,184.0,1716534000.0,2024-05-24 12:30:00+05:30
177.55,177.9,177.55,177.9,208.0,1716534300.0,2024-05-24 12:35:00+05:30
178.0,178.25,177.95,178.25,580.0,1716534600.0,2024-05-24 12:40:00+05:30
177.75,177.75,177.25,177.25,1060.0,1716534900.0,2024-05-24 12:45:00+05:30
177.25,177.4,176.95,177.2,912.0,1716535200.0,2024-05-24 12:50:00+05:30
176.8,177.6,176.5,176.5,7724.0,1716535500.0,2024-05-24 12:55:00+05:30
176.5,176.75,176.5,176.5,60.0,1716535800.0,2024-05-24 13:00:00+05:30
176.5,177.0,176.5,177.0,396.0,1716536100.0,2024-05-24 13:05:00+05:30
177.0,177.25,176.5,177.25,6196.0,1716536400.0,2024-05-24 13:10:00+05:30
176.95,176.95,176.75,176.75,540.0,1716536700.0,2024-05-24 13:15:00+05:30
177.05,177.05,176.4,176.7,1628.0,1716537000.0,2024-05-24 13:20:00+05:30
176.7,177.15,176.55,177.15,1492.0,1716537300.0,2024-05-24 13:25:00+05:30
177.1,177.1,177.0,177.0,60.0,1716537600.0,2024-05-24 13:30:00+05:30
177.0,177.0,176.85,176.85,80.0,1716537900.0,2024-05-24 13:35:00+05:30
176.65,177.0,176.4,176.85,6740.0,1716538200.0,2024-05-24 13:40:00+05:30
176.85,177.0,176.75,176.75,2560.0,1716538500.0,2024-05-24 13:45:00+05:30
176.75,176.75,176.75,176.75,40.0,1716538800.0,2024-05-24 13:50:00+05:30
176.75,176.75,176.35,176.35,656.0,1716539100.0,2024-05-24 13:55:00+05:30
177.0,177.1,173.95,175.0,39196.0,1716539400.0,2024-05-24 14:00:00+05:30
175.0,175.75,175.0,175.6,12108.0,1716539700.0,2024-05-24 14:05:00+05:30
175.6,175.75,175.25,175.25,17008.0,1716540000.0,2024-05-24 14:10:00+05:30
175.25,175.7,175.25,175.3,1696.0,1716540300.0,2024-05-24 14:15:00+05:30
175.3,175.3,174.75,174.85,9744.0,1716540600.0,2024-05-24 14:20:00+05:30
174.85,177.05,174.85,176.15,81060.0,1716540900.0,2024-05-24 14:25:00+05:30
176.5,177.0,175.4,176.45,11304.0,1716541200.0,2024-05-24 14:30:00+05:30
176.45,176.75,176.45,176.5,2296.0,1716541500.0,2024-05-24 14:35:00+05:30
176.5,176.75,176.15,176.75,2972.0,1716541800.0,2024-05-24 14:40:00+05:30
177.1,178.25,177.1,177.15,29320.0,1716542100.0,2024-05-24 14:45:00+05:30
177.5,178.0,177.5,178.0,1420.0,1716542400.0,2024-05-24 14:50:00+05:30
178.0,178.2,177.9,178.0,3224.0,1716542700.0,2024-05-24 14:55:00+05:30
178.2,178.3,177.75,178.0,2452.0,1716543000.0,2024-05-24 15:00:00+05:30
178.0,178.35,177.9,178.0,2148.0,1716543300.0,2024-05-24 15:05:00+05:30
178.0,178.3,178.0,178.0,288.0,1716543600.0,2024-05-24 15:10:00+05:30
178.3,178.85,178.25,178.85,15404.0,1716543900.0,2024-05-24 15:15:00+05:30
178.85,178.9,178.75,178.75,9324.0,1716544200.0,2024-05-24 15:20:00+05:30
178.75,179.0,178.75,179.0,7928.0,1716544500.0,2024-05-24 15:25:00+05:30
181.1,181.1,178.15,178.3,11376.0,1716781500.0,2024-05-27 09:15:00+05:30
178.3,178.75,177.95,177.95,2184.0,1716781800.0,2024-05-27 09:20:00+05:30
178.25,178.9,178.05,178.4,1932.0,1716782100.0,2024-05-27 09:25:00+05:30
178.4,178.5,178.2,178.4,268.0,1716782400.0,2024-05-27 09:30:00+05:30
178.4,178.55,177.65,177.95,3612.0,1716782700.0,2024-05-27 09:35:00+05:30
177.85,177.85,177.25,177.25,832.0,1716783000.0,2024-05-27 09:40:00+05:30
177.45,178.05,177.45,178.05,1788.0,1716783300.0,2024-05-27 09:45:00+05:30
178.05,178.05,178.0,178.0,84.0,1716783600.0,2024-05-27 09:50:00+05:30
178.3,178.6,178.3,178.4,420.0,1716783900.0,2024-05-27 09:55:00+05:30
177.9,178.3,177.9,178.3,2068.0,1716784200.0,2024-05-27 10:00:00+05:30
178.3,178.3,178.0,178.0,380.0,1716784500.0,2024-05-27 10:05:00+05:30
178.0,178.6,178.0,178.6,2436.0,1716784800.0,2024-05-27 10:10:00+05:30
178.5,178.55,178.45,178.55,1460.0,1716785100.0,2024-05-27 10:15:00+05:30
178.55,178.55,178.45,178.45,400.0,1716785400.0,2024-05-27 10:20:00+05:30
178.45,178.75,178.45,178.7,316.0,1716785700.0,2024-05-27 10:25:00+05:30
178.5,178.5,178.0,178.35,1192.0,1716786000.0,2024-05-27 10:30:00+05:30
178.35,178.45,178.2,178.45,364.0,1716786300.0,2024-05-27 10:35:00+05:30
178.45,178.45,178.45,178.45,0.0,1716786600.0,2024-05-27 10:40:00+05:30
178.5,179.35,178.5,179.25,5664.0,1716786900.0,2024-05-27 10:45:00+05:30
179.25,179.25,179.05,179.1,1128.0,1716787200.0,2024-05-27 10:50:00+05:30
179.3,179.3,179.0,179.0,1224.0,1716787500.0,2024-05-27 10:55:00+05:30
179.0,179.0,178.75,179.0,484.0,1716787800.0,2024-05-27 11:00:00+05:30
179.0,179.0,178.6,178.6,224.0,1716788100.0,2024-05-27 11:05:00+05:30
178.6,178.6,178.55,178.55,116.0,1716788400.0,2024-05-27 11:10:00+05:30
178.55,178.75,178.55,178.55,120.0,1716788700.0,2024-05-27 11:15:00+05:30
178.75,179.5,178.75,179.5,2812.0,1716789000.0,2024-05-27 11:20:00+05:30
179.45,179.45,179.3,179.45,1772.0,1716789300.0,2024-05-27 11:25:00+05:30
179.4,179.75,179.4,179.75,944.0,1716789600.0,2024-05-27 11:30:00+05:30
179.75,179.75,179.55,179.55,636.0,1716789900.0,2024-05-27 11:35:00+05:30
179.25,179.85,179.25,179.85,17368.0,1716790200.0,2024-05-27 11:40:00+05:30
179.85,179.85,179.4,179.4,11860.0,1716790500.0,2024-05-27 11:45:00+05:30
179.45,179.7,179.45,179.7,76.0,1716790800.0,2024-05-27 11:50:00+05:30
179.7,179.7,179.6,179.6,32.0,1716791100.0,2024-05-27 11:55:00+05:30
179.6,179.6,179.3,179.45,10112.0,1716791400.0,2024-05-27 12:00:00+05:30
179.45,179.45,179.2,179.35,1320.0,1716791700.0,2024-05-27 12:05:00+05:30
179.2,179.25,179.2,179.2,220.0,1716792000.0,2024-05-27 12:10:00+05:30
179.2,179.2,179.0,179.2,4924.0,1716792300.0,2024-05-27 12:15:00+05:30
179.2,179.25,179.2,179.25,972.0,1716792600.0,2024-05-27 12:20:00+05:30
179.25,179.25,179.25,179.25,452.0,1716792900.0,2024-05-27 12:25:00+05:30
179.25,179.25,178.9,178.9,1024.0,1716793200.0,2024-05-27 12:30:00+05:30
178.5,178.75,178.3,178.7,17040.0,1716793500.0,2024-05-27 12:35:00+05:30
178.7,178.7,178.5,178.7,5476.0,1716793800.0,2024-05-27 12:40:00+05:30
178.7,178.75,178.5,178.75,3620.0,1716794100.0,2024-05-27 12:45:00+05:30
178.75,178.9,178.05,178.35,25000.0,1716794400.0,2024-05-27 12:50:00+05:30
178.35,178.45,178.35,178.45,1040.0,1716794700.0,2024-05-27 12:55:00+05:30
178.45,178.5,178.35,178.45,596.0,1716795000.0,2024-05-27 13:00:00+05:30
178.45,178.6,178.2,178.5,3648.0,1716795300.0,2024-05-27 13:05:00+05:30
178.5,178.5,178.45,178.5,38980.0,1716795600.0,2024-05-27 13:10:00+05:30
178.45,178.45,177.8,177.8,5308.0,1716795900.0,2024-05-27 13:15:00+05:30
177.8,178.25,177.8,178.0,2632.0,1716796200.0,2024-05-27 13:20:00+05:30
178.05,178.4,177.9,177.9,848.0,1716796500.0,2024-05-27 13:25:00+05:30
178.0,178.2,177.95,178.0,3700.0,1716796800.0,2024-05-27 13:30:00+05:30
178.0,178.05,178.0,178.05,520.0,1716797100.0,2024-05-27 13:35:00+05:30
178.0,178.05,178.0,178.05,2576.0,1716797400.0,2024-05-27 13:40:00+05:30
178.05,178.05,178.0,178.0,196.0,1716797700.0,2024-05-27 13:45:00+05:30
178.3,178.3,176.25,176.9,51672.0,1716798000.0,2024-05-27 13:50:00+05:30
176.9,176.9,175.9,176.0,3516.0,1716798300.0,2024-05-27 13:55:00+05:30
176.2,176.2,175.45,175.9,4648.0,1716798600.0,2024-05-27 14:00:00+05:30
175.75,176.1,175.0,175.0,4568.0,1716798900.0,2024-05-27 14:05:00+05:30
175.45,175.8,175.45,175.8,396.0,1716799200.0,2024-05-27 14:10:00+05:30
175.45,175.75,175.0,175.25,12408.0,1716799500.0,2024-05-27 14:15:00+05:30
175.3,177.95,175.15,177.55,54520.0,1716799800.0,2024-05-27 14:20:00+05:30
177.25,177.9,177.0,177.25,44984.0,1716800100.0,2024-05-27 14:25:00+05:30
177.25,177.25,177.0,177.0,4.0,1716800400.0,2024-05-27 14:30:00+05:30
177.0,177.2,177.0,177.1,532.0,1716800700.0,2024-05-27 14:35:00+05:30
177.0,178.4,177.0,177.65,11764.0,1716801000.0,2024-05-27 14:40:00+05:30
177.6,178.0,177.55,177.95,6584.0,1716801300.0,2024-05-27 14:45:00+05:30
177.95,178.45,177.95,178.25,1888.0,1716801600.0,2024-05-27 14:50:00+05:30
177.95,178.2,177.85,177.9,572.0,1716801900.0,2024-05-27 14:55:00+05:30
177.75,178.05,177.75,177.75,1148.0,1716802200.0,2024-05-27 15:00:00+05:30
177.75,177.95,177.75,177.75,1300.0,1716802500.0,2024-05-27 15:05:00+05:30
177.75,178.2,177.75,178.05,820.0,1716802800.0,2024-05-27 15:10:00+05:30
178.2,179.35,178.2,179.35,18284.0,1716803100.0,2024-05-27 15:15:00+05:30
179.2,181.6,179.1,181.45,45684.0,1716803400.0,2024-05-27 15:20:00+05:30
181.45,184.5,181.45,184.5,83024.0,1716803700.0,2024-05-27 15:25:00+05:30
184.5,184.5,184.5,184.5,0.0,1716804000.0,2024-05-27 15:30:00+05:30
179.95,183.55,179.95,181.3,7424.0,1716867900.0,2024-05-28 09:15:00+05:30
181.25,181.3,180.85,181.05,332.0,1716868200.0,2024-05-28 09:20:00+05:30
181.1,181.1,180.65,180.65,1192.0,1716868500.0,2024-05-28 09:25:00+05:30
180.65,180.8,180.0,180.2,1200.0,1716868800.0,2024-05-28 09:30:00+05:30
180.0,181.35,179.95,180.7,23100.0,1716869100.0,2024-05-28 09:35:00+05:30
180.7,180.7,180.4,180.4,116.0,1716869400.0,2024-05-28 09:40:00+05:30
180.5,180.7,180.15,180.55,1484.0,1716869700.0,2024-05-28 09:45:00+05:30
180.4,180.4,180.2,180.35,384.0,1716870000.0,2024-05-28 09:50:00+05:30
180.1,180.35,180.05,180.05,1116.0,1716870300.0,2024-05-28 09:55:00+05:30
179.95,180.3,179.95,180.3,1600.0,1716870600.0,2024-05-28 10:00:00+05:30
180.3,180.3,179.75,179.75,1404.0,1716870900.0,2024-05-28 10:05:00+05:30
179.6,179.6,178.75,179.15,9804.0,1716871200.0,2024-05-28 10:10:00+05:30
179.1,179.7,179.1,179.7,364.0,1716871500.0,2024-05-28 10:15:00+05:30
179.7,180.0,179.65,179.85,4504.0,1716871800.0,2024-05-28 10:20:00+05:30
179.85,180.75,179.85,180.75,4368.0,1716872100.0,2024-05-28 10:25:00+05:30
180.75,180.75,180.75,180.75,44.0,1716872400.0,2024-05-28 10:30:00+05:30
180.15,180.75,180.15,180.45,4668.0,1716872700.0,2024-05-28 10:35:00+05:30
180.75,180.95,180.75,180.95,648.0,1716873000.0,2024-05-28 10:40:00+05:30
181.0,181.2,180.65,181.0,3112.0,1716873300.0,2024-05-28 10:45:00+05:30
181.25,181.5,181.25,181.5,6120.0,1716873600.0,2024-05-28 10:50:00+05:30
181.5,181.5,181.0,181.25,3212.0,1716873900.0,2024-05-28 10:55:00+05:30
181.25,181.4,181.25,181.25,840.0,1716874200.0,2024-05-28 11:00:00+05:30
181.25,181.4,181.15,181.4,588.0,1716874500.0,2024-05-28 11:05:00+05:30
181.25,181.6,181.25,181.5,4268.0,1716874800.0,2024-05-28 11:10:00+05:30
181.8,182.4,181.8,182.25,1036.0,1716875100.0,2024-05-28 11:15:00+05:30
181.9,182.2,181.8,181.8,968.0,1716875400.0,2024-05-28 11:20:00+05:30
181.8,181.8,181.45,181.45,4076.0,1716875700.0,2024-05-28 11:25:00+05:30
181.45,181.6,181.45,181.55,700.0,1716876000.0,2024-05-28 11:30:00+05:30
181.55,181.6,181.45,181.6,152.0,1716876300.0,2024-05-28 11:35:00+05:30
181.45,181.6,181.35,181.45,3276.0,1716876600.0,2024-05-28 11:40:00+05:30
181.45,181.65,181.45,181.65,128.0,1716876900.0,2024-05-28 11:45:00+05:30
181.45,181.65,181.45,181.65,128.0,1716877200.0,2024-05-28 11:50:00+05:30
181.65,181.7,181.4,181.65,1108.0,1716877500.0,2024-05-28 11:55:00+05:30
181.25,181.7,181.2,181.65,1036.0,1716877800.0,2024-05-28 12:00:00+05:30
181.65,181.65,181.65,181.65,116.0,1716878100.0,2024-05-28 12:05:00+05:30
181.45,181.65,181.45,181.45,428.0,1716878400.0,2024-05-28 12:10:00+05:30
181.45,181.75,181.45,181.65,1128.0,1716878700.0,2024-05-28 12:15:00+05:30
181.7,181.7,181.4,181.45,500.0,1716879000.0,2024-05-28 12:20:00+05:30
181.45,181.65,181.45,181.6,72.0,1716879300.0,2024-05-28 12:25:00+05:30
181.6,181.6,181.15,181.45,16256.0,1716879600.0,2024-05-28 12:30:00+05:30
181.5,181.75,181.25,181.25,8624.0,1716879900.0,2024-05-28 12:35:00+05:30
181.2,181.6,181.2,181.6,1812.0,1716880200.0,2024-05-28 12:40:00+05:30
181.6,181.6,181.5,181.5,228.0,1716880500.0,2024-05-28 12:45:00+05:30
181.5,181.55,181.3,181.55,476.0,1716880800.0,2024-05-28 12:50:00+05:30
181.55,181.55,181.45,181.55,52.0,1716881100.0,2024-05-28 12:55:00+05:30
181.45,181.5,181.45,181.45,488.0,1716881400.0,2024-05-28 13:00:00+05:30
181.5,181.5,181.45,181.45,280.0,1716881700.0,2024-05-28 13:05:00+05:30
181.45,181.75,181.45,181.75,380.0,1716882000.0,2024-05-28 13:10:00+05:30
181.45,181.55,181.3,181.5,8820.0,1716882300.0,2024-05-28 13:15:00+05:30
181.45,181.5,181.45,181.45,544.0,1716882600.0,2024-05-28 13:20:00+05:30
181.45,181.45,181.45,181.45,620.0,1716882900.0,2024-05-28 13:25:00+05:30
181.45,181.45,181.45,181.45,5248.0,1716883200.0,2024-05-28 13:30:00+05:30
181.55,181.55,181.45,181.45,68.0,1716883500.0,2024-05-28 13:35:00+05:30
181.45,181.5,181.45,181.5,52.0,1716883800.0,2024-05-28 13:40:00+05:30
181.5,181.7,181.5,181.7,208.0,1716884100.0,2024-05-28 13:45:00+05:30
181.7,181.7,181.55,181.55,180.0,1716884400.0,2024-05-28 13:50:00+05:30
181.55,181.55,181.45,181.45,1152.0,1716884700.0,2024-05-28 13:55:00+05:30
181.45,181.7,180.75,181.7,29688.0,1716885000.0,2024-05-28 14:00:00+05:30
181.45,181.55,181.45,181.5,3992.0,1716885300.0,2024-05-28 14:05:00+05:30
181.5,181.7,181.4,181.4,760.0,1716885600.0,2024-05-28 14:10:00+05:30
181.45,181.65,181.45,181.65,92.0,1716885900.0,2024-05-28 14:15:00+05:30
181.65,181.95,181.65,181.95,1804.0,1716886200.0,2024-05-28 14:20:00+05:30
182.0,182.05,181.95,182.05,748.0,1716886500.0,2024-05-28 14:25:00+05:30
182.05,182.05,181.85,181.85,132.0,1716886800.0,2024-05-28 14:30:00+05:30
181.85,182.2,181.85,182.2,2736.0,1716887100.0,2024-05-28 14:35:00+05:30
182.1,183.0,182.1,183.0,9316.0,1716887400.0,2024-05-28 14:40:00+05:30
182.9,184.0,182.7,183.8,19080.0,1716887700.0,2024-05-28 14:45:00+05:30
184.0,184.0,182.9,182.95,8880.0,1716888000.0,2024-05-28 14:50:00+05:30
183.0,183.0,181.6,181.8,5720.0,1716888300.0,2024-05-28 14:55:00+05:30
181.8,182.35,181.45,181.8,9996.0,1716888600.0,2024-05-28 15:00:00+05:30
181.35,182.05,180.9,181.2,27560.0,1716888900.0,2024-05-28 15:05:00+05:30
181.25,181.25,180.75,181.25,7028.0,1716889200.0,2024-05-28 15:10:00+05:30
180.9,181.25,180.7,180.95,9036.0,1716889500.0,2024-05-28 15:15:00+05:30
181.2,181.7,181.0,181.2,7676.0,1716889800.0,2024-05-28 15:20:00+05:30
181.2,181.35,181.0,181.3,4512.0,1716890100.0,2024-05-28 15:25:00+05:30
179.5,182.85,179.5,181.9,2936.0,1716954300.0,2024-05-29 09:15:00+05:30
181.9,182.4,180.7,182.1,7612.0,1716954600.0,2024-05-29 09:20:00+05:30
182.25,182.25,181.65,181.8,1932.0,1716954900.0,2024-05-29 09:25:00+05:30
182.15,182.2,181.4,181.4,1356.0,1716955200.0,2024-05-29 09:30:00+05:30
181.25,181.7,180.95,181.4,1788.0,1716955500.0,2024-05-29 09:35:00+05:30
181.4,181.7,181.0,181.0,2996.0,1716955800.0,2024-05-29 09:40:00+05:30
181.3,181.6,181.05,181.4,2136.0,1716956100.0,2024-05-29 09:45:00+05:30
181.3,182.05,181.3,182.05,1596.0,1716956400.0,2024-05-29 09:50:00+05:30
182.1,182.7,182.1,182.3,11204.0,1716956700.0,2024-05-29 09:55:00+05:30
182.1,182.65,181.85,182.5,3188.0,1716957000.0,2024-05-29 10:00:00+05:30
182.5,183.5,182.5,183.35,10368.0,1716957300.0,2024-05-29 10:05:00+05:30
183.75,184.0,183.4,183.75,12428.0,1716957600.0,2024-05-29 10:10:00+05:30
183.6,184.7,183.55,184.1,18820.0,1716957900.0,2024-05-29 10:15:00+05:30
184.1,184.1,183.8,183.8,768.0,1716958200.0,2024-05-29 10:20:00+05:30
184.0,184.0,183.0,183.2,4692.0,1716958500.0,2024-05-29 10:25:00+05:30
183.2,183.45,183.0,183.2,2540.0,1716958800.0,2024-05-29 10:30:00+05:30
183.2,183.5,182.9,183.25,2656.0,1716959100.0,2024-05-29 10:35:00+05:30
183.25,183.65,183.25,183.65,28.0,1716959400.0,2024-05-29 10:40:00+05:30
183.6,184.1,183.6,184.1,3952.0,1716959700.0,2024-05-29 10:45:00+05:30
184.1,184.5,184.1,184.45,1936.0,1716960000.0,2024-05-29 10:50:00+05:30
184.45,184.45,184.1,184.1,1256.0,1716960300.0,2024-05-29 10:55:00+05:30
184.1,184.4,184.1,184.2,4260.0,1716960600.0,2024-05-29 11:00:00+05:30
184.2,184.2,183.8,183.8,764.0,1716960900.0,2024-05-29 11:05:00+05:30
184.0,184.15,183.75,183.8,1092.0,1716961200.0,2024-05-29 11:10:00+05:30
183.6,184.35,183.6,184.35,7784.0,1716961500.0,2024-05-29 11:15:00+05:30
184.35,184.45,184.25,184.45,1396.0,1716961800.0,2024-05-29 11:20:00+05:30
184.45,184.45,184.25,184.3,7188.0,1716962100.0,2024-05-29 11:25:00+05:30
184.3,184.45,184.1,184.3,696.0,1716962400.0,2024-05-29 11:30:00+05:30
184.15,184.15,183.75,183.75,912.0,1716962700.0,2024-05-29 11:35:00+05:30
184.0,184.35,184.0,184.35,176.0,1716963000.0,2024-05-29 11:40:00+05:30
184.35,184.35,183.9,183.9,464.0,1716963300.0,2024-05-29 11:45:00+05:30
183.55,183.75,182.65,183.2,8816.0,1716963600.0,2024-05-29 11:50:00+05:30
182.9,183.2,182.65,183.0,2368.0,1716963900.0,2024-05-29 11:55:00+05:30
183.0,183.3,182.9,183.3,792.0,1716964200.0,2024-05-29 12:00:00+05:30
183.55,183.55,182.7,182.95,1188.0,1716964500.0,2024-05-29 12:05:00+05:30
182.95,183.05,182.7,183.05,1408.0,1716964800.0,2024-05-29 12:10:00+05:30
183.0,183.0,183.0,183.0,584.0,1716965100.0,2024-05-29 12:15:00+05:30
183.0,183.1,183.0,183.1,608.0,1716965400.0,2024-05-29 12:20:00+05:30
183.1,183.1,182.8,183.0,956.0,1716965700.0,2024-05-29 12:25:00+05:30
183.0,183.05,182.7,182.7,412.0,1716966000.0,2024-05-29 12:30:00+05:30
182.7,183.1,182.7,183.1,1460.0,1716966300.0,2024-05-29 12:35:00+05:30
182.9,183.1,182.85,183.1,284.0,1716966600.0,2024-05-29 12:40:00+05:30
183.1,185.0,183.1,184.5,39808.0,1716966900.0,2024-05-29 12:45:00+05:30
184.1,185.4,184.1,184.8,36196.0,1716967200.0,2024-05-29 12:50:00+05:30
184.4,184.9,183.15,183.15,11820.0,1716967500.0,2024-05-29 12:55:00+05:30
183.15,183.75,183.15,183.75,9268.0,1716967800.0,2024-05-29 13:00:00+05:30
183.75,184.0,183.25,183.7,23840.0,1716968100.0,2024-05-29 13:05:00+05:30
184.25,184.25,184.0,184.0,7628.0,1716968400.0,2024-05-29 13:10:00+05:30
184.0,185.4,183.75,184.65,48168.0,1716968700.0,2024-05-29 13:15:00+05:30
185.15,185.45,185.0,185.05,28088.0,1716969000.0,2024-05-29 13:20:00+05:30
185.5,185.5,185.15,185.5,8172.0,1716969300.0,2024-05-29 13:25:00+05:30
185.4,185.75,185.35,185.5,7040.0,1716969600.0,2024-05-29 13:30:00+05:30
185.5,186.1,185.5,186.0,41876.0,1716969900.0,2024-05-29 13:35:00+05:30
186.1,186.1,185.45,185.7,4164.0,1716970200.0,2024-05-29 13:40:00+05:30
185.4,185.65,185.4,185.4,936.0,1716970500.0,2024-05-29 13:45:00+05:30
185.7,185.7,185.35,185.35,792.0,1716970800.0,2024-05-29 13:50:00+05:30
185.4,185.65,185.25,185.25,1032.0,1716971100.0,2024-05-29 13:55:00+05:30
185.45,185.6,184.3,184.3,3420.0,1716971400.0,2024-05-29 14:00:00+05:30
184.3,184.3,183.8,183.85,4532.0,1716971700.0,2024-05-29 14:05:00+05:30
183.85,183.95,183.75,183.95,1072.0,1716972000.0,2024-05-29 14:10:00+05:30
183.5,191.2,183.3,190.5,344724.0,1716972300.0,2024-05-29 14:15:00+05:30
190.9,193.75,185.0,185.0,271884.0,1716972600.0,2024-05-29 14:20:00+05:30
185.0,186.25,184.25,184.6,199768.0,1716972900.0,2024-05-29 14:25:00+05:30
184.3,184.75,176.5,178.5,456164.0,1716973200.0,2024-05-29 14:30:00+05:30
178.6,179.5,176.75,178.0,228636.0,1716973500.0,2024-05-29 14:35:00+05:30
178.0,178.25,177.6,178.0,90176.0,1716973800.0,2024-05-29 14:40:00+05:30
178.0,178.6,176.3,178.5,167764.0,1716974100.0,2024-05-29 14:45:00+05:30
178.6,179.45,178.5,178.5,38328.0,1716974400.0,2024-05-29 14:50:00+05:30
178.8,179.25,178.75,178.9,8844.0,1716974700.0,2024-05-29 14:55:00+05:30
179.0,179.35,178.7,178.7,18056.0,1716975000.0,2024-05-29 15:00:00+05:30
178.9,179.0,178.75,178.75,8152.0,1716975300.0,2024-05-29 15:05:00+05:30
178.8,179.25,178.75,179.1,9696.0,1716975600.0,2024-05-29 15:10:00+05:30
178.9,181.0,178.85,180.9,73092.0,1716975900.0,2024-05-29 15:15:00+05:30
180.05,181.0,180.0,180.5,125736.0,1716976200.0,2024-05-29 15:20:00+05:30
180.7,180.75,179.25,179.5,48104.0,1716976500.0,2024-05-29 15:25:00+05:30
177.55,179.0,177.1,178.45,14904.0,1717040700.0,2024-05-30 09:15:00+05:30
178.1,178.4,176.6,176.95,30592.0,1717041000.0,2024-05-30 09:20:00+05:30
176.75,177.5,176.65,177.15,5392.0,1717041300.0,2024-05-30 09:25:00+05:30
177.25,177.3,176.65,176.65,8976.0,1717041600.0,2024-05-30 09:30:00+05:30
177.05,177.1,175.15,176.25,30572.0,1717041900.0,2024-05-30 09:35:00+05:30
176.25,176.55,175.0,175.95,45228.0,1717042200.0,2024-05-30 09:40:00+05:30
175.65,175.85,174.3,174.75,33096.0,1717042500.0,2024-05-30 09:45:00+05:30
174.6,175.05,174.55,174.75,8728.0,1717042800.0,2024-05-30 09:50:00+05:30
174.75,177.65,174.75,177.5,19204.0,1717043100.0,2024-05-30 09:55:00+05:30
177.5,179.0,177.5,178.75,16700.0,1717043400.0,2024-05-30 10:00:00+05:30
178.75,179.45,178.6,179.45,3856.0,1717043700.0,2024-05-30 10:05:00+05:30
179.45,179.8,179.25,179.5,4116.0,1717044000.0,2024-05-30 10:10:00+05:30
179.3,179.35,178.35,178.75,38484.0,1717044300.0,2024-05-30 10:15:00+05:30
178.5,179.25,178.5,179.25,3044.0,1717044600.0,2024-05-30 10:20:00+05:30
179.0,179.25,179.0,179.2,1372.0,1717044900.0,2024-05-30 10:25:00+05:30
178.5,179.2,178.5,179.0,34476.0,1717045200.0,2024-05-30 10:30:00+05:30
179.0,179.0,177.5,177.65,10172.0,1717045500.0,2024-05-30 10:35:00+05:30
177.9,178.0,177.5,177.65,2484.0,1717045800.0,2024-05-30 10:40:00+05:30
177.65,179.25,177.5,179.25,10676.0,1717046100.0,2024-05-30 10:45:00+05:30
179.5,179.7,179.3,179.6,2620.0,1717046400.0,2024-05-30 10:50:00+05:30
179.5,179.9,179.35,179.9,944.0,1717046700.0,2024-05-30 10:55:00+05:30
179.9,179.9,179.5,179.6,2668.0,1717047000.0,2024-05-30 11:00:00+05:30
179.8,180.15,179.6,179.65,6088.0,1717047300.0,2024-05-30 11:05:00+05:30
179.65,179.65,178.8,179.2,1808.0,1717047600.0,2024-05-30 11:10:00+05:30
179.0,179.55,178.8,179.3,3692.0,1717047900.0,2024-05-30 11:15:00+05:30
179.5,179.5,178.8,178.8,1500.0,1717048200.0,2024-05-30 11:20:00+05:30
178.8,179.2,178.75,179.1,380.0,1717048500.0,2024-05-30 11:25:00+05:30
179.15,179.15,177.5,177.8,18968.0,1717048800.0,2024-05-30 11:30:00+05:30
177.65,177.75,177.5,177.75,876.0,1717049100.0,2024-05-30 11:35:00+05:30
177.5,177.7,177.5,177.7,520.0,1717049400.0,2024-05-30 11:40:00+05:30
177.8,178.95,177.8,178.75,10560.0,1717049700.0,2024-05-30 11:45:00+05:30
179.1,179.1,178.75,179.0,2336.0,1717050000.0,2024-05-30 11:50:00+05:30
179.0,179.05,178.75,178.75,2232.0,1717050300.0,2024-05-30 11:55:00+05:30
178.75,178.75,178.75,178.75,196.0,1717050600.0,2024-05-30 12:00:00+05:30
178.75,178.95,178.75,178.95,600.0,1717050900.0,2024-05-30 12:05:00+05:30
178.75,178.75,178.5,178.75,9928.0,1717051200.0,2024-05-30 12:10:00+05:30
178.75,178.75,178.75,178.75,120.0,1717051500.0,2024-05-30 12:15:00+05:30
178.75,179.0,178.75,179.0,200.0,1717051800.0,2024-05-30 12:20:00+05:30
178.65,179.8,178.25,178.25,64448.0,1717052100.0,2024-05-30 12:25:00+05:30
178.25,178.4,178.0,178.4,3112.0,1717052400.0,2024-05-30 12:30:00+05:30
178.5,180.1,177.95,179.2,12492.0,1717052700.0,2024-05-30 12:35:00+05:30
179.2,179.2,178.5,178.65,944.0,1717053000.0,2024-05-30 12:40:00+05:30
178.65,178.9,178.65,178.9,244.0,1717053300.0,2024-05-30 12:45:00+05:30
178.9,178.9,178.0,178.2,4164.0,1717053600.0,2024-05-30 12:50:00+05:30
178.2,178.2,178.0,178.2,16.0,1717053900.0,2024-05-30 12:55:00+05:30
178.2,178.2,177.7,177.95,28340.0,1717054200.0,2024-05-30 13:00:00+05:30
177.9,178.05,177.7,177.95,980.0,1717054500.0,2024-05-30 13:05:00+05:30
178.0,178.05,177.6,178.05,3052.0,1717054800.0,2024-05-30 13:10:00+05:30
178.0,178.0,178.0,178.0,600.0,1717055100.0,2024-05-30 13:15:00+05:30
178.0,178.0,177.95,178.0,2196.0,1717055400.0,2024-05-30 13:20:00+05:30
178.0,178.4,178.0,178.15,7364.0,1717055700.0,2024-05-30 13:25:00+05:30
178.15,178.15,178.05,178.05,12.0,1717056000.0,2024-05-30 13:30:00+05:30
178.05,178.05,177.85,178.0,3128.0,1717056300.0,2024-05-30 13:35:00+05:30
177.9,178.2,177.9,178.2,308.0,1717056600.0,2024-05-30 13:40:00+05:30
178.2,178.2,177.6,177.8,15872.0,1717056900.0,2024-05-30 13:45:00+05:30
177.7,177.85,177.7,177.85,156.0,1717057200.0,2024-05-30 13:50:00+05:30
177.7,177.8,177.6,177.7,564.0,1717057500.0,2024-05-30 13:55:00+05:30
177.8,177.95,177.8,177.95,892.0,1717057800.0,2024-05-30 14:00:00+05:30
177.75,177.75,177.5,177.7,7404.0,1717058100.0,2024-05-30 14:05:00+05:30
177.7,177.7,177.7,177.7,12.0,1717058400.0,2024-05-30 14:10:00+05:30
177.7,177.7,177.7,177.7,1020.0,1717058700.0,2024-05-30 14:15:00+05:30
177.7,177.7,177.5,177.7,2328.0,1717059000.0,2024-05-30 14:20:00+05:30
177.7,177.75,177.55,177.7,6720.0,1717059300.0,2024-05-30 14:25:00+05:30
177.5,177.8,177.5,177.75,10432.0,1717059600.0,2024-05-30 14:30:00+05:30
177.75,177.8,177.5,177.8,10724.0,1717059900.0,2024-05-30 14:35:00+05:30
177.8,177.9,177.65,177.9,2608.0,1717060200.0,2024-05-30 14:40:00+05:30
177.75,178.1,177.75,178.0,2572.0,1717060500.0,2024-05-30 14:45:00+05:30
178.0,180.2,178.0,180.0,55192.0,1717060800.0,2024-05-30 14:50:00+05:30
180.0,180.25,179.75,180.15,12820.0,1717061100.0,2024-05-30 14:55:00+05:30
179.9,180.1,179.35,180.0,27440.0,1717061400.0,2024-05-30 15:00:00+05:30
180.0,180.3,179.8,180.1,8580.0,1717061700.0,2024-05-30 15:05:00+05:30
180.0,180.05,179.8,180.0,10788.0,1717062000.0,2024-05-30 15:10:00+05:30
180.0,180.0,179.7,180.0,24528.0,1717062300.0,2024-05-30 15:15:00+05:30
180.0,180.1,179.75,180.0,45124.0,1717062600.0,2024-05-30 15:20:00+05:30
180.0,180.25,178.8,180.25,35976.0,1717062900.0,2024-05-30 15:25:00+05:30
179.75,179.75,178.15,179.45,2172.0,1717127100.0,2024-05-31 09:15:00+05:30
179.25,179.8,179.15,179.8,3280.0,1717127400.0,2024-05-31 09:20:00+05:30
180.0,180.65,180.0,180.5,9304.0,1717127700.0,2024-05-31 09:25:00+05:30
180.65,180.65,180.0,180.65,4612.0,1717128000.0,2024-05-31 09:30:00+05:30
180.65,180.65,180.3,180.3,668.0,1717128300.0,2024-05-31 09:35:00+05:30
180.55,180.6,180.2,180.5,1780.0,1717128600.0,2024-05-31 09:40:00+05:30
180.55,181.7,180.55,181.25,11232.0,1717128900.0,2024-05-31 09:45:00+05:30
181.25,181.25,178.7,181.25,15404.0,1717129200.0,2024-05-31 09:50:00+05:30
180.95,181.25,179.5,179.75,12904.0,1717129500.0,2024-05-31 09:55:00+05:30
179.75,182.5,179.0,182.5,17684.0,1717129800.0,2024-05-31 10:00:00+05:30
182.35,182.5,180.5,180.85,13300.0,1717130100.0,2024-05-31 10:05:00+05:30
180.5,180.5,179.5,179.5,1808.0,1717130400.0,2024-05-31 10:10:00+05:30
179.5,181.25,179.5,181.25,6480.0,1717130700.0,2024-05-31 10:15:00+05:30
181.95,182.5,180.5,181.1,15288.0,1717131000.0,2024-05-31 10:20:00+05:30
181.25,181.75,180.9,181.4,7180.0,1717131300.0,2024-05-31 10:25:00+05:30
180.85,181.45,180.35,181.45,3632.0,1717131600.0,2024-05-31 10:30:00+05:30
181.0,181.5,181.0,181.5,2532.0,1717131900.0,2024-05-31 10:35:00+05:30
181.2,181.2,180.5,180.5,2696.0,1717132200.0,2024-05-31 10:40:00+05:30
180.5,180.5,179.8,180.0,3592.0,1717132500.0,2024-05-31 10:45:00+05:30
180.0,181.5,179.75,181.25,16816.0,1717132800.0,2024-05-31 10:50:00+05:30
181.25,181.3,181.25,181.25,480.0,1717133100.0,2024-05-31 10:55:00+05:30
181.25,181.25,181.25,181.25,184.0,1717133400.0,2024-05-31 11:00:00+05:30
181.4,181.7,181.4,181.6,1264.0,1717133700.0,2024-05-31 11:05:00+05:30
181.7,181.7,181.3,181.3,572.0,1717134000.0,2024-05-31 11:10:00+05:30
181.5,181.55,181.3,181.3,4108.0,1717134300.0,2024-05-31 11:15:00+05:30
181.45,181.5,179.8,181.25,150416.0,1717134600.0,2024-05-31 11:20:00+05:30
181.25,181.4,181.1,181.25,1360.0,1717134900.0,2024-05-31 11:25:00+05:30
181.25,181.4,181.25,181.25,1000.0,1717135200.0,2024-05-31 11:30:00+05:30
181.45,181.5,181.25,181.5,980.0,1717135500.0,2024-05-31 11:35:00+05:30
181.25,181.25,180.55,181.25,8272.0,1717135800.0,2024-05-31 11:40:00+05:30
181.25,181.4,180.75,181.4,5488.0,1717136100.0,2024-05-31 11:45:00+05:30
181.45,181.45,181.4,181.4,1600.0,1717136400.0,2024-05-31 11:50:00+05:30
181.4,181.8,181.35,181.8,4860.0,1717136700.0,2024-05-31 11:55:00+05:30
181.8,181.8,181.45,181.7,4840.0,1717137000.0,2024-05-31 12:00:00+05:30
181.8,182.7,181.8,182.5,8796.0,1717137300.0,2024-05-31 12:05:00+05:30
182.5,185.7,182.5,183.75,45488.0,1717137600.0,2024-05-31 12:10:00+05:30
183.75,187.5,183.75,185.75,57880.0,1717137900.0,2024-05-31 12:15:00+05:30
185.75,186.75,185.25,186.55,13732.0,1717138200.0,2024-05-31 12:20:00+05:30
187.25,187.5,185.8,186.5,19104.0,1717138500.0,2024-05-31 12:25:00+05:30
186.5,186.5,185.7,185.75,2724.0,1717138800.0,2024-05-31 12:30:00+05:30
185.55,185.55,183.6,184.4,35584.0,1717139100.0,2024-05-31 12:35:00+05:30
184.7,184.95,184.45,184.95,1732.0,1717139400.0,2024-05-31 12:40:00+05:30
184.65,184.9,184.4,184.85,3916.0,1717139700.0,2024-05-31 12:45:00+05:30
184.8,184.9,184.55,184.55,5728.0,1717140000.0,2024-05-31 12:50:00+05:30
184.85,185.0,184.6,185.0,2128.0,1717140300.0,2024-05-31 12:55:00+05:30
184.9,185.1,184.75,185.0,1172.0,1717140600.0,2024-05-31 13:00:00+05:30
185.0,185.0,184.6,184.6,1776.0,1717140900.0,2024-05-31 13:05:00+05:30
184.55,184.55,184.0,184.0,4632.0,1717141200.0,2024-05-31 13:10:00+05:30
184.0,184.3,184.0,184.3,1580.0,1717141500.0,2024-05-31 13:15:00+05:30
184.3,184.3,183.5,183.5,2384.0,1717141800.0,2024-05-31 13:20:00+05:30
183.5,183.7,183.05,183.45,3152.0,1717142100.0,2024-05-31 13:25:00+05:30
183.3,183.3,182.95,183.2,1344.0,1717142400.0,2024-05-31 13:30:00+05:30
183.0,183.25,182.55,183.1,2500.0,1717142700.0,2024-05-31 13:35:00+05:30
183.1,183.2,182.75,182.8,868.0,1717143000.0,2024-05-31 13:40:00+05:30
182.8,182.95,182.55,182.85,764.0,1717143300.0,2024-05-31 13:45:00+05:30
182.6,183.3,182.5,182.9,4196.0,1717143600.0,2024-05-31 13:50:00+05:30
183.15,183.3,183.0,183.0,360.0,1717143900.0,2024-05-31 13:55:00+05:30
182.95,182.95,182.5,182.65,1556.0,1717144200.0,2024-05-31 14:00:00+05:30
182.7,182.75,182.2,182.3,4792.0,1717144500.0,2024-05-31 14:05:00+05:30
182.3,182.45,182.0,182.45,1024.0,1717144800.0,2024-05-31 14:10:00+05:30
182.45,182.45,181.5,181.5,2624.0,1717145100.0,2024-05-31 14:15:00+05:30
181.7,181.95,181.5,181.95,1200.0,1717145400.0,2024-05-31 14:20:00+05:30
181.95,181.95,181.5,181.9,768.0,1717145700.0,2024-05-31 14:25:00+05:30
181.9,181.9,181.5,181.7,136.0,1717146000.0,2024-05-31 14:30:00+05:30
181.8,181.8,181.5,181.5,480.0,1717146300.0,2024-05-31 14:35:00+05:30
181.55,181.6,181.4,181.4,308.0,1717146600.0,2024-05-31 14:40:00+05:30
181.6,181.6,181.1,181.25,2236.0,1717146900.0,2024-05-31 14:45:00+05:30
181.25,181.7,181.2,181.4,1360.0,1717147200.0,2024-05-31 14:50:00+05:30
181.65,181.65,181.2,181.3,2536.0,1717147500.0,2024-05-31 14:55:00+05:30
181.3,181.55,181.1,181.3,10580.0,1717147800.0,2024-05-31 15:00:00+05:30
181.3,181.4,181.05,181.25,10504.0,1717148100.0,2024-05-31 15:05:00+05:30
181.25,181.3,181.05,181.25,9888.0,1717148400.0,2024-05-31 15:10:00+05:30
181.25,182.8,181.1,182.6,33280.0,1717148700.0,2024-05-31 15:15:00+05:30
182.4,182.6,181.8,182.5,30624.0,1717149000.0,2024-05-31 15:20:00+05:30
182.5,184.2,182.0,182.5,19336.0,1717149300.0,2024-05-31 15:25:00+05:30
191.25,191.25,182.5,182.7,13116.0,1717386300.0,2024-06-03 09:15:00+05:30
182.7,183.0,182.25,182.65,3832.0,1717386600.0,2024-06-03 09:20:00+05:30
182.95,183.1,182.5,182.5,1676.0,1717386900.0,2024-06-03 09:25:00+05:30
182.15,183.35,182.15,182.45,10500.0,1717387200.0,2024-06-03 09:30:00+05:30
182.25,183.05,182.15,183.05,592.0,1717387500.0,2024-06-03 09:35:00+05:30
182.9,182.9,180.45,180.8,27464.0,1717387800.0,2024-06-03 09:40:00+05:30
180.75,180.9,179.5,180.5,13488.0,1717388100.0,2024-06-03 09:45:00+05:30
180.25,181.25,180.25,180.7,4192.0,1717388400.0,2024-06-03 09:50:00+05:30
180.5,180.5,179.75,179.95,10076.0,1717388700.0,2024-06-03 09:55:00+05:30
179.75,180.35,179.6,180.3,5944.0,1717389000.0,2024-06-03 10:00:00+05:30
180.3,180.45,179.75,180.0,4404.0,1717389300.0,2024-06-03 10:05:00+05:30
179.75,179.8,179.2,179.6,2272.0,1717389600.0,2024-06-03 10:10:00+05:30
179.6,179.9,179.15,179.15,3592.0,1717389900.0,2024-06-03 10:15:00+05:30
179.45,179.45,178.9,178.9,3792.0,1717390200.0,2024-06-03 10:20:00+05:30
179.0,180.45,178.45,180.45,9984.0,1717390500.0,2024-06-03 10:25:00+05:30
180.25,180.7,179.5,180.7,95028.0,1717390800.0,2024-06-03 10:30:00+05:30
180.5,180.7,180.45,180.5,2652.0,1717391100.0,2024-06-03 10:35:00+05:30
180.5,181.0,180.25,180.7,3888.0,1717391400.0,2024-06-03 10:40:00+05:30
180.7,181.0,180.7,180.75,2284.0,1717391700.0,2024-06-03 10:45:00+05:30
180.95,181.5,180.95,181.25,4492.0,1717392000.0,2024-06-03 10:50:00+05:30
181.3,182.0,181.25,182.0,6256.0,1717392300.0,2024-06-03 10:55:00+05:30
182.0,182.0,181.7,181.8,3144.0,1717392600.0,2024-06-03 11:00:00+05:30
181.95,182.35,181.7,182.35,4548.0,1717392900.0,2024-06-03 11:05:00+05:30
182.2,182.75,182.2,182.5,3436.0,1717393200.0,2024-06-03 11:10:00+05:30
182.75,182.8,182.5,182.5,4516.0,1717393500.0,2024-06-03 11:15:00+05:30
182.5,182.7,182.4,182.5,2872.0,1717393800.0,2024-06-03 11:20:00+05:30
182.15,183.0,182.15,182.5,4940.0,1717394100.0,2024-06-03 11:25:00+05:30
182.5,182.7,182.5,182.7,576.0,1717394400.0,2024-06-03 11:30:00+05:30
182.7,182.75,182.15,182.5,1960.0,1717394700.0,2024-06-03 11:35:00+05:30
182.5,182.7,182.5,182.7,2812.0,1717395000.0,2024-06-03 11:40:00+05:30
182.7,182.75,182.5,182.5,5132.0,1717395300.0,2024-06-03 11:45:00+05:30
182.5,183.7,182.5,183.7,15244.0,1717395600.0,2024-06-03 11:50:00+05:30
183.75,183.75,183.5,183.7,2588.0,1717395900.0,2024-06-03 11:55:00+05:30
183.5,183.75,183.5,183.75,2612.0,1717396200.0,2024-06-03 12:00:00+05:30
183.5,184.35,183.5,183.95,1612.0,1717396500.0,2024-06-03 12:05:00+05:30
183.95,183.95,183.5,183.5,1904.0,1717396800.0,2024-06-03 12:10:00+05:30
183.5,183.5,183.5,183.5,260.0,1717397100.0,2024-06-03 12:15:00+05:30
183.5,184.0,183.5,183.95,8036.0,1717397400.0,2024-06-03 12:20:00+05:30
183.95,183.95,183.5,183.5,888.0,1717397700.0,2024-06-03 12:25:00+05:30
183.5,183.75,183.45,183.6,3284.0,1717398000.0,2024-06-03 12:30:00+05:30
183.6,183.6,183.5,183.5,1388.0,1717398300.0,2024-06-03 12:35:00+05:30
183.5,183.75,183.5,183.75,1564.0,1717398600.0,2024-06-03 12:40:00+05:30
183.75,183.75,183.5,183.7,4620.0,1717398900.0,2024-06-03 12:45:00+05:30
183.5,183.5,183.5,183.5,928.0,1717399200.0,2024-06-03 12:50:00+05:30
183.55,183.55,183.5,183.55,144.0,1717399500.0,2024-06-03 12:55:00+05:30
183.55,183.55,183.5,183.5,4672.0,1717399800.0,2024-06-03 13:00:00+05:30
183.5,183.5,183.3,183.5,796.0,1717400100.0,2024-06-03 13:05:00+05:30
183.5,183.55,183.5,183.5,1432.0,1717400400.0,2024-06-03 13:10:00+05:30
183.5,183.5,183.5,183.5,1696.0,1717400700.0,2024-06-03 13:15:00+05:30
183.5,183.6,183.5,183.5,7696.0,1717401000.0,2024-06-03 13:20:00+05:30
183.5,183.55,183.35,183.55,2228.0,1717401300.0,2024-06-03 13:25:00+05:30
183.5,183.5,183.3,183.5,680.0,1717401600.0,2024-06-03 13:30:00+05:30
183.55,183.55,183.5,183.5,1832.0,1717401900.0,2024-06-03 13:35:00+05:30
183.55,183.55,182.5,182.5,11228.0,1717402200.0,2024-06-03 13:40:00+05:30
182.5,182.65,182.5,182.55,380.0,1717402500.0,2024-06-03 13:45:00+05:30
182.8,182.8,182.35,182.5,5636.0,1717402800.0,2024-06-03 13:50:00+05:30
182.5,182.6,182.5,182.5,496.0,1717403100.0,2024-06-03 13:55:00+05:30
182.5,182.6,182.5,182.6,6176.0,1717403400.0,2024-06-03 14:00:00+05:30
182.45,182.65,182.45,182.65,7932.0,1717403700.0,2024-06-03 14:05:00+05:30
182.65,182.7,182.65,182.65,13436.0,1717404000.0,2024-06-03 14:10:00+05:30
182.65,182.9,181.25,181.4,56528.0,1717404300.0,2024-06-03 14:15:00+05:30
181.5,182.0,181.45,181.8,4564.0,1717404600.0,2024-06-03 14:20:00+05:30
181.65,181.65,181.45,181.6,756.0,1717404900.0,2024-06-03 14:25:00+05:30
181.6,181.95,181.6,181.8,2064.0,1717405200.0,2024-06-03 14:30:00+05:30
181.95,182.25,181.95,182.2,10176.0,1717405500.0,2024-06-03 14:35:00+05:30
182.2,182.25,182.2,182.2,4968.0,1717405800.0,2024-06-03 14:40:00+05:30
182.2,182.25,182.0,182.25,41216.0,1717406100.0,2024-06-03 14:45:00+05:30
182.25,182.35,180.5,180.7,48560.0,1717406400.0,2024-06-03 14:50:00+05:30
181.3,181.3,180.2,180.6,4644.0,1717406700.0,2024-06-03 14:55:00+05:30
180.6,180.7,180.3,180.45,1516.0,1717407000.0,2024-06-03 15:00:00+05:30
180.6,180.65,179.35,179.75,11404.0,1717407300.0,2024-06-03 15:05:00+05:30
179.75,180.0,178.45,178.5,14520.0,1717407600.0,2024-06-03 15:10:00+05:30
178.1,178.95,177.9,178.95,27364.0,1717407900.0,2024-06-03 15:15:00+05:30
179.0,179.5,178.7,179.5,130216.0,1717408200.0,2024-06-03 15:20:00+05:30
179.5,179.75,178.15,178.3,108080.0,1717408500.0,2024-06-03 15:25:00+05:30
178.2,178.2,172.5,173.75,33136.0,1717472700.0,2024-06-04 09:15:00+05:30
173.9,174.35,171.8,174.1,30916.0,1717473000.0,2024-06-04 09:20:00+05:30
174.1,176.4,174.05,176.2,40668.0,1717473300.0,2024-06-04 09:25:00+05:30
176.2,176.4,175.7,176.2,50708.0,1717473600.0,2024-06-04 09:30:00+05:30
176.25,176.25,174.75,175.85,108140.0,1717473900.0,2024-06-04 09:35:00+05:30
175.75,176.2,175.55,175.75,11896.0,1717474200.0,2024-06-04 09:40:00+05:30
175.55,176.8,175.55,176.8,6388.0,1717474500.0,2024-06-04 09:45:00+05:30
176.8,178.05,176.75,178.0,13172.0,1717474800.0,2024-06-04 09:50:00+05:30
178.0,178.4,177.8,178.25,20416.0,1717475100.0,2024-06-04 09:55:00+05:30
178.25,178.75,178.25,178.75,6624.0,1717475400.0,2024-06-04 10:00:00+05:30
179.0,180.3,179.0,179.5,16676.0,1717475700.0,2024-06-04 10:05:00+05:30
179.25,179.75,179.0,179.7,7228.0,1717476000.0,2024-06-04 10:10:00+05:30
179.5,179.75,179.1,179.4,9712.0,1717476300.0,2024-06-04 10:15:00+05:30
179.25,179.45,179.2,179.45,7732.0,1717476600.0,2024-06-04 10:20:00+05:30
179.3,179.6,179.2,179.2,3704.0,1717476900.0,2024-06-04 10:25:00+05:30
179.55,179.55,179.3,179.3,672.0,1717477200.0,2024-06-04 10:30:00+05:30
179.35,179.5,179.35,179.5,672.0,1717477500.0,2024-06-04 10:35:00+05:30
179.5,179.5,179.2,179.3,18312.0,1717477800.0,2024-06-04 10:40:00+05:30
179.4,179.4,179.05,179.2,4756.0,1717478100.0,2024-06-04 10:45:00+05:30
179.2,179.2,179.0,179.2,43464.0,1717478400.0,2024-06-04 10:50:00+05:30
179.2,179.3,175.65,176.25,74432.0,1717478700.0,2024-06-04 10:55:00+05:30
175.8,176.05,174.75,174.85,16424.0,1717479000.0,2024-06-04 11:00:00+05:30
175.0,175.1,173.75,174.1,11840.0,1717479300.0,2024-06-04 11:05:00+05:30
174.1,174.5,173.0,173.3,12172.0,1717479600.0,2024-06-04 11:10:00+05:30
173.25,173.25,171.3,172.3,28900.0,1717479900.0,2024-06-04 11:15:00+05:30
172.3,172.65,171.25,172.6,14668.0,1717480200.0,2024-06-04 11:20:00+05:30
172.55,172.55,172.0,172.5,1888.0,1717480500.0,2024-06-04 11:25:00+05:30
172.0,173.25,172.0,173.25,3260.0,1717480800.0,2024-06-04 11:30:00+05:30
173.25,176.5,173.15,176.05,26944.0,1717481100.0,2024-06-04 11:35:00+05:30
176.15,176.25,174.75,176.25,9860.0,1717481400.0,2024-06-04 11:40:00+05:30
176.5,176.5,175.65,176.05,1112.0,1717481700.0,2024-06-04 11:45:00+05:30
176.1,176.2,174.95,175.5,928.0,1717482000.0,2024-06-04 11:50:00+05:30
175.55,175.7,173.1,173.1,4096.0,1717482300.0,2024-06-04 11:55:00+05:30
173.25,173.65,172.75,173.05,6416.0,1717482600.0,2024-06-04 12:00:00+05:30
173.05,173.1,172.0,172.3,12748.0,1717482900.0,2024-06-04 12:05:00+05:30
172.0,172.55,172.0,172.1,11432.0,1717483200.0,2024-06-04 12:10:00+05:30
172.1,173.1,171.25,171.55,20068.0,1717483500.0,2024-06-04 12:15:00+05:30
171.55,171.55,168.25,169.65,41824.0,1717483800.0,2024-06-04 12:20:00+05:30
169.1,169.5,168.5,168.75,9104.0,1717484100.0,2024-06-04 12:25:00+05:30
168.75,169.0,164.75,166.85,35856.0,1717484400.0,2024-06-04 12:30:00+05:30
167.0,167.95,163.0,164.9,14172.0,1717484700.0,2024-06-04 12:35:00+05:30
164.9,168.5,163.1,168.5,14012.0,1717485000.0,2024-06-04 12:40:00+05:30
168.5,169.5,168.05,169.5,11560.0,1717485300.0,2024-06-04 12:45:00+05:30
169.25,169.5,165.8,167.5,51516.0,1717485600.0,2024-06-04 12:50:00+05:30
166.95,169.45,166.7,169.05,17964.0,1717485900.0,2024-06-04 12:55:00+05:30
169.3,169.5,168.5,169.25,9692.0,1717486200.0,2024-06-04 13:00:00+05:30
169.25,170.45,168.6,170.45,15100.0,1717486500.0,2024-06-04 13:05:00+05:30
170.45,173.0,170.0,172.5,47484.0,1717486800.0,2024-06-04 13:10:00+05:30
172.5,173.2,172.5,172.5,47792.0,1717487100.0,2024-06-04 13:15:00+05:30
172.5,172.8,172.5,172.5,4564.0,1717487400.0,2024-06-04 13:20:00+05:30
172.9,173.7,172.9,173.4,3460.0,1717487700.0,2024-06-04 13:25:00+05:30
173.4,173.5,172.8,173.3,5444.0,1717488000.0,2024-06-04 13:30:00+05:30
173.5,173.5,172.75,173.2,3560.0,1717488300.0,2024-06-04 13:35:00+05:30
173.15,173.45,172.65,173.45,2440.0,1717488600.0,2024-06-04 13:40:00+05:30
173.45,173.5,173.0,173.3,3296.0,1717488900.0,2024-06-04 13:45:00+05:30
173.45,173.5,173.0,173.3,7304.0,1717489200.0,2024-06-04 13:50:00+05:30
173.3,173.3,172.95,173.3,2396.0,1717489500.0,2024-06-04 13:55:00+05:30
173.3,173.3,172.8,172.8,1980.0,1717489800.0,2024-06-04 14:00:00+05:30
172.9,172.9,172.25,172.85,7128.0,1717490100.0,2024-06-04 14:05:00+05:30
172.85,173.05,172.5,172.95,3792.0,1717490400.0,2024-06-04 14:10:00+05:30
172.95,173.2,172.5,172.55,10492.0,1717490700.0,2024-06-04 14:15:00+05:30
172.95,172.95,172.5,172.6,7664.0,1717491000.0,2024-06-04 14:20:00+05:30
172.7,172.95,172.3,172.75,2604.0,1717491300.0,2024-06-04 14:25:00+05:30
172.75,173.45,172.45,173.35,21812.0,1717491600.0,2024-06-04 14:30:00+05:30
173.5,174.6,173.05,174.25,22792.0,1717491900.0,2024-06-04 14:35:00+05:30
174.2,175.0,174.2,174.75,12812.0,1717492200.0,2024-06-04 14:40:00+05:30
175.0,175.0,174.65,174.9,8944.0,1717492500.0,2024-06-04 14:45:00+05:30
174.9,178.3,174.75,178.25,76080.0,1717492800.0,2024-06-04 14:50:00+05:30
178.25,179.45,177.5,179.4,27420.0,1717493100.0,2024-06-04 14:55:00+05:30
179.4,180.8,178.75,178.75,17140.0,1717493400.0,2024-06-04 15:00:00+05:30
178.75,179.0,178.75,178.75,28664.0,1717493700.0,2024-06-04 15:05:00+05:30
178.8,178.9,178.75,178.9,2920.0,1717494000.0,2024-06-04 15:10:00+05:30
178.9,179.1,178.85,179.05,52304.0,1717494300.0,2024-06-04 15:15:00+05:30
179.1,180.25,178.75,180.0,38244.0,1717494600.0,2024-06-04 15:20:00+05:30
180.0,182.45,178.75,180.0,100100.0,1717494900.0,2024-06-04 15:25:00+05:30
180.05,181.5,174.75,175.1,34764.0,1717559100.0,2024-06-05 09:15:00+05:30
174.8,175.2,172.85,174.5,26220.0,1717559400.0,2024-06-05 09:20:00+05:30
174.5,180.95,174.5,180.95,24188.0,1717559700.0,2024-06-05 09:25:00+05:30
180.95,180.95,180.0,180.1,20580.0,1717560000.0,2024-06-05 09:30:00+05:30
180.1,180.55,180.1,180.25,25140.0,1717560300.0,2024-06-05 09:35:00+05:30
180.15,180.7,180.0,180.65,3440.0,1717560600.0,2024-06-05 09:40:00+05:30
180.25,180.45,180.1,180.1,9968.0,1717560900.0,2024-06-05 09:45:00+05:30
180.25,183.2,180.15,182.8,79440.0,1717561200.0,2024-06-05 09:50:00+05:30
182.55,192.2,182.55,189.9,170812.0,1717561500.0,2024-06-05 09:55:00+05:30
189.9,191.0,187.8,188.0,40116.0,1717561800.0,2024-06-05 10:00:00+05:30
187.75,187.75,186.15,186.25,98648.0,1717562100.0,2024-06-05 10:05:00+05:30
186.6,187.45,186.15,187.2,7536.0,1717562400.0,2024-06-05 10:10:00+05:30
186.8,191.2,185.85,190.85,87116.0,1717562700.0,2024-06-05 10:15:00+05:30
190.4,191.2,190.0,190.5,67616.0,1717563000.0,2024-06-05 10:20:00+05:30
190.95,192.5,190.0,191.5,104848.0,1717563300.0,2024-06-05 10:25:00+05:30
191.9,191.95,190.8,190.9,10244.0,1717563600.0,2024-06-05 10:30:00+05:30
190.9,190.95,190.3,190.4,7644.0,1717563900.0,2024-06-05 10:35:00+05:30
190.4,191.0,190.0,191.0,22236.0,1717564200.0,2024-06-05 10:40:00+05:30
191.05,193.1,190.6,191.65,72856.0,1717564500.0,2024-06-05 10:45:00+05:30
191.45,191.95,190.85,191.5,7644.0,1717564800.0,2024-06-05 10:50:00+05:30
192.0,192.0,191.15,191.15,10780.0,1717565100.0,2024-06-05 10:55:00+05:30
191.2,191.25,190.4,190.5,1660.0,1717565400.0,2024-06-05 11:00:00+05:30
190.8,192.0,190.25,191.75,17860.0,1717565700.0,2024-06-05 11:05:00+05:30
191.4,192.0,191.4,192.0,2212.0,1717566000.0,2024-06-05 11:10:00+05:30
191.85,192.0,191.0,191.55,2272.0,1717566300.0,2024-06-05 11:15:00+05:30
191.0,191.0,189.8,190.1,5460.0,1717566600.0,2024-06-05 11:20:00+05:30
190.3,190.85,189.0,190.45,12056.0,1717566900.0,2024-06-05 11:25:00+05:30
190.45,190.5,189.9,190.0,660.0,1717567200.0,2024-06-05 11:30:00+05:30
190.0,190.55,188.45,188.5,9784.0,1717567500.0,2024-06-05 11:35:00+05:30
188.3,188.8,187.85,188.3,5444.0,1717567800.0,2024-06-05 11:40:00+05:30
188.05,189.7,187.8,189.7,6664.0,1717568100.0,2024-06-05 11:45:00+05:30
189.7,189.7,188.55,189.2,5232.0,1717568400.0,2024-06-05 11:50:00+05:30
189.3,189.5,189.05,189.05,2328.0,1717568700.0,2024-06-05 11:55:00+05:30
189.25,189.75,189.05,189.75,2828.0,1717569000.0,2024-06-05 12:00:00+05:30
189.75,191.6,189.75,191.6,25292.0,1717569300.0,2024-06-05 12:05:00+05:30
191.6,192.6,191.55,192.2,30896.0,1717569600.0,2024-06-05 12:10:00+05:30
192.3,192.75,191.65,192.75,32676.0,1717569900.0,2024-06-05 12:15:00+05:30
193.0,193.9,192.05,192.25,48164.0,1717570200.0,2024-06-05 12:20:00+05:30
192.6,192.9,191.3,191.35,10060.0,1717570500.0,2024-06-05 12:25:00+05:30
191.55,191.8,189.9,189.9,10440.0,1717570800.0,2024-06-05 12:30:00+05:30
190.2,190.3,190.05,190.1,980.0,1717571100.0,2024-06-05 12:35:00+05:30
190.2,190.3,189.25,189.35,1900.0,1717571400.0,2024-06-05 12:40:00+05:30
189.35,189.9,188.55,188.65,3844.0,1717571700.0,2024-06-05 12:45:00+05:30
188.85,189.85,188.85,189.5,4464.0,1717572000.0,2024-06-05 12:50:00+05:30
189.7,190.15,189.7,190.0,520.0,1717572300.0,2024-06-05 12:55:00+05:30
190.0,190.4,189.9,190.4,1064.0,1717572600.0,2024-06-05 13:00:00+05:30
190.4,190.4,189.75,189.95,656.0,1717572900.0,2024-06-05 13:05:00+05:30
189.95,189.95,189.0,189.2,1524.0,1717573200.0,2024-06-05 13:10:00+05:30
189.2,190.05,189.0,189.55,10188.0,1717573500.0,2024-06-05 13:15:00+05:30
189.7,189.75,188.9,188.9,1104.0,1717573800.0,2024-06-05 13:20:00+05:30
189.1,189.35,187.9,188.65,4720.0,1717574100.0,2024-06-05 13:25:00+05:30
188.65,189.55,188.55,189.55,2680.0,1717574400.0,2024-06-05 13:30:00+05:30
189.3,190.65,189.3,190.4,6324.0,1717574700.0,2024-06-05 13:35:00+05:30
190.65,191.4,190.4,191.05,6832.0,1717575000.0,2024-06-05 13:40:00+05:30
191.2,191.3,190.6,190.6,2044.0,1717575300.0,2024-06-05 13:45:00+05:30
190.95,191.2,190.6,190.8,920.0,1717575600.0,2024-06-05 13:50:00+05:30
191.05,191.5,190.7,191.2,2496.0,1717575900.0,2024-06-05 13:55:00+05:30
191.4,191.5,191.05,191.45,1340.0,1717576200.0,2024-06-05 14:00:00+05:30
191.5,191.7,190.75,191.05,7668.0,1717576500.0,2024-06-05 14:05:00+05:30
191.05,191.05,189.3,189.85,9032.0,1717576800.0,2024-06-05 14:10:00+05:30
189.95,193.1,189.95,192.65,41220.0,1717577100.0,2024-06-05 14:15:00+05:30
192.55,195.0,192.5,194.55,115796.0,1717577400.0,2024-06-05 14:20:00+05:30
194.4,195.0,194.35,194.5,23016.0,1717577700.0,2024-06-05 14:25:00+05:30
194.55,195.0,193.8,194.0,9940.0,1717578000.0,2024-06-05 14:30:00+05:30
194.0,194.95,194.0,194.55,15272.0,1717578300.0,2024-06-05 14:35:00+05:30
195.0,195.25,193.75,193.75,50392.0,1717578600.0,2024-06-05 14:40:00+05:30
194.05,194.75,193.8,194.75,6120.0,1717578900.0,2024-06-05 14:45:00+05:30
194.55,194.55,193.8,194.25,4132.0,1717579200.0,2024-06-05 14:50:00+05:30
193.85,193.85,193.25,193.6,9936.0,1717579500.0,2024-06-05 14:55:00+05:30
193.4,194.4,192.95,193.05,9088.0,1717579800.0,2024-06-05 15:00:00+05:30
193.05,193.8,192.6,193.1,15016.0,1717580100.0,2024-06-05 15:05:00+05:30
194.05,194.05,192.6,192.8,11324.0,1717580400.0,2024-06-05 15:10:00+05:30
192.75,193.25,192.7,193.25,6000.0,1717580700.0,2024-06-05 15:15:00+05:30
193.25,194.95,192.6,194.35,24000.0,1717581000.0,2024-06-05 15:20:00+05:30
194.25,194.75,193.25,193.4,18488.0,1717581300.0,2024-06-05 15:25:00+05:30
193.4,193.4,193.4,193.4,0.0,1717581600.0,2024-06-05 15:30:00+05:30
198.25,201.2,197.0,198.9,74788.0,1717645500.0,2024-06-06 09:15:00+05:30
198.7,199.4,197.55,199.4,32872.0,1717645800.0,2024-06-06 09:20:00+05:30
199.4,199.5,198.25,198.6,9500.0,1717646100.0,2024-06-06 09:25:00+05:30
198.4,199.4,197.8,197.8,15332.0,1717646400.0,2024-06-06 09:30:00+05:30
198.1,198.4,197.5,198.0,10464.0,1717646700.0,2024-06-06 09:35:00+05:30
198.4,198.75,198.25,198.35,2312.0,1717647000.0,2024-06-06 09:40:00+05:30
198.3,198.5,197.0,197.0,7028.0,1717647300.0,2024-06-06 09:45:00+05:30
197.3,197.45,196.8,196.8,8316.0,1717647600.0,2024-06-06 09:50:00+05:30
197.1,197.1,195.75,196.6,11476.0,1717647900.0,2024-06-06 09:55:00+05:30
196.65,196.7,196.3,196.7,1952.0,1717648200.0,2024-06-06 10:00:00+05:30
196.6,196.6,195.5,196.25,6160.0,1717648500.0,2024-06-06 10:05:00+05:30
196.25,196.25,195.75,196.0,1112.0,1717648800.0,2024-06-06 10:10:00+05:30
195.75,195.9,194.55,195.05,12064.0,1717649100.0,2024-06-06 10:15:00+05:30
195.0,195.75,195.0,195.5,2760.0,1717649400.0,2024-06-06 10:20:00+05:30
195.8,196.75,195.5,196.5,4032.0,1717649700.0,2024-06-06 10:25:00+05:30
196.75,196.75,196.7,196.75,796.0,1717650000.0,2024-06-06 10:30:00+05:30
196.5,196.75,196.5,196.75,1552.0,1717650300.0,2024-06-06 10:35:00+05:30
196.55,197.3,196.55,197.0,7012.0,1717650600.0,2024-06-06 10:40:00+05:30
198.0,198.75,198.0,198.5,33696.0,1717650900.0,2024-06-06 10:45:00+05:30
198.7,198.7,198.0,198.0,5436.0,1717651200.0,2024-06-06 10:50:00+05:30
197.95,197.95,197.0,197.3,4908.0,1717651500.0,2024-06-06 10:55:00+05:30
196.9,197.2,196.65,196.85,1640.0,1717651800.0,2024-06-06 11:00:00+05:30
196.85,197.25,196.85,197.25,180.0,1717652100.0,2024-06-06 11:05:00+05:30
197.05,197.2,196.9,197.1,692.0,1717652400.0,2024-06-06 11:10:00+05:30
197.35,197.45,197.2,197.2,848.0,1717652700.0,2024-06-06 11:15:00+05:30
197.05,197.5,197.05,197.5,852.0,1717653000.0,2024-06-06 11:20:00+05:30
198.0,198.25,197.8,198.15,2580.0,1717653300.0,2024-06-06 11:25:00+05:30
197.95,198.5,197.75,198.0,3412.0,1717653600.0,2024-06-06 11:30:00+05:30
198.05,198.2,197.15,197.5,984.0,1717653900.0,2024-06-06 11:35:00+05:30
197.2,197.6,197.15,197.4,364.0,1717654200.0,2024-06-06 11:40:00+05:30
197.4,197.4,196.0,196.0,2360.0,1717654500.0,2024-06-06 11:45:00+05:30
196.0,197.2,196.0,196.8,3188.0,1717654800.0,2024-06-06 11:50:00+05:30
196.8,197.1,196.65,197.1,1356.0,1717655100.0,2024-06-06 11:55:00+05:30
197.1,197.1,196.65,196.65,440.0,1717655400.0,2024-06-06 12:00:00+05:30
196.65,197.0,196.65,197.0,184.0,1717655700.0,2024-06-06 12:05:00+05:30
197.05,198.1,197.05,197.25,4276.0,1717656000.0,2024-06-06 12:10:00+05:30
197.45,197.45,197.1,197.1,1404.0,1717656300.0,2024-06-06 12:15:00+05:30
197.1,198.1,197.1,198.1,796.0,1717656600.0,2024-06-06 12:20:00+05:30
198.25,198.25,197.75,197.75,3124.0,1717656900.0,2024-06-06 12:25:00+05:30
198.05,198.1,197.75,198.05,1324.0,1717657200.0,2024-06-06 12:30:00+05:30
198.05,198.05,197.7,197.7,204.0,1717657500.0,2024-06-06 12:35:00+05:30
198.75,198.75,197.9,197.9,5080.0,1717657800.0,2024-06-06 12:40:00+05:30
197.65,197.65,197.15,197.45,1248.0,1717658100.0,2024-06-06 12:45:00+05:30
197.45,197.7,197.45,197.65,440.0,1717658400.0,2024-06-06 12:50:00+05:30
197.5,197.55,197.2,197.2,676.0,1717658700.0,2024-06-06 12:55:00+05:30
197.3,197.4,197.1,197.4,624.0,1717659000.0,2024-06-06 13:00:00+05:30
197.0,197.2,196.7,196.7,1456.0,1717659300.0,2024-06-06 13:05:00+05:30
196.75,197.4,196.25,197.3,2188.0,1717659600.0,2024-06-06 13:10:00+05:30
197.3,197.3,197.3,197.3,0.0,1717659900.0,2024-06-06 13:15:00+05:30
197.15,197.3,197.0,197.1,1796.0,1717660200.0,2024-06-06 13:20:00+05:30
197.1,198.0,197.0,197.25,1984.0,1717660500.0,2024-06-06 13:25:00+05:30
197.25,197.25,197.15,197.15,32.0,1717660800.0,2024-06-06 13:30:00+05:30
197.1,197.2,197.1,197.2,164.0,1717661100.0,2024-06-06 13:35:00+05:30
197.2,198.15,197.2,197.3,27868.0,1717661400.0,2024-06-06 13:40:00+05:30
197.3,197.75,197.25,197.75,964.0,1717661700.0,2024-06-06 13:45:00+05:30
197.75,197.75,197.3,197.35,796.0,1717662000.0,2024-06-06 13:50:00+05:30
197.35,197.6,197.1,197.45,2668.0,1717662300.0,2024-06-06 13:55:00+05:30
197.1,197.5,197.05,197.05,1304.0,1717662600.0,2024-06-06 14:00:00+05:30
197.35,197.5,197.0,197.2,2208.0,1717662900.0,2024-06-06 14:05:00+05:30
197.2,197.2,196.95,197.15,220.0,1717663200.0,2024-06-06 14:10:00+05:30
197.15,197.15,196.5,197.1,4004.0,1717663500.0,2024-06-06 14:15:00+05:30
196.65,196.85,196.65,196.8,484.0,1717663800.0,2024-06-06 14:20:00+05:30
196.5,196.95,196.3,196.55,1472.0,1717664100.0,2024-06-06 14:25:00+05:30
196.55,196.65,196.25,196.45,1096.0,1717664400.0,2024-06-06 14:30:00+05:30
196.45,196.6,194.5,194.6,10188.0,1717664700.0,2024-06-06 14:35:00+05:30
194.6,194.85,192.4,193.75,33048.0,1717665000.0,2024-06-06 14:40:00+05:30
193.95,193.95,193.65,193.7,1632.0,1717665300.0,2024-06-06 14:45:00+05:30
193.85,195.0,193.85,194.25,3436.0,1717665600.0,2024-06-06 14:50:00+05:30
194.2,195.0,194.2,194.75,1008.0,1717665900.0,2024-06-06 14:55:00+05:30
194.75,195.7,193.8,195.7,12500.0,1717666200.0,2024-06-06 15:00:00+05:30
195.45,195.45,194.2,194.35,5820.0,1717666500.0,2024-06-06 15:05:00+05:30
194.1,194.5,193.6,193.6,2816.0,1717666800.0,2024-06-06 15:10:00+05:30
193.6,193.95,193.2,193.9,12432.0,1717667100.0,2024-06-06 15:15:00+05:30
193.75,193.8,192.55,193.1,18464.0,1717667400.0,2024-06-06 15:20:00+05:30
192.85,195.0,192.5,193.0,31348.0,1717667700.0,2024-06-06 15:25:00+05:30
194.25,196.6,192.5,195.15,32700.0,1717731900.0,2024-06-07 09:15:00+05:30
195.3,196.75,195.05,196.6,7116.0,1717732200.0,2024-06-07 09:20:00+05:30
196.25,197.6,196.25,197.0,9232.0,1717732500.0,2024-06-07 09:25:00+05:30
196.75,196.75,195.5,195.95,5888.0,1717732800.0,2024-06-07 09:30:00+05:30
196.4,196.85,196.3,196.45,876.0,1717733100.0,2024-06-07 09:35:00+05:30
196.0,196.7,196.0,196.05,4292.0,1717733400.0,2024-06-07 09:40:00+05:30
196.3,196.3,195.75,195.8,6384.0,1717733700.0,2024-06-07 09:45:00+05:30
195.8,196.35,195.55,195.6,5308.0,1717734000.0,2024-06-07 09:50:00+05:30
195.6,195.9,195.6,195.85,596.0,1717734300.0,2024-06-07 09:55:00+05:30
195.8,196.2,195.8,195.95,548.0,1717734600.0,2024-06-07 10:00:00+05:30
195.95,196.3,195.75,195.95,800.0,1717734900.0,2024-06-07 10:05:00+05:30
196.05,196.05,195.65,195.65,1752.0,1717735200.0,2024-06-07 10:10:00+05:30
195.65,195.65,195.45,195.45,532.0,1717735500.0,2024-06-07 10:15:00+05:30
195.45,195.65,195.25,195.5,1876.0,1717735800.0,2024-06-07 10:20:00+05:30
195.5,195.65,195.3,195.65,532.0,1717736100.0,2024-06-07 10:25:00+05:30
195.65,195.65,195.3,195.55,404.0,1717736400.0,2024-06-07 10:30:00+05:30
195.7,195.7,195.0,195.0,5324.0,1717736700.0,2024-06-07 10:35:00+05:30
195.0,195.25,194.8,195.0,4180.0,1717737000.0,2024-06-07 10:40:00+05:30
195.0,195.25,195.0,195.0,536.0,1717737300.0,2024-06-07 10:45:00+05:30
195.25,195.25,194.9,194.95,748.0,1717737600.0,2024-06-07 10:50:00+05:30
194.95,195.4,194.95,195.4,1508.0,1717737900.0,2024-06-07 10:55:00+05:30
195.4,195.4,195.0,195.4,852.0,1717738200.0,2024-06-07 11:00:00+05:30
195.2,195.4,195.2,195.4,88.0,1717738500.0,2024-06-07 11:05:00+05:30
195.4,195.4,194.9,195.25,872.0,1717738800.0,2024-06-07 11:10:00+05:30
195.25,195.25,195.25,195.25,124.0,1717739100.0,2024-06-07 11:15:00+05:30
195.25,195.25,195.25,195.25,8.0,1717739400.0,2024-06-07 11:20:00+05:30
195.25,195.35,195.05,195.2,804.0,1717739700.0,2024-06-07 11:25:00+05:30
195.4,195.4,195.05,195.05,628.0,1717740000.0,2024-06-07 11:30:00+05:30
195.05,195.3,194.75,195.0,2452.0,1717740300.0,2024-06-07 11:35:00+05:30
195.35,195.35,194.9,194.95,852.0,1717740600.0,2024-06-07 11:40:00+05:30
194.95,194.95,194.95,194.95,0.0,1717740900.0,2024-06-07 11:45:00+05:30
194.75,194.95,194.4,194.55,9560.0,1717741200.0,2024-06-07 11:50:00+05:30
194.55,194.55,194.0,194.25,3180.0,1717741500.0,2024-06-07 11:55:00+05:30
194.25,194.25,193.75,194.0,716.0,1717741800.0,2024-06-07 12:00:00+05:30
194.0,194.6,194.0,194.5,2140.0,1717742100.0,2024-06-07 12:05:00+05:30
194.5,194.5,194.2,194.5,92.0,1717742400.0,2024-06-07 12:10:00+05:30
194.5,194.7,193.9,194.7,3644.0,1717742700.0,2024-06-07 12:15:00+05:30
194.7,196.25,194.65,195.6,14964.0,1717743000.0,2024-06-07 12:20:00+05:30
195.6,195.7,195.35,195.35,432.0,1717743300.0,2024-06-07 12:25:00+05:30
195.5,195.8,195.15,195.5,2108.0,1717743600.0,2024-06-07 12:30:00+05:30
195.5,195.6,195.4,195.4,572.0,1717743900.0,2024-06-07 12:35:00+05:30
195.05,196.4,195.05,196.4,23172.0,1717744200.0,2024-06-07 12:40:00+05:30
196.4,196.5,196.05,196.5,2112.0,1717744500.0,2024-06-07 12:45:00+05:30
196.75,197.5,196.15,196.65,27900.0,1717744800.0,2024-06-07 12:50:00+05:30
196.75,196.8,196.55,196.8,1668.0,1717745100.0,2024-06-07 12:55:00+05:30
196.7,196.75,196.05,196.1,8024.0,1717745400.0,2024-06-07 13:00:00+05:30
195.9,196.1,195.8,195.8,984.0,1717745700.0,2024-06-07 13:05:00+05:30
196.1,196.55,196.05,196.55,1924.0,1717746000.0,2024-06-07 13:10:00+05:30
196.4,196.75,196.4,196.55,1320.0,1717746300.0,2024-06-07 13:15:00+05:30
196.75,196.8,196.15,196.2,4028.0,1717746600.0,2024-06-07 13:20:00+05:30
196.45,196.45,196.25,196.4,488.0,1717746900.0,2024-06-07 13:25:00+05:30
196.6,196.8,196.55,196.7,528.0,1717747200.0,2024-06-07 13:30:00+05:30
196.7,197.1,196.7,196.8,500.0,1717747500.0,2024-06-07 13:35:00+05:30
196.8,197.1,196.8,196.9,492.0,1717747800.0,2024-06-07 13:40:00+05:30
196.9,196.9,196.7,196.7,444.0,1717748100.0,2024-06-07 13:45:00+05:30
196.95,196.95,196.25,196.5,6224.0,1717748400.0,2024-06-07 13:50:00+05:30
196.85,196.9,196.5,196.55,988.0,1717748700.0,2024-06-07 13:55:00+05:30
196.55,196.95,196.3,196.95,2032.0,1717749000.0,2024-06-07 14:00:00+05:30
196.6,196.6,196.5,196.6,516.0,1717749300.0,2024-06-07 14:05:00+05:30
196.6,196.6,196.15,196.35,604.0,1717749600.0,2024-06-07 14:10:00+05:30
196.35,196.35,195.8,195.8,336.0,1717749900.0,2024-06-07 14:15:00+05:30
195.8,195.8,195.5,195.5,392.0,1717750200.0,2024-06-07 14:20:00+05:30
195.45,195.75,195.1,195.2,9420.0,1717750500.0,2024-06-07 14:25:00+05:30
195.2,195.55,195.2,195.25,496.0,1717750800.0,2024-06-07 14:30:00+05:30
195.05,195.05,195.05,195.05,276.0,1717751100.0,2024-06-07 14:35:00+05:30
195.1,195.1,195.0,195.1,2756.0,1717751400.0,2024-06-07 14:40:00+05:30
195.1,195.25,194.95,194.95,1088.0,1717751700.0,2024-06-07 14:45:00+05:30
195.2,195.25,195.05,195.25,680.0,1717752000.0,2024-06-07 14:50:00+05:30
195.25,195.25,194.4,194.8,1740.0,1717752300.0,2024-06-07 14:55:00+05:30
195.0,195.0,194.5,194.5,592.0,1717752600.0,2024-06-07 15:00:00+05:30
195.0,195.75,195.0,195.2,8292.0,1717752900.0,2024-06-07 15:05:00+05:30
195.15,195.45,195.15,195.4,836.0,1717753200.0,2024-06-07 15:10:00+05:30
195.2,196.35,195.0,195.75,18088.0,1717753500.0,2024-06-07 15:15:00+05:30
195.4,195.85,194.5,194.8,13256.0,1717753800.0,2024-06-07 15:20:00+05:30
194.6,195.0,193.1,194.2,8512.0,1717754100.0,2024-06-07 15:25:00+05:30
194.2,197.35,194.2,196.4,6424.0,1717991100.0,2024-06-10 09:15:00+05:30
196.4,197.2,196.0,197.2,2612.0,1717991400.0,2024-06-10 09:20:00+05:30
197.3,197.3,196.5,196.9,1740.0,1717991700.0,2024-06-10 09:25:00+05:30
197.25,198.4,197.0,197.0,17340.0,1717992000.0,2024-06-10 09:30:00+05:30
196.7,196.95,196.0,196.0,18668.0,1717992300.0,2024-06-10 09:35:00+05:30
196.4,197.2,196.4,197.2,1784.0,1717992600.0,2024-06-10 09:40:00+05:30
197.2,197.5,197.2,197.45,1772.0,1717992900.0,2024-06-10 09:45:00+05:30
197.2,197.2,196.3,196.35,2012.0,1717993200.0,2024-06-10 09:50:00+05:30
197.1,197.1,196.75,196.75,1720.0,1717993500.0,2024-06-10 09:55:00+05:30
197.25,197.25,196.5,196.95,1936.0,1717993800.0,2024-06-10 10:00:00+05:30
196.95,196.95,196.65,196.65,908.0,1717994100.0,2024-06-10 10:05:00+05:30
196.9,196.9,196.25,196.45,2564.0,1717994400.0,2024-06-10 10:10:00+05:30
196.0,196.3,195.5,195.9,4232.0,1717994700.0,2024-06-10 10:15:00+05:30
195.9,196.05,195.9,196.05,476.0,1717995000.0,2024-06-10 10:20:00+05:30
196.2,196.2,195.75,195.9,1356.0,1717995300.0,2024-06-10 10:25:00+05:30
195.75,196.75,195.75,196.55,21876.0,1717995600.0,2024-06-10 10:30:00+05:30
196.6,196.65,196.0,196.65,5320.0,1717995900.0,2024-06-10 10:35:00+05:30
196.65,196.65,195.9,195.9,1876.0,1717996200.0,2024-06-10 10:40:00+05:30
195.65,195.85,195.65,195.85,1404.0,1717996500.0,2024-06-10 10:45:00+05:30
196.0,196.25,195.75,195.95,2476.0,1717996800.0,2024-06-10 10:50:00+05:30
195.95,196.65,195.95,196.6,616.0,1717997100.0,2024-06-10 10:55:00+05:30
196.6,196.75,196.0,196.0,2592.0,1717997400.0,2024-06-10 11:00:00+05:30
196.0,196.2,195.85,196.2,1076.0,1717997700.0,2024-06-10 11:05:00+05:30
196.25,196.6,195.7,195.75,1508.0,1717998000.0,2024-06-10 11:10:00+05:30
196.0,196.3,195.75,195.9,740.0,1717998300.0,2024-06-10 11:15:00+05:30
195.8,196.35,195.8,196.25,700.0,1717998600.0,2024-06-10 11:20:00+05:30
196.25,196.35,195.8,196.2,820.0,1717998900.0,2024-06-10 11:25:00+05:30
195.95,196.3,195.9,195.9,300.0,1717999200.0,2024-06-10 11:30:00+05:30
195.9,195.95,195.9,195.9,300.0,1717999500.0,2024-06-10 11:35:00+05:30
195.8,195.9,195.5,195.8,768.0,1717999800.0,2024-06-10 11:40:00+05:30
195.8,195.8,195.1,195.1,2588.0,1718000100.0,2024-06-10 11:45:00+05:30
195.35,195.6,195.1,195.2,1560.0,1718000400.0,2024-06-10 11:50:00+05:30
195.1,195.45,195.1,195.2,620.0,1718000700.0,2024-06-10 11:55:00+05:30
195.45,195.45,195.1,195.4,724.0,1718001000.0,2024-06-10 12:00:00+05:30
195.35,195.35,195.0,195.0,1544.0,1718001300.0,2024-06-10 12:05:00+05:30
195.0,195.0,194.25,194.25,1352.0,1718001600.0,2024-06-10 12:10:00+05:30
194.6,195.1,194.4,194.8,3140.0,1718001900.0,2024-06-10 12:15:00+05:30
194.8,195.0,194.7,194.95,88.0,1718002200.0,2024-06-10 12:20:00+05:30
194.95,194.95,194.45,194.45,248.0,1718002500.0,2024-06-10 12:25:00+05:30
194.7,194.95,194.7,194.95,1172.0,1718002800.0,2024-06-10 12:30:00+05:30
194.7,194.95,194.4,194.95,1608.0,1718003100.0,2024-06-10 12:35:00+05:30
194.9,195.0,194.9,195.0,376.0,1718003400.0,2024-06-10 12:40:00+05:30
195.0,195.0,194.25,194.65,4860.0,1718003700.0,2024-06-10 12:45:00+05:30
194.65,194.9,194.65,194.9,280.0,1718004000.0,2024-06-10 12:50:00+05:30
194.95,194.95,194.55,194.9,420.0,1718004300.0,2024-06-10 12:55:00+05:30
194.9,194.9,194.5,194.85,772.0,1718004600.0,2024-06-10 13:00:00+05:30
194.85,194.95,194.35,194.5,2492.0,1718004900.0,2024-06-10 13:05:00+05:30
194.5,194.65,194.4,194.65,548.0,1718005200.0,2024-06-10 13:10:00+05:30
194.65,194.7,194.65,194.7,284.0,1718005500.0,2024-06-10 13:15:00+05:30
194.7,194.7,194.4,194.4,268.0,1718005800.0,2024-06-10 13:20:00+05:30
194.4,194.75,194.1,194.45,3584.0,1718006100.0,2024-06-10 13:25:00+05:30
194.5,194.8,194.5,194.8,1584.0,1718006400.0,2024-06-10 13:30:00+05:30
194.85,195.0,194.75,195.0,456.0,1718006700.0,2024-06-10 13:35:00+05:30
194.75,194.75,194.45,194.7,476.0,1718007000.0,2024-06-10 13:40:00+05:30
194.7,194.7,194.65,194.7,328.0,1718007300.0,2024-06-10 13:45:00+05:30
194.7,194.7,194.7,194.7,68.0,1718007600.0,2024-06-10 13:50:00+05:30
194.75,194.8,194.4,194.8,848.0,1718007900.0,2024-06-10 13:55:00+05:30
194.8,194.8,194.8,194.8,48.0,1718008200.0,2024-06-10 14:00:00+05:30
194.8,194.8,194.55,194.8,32.0,1718008500.0,2024-06-10 14:05:00+05:30
194.5,194.7,194.4,194.7,2736.0,1718008800.0,2024-06-10 14:10:00+05:30
194.7,194.7,193.75,194.4,6268.0,1718009100.0,2024-06-10 14:15:00+05:30
194.4,195.45,194.3,195.45,8468.0,1718009400.0,2024-06-10 14:20:00+05:30
195.4,195.85,195.4,195.7,8372.0,1718009700.0,2024-06-10 14:25:00+05:30
195.45,195.45,195.15,195.45,276.0,1718010000.0,2024-06-10 14:30:00+05:30
195.45,195.8,195.4,195.7,444.0,1718010300.0,2024-06-10 14:35:00+05:30
195.7,195.9,195.3,195.3,948.0,1718010600.0,2024-06-10 14:40:00+05:30
195.2,195.7,195.2,195.45,784.0,1718010900.0,2024-06-10 14:45:00+05:30
195.45,195.6,195.0,195.15,5088.0,1718011200.0,2024-06-10 14:50:00+05:30
195.25,195.4,194.25,195.4,10180.0,1718011500.0,2024-06-10 14:55:00+05:30
195.7,195.75,194.5,195.3,6824.0,1718011800.0,2024-06-10 15:00:00+05:30
195.25,195.25,194.5,194.75,2376.0,1718012100.0,2024-06-10 15:05:00+05:30
194.5,194.9,194.3,194.6,1792.0,1718012400.0,2024-06-10 15:10:00+05:30
194.75,194.75,193.2,193.95,15612.0,1718012700.0,2024-06-10 15:15:00+05:30
193.95,194.5,192.5,194.2,19112.0,1718013000.0,2024-06-10 15:20:00+05:30
194.2,194.2,193.75,194.2,4688.0,1718013300.0,2024-06-10 15:25:00+05:30
194.2,194.2,194.2,194.2,0.0,1718013600.0,2024-06-10 15:30:00+05:30
197.95,197.95,194.75,195.8,6660.0,1718077500.0,2024-06-11 09:15:00+05:30
196.25,196.25,195.05,195.05,4744.0,1718077800.0,2024-06-11 09:20:00+05:30
195.05,195.35,195.0,195.0,388.0,1718078100.0,2024-06-11 09:25:00+05:30
195.05,195.2,194.5,194.8,10736.0,1718078400.0,2024-06-11 09:30:00+05:30
194.5,194.5,194.2,194.2,1508.0,1718078700.0,2024-06-11 09:35:00+05:30
194.15,194.7,194.15,194.4,356.0,1718079000.0,2024-06-11 09:40:00+05:30
194.35,194.8,194.35,194.8,484.0,1718079300.0,2024-06-11 09:45:00+05:30
194.8,194.95,194.45,194.75,1196.0,1718079600.0,2024-06-11 09:50:00+05:30
194.75,194.95,194.65,194.65,304.0,1718079900.0,2024-06-11 09:55:00+05:30
194.65,195.0,194.5,194.5,1032.0,1718080200.0,2024-06-11 10:00:00+05:30
194.5,194.55,194.25,194.45,2156.0,1718080500.0,2024-06-11 10:05:00+05:30
194.3,194.4,194.1,194.4,900.0,1718080800.0,2024-06-11 10:10:00+05:30
194.4,194.45,194.0,194.25,1852.0,1718081100.0,2024-06-11 10:15:00+05:30
194.25,194.7,194.25,194.4,804.0,1718081400.0,2024-06-11 10:20:00+05:30
194.75,194.85,194.75,194.85,1020.0,1718081700.0,2024-06-11 10:25:00+05:30
194.95,196.05,194.95,195.85,5964.0,1718082000.0,2024-06-11 10:30:00+05:30
195.55,195.85,194.6,194.6,4192.0,1718082300.0,2024-06-11 10:35:00+05:30
194.6,194.6,193.8,194.2,1116.0,1718082600.0,2024-06-11 10:40:00+05:30
194.3,194.3,193.9,194.2,2492.0,1718082900.0,2024-06-11 10:45:00+05:30
194.0,194.35,193.8,194.25,6524.0,1718083200.0,2024-06-11 10:50:00+05:30
194.2,194.2,193.9,194.15,660.0,1718083500.0,2024-06-11 10:55:00+05:30
194.15,194.15,194.15,194.15,0.0,1718083800.0,2024-06-11 11:00:00+05:30
194.15,194.15,193.9,193.9,528.0,1718084100.0,2024-06-11 11:05:00+05:30
193.9,193.9,193.25,193.5,8000.0,1718084400.0,2024-06-11 11:10:00+05:30
193.75,194.0,193.5,193.5,1992.0,1718084700.0,2024-06-11 11:15:00+05:30
193.8,193.8,193.35,193.35,1276.0,1718085000.0,2024-06-11 11:20:00+05:30
193.35,193.7,193.35,193.7,80.0,1718085300.0,2024-06-11 11:25:00+05:30
193.7,193.7,193.3,193.6,1324.0,1718085600.0,2024-06-11 11:30:00+05:30
193.6,193.75,193.6,193.75,1280.0,1718085900.0,2024-06-11 11:35:00+05:30
193.75,193.85,193.25,193.5,2780.0,1718086200.0,2024-06-11 11:40:00+05:30
193.55,193.6,193.25,193.6,880.0,1718086500.0,2024-06-11 11:45:00+05:30
194.1,194.35,193.75,193.75,5896.0,1718086800.0,2024-06-11 11:50:00+05:30
193.75,194.0,193.75,193.8,168.0,1718087100.0,2024-06-11 11:55:00+05:30
193.8,193.8,193.65,193.8,2440.0,1718087400.0,2024-06-11 12:00:00+05:30
193.8,193.8,192.0,192.0,16384.0,1718087700.0,2024-06-11 12:05:00+05:30
192.0,193.85,192.0,193.85,7076.0,1718088000.0,2024-06-11 12:10:00+05:30
193.85,194.2,193.85,193.9,1192.0,1718088300.0,2024-06-11 12:15:00+05:30
193.9,193.9,193.9,193.9,428.0,1718088600.0,2024-06-11 12:20:00+05:30
193.9,194.05,193.55,194.05,5324.0,1718088900.0,2024-06-11 12:25:00+05:30
193.8,194.2,193.8,194.2,1624.0,1718089200.0,2024-06-11 12:30:00+05:30
194.2,194.45,194.2,194.2,2476.0,1718089500.0,2024-06-11 12:35:00+05:30
194.2,194.45,194.1,194.1,2128.0,1718089800.0,2024-06-11 12:40:00+05:30
194.1,194.1,193.1,193.8,2152.0,1718090100.0,2024-06-11 12:45:00+05:30
193.75,194.05,193.7,193.85,5348.0,1718090400.0,2024-06-11 12:50:00+05:30
193.85,193.85,193.85,193.85,0.0,1718090700.0,2024-06-11 12:55:00+05:30
194.0,194.0,193.95,194.0,2012.0,1718091000.0,2024-06-11 13:00:00+05:30
194.3,194.35,194.3,194.35,520.0,1718091300.0,2024-06-11 13:05:00+05:30
194.4,194.5,193.9,193.9,1876.0,1718091600.0,2024-06-11 13:10:00+05:30
193.75,193.85,193.75,193.85,416.0,1718091900.0,2024-06-11 13:15:00+05:30
194.0,194.05,193.85,193.85,424.0,1718092200.0,2024-06-11 13:20:00+05:30
193.75,193.75,193.75,193.75,1536.0,1718092500.0,2024-06-11 13:25:00+05:30
193.75,193.95,193.75,193.95,808.0,1718092800.0,2024-06-11 13:30:00+05:30
193.95,194.05,193.9,193.9,1248.0,1718093100.0,2024-06-11 13:35:00+05:30
193.9,194.1,193.9,194.1,196.0,1718093400.0,2024-06-11 13:40:00+05:30
194.1,194.1,194.1,194.1,1420.0,1718093700.0,2024-06-11 13:45:00+05:30
194.1,194.1,194.1,194.1,0.0,1718094000.0,2024-06-11 13:50:00+05:30
194.15,194.2,194.0,194.2,1796.0,1718094300.0,2024-06-11 13:55:00+05:30
194.5,195.5,194.5,195.35,25568.0,1718094600.0,2024-06-11 14:00:00+05:30
195.35,195.6,195.25,195.25,4896.0,1718094900.0,2024-06-11 14:05:00+05:30
195.25,195.4,195.25,195.35,1188.0,1718095200.0,2024-06-11 14:10:00+05:30
195.2,195.25,195.05,195.1,928.0,1718095500.0,2024-06-11 14:15:00+05:30
195.15,195.35,195.0,195.15,6920.0,1718095800.0,2024-06-11 14:20:00+05:30
195.25,195.25,194.9,195.2,2212.0,1718096100.0,2024-06-11 14:25:00+05:30
195.2,195.35,195.2,195.35,500.0,1718096400.0,2024-06-11 14:30:00+05:30
195.25,195.35,195.0,195.35,17908.0,1718096700.0,2024-06-11 14:35:00+05:30
195.35,195.35,195.25,195.25,2000.0,1718097000.0,2024-06-11 14:40:00+05:30
195.35,195.4,195.3,195.3,1132.0,1718097300.0,2024-06-11 14:45:00+05:30
195.5,196.35,195.45,195.45,12228.0,1718097600.0,2024-06-11 14:50:00+05:30
195.2,195.3,194.85,194.85,1040.0,1718097900.0,2024-06-11 14:55:00+05:30
195.0,195.0,194.0,194.0,1688.0,1718098200.0,2024-06-11 15:00:00+05:30
193.75,193.9,193.75,193.75,260.0,1718098500.0,2024-06-11 15:05:00+05:30
194.0,194.0,193.4,193.55,1620.0,1718098800.0,2024-06-11 15:10:00+05:30
193.75,194.1,192.6,192.65,9344.0,1718099100.0,2024-06-11 15:15:00+05:30
192.65,193.3,191.9,192.7,9420.0,1718099400.0,2024-06-11 15:20:00+05:30
192.7,193.2,192.5,193.0,2360.0,1718099700.0,2024-06-11 15:25:00+05:30
193.0,193.0,193.0,193.0,0.0,1718100000.0,2024-06-11 15:30:00+05:30
192.95,195.7,192.95,194.25,6328.0,1718163900.0,2024-06-12 09:15:00+05:30
193.95,194.1,192.95,193.3,5200.0,1718164200.0,2024-06-12 09:20:00+05:30
193.25,194.1,193.25,193.3,6644.0,1718164500.0,2024-06-12 09:25:00+05:30
193.6,193.6,193.05,193.05,1288.0,1718164800.0,2024-06-12 09:30:00+05:30
193.05,193.3,193.0,193.25,1600.0,1718165100.0,2024-06-12 09:35:00+05:30
193.25,193.25,193.0,193.0,1228.0,1718165400.0,2024-06-12 09:40:00+05:30
193.0,193.3,193.0,193.0,828.0,1718165700.0,2024-06-12 09:45:00+05:30
193.25,193.25,193.05,193.05,176.0,1718166000.0,2024-06-12 09:50:00+05:30
193.05,193.5,193.05,193.3,524.0,1718166300.0,2024-06-12 09:55:00+05:30
193.3,193.5,193.3,193.5,128.0,1718166600.0,2024-06-12 10:00:00+05:30
193.75,193.75,193.6,193.75,920.0,1718166900.0,2024-06-12 10:05:00+05:30
193.75,194.5,193.75,194.5,2156.0,1718167200.0,2024-06-12 10:10:00+05:30
194.35,194.35,194.3,194.3,320.0,1718167500.0,2024-06-12 10:15:00+05:30
194.35,195.9,194.35,195.65,23332.0,1718167800.0,2024-06-12 10:20:00+05:30
195.5,196.5,195.5,195.5,18480.0,1718168100.0,2024-06-12 10:25:00+05:30
195.5,195.9,195.5,195.9,536.0,1718168400.0,2024-06-12 10:30:00+05:30
195.5,195.5,195.25,195.45,824.0,1718168700.0,2024-06-12 10:35:00+05:30
195.45,195.5,195.25,195.3,1144.0,1718169000.0,2024-06-12 10:40:00+05:30
195.6,196.0,195.6,196.0,1236.0,1718169300.0,2024-06-12 10:45:00+05:30
196.0,196.0,195.55,195.8,296.0,1718169600.0,2024-06-12 10:50:00+05:30
195.55,195.55,195.0,195.0,1784.0,1718169900.0,2024-06-12 10:55:00+05:30
195.25,195.25,194.5,194.5,380.0,1718170200.0,2024-06-12 11:00:00+05:30
194.5,194.85,194.5,194.75,208.0,1718170500.0,2024-06-12 11:05:00+05:30
194.75,194.95,194.75,194.95,384.0,1718170800.0,2024-06-12 11:10:00+05:30
194.95,194.95,194.65,194.65,444.0,1718171100.0,2024-06-12 11:15:00+05:30
194.8,194.8,194.5,194.8,684.0,1718171400.0,2024-06-12 11:20:00+05:30
194.8,194.8,194.0,194.0,896.0,1718171700.0,2024-06-12 11:25:00+05:30
193.8,194.2,193.8,194.2,1076.0,1718172000.0,2024-06-12 11:30:00+05:30
194.2,194.75,194.2,194.4,588.0,1718172300.0,2024-06-12 11:35:00+05:30
194.6,194.65,194.35,194.65,32.0,1718172600.0,2024-06-12 11:40:00+05:30
194.65,194.7,194.65,194.7,1628.0,1718172900.0,2024-06-12 11:45:00+05:30
194.7,194.7,194.7,194.7,100.0,1718173200.0,2024-06-12 11:50:00+05:30
194.7,194.7,194.7,194.7,0.0,1718173500.0,2024-06-12 11:55:00+05:30
194.65,194.9,194.65,194.9,12.0,1718173800.0,2024-06-12 12:00:00+05:30
194.6,194.6,194.55,194.6,176.0,1718174100.0,2024-06-12 12:05:00+05:30
194.65,194.65,194.65,194.65,48.0,1718174400.0,2024-06-12 12:10:00+05:30
194.65,194.7,194.45,194.45,280.0,1718174700.0,2024-06-12 12:15:00+05:30
194.45,194.7,194.45,194.7,20.0,1718175000.0,2024-06-12 12:20:00+05:30
194.7,194.7,194.7,194.7,8.0,1718175300.0,2024-06-12 12:25:00+05:30
194.7,194.7,194.2,194.25,1332.0,1718175600.0,2024-06-12 12:30:00+05:30
194.25,194.25,194.0,194.2,624.0,1718175900.0,2024-06-12 12:35:00+05:30
194.2,194.45,194.2,194.45,84.0,1718176200.0,2024-06-12 12:40:00+05:30
194.45,194.5,194.45,194.5,72.0,1718176500.0,2024-06-12 12:45:00+05:30
194.5,195.0,194.1,195.0,5396.0,1718176800.0,2024-06-12 12:50:00+05:30
194.65,195.0,194.65,194.95,36.0,1718177100.0,2024-06-12 12:55:00+05:30
194.95,195.0,194.8,195.0,260.0,1718177400.0,2024-06-12 13:00:00+05:30
194.8,194.95,194.7,194.7,88.0,1718177700.0,2024-06-12 13:05:00+05:30
194.6,194.95,194.6,194.95,188.0,1718178000.0,2024-06-12 13:10:00+05:30
194.95,194.95,194.5,194.55,532.0,1718178300.0,2024-06-12 13:15:00+05:30
194.55,194.8,194.55,194.8,124.0,1718178600.0,2024-06-12 13:20:00+05:30
194.8,195.0,194.8,195.0,196.0,1718178900.0,2024-06-12 13:25:00+05:30
195.0,195.0,194.8,194.8,32.0,1718179200.0,2024-06-12 13:30:00+05:30
195.0,195.0,194.65,194.9,220.0,1718179500.0,2024-06-12 13:35:00+05:30
194.9,194.9,194.55,194.6,220.0,1718179800.0,2024-06-12 13:40:00+05:30
194.6,194.8,194.6,194.8,1056.0,1718180100.0,2024-06-12 13:45:00+05:30
194.8,194.9,194.7,194.9,180.0,1718180400.0,2024-06-12 13:50:00+05:30
194.95,195.0,194.55,194.7,904.0,1718180700.0,2024-06-12 13:55:00+05:30
194.7,194.7,193.15,193.15,4180.0,1718181000.0,2024-06-12 14:00:00+05:30
193.6,193.6,191.95,193.25,11848.0,1718181300.0,2024-06-12 14:05:00+05:30
193.05,193.6,193.05,193.15,576.0,1718181600.0,2024-06-12 14:10:00+05:30
193.4,193.7,193.4,193.6,564.0,1718181900.0,2024-06-12 14:15:00+05:30
193.75,194.0,193.75,194.0,656.0,1718182200.0,2024-06-12 14:20:00+05:30
194.0,194.0,193.75,193.75,432.0,1718182500.0,2024-06-12 14:25:00+05:30
193.75,193.95,193.75,193.95,8.0,1718182800.0,2024-06-12 14:30:00+05:30
193.95,193.95,193.75,193.9,192.0,1718183100.0,2024-06-12 14:35:00+05:30
194.0,195.3,193.8,195.3,9908.0,1718183400.0,2024-06-12 14:40:00+05:30
195.15,195.4,195.05,195.05,7732.0,1718183700.0,2024-06-12 14:45:00+05:30
195.05,195.5,195.05,195.3,2352.0,1718184000.0,2024-06-12 14:50:00+05:30
195.3,195.3,195.2,195.25,132.0,1718184300.0,2024-06-12 14:55:00+05:30
195.2,195.25,195.0,195.25,3600.0,1718184600.0,2024-06-12 15:00:00+05:30
195.15,195.25,195.05,195.25,3084.0,1718184900.0,2024-06-12 15:05:00+05:30
195.05,195.25,195.0,195.1,1624.0,1718185200.0,2024-06-12 15:10:00+05:30
195.0,196.1,195.0,195.8,18720.0,1718185500.0,2024-06-12 15:15:00+05:30
195.85,195.85,195.15,195.5,8264.0,1718185800.0,2024-06-12 15:20:00+05:30
195.0,195.5,193.1,194.1,11108.0,1718186100.0,2024-06-12 15:25:00+05:30
194.1,194.1,194.1,194.1,0.0,1718186400.0,2024-06-12 15:30:00+05:30
195.9,196.4,194.45,195.55,13372.0,1718250300.0,2024-06-13 09:15:00+05:30
195.25,195.3,194.65,194.85,1724.0,1718250600.0,2024-06-13 09:20:00+05:30
194.95,194.95,194.75,194.75,1940.0,1718250900.0,2024-06-13 09:25:00+05:30
194.6,194.65,193.75,194.4,7100.0,1718251200.0,2024-06-13 09:30:00+05:30
194.4,194.95,194.4,194.75,6532.0,1718251500.0,2024-06-13 09:35:00+05:30
194.75,194.8,193.75,193.75,5384.0,1718251800.0,2024-06-13 09:40:00+05:30
194.0,194.4,194.0,194.4,1396.0,1718252100.0,2024-06-13 09:45:00+05:30
194.0,194.4,194.0,194.4,976.0,1718252400.0,2024-06-13 09:50:00+05:30
194.1,194.75,194.1,194.3,4704.0,1718252700.0,2024-06-13 09:55:00+05:30
194.3,194.3,194.3,194.3,0.0,1718253000.0,2024-06-13 10:00:00+05:30
194.1,194.35,194.0,194.1,5488.0,1718253300.0,2024-06-13 10:05:00+05:30
194.1,194.2,194.0,194.2,792.0,1718253600.0,2024-06-13 10:10:00+05:30
194.5,194.55,194.4,194.4,2580.0,1718253900.0,2024-06-13 10:15:00+05:30
194.4,194.4,194.05,194.05,376.0,1718254200.0,2024-06-13 10:20:00+05:30
194.05,194.35,194.05,194.05,588.0,1718254500.0,2024-06-13 10:25:00+05:30
194.3,194.3,194.0,194.0,188.0,1718254800.0,2024-06-13 10:30:00+05:30
193.9,194.4,193.9,194.05,1160.0,1718255100.0,2024-06-13 10:35:00+05:30
194.05,194.05,194.05,194.05,588.0,1718255400.0,2024-06-13 10:40:00+05:30
194.05,194.05,194.05,194.05,12.0,1718255700.0,2024-06-13 10:45:00+05:30
194.05,194.2,194.05,194.2,272.0,1718256000.0,2024-06-13 10:50:00+05:30
194.2,194.2,194.2,194.2,12.0,1718256300.0,2024-06-13 10:55:00+05:30
194.2,194.2,193.8,193.8,1936.0,1718256600.0,2024-06-13 11:00:00+05:30
193.8,193.8,193.25,193.55,4752.0,1718256900.0,2024-06-13 11:05:00+05:30
193.6,193.8,193.55,193.7,788.0,1718257200.0,2024-06-13 11:10:00+05:30
193.55,193.55,193.3,193.45,1772.0,1718257500.0,2024-06-13 11:15:00+05:30
193.3,193.45,193.25,193.3,1248.0,1718257800.0,2024-06-13 11:20:00+05:30
193.3,193.6,193.3,193.6,368.0,1718258100.0,2024-06-13 11:25:00+05:30
193.6,193.6,193.3,193.3,788.0,1718258400.0,2024-06-13 11:30:00+05:30
193.3,193.35,193.3,193.3,332.0,1718258700.0,2024-06-13 11:35:00+05:30
193.3,193.55,193.3,193.55,240.0,1718259000.0,2024-06-13 11:40:00+05:30
193.5,193.5,193.3,193.5,296.0,1718259300.0,2024-06-13 11:45:00+05:30
193.5,193.5,193.5,193.5,120.0,1718259600.0,2024-06-13 11:50:00+05:30
193.5,193.5,193.1,193.1,5888.0,1718259900.0,2024-06-13 11:55:00+05:30
193.1,193.2,193.1,193.2,556.0,1718260200.0,2024-06-13 12:00:00+05:30
193.2,193.4,193.2,193.2,184.0,1718260500.0,2024-06-13 12:05:00+05:30
193.2,193.3,193.2,193.2,312.0,1718260800.0,2024-06-13 12:10:00+05:30
193.2,193.5,193.0,193.35,1596.0,1718261100.0,2024-06-13 12:15:00+05:30
193.35,193.5,193.15,193.15,528.0,1718261400.0,2024-06-13 12:20:00+05:30
193.4,193.5,193.1,193.5,88.0,1718261700.0,2024-06-13 12:25:00+05:30
193.35,193.35,193.35,193.35,12.0,1718262000.0,2024-06-13 12:30:00+05:30
193.35,193.35,193.35,193.35,0.0,1718262300.0,2024-06-13 12:35:00+05:30
193.35,193.35,193.0,193.0,396.0,1718262600.0,2024-06-13 12:40:00+05:30
193.0,193.25,193.0,193.1,312.0,1718262900.0,2024-06-13 12:45:00+05:30
193.1,193.25,192.85,192.85,4244.0,1718263200.0,2024-06-13 12:50:00+05:30
193.0,193.0,192.75,193.0,2028.0,1718263500.0,2024-06-13 12:55:00+05:30
193.0,193.0,192.75,192.95,736.0,1718263800.0,2024-06-13 13:00:00+05:30
192.95,193.2,192.95,193.2,868.0,1718264100.0,2024-06-13 13:05:00+05:30
193.2,193.2,192.55,192.75,3836.0,1718264400.0,2024-06-13 13:10:00+05:30
192.85,192.95,192.85,192.9,948.0,1718264700.0,2024-06-13 13:15:00+05:30
192.9,193.1,192.9,193.05,188.0,1718265000.0,2024-06-13 13:20:00+05:30
192.8,193.05,192.8,192.8,232.0,1718265300.0,2024-06-13 13:25:00+05:30
192.8,192.8,192.8,192.8,276.0,1718265600.0,2024-06-13 13:30:00+05:30
193.1,193.2,192.95,193.0,2848.0,1718265900.0,2024-06-13 13:35:00+05:30
193.2,193.5,192.75,192.75,7448.0,1718266200.0,2024-06-13 13:40:00+05:30
192.95,193.25,192.95,192.95,944.0,1718266500.0,2024-06-13 13:45:00+05:30
192.95,192.95,192.8,192.95,1032.0,1718266800.0,2024-06-13 13:50:00+05:30
192.95,193.0,192.5,192.5,2292.0,1718267100.0,2024-06-13 13:55:00+05:30
192.85,193.2,192.65,192.75,2620.0,1718267400.0,2024-06-13 14:00:00+05:30
192.75,193.1,192.75,193.0,804.0,1718267700.0,2024-06-13 14:05:00+05:30
193.0,193.0,192.65,192.8,1316.0,1718268000.0,2024-06-13 14:10:00+05:30
192.75,192.75,191.3,191.9,16736.0,1718268300.0,2024-06-13 14:15:00+05:30
191.95,191.95,191.55,191.9,3048.0,1718268600.0,2024-06-13 14:20:00+05:30
191.7,192.3,191.6,192.3,3764.0,1718268900.0,2024-06-13 14:25:00+05:30
192.3,192.3,192.1,192.3,152.0,1718269200.0,2024-06-13 14:30:00+05:30
192.3,192.3,192.0,192.2,1344.0,1718269500.0,2024-06-13 14:35:00+05:30
192.3,192.4,192.2,192.2,952.0,1718269800.0,2024-06-13 14:40:00+05:30
192.3,192.4,192.0,192.0,3656.0,1718270100.0,2024-06-13 14:45:00+05:30
192.2,192.5,192.0,192.5,3076.0,1718270400.0,2024-06-13 14:50:00+05:30
192.5,192.8,192.5,192.7,628.0,1718270700.0,2024-06-13 14:55:00+05:30
192.8,193.9,192.65,193.0,15320.0,1718271000.0,2024-06-13 15:00:00+05:30
193.0,193.55,192.6,193.55,13992.0,1718271300.0,2024-06-13 15:05:00+05:30
193.35,193.35,192.15,192.15,3724.0,1718271600.0,2024-06-13 15:10:00+05:30
192.2,193.25,191.7,193.25,13584.0,1718271900.0,2024-06-13 15:15:00+05:30
192.75,193.4,191.85,192.5,7944.0,1718272200.0,2024-06-13 15:20:00+05:30
192.5,193.2,191.9,192.5,6876.0,1718272500.0,2024-06-13 15:25:00+05:30
192.5,192.5,192.5,192.5,0.0,1718272800.0,2024-06-13 15:30:00+05:30
194.85,195.65,192.65,193.7,2992.0,1718336700.0,2024-06-14 09:15:00+05:30
192.5,194.5,192.25,194.5,4856.0,1718337000.0,2024-06-14 09:20:00+05:30
193.5,194.4,193.3,193.95,4524.0,1718337300.0,2024-06-14 09:25:00+05:30
193.95,194.2,193.7,193.75,1524.0,1718337600.0,2024-06-14 09:30:00+05:30
193.75,193.75,193.35,193.35,1344.0,1718337900.0,2024-06-14 09:35:00+05:30
193.25,193.7,193.25,193.25,932.0,1718338200.0,2024-06-14 09:40:00+05:30
193.55,193.55,193.1,193.1,384.0,1718338500.0,2024-06-14 09:45:00+05:30
193.05,193.95,193.05,193.55,1788.0,1718338800.0,2024-06-14 09:50:00+05:30
193.55,193.55,193.55,193.55,1412.0,1718339100.0,2024-06-14 09:55:00+05:30
193.7,193.7,192.9,193.15,4912.0,1718339400.0,2024-06-14 10:00:00+05:30
193.15,193.15,193.15,193.15,1616.0,1718339700.0,2024-06-14 10:05:00+05:30
193.1,193.1,192.5,192.95,2672.0,1718340000.0,2024-06-14 10:10:00+05:30
192.75,192.95,192.15,192.6,7960.0,1718340300.0,2024-06-14 10:15:00+05:30
192.9,192.9,192.6,192.6,204.0,1718340600.0,2024-06-14 10:20:00+05:30
192.6,192.6,192.5,192.5,676.0,1718340900.0,2024-06-14 10:25:00+05:30
192.5,193.45,192.5,193.45,5292.0,1718341200.0,2024-06-14 10:30:00+05:30
193.6,194.35,193.3,193.6,8100.0,1718341500.0,2024-06-14 10:35:00+05:30
193.75,193.8,193.75,193.8,268.0,1718341800.0,2024-06-14 10:40:00+05:30
193.8,194.1,193.65,193.65,596.0,1718342100.0,2024-06-14 10:45:00+05:30
193.65,193.65,193.3,193.3,128.0,1718342400.0,2024-06-14 10:50:00+05:30
193.3,193.3,193.3,193.3,0.0,1718342700.0,2024-06-14 10:55:00+05:30
193.5,193.5,193.25,193.25,2092.0,1718343000.0,2024-06-14 11:00:00+05:30
193.25,193.5,193.25,193.35,1168.0,1718343300.0,2024-06-14 11:05:00+05:30
193.35,193.4,193.35,193.4,68.0,1718343600.0,2024-06-14 11:10:00+05:30
193.4,193.4,193.15,193.25,1300.0,1718343900.0,2024-06-14 11:15:00+05:30
193.25,193.25,193.25,193.25,2928.0,1718344200.0,2024-06-14 11:20:00+05:30
193.25,193.25,192.75,192.75,1848.0,1718344500.0,2024-06-14 11:25:00+05:30
193.25,193.25,193.25,193.25,860.0,1718344800.0,2024-06-14 11:30:00+05:30
193.25,193.25,193.25,193.25,244.0,1718345100.0,2024-06-14 11:35:00+05:30
193.25,193.25,193.2,193.25,572.0,1718345400.0,2024-06-14 11:40:00+05:30
193.2,193.4,193.2,193.2,716.0,1718345700.0,2024-06-14 11:45:00+05:30
193.25,193.25,193.15,193.25,3144.0,1718346000.0,2024-06-14 11:50:00+05:30
193.25,193.4,193.25,193.4,412.0,1718346300.0,2024-06-14 11:55:00+05:30
193.4,193.7,193.25,193.25,636.0,1718346600.0,2024-06-14 12:00:00+05:30
193.25,193.25,193.25,193.25,148.0,1718346900.0,2024-06-14 12:05:00+05:30
193.25,193.25,193.1,193.25,324.0,1718347200.0,2024-06-14 12:10:00+05:30
193.25,193.25,193.25,193.25,168.0,1718347500.0,2024-06-14 12:15:00+05:30
192.9,193.2,192.9,193.2,1028.0,1718347800.0,2024-06-14 12:20:00+05:30
193.1,193.1,188.5,188.95,48180.0,1718348100.0,2024-06-14 12:25:00+05:30
189.4,190.95,189.4,190.9,27964.0,1718348400.0,2024-06-14 12:30:00+05:30
190.95,191.2,190.65,191.2,2780.0,1718348700.0,2024-06-14 12:35:00+05:30
191.2,191.55,191.2,191.55,384.0,1718349000.0,2024-06-14 12:40:00+05:30
191.55,191.6,191.2,191.3,716.0,1718349300.0,2024-06-14 12:45:00+05:30
191.6,191.6,190.9,190.9,2696.0,1718349600.0,2024-06-14 12:50:00+05:30
191.3,191.9,191.3,191.85,1524.0,1718349900.0,2024-06-14 12:55:00+05:30
190.65,190.9,189.95,190.25,13980.0,1718350200.0,2024-06-14 13:00:00+05:30
190.15,190.45,190.15,190.2,1156.0,1718350500.0,2024-06-14 13:05:00+05:30
190.4,190.65,190.2,190.65,788.0,1718350800.0,2024-06-14 13:10:00+05:30
190.0,190.3,189.25,189.25,8404.0,1718351100.0,2024-06-14 13:15:00+05:30
189.75,189.95,189.6,189.75,884.0,1718351400.0,2024-06-14 13:20:00+05:30
189.75,189.9,189.35,189.7,3044.0,1718351700.0,2024-06-14 13:25:00+05:30
189.95,190.0,189.65,189.8,4496.0,1718352000.0,2024-06-14 13:30:00+05:30
189.8,189.9,188.6,188.6,15636.0,1718352300.0,2024-06-14 13:35:00+05:30
188.8,189.0,188.1,188.25,16088.0,1718352600.0,2024-06-14 13:40:00+05:30
188.05,188.2,187.4,187.5,12228.0,1718352900.0,2024-06-14 13:45:00+05:30
187.7,187.9,187.2,187.75,24804.0,1718353200.0,2024-06-14 13:50:00+05:30
187.5,187.8,187.45,187.5,5800.0,1718353500.0,2024-06-14 13:55:00+05:30
187.8,187.85,187.45,187.85,12688.0,1718353800.0,2024-06-14 14:00:00+05:30
187.5,188.1,187.35,187.75,11272.0,1718354100.0,2024-06-14 14:05:00+05:30
187.5,187.85,187.4,187.5,8320.0,1718354400.0,2024-06-14 14:10:00+05:30
187.5,187.8,187.4,187.4,3192.0,1718354700.0,2024-06-14 14:15:00+05:30
187.35,188.05,187.25,187.55,9520.0,1718355000.0,2024-06-14 14:20:00+05:30
187.5,187.8,187.25,187.7,8500.0,1718355300.0,2024-06-14 14:25:00+05:30
187.5,187.75,187.5,187.7,4784.0,1718355600.0,2024-06-14 14:30:00+05:30
187.5,187.75,187.25,187.45,1688.0,1718355900.0,2024-06-14 14:35:00+05:30
187.45,187.45,180.0,184.2,134892.0,1718356200.0,2024-06-14 14:40:00+05:30
184.2,186.15,184.2,185.55,19156.0,1718356500.0,2024-06-14 14:45:00+05:30
185.6,185.7,183.85,185.35,22904.0,1718356800.0,2024-06-14 14:50:00+05:30
185.35,186.05,184.5,185.6,16276.0,1718357100.0,2024-06-14 14:55:00+05:30
185.6,185.8,185.35,185.5,2824.0,1718357400.0,2024-06-14 15:00:00+05:30
185.8,186.3,185.55,186.1,18812.0,1718357700.0,2024-06-14 15:05:00+05:30
186.1,186.1,185.25,185.4,11596.0,1718358000.0,2024-06-14 15:10:00+05:30
185.6,185.9,184.25,184.95,26104.0,1718358300.0,2024-06-14 15:15:00+05:30
185.0,187.0,184.5,186.75,54244.0,1718358600.0,2024-06-14 15:20:00+05:30
186.3,188.0,186.3,187.5,35072.0,1718358900.0,2024-06-14 15:25:00+05:30
188.45,188.65,186.75,187.55,14692.0,1718682300.0,2024-06-18 09:15:00+05:30
187.9,188.0,187.5,187.6,1716.0,1718682600.0,2024-06-18 09:20:00+05:30
187.9,191.7,186.75,190.4,45284.0,1718682900.0,2024-06-18 09:25:00+05:30
190.3,191.0,189.4,190.8,34884.0,1718683200.0,2024-06-18 09:30:00+05:30
190.8,191.95,190.7,191.45,52836.0,1718683500.0,2024-06-18 09:35:00+05:30
191.4,192.05,191.25,191.3,13848.0,1718683800.0,2024-06-18 09:40:00+05:30
191.3,193.6,191.15,192.65,93608.0,1718684100.0,2024-06-18 09:45:00+05:30
192.5,192.6,191.6,191.6,7020.0,1718684400.0,2024-06-18 09:50:00+05:30
191.6,191.75,189.6,190.65,17640.0,1718684700.0,2024-06-18 09:55:00+05:30
190.5,190.7,190.0,190.0,1812.0,1718685000.0,2024-06-18 10:00:00+05:30
190.4,190.7,189.5,190.3,7000.0,1718685300.0,2024-06-18 10:05:00+05:30
190.0,190.2,189.5,189.5,21892.0,1718685600.0,2024-06-18 10:10:00+05:30
189.5,189.5,189.5,189.5,336.0,1718685900.0,2024-06-18 10:15:00+05:30
189.8,189.85,189.5,189.7,1348.0,1718686200.0,2024-06-18 10:20:00+05:30
189.7,189.7,189.25,189.25,9996.0,1718686500.0,2024-06-18 10:25:00+05:30
189.0,189.3,188.5,189.3,4668.0,1718686800.0,2024-06-18 10:30:00+05:30
189.3,189.3,184.85,187.7,73332.0,1718687100.0,2024-06-18 10:35:00+05:30
187.7,187.75,187.5,187.6,2088.0,1718687400.0,2024-06-18 10:40:00+05:30
187.6,187.6,187.35,187.5,1368.0,1718687700.0,2024-06-18 10:45:00+05:30
187.5,187.7,186.6,187.3,8104.0,1718688000.0,2024-06-18 10:50:00+05:30
187.35,187.7,186.75,187.4,6104.0,1718688300.0,2024-06-18 10:55:00+05:30
187.4,187.5,186.75,187.0,9756.0,1718688600.0,2024-06-18 11:00:00+05:30
187.1,187.25,187.0,187.25,1560.0,1718688900.0,2024-06-18 11:05:00+05:30
187.25,187.25,186.75,186.95,632.0,1718689200.0,2024-06-18 11:10:00+05:30
186.75,187.05,186.75,186.9,136.0,1718689500.0,2024-06-18 11:15:00+05:30
186.9,187.0,186.9,187.0,944.0,1718689800.0,2024-06-18 11:20:00+05:30
187.25,188.0,187.2,187.75,11180.0,1718690100.0,2024-06-18 11:25:00+05:30
187.75,187.75,184.75,185.75,38284.0,1718690400.0,2024-06-18 11:30:00+05:30
185.55,185.95,184.35,184.45,31000.0,1718690700.0,2024-06-18 11:35:00+05:30
184.45,184.75,184.0,184.4,12908.0,1718691000.0,2024-06-18 11:40:00+05:30
184.2,184.9,181.5,181.7,101116.0,1718691300.0,2024-06-18 11:45:00+05:30
181.7,183.9,181.6,183.75,43048.0,1718691600.0,2024-06-18 11:50:00+05:30
183.75,184.9,183.6,184.75,10164.0,1718691900.0,2024-06-18 11:55:00+05:30
184.85,185.25,184.1,185.25,6032.0,1718692200.0,2024-06-18 12:00:00+05:30
185.25,185.4,184.7,185.2,11236.0,1718692500.0,2024-06-18 12:05:00+05:30
185.2,185.25,185.0,185.2,2540.0,1718692800.0,2024-06-18 12:10:00+05:30
185.2,185.65,185.2,185.65,1164.0,1718693100.0,2024-06-18 12:15:00+05:30
185.7,185.7,185.4,185.7,3752.0,1718693400.0,2024-06-18 12:20:00+05:30
185.75,185.75,185.5,185.7,2436.0,1718693700.0,2024-06-18 12:25:00+05:30
185.7,186.2,185.5,186.05,11472.0,1718694000.0,2024-06-18 12:30:00+05:30
186.2,186.5,186.0,186.35,3548.0,1718694300.0,2024-06-18 12:35:00+05:30
186.75,186.75,184.75,185.5,33228.0,1718694600.0,2024-06-18 12:40:00+05:30
185.85,186.7,185.85,186.25,4488.0,1718694900.0,2024-06-18 12:45:00+05:30
186.25,186.7,186.25,186.5,2804.0,1718695200.0,2024-06-18 12:50:00+05:30
186.7,187.2,186.5,187.2,3460.0,1718695500.0,2024-06-18 12:55:00+05:30
187.2,187.25,186.7,186.7,2356.0,1718695800.0,2024-06-18 13:00:00+05:30
186.75,186.75,186.4,186.75,1204.0,1718696100.0,2024-06-18 13:05:00+05:30
186.75,187.1,186.5,187.1,1052.0,1718696400.0,2024-06-18 13:10:00+05:30
186.85,187.1,186.0,186.45,2912.0,1718696700.0,2024-06-18 13:15:00+05:30
186.5,186.5,186.0,186.0,2648.0,1718697000.0,2024-06-18 13:20:00+05:30
185.5,186.75,185.5,185.8,18624.0,1718697300.0,2024-06-18 13:25:00+05:30
185.8,186.2,185.75,185.75,400.0,1718697600.0,2024-06-18 13:30:00+05:30
186.0,186.05,185.75,185.75,2328.0,1718697900.0,2024-06-18 13:35:00+05:30
185.75,185.85,185.75,185.75,872.0,1718698200.0,2024-06-18 13:40:00+05:30
185.75,185.95,185.75,185.85,1000.0,1718698500.0,2024-06-18 13:45:00+05:30
185.75,186.25,185.75,186.2,5404.0,1718698800.0,2024-06-18 13:50:00+05:30
186.2,186.3,184.6,184.6,211092.0,1718699100.0,2024-06-18 13:55:00+05:30
184.85,185.0,184.2,184.4,6500.0,1718699400.0,2024-06-18 14:00:00+05:30
184.35,184.95,184.05,184.95,21244.0,1718699700.0,2024-06-18 14:05:00+05:30
184.9,185.0,184.75,185.0,2244.0,1718700000.0,2024-06-18 14:10:00+05:30
184.85,185.55,184.75,184.95,95836.0,1718700300.0,2024-06-18 14:15:00+05:30
184.95,185.0,184.95,185.0,17800.0,1718700600.0,2024-06-18 14:20:00+05:30
185.0,185.4,184.85,185.4,16484.0,1718700900.0,2024-06-18 14:25:00+05:30
185.4,185.7,185.4,185.5,2248.0,1718701200.0,2024-06-18 14:30:00+05:30
185.5,185.8,185.5,185.65,31944.0,1718701500.0,2024-06-18 14:35:00+05:30
185.65,186.25,185.65,186.2,10008.0,1718701800.0,2024-06-18 14:40:00+05:30
186.4,186.9,186.1,186.7,7040.0,1718702100.0,2024-06-18 14:45:00+05:30
186.9,187.4,186.9,187.1,16412.0,1718702400.0,2024-06-18 14:50:00+05:30
187.15,187.6,187.1,187.6,21244.0,1718702700.0,2024-06-18 14:55:00+05:30
187.5,187.6,186.55,187.5,12780.0,1718703000.0,2024-06-18 15:00:00+05:30
187.5,187.5,186.25,186.9,28960.0,1718703300.0,2024-06-18 15:05:00+05:30
186.8,187.4,186.8,187.4,31780.0,1718703600.0,2024-06-18 15:10:00+05:30
187.4,188.25,186.6,188.2,28352.0,1718703900.0,2024-06-18 15:15:00+05:30
188.5,190.95,188.3,190.25,37256.0,1718704200.0,2024-06-18 15:20:00+05:30
190.3,190.75,189.65,190.0,15620.0,1718704500.0,2024-06-18 15:25:00+05:30
189.55,192.4,189.5,192.0,13876.0,1718768700.0,2024-06-19 09:15:00+05:30
192.0,192.0,190.95,190.95,3484.0,1718769000.0,2024-06-19 09:20:00+05:30
191.0,191.0,189.9,189.9,2104.0,1718769300.0,2024-06-19 09:25:00+05:30
189.7,189.7,188.55,189.2,2788.0,1718769600.0,2024-06-19 09:30:00+05:30
189.55,189.6,189.2,189.6,1032.0,1718769900.0,2024-06-19 09:35:00+05:30
189.2,189.2,189.0,189.0,1268.0,1718770200.0,2024-06-19 09:40:00+05:30
189.3,189.45,189.0,189.0,692.0,1718770500.0,2024-06-19 09:45:00+05:30
189.4,191.5,189.0,191.5,11860.0,1718770800.0,2024-06-19 09:50:00+05:30
191.6,192.0,191.05,191.05,2524.0,1718771100.0,2024-06-19 09:55:00+05:30
191.0,191.25,190.85,190.85,884.0,1718771400.0,2024-06-19 10:00:00+05:30
190.85,191.55,190.8,191.55,2560.0,1718771700.0,2024-06-19 10:05:00+05:30
191.3,191.65,190.1,190.25,4524.0,1718772000.0,2024-06-19 10:10:00+05:30
190.1,190.5,189.85,190.3,5056.0,1718772300.0,2024-06-19 10:15:00+05:30
190.3,190.3,190.25,190.25,124.0,1718772600.0,2024-06-19 10:20:00+05:30
190.25,190.3,189.5,189.5,1100.0,1718772900.0,2024-06-19 10:25:00+05:30
189.75,190.0,189.5,189.9,26848.0,1718773200.0,2024-06-19 10:30:00+05:30
189.9,189.95,189.75,189.95,1132.0,1718773500.0,2024-06-19 10:35:00+05:30
189.75,190.95,189.75,190.6,3632.0,1718773800.0,2024-06-19 10:40:00+05:30
190.6,190.6,190.25,190.25,184.0,1718774100.0,2024-06-19 10:45:00+05:30
190.05,190.6,190.0,190.0,1980.0,1718774400.0,2024-06-19 10:50:00+05:30
190.0,190.95,190.0,190.85,6508.0,1718774700.0,2024-06-19 10:55:00+05:30
190.85,190.85,190.55,190.55,180.0,1718775000.0,2024-06-19 11:00:00+05:30
190.85,190.85,190.55,190.55,376.0,1718775300.0,2024-06-19 11:05:00+05:30
190.55,191.45,190.4,191.45,12560.0,1718775600.0,2024-06-19 11:10:00+05:30
191.5,191.75,191.5,191.75,212.0,1718775900.0,2024-06-19 11:15:00+05:30
191.75,192.05,191.5,191.85,884.0,1718776200.0,2024-06-19 11:20:00+05:30
192.05,192.05,189.25,189.7,21592.0,1718776500.0,2024-06-19 11:25:00+05:30
189.85,191.8,189.6,191.25,35052.0,1718776800.0,2024-06-19 11:30:00+05:30
191.4,191.9,191.2,191.9,2548.0,1718777100.0,2024-06-19 11:35:00+05:30
191.65,191.95,191.65,191.95,2032.0,1718777400.0,2024-06-19 11:40:00+05:30
191.95,191.95,191.6,191.85,532.0,1718777700.0,2024-06-19 11:45:00+05:30
191.85,191.85,191.6,191.85,312.0,1718778000.0,2024-06-19 11:50:00+05:30
191.85,191.85,191.65,191.65,836.0,1718778300.0,2024-06-19 11:55:00+05:30
191.4,193.3,191.4,193.25,13260.0,1718778600.0,2024-06-19 12:00:00+05:30
193.15,194.35,192.75,193.85,57360.0,1718778900.0,2024-06-19 12:05:00+05:30
193.65,193.65,193.15,193.4,2504.0,1718779200.0,2024-06-19 12:10:00+05:30
193.4,193.95,192.5,192.75,17648.0,1718779500.0,2024-06-19 12:15:00+05:30
193.35,193.6,193.3,193.35,3640.0,1718779800.0,2024-06-19 12:20:00+05:30
193.0,193.05,193.0,193.0,892.0,1718780100.0,2024-06-19 12:25:00+05:30
193.0,193.95,192.9,193.2,7752.0,1718780400.0,2024-06-19 12:30:00+05:30
193.2,193.2,192.5,192.5,3760.0,1718780700.0,2024-06-19 12:35:00+05:30
192.8,192.8,192.55,192.55,80.0,1718781000.0,2024-06-19 12:40:00+05:30
192.55,192.55,191.85,192.0,6072.0,1718781300.0,2024-06-19 12:45:00+05:30
192.0,192.4,192.0,192.4,52.0,1718781600.0,2024-06-19 12:50:00+05:30
192.45,192.45,191.5,191.5,9688.0,1718781900.0,2024-06-19 12:55:00+05:30
191.8,192.3,191.8,192.15,1112.0,1718782200.0,2024-06-19 13:00:00+05:30
192.45,192.45,191.25,191.25,3444.0,1718782500.0,2024-06-19 13:05:00+05:30
191.25,191.25,190.25,190.55,14080.0,1718782800.0,2024-06-19 13:10:00+05:30
190.65,190.85,190.2,190.2,5412.0,1718783100.0,2024-06-19 13:15:00+05:30
190.2,191.3,190.2,190.95,11184.0,1718783400.0,2024-06-19 13:20:00+05:30
190.75,190.75,190.75,190.75,2384.0,1718783700.0,2024-06-19 13:25:00+05:30
190.75,190.75,190.4,190.4,980.0,1718784000.0,2024-06-19 13:30:00+05:30
190.3,190.7,190.0,190.7,4344.0,1718784300.0,2024-06-19 13:35:00+05:30
190.75,190.75,190.5,190.55,284.0,1718784600.0,2024-06-19 13:40:00+05:30
190.55,190.55,190.2,190.2,28.0,1718784900.0,2024-06-19 13:45:00+05:30
190.2,190.6,190.2,190.6,908.0,1718785200.0,2024-06-19 13:50:00+05:30
190.6,190.7,190.6,190.7,208.0,1718785500.0,2024-06-19 13:55:00+05:30
190.7,190.7,190.4,190.4,132.0,1718785800.0,2024-06-19 14:00:00+05:30
190.4,190.65,190.4,190.5,104.0,1718786100.0,2024-06-19 14:05:00+05:30
190.65,190.75,190.25,190.5,1696.0,1718786400.0,2024-06-19 14:10:00+05:30
190.3,190.3,190.0,190.2,1200.0,1718786700.0,2024-06-19 14:15:00+05:30
190.35,190.45,189.9,189.9,1584.0,1718787000.0,2024-06-19 14:20:00+05:30
189.75,190.35,189.75,190.3,1644.0,1718787300.0,2024-06-19 14:25:00+05:30
190.25,190.25,190.25,190.25,100.0,1718787600.0,2024-06-19 14:30:00+05:30
190.25,190.75,190.25,190.3,2500.0,1718787900.0,2024-06-19 14:35:00+05:30
190.3,190.3,190.05,190.3,200.0,1718788200.0,2024-06-19 14:40:00+05:30
190.35,190.75,189.95,190.7,3860.0,1718788500.0,2024-06-19 14:45:00+05:30
190.7,190.7,190.3,190.3,1420.0,1718788800.0,2024-06-19 14:50:00+05:30
190.55,190.65,189.5,189.5,7172.0,1718789100.0,2024-06-19 14:55:00+05:30
189.5,190.5,189.5,190.5,1688.0,1718789400.0,2024-06-19 15:00:00+05:30
190.5,190.5,189.95,189.95,1288.0,1718789700.0,2024-06-19 15:05:00+05:30
190.25,190.25,189.7,189.85,4156.0,1718790000.0,2024-06-19 15:10:00+05:30
189.75,190.25,189.5,190.25,4612.0,1718790300.0,2024-06-19 15:15:00+05:30
190.25,191.8,190.0,190.25,8708.0,1718790600.0,2024-06-19 15:20:00+05:30
190.0,190.25,189.0,190.25,2060.0,1718790900.0,2024-06-19 15:25:00+05:30
190.45,191.95,190.4,191.65,9476.0,1718855100.0,2024-06-20 09:15:00+05:30
191.5,194.05,191.25,194.05,25392.0,1718855400.0,2024-06-20 09:20:00+05:30
193.75,194.75,193.3,194.3,17052.0,1718855700.0,2024-06-20 09:25:00+05:30
194.1,196.25,194.1,195.5,43036.0,1718856000.0,2024-06-20 09:30:00+05:30
195.75,196.25,194.75,195.0,57052.0,1718856300.0,2024-06-20 09:35:00+05:30
195.05,195.5,194.85,195.45,7160.0,1718856600.0,2024-06-20 09:40:00+05:30
195.15,195.5,195.05,195.05,3128.0,1718856900.0,2024-06-20 09:45:00+05:30
195.25,195.5,195.0,195.3,6832.0,1718857200.0,2024-06-20 09:50:00+05:30
195.0,195.4,194.7,195.4,49912.0,1718857500.0,2024-06-20 09:55:00+05:30
195.35,198.4,195.0,198.0,66788.0,1718857800.0,2024-06-20 10:00:00+05:30
197.6,198.75,196.4,197.5,28716.0,1718858100.0,2024-06-20 10:05:00+05:30
197.5,197.5,196.3,196.3,6228.0,1718858400.0,2024-06-20 10:10:00+05:30
196.6,196.7,195.8,195.95,4772.0,1718858700.0,2024-06-20 10:15:00+05:30
196.2,196.7,196.2,196.45,7444.0,1718859000.0,2024-06-20 10:20:00+05:30
196.5,196.85,196.25,196.6,3368.0,1718859300.0,2024-06-20 10:25:00+05:30
196.25,196.6,195.7,195.75,8656.0,1718859600.0,2024-06-20 10:30:00+05:30
196.0,196.45,195.75,195.95,4828.0,1718859900.0,2024-06-20 10:35:00+05:30
196.25,196.3,195.9,196.2,1568.0,1718860200.0,2024-06-20 10:40:00+05:30
196.2,196.3,195.8,195.8,4256.0,1718860500.0,2024-06-20 10:45:00+05:30
195.8,195.8,195.8,195.8,0.0,1718860800.0,2024-06-20 10:50:00+05:30
196.0,196.15,195.55,195.55,1548.0,1718861100.0,2024-06-20 10:55:00+05:30
195.55,196.1,195.55,195.95,812.0,1718861400.0,2024-06-20 11:00:00+05:30
195.65,195.85,195.0,195.0,8272.0,1718861700.0,2024-06-20 11:05:00+05:30
195.0,195.6,195.0,195.5,1540.0,1718862000.0,2024-06-20 11:10:00+05:30
195.1,196.0,195.1,195.95,1756.0,1718862300.0,2024-06-20 11:15:00+05:30
195.35,195.75,195.3,195.75,476.0,1718862600.0,2024-06-20 11:20:00+05:30
195.8,195.8,195.4,195.4,300.0,1718862900.0,2024-06-20 11:25:00+05:30
195.4,195.4,194.95,195.4,4020.0,1718863200.0,2024-06-20 11:30:00+05:30
195.15,195.45,195.15,195.15,196.0,1718863500.0,2024-06-20 11:35:00+05:30
195.25,195.5,194.75,195.3,6428.0,1718863800.0,2024-06-20 11:40:00+05:30
195.0,195.6,194.8,195.6,7004.0,1718864100.0,2024-06-20 11:45:00+05:30
195.6,195.6,194.75,195.0,8928.0,1718864400.0,2024-06-20 11:50:00+05:30
195.3,195.75,195.0,195.45,2324.0,1718864700.0,2024-06-20 11:55:00+05:30
195.45,195.7,195.45,195.7,1404.0,1718865000.0,2024-06-20 12:00:00+05:30
195.8,196.05,195.45,195.45,6888.0,1718865300.0,2024-06-20 12:05:00+05:30
195.65,195.65,195.5,195.5,316.0,1718865600.0,2024-06-20 12:10:00+05:30
195.65,195.85,195.3,195.85,3048.0,1718865900.0,2024-06-20 12:15:00+05:30
195.9,195.9,195.2,195.35,1304.0,1718866200.0,2024-06-20 12:20:00+05:30
195.75,195.75,195.2,195.5,760.0,1718866500.0,2024-06-20 12:25:00+05:30
195.5,195.55,195.2,195.2,1900.0,1718866800.0,2024-06-20 12:30:00+05:30
195.45,195.7,195.05,195.7,1960.0,1718867100.0,2024-06-20 12:35:00+05:30
195.55,195.8,195.0,195.3,3304.0,1718867400.0,2024-06-20 12:40:00+05:30
195.3,195.3,194.95,195.0,3828.0,1718867700.0,2024-06-20 12:45:00+05:30
195.2,195.3,194.5,195.3,5112.0,1718868000.0,2024-06-20 12:50:00+05:30
195.3,195.3,194.85,195.05,1448.0,1718868300.0,2024-06-20 12:55:00+05:30
195.05,195.05,194.8,194.8,1216.0,1718868600.0,2024-06-20 13:00:00+05:30
194.95,195.05,194.9,194.95,904.0,1718868900.0,2024-06-20 13:05:00+05:30
194.95,195.3,194.9,194.9,732.0,1718869200.0,2024-06-20 13:10:00+05:30
194.95,194.95,194.25,194.35,5376.0,1718869500.0,2024-06-20 13:15:00+05:30
194.5,194.55,194.0,194.55,15128.0,1718869800.0,2024-06-20 13:20:00+05:30
194.55,194.55,194.2,194.45,472.0,1718870100.0,2024-06-20 13:25:00+05:30
194.55,194.55,194.25,194.25,864.0,1718870400.0,2024-06-20 13:30:00+05:30
194.5,194.55,194.2,194.55,1280.0,1718870700.0,2024-06-20 13:35:00+05:30
194.55,194.55,194.1,194.45,1044.0,1718871000.0,2024-06-20 13:40:00+05:30
194.1,194.55,194.1,194.55,432.0,1718871300.0,2024-06-20 13:45:00+05:30
194.55,194.55,194.25,194.25,1120.0,1718871600.0,2024-06-20 13:50:00+05:30
194.25,194.45,193.95,194.45,1744.0,1718871900.0,2024-06-20 13:55:00+05:30
194.45,194.55,194.2,194.45,1720.0,1718872200.0,2024-06-20 14:00:00+05:30
194.5,194.5,193.9,194.5,2408.0,1718872500.0,2024-06-20 14:05:00+05:30
194.5,194.5,193.95,193.95,2092.0,1718872800.0,2024-06-20 14:10:00+05:30
194.3,195.25,193.95,195.0,9236.0,1718873100.0,2024-06-20 14:15:00+05:30
194.9,195.2,194.6,195.2,604.0,1718873400.0,2024-06-20 14:20:00+05:30
195.0,195.2,194.6,195.2,1896.0,1718873700.0,2024-06-20 14:25:00+05:30
195.0,195.2,195.0,195.2,60.0,1718874000.0,2024-06-20 14:30:00+05:30
195.2,195.25,194.65,195.25,2820.0,1718874300.0,2024-06-20 14:35:00+05:30
194.8,195.1,194.4,195.1,6840.0,1718874600.0,2024-06-20 14:40:00+05:30
195.3,195.55,195.3,195.35,2784.0,1718874900.0,2024-06-20 14:45:00+05:30
195.35,195.6,195.05,195.1,7448.0,1718875200.0,2024-06-20 14:50:00+05:30
195.35,196.4,195.15,196.3,19408.0,1718875500.0,2024-06-20 14:55:00+05:30
196.25,197.65,196.25,197.3,68560.0,1718875800.0,2024-06-20 15:00:00+05:30
197.5,197.6,196.95,197.25,11108.0,1718876100.0,2024-06-20 15:05:00+05:30
197.5,197.95,196.2,196.55,12636.0,1718876400.0,2024-06-20 15:10:00+05:30
196.25,197.9,195.8,196.35,45412.0,1718876700.0,2024-06-20 15:15:00+05:30
195.55,197.45,195.55,196.25,20768.0,1718877000.0,2024-06-20 15:20:00+05:30
196.3,196.45,195.05,196.25,63508.0,1718877300.0,2024-06-20 15:25:00+05:30
196.9,197.3,196.75,196.8,7788.0,1718941500.0,2024-06-21 09:15:00+05:30
197.0,197.2,196.5,196.7,3396.0,1718941800.0,2024-06-21 09:20:00+05:30
196.7,197.0,196.25,196.5,4436.0,1718942100.0,2024-06-21 09:25:00+05:30
196.55,197.4,196.45,196.75,8204.0,1718942400.0,2024-06-21 09:30:00+05:30
196.55,197.0,196.45,197.0,2260.0,1718942700.0,2024-06-21 09:35:00+05:30
196.85,198.95,196.75,198.5,10624.0,1718943000.0,2024-06-21 09:40:00+05:30
198.5,202.2,198.2,201.6,120912.0,1718943300.0,2024-06-21 09:45:00+05:30
201.6,202.5,201.25,201.75,82040.0,1718943600.0,2024-06-21 09:50:00+05:30
201.8,202.2,201.5,201.9,19884.0,1718943900.0,2024-06-21 09:55:00+05:30
201.95,202.25,201.75,201.8,8324.0,1718944200.0,2024-06-21 10:00:00+05:30
202.0,202.25,201.55,201.75,6908.0,1718944500.0,2024-06-21 10:05:00+05:30
201.75,201.8,200.3,200.65,13620.0,1718944800.0,2024-06-21 10:10:00+05:30
200.4,200.8,199.55,200.25,7900.0,1718945100.0,2024-06-21 10:15:00+05:30
199.9,200.25,199.5,199.8,3964.0,1718945400.0,2024-06-21 10:20:00+05:30
199.6,199.95,199.5,199.7,3428.0,1718945700.0,2024-06-21 10:25:00+05:30
199.7,199.9,199.25,199.5,4360.0,1718946000.0,2024-06-21 10:30:00+05:30
199.4,200.4,199.4,199.9,4796.0,1718946300.0,2024-06-21 10:35:00+05:30
199.9,199.9,199.1,199.1,4508.0,1718946600.0,2024-06-21 10:40:00+05:30
198.75,198.9,198.1,198.1,11616.0,1718946900.0,2024-06-21 10:45:00+05:30
198.25,199.3,198.25,198.9,2024.0,1718947200.0,2024-06-21 10:50:00+05:30
199.2,199.45,198.75,199.05,1888.0,1718947500.0,2024-06-21 10:55:00+05:30
198.9,199.15,198.75,199.1,868.0,1718947800.0,2024-06-21 11:00:00+05:30
199.15,199.15,198.6,198.9,2376.0,1718948100.0,2024-06-21 11:05:00+05:30
199.1,199.5,198.8,199.35,3232.0,1718948400.0,2024-06-21 11:10:00+05:30
199.35,199.35,198.85,198.85,1340.0,1718948700.0,2024-06-21 11:15:00+05:30
199.1,199.15,198.85,198.85,3212.0,1718949000.0,2024-06-21 11:20:00+05:30
198.85,198.85,198.6,198.6,704.0,1718949300.0,2024-06-21 11:25:00+05:30
198.4,198.7,198.4,198.4,1640.0,1718949600.0,2024-06-21 11:30:00+05:30
198.4,198.6,198.4,198.4,64.0,1718949900.0,2024-06-21 11:35:00+05:30
198.65,198.65,198.25,198.25,2292.0,1718950200.0,2024-06-21 11:40:00+05:30
198.0,198.0,197.05,197.25,10816.0,1718950500.0,2024-06-21 11:45:00+05:30
197.5,197.5,196.55,197.35,3120.0,1718950800.0,2024-06-21 11:50:00+05:30
197.1,197.45,196.7,197.45,2828.0,1718951100.0,2024-06-21 11:55:00+05:30
197.45,197.5,197.2,197.5,604.0,1718951400.0,2024-06-21 12:00:00+05:30
197.3,197.4,197.2,197.2,972.0,1718951700.0,2024-06-21 12:05:00+05:30
197.2,197.3,196.95,197.3,668.0,1718952000.0,2024-06-21 12:10:00+05:30
197.0,197.2,196.75,197.1,1332.0,1718952300.0,2024-06-21 12:15:00+05:30
196.8,197.1,196.75,197.1,6208.0,1718952600.0,2024-06-21 12:20:00+05:30
196.9,197.3,196.9,197.3,2076.0,1718952900.0,2024-06-21 12:25:00+05:30
197.25,197.55,197.15,197.55,2380.0,1718953200.0,2024-06-21 12:30:00+05:30
197.8,197.8,197.5,197.6,3596.0,1718953500.0,2024-06-21 12:35:00+05:30
197.5,197.65,197.4,197.65,708.0,1718953800.0,2024-06-21 12:40:00+05:30
197.5,197.7,197.45,197.6,728.0,1718954100.0,2024-06-21 12:45:00+05:30
197.4,197.5,196.4,197.2,6580.0,1718954400.0,2024-06-21 12:50:00+05:30
197.35,198.0,197.35,197.65,16864.0,1718954700.0,2024-06-21 12:55:00+05:30
197.65,197.65,197.5,197.5,364.0,1718955000.0,2024-06-21 13:00:00+05:30
197.5,197.5,197.15,197.4,276.0,1718955300.0,2024-06-21 13:05:00+05:30
197.4,197.5,197.4,197.5,248.0,1718955600.0,2024-06-21 13:10:00+05:30
197.15,197.5,197.15,197.45,928.0,1718955900.0,2024-06-21 13:15:00+05:30
197.2,197.45,197.1,197.45,8064.0,1718956200.0,2024-06-21 13:20:00+05:30
197.45,197.45,197.25,197.45,248.0,1718956500.0,2024-06-21 13:25:00+05:30
197.45,197.5,197.3,197.3,2276.0,1718956800.0,2024-06-21 13:30:00+05:30
197.5,197.5,197.3,197.35,204.0,1718957100.0,2024-06-21 13:35:00+05:30
197.35,197.5,197.35,197.5,416.0,1718957400.0,2024-06-21 13:40:00+05:30
197.5,197.9,197.5,197.9,2720.0,1718957700.0,2024-06-21 13:45:00+05:30
197.6,198.0,197.6,198.0,352.0,1718958000.0,2024-06-21 13:50:00+05:30
197.8,197.8,197.45,197.45,1188.0,1718958300.0,2024-06-21 13:55:00+05:30
197.45,197.8,197.45,197.5,368.0,1718958600.0,2024-06-21 14:00:00+05:30
197.5,197.8,197.5,197.75,52.0,1718958900.0,2024-06-21 14:05:00+05:30
197.75,197.75,197.45,197.45,2768.0,1718959200.0,2024-06-21 14:10:00+05:30
197.45,197.55,197.45,197.5,4924.0,1718959500.0,2024-06-21 14:15:00+05:30
197.4,197.8,197.35,197.7,24760.0,1718959800.0,2024-06-21 14:20:00+05:30
197.65,197.65,197.25,197.55,1848.0,1718960100.0,2024-06-21 14:25:00+05:30
197.55,197.95,197.55,197.85,4288.0,1718960400.0,2024-06-21 14:30:00+05:30
197.5,197.65,196.85,197.2,13580.0,1718960700.0,2024-06-21 14:35:00+05:30
197.2,198.0,197.2,197.3,3636.0,1718961000.0,2024-06-21 14:40:00+05:30
197.3,197.75,197.3,197.7,952.0,1718961300.0,2024-06-21 14:45:00+05:30
197.7,197.75,197.55,197.75,544.0,1718961600.0,2024-06-21 14:50:00+05:30
197.75,197.95,197.5,197.5,2176.0,1718961900.0,2024-06-21 14:55:00+05:30
197.5,198.55,196.9,198.35,6872.0,1718962200.0,2024-06-21 15:00:00+05:30
198.15,198.9,197.6,198.8,10320.0,1718962500.0,2024-06-21 15:05:00+05:30
198.85,198.85,196.55,197.5,16288.0,1718962800.0,2024-06-21 15:10:00+05:30
197.75,197.9,196.75,197.5,7672.0,1718963100.0,2024-06-21 15:15:00+05:30
197.8,197.8,197.5,197.65,8064.0,1718963400.0,2024-06-21 15:20:00+05:30
197.65,198.05,196.8,196.9,4804.0,1718963700.0,2024-06-21 15:25:00+05:30
196.9,196.9,196.9,196.9,0.0,1718964000.0,2024-06-21 15:30:00+05:30
197.75,197.75,193.15,195.95,26908.0,1719200700.0,2024-06-24 09:15:00+05:30
196.0,196.1,193.75,194.95,49080.0,1719201000.0,2024-06-24 09:20:00+05:30
194.85,197.15,194.85,197.15,12892.0,1719201300.0,2024-06-24 09:25:00+05:30
196.9,196.9,195.7,196.3,5076.0,1719201600.0,2024-06-24 09:30:00+05:30
196.15,196.4,195.75,196.0,1988.0,1719201900.0,2024-06-24 09:35:00+05:30
195.85,196.7,195.6,196.7,2056.0,1719202200.0,2024-06-24 09:40:00+05:30
196.7,196.7,196.5,196.7,412.0,1719202500.0,2024-06-24 09:45:00+05:30
196.55,196.7,196.45,196.65,604.0,1719202800.0,2024-06-24 09:50:00+05:30
196.65,197.1,196.65,197.0,4116.0,1719203100.0,2024-06-24 09:55:00+05:30
196.95,197.0,196.7,196.8,408.0,1719203400.0,2024-06-24 10:00:00+05:30
196.8,197.1,196.7,197.0,3280.0,1719203700.0,2024-06-24 10:05:00+05:30
197.0,197.05,196.65,196.8,276.0,1719204000.0,2024-06-24 10:10:00+05:30
196.65,197.0,196.25,196.25,1932.0,1719204300.0,2024-06-24 10:15:00+05:30
196.25,197.1,196.25,197.1,2528.0,1719204600.0,2024-06-24 10:20:00+05:30
196.95,196.95,196.85,196.9,244.0,1719204900.0,2024-06-24 10:25:00+05:30
197.1,197.7,196.9,197.4,3232.0,1719205200.0,2024-06-24 10:30:00+05:30
197.4,197.7,197.1,197.1,536.0,1719205500.0,2024-06-24 10:35:00+05:30
197.05,197.4,197.05,197.2,272.0,1719205800.0,2024-06-24 10:40:00+05:30
197.2,197.45,197.0,197.0,1116.0,1719206100.0,2024-06-24 10:45:00+05:30
197.2,197.2,197.05,197.05,396.0,1719206400.0,2024-06-24 10:50:00+05:30
197.0,197.8,197.0,197.8,2840.0,1719206700.0,2024-06-24 10:55:00+05:30
198.1,198.2,197.9,197.95,1428.0,1719207000.0,2024-06-24 11:00:00+05:30
198.1,198.1,198.0,198.05,252.0,1719207300.0,2024-06-24 11:05:00+05:30
198.1,198.65,198.1,198.25,1464.0,1719207600.0,2024-06-24 11:10:00+05:30
198.05,198.75,198.05,198.65,776.0,1719207900.0,2024-06-24 11:15:00+05:30
198.55,198.75,198.0,198.4,5840.0,1719208200.0,2024-06-24 11:20:00+05:30
198.55,198.75,198.3,198.45,244.0,1719208500.0,2024-06-24 11:25:00+05:30
198.6,198.65,198.3,198.65,508.0,1719208800.0,2024-06-24 11:30:00+05:30
198.65,198.65,198.3,198.3,488.0,1719209100.0,2024-06-24 11:35:00+05:30
198.3,198.3,197.5,197.5,1948.0,1719209400.0,2024-06-24 11:40:00+05:30
197.6,197.75,197.45,197.5,4016.0,1719209700.0,2024-06-24 11:45:00+05:30
197.55,198.2,197.55,197.9,420.0,1719210000.0,2024-06-24 11:50:00+05:30
197.8,198.1,197.4,198.1,992.0,1719210300.0,2024-06-24 11:55:00+05:30
196.9,197.1,196.0,196.0,20876.0,1719210600.0,2024-06-24 12:00:00+05:30
196.1,196.25,195.95,196.0,780.0,1719210900.0,2024-06-24 12:05:00+05:30
196.0,196.0,195.55,195.55,632.0,1719211200.0,2024-06-24 12:10:00+05:30
195.75,196.0,195.25,195.25,692.0,1719211500.0,2024-06-24 12:15:00+05:30
195.6,196.0,195.55,195.75,1008.0,1719211800.0,2024-06-24 12:20:00+05:30
195.55,195.85,195.55,195.7,104.0,1719212100.0,2024-06-24 12:25:00+05:30
195.7,195.95,195.7,195.95,280.0,1719212400.0,2024-06-24 12:30:00+05:30
195.75,196.0,195.7,195.7,184.0,1719212700.0,2024-06-24 12:35:00+05:30
196.05,196.2,196.0,196.0,556.0,1719213000.0,2024-06-24 12:40:00+05:30
195.8,195.9,195.7,195.9,40.0,1719213300.0,2024-06-24 12:45:00+05:30
195.9,195.9,195.8,195.8,88.0,1719213600.0,2024-06-24 12:50:00+05:30
195.8,195.8,195.8,195.8,0.0,1719213900.0,2024-06-24 12:55:00+05:30
195.75,195.8,195.45,195.45,6336.0,1719214200.0,2024-06-24 13:00:00+05:30
195.45,196.0,195.4,195.8,2328.0,1719214500.0,2024-06-24 13:05:00+05:30
195.8,195.8,195.7,195.7,696.0,1719214800.0,2024-06-24 13:10:00+05:30
195.7,195.7,195.7,195.7,0.0,1719215100.0,2024-06-24 13:15:00+05:30
195.75,196.1,195.4,196.1,1688.0,1719215400.0,2024-06-24 13:20:00+05:30
196.1,196.2,196.1,196.2,1004.0,1719215700.0,2024-06-24 13:25:00+05:30
195.85,195.85,195.4,195.65,1816.0,1719216000.0,2024-06-24 13:30:00+05:30
195.55,195.55,195.2,195.45,6064.0,1719216300.0,2024-06-24 13:35:00+05:30
195.45,195.45,195.45,195.45,0.0,1719216600.0,2024-06-24 13:40:00+05:30
194.6,194.8,194.6,194.65,6480.0,1719216900.0,2024-06-24 13:45:00+05:30
194.85,195.1,194.65,194.65,940.0,1719217200.0,2024-06-24 13:50:00+05:30
194.55,194.55,194.55,194.55,540.0,1719217500.0,2024-06-24 13:55:00+05:30
194.55,194.9,194.3,194.55,1548.0,1719217800.0,2024-06-24 14:00:00+05:30
194.6,194.9,194.6,194.75,1148.0,1719218100.0,2024-06-24 14:05:00+05:30
194.75,194.95,194.45,194.45,2404.0,1719218400.0,2024-06-24 14:10:00+05:30
194.45,194.45,194.4,194.4,1132.0,1719218700.0,2024-06-24 14:15:00+05:30
194.4,194.4,192.9,193.2,9764.0,1719219000.0,2024-06-24 14:20:00+05:30
193.2,193.55,193.05,193.55,716.0,1719219300.0,2024-06-24 14:25:00+05:30
193.6,193.8,193.2,193.8,3980.0,1719219600.0,2024-06-24 14:30:00+05:30
193.8,193.8,193.0,193.65,3048.0,1719219900.0,2024-06-24 14:35:00+05:30
193.5,193.75,193.2,193.2,1932.0,1719220200.0,2024-06-24 14:40:00+05:30
193.2,193.65,193.2,193.4,1396.0,1719220500.0,2024-06-24 14:45:00+05:30
193.7,193.7,193.35,193.35,3840.0,1719220800.0,2024-06-24 14:50:00+05:30
193.55,193.65,193.3,193.4,440.0,1719221100.0,2024-06-24 14:55:00+05:30
193.5,193.75,193.2,193.3,2944.0,1719221400.0,2024-06-24 15:00:00+05:30
193.3,193.75,193.2,193.5,864.0,1719221700.0,2024-06-24 15:05:00+05:30
193.75,193.75,192.5,193.4,24048.0,1719222000.0,2024-06-24 15:10:00+05:30
193.0,193.5,192.1,192.5,20412.0,1719222300.0,2024-06-24 15:15:00+05:30
192.95,192.95,191.4,192.35,13512.0,1719222600.0,2024-06-24 15:20:00+05:30
192.3,192.5,191.6,191.6,18368.0,1719222900.0,2024-06-24 15:25:00+05:30
192.7,193.8,192.7,193.75,900.0,1719287100.0,2024-06-25 09:15:00+05:30
194.1,194.45,193.3,193.7,4852.0,1719287400.0,2024-06-25 09:20:00+05:30
193.45,194.45,193.3,194.15,6848.0,1719287700.0,2024-06-25 09:25:00+05:30
194.4,195.0,194.15,194.55,3156.0,1719288000.0,2024-06-25 09:30:00+05:30
194.8,194.9,194.3,194.6,584.0,1719288300.0,2024-06-25 09:35:00+05:30
194.25,195.9,194.25,194.8,6140.0,1719288600.0,2024-06-25 09:40:00+05:30
195.1,195.25,194.8,194.8,2700.0,1719288900.0,2024-06-25 09:45:00+05:30
195.75,195.75,194.75,194.9,3956.0,1719289200.0,2024-06-25 09:50:00+05:30
194.95,195.25,194.9,194.9,532.0,1719289500.0,2024-06-25 09:55:00+05:30
194.55,194.8,193.75,194.35,3308.0,1719289800.0,2024-06-25 10:00:00+05:30
194.35,194.9,194.35,194.4,4616.0,1719290100.0,2024-06-25 10:05:00+05:30
194.4,194.9,194.4,194.9,636.0,1719290400.0,2024-06-25 10:10:00+05:30
194.75,194.9,194.55,194.55,832.0,1719290700.0,2024-06-25 10:15:00+05:30
194.55,194.75,194.55,194.75,68.0,1719291000.0,2024-06-25 10:20:00+05:30
194.75,194.75,194.6,194.6,60.0,1719291300.0,2024-06-25 10:25:00+05:30
194.45,195.25,194.45,195.25,7816.0,1719291600.0,2024-06-25 10:30:00+05:30
195.05,196.0,195.05,195.95,2256.0,1719291900.0,2024-06-25 10:35:00+05:30
195.65,196.0,195.25,195.85,3524.0,1719292200.0,2024-06-25 10:40:00+05:30
195.85,196.2,195.85,196.2,656.0,1719292500.0,2024-06-25 10:45:00+05:30
196.2,196.25,195.95,195.95,116.0,1719292800.0,2024-06-25 10:50:00+05:30
196.2,196.2,195.75,195.8,904.0,1719293100.0,2024-06-25 10:55:00+05:30
195.8,197.8,195.6,197.45,15908.0,1719293400.0,2024-06-25 11:00:00+05:30
197.45,198.0,196.85,197.75,5496.0,1719293700.0,2024-06-25 11:05:00+05:30
197.9,198.0,197.4,197.5,6852.0,1719294000.0,2024-06-25 11:10:00+05:30
197.5,197.75,197.2,197.2,2844.0,1719294300.0,2024-06-25 11:15:00+05:30
197.25,197.55,197.0,197.35,3092.0,1719294600.0,2024-06-25 11:20:00+05:30
197.55,197.55,197.4,197.5,1300.0,1719294900.0,2024-06-25 11:25:00+05:30
197.5,197.5,196.8,196.8,1600.0,1719295200.0,2024-06-25 11:30:00+05:30
196.3,196.7,196.3,196.5,968.0,1719295500.0,2024-06-25 11:35:00+05:30
196.7,196.7,196.4,196.4,68.0,1719295800.0,2024-06-25 11:40:00+05:30
196.4,197.2,196.4,196.95,1540.0,1719296100.0,2024-06-25 11:45:00+05:30
196.8,196.8,196.7,196.7,412.0,1719296400.0,2024-06-25 11:50:00+05:30
197.0,197.0,196.9,196.9,276.0,1719296700.0,2024-06-25 11:55:00+05:30
196.95,197.0,196.95,197.0,188.0,1719297000.0,2024-06-25 12:00:00+05:30
196.95,197.9,196.5,197.5,9516.0,1719297300.0,2024-06-25 12:05:00+05:30
197.5,197.5,195.85,196.0,14444.0,1719297600.0,2024-06-25 12:10:00+05:30
196.0,196.0,195.4,195.4,1096.0,1719297900.0,2024-06-25 12:15:00+05:30
195.4,196.0,195.0,195.5,5340.0,1719298200.0,2024-06-25 12:20:00+05:30
195.5,195.5,195.45,195.45,680.0,1719298500.0,2024-06-25 12:25:00+05:30
195.45,195.95,195.35,195.35,256.0,1719298800.0,2024-06-25 12:30:00+05:30
195.75,195.75,195.0,195.7,1312.0,1719299100.0,2024-06-25 12:35:00+05:30
195.7,195.75,193.95,194.3,8884.0,1719299400.0,2024-06-25 12:40:00+05:30
194.3,194.5,194.3,194.35,1272.0,1719299700.0,2024-06-25 12:45:00+05:30
194.65,194.65,194.1,194.1,280.0,1719300000.0,2024-06-25 12:50:00+05:30
194.1,194.6,193.8,194.35,2364.0,1719300300.0,2024-06-25 12:55:00+05:30
194.4,194.55,194.15,194.45,640.0,1719300600.0,2024-06-25 13:00:00+05:30
194.25,194.35,194.0,194.3,480.0,1719300900.0,2024-06-25 13:05:00+05:30
194.3,194.3,194.0,194.0,72.0,1719301200.0,2024-06-25 13:10:00+05:30
194.0,194.85,194.0,194.25,3440.0,1719301500.0,2024-06-25 13:15:00+05:30
194.25,194.45,194.25,194.45,460.0,1719301800.0,2024-06-25 13:20:00+05:30
194.3,194.45,194.2,194.25,372.0,1719302100.0,2024-06-25 13:25:00+05:30
194.25,194.45,193.9,193.9,432.0,1719302400.0,2024-06-25 13:30:00+05:30
193.75,194.35,193.65,193.7,13388.0,1719302700.0,2024-06-25 13:35:00+05:30
193.7,193.75,193.55,193.75,48.0,1719303000.0,2024-06-25 13:40:00+05:30
193.25,194.5,193.1,193.9,27412.0,1719303300.0,2024-06-25 13:45:00+05:30
194.25,194.25,193.15,193.3,5312.0,1719303600.0,2024-06-25 13:50:00+05:30
193.5,193.6,193.5,193.6,244.0,1719303900.0,2024-06-25 13:55:00+05:30
193.4,193.45,193.3,193.3,268.0,1719304200.0,2024-06-25 14:00:00+05:30
193.3,193.75,193.3,193.75,5780.0,1719304500.0,2024-06-25 14:05:00+05:30
193.75,194.25,193.5,193.5,18256.0,1719304800.0,2024-06-25 14:10:00+05:30
193.5,194.1,193.5,194.1,1560.0,1719305100.0,2024-06-25 14:15:00+05:30
193.8,193.95,193.65,193.8,1988.0,1719305400.0,2024-06-25 14:20:00+05:30
193.5,193.5,193.5,193.5,24.0,1719305700.0,2024-06-25 14:25:00+05:30
193.3,194.35,193.3,193.75,9236.0,1719306000.0,2024-06-25 14:30:00+05:30
193.75,194.6,193.65,194.6,21904.0,1719306300.0,2024-06-25 14:35:00+05:30
194.6,194.7,193.65,194.65,38920.0,1719306600.0,2024-06-25 14:40:00+05:30
194.7,195.5,193.7,193.75,50116.0,1719306900.0,2024-06-25 14:45:00+05:30
193.75,193.75,193.4,193.4,8960.0,1719307200.0,2024-06-25 14:50:00+05:30
193.3,193.45,193.1,193.25,2124.0,1719307500.0,2024-06-25 14:55:00+05:30
193.25,193.55,193.25,193.25,1100.0,1719307800.0,2024-06-25 15:00:00+05:30
193.3,193.9,193.0,193.9,3328.0,1719308100.0,2024-06-25 15:05:00+05:30
194.2,194.2,193.75,194.1,2192.0,1719308400.0,2024-06-25 15:10:00+05:30
194.1,194.1,193.75,193.75,1480.0,1719308700.0,2024-06-25 15:15:00+05:30
193.75,194.95,193.05,194.85,22896.0,1719309000.0,2024-06-25 15:20:00+05:30
195.0,195.25,193.7,195.0,6580.0,1719309300.0,2024-06-25 15:25:00+05:30
197.45,198.6,195.0,196.55,15784.0,1719373500.0,2024-06-26 09:15:00+05:30
196.8,197.45,196.8,197.15,5344.0,1719373800.0,2024-06-26 09:20:00+05:30
196.9,197.1,196.9,197.1,848.0,1719374100.0,2024-06-26 09:25:00+05:30
197.3,198.0,196.75,196.75,7928.0,1719374400.0,2024-06-26 09:30:00+05:30
196.75,196.95,195.85,195.95,4812.0,1719374700.0,2024-06-26 09:35:00+05:30
195.95,196.1,195.75,195.75,3284.0,1719375000.0,2024-06-26 09:40:00+05:30
195.75,196.1,195.35,195.7,3044.0,1719375300.0,2024-06-26 09:45:00+05:30
195.7,196.0,195.6,195.8,7300.0,1719375600.0,2024-06-26 09:50:00+05:30
195.75,195.8,195.55,195.55,172.0,1719375900.0,2024-06-26 09:55:00+05:30
195.55,195.55,195.3,195.3,1648.0,1719376200.0,2024-06-26 10:00:00+05:30
195.3,195.45,195.25,195.3,200.0,1719376500.0,2024-06-26 10:05:00+05:30
195.5,195.5,195.3,195.4,260.0,1719376800.0,2024-06-26 10:10:00+05:30
195.4,195.6,195.3,195.6,1596.0,1719377100.0,2024-06-26 10:15:00+05:30
195.7,195.7,195.35,195.45,2700.0,1719377400.0,2024-06-26 10:20:00+05:30
195.45,195.5,195.3,195.3,144.0,1719377700.0,2024-06-26 10:25:00+05:30
195.3,195.3,195.25,195.25,436.0,1719378000.0,2024-06-26 10:30:00+05:30
195.25,195.75,195.1,195.5,3148.0,1719378300.0,2024-06-26 10:35:00+05:30
195.5,195.65,195.45,195.45,1360.0,1719378600.0,2024-06-26 10:40:00+05:30
195.6,195.6,195.45,195.45,108.0,1719378900.0,2024-06-26 10:45:00+05:30
195.45,195.45,193.95,193.95,8176.0,1719379200.0,2024-06-26 10:50:00+05:30
194.0,195.15,194.0,195.0,9976.0,1719379500.0,2024-06-26 10:55:00+05:30
195.0,195.0,194.6,194.95,128.0,1719379800.0,2024-06-26 11:00:00+05:30
194.95,195.6,194.8,194.8,4236.0,1719380100.0,2024-06-26 11:05:00+05:30
194.75,195.2,194.75,195.2,392.0,1719380400.0,2024-06-26 11:10:00+05:30
195.2,195.2,194.55,194.55,1892.0,1719380700.0,2024-06-26 11:15:00+05:30
194.45,194.5,194.2,194.2,416.0,1719381000.0,2024-06-26 11:20:00+05:30
194.2,194.2,194.2,194.2,8.0,1719381300.0,2024-06-26 11:25:00+05:30
194.2,194.75,194.2,194.75,832.0,1719381600.0,2024-06-26 11:30:00+05:30
194.45,194.8,194.45,194.8,436.0,1719381900.0,2024-06-26 11:35:00+05:30
194.8,194.8,194.8,194.8,44.0,1719382200.0,2024-06-26 11:40:00+05:30
194.3,194.7,194.2,194.7,2948.0,1719382500.0,2024-06-26 11:45:00+05:30
194.7,194.7,194.0,194.5,2304.0,1719382800.0,2024-06-26 11:50:00+05:30
194.3,194.3,194.2,194.2,1568.0,1719383100.0,2024-06-26 11:55:00+05:30
194.4,194.5,194.2,194.5,76.0,1719383400.0,2024-06-26 12:00:00+05:30
194.5,194.5,194.5,194.5,0.0,1719383700.0,2024-06-26 12:05:00+05:30
194.85,194.85,194.4,194.85,4140.0,1719384000.0,2024-06-26 12:10:00+05:30
194.3,194.85,194.3,194.7,292.0,1719384300.0,2024-06-26 12:15:00+05:30
194.55,194.55,194.55,194.55,548.0,1719384600.0,2024-06-26 12:20:00+05:30
194.55,194.75,194.25,194.75,376.0,1719384900.0,2024-06-26 12:25:00+05:30
194.75,194.75,194.35,194.35,16.0,1719385200.0,2024-06-26 12:30:00+05:30
194.35,194.35,194.35,194.35,0.0,1719385500.0,2024-06-26 12:35:00+05:30
194.75,194.8,194.5,194.5,464.0,1719385800.0,2024-06-26 12:40:00+05:30
194.5,194.8,194.25,194.25,2684.0,1719386100.0,2024-06-26 12:45:00+05:30
194.15,194.5,194.15,194.5,428.0,1719386400.0,2024-06-26 12:50:00+05:30
194.5,194.65,194.3,194.4,200.0,1719386700.0,2024-06-26 12:55:00+05:30
194.4,194.5,193.8,193.8,1620.0,1719387000.0,2024-06-26 13:00:00+05:30
193.9,194.25,193.8,193.8,2560.0,1719387300.0,2024-06-26 13:05:00+05:30
193.8,194.2,193.8,194.0,224.0,1719387600.0,2024-06-26 13:10:00+05:30
194.2,194.2,194.0,194.2,352.0,1719387900.0,2024-06-26 13:15:00+05:30
194.2,194.2,194.0,194.2,1332.0,1719388200.0,2024-06-26 13:20:00+05:30
194.2,194.2,194.2,194.2,40.0,1719388500.0,2024-06-26 13:25:00+05:30
194.2,194.2,193.95,193.95,2096.0,1719388800.0,2024-06-26 13:30:00+05:30
193.95,194.2,193.95,194.2,52.0,1719389100.0,2024-06-26 13:35:00+05:30
194.2,194.6,194.0,194.1,2404.0,1719389400.0,2024-06-26 13:40:00+05:30
194.1,194.1,194.05,194.05,88.0,1719389700.0,2024-06-26 13:45:00+05:30
194.2,194.2,193.8,193.95,938132.0,1719390000.0,2024-06-26 13:50:00+05:30
193.75,193.95,193.75,193.8,608.0,1719390300.0,2024-06-26 13:55:00+05:30
193.95,193.95,193.95,193.95,72.0,1719390600.0,2024-06-26 14:00:00+05:30
193.95,193.95,193.75,193.75,3340.0,1719390900.0,2024-06-26 14:05:00+05:30
193.9,193.9,193.7,193.75,684.0,1719391200.0,2024-06-26 14:10:00+05:30
193.75,193.75,192.25,193.45,46496.0,1719391500.0,2024-06-26 14:15:00+05:30
193.6,193.7,193.35,193.35,844.0,1719391800.0,2024-06-26 14:20:00+05:30
193.35,193.45,193.3,193.35,892.0,1719392100.0,2024-06-26 14:25:00+05:30
193.35,193.7,193.35,193.7,1208.0,1719392400.0,2024-06-26 14:30:00+05:30
193.7,193.95,193.7,193.95,812.0,1719392700.0,2024-06-26 14:35:00+05:30
193.95,194.1,193.3,194.1,3796.0,1719393000.0,2024-06-26 14:40:00+05:30
193.95,194.7,193.95,194.3,3636.0,1719393300.0,2024-06-26 14:45:00+05:30
193.95,193.95,193.95,193.95,20.0,1719393600.0,2024-06-26 14:50:00+05:30
194.2,194.3,193.9,194.2,1008.0,1719393900.0,2024-06-26 14:55:00+05:30
194.2,194.2,193.75,194.0,1408.0,1719394200.0,2024-06-26 15:00:00+05:30
194.0,194.0,194.0,194.0,44.0,1719394500.0,2024-06-26 15:05:00+05:30
194.0,194.1,193.85,194.0,3336.0,1719394800.0,2024-06-26 15:10:00+05:30
193.75,194.6,193.75,194.45,13632.0,1719395100.0,2024-06-26 15:15:00+05:30
194.4,194.6,194.0,194.5,9896.0,1719395400.0,2024-06-26 15:20:00+05:30
194.5,195.8,194.0,194.5,11248.0,1719395700.0,2024-06-26 15:25:00+05:30
194.4,195.25,194.4,194.7,1400.0,1719459900.0,2024-06-27 09:15:00+05:30
194.95,195.5,194.85,195.3,3524.0,1719460200.0,2024-06-27 09:20:00+05:30
195.3,195.75,194.9,195.75,3024.0,1719460500.0,2024-06-27 09:25:00+05:30
195.35,195.5,194.8,195.0,1260.0,1719460800.0,2024-06-27 09:30:00+05:30
195.0,195.4,195.0,195.0,448.0,1719461100.0,2024-06-27 09:35:00+05:30
195.0,195.3,195.0,195.3,136.0,1719461400.0,2024-06-27 09:40:00+05:30
195.5,195.75,195.5,195.75,1216.0,1719461700.0,2024-06-27 09:45:00+05:30
195.5,196.05,195.5,195.95,3512.0,1719462000.0,2024-06-27 09:50:00+05:30
195.95,196.2,195.95,196.15,2092.0,1719462300.0,2024-06-27 09:55:00+05:30
196.15,196.5,195.75,196.3,10796.0,1719462600.0,2024-06-27 10:00:00+05:30
196.5,196.5,195.75,196.3,14208.0,1719462900.0,2024-06-27 10:05:00+05:30
196.25,197.0,196.1,196.65,21172.0,1719463200.0,2024-06-27 10:10:00+05:30
196.65,197.25,196.65,197.0,8092.0,1719463500.0,2024-06-27 10:15:00+05:30
197.0,197.45,196.95,197.35,9064.0,1719463800.0,2024-06-27 10:20:00+05:30
197.0,198.0,197.0,197.35,5688.0,1719464100.0,2024-06-27 10:25:00+05:30
197.1,197.3,197.0,197.1,5436.0,1719464400.0,2024-06-27 10:30:00+05:30
197.3,197.45,197.0,197.1,968.0,1719464700.0,2024-06-27 10:35:00+05:30
197.0,197.0,195.05,195.75,31980.0,1719465000.0,2024-06-27 10:40:00+05:30
195.75,195.95,195.25,195.75,2748.0,1719465300.0,2024-06-27 10:45:00+05:30
195.75,196.4,195.75,196.1,1336.0,1719465600.0,2024-06-27 10:50:00+05:30
196.1,197.1,196.0,197.1,113036.0,1719465900.0,2024-06-27 10:55:00+05:30
196.7,196.7,195.95,195.95,26292.0,1719466200.0,2024-06-27 11:00:00+05:30
195.95,196.15,195.8,195.8,576.0,1719466500.0,2024-06-27 11:05:00+05:30
195.55,195.75,195.5,195.5,2144.0,1719466800.0,2024-06-27 11:10:00+05:30
195.5,195.5,195.5,195.5,2316.0,1719467100.0,2024-06-27 11:15:00+05:30
195.5,195.5,195.5,195.5,0.0,1719467400.0,2024-06-27 11:20:00+05:30
195.5,195.5,195.5,195.5,112.0,1719467700.0,2024-06-27 11:25:00+05:30
195.5,195.8,195.5,195.75,1572.0,1719468000.0,2024-06-27 11:30:00+05:30
195.75,196.15,195.55,196.1,13912.0,1719468300.0,2024-06-27 11:35:00+05:30
196.2,196.2,196.2,196.2,816.0,1719468600.0,2024-06-27 11:40:00+05:30
196.2,196.9,196.2,196.25,4044.0,1719468900.0,2024-06-27 11:45:00+05:30
196.15,197.1,196.15,197.1,10096.0,1719469200.0,2024-06-27 11:50:00+05:30
196.75,197.05,196.25,196.25,27752.0,1719469500.0,2024-06-27 11:55:00+05:30
196.25,197.25,196.15,196.8,26908.0,1719469800.0,2024-06-27 12:00:00+05:30
196.4,197.4,196.4,197.4,3464.0,1719470100.0,2024-06-27 12:05:00+05:30
197.4,197.5,197.05,197.5,928.0,1719470400.0,2024-06-27 12:10:00+05:30
197.5,197.5,197.15,197.15,996.0,1719470700.0,2024-06-27 12:15:00+05:30
197.4,197.45,196.65,197.1,5380.0,1719471000.0,2024-06-27 12:20:00+05:30
196.8,197.15,195.8,196.15,34048.0,1719471300.0,2024-06-27 12:25:00+05:30
196.2,196.25,195.95,195.95,9376.0,1719471600.0,2024-06-27 12:30:00+05:30
195.95,196.15,195.95,196.0,308.0,1719471900.0,2024-06-27 12:35:00+05:30
195.95,195.95,195.6,195.6,5476.0,1719472200.0,2024-06-27 12:40:00+05:30
195.3,195.65,195.3,195.65,1956.0,1719472500.0,2024-06-27 12:45:00+05:30
195.8,195.95,195.65,195.65,548.0,1719472800.0,2024-06-27 12:50:00+05:30
195.65,196.0,195.65,196.0,8124.0,1719473100.0,2024-06-27 12:55:00+05:30
196.0,196.0,195.75,195.95,1788.0,1719473400.0,2024-06-27 13:00:00+05:30
196.0,196.2,196.0,196.2,208.0,1719473700.0,2024-06-27 13:05:00+05:30
196.2,196.25,196.05,196.25,10368.0,1719474000.0,2024-06-27 13:10:00+05:30
196.25,196.3,196.15,196.25,12596.0,1719474300.0,2024-06-27 13:15:00+05:30
196.1,196.25,196.1,196.25,11964.0,1719474600.0,2024-06-27 13:20:00+05:30
196.25,196.45,196.2,196.25,16896.0,1719474900.0,2024-06-27 13:25:00+05:30
196.25,196.3,196.0,196.25,26960.0,1719475200.0,2024-06-27 13:30:00+05:30
196.15,196.4,196.15,196.25,14152.0,1719475500.0,2024-06-27 13:35:00+05:30
196.15,196.3,196.0,196.0,10260.0,1719475800.0,2024-06-27 13:40:00+05:30
196.0,196.2,195.95,195.95,1464.0,1719476100.0,2024-06-27 13:45:00+05:30
195.95,196.2,195.95,196.2,96.0,1719476400.0,2024-06-27 13:50:00+05:30
196.2,196.2,195.95,195.95,328.0,1719476700.0,2024-06-27 13:55:00+05:30
195.8,195.9,195.5,195.8,1360.0,1719477000.0,2024-06-27 14:00:00+05:30
195.8,195.8,195.8,195.8,116.0,1719477300.0,2024-06-27 14:05:00+05:30
195.5,195.8,195.4,195.8,23324.0,1719477600.0,2024-06-27 14:10:00+05:30
196.0,196.25,195.75,196.05,21272.0,1719477900.0,2024-06-27 14:15:00+05:30
196.0,196.3,195.55,196.0,27700.0,1719478200.0,2024-06-27 14:20:00+05:30
196.0,196.3,195.9,196.0,13636.0,1719478500.0,2024-06-27 14:25:00+05:30
196.05,196.5,196.0,196.5,30348.0,1719478800.0,2024-06-27 14:30:00+05:30
196.45,197.0,195.25,195.25,45496.0,1719479100.0,2024-06-27 14:35:00+05:30
194.85,195.1,194.35,195.0,43028.0,1719479400.0,2024-06-27 14:40:00+05:30
195.0,195.75,195.0,195.75,89980.0,1719479700.0,2024-06-27 14:45:00+05:30
195.75,196.05,195.75,196.0,1092.0,1719480000.0,2024-06-27 14:50:00+05:30
196.25,196.6,196.25,196.5,1600.0,1719480300.0,2024-06-27 14:55:00+05:30
196.5,196.6,196.1,196.6,101696.0,1719480600.0,2024-06-27 15:00:00+05:30
196.7,196.75,194.15,195.4,69544.0,1719480900.0,2024-06-27 15:05:00+05:30
195.2,195.4,195.15,195.25,6080.0,1719481200.0,2024-06-27 15:10:00+05:30
195.25,196.25,195.25,195.75,10548.0,1719481500.0,2024-06-27 15:15:00+05:30
195.75,196.0,195.75,195.8,5140.0,1719481800.0,2024-06-27 15:20:00+05:30
195.8,196.2,195.0,196.2,15196.0,1719482100.0,2024-06-27 15:25:00+05:30
197.75,197.75,196.65,197.15,2104.0,1719546300.0,2024-06-28 09:15:00+05:30
197.1,200.0,196.5,199.45,29264.0,1719546600.0,2024-06-28 09:20:00+05:30
199.45,200.25,198.8,198.8,27476.0,1719546900.0,2024-06-28 09:25:00+05:30
198.6,198.85,197.8,198.2,3004.0,1719547200.0,2024-06-28 09:30:00+05:30
198.35,198.35,197.5,197.95,2476.0,1719547500.0,2024-06-28 09:35:00+05:30
197.95,198.25,197.9,197.9,112.0,1719547800.0,2024-06-28 09:40:00+05:30
197.7,198.0,196.25,197.3,11428.0,1719548100.0,2024-06-28 09:45:00+05:30
197.5,197.5,196.5,196.5,1740.0,1719548400.0,2024-06-28 09:50:00+05:30
196.75,197.55,196.75,197.2,3428.0,1719548700.0,2024-06-28 09:55:00+05:30
196.95,197.15,196.6,196.95,1872.0,1719549000.0,2024-06-28 10:00:00+05:30
196.95,196.95,196.65,196.65,124.0,1719549300.0,2024-06-28 10:05:00+05:30
196.55,197.2,196.3,196.5,1696.0,1719549600.0,2024-06-28 10:10:00+05:30
196.5,196.75,196.5,196.75,44.0,1719549900.0,2024-06-28 10:15:00+05:30
196.75,196.9,196.6,196.9,304.0,1719550200.0,2024-06-28 10:20:00+05:30
196.9,196.9,196.5,196.75,108.0,1719550500.0,2024-06-28 10:25:00+05:30
196.8,196.8,196.5,196.5,204.0,1719550800.0,2024-06-28 10:30:00+05:30
196.5,196.5,196.3,196.5,372.0,1719551100.0,2024-06-28 10:35:00+05:30
196.5,196.5,196.35,196.35,184.0,1719551400.0,2024-06-28 10:40:00+05:30
196.5,196.5,196.3,196.3,388.0,1719551700.0,2024-06-28 10:45:00+05:30
196.3,197.1,196.3,196.9,5220.0,1719552000.0,2024-06-28 10:50:00+05:30
196.75,196.75,196.7,196.7,364.0,1719552300.0,2024-06-28 10:55:00+05:30
196.3,196.55,196.05,196.05,480.0,1719552600.0,2024-06-28 11:00:00+05:30
196.3,196.6,196.3,196.6,196.0,1719552900.0,2024-06-28 11:05:00+05:30
196.6,196.6,196.35,196.35,684.0,1719553200.0,2024-06-28 11:10:00+05:30
196.35,196.35,195.6,195.6,1460.0,1719553500.0,2024-06-28 11:15:00+05:30
195.6,195.8,195.6,195.8,44.0,1719553800.0,2024-06-28 11:20:00+05:30
195.75,195.75,195.5,195.5,84.0,1719554100.0,2024-06-28 11:25:00+05:30
195.5,195.7,195.5,195.7,208.0,1719554400.0,2024-06-28 11:30:00+05:30
195.7,195.7,195.4,195.5,1324.0,1719554700.0,2024-06-28 11:35:00+05:30
195.55,195.55,195.3,195.55,156.0,1719555000.0,2024-06-28 11:40:00+05:30
195.3,195.4,195.15,195.4,264.0,1719555300.0,2024-06-28 11:45:00+05:30
195.4,195.4,194.25,194.9,3144.0,1719555600.0,2024-06-28 11:50:00+05:30
194.85,194.95,194.25,194.7,2112.0,1719555900.0,2024-06-28 11:55:00+05:30
194.65,194.65,194.3,194.45,952.0,1719556200.0,2024-06-28 12:00:00+05:30
194.6,195.25,194.5,194.85,4280.0,1719556500.0,2024-06-28 12:05:00+05:30
194.85,195.0,194.75,194.75,792.0,1719556800.0,2024-06-28 12:10:00+05:30
194.95,194.95,194.6,194.6,864.0,1719557100.0,2024-06-28 12:15:00+05:30
194.9,194.9,194.6,194.6,184.0,1719557400.0,2024-06-28 12:20:00+05:30
195.05,195.1,194.6,194.8,1784.0,1719557700.0,2024-06-28 12:25:00+05:30
195.0,195.05,194.75,194.75,784.0,1719558000.0,2024-06-28 12:30:00+05:30
194.75,195.05,194.75,194.75,1380.0,1719558300.0,2024-06-28 12:35:00+05:30
194.75,195.05,194.75,195.05,1488.0,1719558600.0,2024-06-28 12:40:00+05:30
194.9,195.15,194.75,194.75,244.0,1719558900.0,2024-06-28 12:45:00+05:30
194.75,194.95,194.75,194.95,856.0,1719559200.0,2024-06-28 12:50:00+05:30
194.95,194.95,194.75,194.75,36.0,1719559500.0,2024-06-28 12:55:00+05:30
194.75,194.95,194.6,194.6,132.0,1719559800.0,2024-06-28 13:00:00+05:30
194.6,195.4,194.6,195.4,3236.0,1719560100.0,2024-06-28 13:05:00+05:30
195.8,196.25,194.55,195.0,144848.0,1719560400.0,2024-06-28 13:10:00+05:30
195.0,195.65,195.0,195.65,2104.0,1719560700.0,2024-06-28 13:15:00+05:30
195.65,197.0,195.5,197.0,79776.0,1719561000.0,2024-06-28 13:20:00+05:30
197.0,197.2,195.35,195.45,54924.0,1719561300.0,2024-06-28 13:25:00+05:30
195.0,195.3,193.9,194.6,4356.0,1719561600.0,2024-06-28 13:30:00+05:30
194.6,194.9,194.4,194.9,1328.0,1719561900.0,2024-06-28 13:35:00+05:30
194.4,194.55,194.25,194.25,920.0,1719562200.0,2024-06-28 13:40:00+05:30
193.9,194.3,193.5,193.6,4252.0,1719562500.0,2024-06-28 13:45:00+05:30
193.6,193.95,193.4,193.95,8892.0,1719562800.0,2024-06-28 13:50:00+05:30
194.0,194.5,193.4,193.4,4484.0,1719563100.0,2024-06-28 13:55:00+05:30
193.45,193.85,193.45,193.85,532.0,1719563400.0,2024-06-28 14:00:00+05:30
193.4,193.4,192.6,192.85,21092.0,1719563700.0,2024-06-28 14:05:00+05:30
192.9,193.3,192.85,193.3,2084.0,1719564000.0,2024-06-28 14:10:00+05:30
193.3,193.3,192.6,192.8,1604.0,1719564300.0,2024-06-28 14:15:00+05:30
192.0,192.5,192.0,192.5,10428.0,1719564600.0,2024-06-28 14:20:00+05:30
192.35,192.6,192.3,192.55,2068.0,1719564900.0,2024-06-28 14:25:00+05:30
192.6,192.75,192.25,192.25,4220.0,1719565200.0,2024-06-28 14:30:00+05:30
192.25,192.45,191.2,191.35,20292.0,1719565500.0,2024-06-28 14:35:00+05:30
191.4,191.6,191.05,191.5,3496.0,1719565800.0,2024-06-28 14:40:00+05:30
191.7,191.9,190.95,191.25,3352.0,1719566100.0,2024-06-28 14:45:00+05:30
191.25,192.15,191.1,191.25,7300.0,1719566400.0,2024-06-28 14:50:00+05:30
191.25,192.0,191.15,192.0,3056.0,1719566700.0,2024-06-28 14:55:00+05:30
192.1,192.2,191.0,191.1,14316.0,1719567000.0,2024-06-28 15:00:00+05:30
191.15,193.2,190.8,192.35,37984.0,1719567300.0,2024-06-28 15:05:00+05:30
192.0,192.0,190.55,190.55,39312.0,1719567600.0,2024-06-28 15:10:00+05:30
190.55,191.1,190.4,190.6,5416.0,1719567900.0,2024-06-28 15:15:00+05:30
190.6,191.55,190.05,191.4,25736.0,1719568200.0,2024-06-28 15:20:00+05:30
191.25,192.4,190.3,192.4,43324.0,1719568500.0,2024-06-28 15:25:00+05:30
192.75,193.8,190.05,193.5,12684.0,1719805500.0,2024-07-01 09:15:00+05:30
193.4,193.8,193.2,193.8,1244.0,1719805800.0,2024-07-01 09:20:00+05:30
193.5,193.7,193.3,193.45,3004.0,1719806100.0,2024-07-01 09:25:00+05:30
193.45,193.5,192.5,192.65,2596.0,1719806400.0,2024-07-01 09:30:00+05:30
192.75,193.5,192.5,193.35,3004.0,1719806700.0,2024-07-01 09:35:00+05:30
193.3,193.5,193.1,193.45,940.0,1719807000.0,2024-07-01 09:40:00+05:30
193.4,193.65,192.5,192.5,4512.0,1719807300.0,2024-07-01 09:45:00+05:30
192.9,193.75,192.85,193.55,1352.0,1719807600.0,2024-07-01 09:50:00+05:30
193.25,193.55,193.0,193.3,4496.0,1719807900.0,2024-07-01 09:55:00+05:30
193.3,193.45,193.2,193.2,352.0,1719808200.0,2024-07-01 10:00:00+05:30
193.4,193.4,193.4,193.4,60.0,1719808500.0,2024-07-01 10:05:00+05:30
193.4,193.45,193.15,193.15,256.0,1719808800.0,2024-07-01 10:10:00+05:30
193.1,193.1,192.85,192.85,1464.0,1719809100.0,2024-07-01 10:15:00+05:30
192.85,193.05,192.55,193.05,532.0,1719809400.0,2024-07-01 10:20:00+05:30
193.05,193.05,193.05,193.05,92.0,1719809700.0,2024-07-01 10:25:00+05:30
192.85,193.05,192.1,192.8,6048.0,1719810000.0,2024-07-01 10:30:00+05:30
192.8,192.9,192.75,192.8,764.0,1719810300.0,2024-07-01 10:35:00+05:30
192.6,192.9,192.6,192.9,196.0,1719810600.0,2024-07-01 10:40:00+05:30
192.6,193.0,192.6,193.0,1092.0,1719810900.0,2024-07-01 10:45:00+05:30
193.0,193.0,192.6,192.9,404.0,1719811200.0,2024-07-01 10:50:00+05:30
193.35,193.45,193.15,193.4,2620.0,1719811500.0,2024-07-01 10:55:00+05:30
193.45,193.5,193.4,193.4,700.0,1719811800.0,2024-07-01 11:00:00+05:30
193.4,193.4,192.95,192.95,396.0,1719812100.0,2024-07-01 11:05:00+05:30
192.95,193.15,192.9,192.9,424.0,1719812400.0,2024-07-01 11:10:00+05:30
192.8,192.9,192.35,192.9,1236.0,1719812700.0,2024-07-01 11:15:00+05:30
192.9,192.9,192.55,192.75,1352.0,1719813000.0,2024-07-01 11:20:00+05:30
192.75,192.75,192.75,192.75,0.0,1719813300.0,2024-07-01 11:25:00+05:30
192.55,193.4,192.55,193.3,1204.0,1719813600.0,2024-07-01 11:30:00+05:30
193.15,193.3,192.65,192.65,4704.0,1719813900.0,2024-07-01 11:35:00+05:30
193.0,193.25,192.85,192.85,1408.0,1719814200.0,2024-07-01 11:40:00+05:30
192.85,193.1,192.85,192.95,228.0,1719814500.0,2024-07-01 11:45:00+05:30
192.95,193.0,192.95,193.0,44.0,1719814800.0,2024-07-01 11:50:00+05:30
193.0,193.1,193.0,193.1,580.0,1719815100.0,2024-07-01 11:55:00+05:30
193.1,193.1,193.1,193.1,0.0,1719815400.0,2024-07-01 12:00:00+05:30
193.1,193.1,193.1,193.1,0.0,1719815700.0,2024-07-01 12:05:00+05:30
193.1,193.1,193.1,193.1,0.0,1719816000.0,2024-07-01 12:10:00+05:30
193.1,193.1,193.05,193.05,428.0,1719816300.0,2024-07-01 12:15:00+05:30
193.1,193.1,192.5,192.7,1756.0,1719816600.0,2024-07-01 12:20:00+05:30
192.7,192.8,192.6,192.6,460.0,1719816900.0,2024-07-01 12:25:00+05:30
192.55,192.75,192.45,192.45,2108.0,1719817200.0,2024-07-01 12:30:00+05:30
191.5,192.1,191.5,191.75,7700.0,1719817500.0,2024-07-01 12:35:00+05:30
191.75,192.2,191.65,191.65,1056.0,1719817800.0,2024-07-01 12:40:00+05:30
191.85,191.95,191.6,191.6,3064.0,1719818100.0,2024-07-01 12:45:00+05:30
191.75,191.75,191.55,191.75,4396.0,1719818400.0,2024-07-01 12:50:00+05:30
191.75,191.75,191.1,191.25,9088.0,1719818700.0,2024-07-01 12:55:00+05:30
191.2,191.2,190.05,190.8,7012.0,1719819000.0,2024-07-01 13:00:00+05:30
190.85,190.85,190.5,190.7,300.0,1719819300.0,2024-07-01 13:05:00+05:30
190.7,190.95,190.05,190.05,3812.0,1719819600.0,2024-07-01 13:10:00+05:30
190.3,190.3,189.35,189.5,15644.0,1719819900.0,2024-07-01 13:15:00+05:30
189.3,189.9,189.3,189.85,828.0,1719820200.0,2024-07-01 13:20:00+05:30
189.6,189.9,189.6,189.8,264.0,1719820500.0,2024-07-01 13:25:00+05:30
189.8,189.8,189.75,189.75,124.0,1719820800.0,2024-07-01 13:30:00+05:30
189.75,189.8,189.75,189.8,2168.0,1719821100.0,2024-07-01 13:35:00+05:30
189.85,190.2,189.8,190.0,37780.0,1719821400.0,2024-07-01 13:40:00+05:30
190.0,191.6,189.85,191.4,136332.0,1719821700.0,2024-07-01 13:45:00+05:30
191.8,191.9,191.45,191.9,1816.0,1719822000.0,2024-07-01 13:50:00+05:30
191.8,192.1,191.7,192.1,3788.0,1719822300.0,2024-07-01 13:55:00+05:30
192.2,192.2,191.7,192.0,608.0,1719822600.0,2024-07-01 14:00:00+05:30
191.95,192.05,191.6,192.05,444.0,1719822900.0,2024-07-01 14:05:00+05:30
192.05,192.8,191.95,192.4,4436.0,1719823200.0,2024-07-01 14:10:00+05:30
192.85,193.1,192.8,192.9,2184.0,1719823500.0,2024-07-01 14:15:00+05:30
193.1,193.25,192.75,193.2,13840.0,1719823800.0,2024-07-01 14:20:00+05:30
193.2,194.4,193.2,194.4,9804.0,1719824100.0,2024-07-01 14:25:00+05:30
194.1,194.5,193.8,194.5,4372.0,1719824400.0,2024-07-01 14:30:00+05:30
194.45,194.7,194.4,194.5,3228.0,1719824700.0,2024-07-01 14:35:00+05:30
194.5,194.8,194.5,194.8,1048.0,1719825000.0,2024-07-01 14:40:00+05:30
194.8,194.95,194.75,194.95,456.0,1719825300.0,2024-07-01 14:45:00+05:30
195.2,195.25,194.9,195.25,8232.0,1719825600.0,2024-07-01 14:50:00+05:30
195.25,195.4,195.0,195.0,2072.0,1719825900.0,2024-07-01 14:55:00+05:30
194.8,195.0,193.7,194.7,10852.0,1719826200.0,2024-07-01 15:00:00+05:30
194.7,195.15,194.3,195.0,11508.0,1719826500.0,2024-07-01 15:05:00+05:30
195.1,195.15,194.8,195.0,4196.0,1719826800.0,2024-07-01 15:10:00+05:30
195.05,197.0,195.0,195.2,26780.0,1719827100.0,2024-07-01 15:15:00+05:30
195.7,195.7,194.75,195.0,12356.0,1719827400.0,2024-07-01 15:20:00+05:30
195.0,195.5,194.8,195.5,7232.0,1719827700.0,2024-07-01 15:25:00+05:30
195.3,195.3,194.15,194.9,2196.0,1719891900.0,2024-07-02 09:15:00+05:30
194.7,194.9,193.75,194.7,3364.0,1719892200.0,2024-07-02 09:20:00+05:30
194.3,194.7,193.1,194.65,7860.0,1719892500.0,2024-07-02 09:25:00+05:30
194.65,194.7,194.25,194.3,1344.0,1719892800.0,2024-07-02 09:30:00+05:30
194.3,194.3,194.25,194.25,40.0,1719893100.0,2024-07-02 09:35:00+05:30
194.25,195.1,194.05,194.6,4200.0,1719893400.0,2024-07-02 09:40:00+05:30
194.6,194.75,194.6,194.75,76.0,1719893700.0,2024-07-02 09:45:00+05:30
194.75,195.0,194.4,194.4,1028.0,1719894000.0,2024-07-02 09:50:00+05:30
194.4,194.7,194.4,194.7,3932.0,1719894300.0,2024-07-02 09:55:00+05:30
194.75,194.75,194.5,194.7,568.0,1719894600.0,2024-07-02 10:00:00+05:30
194.7,194.7,194.5,194.7,328.0,1719894900.0,2024-07-02 10:05:00+05:30
194.7,195.1,194.6,195.1,10268.0,1719895200.0,2024-07-02 10:10:00+05:30
195.25,195.95,195.2,195.5,7228.0,1719895500.0,2024-07-02 10:15:00+05:30
195.5,195.95,195.2,195.2,2616.0,1719895800.0,2024-07-02 10:20:00+05:30
195.2,195.5,195.2,195.5,404.0,1719896100.0,2024-07-02 10:25:00+05:30
195.45,195.8,195.45,195.75,1632.0,1719896400.0,2024-07-02 10:30:00+05:30
195.75,195.75,195.75,195.75,132.0,1719896700.0,2024-07-02 10:35:00+05:30
195.75,195.75,195.05,195.5,1440.0,1719897000.0,2024-07-02 10:40:00+05:30
195.7,195.75,195.55,195.55,168.0,1719897300.0,2024-07-02 10:45:00+05:30
195.55,195.75,195.55,195.75,44.0,1719897600.0,2024-07-02 10:50:00+05:30
195.75,195.75,195.55,195.75,320.0,1719897900.0,2024-07-02 10:55:00+05:30
195.65,195.65,195.65,195.65,88.0,1719898200.0,2024-07-02 11:00:00+05:30
195.65,195.65,195.5,195.5,516.0,1719898500.0,2024-07-02 11:05:00+05:30
195.6,195.6,195.05,195.1,952.0,1719898800.0,2024-07-02 11:10:00+05:30
195.1,195.4,195.0,195.4,192.0,1719899100.0,2024-07-02 11:15:00+05:30
195.4,195.4,195.1,195.1,60.0,1719899400.0,2024-07-02 11:20:00+05:30
195.1,195.1,195.1,195.1,0.0,1719899700.0,2024-07-02 11:25:00+05:30
195.1,195.4,195.1,195.25,88.0,1719900000.0,2024-07-02 11:30:00+05:30
195.25,195.4,195.0,195.4,1032.0,1719900300.0,2024-07-02 11:35:00+05:30
195.35,195.35,195.0,195.0,208.0,1719900600.0,2024-07-02 11:40:00+05:30
195.0,195.25,195.0,195.25,160.0,1719900900.0,2024-07-02 11:45:00+05:30
195.3,195.3,194.5,195.0,2588.0,1719901200.0,2024-07-02 11:50:00+05:30
195.0,195.25,195.0,195.1,312.0,1719901500.0,2024-07-02 11:55:00+05:30
195.1,195.25,195.1,195.15,144.0,1719901800.0,2024-07-02 12:00:00+05:30
195.15,195.25,194.75,194.85,1628.0,1719902100.0,2024-07-02 12:05:00+05:30
195.0,195.0,194.5,194.65,3176.0,1719902400.0,2024-07-02 12:10:00+05:30
194.65,194.75,194.05,194.6,4876.0,1719902700.0,2024-07-02 12:15:00+05:30
194.6,194.75,194.4,194.4,928.0,1719903000.0,2024-07-02 12:20:00+05:30
194.25,194.5,194.25,194.45,2456.0,1719903300.0,2024-07-02 12:25:00+05:30
194.45,194.45,194.0,194.0,2208.0,1719903600.0,2024-07-02 12:30:00+05:30
194.0,194.0,193.65,193.8,1096.0,1719903900.0,2024-07-02 12:35:00+05:30
193.8,193.8,193.25,193.7,3324.0,1719904200.0,2024-07-02 12:40:00+05:30
193.7,193.8,193.5,193.75,648.0,1719904500.0,2024-07-02 12:45:00+05:30
193.95,194.0,193.6,193.75,836.0,1719904800.0,2024-07-02 12:50:00+05:30
193.75,193.75,193.55,193.75,32.0,1719905100.0,2024-07-02 12:55:00+05:30
193.6,193.65,193.1,193.6,1272.0,1719905400.0,2024-07-02 13:00:00+05:30
193.6,193.65,193.15,193.45,504.0,1719905700.0,2024-07-02 13:05:00+05:30
193.45,193.5,193.3,193.3,232.0,1719906000.0,2024-07-02 13:10:00+05:30
193.5,193.6,192.55,193.6,3740.0,1719906300.0,2024-07-02 13:15:00+05:30
193.6,193.7,193.4,193.7,360.0,1719906600.0,2024-07-02 13:20:00+05:30
193.7,193.75,193.45,193.75,1916.0,1719906900.0,2024-07-02 13:25:00+05:30
193.75,193.75,193.65,193.65,260.0,1719907200.0,2024-07-02 13:30:00+05:30
193.65,193.9,193.55,193.9,3068.0,1719907500.0,2024-07-02 13:35:00+05:30
193.95,194.0,193.85,194.0,140.0,1719907800.0,2024-07-02 13:40:00+05:30
194.0,194.0,193.7,193.75,1940.0,1719908100.0,2024-07-02 13:45:00+05:30
193.75,193.75,193.75,193.75,632.0,1719908400.0,2024-07-02 13:50:00+05:30
193.75,193.75,193.75,193.75,1268.0,1719908700.0,2024-07-02 13:55:00+05:30
194.0,194.25,193.7,193.75,52820.0,1719909000.0,2024-07-02 14:00:00+05:30
193.75,193.95,193.75,193.85,5036.0,1719909300.0,2024-07-02 14:05:00+05:30
193.85,193.85,193.5,193.75,18660.0,1719909600.0,2024-07-02 14:10:00+05:30
193.75,194.0,193.45,193.9,8224.0,1719909900.0,2024-07-02 14:15:00+05:30
193.8,193.9,193.7,193.85,2448.0,1719910200.0,2024-07-02 14:20:00+05:30
193.9,193.9,193.3,193.75,2316.0,1719910500.0,2024-07-02 14:25:00+05:30
193.6,193.75,193.2,193.2,364.0,1719910800.0,2024-07-02 14:30:00+05:30
193.15,193.55,193.15,193.4,1232.0,1719911100.0,2024-07-02 14:35:00+05:30
193.4,194.5,193.4,194.5,5648.0,1719911400.0,2024-07-02 14:40:00+05:30
194.2,194.25,193.8,193.95,7868.0,1719911700.0,2024-07-02 14:45:00+05:30
193.8,194.0,193.25,193.5,18532.0,1719912000.0,2024-07-02 14:50:00+05:30
193.5,194.4,193.45,193.7,45840.0,1719912300.0,2024-07-02 14:55:00+05:30
193.75,193.75,192.05,192.1,19216.0,1719912600.0,2024-07-02 15:00:00+05:30
192.35,192.75,192.1,192.15,8356.0,1719912900.0,2024-07-02 15:05:00+05:30
192.55,193.2,192.4,193.2,24472.0,1719913200.0,2024-07-02 15:10:00+05:30
193.2,193.2,192.5,193.1,10528.0,1719913500.0,2024-07-02 15:15:00+05:30
193.1,193.2,192.75,193.05,5168.0,1719913800.0,2024-07-02 15:20:00+05:30
193.1,193.1,192.05,192.05,6960.0,1719914100.0,2024-07-02 15:25:00+05:30
192.05,192.05,192.05,192.05,0.0,1719914400.0,2024-07-02 15:30:00+05:30
192.05,198.75,192.05,198.2,34524.0,1719978300.0,2024-07-03 09:15:00+05:30
198.2,198.2,196.2,197.0,10840.0,1719978600.0,2024-07-03 09:20:00+05:30
196.8,198.35,196.25,197.95,42804.0,1719978900.0,2024-07-03 09:25:00+05:30
197.7,198.15,196.95,197.2,4760.0,1719979200.0,2024-07-03 09:30:00+05:30
197.2,197.5,196.55,196.7,8792.0,1719979500.0,2024-07-03 09:35:00+05:30
196.95,197.75,196.55,196.7,8352.0,1719979800.0,2024-07-03 09:40:00+05:30
196.4,197.4,195.85,196.75,6700.0,1719980100.0,2024-07-03 09:45:00+05:30
196.4,196.45,195.9,196.45,2392.0,1719980400.0,2024-07-03 09:50:00+05:30
196.45,196.55,196.1,196.15,960.0,1719980700.0,2024-07-03 09:55:00+05:30
196.15,196.35,195.9,196.1,2416.0,1719981000.0,2024-07-03 10:00:00+05:30
196.15,196.2,195.6,195.7,744.0,1719981300.0,2024-07-03 10:05:00+05:30
195.9,196.45,195.45,196.25,2352.0,1719981600.0,2024-07-03 10:10:00+05:30
196.25,197.2,196.15,196.95,6860.0,1719981900.0,2024-07-03 10:15:00+05:30
197.0,197.4,196.5,197.4,2572.0,1719982200.0,2024-07-03 10:20:00+05:30
197.45,197.45,195.8,196.6,5704.0,1719982500.0,2024-07-03 10:25:00+05:30
196.55,196.6,195.9,196.3,5288.0,1719982800.0,2024-07-03 10:30:00+05:30
196.3,196.45,196.0,196.1,356.0,1719983100.0,2024-07-03 10:35:00+05:30
196.25,196.25,195.95,195.95,96.0,1719983400.0,2024-07-03 10:40:00+05:30
195.95,196.2,195.95,196.2,304.0,1719983700.0,2024-07-03 10:45:00+05:30
196.15,196.2,196.15,196.15,148.0,1719984000.0,2024-07-03 10:50:00+05:30
196.2,196.5,196.2,196.5,908.0,1719984300.0,2024-07-03 10:55:00+05:30
196.5,196.5,196.2,196.4,500.0,1719984600.0,2024-07-03 11:00:00+05:30
196.4,196.4,196.2,196.3,2232.0,1719984900.0,2024-07-03 11:05:00+05:30
196.3,196.3,196.05,196.05,204.0,1719985200.0,2024-07-03 11:10:00+05:30
196.0,196.2,195.85,195.85,4108.0,1719985500.0,2024-07-03 11:15:00+05:30
195.9,195.95,195.6,195.8,1036.0,1719985800.0,2024-07-03 11:20:00+05:30
195.5,195.75,195.5,195.55,64.0,1719986100.0,2024-07-03 11:25:00+05:30
195.5,195.55,195.2,195.35,556.0,1719986400.0,2024-07-03 11:30:00+05:30
195.35,195.35,195.2,195.35,2900.0,1719986700.0,2024-07-03 11:35:00+05:30
195.0,195.9,195.0,195.7,3452.0,1719987000.0,2024-07-03 11:40:00+05:30
195.7,195.7,195.7,195.7,16.0,1719987300.0,2024-07-03 11:45:00+05:30
195.7,195.7,195.2,195.7,4104.0,1719987600.0,2024-07-03 11:50:00+05:30
195.7,196.45,195.65,195.9,5096.0,1719987900.0,2024-07-03 11:55:00+05:30
196.0,197.45,196.0,196.6,5916.0,1719988200.0,2024-07-03 12:00:00+05:30
196.5,196.6,195.45,195.45,2844.0,1719988500.0,2024-07-03 12:05:00+05:30
195.75,195.75,195.5,195.55,224.0,1719988800.0,2024-07-03 12:10:00+05:30
195.55,195.85,195.55,195.85,300.0,1719989100.0,2024-07-03 12:15:00+05:30
195.85,196.15,195.3,195.8,7892.0,1719989400.0,2024-07-03 12:20:00+05:30
195.8,195.8,195.6,195.6,88.0,1719989700.0,2024-07-03 12:25:00+05:30
195.5,195.5,195.25,195.45,376.0,1719990000.0,2024-07-03 12:30:00+05:30
195.1,195.5,195.1,195.45,996.0,1719990300.0,2024-07-03 12:35:00+05:30
195.45,195.45,195.45,195.45,0.0,1719990600.0,2024-07-03 12:40:00+05:30
195.45,195.55,195.0,195.5,2672.0,1719990900.0,2024-07-03 12:45:00+05:30
195.5,195.5,195.15,195.3,728.0,1719991200.0,2024-07-03 12:50:00+05:30
195.25,195.3,195.2,195.3,64.0,1719991500.0,2024-07-03 12:55:00+05:30
195.3,195.45,195.3,195.45,60.0,1719991800.0,2024-07-03 13:00:00+05:30
195.9,196.7,195.75,196.45,5848.0,1719992100.0,2024-07-03 13:05:00+05:30
196.45,196.45,196.2,196.45,24.0,1719992400.0,2024-07-03 13:10:00+05:30
196.45,196.75,196.4,196.7,724.0,1719992700.0,2024-07-03 13:15:00+05:30
196.5,196.5,195.65,195.65,2472.0,1719993000.0,2024-07-03 13:20:00+05:30
195.75,195.95,195.75,195.95,204.0,1719993300.0,2024-07-03 13:25:00+05:30
195.8,195.8,195.6,195.75,112.0,1719993600.0,2024-07-03 13:30:00+05:30
195.75,195.75,195.6,195.6,44.0,1719993900.0,2024-07-03 13:35:00+05:30
195.6,196.25,195.6,196.05,5472.0,1719994200.0,2024-07-03 13:40:00+05:30
196.05,196.2,195.75,196.1,684.0,1719994500.0,2024-07-03 13:45:00+05:30
196.1,196.1,195.65,196.05,840.0,1719994800.0,2024-07-03 13:50:00+05:30
196.05,196.15,195.8,196.05,440.0,1719995100.0,2024-07-03 13:55:00+05:30
196.05,196.35,195.8,196.35,3632.0,1719995400.0,2024-07-03 14:00:00+05:30
196.35,196.75,196.0,196.5,5088.0,1719995700.0,2024-07-03 14:05:00+05:30
196.5,197.75,196.5,197.05,24620.0,1719996000.0,2024-07-03 14:10:00+05:30
197.0,197.5,196.75,197.5,4704.0,1719996300.0,2024-07-03 14:15:00+05:30
197.5,197.75,197.4,197.55,11780.0,1719996600.0,2024-07-03 14:20:00+05:30
197.5,197.5,197.0,197.25,6248.0,1719996900.0,2024-07-03 14:25:00+05:30
197.3,197.55,197.3,197.5,8184.0,1719997200.0,2024-07-03 14:30:00+05:30
197.5,197.8,197.4,197.55,9484.0,1719997500.0,2024-07-03 14:35:00+05:30
197.5,197.75,197.5,197.6,840.0,1719997800.0,2024-07-03 14:40:00+05:30
197.6,197.6,197.5,197.5,2952.0,1719998100.0,2024-07-03 14:45:00+05:30
197.5,197.9,197.35,197.4,18108.0,1719998400.0,2024-07-03 14:50:00+05:30
197.4,197.7,197.4,197.7,10736.0,1719998700.0,2024-07-03 14:55:00+05:30
197.75,197.75,197.35,197.5,6508.0,1719999000.0,2024-07-03 15:00:00+05:30
197.5,197.75,197.5,197.75,10268.0,1719999300.0,2024-07-03 15:05:00+05:30
197.75,197.75,197.5,197.7,6164.0,1719999600.0,2024-07-03 15:10:00+05:30
197.7,197.95,197.4,197.75,10664.0,1719999900.0,2024-07-03 15:15:00+05:30
197.9,197.9,197.0,197.45,3176.0,1720000200.0,2024-07-03 15:20:00+05:30
197.45,197.45,195.0,196.0,7600.0,1720000500.0,2024-07-03 15:25:00+05:30
197.0,197.15,196.0,196.4,2536.0,1720064700.0,2024-07-04 09:15:00+05:30
196.2,196.7,196.15,196.55,2868.0,1720065000.0,2024-07-04 09:20:00+05:30
196.55,196.55,196.1,196.1,6988.0,1720065300.0,2024-07-04 09:25:00+05:30
196.1,196.3,196.0,196.05,372.0,1720065600.0,2024-07-04 09:30:00+05:30
195.5,196.2,195.5,196.2,4204.0,1720065900.0,2024-07-04 09:35:00+05:30
196.2,196.2,195.15,195.25,5556.0,1720066200.0,2024-07-04 09:40:00+05:30
195.55,195.95,195.5,195.7,3720.0,1720066500.0,2024-07-04 09:45:00+05:30
195.7,195.75,195.6,195.6,2656.0,1720066800.0,2024-07-04 09:50:00+05:30
195.95,195.95,195.65,195.95,2820.0,1720067100.0,2024-07-04 09:55:00+05:30
195.95,195.95,195.4,195.7,1116.0,1720067400.0,2024-07-04 10:00:00+05:30
195.8,196.1,195.8,196.1,1956.0,1720067700.0,2024-07-04 10:05:00+05:30
195.8,196.0,195.75,196.0,440.0,1720068000.0,2024-07-04 10:10:00+05:30
196.0,196.05,195.4,195.4,1344.0,1720068300.0,2024-07-04 10:15:00+05:30
195.4,195.9,195.3,195.9,908.0,1720068600.0,2024-07-04 10:20:00+05:30
196.1,196.35,195.75,195.75,10356.0,1720068900.0,2024-07-04 10:25:00+05:30
195.75,195.75,195.7,195.7,200.0,1720069200.0,2024-07-04 10:30:00+05:30
195.7,196.05,195.7,196.05,28.0,1720069500.0,2024-07-04 10:35:00+05:30
196.05,196.05,195.55,195.55,944.0,1720069800.0,2024-07-04 10:40:00+05:30
195.55,195.55,195.3,195.3,760.0,1720070100.0,2024-07-04 10:45:00+05:30
195.3,195.5,195.3,195.5,16.0,1720070400.0,2024-07-04 10:50:00+05:30
195.5,195.75,195.25,195.5,1408.0,1720070700.0,2024-07-04 10:55:00+05:30
195.8,195.9,195.5,195.8,324.0,1720071000.0,2024-07-04 11:00:00+05:30
195.8,195.8,195.8,195.8,32.0,1720071300.0,2024-07-04 11:05:00+05:30
195.8,195.9,195.7,195.7,204.0,1720071600.0,2024-07-04 11:10:00+05:30
195.7,195.95,195.5,195.95,972.0,1720071900.0,2024-07-04 11:15:00+05:30
195.95,196.0,195.8,195.8,116.0,1720072200.0,2024-07-04 11:20:00+05:30
196.0,196.0,195.8,195.95,344.0,1720072500.0,2024-07-04 11:25:00+05:30
196.0,196.0,195.8,196.0,192.0,1720072800.0,2024-07-04 11:30:00+05:30
196.0,196.0,195.75,195.75,524.0,1720073100.0,2024-07-04 11:35:00+05:30
195.75,195.85,195.5,195.55,84.0,1720073400.0,2024-07-04 11:40:00+05:30
195.55,195.6,195.55,195.6,92.0,1720073700.0,2024-07-04 11:45:00+05:30
196.0,196.0,196.0,196.0,204.0,1720074000.0,2024-07-04 11:50:00+05:30
196.0,196.0,195.7,196.0,208.0,1720074300.0,2024-07-04 11:55:00+05:30
196.0,196.0,195.5,195.5,1144.0,1720074600.0,2024-07-04 12:00:00+05:30
195.5,195.5,195.0,195.4,3668.0,1720074900.0,2024-07-04 12:05:00+05:30
195.4,195.45,195.35,195.45,384.0,1720075200.0,2024-07-04 12:10:00+05:30
195.35,195.35,194.25,194.6,6960.0,1720075500.0,2024-07-04 12:15:00+05:30
194.6,194.95,194.6,194.95,232.0,1720075800.0,2024-07-04 12:20:00+05:30
194.95,194.95,194.75,194.75,416.0,1720076100.0,2024-07-04 12:25:00+05:30
195.0,195.0,194.8,195.0,176.0,1720076400.0,2024-07-04 12:30:00+05:30
195.0,195.0,193.75,194.25,15668.0,1720076700.0,2024-07-04 12:35:00+05:30
194.4,194.45,194.1,194.4,1056.0,1720077000.0,2024-07-04 12:40:00+05:30
194.5,194.55,194.15,194.15,2968.0,1720077300.0,2024-07-04 12:45:00+05:30
194.25,194.6,194.25,194.45,672.0,1720077600.0,2024-07-04 12:50:00+05:30
194.45,194.55,194.45,194.55,208.0,1720077900.0,2024-07-04 12:55:00+05:30
194.55,194.55,194.5,194.55,448.0,1720078200.0,2024-07-04 13:00:00+05:30
194.55,194.55,194.15,194.55,1820.0,1720078500.0,2024-07-04 13:05:00+05:30
194.55,194.55,194.15,194.25,1416.0,1720078800.0,2024-07-04 13:10:00+05:30
193.9,194.25,193.9,193.9,3228.0,1720079100.0,2024-07-04 13:15:00+05:30
193.9,194.1,193.75,194.1,2948.0,1720079400.0,2024-07-04 13:20:00+05:30
193.9,194.0,193.85,194.0,3468.0,1720079700.0,2024-07-04 13:25:00+05:30
194.0,194.0,193.25,193.7,4244.0,1720080000.0,2024-07-04 13:30:00+05:30
193.05,193.3,192.75,193.15,16644.0,1720080300.0,2024-07-04 13:35:00+05:30
193.3,193.3,192.5,193.25,7036.0,1720080600.0,2024-07-04 13:40:00+05:30
193.2,193.25,192.5,192.75,12904.0,1720080900.0,2024-07-04 13:45:00+05:30
192.75,193.1,192.75,192.85,900.0,1720081200.0,2024-07-04 13:50:00+05:30
192.9,193.3,192.85,192.85,1148.0,1720081500.0,2024-07-04 13:55:00+05:30
192.85,193.2,192.85,193.2,488.0,1720081800.0,2024-07-04 14:00:00+05:30
192.95,193.3,192.95,193.3,212.0,1720082100.0,2024-07-04 14:05:00+05:30
193.3,193.3,193.0,193.2,492.0,1720082400.0,2024-07-04 14:10:00+05:30
193.2,193.2,193.0,193.0,1536.0,1720082700.0,2024-07-04 14:15:00+05:30
192.25,192.5,192.05,192.5,10820.0,1720083000.0,2024-07-04 14:20:00+05:30
192.3,192.5,192.25,192.4,3384.0,1720083300.0,2024-07-04 14:25:00+05:30
192.4,192.5,192.3,192.5,5776.0,1720083600.0,2024-07-04 14:30:00+05:30
192.5,193.0,192.0,192.5,37612.0,1720083900.0,2024-07-04 14:35:00+05:30
192.5,192.5,192.35,192.45,1772.0,1720084200.0,2024-07-04 14:40:00+05:30
192.1,192.25,191.8,192.2,3204.0,1720084500.0,2024-07-04 14:45:00+05:30
192.2,192.3,192.0,192.15,2160.0,1720084800.0,2024-07-04 14:50:00+05:30
192.15,192.2,190.8,191.0,22228.0,1720085100.0,2024-07-04 14:55:00+05:30
190.9,192.5,190.9,192.1,12572.0,1720085400.0,2024-07-04 15:00:00+05:30
192.15,192.5,191.9,192.5,3736.0,1720085700.0,2024-07-04 15:05:00+05:30
192.5,193.25,191.4,191.5,94772.0,1720086000.0,2024-07-04 15:10:00+05:30
191.3,192.1,190.8,191.65,21068.0,1720086300.0,2024-07-04 15:15:00+05:30
191.7,191.95,191.0,191.5,8324.0,1720086600.0,2024-07-04 15:20:00+05:30
191.8,192.2,191.0,191.25,16956.0,1720086900.0,2024-07-04 15:25:00+05:30
192.25,192.85,191.5,192.1,14076.0,1720151100.0,2024-07-05 09:15:00+05:30
192.2,192.95,191.7,192.5,9732.0,1720151400.0,2024-07-05 09:20:00+05:30
192.15,192.4,191.9,192.1,12320.0,1720151700.0,2024-07-05 09:25:00+05:30
192.0,192.0,191.7,192.0,1872.0,1720152000.0,2024-07-05 09:30:00+05:30
192.0,192.05,191.75,192.0,732.0,1720152300.0,2024-07-05 09:35:00+05:30
192.0,192.2,191.8,191.95,1840.0,1720152600.0,2024-07-05 09:40:00+05:30
191.95,191.95,191.35,191.45,3940.0,1720152900.0,2024-07-05 09:45:00+05:30
191.45,191.45,190.75,190.85,6900.0,1720153200.0,2024-07-05 09:50:00+05:30
191.0,191.55,191.0,191.55,2792.0,1720153500.0,2024-07-05 09:55:00+05:30
191.55,191.55,191.25,191.25,736.0,1720153800.0,2024-07-05 10:00:00+05:30
191.25,191.4,191.0,191.05,2544.0,1720154100.0,2024-07-05 10:05:00+05:30
191.4,191.4,191.0,191.25,1076.0,1720154400.0,2024-07-05 10:10:00+05:30
190.85,191.35,190.85,191.35,1532.0,1720154700.0,2024-07-05 10:15:00+05:30
191.1,191.35,191.05,191.35,504.0,1720155000.0,2024-07-05 10:20:00+05:30
190.8,191.35,190.7,191.0,6172.0,1720155300.0,2024-07-05 10:25:00+05:30
191.25,191.95,191.0,191.6,3568.0,1720155600.0,2024-07-05 10:30:00+05:30
191.6,191.6,189.15,189.85,35140.0,1720155900.0,2024-07-05 10:35:00+05:30
189.85,189.9,189.5,189.55,1756.0,1720156200.0,2024-07-05 10:40:00+05:30
189.35,190.0,189.35,189.65,5296.0,1720156500.0,2024-07-05 10:45:00+05:30
189.65,189.9,189.65,189.65,3024.0,1720156800.0,2024-07-05 10:50:00+05:30
189.65,189.9,189.65,189.65,1104.0,1720157100.0,2024-07-05 10:55:00+05:30
189.65,189.85,189.4,189.5,4856.0,1720157400.0,2024-07-05 11:00:00+05:30
189.5,189.9,189.5,189.6,932.0,1720157700.0,2024-07-05 11:05:00+05:30
189.6,189.9,189.5,189.5,2672.0,1720158000.0,2024-07-05 11:10:00+05:30
189.5,189.9,189.5,189.6,1608.0,1720158300.0,2024-07-05 11:15:00+05:30
189.6,189.95,189.6,189.65,1264.0,1720158600.0,2024-07-05 11:20:00+05:30
189.65,190.0,189.6,189.75,3480.0,1720158900.0,2024-07-05 11:25:00+05:30
189.75,190.0,189.65,189.65,1876.0,1720159200.0,2024-07-05 11:30:00+05:30
189.9,189.95,189.65,189.75,2124.0,1720159500.0,2024-07-05 11:35:00+05:30
189.7,189.95,189.7,189.7,500.0,1720159800.0,2024-07-05 11:40:00+05:30
189.7,190.0,189.6,189.7,21648.0,1720160100.0,2024-07-05 11:45:00+05:30
189.7,189.95,189.6,189.75,4036.0,1720160400.0,2024-07-05 11:50:00+05:30
189.75,190.0,189.7,189.85,1728.0,1720160700.0,2024-07-05 11:55:00+05:30
189.8,190.0,189.5,189.5,9056.0,1720161000.0,2024-07-05 12:00:00+05:30
189.5,189.85,189.5,189.75,1768.0,1720161300.0,2024-07-05 12:05:00+05:30
189.55,189.7,189.55,189.55,444.0,1720161600.0,2024-07-05 12:10:00+05:30
189.55,189.95,189.55,189.65,1288.0,1720161900.0,2024-07-05 12:15:00+05:30
189.65,189.85,189.55,189.65,1176.0,1720162200.0,2024-07-05 12:20:00+05:30
189.65,189.75,189.55,189.6,2312.0,1720162500.0,2024-07-05 12:25:00+05:30
189.6,189.75,189.5,189.5,784.0,1720162800.0,2024-07-05 12:30:00+05:30
189.5,189.6,189.5,189.55,848.0,1720163100.0,2024-07-05 12:35:00+05:30
189.5,189.55,189.35,189.35,1048.0,1720163400.0,2024-07-05 12:40:00+05:30
189.45,189.5,189.3,189.5,412.0,1720163700.0,2024-07-05 12:45:00+05:30
189.5,189.7,189.3,189.5,2612.0,1720164000.0,2024-07-05 12:50:00+05:30
189.5,189.6,189.45,189.5,3236.0,1720164300.0,2024-07-05 12:55:00+05:30
189.5,189.5,189.35,189.35,332.0,1720164600.0,2024-07-05 13:00:00+05:30
189.5,189.5,189.25,189.4,3052.0,1720164900.0,2024-07-05 13:05:00+05:30
189.45,189.55,188.5,188.55,13384.0,1720165200.0,2024-07-05 13:10:00+05:30
188.55,188.85,188.55,188.85,1264.0,1720165500.0,2024-07-05 13:15:00+05:30
188.85,188.9,188.5,188.6,6872.0,1720165800.0,2024-07-05 13:20:00+05:30
188.55,188.75,187.95,188.5,2488.0,1720166100.0,2024-07-05 13:25:00+05:30
188.5,188.75,187.8,188.0,4976.0,1720166400.0,2024-07-05 13:30:00+05:30
188.0,188.15,187.9,188.15,1904.0,1720166700.0,2024-07-05 13:35:00+05:30
187.95,188.15,187.9,188.15,1396.0,1720167000.0,2024-07-05 13:40:00+05:30
188.2,188.2,187.75,187.75,2288.0,1720167300.0,2024-07-05 13:45:00+05:30
187.75,187.75,187.4,187.5,18168.0,1720167600.0,2024-07-05 13:50:00+05:30
187.5,187.5,187.2,187.25,2660.0,1720167900.0,2024-07-05 13:55:00+05:30
187.25,187.55,187.15,187.45,3788.0,1720168200.0,2024-07-05 14:00:00+05:30
187.45,187.75,186.9,187.0,13020.0,1720168500.0,2024-07-05 14:05:00+05:30
186.9,187.1,186.9,187.0,788.0,1720168800.0,2024-07-05 14:10:00+05:30
186.95,186.95,186.2,186.35,13128.0,1720169100.0,2024-07-05 14:15:00+05:30
186.3,187.0,186.0,186.65,6032.0,1720169400.0,2024-07-05 14:20:00+05:30
186.65,186.85,186.45,186.85,2508.0,1720169700.0,2024-07-05 14:25:00+05:30
186.85,187.0,186.55,187.0,3968.0,1720170000.0,2024-07-05 14:30:00+05:30
187.0,187.25,186.8,187.2,10424.0,1720170300.0,2024-07-05 14:35:00+05:30
187.2,187.25,187.0,187.05,744.0,1720170600.0,2024-07-05 14:40:00+05:30
187.25,187.25,185.85,186.25,12960.0,1720170900.0,2024-07-05 14:45:00+05:30
186.4,186.5,185.65,185.65,6100.0,1720171200.0,2024-07-05 14:50:00+05:30
186.0,186.0,183.7,184.2,48012.0,1720171500.0,2024-07-05 14:55:00+05:30
183.95,185.7,183.95,185.5,8872.0,1720171800.0,2024-07-05 15:00:00+05:30
185.85,185.95,184.65,184.75,15632.0,1720172100.0,2024-07-05 15:05:00+05:30
184.75,185.0,184.7,184.9,7928.0,1720172400.0,2024-07-05 15:10:00+05:30
185.0,185.55,183.25,185.55,74344.0,1720172700.0,2024-07-05 15:15:00+05:30
185.8,186.05,185.0,186.0,9420.0,1720173000.0,2024-07-05 15:20:00+05:30
186.0,186.55,185.55,185.55,17484.0,1720173300.0,2024-07-05 15:25:00+05:30
185.55,185.55,185.55,185.55,0.0,1720173600.0,2024-07-05 15:30:00+05:30
185.0,187.5,185.0,185.6,32804.0,1720410300.0,2024-07-08 09:15:00+05:30
185.6,185.75,184.05,184.55,21188.0,1720410600.0,2024-07-08 09:20:00+05:30
184.2,184.4,183.75,184.2,5344.0,1720410900.0,2024-07-08 09:25:00+05:30
184.05,184.2,183.5,183.6,4448.0,1720411200.0,2024-07-08 09:30:00+05:30
183.5,183.5,182.85,183.25,4260.0,1720411500.0,2024-07-08 09:35:00+05:30
183.25,183.5,182.75,182.8,4844.0,1720411800.0,2024-07-08 09:40:00+05:30
182.8,183.75,182.55,183.55,9760.0,1720412100.0,2024-07-08 09:45:00+05:30
183.5,184.35,183.35,184.3,5312.0,1720412400.0,2024-07-08 09:50:00+05:30
184.5,186.25,184.0,185.75,19972.0,1720412700.0,2024-07-08 09:55:00+05:30
185.55,186.6,185.4,185.9,7984.0,1720413000.0,2024-07-08 10:00:00+05:30
185.9,186.1,184.75,185.0,16228.0,1720413300.0,2024-07-08 10:05:00+05:30
184.95,185.4,184.95,185.4,2092.0,1720413600.0,2024-07-08 10:10:00+05:30
185.5,185.5,185.15,185.45,1764.0,1720413900.0,2024-07-08 10:15:00+05:30
185.5,185.5,184.85,184.85,2444.0,1720414200.0,2024-07-08 10:20:00+05:30
184.6,185.15,184.4,185.1,3476.0,1720414500.0,2024-07-08 10:25:00+05:30
185.0,185.4,184.8,185.1,3204.0,1720414800.0,2024-07-08 10:30:00+05:30
185.1,185.65,185.1,185.5,2032.0,1720415100.0,2024-07-08 10:35:00+05:30
185.75,186.5,185.65,186.0,6852.0,1720415400.0,2024-07-08 10:40:00+05:30
186.0,186.3,185.75,186.25,2536.0,1720415700.0,2024-07-08 10:45:00+05:30
186.0,186.0,185.4,185.4,592.0,1720416000.0,2024-07-08 10:50:00+05:30
185.65,185.85,185.25,185.55,904.0,1720416300.0,2024-07-08 10:55:00+05:30
185.8,185.8,185.45,185.7,3032.0,1720416600.0,2024-07-08 11:00:00+05:30
185.7,185.95,185.45,185.95,548.0,1720416900.0,2024-07-08 11:05:00+05:30
185.7,185.7,185.0,185.0,3904.0,1720417200.0,2024-07-08 11:10:00+05:30
184.75,184.9,184.65,184.7,448.0,1720417500.0,2024-07-08 11:15:00+05:30
184.7,184.8,184.5,184.6,1104.0,1720417800.0,2024-07-08 11:20:00+05:30
184.55,184.8,184.25,184.8,804.0,1720418100.0,2024-07-08 11:25:00+05:30
184.8,185.0,184.8,185.0,1452.0,1720418400.0,2024-07-08 11:30:00+05:30
185.0,185.0,185.0,185.0,336.0,1720418700.0,2024-07-08 11:35:00+05:30
184.8,185.0,184.4,184.4,2768.0,1720419000.0,2024-07-08 11:40:00+05:30
184.4,184.4,184.0,184.0,1756.0,1720419300.0,2024-07-08 11:45:00+05:30
184.0,184.25,184.0,184.25,1168.0,1720419600.0,2024-07-08 11:50:00+05:30
184.25,184.4,183.75,184.1,1264.0,1720419900.0,2024-07-08 11:55:00+05:30
184.2,184.2,183.75,184.0,632.0,1720420200.0,2024-07-08 12:00:00+05:30
184.05,184.6,184.05,184.55,3792.0,1720420500.0,2024-07-08 12:05:00+05:30
184.55,184.55,183.75,183.75,1964.0,1720420800.0,2024-07-08 12:10:00+05:30
183.75,183.75,183.25,183.5,1432.0,1720421100.0,2024-07-08 12:15:00+05:30
184.0,184.3,183.95,184.05,4708.0,1720421400.0,2024-07-08 12:20:00+05:30
184.25,184.25,184.05,184.05,32.0,1720421700.0,2024-07-08 12:25:00+05:30
184.1,184.45,183.85,184.45,1520.0,1720422000.0,2024-07-08 12:30:00+05:30
184.45,184.5,183.95,184.2,592.0,1720422300.0,2024-07-08 12:35:00+05:30
184.0,184.35,183.75,184.2,1932.0,1720422600.0,2024-07-08 12:40:00+05:30
184.25,184.3,184.05,184.3,236.0,1720422900.0,2024-07-08 12:45:00+05:30
184.3,184.3,183.85,184.15,964.0,1720423200.0,2024-07-08 12:50:00+05:30
184.15,184.3,184.15,184.3,192.0,1720423500.0,2024-07-08 12:55:00+05:30
184.4,184.4,184.1,184.1,64.0,1720423800.0,2024-07-08 13:00:00+05:30
184.1,184.75,184.1,184.75,2940.0,1720424100.0,2024-07-08 13:05:00+05:30
184.75,184.75,184.45,184.45,188.0,1720424400.0,2024-07-08 13:10:00+05:30
184.45,184.55,184.45,184.55,8.0,1720424700.0,2024-07-08 13:15:00+05:30
184.4,184.55,183.75,183.75,6244.0,1720425000.0,2024-07-08 13:20:00+05:30
183.75,184.45,183.75,184.45,7108.0,1720425300.0,2024-07-08 13:25:00+05:30
183.95,183.95,183.55,183.55,5456.0,1720425600.0,2024-07-08 13:30:00+05:30
183.55,183.55,183.4,183.55,164.0,1720425900.0,2024-07-08 13:35:00+05:30
183.55,183.55,183.3,183.55,4564.0,1720426200.0,2024-07-08 13:40:00+05:30
183.55,183.75,183.4,183.75,564.0,1720426500.0,2024-07-08 13:45:00+05:30
183.75,183.75,183.7,183.7,68.0,1720426800.0,2024-07-08 13:50:00+05:30
183.7,183.75,183.55,183.55,140.0,1720427100.0,2024-07-08 13:55:00+05:30
183.55,183.7,183.45,183.65,260.0,1720427400.0,2024-07-08 14:00:00+05:30
183.7,183.7,183.45,183.45,1104.0,1720427700.0,2024-07-08 14:05:00+05:30
183.5,183.65,183.5,183.6,272.0,1720428000.0,2024-07-08 14:10:00+05:30
183.6,184.15,183.6,184.15,5552.0,1720428300.0,2024-07-08 14:15:00+05:30
184.35,184.75,184.35,184.4,2688.0,1720428600.0,2024-07-08 14:20:00+05:30
184.4,184.45,183.85,184.15,592.0,1720428900.0,2024-07-08 14:25:00+05:30
184.2,184.25,183.95,184.25,988.0,1720429200.0,2024-07-08 14:30:00+05:30
184.3,184.45,184.05,184.4,5116.0,1720429500.0,2024-07-08 14:35:00+05:30
184.4,184.45,184.05,184.45,312.0,1720429800.0,2024-07-08 14:40:00+05:30
184.45,184.45,183.5,183.8,2208.0,1720430100.0,2024-07-08 14:45:00+05:30
183.8,184.25,183.8,184.25,824.0,1720430400.0,2024-07-08 14:50:00+05:30
184.2,184.25,183.9,183.9,1628.0,1720430700.0,2024-07-08 14:55:00+05:30
183.9,184.0,183.6,183.85,2188.0,1720431000.0,2024-07-08 15:00:00+05:30
183.75,183.95,183.6,183.8,2308.0,1720431300.0,2024-07-08 15:05:00+05:30
183.65,183.9,183.45,183.45,1116.0,1720431600.0,2024-07-08 15:10:00+05:30
183.35,183.45,183.25,183.3,8916.0,1720431900.0,2024-07-08 15:15:00+05:30
183.45,183.6,182.65,182.9,10532.0,1720432200.0,2024-07-08 15:20:00+05:30
183.4,184.0,183.05,183.25,4680.0,1720432500.0,2024-07-08 15:25:00+05:30
183.25,183.25,183.25,183.25,0.0,1720432800.0,2024-07-08 15:30:00+05:30
182.8,185.0,182.75,184.5,23264.0,1720496700.0,2024-07-09 09:15:00+05:30
184.5,185.2,184.2,184.85,5148.0,1720497000.0,2024-07-09 09:20:00+05:30
184.85,184.9,184.45,184.75,2256.0,1720497300.0,2024-07-09 09:25:00+05:30
184.55,184.9,184.55,184.75,1204.0,1720497600.0,2024-07-09 09:30:00+05:30
184.85,185.4,184.5,184.5,4196.0,1720497900.0,2024-07-09 09:35:00+05:30
184.8,184.8,184.4,184.7,972.0,1720498200.0,2024-07-09 09:40:00+05:30
184.5,184.9,184.15,184.8,10204.0,1720498500.0,2024-07-09 09:45:00+05:30
184.8,185.2,184.8,185.2,1604.0,1720498800.0,2024-07-09 09:50:00+05:30
185.2,185.3,185.1,185.3,808.0,1720499100.0,2024-07-09 09:55:00+05:30
185.05,185.3,183.5,183.75,3844.0,1720499400.0,2024-07-09 10:00:00+05:30
183.75,183.8,181.85,182.75,8512.0,1720499700.0,2024-07-09 10:05:00+05:30
182.55,182.85,182.4,182.4,3100.0,1720500000.0,2024-07-09 10:10:00+05:30
182.35,182.55,181.3,181.95,11428.0,1720500300.0,2024-07-09 10:15:00+05:30
181.7,181.95,181.0,181.6,4048.0,1720500600.0,2024-07-09 10:20:00+05:30
181.25,181.9,181.25,181.5,4612.0,1720500900.0,2024-07-09 10:25:00+05:30
181.5,181.7,181.25,181.25,3036.0,1720501200.0,2024-07-09 10:30:00+05:30
181.25,181.75,181.25,181.55,5856.0,1720501500.0,2024-07-09 10:35:00+05:30
181.55,182.85,181.55,182.65,6048.0,1720501800.0,2024-07-09 10:40:00+05:30
182.6,183.6,182.6,183.3,14112.0,1720502100.0,2024-07-09 10:45:00+05:30
183.3,183.75,182.65,182.9,13112.0,1720502400.0,2024-07-09 10:50:00+05:30
182.9,182.9,182.5,182.6,1520.0,1720502700.0,2024-07-09 10:55:00+05:30
182.6,182.85,182.55,182.55,1268.0,1720503000.0,2024-07-09 11:00:00+05:30
182.55,182.9,182.55,182.6,3272.0,1720503300.0,2024-07-09 11:05:00+05:30
182.6,182.85,182.55,182.75,1940.0,1720503600.0,2024-07-09 11:10:00+05:30
182.7,182.95,182.55,182.95,1468.0,1720503900.0,2024-07-09 11:15:00+05:30
182.65,183.0,182.55,182.65,1356.0,1720504200.0,2024-07-09 11:20:00+05:30
182.65,183.0,182.55,182.55,9220.0,1720504500.0,2024-07-09 11:25:00+05:30
182.9,182.9,181.6,181.6,4844.0,1720504800.0,2024-07-09 11:30:00+05:30
181.6,181.95,181.5,181.85,1660.0,1720505100.0,2024-07-09 11:35:00+05:30
181.5,181.85,181.5,181.5,2600.0,1720505400.0,2024-07-09 11:40:00+05:30
181.5,181.85,181.5,181.5,1568.0,1720505700.0,2024-07-09 11:45:00+05:30
181.5,181.8,181.25,181.25,4772.0,1720506000.0,2024-07-09 11:50:00+05:30
181.25,181.6,181.25,181.25,4916.0,1720506300.0,2024-07-09 11:55:00+05:30
181.25,181.55,180.8,180.95,8880.0,1720506600.0,2024-07-09 12:00:00+05:30
180.95,182.35,180.95,182.05,13776.0,1720506900.0,2024-07-09 12:05:00+05:30
181.75,182.0,181.5,181.7,2216.0,1720507200.0,2024-07-09 12:10:00+05:30
181.65,181.65,181.25,181.25,1660.0,1720507500.0,2024-07-09 12:15:00+05:30
181.25,181.6,181.25,181.25,1620.0,1720507800.0,2024-07-09 12:20:00+05:30
181.25,181.6,181.25,181.25,1456.0,1720508100.0,2024-07-09 12:25:00+05:30
181.25,181.55,181.25,181.25,1456.0,1720508400.0,2024-07-09 12:30:00+05:30
181.25,181.55,181.25,181.3,2032.0,1720508700.0,2024-07-09 12:35:00+05:30
181.3,181.3,181.25,181.3,1224.0,1720509000.0,2024-07-09 12:40:00+05:30
181.3,181.5,181.25,181.25,2056.0,1720509300.0,2024-07-09 12:45:00+05:30
181.25,181.6,181.25,181.25,1672.0,1720509600.0,2024-07-09 12:50:00+05:30
181.25,181.6,181.25,181.25,1444.0,1720509900.0,2024-07-09 12:55:00+05:30
181.25,181.55,181.15,181.25,84400.0,1720510200.0,2024-07-09 13:00:00+05:30
181.25,181.65,181.25,181.3,1256.0,1720510500.0,2024-07-09 13:05:00+05:30
181.3,181.55,181.25,181.25,1700.0,1720510800.0,2024-07-09 13:10:00+05:30
181.25,181.55,181.25,181.3,1256.0,1720511100.0,2024-07-09 13:15:00+05:30
181.3,181.6,181.25,181.25,1884.0,1720511400.0,2024-07-09 13:20:00+05:30
181.25,181.55,181.25,181.55,2276.0,1720511700.0,2024-07-09 13:25:00+05:30
181.25,181.6,181.25,181.25,2104.0,1720512000.0,2024-07-09 13:30:00+05:30
181.5,181.5,180.4,181.2,34276.0,1720512300.0,2024-07-09 13:35:00+05:30
181.2,181.85,181.2,181.65,2208.0,1720512600.0,2024-07-09 13:40:00+05:30
181.65,182.35,181.65,181.75,132308.0,1720512900.0,2024-07-09 13:45:00+05:30
181.7,182.05,181.45,182.05,4264.0,1720513200.0,2024-07-09 13:50:00+05:30
181.85,182.1,181.5,181.5,1868.0,1720513500.0,2024-07-09 13:55:00+05:30
181.5,181.7,181.35,181.55,3412.0,1720513800.0,2024-07-09 14:00:00+05:30
181.55,181.75,181.4,181.5,3652.0,1720514100.0,2024-07-09 14:05:00+05:30
181.5,181.8,181.5,181.75,1692.0,1720514400.0,2024-07-09 14:10:00+05:30
181.55,181.8,181.5,181.8,1924.0,1720514700.0,2024-07-09 14:15:00+05:30
181.55,181.65,181.5,181.5,1708.0,1720515000.0,2024-07-09 14:20:00+05:30
181.5,181.5,180.65,180.9,5304.0,1720515300.0,2024-07-09 14:25:00+05:30
180.7,181.0,179.95,180.0,10232.0,1720515600.0,2024-07-09 14:30:00+05:30
180.0,181.0,179.9,180.25,6176.0,1720515900.0,2024-07-09 14:35:00+05:30
180.55,180.55,179.25,179.55,7208.0,1720516200.0,2024-07-09 14:40:00+05:30
179.65,180.25,179.65,180.0,6784.0,1720516500.0,2024-07-09 14:45:00+05:30
180.05,180.25,179.9,180.0,2276.0,1720516800.0,2024-07-09 14:50:00+05:30
180.0,180.3,179.85,180.2,4296.0,1720517100.0,2024-07-09 14:55:00+05:30
180.0,180.25,179.95,180.2,1740.0,1720517400.0,2024-07-09 15:00:00+05:30
180.0,180.8,180.0,180.8,2108.0,1720517700.0,2024-07-09 15:05:00+05:30
180.65,180.9,180.5,180.7,3808.0,1720518000.0,2024-07-09 15:10:00+05:30
180.7,180.7,179.25,179.55,16956.0,1720518300.0,2024-07-09 15:15:00+05:30
179.9,180.4,179.6,180.4,6580.0,1720518600.0,2024-07-09 15:20:00+05:30
180.3,181.75,179.9,181.75,16452.0,1720518900.0,2024-07-09 15:25:00+05:30
181.75,181.75,181.75,181.75,0.0,1720519200.0,2024-07-09 15:30:00+05:30
180.25,181.15,179.1,179.4,17372.0,1720583100.0,2024-07-10 09:15:00+05:30
179.15,179.5,178.8,178.95,8432.0,1720583400.0,2024-07-10 09:20:00+05:30
179.2,179.35,178.95,179.0,1844.0,1720583700.0,2024-07-10 09:25:00+05:30
178.9,179.05,178.3,178.8,8208.0,1720584000.0,2024-07-10 09:30:00+05:30
178.75,178.85,178.25,178.25,1520.0,1720584300.0,2024-07-10 09:35:00+05:30
178.55,179.4,178.4,178.4,13828.0,1720584600.0,2024-07-10 09:40:00+05:30
178.6,178.6,177.8,177.85,12020.0,1720584900.0,2024-07-10 09:45:00+05:30
178.2,178.3,178.0,178.0,300.0,1720585200.0,2024-07-10 09:50:00+05:30
177.95,178.4,177.95,178.4,340.0,1720585500.0,2024-07-10 09:55:00+05:30
178.05,178.25,177.75,177.8,1680.0,1720585800.0,2024-07-10 10:00:00+05:30
178.2,178.3,177.75,177.75,8972.0,1720586100.0,2024-07-10 10:05:00+05:30
177.75,177.75,177.1,177.5,49488.0,1720586400.0,2024-07-10 10:10:00+05:30
177.25,177.5,177.05,177.3,992.0,1720586700.0,2024-07-10 10:15:00+05:30
177.1,177.25,176.25,176.3,4936.0,1720587000.0,2024-07-10 10:20:00+05:30
176.55,176.7,175.85,176.0,7928.0,1720587300.0,2024-07-10 10:25:00+05:30
176.3,176.75,176.0,176.75,7584.0,1720587600.0,2024-07-10 10:30:00+05:30
176.75,177.0,174.9,175.0,23388.0,1720587900.0,2024-07-10 10:35:00+05:30
174.9,175.0,174.05,174.05,27536.0,1720588200.0,2024-07-10 10:40:00+05:30
174.25,174.4,173.9,174.25,39516.0,1720588500.0,2024-07-10 10:45:00+05:30
174.25,175.7,174.25,175.45,43624.0,1720588800.0,2024-07-10 10:50:00+05:30
175.45,176.0,175.25,175.8,8740.0,1720589100.0,2024-07-10 10:55:00+05:30
175.75,176.5,175.25,176.5,3460.0,1720589400.0,2024-07-10 11:00:00+05:30
176.3,176.8,176.15,176.4,4604.0,1720589700.0,2024-07-10 11:05:00+05:30
176.5,176.95,176.4,176.65,4396.0,1720590000.0,2024-07-10 11:10:00+05:30
176.5,177.1,176.0,176.85,4608.0,1720590300.0,2024-07-10 11:15:00+05:30
177.0,177.1,176.65,176.95,1068.0,1720590600.0,2024-07-10 11:20:00+05:30
177.0,177.0,176.25,176.3,3272.0,1720590900.0,2024-07-10 11:25:00+05:30
176.5,176.9,175.9,176.3,5588.0,1720591200.0,2024-07-10 11:30:00+05:30
176.4,176.5,175.25,175.45,11716.0,1720591500.0,2024-07-10 11:35:00+05:30
175.75,176.0,175.6,175.85,5648.0,1720591800.0,2024-07-10 11:40:00+05:30
175.95,176.0,175.25,175.25,11056.0,1720592100.0,2024-07-10 11:45:00+05:30
175.35,175.75,175.35,175.75,1624.0,1720592400.0,2024-07-10 11:50:00+05:30
175.75,175.75,175.5,175.75,1696.0,1720592700.0,2024-07-10 11:55:00+05:30
175.5,175.75,175.0,175.05,7752.0,1720593000.0,2024-07-10 12:00:00+05:30
175.1,175.25,174.9,174.9,18504.0,1720593300.0,2024-07-10 12:05:00+05:30
175.0,175.25,175.0,175.1,512.0,1720593600.0,2024-07-10 12:10:00+05:30
175.25,175.25,175.2,175.25,1196.0,1720593900.0,2024-07-10 12:15:00+05:30
175.25,175.5,175.2,175.5,1284.0,1720594200.0,2024-07-10 12:20:00+05:30
175.3,175.5,175.3,175.5,872.0,1720594500.0,2024-07-10 12:25:00+05:30
175.5,175.5,175.3,175.45,708.0,1720594800.0,2024-07-10 12:30:00+05:30
175.3,175.3,175.1,175.1,2572.0,1720595100.0,2024-07-10 12:35:00+05:30
175.25,175.25,175.1,175.25,768.0,1720595400.0,2024-07-10 12:40:00+05:30
175.25,175.25,175.1,175.25,172.0,1720595700.0,2024-07-10 12:45:00+05:30
175.2,175.9,175.2,175.9,5256.0,1720596000.0,2024-07-10 12:50:00+05:30
175.9,176.0,175.9,176.0,568.0,1720596300.0,2024-07-10 12:55:00+05:30
176.0,176.0,175.65,175.95,4184.0,1720596600.0,2024-07-10 13:00:00+05:30
175.95,175.95,175.8,175.8,104.0,1720596900.0,2024-07-10 13:05:00+05:30
175.95,175.95,175.75,175.95,124.0,1720597200.0,2024-07-10 13:10:00+05:30
175.95,176.0,175.75,175.75,1380.0,1720597500.0,2024-07-10 13:15:00+05:30
175.75,176.0,175.65,175.8,3312.0,1720597800.0,2024-07-10 13:20:00+05:30
175.8,175.8,175.25,175.25,6868.0,1720598100.0,2024-07-10 13:25:00+05:30
175.25,175.5,175.25,175.5,1408.0,1720598400.0,2024-07-10 13:30:00+05:30
175.5,175.5,175.4,175.5,52.0,1720598700.0,2024-07-10 13:35:00+05:30
175.5,175.5,175.25,175.25,812.0,1720599000.0,2024-07-10 13:40:00+05:30
175.35,175.45,175.35,175.45,148.0,1720599300.0,2024-07-10 13:45:00+05:30
175.45,175.5,175.0,175.5,2548.0,1720599600.0,2024-07-10 13:50:00+05:30
175.25,175.25,174.95,175.25,13144.0,1720599900.0,2024-07-10 13:55:00+05:30
175.25,175.25,175.0,175.15,2760.0,1720600200.0,2024-07-10 14:00:00+05:30
175.15,175.2,174.9,175.0,4304.0,1720600500.0,2024-07-10 14:05:00+05:30
175.0,175.25,175.0,175.2,4804.0,1720600800.0,2024-07-10 14:10:00+05:30
175.2,175.25,175.0,175.25,1836.0,1720601100.0,2024-07-10 14:15:00+05:30
175.25,175.75,175.1,175.25,9372.0,1720601400.0,2024-07-10 14:20:00+05:30
175.25,175.35,175.15,175.3,248.0,1720601700.0,2024-07-10 14:25:00+05:30
175.35,175.4,175.2,175.4,272.0,1720602000.0,2024-07-10 14:30:00+05:30
175.4,175.7,175.4,175.7,820.0,1720602300.0,2024-07-10 14:35:00+05:30
175.7,175.7,175.2,175.2,992.0,1720602600.0,2024-07-10 14:40:00+05:30
175.25,175.25,175.2,175.2,496.0,1720602900.0,2024-07-10 14:45:00+05:30
175.2,175.4,175.15,175.4,6836.0,1720603200.0,2024-07-10 14:50:00+05:30
175.4,175.5,175.35,175.5,8440.0,1720603500.0,2024-07-10 14:55:00+05:30
175.45,176.0,175.45,175.95,14300.0,1720603800.0,2024-07-10 15:00:00+05:30
175.8,176.45,175.8,176.25,13328.0,1720604100.0,2024-07-10 15:05:00+05:30
176.45,176.5,175.75,176.4,24576.0,1720604400.0,2024-07-10 15:10:00+05:30
176.45,176.45,176.1,176.25,4476.0,1720604700.0,2024-07-10 15:15:00+05:30
176.4,176.45,176.05,176.25,36376.0,1720605000.0,2024-07-10 15:20:00+05:30
176.45,176.45,175.0,175.25,113440.0,1720605300.0,2024-07-10 15:25:00+05:30
175.8,177.45,174.5,176.45,13912.0,1720669500.0,2024-07-11 09:15:00+05:30
176.4,177.2,176.2,176.55,4900.0,1720669800.0,2024-07-11 09:20:00+05:30
176.8,177.1,176.2,176.5,5112.0,1720670100.0,2024-07-11 09:25:00+05:30
176.45,177.0,176.4,177.0,4872.0,1720670400.0,2024-07-11 09:30:00+05:30
177.0,177.15,175.55,175.85,15184.0,1720670700.0,2024-07-11 09:35:00+05:30
176.0,176.15,176.0,176.1,2516.0,1720671000.0,2024-07-11 09:40:00+05:30
176.1,176.1,175.45,175.7,3680.0,1720671300.0,2024-07-11 09:45:00+05:30
175.7,175.75,175.35,175.65,1320.0,1720671600.0,2024-07-11 09:50:00+05:30
175.75,176.25,175.6,176.2,5672.0,1720671900.0,2024-07-11 09:55:00+05:30
176.25,176.25,176.0,176.25,7600.0,1720672200.0,2024-07-11 10:00:00+05:30
176.25,177.55,175.75,176.05,54036.0,1720672500.0,2024-07-11 10:05:00+05:30
175.85,176.1,175.65,176.0,9888.0,1720672800.0,2024-07-11 10:10:00+05:30
176.05,176.25,176.0,176.1,8500.0,1720673100.0,2024-07-11 10:15:00+05:30
176.2,176.2,176.2,176.2,952.0,1720673400.0,2024-07-11 10:20:00+05:30
176.45,178.45,176.45,178.2,23140.0,1720673700.0,2024-07-11 10:25:00+05:30
178.2,178.95,178.0,178.95,2128.0,1720674000.0,2024-07-11 10:30:00+05:30
178.85,179.55,178.85,179.4,2680.0,1720674300.0,2024-07-11 10:35:00+05:30
179.4,179.7,178.4,179.45,12448.0,1720674600.0,2024-07-11 10:40:00+05:30
179.55,179.95,179.05,179.5,9332.0,1720674900.0,2024-07-11 10:45:00+05:30
179.4,179.8,179.3,179.3,596.0,1720675200.0,2024-07-11 10:50:00+05:30
179.3,179.7,178.25,178.25,44388.0,1720675500.0,2024-07-11 10:55:00+05:30
178.4,178.5,178.4,178.5,1620.0,1720675800.0,2024-07-11 11:00:00+05:30
178.5,178.7,178.5,178.55,1012.0,1720676100.0,2024-07-11 11:05:00+05:30
178.75,179.7,178.75,179.7,2128.0,1720676400.0,2024-07-11 11:10:00+05:30
179.45,179.7,179.2,179.2,1220.0,1720676700.0,2024-07-11 11:15:00+05:30
179.5,180.3,179.5,179.95,4132.0,1720677000.0,2024-07-11 11:20:00+05:30
179.95,179.95,179.6,179.8,820.0,1720677300.0,2024-07-11 11:25:00+05:30
179.8,179.8,179.5,179.8,716.0,1720677600.0,2024-07-11 11:30:00+05:30
179.8,179.95,179.7,179.95,1088.0,1720677900.0,2024-07-11 11:35:00+05:30
179.95,179.95,179.5,179.8,680.0,1720678200.0,2024-07-11 11:40:00+05:30
179.8,179.85,179.55,179.7,200.0,1720678500.0,2024-07-11 11:45:00+05:30
179.4,179.6,179.4,179.4,1412.0,1720678800.0,2024-07-11 11:50:00+05:30
179.55,180.25,179.55,180.25,3004.0,1720679100.0,2024-07-11 11:55:00+05:30
180.05,180.25,180.05,180.1,3216.0,1720679400.0,2024-07-11 12:00:00+05:30
180.25,180.7,180.1,180.7,3424.0,1720679700.0,2024-07-11 12:05:00+05:30
180.35,180.5,180.3,180.3,416.0,1720680000.0,2024-07-11 12:10:00+05:30
180.35,180.6,180.3,180.6,372.0,1720680300.0,2024-07-11 12:15:00+05:30
180.55,180.6,180.3,180.6,1076.0,1720680600.0,2024-07-11 12:20:00+05:30
180.4,180.6,180.4,180.6,304.0,1720680900.0,2024-07-11 12:25:00+05:30
180.6,180.6,180.45,180.45,708.0,1720681200.0,2024-07-11 12:30:00+05:30
180.45,180.45,179.5,179.7,4756.0,1720681500.0,2024-07-11 12:35:00+05:30
179.7,179.8,179.7,179.8,4.0,1720681800.0,2024-07-11 12:40:00+05:30
179.8,179.8,179.65,179.65,184.0,1720682100.0,2024-07-11 12:45:00+05:30
179.75,179.75,179.35,179.35,1320.0,1720682400.0,2024-07-11 12:50:00+05:30
179.35,179.55,179.35,179.55,44.0,1720682700.0,2024-07-11 12:55:00+05:30
179.55,179.55,179.55,179.55,4.0,1720683000.0,2024-07-11 13:00:00+05:30
179.55,179.6,179.55,179.6,48.0,1720683300.0,2024-07-11 13:05:00+05:30
179.6,179.6,179.25,179.25,232.0,1720683600.0,2024-07-11 13:10:00+05:30
179.25,179.25,179.05,179.2,80.0,1720683900.0,2024-07-11 13:15:00+05:30
179.2,179.25,179.05,179.25,92.0,1720684200.0,2024-07-11 13:20:00+05:30
179.25,179.25,179.2,179.2,160.0,1720684500.0,2024-07-11 13:25:00+05:30
179.2,179.5,179.2,179.5,4048.0,1720684800.0,2024-07-11 13:30:00+05:30
179.65,180.05,179.5,180.0,3564.0,1720685100.0,2024-07-11 13:35:00+05:30
179.9,179.9,179.6,179.6,796.0,1720685400.0,2024-07-11 13:40:00+05:30
179.5,179.5,179.25,179.45,396460.0,1720685700.0,2024-07-11 13:45:00+05:30
179.45,179.75,179.35,179.75,504.0,1720686000.0,2024-07-11 13:50:00+05:30
179.55,179.7,179.3,179.5,920.0,1720686300.0,2024-07-11 13:55:00+05:30
179.3,179.45,179.0,179.05,4672.0,1720686600.0,2024-07-11 14:00:00+05:30
179.05,179.45,179.0,179.25,2960.0,1720686900.0,2024-07-11 14:05:00+05:30
179.25,179.45,179.25,179.25,708.0,1720687200.0,2024-07-11 14:10:00+05:30
179.45,179.45,179.3,179.3,612.0,1720687500.0,2024-07-11 14:15:00+05:30
179.3,179.45,179.3,179.45,1676.0,1720687800.0,2024-07-11 14:20:00+05:30
179.45,179.45,179.45,179.45,284.0,1720688100.0,2024-07-11 14:25:00+05:30
179.25,179.4,179.05,179.4,11468.0,1720688400.0,2024-07-11 14:30:00+05:30
179.4,179.7,179.3,179.7,60252.0,1720688700.0,2024-07-11 14:35:00+05:30
180.0,181.1,179.9,180.1,18676.0,1720689000.0,2024-07-11 14:40:00+05:30
180.25,180.85,180.1,180.85,17416.0,1720689300.0,2024-07-11 14:45:00+05:30
180.85,181.75,180.5,181.25,3304.0,1720689600.0,2024-07-11 14:50:00+05:30
181.05,181.75,181.05,181.7,15812.0,1720689900.0,2024-07-11 14:55:00+05:30
181.7,181.75,181.45,181.45,1300.0,1720690200.0,2024-07-11 15:00:00+05:30
181.45,181.75,181.15,181.5,5080.0,1720690500.0,2024-07-11 15:05:00+05:30
181.25,182.6,181.25,181.75,24984.0,1720690800.0,2024-07-11 15:10:00+05:30
182.2,182.2,181.5,181.8,11536.0,1720691100.0,2024-07-11 15:15:00+05:30
181.8,182.45,181.5,181.7,15032.0,1720691400.0,2024-07-11 15:20:00+05:30
181.65,182.5,180.55,182.5,7132.0,1720691700.0,2024-07-11 15:25:00+05:30
182.5,182.5,182.5,182.5,0.0,1720692000.0,2024-07-11 15:30:00+05:30
182.25,184.0,182.0,182.15,25688.0,1720755900.0,2024-07-12 09:15:00+05:30
182.35,182.35,180.85,181.25,11660.0,1720756200.0,2024-07-12 09:20:00+05:30
180.9,181.2,180.25,180.3,6328.0,1720756500.0,2024-07-12 09:25:00+05:30
180.5,180.5,179.7,179.7,6124.0,1720756800.0,2024-07-12 09:30:00+05:30
179.85,180.45,179.4,180.05,11344.0,1720757100.0,2024-07-12 09:35:00+05:30
179.9,180.05,178.8,179.7,8680.0,1720757400.0,2024-07-12 09:40:00+05:30
179.7,179.8,179.45,179.5,1164.0,1720757700.0,2024-07-12 09:45:00+05:30
179.5,179.75,179.4,179.65,2820.0,1720758000.0,2024-07-12 09:50:00+05:30
179.6,179.6,179.2,179.2,1364.0,1720758300.0,2024-07-12 09:55:00+05:30
179.75,180.3,179.75,180.3,14176.0,1720758600.0,2024-07-12 10:00:00+05:30
180.2,180.45,180.2,180.45,304.0,1720758900.0,2024-07-12 10:05:00+05:30
180.8,181.05,180.8,180.9,3712.0,1720759200.0,2024-07-12 10:10:00+05:30
180.8,180.8,180.55,180.6,176.0,1720759500.0,2024-07-12 10:15:00+05:30
180.6,181.5,180.5,181.5,2872.0,1720759800.0,2024-07-12 10:20:00+05:30
181.5,181.6,181.35,181.4,1780.0,1720760100.0,2024-07-12 10:25:00+05:30
181.5,181.75,181.5,181.75,48.0,1720760400.0,2024-07-12 10:30:00+05:30
181.75,181.75,181.35,181.35,2004.0,1720760700.0,2024-07-12 10:35:00+05:30
181.35,181.35,181.1,181.25,44.0,1720761000.0,2024-07-12 10:40:00+05:30
181.25,181.25,181.0,181.2,548.0,1720761300.0,2024-07-12 10:45:00+05:30
181.2,181.2,181.2,181.2,40.0,1720761600.0,2024-07-12 10:50:00+05:30
181.2,181.25,181.2,181.25,36.0,1720761900.0,2024-07-12 10:55:00+05:30
181.25,181.95,181.25,181.6,3888.0,1720762200.0,2024-07-12 11:00:00+05:30
181.7,182.0,181.7,181.75,2296.0,1720762500.0,2024-07-12 11:05:00+05:30
181.8,182.2,181.8,182.2,348.0,1720762800.0,2024-07-12 11:10:00+05:30
182.2,182.2,181.75,181.85,1052.0,1720763100.0,2024-07-12 11:15:00+05:30
181.85,181.85,181.8,181.85,60.0,1720763400.0,2024-07-12 11:20:00+05:30
181.5,181.6,181.4,181.4,128.0,1720763700.0,2024-07-12 11:25:00+05:30
181.4,181.4,180.95,181.15,1172.0,1720764000.0,2024-07-12 11:30:00+05:30
181.15,181.15,180.5,180.95,992.0,1720764300.0,2024-07-12 11:35:00+05:30
180.75,181.0,180.55,180.8,1236.0,1720764600.0,2024-07-12 11:40:00+05:30
180.65,180.8,180.6,180.6,620.0,1720764900.0,2024-07-12 11:45:00+05:30
180.6,180.6,180.6,180.6,0.0,1720765200.0,2024-07-12 11:50:00+05:30
180.65,181.05,180.65,181.05,1480.0,1720765500.0,2024-07-12 11:55:00+05:30
181.05,181.25,180.8,180.8,2440.0,1720765800.0,2024-07-12 12:00:00+05:30
180.8,180.8,180.25,180.25,604.0,1720766100.0,2024-07-12 12:05:00+05:30
180.35,180.45,180.1,180.1,1036.0,1720766400.0,2024-07-12 12:10:00+05:30
180.1,180.5,180.1,180.25,268.0,1720766700.0,2024-07-12 12:15:00+05:30
180.25,180.25,180.25,180.25,0.0,1720767000.0,2024-07-12 12:20:00+05:30
180.25,180.3,180.1,180.1,304.0,1720767300.0,2024-07-12 12:25:00+05:30
180.15,180.15,179.3,179.5,8792.0,1720767600.0,2024-07-12 12:30:00+05:30
179.45,179.45,179.25,179.25,348.0,1720767900.0,2024-07-12 12:35:00+05:30
179.3,179.3,179.0,179.15,1260.0,1720768200.0,2024-07-12 12:40:00+05:30
179.2,179.45,179.0,179.3,2052.0,1720768500.0,2024-07-12 12:45:00+05:30
178.75,179.3,178.75,179.25,3608.0,1720768800.0,2024-07-12 12:50:00+05:30
179.25,179.25,179.1,179.1,148.0,1720769100.0,2024-07-12 12:55:00+05:30
179.1,179.2,179.1,179.1,188.0,1720769400.0,2024-07-12 13:00:00+05:30
179.2,179.2,179.05,179.1,516.0,1720769700.0,2024-07-12 13:05:00+05:30
179.0,179.0,178.75,178.95,1212.0,1720770000.0,2024-07-12 13:10:00+05:30
179.0,179.0,178.8,178.8,180.0,1720770300.0,2024-07-12 13:15:00+05:30
178.95,178.95,178.95,178.95,20.0,1720770600.0,2024-07-12 13:20:00+05:30
178.95,179.1,178.85,179.1,284.0,1720770900.0,2024-07-12 13:25:00+05:30
178.8,179.05,178.75,179.05,744.0,1720771200.0,2024-07-12 13:30:00+05:30
179.05,179.05,178.9,179.0,536.0,1720771500.0,2024-07-12 13:35:00+05:30
179.0,179.0,179.0,179.0,28.0,1720771800.0,2024-07-12 13:40:00+05:30
179.0,179.05,178.9,179.0,168.0,1720772100.0,2024-07-12 13:45:00+05:30
179.0,179.0,178.25,178.3,25320.0,1720772400.0,2024-07-12 13:50:00+05:30
178.3,178.5,178.3,178.3,912.0,1720772700.0,2024-07-12 13:55:00+05:30
178.45,179.1,178.3,179.1,948.0,1720773000.0,2024-07-12 14:00:00+05:30
178.9,178.95,178.45,178.45,920.0,1720773300.0,2024-07-12 14:05:00+05:30
178.45,178.95,178.45,178.95,1080.0,1720773600.0,2024-07-12 14:10:00+05:30
178.95,178.95,178.6,178.6,800.0,1720773900.0,2024-07-12 14:15:00+05:30
178.6,178.85,178.6,178.7,2624.0,1720774200.0,2024-07-12 14:20:00+05:30
178.75,179.25,178.75,179.05,8508.0,1720774500.0,2024-07-12 14:25:00+05:30
179.0,179.45,178.75,179.25,5036.0,1720774800.0,2024-07-12 14:30:00+05:30
179.45,179.5,179.05,179.15,1540.0,1720775100.0,2024-07-12 14:35:00+05:30
179.15,179.4,179.05,179.4,3236.0,1720775400.0,2024-07-12 14:40:00+05:30
179.45,179.45,179.25,179.3,892.0,1720775700.0,2024-07-12 14:45:00+05:30
179.3,179.75,179.3,179.75,5088.0,1720776000.0,2024-07-12 14:50:00+05:30
179.75,179.75,179.5,179.55,2100.0,1720776300.0,2024-07-12 14:55:00+05:30
179.45,179.7,178.8,179.2,21776.0,1720776600.0,2024-07-12 15:00:00+05:30
179.15,180.0,179.0,179.25,1051064.0,1720776900.0,2024-07-12 15:05:00+05:30
179.3,180.5,179.25,179.5,8216.0,1720777200.0,2024-07-12 15:10:00+05:30
179.75,180.1,179.55,180.1,4676.0,1720777500.0,2024-07-12 15:15:00+05:30
180.25,180.25,179.1,179.1,9904.0,1720777800.0,2024-07-12 15:20:00+05:30
179.05,179.95,178.9,179.95,8744.0,1720778100.0,2024-07-12 15:25:00+05:30
179.95,179.95,179.95,179.95,0.0,1720778400.0,2024-07-12 15:30:00+05:30
178.75,179.75,175.8,176.55,34688.0,1721015100.0,2024-07-15 09:15:00+05:30
176.45,176.7,175.4,175.4,11140.0,1721015400.0,2024-07-15 09:20:00+05:30
175.5,176.05,174.55,175.95,30056.0,1721015700.0,2024-07-15 09:25:00+05:30
175.9,175.9,174.5,175.05,8992.0,1721016000.0,2024-07-15 09:30:00+05:30
175.05,175.85,175.05,175.3,3044.0,1721016300.0,2024-07-15 09:35:00+05:30
175.3,175.95,175.25,175.7,5888.0,1721016600.0,2024-07-15 09:40:00+05:30
175.7,176.3,175.5,176.05,8916.0,1721016900.0,2024-07-15 09:45:00+05:30
176.5,176.75,176.2,176.5,4564.0,1721017200.0,2024-07-15 09:50:00+05:30
176.5,176.8,176.15,176.75,19096.0,1721017500.0,2024-07-15 09:55:00+05:30
176.7,176.85,176.5,176.8,3372.0,1721017800.0,2024-07-15 10:00:00+05:30
176.5,176.95,176.5,176.65,2976.0,1721018100.0,2024-07-15 10:05:00+05:30
176.9,177.0,176.5,176.65,2568.0,1721018400.0,2024-07-15 10:10:00+05:30
176.65,177.45,176.65,177.45,2892.0,1721018700.0,2024-07-15 10:15:00+05:30
177.45,177.45,176.95,177.0,188.0,1721019000.0,2024-07-15 10:20:00+05:30
177.0,177.05,176.85,176.85,316.0,1721019300.0,2024-07-15 10:25:00+05:30
176.85,177.75,176.85,177.75,3028.0,1721019600.0,2024-07-15 10:30:00+05:30
177.75,178.25,177.45,177.9,3236.0,1721019900.0,2024-07-15 10:35:00+05:30
177.8,178.2,177.7,178.1,1808.0,1721020200.0,2024-07-15 10:40:00+05:30
177.9,178.25,177.9,178.0,412.0,1721020500.0,2024-07-15 10:45:00+05:30
178.2,178.25,177.75,178.1,2016.0,1721020800.0,2024-07-15 10:50:00+05:30
178.1,178.45,178.1,178.4,1832.0,1721021100.0,2024-07-15 10:55:00+05:30
178.4,178.75,178.3,178.4,4752.0,1721021400.0,2024-07-15 11:00:00+05:30
178.25,179.25,178.25,179.25,5552.0,1721021700.0,2024-07-15 11:05:00+05:30
179.25,180.8,179.25,180.7,32872.0,1721022000.0,2024-07-15 11:10:00+05:30
180.5,180.95,179.9,180.7,4944.0,1721022300.0,2024-07-15 11:15:00+05:30
181.0,181.0,180.7,180.7,476.0,1721022600.0,2024-07-15 11:20:00+05:30
180.7,180.7,180.15,180.15,936.0,1721022900.0,2024-07-15 11:25:00+05:30
180.4,180.4,180.15,180.25,444.0,1721023200.0,2024-07-15 11:30:00+05:30
180.25,181.9,180.2,181.9,8204.0,1721023500.0,2024-07-15 11:35:00+05:30
181.55,181.75,180.95,181.5,4152.0,1721023800.0,2024-07-15 11:40:00+05:30
181.6,181.75,180.95,181.25,2556.0,1721024100.0,2024-07-15 11:45:00+05:30
181.05,181.75,181.05,181.25,6508.0,1721024400.0,2024-07-15 11:50:00+05:30
181.25,182.25,180.95,181.95,17524.0,1721024700.0,2024-07-15 11:55:00+05:30
182.0,182.15,181.5,181.7,1232.0,1721025000.0,2024-07-15 12:00:00+05:30
181.6,181.6,181.3,181.3,1040.0,1721025300.0,2024-07-15 12:05:00+05:30
181.4,181.4,181.2,181.2,1504.0,1721025600.0,2024-07-15 12:10:00+05:30
181.1,181.6,180.85,181.4,3428.0,1721025900.0,2024-07-15 12:15:00+05:30
181.4,181.6,181.4,181.45,532.0,1721026200.0,2024-07-15 12:20:00+05:30
181.35,181.45,180.9,181.2,1036.0,1721026500.0,2024-07-15 12:25:00+05:30
181.2,181.2,181.05,181.05,12.0,1721026800.0,2024-07-15 12:30:00+05:30
181.0,181.2,180.85,181.2,1752.0,1721027100.0,2024-07-15 12:35:00+05:30
181.0,181.2,180.9,181.2,7492.0,1721027400.0,2024-07-15 12:40:00+05:30
180.85,181.25,180.85,181.1,11076.0,1721027700.0,2024-07-15 12:45:00+05:30
181.1,181.1,181.1,181.1,396.0,1721028000.0,2024-07-15 12:50:00+05:30
181.1,181.2,180.8,180.8,3216.0,1721028300.0,2024-07-15 12:55:00+05:30
180.7,180.8,180.45,180.45,572.0,1721028600.0,2024-07-15 13:00:00+05:30
180.0,181.2,180.0,181.1,5220.0,1721028900.0,2024-07-15 13:05:00+05:30
181.1,181.1,180.8,180.9,1084.0,1721029200.0,2024-07-15 13:10:00+05:30
181.15,181.25,181.0,181.2,7348.0,1721029500.0,2024-07-15 13:15:00+05:30
181.05,181.25,181.05,181.05,640.0,1721029800.0,2024-07-15 13:20:00+05:30
181.05,181.25,180.95,181.25,168.0,1721030100.0,2024-07-15 13:25:00+05:30
181.25,181.25,181.1,181.15,1072.0,1721030400.0,2024-07-15 13:30:00+05:30
181.15,181.25,180.9,181.1,10252.0,1721030700.0,2024-07-15 13:35:00+05:30
181.1,181.25,181.1,181.15,196.0,1721031000.0,2024-07-15 13:40:00+05:30
181.05,181.25,181.0,181.25,2772.0,1721031300.0,2024-07-15 13:45:00+05:30
181.25,181.25,181.25,181.25,88.0,1721031600.0,2024-07-15 13:50:00+05:30
181.25,181.25,181.15,181.25,56.0,1721031900.0,2024-07-15 13:55:00+05:30
181.25,181.25,181.05,181.05,868.0,1721032200.0,2024-07-15 14:00:00+05:30
181.05,181.15,180.95,181.05,4068.0,1721032500.0,2024-07-15 14:05:00+05:30
181.05,181.05,180.95,181.05,792.0,1721032800.0,2024-07-15 14:10:00+05:30
181.05,181.05,180.8,180.95,2100.0,1721033100.0,2024-07-15 14:15:00+05:30
180.8,180.85,180.65,180.7,7600.0,1721033400.0,2024-07-15 14:20:00+05:30
180.7,180.85,180.7,180.85,24.0,1721033700.0,2024-07-15 14:25:00+05:30
180.85,180.85,180.75,180.8,900.0,1721034000.0,2024-07-15 14:30:00+05:30
180.8,180.8,180.75,180.75,40.0,1721034300.0,2024-07-15 14:35:00+05:30
180.55,180.55,180.3,180.5,1288.0,1721034600.0,2024-07-15 14:40:00+05:30
180.35,180.35,180.1,180.2,2112.0,1721034900.0,2024-07-15 14:45:00+05:30
180.2,180.7,179.5,180.7,11744.0,1721035200.0,2024-07-15 14:50:00+05:30
180.55,180.75,180.15,180.5,5572.0,1721035500.0,2024-07-15 14:55:00+05:30
180.55,180.9,180.5,180.65,2316.0,1721035800.0,2024-07-15 15:00:00+05:30
180.7,180.7,180.55,180.6,388.0,1721036100.0,2024-07-15 15:05:00+05:30
180.55,180.7,179.7,179.85,8648.0,1721036400.0,2024-07-15 15:10:00+05:30
179.85,180.55,179.85,180.5,2540.0,1721036700.0,2024-07-15 15:15:00+05:30
180.5,180.65,178.95,179.2,15064.0,1721037000.0,2024-07-15 15:20:00+05:30
179.15,180.2,179.0,179.5,18036.0,1721037300.0,2024-07-15 15:25:00+05:30
179.5,179.5,179.5,179.5,0.0,1721037600.0,2024-07-15 15:30:00+05:30
181.5,181.5,180.25,180.7,4872.0,1721101500.0,2024-07-16 09:15:00+05:30
180.65,180.8,180.4,180.55,1176.0,1721101800.0,2024-07-16 09:20:00+05:30
180.65,180.65,180.0,180.3,4356.0,1721102100.0,2024-07-16 09:25:00+05:30
180.45,181.0,180.25,181.0,5396.0,1721102400.0,2024-07-16 09:30:00+05:30
180.85,180.9,180.6,180.8,1196.0,1721102700.0,2024-07-16 09:35:00+05:30
180.65,181.0,180.4,180.7,5620.0,1721103000.0,2024-07-16 09:40:00+05:30
180.7,180.7,180.5,180.65,952.0,1721103300.0,2024-07-16 09:45:00+05:30
180.4,180.65,180.25,180.5,3944.0,1721103600.0,2024-07-16 09:50:00+05:30
180.4,180.65,180.4,180.65,704.0,1721103900.0,2024-07-16 09:55:00+05:30
180.65,180.9,180.5,180.85,3088.0,1721104200.0,2024-07-16 10:00:00+05:30
180.85,180.85,180.5,180.8,1380.0,1721104500.0,2024-07-16 10:05:00+05:30
180.75,180.8,180.5,180.8,524.0,1721104800.0,2024-07-16 10:10:00+05:30
180.8,180.8,180.8,180.8,532.0,1721105100.0,2024-07-16 10:15:00+05:30
180.85,180.85,180.75,180.8,164.0,1721105400.0,2024-07-16 10:20:00+05:30
180.65,180.75,180.65,180.65,364.0,1721105700.0,2024-07-16 10:25:00+05:30
180.65,180.75,180.6,180.75,700.0,1721106000.0,2024-07-16 10:30:00+05:30
180.75,181.0,180.75,181.0,3452.0,1721106300.0,2024-07-16 10:35:00+05:30
181.0,181.0,180.75,180.95,488.0,1721106600.0,2024-07-16 10:40:00+05:30
181.0,181.2,181.0,181.2,5596.0,1721106900.0,2024-07-16 10:45:00+05:30
181.25,182.75,181.25,182.05,21212.0,1721107200.0,2024-07-16 10:50:00+05:30
182.05,182.1,181.8,181.85,88.0,1721107500.0,2024-07-16 10:55:00+05:30
181.85,182.0,181.8,181.85,1512.0,1721107800.0,2024-07-16 11:00:00+05:30
182.05,182.05,181.95,181.95,312.0,1721108100.0,2024-07-16 11:05:00+05:30
181.95,181.95,181.55,181.55,1296.0,1721108400.0,2024-07-16 11:10:00+05:30
181.55,181.95,181.25,181.7,3112.0,1721108700.0,2024-07-16 11:15:00+05:30
181.9,182.25,181.7,182.25,2980.0,1721109000.0,2024-07-16 11:20:00+05:30
182.25,182.4,182.1,182.2,1380.0,1721109300.0,2024-07-16 11:25:00+05:30
182.2,182.25,182.2,182.25,56.0,1721109600.0,2024-07-16 11:30:00+05:30
182.1,182.15,182.0,182.0,2200.0,1721109900.0,2024-07-16 11:35:00+05:30
182.0,182.05,181.85,181.85,436.0,1721110200.0,2024-07-16 11:40:00+05:30
181.85,181.85,181.85,181.85,40.0,1721110500.0,2024-07-16 11:45:00+05:30
181.85,181.9,181.85,181.9,212.0,1721110800.0,2024-07-16 11:50:00+05:30
181.75,181.75,181.75,181.75,40.0,1721111100.0,2024-07-16 11:55:00+05:30
181.75,181.95,181.75,181.8,628.0,1721111400.0,2024-07-16 12:00:00+05:30
181.7,182.0,181.6,181.6,3928.0,1721111700.0,2024-07-16 12:05:00+05:30
181.7,181.95,181.7,181.8,1700.0,1721112000.0,2024-07-16 12:10:00+05:30
182.0,182.0,181.7,181.85,732.0,1721112300.0,2024-07-16 12:15:00+05:30
181.85,181.95,181.85,181.95,280.0,1721112600.0,2024-07-16 12:20:00+05:30
181.7,181.95,181.7,181.95,88.0,1721112900.0,2024-07-16 12:25:00+05:30
181.95,181.95,181.7,181.85,556.0,1721113200.0,2024-07-16 12:30:00+05:30
181.85,181.85,181.0,181.25,2512.0,1721113500.0,2024-07-16 12:35:00+05:30
181.25,181.25,180.95,180.95,532.0,1721113800.0,2024-07-16 12:40:00+05:30
180.9,181.1,180.9,180.9,176.0,1721114100.0,2024-07-16 12:45:00+05:30
180.9,181.1,180.9,180.95,192.0,1721114400.0,2024-07-16 12:50:00+05:30
180.95,181.1,180.95,181.1,636.0,1721114700.0,2024-07-16 12:55:00+05:30
181.05,181.05,180.9,180.9,1440.0,1721115000.0,2024-07-16 13:00:00+05:30
180.8,181.0,180.7,180.8,2760.0,1721115300.0,2024-07-16 13:05:00+05:30
181.0,181.05,180.8,180.8,180.0,1721115600.0,2024-07-16 13:10:00+05:30
180.9,181.05,180.9,181.05,96.0,1721115900.0,2024-07-16 13:15:00+05:30
181.05,181.05,181.05,181.05,0.0,1721116200.0,2024-07-16 13:20:00+05:30
181.05,181.05,180.9,180.9,1056.0,1721116500.0,2024-07-16 13:25:00+05:30
180.9,180.95,180.75,180.95,492.0,1721116800.0,2024-07-16 13:30:00+05:30
180.95,181.7,180.95,181.25,6560.0,1721117100.0,2024-07-16 13:35:00+05:30
181.25,181.5,181.25,181.3,4104.0,1721117400.0,2024-07-16 13:40:00+05:30
181.3,181.3,181.2,181.25,8752.0,1721117700.0,2024-07-16 13:45:00+05:30
181.25,181.45,181.15,181.3,8176.0,1721118000.0,2024-07-16 13:50:00+05:30
181.25,181.45,181.25,181.25,3484.0,1721118300.0,2024-07-16 13:55:00+05:30
181.25,181.55,181.2,181.55,62896.0,1721118600.0,2024-07-16 14:00:00+05:30
181.5,182.0,180.7,181.0,32448.0,1721118900.0,2024-07-16 14:05:00+05:30
180.5,180.5,179.65,179.9,7656.0,1721119200.0,2024-07-16 14:10:00+05:30
180.2,180.45,180.2,180.4,204.0,1721119500.0,2024-07-16 14:15:00+05:30
180.4,180.4,180.0,180.1,768.0,1721119800.0,2024-07-16 14:20:00+05:30
180.1,181.45,179.9,181.45,18676.0,1721120100.0,2024-07-16 14:25:00+05:30
181.3,181.75,181.3,181.7,508.0,1721120400.0,2024-07-16 14:30:00+05:30
181.7,181.75,181.55,181.6,2020.0,1721120700.0,2024-07-16 14:35:00+05:30
181.45,181.6,181.4,181.4,308.0,1721121000.0,2024-07-16 14:40:00+05:30
181.45,181.75,181.45,181.65,3372.0,1721121300.0,2024-07-16 14:45:00+05:30
181.65,181.75,181.5,181.5,868.0,1721121600.0,2024-07-16 14:50:00+05:30
181.5,181.6,181.25,181.3,3032.0,1721121900.0,2024-07-16 14:55:00+05:30
181.75,182.25,181.6,182.1,5528.0,1721122200.0,2024-07-16 15:00:00+05:30
182.1,182.25,182.0,182.25,12280.0,1721122500.0,2024-07-16 15:05:00+05:30
182.25,182.25,181.75,181.75,4292.0,1721122800.0,2024-07-16 15:10:00+05:30
181.65,181.65,180.85,181.3,6172.0,1721123100.0,2024-07-16 15:15:00+05:30
181.25,181.65,181.25,181.6,3836.0,1721123400.0,2024-07-16 15:20:00+05:30
181.6,181.6,180.8,180.8,5100.0,1721123700.0,2024-07-16 15:25:00+05:30
182.25,183.25,181.25,181.9,12796.0,1721274300.0,2024-07-18 09:15:00+05:30
181.4,181.8,180.4,181.0,10032.0,1721274600.0,2024-07-18 09:20:00+05:30
181.35,181.35,179.4,180.15,4980.0,1721274900.0,2024-07-18 09:25:00+05:30
180.25,180.25,178.05,178.85,17164.0,1721275200.0,2024-07-18 09:30:00+05:30
178.8,178.95,178.8,178.8,2228.0,1721275500.0,2024-07-18 09:35:00+05:30
179.0,179.5,177.75,179.25,27948.0,1721275800.0,2024-07-18 09:40:00+05:30
179.25,180.6,179.25,180.3,2480.0,1721276100.0,2024-07-18 09:45:00+05:30
180.3,180.3,179.85,180.0,1708.0,1721276400.0,2024-07-18 09:50:00+05:30
180.0,180.1,179.85,179.85,504.0,1721276700.0,2024-07-18 09:55:00+05:30
179.95,180.5,179.65,180.5,1708.0,1721277000.0,2024-07-18 10:00:00+05:30
180.5,180.5,180.0,180.15,3800.0,1721277300.0,2024-07-18 10:05:00+05:30
180.15,180.5,179.9,180.3,6604.0,1721277600.0,2024-07-18 10:10:00+05:30
180.3,180.45,180.3,180.3,436.0,1721277900.0,2024-07-18 10:15:00+05:30
180.45,180.45,180.3,180.3,1092.0,1721278200.0,2024-07-18 10:20:00+05:30
180.3,180.4,180.3,180.3,1400.0,1721278500.0,2024-07-18 10:25:00+05:30
180.3,180.3,180.0,180.0,1320.0,1721278800.0,2024-07-18 10:30:00+05:30
180.0,180.15,180.0,180.15,60.0,1721279100.0,2024-07-18 10:35:00+05:30
180.0,180.15,179.75,180.0,1652.0,1721279400.0,2024-07-18 10:40:00+05:30
180.0,180.15,180.0,180.0,184.0,1721279700.0,2024-07-18 10:45:00+05:30
180.0,180.1,180.0,180.0,1196.0,1721280000.0,2024-07-18 10:50:00+05:30
180.0,180.5,180.0,180.5,2616.0,1721280300.0,2024-07-18 10:55:00+05:30
180.4,180.4,180.0,180.0,132.0,1721280600.0,2024-07-18 11:00:00+05:30
180.0,180.25,179.55,180.0,16684.0,1721280900.0,2024-07-18 11:05:00+05:30
180.0,180.25,179.9,180.25,6660.0,1721281200.0,2024-07-18 11:10:00+05:30
180.25,180.4,180.0,180.4,5764.0,1721281500.0,2024-07-18 11:15:00+05:30
180.0,180.0,180.0,180.0,200.0,1721281800.0,2024-07-18 11:20:00+05:30
180.1,180.3,180.1,180.3,224.0,1721282100.0,2024-07-18 11:25:00+05:30
180.1,180.3,180.1,180.3,180.0,1721282400.0,2024-07-18 11:30:00+05:30
180.3,180.45,180.3,180.45,60.0,1721282700.0,2024-07-18 11:35:00+05:30
180.45,180.45,180.15,180.4,292.0,1721283000.0,2024-07-18 11:40:00+05:30
180.4,180.45,180.25,180.4,368.0,1721283300.0,2024-07-18 11:45:00+05:30
180.35,180.35,180.35,180.35,356.0,1721283600.0,2024-07-18 11:50:00+05:30
180.35,180.35,180.35,180.35,20.0,1721283900.0,2024-07-18 11:55:00+05:30
180.35,180.35,180.35,180.35,240.0,1721284200.0,2024-07-18 12:00:00+05:30
180.35,180.45,180.35,180.35,176.0,1721284500.0,2024-07-18 12:05:00+05:30
180.35,180.85,180.35,180.85,492.0,1721284800.0,2024-07-18 12:10:00+05:30
180.85,181.2,180.75,181.2,1460.0,1721285100.0,2024-07-18 12:15:00+05:30
181.35,181.4,180.9,181.2,1656.0,1721285400.0,2024-07-18 12:20:00+05:30
181.5,181.5,181.2,181.25,2096.0,1721285700.0,2024-07-18 12:25:00+05:30
181.45,181.45,181.15,181.45,5120.0,1721286000.0,2024-07-18 12:30:00+05:30
181.45,181.45,181.0,181.0,756.0,1721286300.0,2024-07-18 12:35:00+05:30
181.0,181.0,181.0,181.0,0.0,1721286600.0,2024-07-18 12:40:00+05:30
181.05,181.1,181.05,181.1,116.0,1721286900.0,2024-07-18 12:45:00+05:30
181.1,181.35,181.0,181.0,772.0,1721287200.0,2024-07-18 12:50:00+05:30
181.05,181.25,181.0,181.25,2104.0,1721287500.0,2024-07-18 12:55:00+05:30
181.25,181.25,180.85,180.85,680.0,1721287800.0,2024-07-18 13:00:00+05:30
180.65,180.7,180.65,180.7,464.0,1721288100.0,2024-07-18 13:05:00+05:30
180.7,180.7,180.55,180.55,80.0,1721288400.0,2024-07-18 13:10:00+05:30
180.55,180.9,180.55,180.6,612.0,1721288700.0,2024-07-18 13:15:00+05:30
180.6,180.6,180.6,180.6,444.0,1721289000.0,2024-07-18 13:20:00+05:30
180.6,180.85,180.5,180.6,464.0,1721289300.0,2024-07-18 13:25:00+05:30
180.7,180.7,180.5,180.5,112.0,1721289600.0,2024-07-18 13:30:00+05:30
180.7,180.7,180.7,180.7,116.0,1721289900.0,2024-07-18 13:35:00+05:30
180.7,180.7,180.7,180.7,0.0,1721290200.0,2024-07-18 13:40:00+05:30
180.7,180.7,180.25,180.5,3336.0,1721290500.0,2024-07-18 13:45:00+05:30
180.5,180.5,180.0,180.0,2408.0,1721290800.0,2024-07-18 13:50:00+05:30
180.0,180.2,180.0,180.2,404.0,1721291100.0,2024-07-18 13:55:00+05:30
180.2,180.2,180.2,180.2,0.0,1721291400.0,2024-07-18 14:00:00+05:30
180.05,180.25,180.0,180.25,3500.0,1721291700.0,2024-07-18 14:05:00+05:30
180.25,180.25,180.15,180.25,632.0,1721292000.0,2024-07-18 14:10:00+05:30
180.25,180.25,180.0,180.0,3196.0,1721292300.0,2024-07-18 14:15:00+05:30
179.8,180.1,179.8,180.1,244.0,1721292600.0,2024-07-18 14:20:00+05:30
180.0,180.0,180.0,180.0,28.0,1721292900.0,2024-07-18 14:25:00+05:30
180.15,180.15,180.0,180.15,2024.0,1721293200.0,2024-07-18 14:30:00+05:30
180.15,180.15,180.0,180.15,68.0,1721293500.0,2024-07-18 14:35:00+05:30
180.0,180.25,179.95,180.2,2504.0,1721293800.0,2024-07-18 14:40:00+05:30
180.05,180.5,180.0,180.15,2728.0,1721294100.0,2024-07-18 14:45:00+05:30
180.0,180.05,179.8,180.0,6024.0,1721294400.0,2024-07-18 14:50:00+05:30
180.0,180.15,180.0,180.0,1076.0,1721294700.0,2024-07-18 14:55:00+05:30
180.0,180.15,180.0,180.15,116.0,1721295000.0,2024-07-18 15:00:00+05:30
180.15,180.15,180.0,180.0,3480.0,1721295300.0,2024-07-18 15:05:00+05:30
180.05,180.4,179.55,180.0,11716.0,1721295600.0,2024-07-18 15:10:00+05:30
180.2,180.25,179.8,180.2,3224.0,1721295900.0,2024-07-18 15:15:00+05:30
180.2,181.5,180.0,181.5,17976.0,1721296200.0,2024-07-18 15:20:00+05:30
181.0,181.25,179.5,180.1,6132.0,1721296500.0,2024-07-18 15:25:00+05:30
181.75,181.75,178.5,179.9,8952.0,1721360700.0,2024-07-19 09:15:00+05:30
179.95,179.95,179.2,179.2,7224.0,1721361000.0,2024-07-19 09:20:00+05:30
179.2,179.5,178.8,179.5,3736.0,1721361300.0,2024-07-19 09:25:00+05:30
179.3,180.25,179.3,179.95,5412.0,1721361600.0,2024-07-19 09:30:00+05:30
179.9,180.7,179.8,180.25,3804.0,1721361900.0,2024-07-19 09:35:00+05:30
180.15,180.25,179.65,179.7,1860.0,1721362200.0,2024-07-19 09:40:00+05:30
179.45,179.5,178.5,178.5,4828.0,1721362500.0,2024-07-19 09:45:00+05:30
178.5,179.0,178.25,178.4,6412.0,1721362800.0,2024-07-19 09:50:00+05:30
178.4,178.4,177.55,177.55,2016.0,1721363100.0,2024-07-19 09:55:00+05:30
177.55,178.0,177.5,177.85,3824.0,1721363400.0,2024-07-19 10:00:00+05:30
177.6,177.9,177.6,177.75,1428.0,1721363700.0,2024-07-19 10:05:00+05:30
177.75,177.75,176.9,176.9,6012.0,1721364000.0,2024-07-19 10:10:00+05:30
176.8,177.2,176.75,176.8,5836.0,1721364300.0,2024-07-19 10:15:00+05:30
177.1,177.7,176.6,177.55,8348.0,1721364600.0,2024-07-19 10:20:00+05:30
178.1,178.25,177.75,178.2,7824.0,1721364900.0,2024-07-19 10:25:00+05:30
177.9,178.2,177.75,178.2,6048.0,1721365200.0,2024-07-19 10:30:00+05:30
178.2,178.2,176.9,176.9,25544.0,1721365500.0,2024-07-19 10:35:00+05:30
177.0,177.1,176.7,176.7,1396.0,1721365800.0,2024-07-19 10:40:00+05:30
176.95,177.0,176.6,176.7,1916.0,1721366100.0,2024-07-19 10:45:00+05:30
176.7,176.9,176.65,176.65,1496.0,1721366400.0,2024-07-19 10:50:00+05:30
176.75,176.75,176.3,176.45,4692.0,1721366700.0,2024-07-19 10:55:00+05:30
176.4,176.5,176.3,176.3,480.0,1721367000.0,2024-07-19 11:00:00+05:30
176.45,176.45,175.75,175.75,4336.0,1721367300.0,2024-07-19 11:05:00+05:30
175.7,176.1,175.5,176.0,2136.0,1721367600.0,2024-07-19 11:10:00+05:30
175.9,176.5,175.9,176.5,1504.0,1721367900.0,2024-07-19 11:15:00+05:30
176.65,176.65,176.25,176.25,1448.0,1721368200.0,2024-07-19 11:20:00+05:30
176.5,176.6,176.25,176.6,716.0,1721368500.0,2024-07-19 11:25:00+05:30
176.5,176.7,176.5,176.55,564.0,1721368800.0,2024-07-19 11:30:00+05:30
176.55,176.55,176.55,176.55,40.0,1721369100.0,2024-07-19 11:35:00+05:30
176.35,176.4,176.2,176.35,2164.0,1721369400.0,2024-07-19 11:40:00+05:30
176.35,176.6,176.3,176.6,388.0,1721369700.0,2024-07-19 11:45:00+05:30
176.6,176.6,176.25,176.25,2652.0,1721370000.0,2024-07-19 11:50:00+05:30
176.25,176.4,176.2,176.4,4116.0,1721370300.0,2024-07-19 11:55:00+05:30
176.4,176.45,176.0,176.45,1100.0,1721370600.0,2024-07-19 12:00:00+05:30
176.15,176.6,176.15,176.45,532.0,1721370900.0,2024-07-19 12:05:00+05:30
176.75,177.0,176.75,177.0,88.0,1721371200.0,2024-07-19 12:10:00+05:30
177.05,177.25,176.95,177.2,456.0,1721371500.0,2024-07-19 12:15:00+05:30
176.9,177.0,176.75,176.8,624.0,1721371800.0,2024-07-19 12:20:00+05:30
176.8,177.1,176.5,176.5,1760.0,1721372100.0,2024-07-19 12:25:00+05:30
177.0,177.0,176.8,176.8,292.0,1721372400.0,2024-07-19 12:30:00+05:30
176.8,177.25,176.8,177.1,1180.0,1721372700.0,2024-07-19 12:35:00+05:30
177.05,177.8,177.05,177.7,4620.0,1721373000.0,2024-07-19 12:40:00+05:30
177.45,177.5,177.45,177.5,108.0,1721373300.0,2024-07-19 12:45:00+05:30
177.5,177.55,177.5,177.5,188.0,1721373600.0,2024-07-19 12:50:00+05:30
177.5,177.6,177.3,177.3,728.0,1721373900.0,2024-07-19 12:55:00+05:30
177.1,177.45,177.0,177.35,1128.0,1721374200.0,2024-07-19 13:00:00+05:30
177.35,177.35,177.0,177.2,1488.0,1721374500.0,2024-07-19 13:05:00+05:30
177.1,177.1,176.95,177.0,340.0,1721374800.0,2024-07-19 13:10:00+05:30
176.95,177.25,176.95,177.1,1240.0,1721375100.0,2024-07-19 13:15:00+05:30
177.1,177.55,177.1,177.55,2220.0,1721375400.0,2024-07-19 13:20:00+05:30
177.55,177.55,177.55,177.55,4.0,1721375700.0,2024-07-19 13:25:00+05:30
177.25,177.7,177.25,177.7,804.0,1721376000.0,2024-07-19 13:30:00+05:30
177.5,177.75,177.5,177.75,872.0,1721376300.0,2024-07-19 13:35:00+05:30
177.5,177.5,177.25,177.25,860.0,1721376600.0,2024-07-19 13:40:00+05:30
177.5,178.0,177.5,177.95,13816.0,1721376900.0,2024-07-19 13:45:00+05:30
177.95,177.95,177.95,177.95,60.0,1721377200.0,2024-07-19 13:50:00+05:30
177.95,177.95,177.4,177.4,1940.0,1721377500.0,2024-07-19 13:55:00+05:30
177.25,177.45,177.0,177.0,2924.0,1721377800.0,2024-07-19 14:00:00+05:30
177.0,177.2,177.0,177.2,92.0,1721378100.0,2024-07-19 14:05:00+05:30
177.25,177.5,177.0,177.5,15056.0,1721378400.0,2024-07-19 14:10:00+05:30
177.65,177.65,177.5,177.5,368.0,1721378700.0,2024-07-19 14:15:00+05:30
177.5,177.55,177.35,177.4,476.0,1721379000.0,2024-07-19 14:20:00+05:30
177.5,177.55,177.5,177.55,5660.0,1721379300.0,2024-07-19 14:25:00+05:30
177.55,177.9,177.5,177.5,944.0,1721379600.0,2024-07-19 14:30:00+05:30
177.55,178.9,177.55,178.75,12252.0,1721379900.0,2024-07-19 14:35:00+05:30
178.5,178.5,177.95,177.95,448.0,1721380200.0,2024-07-19 14:40:00+05:30
177.95,178.2,177.95,178.15,132.0,1721380500.0,2024-07-19 14:45:00+05:30
178.0,178.05,177.5,177.9,3060.0,1721380800.0,2024-07-19 14:50:00+05:30
177.9,178.0,177.7,178.0,8400.0,1721381100.0,2024-07-19 14:55:00+05:30
177.9,178.8,177.9,178.8,25312.0,1721381400.0,2024-07-19 15:00:00+05:30
178.8,178.8,178.65,178.8,6660.0,1721381700.0,2024-07-19 15:05:00+05:30
178.8,178.8,178.5,178.75,14156.0,1721382000.0,2024-07-19 15:10:00+05:30
178.75,178.8,178.45,178.8,18640.0,1721382300.0,2024-07-19 15:15:00+05:30
178.8,179.45,178.7,179.4,30616.0,1721382600.0,2024-07-19 15:20:00+05:30
179.4,180.25,179.25,180.0,29704.0,1721382900.0,2024-07-19 15:25:00+05:30
180.0,180.0,180.0,180.0,0.0,1721383200.0,2024-07-19 15:30:00+05:30
178.25,178.25,175.3,176.45,11840.0,1721619900.0,2024-07-22 09:15:00+05:30
176.65,177.3,176.15,176.6,7808.0,1721620200.0,2024-07-22 09:20:00+05:30
176.9,177.75,176.3,177.25,12252.0,1721620500.0,2024-07-22 09:25:00+05:30
177.45,177.6,177.0,177.6,2396.0,1721620800.0,2024-07-22 09:30:00+05:30
177.6,178.7,177.6,178.7,2532.0,1721621100.0,2024-07-22 09:35:00+05:30
178.3,178.5,177.9,178.25,2848.0,1721621400.0,2024-07-22 09:40:00+05:30
178.25,178.7,178.0,178.5,2256.0,1721621700.0,2024-07-22 09:45:00+05:30
178.5,178.55,177.7,178.3,4284.0,1721622000.0,2024-07-22 09:50:00+05:30
178.3,178.3,178.3,178.3,624.0,1721622300.0,2024-07-22 09:55:00+05:30
178.3,178.7,178.0,178.2,4060.0,1721622600.0,2024-07-22 10:00:00+05:30
178.2,178.3,178.0,178.2,408.0,1721622900.0,2024-07-22 10:05:00+05:30
178.2,178.55,178.2,178.55,2460.0,1721623200.0,2024-07-22 10:10:00+05:30
178.4,178.7,178.3,178.45,1736.0,1721623500.0,2024-07-22 10:15:00+05:30
178.45,178.7,178.4,178.7,760.0,1721623800.0,2024-07-22 10:20:00+05:30
178.4,178.7,178.4,178.7,264.0,1721624100.0,2024-07-22 10:25:00+05:30
178.4,179.35,178.35,179.35,1468.0,1721624400.0,2024-07-22 10:30:00+05:30
179.3,179.5,178.35,178.4,3820.0,1721624700.0,2024-07-22 10:35:00+05:30
178.5,178.7,178.4,178.7,212.0,1721625000.0,2024-07-22 10:40:00+05:30
178.55,179.05,178.55,178.95,1260.0,1721625300.0,2024-07-22 10:45:00+05:30
178.95,179.35,178.75,178.75,1728.0,1721625600.0,2024-07-22 10:50:00+05:30
178.75,178.9,178.75,178.9,88.0,1721625900.0,2024-07-22 10:55:00+05:30
178.9,178.9,177.9,178.1,7824.0,1721626200.0,2024-07-22 11:00:00+05:30
178.3,178.5,178.05,178.5,612.0,1721626500.0,2024-07-22 11:05:00+05:30
178.35,178.5,178.0,178.05,840.0,1721626800.0,2024-07-22 11:10:00+05:30
178.25,178.35,178.0,178.0,1404.0,1721627100.0,2024-07-22 11:15:00+05:30
178.0,178.3,178.0,178.15,4664.0,1721627400.0,2024-07-22 11:20:00+05:30
178.05,178.05,178.05,178.05,32.0,1721627700.0,2024-07-22 11:25:00+05:30
178.05,178.25,178.0,178.25,1160.0,1721628000.0,2024-07-22 11:30:00+05:30
178.25,178.25,178.05,178.2,76.0,1721628300.0,2024-07-22 11:35:00+05:30
178.2,178.25,178.2,178.25,60.0,1721628600.0,2024-07-22 11:40:00+05:30
178.25,178.25,178.05,178.05,528.0,1721628900.0,2024-07-22 11:45:00+05:30
178.05,178.05,178.05,178.05,0.0,1721629200.0,2024-07-22 11:50:00+05:30
178.05,178.3,178.0,178.25,1212.0,1721629500.0,2024-07-22 11:55:00+05:30
177.9,178.3,177.85,178.2,12000.0,1721629800.0,2024-07-22 12:00:00+05:30
178.2,178.2,178.0,178.0,116.0,1721630100.0,2024-07-22 12:05:00+05:30
178.0,178.45,178.0,178.45,1140.0,1721630400.0,2024-07-22 12:10:00+05:30
178.45,178.45,178.45,178.45,36.0,1721630700.0,2024-07-22 12:15:00+05:30
178.05,178.05,178.0,178.0,1268.0,1721631000.0,2024-07-22 12:20:00+05:30
178.0,178.1,177.95,178.0,508.0,1721631300.0,2024-07-22 12:25:00+05:30
178.1,178.2,178.0,178.0,8332.0,1721631600.0,2024-07-22 12:30:00+05:30
178.25,178.3,178.1,178.2,120.0,1721631900.0,2024-07-22 12:35:00+05:30
178.0,178.35,178.0,178.2,552.0,1721632200.0,2024-07-22 12:40:00+05:30
178.0,178.35,178.0,178.35,936.0,1721632500.0,2024-07-22 12:45:00+05:30
178.35,178.35,178.1,178.1,584.0,1721632800.0,2024-07-22 12:50:00+05:30
178.1,178.1,178.05,178.1,404.0,1721633100.0,2024-07-22 12:55:00+05:30
178.05,178.25,177.95,178.25,2952.0,1721633400.0,2024-07-22 13:00:00+05:30
178.25,178.25,178.0,178.0,44.0,1721633700.0,2024-07-22 13:05:00+05:30
178.0,178.0,177.95,178.0,8424.0,1721634000.0,2024-07-22 13:10:00+05:30
178.0,178.0,177.8,178.0,18304.0,1721634300.0,2024-07-22 13:15:00+05:30
178.0,178.2,178.0,178.2,952.0,1721634600.0,2024-07-22 13:20:00+05:30
178.2,178.2,178.05,178.1,124.0,1721634900.0,2024-07-22 13:25:00+05:30
178.05,178.05,177.8,178.05,1576.0,1721635200.0,2024-07-22 13:30:00+05:30
178.05,178.05,178.05,178.05,0.0,1721635500.0,2024-07-22 13:35:00+05:30
178.05,178.05,178.0,178.0,388.0,1721635800.0,2024-07-22 13:40:00+05:30
178.0,178.05,177.95,178.0,832.0,1721636100.0,2024-07-22 13:45:00+05:30
178.0,178.05,177.8,177.95,1708.0,1721636400.0,2024-07-22 13:50:00+05:30
178.0,178.05,178.0,178.05,2048.0,1721636700.0,2024-07-22 13:55:00+05:30
178.05,178.05,178.0,178.0,200.0,1721637000.0,2024-07-22 14:00:00+05:30
178.0,178.05,178.0,178.0,144.0,1721637300.0,2024-07-22 14:05:00+05:30
178.05,178.05,178.0,178.0,4568.0,1721637600.0,2024-07-22 14:10:00+05:30
178.0,178.0,177.95,178.0,18636.0,1721637900.0,2024-07-22 14:15:00+05:30
178.1,178.15,178.1,178.15,2072.0,1721638200.0,2024-07-22 14:20:00+05:30
177.95,178.0,177.95,178.0,136.0,1721638500.0,2024-07-22 14:25:00+05:30
178.0,178.1,178.0,178.1,8.0,1721638800.0,2024-07-22 14:30:00+05:30
178.1,178.25,177.9,178.0,5736.0,1721639100.0,2024-07-22 14:35:00+05:30
178.0,178.3,177.85,178.0,3020.0,1721639400.0,2024-07-22 14:40:00+05:30
178.0,178.0,178.0,178.0,940.0,1721639700.0,2024-07-22 14:45:00+05:30
178.0,178.0,178.0,178.0,736.0,1721640000.0,2024-07-22 14:50:00+05:30
178.0,178.05,177.8,178.0,2376.0,1721640300.0,2024-07-22 14:55:00+05:30
178.0,178.05,177.65,178.0,10708.0,1721640600.0,2024-07-22 15:00:00+05:30
178.0,178.1,178.0,178.1,400.0,1721640900.0,2024-07-22 15:05:00+05:30
178.0,178.1,177.55,178.0,15324.0,1721641200.0,2024-07-22 15:10:00+05:30
178.0,178.0,177.8,178.0,7392.0,1721641500.0,2024-07-22 15:15:00+05:30
178.05,178.1,177.5,177.5,13412.0,1721641800.0,2024-07-22 15:20:00+05:30
178.0,178.0,176.8,176.9,7356.0,1721642100.0,2024-07-22 15:25:00+05:30
177.9,179.1,177.4,177.7,9464.0,1721706300.0,2024-07-23 09:15:00+05:30
177.7,177.7,177.25,177.4,3248.0,1721706600.0,2024-07-23 09:20:00+05:30
177.3,177.3,176.35,177.0,3636.0,1721706900.0,2024-07-23 09:25:00+05:30
177.0,177.05,176.2,176.65,1596.0,1721707200.0,2024-07-23 09:30:00+05:30
176.65,177.2,176.3,176.7,1780.0,1721707500.0,2024-07-23 09:35:00+05:30
176.8,176.8,176.3,176.55,3204.0,1721707800.0,2024-07-23 09:40:00+05:30
176.45,176.9,176.3,176.75,2512.0,1721708100.0,2024-07-23 09:45:00+05:30
176.75,177.25,176.55,177.15,712.0,1721708400.0,2024-07-23 09:50:00+05:30
177.0,177.0,176.4,176.4,852.0,1721708700.0,2024-07-23 09:55:00+05:30
176.4,176.9,176.4,176.5,620.0,1721709000.0,2024-07-23 10:00:00+05:30
176.55,177.55,176.55,177.15,5996.0,1721709300.0,2024-07-23 10:05:00+05:30
177.15,177.55,177.0,177.5,1036.0,1721709600.0,2024-07-23 10:10:00+05:30
177.75,177.95,177.55,177.95,308.0,1721709900.0,2024-07-23 10:15:00+05:30
177.95,177.95,177.75,177.75,32.0,1721710200.0,2024-07-23 10:20:00+05:30
178.05,178.2,177.75,177.75,1332.0,1721710500.0,2024-07-23 10:25:00+05:30
177.75,178.0,177.75,178.0,332.0,1721710800.0,2024-07-23 10:30:00+05:30
178.25,178.5,178.25,178.5,480.0,1721711100.0,2024-07-23 10:35:00+05:30
178.5,178.5,177.65,177.65,8920.0,1721711400.0,2024-07-23 10:40:00+05:30
177.75,177.75,177.25,177.45,300.0,1721711700.0,2024-07-23 10:45:00+05:30
177.2,177.2,177.0,177.2,176.0,1721712000.0,2024-07-23 10:50:00+05:30
177.0,177.55,177.0,177.55,2492.0,1721712300.0,2024-07-23 10:55:00+05:30
177.55,177.55,177.35,177.35,728.0,1721712600.0,2024-07-23 11:00:00+05:30
177.15,177.55,177.0,177.55,2800.0,1721712900.0,2024-07-23 11:05:00+05:30
177.55,177.6,177.5,177.5,2420.0,1721713200.0,2024-07-23 11:10:00+05:30
177.5,177.5,177.0,177.15,3328.0,1721713500.0,2024-07-23 11:15:00+05:30
177.15,178.2,177.15,178.2,4848.0,1721713800.0,2024-07-23 11:20:00+05:30
178.2,178.2,177.5,177.5,1160.0,1721714100.0,2024-07-23 11:25:00+05:30
177.5,177.5,177.05,177.05,72.0,1721714400.0,2024-07-23 11:30:00+05:30
177.05,177.05,177.0,177.0,3292.0,1721714700.0,2024-07-23 11:35:00+05:30
177.0,177.25,177.0,177.25,1208.0,1721715000.0,2024-07-23 11:40:00+05:30
177.25,177.45,177.25,177.45,36.0,1721715300.0,2024-07-23 11:45:00+05:30
177.45,177.5,177.45,177.5,636.0,1721715600.0,2024-07-23 11:50:00+05:30
177.5,177.5,177.3,177.3,4.0,1721715900.0,2024-07-23 11:55:00+05:30
177.2,177.2,177.05,177.2,2132.0,1721716200.0,2024-07-23 12:00:00+05:30
177.1,177.6,177.1,177.6,2520.0,1721716500.0,2024-07-23 12:05:00+05:30
178.25,181.15,177.25,177.25,64840.0,1721716800.0,2024-07-23 12:10:00+05:30
177.25,177.3,176.95,177.0,6904.0,1721717100.0,2024-07-23 12:15:00+05:30
176.75,177.4,176.75,177.0,8248.0,1721717400.0,2024-07-23 12:20:00+05:30
177.0,177.4,177.0,177.3,2548.0,1721717700.0,2024-07-23 12:25:00+05:30
177.0,177.25,175.25,177.25,39784.0,1721718000.0,2024-07-23 12:30:00+05:30
177.3,177.4,176.8,177.0,5968.0,1721718300.0,2024-07-23 12:35:00+05:30
177.0,177.4,177.0,177.1,3544.0,1721718600.0,2024-07-23 12:40:00+05:30
177.15,177.45,177.0,177.4,604.0,1721718900.0,2024-07-23 12:45:00+05:30
177.4,178.3,177.4,178.3,1060.0,1721719200.0,2024-07-23 12:50:00+05:30
177.8,178.1,177.5,177.8,1332.0,1721719500.0,2024-07-23 12:55:00+05:30
177.85,177.95,177.55,177.95,172.0,1721719800.0,2024-07-23 13:00:00+05:30
177.9,178.2,177.9,178.2,624.0,1721720100.0,2024-07-23 13:05:00+05:30
178.2,178.25,177.75,177.75,1892.0,1721720400.0,2024-07-23 13:10:00+05:30
177.5,177.75,177.5,177.6,104.0,1721720700.0,2024-07-23 13:15:00+05:30
177.75,177.8,177.6,177.8,604.0,1721721000.0,2024-07-23 13:20:00+05:30
177.8,178.25,177.8,178.25,56.0,1721721300.0,2024-07-23 13:25:00+05:30
178.25,178.3,177.75,177.9,27520.0,1721721600.0,2024-07-23 13:30:00+05:30
177.9,177.9,177.6,177.6,372.0,1721721900.0,2024-07-23 13:35:00+05:30
177.4,177.55,177.2,177.55,2604.0,1721722200.0,2024-07-23 13:40:00+05:30
177.65,177.95,177.5,177.65,888.0,1721722500.0,2024-07-23 13:45:00+05:30
177.65,177.65,177.25,177.25,196.0,1721722800.0,2024-07-23 13:50:00+05:30
177.25,177.75,177.25,177.75,40.0,1721723100.0,2024-07-23 13:55:00+05:30
177.75,178.1,177.75,178.1,1264.0,1721723400.0,2024-07-23 14:00:00+05:30
178.1,178.1,177.95,177.95,4.0,1721723700.0,2024-07-23 14:05:00+05:30
177.75,177.75,177.55,177.55,468.0,1721724000.0,2024-07-23 14:10:00+05:30
177.55,178.0,177.55,178.0,28.0,1721724300.0,2024-07-23 14:15:00+05:30
178.0,178.1,177.85,177.9,632.0,1721724600.0,2024-07-23 14:20:00+05:30
177.95,177.95,177.5,177.7,308.0,1721724900.0,2024-07-23 14:25:00+05:30
177.7,177.9,177.7,177.9,72.0,1721725200.0,2024-07-23 14:30:00+05:30
178.1,178.1,178.1,178.1,468.0,1721725500.0,2024-07-23 14:35:00+05:30
178.1,178.1,177.95,177.95,44.0,1721725800.0,2024-07-23 14:40:00+05:30
177.75,177.9,177.75,177.9,364.0,1721726100.0,2024-07-23 14:45:00+05:30
177.6,177.85,177.3,177.6,5072.0,1721726400.0,2024-07-23 14:50:00+05:30
177.6,179.25,177.5,179.0,5884.0,1721726700.0,2024-07-23 14:55:00+05:30
178.9,179.2,178.75,179.2,1136.0,1721727000.0,2024-07-23 15:00:00+05:30
179.25,179.25,178.75,178.75,1580.0,1721727300.0,2024-07-23 15:05:00+05:30
178.75,179.2,178.75,179.0,7644.0,1721727600.0,2024-07-23 15:10:00+05:30
179.0,181.4,179.0,180.7,24160.0,1721727900.0,2024-07-23 15:15:00+05:30
180.4,180.6,178.9,179.65,8872.0,1721728200.0,2024-07-23 15:20:00+05:30
179.5,180.7,178.8,180.5,7876.0,1721728500.0,2024-07-23 15:25:00+05:30
180.5,180.5,180.5,180.5,0.0,1721728800.0,2024-07-23 15:30:00+05:30
179.75,180.0,178.5,179.65,1924.0,1721792700.0,2024-07-24 09:15:00+05:30
179.75,179.95,179.45,179.45,3456.0,1721793000.0,2024-07-24 09:20:00+05:30
179.75,179.75,179.3,179.7,1376.0,1721793300.0,2024-07-24 09:25:00+05:30
179.7,179.95,179.7,179.95,680.0,1721793600.0,2024-07-24 09:30:00+05:30
179.5,179.95,179.5,179.5,2224.0,1721793900.0,2024-07-24 09:35:00+05:30
179.25,179.95,179.25,179.65,1636.0,1721794200.0,2024-07-24 09:40:00+05:30
179.65,179.8,179.5,179.5,192.0,1721794500.0,2024-07-24 09:45:00+05:30
179.6,179.75,179.45,179.55,944.0,1721794800.0,2024-07-24 09:50:00+05:30
179.8,181.1,179.55,181.1,7332.0,1721795100.0,2024-07-24 09:55:00+05:30
180.9,181.2,180.55,180.55,4460.0,1721795400.0,2024-07-24 10:00:00+05:30
180.55,180.85,180.55,180.55,124.0,1721795700.0,2024-07-24 10:05:00+05:30
180.8,180.9,180.8,180.9,640.0,1721796000.0,2024-07-24 10:10:00+05:30
180.7,182.0,180.7,181.8,5332.0,1721796300.0,2024-07-24 10:15:00+05:30
181.65,182.0,181.25,181.4,3768.0,1721796600.0,2024-07-24 10:20:00+05:30
181.4,181.4,181.0,181.15,2304.0,1721796900.0,2024-07-24 10:25:00+05:30
181.4,181.85,181.4,181.65,3116.0,1721797200.0,2024-07-24 10:30:00+05:30
181.8,183.25,181.8,182.45,17432.0,1721797500.0,2024-07-24 10:35:00+05:30
182.4,182.5,182.3,182.45,1172.0,1721797800.0,2024-07-24 10:40:00+05:30
182.45,183.0,182.1,182.5,7640.0,1721798100.0,2024-07-24 10:45:00+05:30
182.75,183.05,182.6,183.0,2844.0,1721798400.0,2024-07-24 10:50:00+05:30
183.0,183.35,182.25,183.1,6932.0,1721798700.0,2024-07-24 10:55:00+05:30
182.9,184.15,182.6,183.85,6252.0,1721799000.0,2024-07-24 11:00:00+05:30
183.8,184.25,181.55,181.55,21044.0,1721799300.0,2024-07-24 11:05:00+05:30
181.9,182.25,181.5,181.5,13816.0,1721799600.0,2024-07-24 11:10:00+05:30
181.6,181.6,181.25,181.4,308.0,1721799900.0,2024-07-24 11:15:00+05:30
181.25,181.45,181.25,181.4,1232.0,1721800200.0,2024-07-24 11:20:00+05:30
181.45,181.65,181.35,181.6,2248.0,1721800500.0,2024-07-24 11:25:00+05:30
181.25,181.6,181.0,181.6,4608.0,1721800800.0,2024-07-24 11:30:00+05:30
181.6,181.8,181.6,181.7,84.0,1721801100.0,2024-07-24 11:35:00+05:30
181.7,181.7,181.25,181.25,1184.0,1721801400.0,2024-07-24 11:40:00+05:30
181.25,181.55,181.25,181.25,2544.0,1721801700.0,2024-07-24 11:45:00+05:30
181.25,181.25,181.1,181.1,1208.0,1721802000.0,2024-07-24 11:50:00+05:30
181.1,181.1,181.1,181.1,0.0,1721802300.0,2024-07-24 11:55:00+05:30
181.1,181.9,180.75,181.9,34224.0,1721802600.0,2024-07-24 12:00:00+05:30
181.85,182.35,181.85,182.35,224.0,1721802900.0,2024-07-24 12:05:00+05:30
182.45,182.5,181.55,181.55,1184.0,1721803200.0,2024-07-24 12:10:00+05:30
181.55,182.0,181.25,181.4,2712.0,1721803500.0,2024-07-24 12:15:00+05:30
181.4,181.4,181.0,181.3,516.0,1721803800.0,2024-07-24 12:20:00+05:30
181.3,181.55,181.3,181.55,64.0,1721804100.0,2024-07-24 12:25:00+05:30
181.55,181.6,181.55,181.6,76.0,1721804400.0,2024-07-24 12:30:00+05:30
181.5,181.5,181.3,181.3,276.0,1721804700.0,2024-07-24 12:35:00+05:30
181.3,181.55,181.1,181.25,2712.0,1721805000.0,2024-07-24 12:40:00+05:30
181.25,181.25,181.25,181.25,40.0,1721805300.0,2024-07-24 12:45:00+05:30
181.5,181.65,181.5,181.65,340.0,1721805600.0,2024-07-24 12:50:00+05:30
181.65,181.95,181.65,181.95,420.0,1721805900.0,2024-07-24 12:55:00+05:30
181.95,181.95,181.95,181.95,0.0,1721806200.0,2024-07-24 13:00:00+05:30
181.95,181.95,181.7,181.75,60.0,1721806500.0,2024-07-24 13:05:00+05:30
181.75,181.75,181.5,181.5,492.0,1721806800.0,2024-07-24 13:10:00+05:30
181.5,181.5,181.5,181.5,60.0,1721807100.0,2024-07-24 13:15:00+05:30
181.5,181.7,181.3,181.4,2052.0,1721807400.0,2024-07-24 13:20:00+05:30
181.4,181.7,181.35,181.6,2196.0,1721807700.0,2024-07-24 13:25:00+05:30
181.6,181.6,181.25,181.4,2540.0,1721808000.0,2024-07-24 13:30:00+05:30
181.4,182.0,181.4,181.85,2556.0,1721808300.0,2024-07-24 13:35:00+05:30
181.85,182.0,181.55,181.55,424.0,1721808600.0,2024-07-24 13:40:00+05:30
181.5,181.5,181.4,181.4,48.0,1721808900.0,2024-07-24 13:45:00+05:30
181.4,181.75,181.4,181.75,280.0,1721809200.0,2024-07-24 13:50:00+05:30
181.75,181.75,181.75,181.75,216.0,1721809500.0,2024-07-24 13:55:00+05:30
181.75,181.75,181.45,181.45,168.0,1721809800.0,2024-07-24 14:00:00+05:30
181.45,181.75,181.45,181.75,340.0,1721810100.0,2024-07-24 14:05:00+05:30
181.75,181.75,181.3,181.3,20752.0,1721810400.0,2024-07-24 14:10:00+05:30
181.4,181.95,181.4,181.65,1600.0,1721810700.0,2024-07-24 14:15:00+05:30
181.7,181.8,181.7,181.8,40.0,1721811000.0,2024-07-24 14:20:00+05:30
181.8,182.0,181.8,182.0,464.0,1721811300.0,2024-07-24 14:25:00+05:30
182.0,182.0,181.8,181.8,640.0,1721811600.0,2024-07-24 14:30:00+05:30
181.8,181.9,181.65,181.65,612.0,1721811900.0,2024-07-24 14:35:00+05:30
181.65,181.85,181.6,181.6,404.0,1721812200.0,2024-07-24 14:40:00+05:30
181.75,181.75,181.4,181.5,468.0,1721812500.0,2024-07-24 14:45:00+05:30
181.75,181.75,181.45,181.55,1356.0,1721812800.0,2024-07-24 14:50:00+05:30
181.3,181.4,180.2,180.25,4420.0,1721813100.0,2024-07-24 14:55:00+05:30
180.25,180.6,180.1,180.6,1864.0,1721813400.0,2024-07-24 15:00:00+05:30
180.6,180.6,180.5,180.5,1200.0,1721813700.0,2024-07-24 15:05:00+05:30
180.5,181.4,180.0,181.25,4844.0,1721814000.0,2024-07-24 15:10:00+05:30
181.25,181.45,181.15,181.15,11104.0,1721814300.0,2024-07-24 15:15:00+05:30
181.35,183.0,181.25,183.0,17904.0,1721814600.0,2024-07-24 15:20:00+05:30
182.85,183.45,181.55,183.0,8152.0,1721814900.0,2024-07-24 15:25:00+05:30
181.25,181.9,179.0,181.85,3960.0,1721879100.0,2024-07-25 09:15:00+05:30
181.95,182.25,181.4,181.75,3732.0,1721879400.0,2024-07-25 09:20:00+05:30
182.15,182.25,181.65,182.05,3900.0,1721879700.0,2024-07-25 09:25:00+05:30
182.25,182.25,181.65,182.0,1244.0,1721880000.0,2024-07-25 09:30:00+05:30
182.0,182.0,181.4,181.45,328.0,1721880300.0,2024-07-25 09:35:00+05:30
181.75,181.75,181.45,181.45,276.0,1721880600.0,2024-07-25 09:40:00+05:30
181.7,181.7,181.0,181.55,2216.0,1721880900.0,2024-07-25 09:45:00+05:30
181.25,181.4,181.0,181.2,1036.0,1721881200.0,2024-07-25 09:50:00+05:30
181.2,181.45,181.2,181.45,156.0,1721881500.0,2024-07-25 09:55:00+05:30
181.45,181.5,181.45,181.5,40.0,1721881800.0,2024-07-25 10:00:00+05:30
181.5,181.75,181.3,181.3,2516.0,1721882100.0,2024-07-25 10:05:00+05:30
181.6,182.05,181.2,182.05,8604.0,1721882400.0,2024-07-25 10:10:00+05:30
181.8,181.8,181.25,181.25,376.0,1721882700.0,2024-07-25 10:15:00+05:30
181.4,181.75,181.4,181.65,500.0,1721883000.0,2024-07-25 10:20:00+05:30
181.65,181.65,180.85,180.9,1980.0,1721883300.0,2024-07-25 10:25:00+05:30
180.9,181.0,180.75,181.0,592.0,1721883600.0,2024-07-25 10:30:00+05:30
181.1,181.1,181.0,181.0,784.0,1721883900.0,2024-07-25 10:35:00+05:30
181.0,181.25,181.0,181.05,464.0,1721884200.0,2024-07-25 10:40:00+05:30
181.05,181.35,181.05,181.3,352.0,1721884500.0,2024-07-25 10:45:00+05:30
181.3,181.5,181.3,181.3,44.0,1721884800.0,2024-07-25 10:50:00+05:30
181.3,181.3,181.25,181.25,956.0,1721885100.0,2024-07-25 10:55:00+05:30
181.25,181.55,181.25,181.55,268.0,1721885400.0,2024-07-25 11:00:00+05:30
181.3,181.6,181.25,181.3,412.0,1721885700.0,2024-07-25 11:05:00+05:30
181.5,181.5,181.5,181.5,100.0,1721886000.0,2024-07-25 11:10:00+05:30
181.5,181.7,181.25,181.25,980.0,1721886300.0,2024-07-25 11:15:00+05:30
181.1,181.3,180.95,181.3,156.0,1721886600.0,2024-07-25 11:20:00+05:30
181.3,181.3,181.3,181.3,0.0,1721886900.0,2024-07-25 11:25:00+05:30
181.3,181.3,181.3,181.3,0.0,1721887200.0,2024-07-25 11:30:00+05:30
181.3,181.3,181.05,181.2,9092.0,1721887500.0,2024-07-25 11:35:00+05:30
181.35,182.25,181.35,181.65,5892.0,1721887800.0,2024-07-25 11:40:00+05:30
181.65,181.9,181.65,181.75,412.0,1721888100.0,2024-07-25 11:45:00+05:30
181.75,181.9,181.75,181.9,40.0,1721888400.0,2024-07-25 11:50:00+05:30
181.9,181.9,181.6,181.7,748.0,1721888700.0,2024-07-25 11:55:00+05:30
181.45,181.6,180.95,181.25,2880.0,1721889000.0,2024-07-25 12:00:00+05:30
181.25,181.25,181.25,181.25,0.0,1721889300.0,2024-07-25 12:05:00+05:30
181.25,181.65,181.25,181.35,1028.0,1721889600.0,2024-07-25 12:10:00+05:30
181.35,181.35,181.35,181.35,36.0,1721889900.0,2024-07-25 12:15:00+05:30
181.35,181.35,180.8,180.8,3260.0,1721890200.0,2024-07-25 12:20:00+05:30
180.8,181.05,180.8,180.85,532.0,1721890500.0,2024-07-25 12:25:00+05:30
181.05,181.05,180.5,180.5,1860.0,1721890800.0,2024-07-25 12:30:00+05:30
180.45,180.8,180.45,180.8,340.0,1721891100.0,2024-07-25 12:35:00+05:30
180.8,180.8,180.5,180.5,1164.0,1721891400.0,2024-07-25 12:40:00+05:30
180.5,180.5,180.2,180.2,612.0,1721891700.0,2024-07-25 12:45:00+05:30
180.2,180.2,180.15,180.15,80.0,1721892000.0,2024-07-25 12:50:00+05:30
180.4,180.5,180.2,180.5,944.0,1721892300.0,2024-07-25 12:55:00+05:30
180.5,180.5,180.5,180.5,144.0,1721892600.0,2024-07-25 13:00:00+05:30
180.3,180.3,180.3,180.3,236.0,1721892900.0,2024-07-25 13:05:00+05:30
180.3,180.45,180.2,180.2,700.0,1721893200.0,2024-07-25 13:10:00+05:30
180.2,180.35,180.05,180.2,104.0,1721893500.0,2024-07-25 13:15:00+05:30
180.35,180.35,180.2,180.2,92.0,1721893800.0,2024-07-25 13:20:00+05:30
180.35,180.35,180.2,180.2,284.0,1721894100.0,2024-07-25 13:25:00+05:30
180.35,180.4,180.05,180.05,1356.0,1721894400.0,2024-07-25 13:30:00+05:30
180.25,180.3,180.1,180.3,136.0,1721894700.0,2024-07-25 13:35:00+05:30
180.3,180.3,179.3,179.35,11660.0,1721895000.0,2024-07-25 13:40:00+05:30
179.65,179.8,179.4,179.45,1536.0,1721895300.0,2024-07-25 13:45:00+05:30
179.45,179.85,179.45,179.85,392.0,1721895600.0,2024-07-25 13:50:00+05:30
179.9,180.45,179.9,180.25,2880.0,1721895900.0,2024-07-25 13:55:00+05:30
180.25,181.0,180.25,180.6,4660.0,1721896200.0,2024-07-25 14:00:00+05:30
180.5,180.6,180.3,180.3,236.0,1721896500.0,2024-07-25 14:05:00+05:30
180.3,180.45,180.25,180.45,120.0,1721896800.0,2024-07-25 14:10:00+05:30
180.55,180.55,180.3,180.3,276.0,1721897100.0,2024-07-25 14:15:00+05:30
180.35,180.35,180.35,180.35,4.0,1721897400.0,2024-07-25 14:20:00+05:30
180.55,180.55,180.0,180.0,2048.0,1721897700.0,2024-07-25 14:25:00+05:30
179.85,180.5,179.5,180.3,1856.0,1721898000.0,2024-07-25 14:30:00+05:30
180.3,181.5,180.3,181.5,5356.0,1721898300.0,2024-07-25 14:35:00+05:30
181.7,181.7,181.45,181.5,2752.0,1721898600.0,2024-07-25 14:40:00+05:30
181.5,181.6,181.3,181.4,640.0,1721898900.0,2024-07-25 14:45:00+05:30
181.4,181.55,181.4,181.55,6364.0,1721899200.0,2024-07-25 14:50:00+05:30
181.7,181.7,181.5,181.5,76.0,1721899500.0,2024-07-25 14:55:00+05:30
181.6,182.85,181.55,182.5,11476.0,1721899800.0,2024-07-25 15:00:00+05:30
182.45,182.45,181.7,181.7,652.0,1721900100.0,2024-07-25 15:05:00+05:30
181.7,182.25,181.7,181.75,1396.0,1721900400.0,2024-07-25 15:10:00+05:30
181.5,182.15,181.45,181.65,2440.0,1721900700.0,2024-07-25 15:15:00+05:30
181.4,181.4,181.05,181.1,3344.0,1721901000.0,2024-07-25 15:20:00+05:30
181.1,181.1,180.5,180.5,2736.0,1721901300.0,2024-07-25 15:25:00+05:30
181.85,181.95,181.15,181.45,824.0,1721965500.0,2024-07-26 09:15:00+05:30
181.45,181.65,180.95,181.55,1484.0,1721965800.0,2024-07-26 09:20:00+05:30
181.55,181.8,181.25,181.5,4484.0,1721966100.0,2024-07-26 09:25:00+05:30
181.7,181.75,181.4,181.5,1596.0,1721966400.0,2024-07-26 09:30:00+05:30
181.75,182.5,181.75,181.8,2204.0,1721966700.0,2024-07-26 09:35:00+05:30
182.0,182.0,181.5,181.5,1724.0,1721967000.0,2024-07-26 09:40:00+05:30
181.85,181.85,181.0,181.0,1556.0,1721967300.0,2024-07-26 09:45:00+05:30
181.0,181.0,180.75,180.75,484.0,1721967600.0,2024-07-26 09:50:00+05:30
180.9,181.25,180.8,181.15,912.0,1721967900.0,2024-07-26 09:55:00+05:30
180.9,181.5,180.85,181.5,1660.0,1721968200.0,2024-07-26 10:00:00+05:30
181.3,181.7,181.3,181.5,2024.0,1721968500.0,2024-07-26 10:05:00+05:30
181.5,181.6,181.5,181.6,388.0,1721968800.0,2024-07-26 10:10:00+05:30
181.6,181.6,181.4,181.4,256.0,1721969100.0,2024-07-26 10:15:00+05:30
181.5,181.7,180.95,180.95,3648.0,1721969400.0,2024-07-26 10:20:00+05:30
181.0,181.05,180.2,180.8,5536.0,1721969700.0,2024-07-26 10:25:00+05:30
180.65,181.6,180.0,180.95,15248.0,1721970000.0,2024-07-26 10:30:00+05:30
181.25,181.65,181.25,181.4,696.0,1721970300.0,2024-07-26 10:35:00+05:30
181.4,181.7,181.4,181.7,960.0,1721970600.0,2024-07-26 10:40:00+05:30
181.5,181.7,181.5,181.7,116.0,1721970900.0,2024-07-26 10:45:00+05:30
181.7,181.7,181.1,181.5,5540.0,1721971200.0,2024-07-26 10:50:00+05:30
181.5,181.5,181.5,181.5,416.0,1721971500.0,2024-07-26 10:55:00+05:30
181.5,181.7,181.4,181.5,4948.0,1721971800.0,2024-07-26 11:00:00+05:30
181.5,181.5,181.15,181.4,3136.0,1721972100.0,2024-07-26 11:05:00+05:30
181.25,181.25,180.7,180.7,1224.0,1721972400.0,2024-07-26 11:10:00+05:30
180.5,180.5,179.4,179.7,8388.0,1721972700.0,2024-07-26 11:15:00+05:30
179.9,180.25,179.7,180.15,2728.0,1721973000.0,2024-07-26 11:20:00+05:30
180.15,180.25,179.8,180.05,14276.0,1721973300.0,2024-07-26 11:25:00+05:30
180.05,180.5,179.8,180.0,10888.0,1721973600.0,2024-07-26 11:30:00+05:30
180.0,180.2,179.9,179.9,1000.0,1721973900.0,2024-07-26 11:35:00+05:30
179.9,181.25,179.9,181.25,20772.0,1721974200.0,2024-07-26 11:40:00+05:30
181.25,181.75,181.25,181.75,2248.0,1721974500.0,2024-07-26 11:45:00+05:30
181.55,181.7,181.4,181.5,520.0,1721974800.0,2024-07-26 11:50:00+05:30
181.5,181.5,181.5,181.5,472.0,1721975100.0,2024-07-26 11:55:00+05:30
181.5,181.65,181.3,181.55,1624.0,1721975400.0,2024-07-26 12:00:00+05:30
181.8,181.9,181.55,181.65,332.0,1721975700.0,2024-07-26 12:05:00+05:30
181.65,181.9,181.5,181.5,24.0,1721976000.0,2024-07-26 12:10:00+05:30
181.5,181.6,181.5,181.6,296.0,1721976300.0,2024-07-26 12:15:00+05:30
181.6,181.7,181.6,181.6,5328.0,1721976600.0,2024-07-26 12:20:00+05:30
181.8,182.0,181.8,181.85,676.0,1721976900.0,2024-07-26 12:25:00+05:30
181.85,181.95,181.85,181.9,12.0,1721977200.0,2024-07-26 12:30:00+05:30
181.85,181.95,181.7,181.75,156.0,1721977500.0,2024-07-26 12:35:00+05:30
181.75,182.0,181.75,182.0,336.0,1721977800.0,2024-07-26 12:40:00+05:30
182.0,182.0,181.65,181.65,1152.0,1721978100.0,2024-07-26 12:45:00+05:30
181.65,181.65,181.3,181.3,92.0,1721978400.0,2024-07-26 12:50:00+05:30
181.3,181.3,181.25,181.25,980.0,1721978700.0,2024-07-26 12:55:00+05:30
181.5,181.55,181.5,181.55,428.0,1721979000.0,2024-07-26 13:00:00+05:30
181.55,181.55,181.3,181.3,172.0,1721979300.0,2024-07-26 13:05:00+05:30
181.3,181.55,181.3,181.55,288.0,1721979600.0,2024-07-26 13:10:00+05:30
181.55,181.55,181.55,181.55,24.0,1721979900.0,2024-07-26 13:15:00+05:30
181.55,181.55,181.25,181.5,1124.0,1721980200.0,2024-07-26 13:20:00+05:30
181.55,181.55,181.3,181.3,1324.0,1721980500.0,2024-07-26 13:25:00+05:30
181.3,181.5,181.3,181.3,24.0,1721980800.0,2024-07-26 13:30:00+05:30
181.3,181.55,181.3,181.35,316.0,1721981100.0,2024-07-26 13:35:00+05:30
181.55,181.55,181.25,181.25,268.0,1721981400.0,2024-07-26 13:40:00+05:30
181.2,181.2,180.75,180.75,1084.0,1721981700.0,2024-07-26 13:45:00+05:30
180.75,180.95,180.1,180.45,1520.0,1721982000.0,2024-07-26 13:50:00+05:30
180.45,180.95,180.45,180.7,840.0,1721982300.0,2024-07-26 13:55:00+05:30
180.7,180.7,180.0,180.35,5320.0,1721982600.0,2024-07-26 14:00:00+05:30
180.35,180.45,180.25,180.3,904.0,1721982900.0,2024-07-26 14:05:00+05:30
180.45,180.55,180.4,180.55,532.0,1721983200.0,2024-07-26 14:10:00+05:30
180.55,180.55,180.0,180.05,5100.0,1721983500.0,2024-07-26 14:15:00+05:30
180.05,180.4,180.05,180.15,1036.0,1721983800.0,2024-07-26 14:20:00+05:30
180.4,180.55,180.25,180.4,752.0,1721984100.0,2024-07-26 14:25:00+05:30
180.55,180.65,180.4,180.65,912.0,1721984400.0,2024-07-26 14:30:00+05:30
180.6,180.6,180.15,180.15,4872.0,1721984700.0,2024-07-26 14:35:00+05:30
180.15,180.3,180.05,180.25,6568.0,1721985000.0,2024-07-26 14:40:00+05:30
180.25,180.5,180.2,180.45,296.0,1721985300.0,2024-07-26 14:45:00+05:30
180.5,180.65,180.4,180.5,96.0,1721985600.0,2024-07-26 14:50:00+05:30
180.5,180.5,180.35,180.35,104.0,1721985900.0,2024-07-26 14:55:00+05:30
180.3,180.5,180.3,180.5,80.0,1721986200.0,2024-07-26 15:00:00+05:30
180.25,181.15,180.25,181.15,11696.0,1721986500.0,2024-07-26 15:05:00+05:30
181.15,181.15,180.25,180.75,1216.0,1721986800.0,2024-07-26 15:10:00+05:30
180.25,180.3,180.05,180.1,1868.0,1721987100.0,2024-07-26 15:15:00+05:30
180.1,180.7,179.9,180.05,9544.0,1721987400.0,2024-07-26 15:20:00+05:30
180.25,180.5,179.9,179.9,6592.0,1721987700.0,2024-07-26 15:25:00+05:30
181.25,181.25,179.9,180.25,3872.0,1722224700.0,2024-07-29 09:15:00+05:30
180.1,181.0,180.0,180.7,4612.0,1722225000.0,2024-07-29 09:20:00+05:30
180.7,181.0,180.5,181.0,2188.0,1722225300.0,2024-07-29 09:25:00+05:30
181.0,182.0,180.7,181.5,10192.0,1722225600.0,2024-07-29 09:30:00+05:30
181.5,181.75,181.5,181.7,1004.0,1722225900.0,2024-07-29 09:35:00+05:30
181.8,182.75,181.75,182.55,4480.0,1722226200.0,2024-07-29 09:40:00+05:30
182.65,182.65,182.15,182.45,1736.0,1722226500.0,2024-07-29 09:45:00+05:30
182.45,182.95,181.75,182.35,8428.0,1722226800.0,2024-07-29 09:50:00+05:30
182.35,182.35,182.35,182.35,48.0,1722227100.0,2024-07-29 09:55:00+05:30
182.2,182.4,181.95,182.4,8088.0,1722227400.0,2024-07-29 10:00:00+05:30
182.4,182.8,182.0,182.8,5256.0,1722227700.0,2024-07-29 10:05:00+05:30
182.8,182.95,182.25,182.25,8848.0,1722228000.0,2024-07-29 10:10:00+05:30
182.55,183.0,182.5,182.75,3384.0,1722228300.0,2024-07-29 10:15:00+05:30
182.75,183.2,182.7,183.0,2552.0,1722228600.0,2024-07-29 10:20:00+05:30
183.0,183.2,182.95,183.2,2788.0,1722228900.0,2024-07-29 10:25:00+05:30
183.25,183.45,183.15,183.2,3436.0,1722229200.0,2024-07-29 10:30:00+05:30
183.2,183.2,182.75,183.2,1820.0,1722229500.0,2024-07-29 10:35:00+05:30
183.2,183.25,183.2,183.25,404.0,1722229800.0,2024-07-29 10:40:00+05:30
183.25,183.9,183.1,183.5,5032.0,1722230100.0,2024-07-29 10:45:00+05:30
183.5,184.45,183.4,183.75,6540.0,1722230400.0,2024-07-29 10:50:00+05:30
183.85,184.0,183.05,184.0,3876.0,1722230700.0,2024-07-29 10:55:00+05:30
184.0,184.0,183.55,183.55,1328.0,1722231000.0,2024-07-29 11:00:00+05:30
183.55,183.75,183.15,183.3,5480.0,1722231300.0,2024-07-29 11:05:00+05:30
183.5,183.5,183.0,183.1,780.0,1722231600.0,2024-07-29 11:10:00+05:30
183.0,183.0,181.8,182.4,5668.0,1722231900.0,2024-07-29 11:15:00+05:30
182.55,183.25,182.5,183.25,3780.0,1722232200.0,2024-07-29 11:20:00+05:30
183.25,183.25,182.6,183.2,9700.0,1722232500.0,2024-07-29 11:25:00+05:30
183.2,183.75,183.2,183.5,1448.0,1722232800.0,2024-07-29 11:30:00+05:30
183.5,183.8,183.3,183.8,7712.0,1722233100.0,2024-07-29 11:35:00+05:30
183.65,184.0,183.45,184.0,4840.0,1722233400.0,2024-07-29 11:40:00+05:30
184.05,184.35,184.05,184.1,3144.0,1722233700.0,2024-07-29 11:45:00+05:30
184.1,184.25,184.0,184.05,220.0,1722234000.0,2024-07-29 11:50:00+05:30
183.9,184.05,183.75,184.05,1272.0,1722234300.0,2024-07-29 11:55:00+05:30
183.9,183.9,183.45,183.6,6140.0,1722234600.0,2024-07-29 12:00:00+05:30
183.8,183.8,183.5,183.6,1256.0,1722234900.0,2024-07-29 12:05:00+05:30
183.5,184.25,183.3,184.25,8908.0,1722235200.0,2024-07-29 12:10:00+05:30
184.3,184.4,184.2,184.3,4592.0,1722235500.0,2024-07-29 12:15:00+05:30
184.2,184.5,184.2,184.3,6416.0,1722235800.0,2024-07-29 12:20:00+05:30
184.3,185.0,184.1,185.0,10044.0,1722236100.0,2024-07-29 12:25:00+05:30
184.9,185.5,184.8,185.0,9672.0,1722236400.0,2024-07-29 12:30:00+05:30
185.25,185.35,185.1,185.35,1968.0,1722236700.0,2024-07-29 12:35:00+05:30
185.35,185.55,185.05,185.55,2020.0,1722237000.0,2024-07-29 12:40:00+05:30
185.6,185.95,185.0,185.6,13048.0,1722237300.0,2024-07-29 12:45:00+05:30
185.05,185.3,184.75,184.75,1452.0,1722237600.0,2024-07-29 12:50:00+05:30
184.75,185.05,184.5,184.8,688.0,1722237900.0,2024-07-29 12:55:00+05:30
184.8,184.8,184.5,184.8,1304.0,1722238200.0,2024-07-29 13:00:00+05:30
184.8,185.0,184.75,184.75,536.0,1722238500.0,2024-07-29 13:05:00+05:30
184.95,185.45,184.25,184.25,7404.0,1722238800.0,2024-07-29 13:10:00+05:30
184.25,184.25,183.2,183.5,11908.0,1722239100.0,2024-07-29 13:15:00+05:30
183.5,183.8,183.5,183.6,804.0,1722239400.0,2024-07-29 13:20:00+05:30
183.6,183.7,183.35,183.65,2072.0,1722239700.0,2024-07-29 13:25:00+05:30
183.75,183.8,183.45,183.6,9072.0,1722240000.0,2024-07-29 13:30:00+05:30
183.55,183.75,183.45,183.75,2544.0,1722240300.0,2024-07-29 13:35:00+05:30
183.75,184.05,183.75,183.8,140.0,1722240600.0,2024-07-29 13:40:00+05:30
183.8,184.05,183.5,183.75,1544.0,1722240900.0,2024-07-29 13:45:00+05:30
183.75,183.75,183.5,183.75,2928.0,1722241200.0,2024-07-29 13:50:00+05:30
183.55,184.0,183.55,183.75,568.0,1722241500.0,2024-07-29 13:55:00+05:30
183.75,183.8,183.65,183.75,744.0,1722241800.0,2024-07-29 14:00:00+05:30
183.75,184.2,183.6,183.75,2592.0,1722242100.0,2024-07-29 14:05:00+05:30
183.75,183.75,183.5,183.75,4736.0,1722242400.0,2024-07-29 14:10:00+05:30
183.75,183.85,183.4,183.7,8664.0,1722242700.0,2024-07-29 14:15:00+05:30
183.45,183.8,183.3,183.75,7108.0,1722243000.0,2024-07-29 14:20:00+05:30
183.75,183.85,183.3,183.75,6380.0,1722243300.0,2024-07-29 14:25:00+05:30
183.75,184.15,183.75,183.9,428.0,1722243600.0,2024-07-29 14:30:00+05:30
183.9,183.9,183.5,183.8,8080.0,1722243900.0,2024-07-29 14:35:00+05:30
183.8,183.8,183.75,183.8,788.0,1722244200.0,2024-07-29 14:40:00+05:30
183.8,184.0,183.8,183.9,388.0,1722244500.0,2024-07-29 14:45:00+05:30
183.95,186.25,183.95,184.25,24740.0,1722244800.0,2024-07-29 14:50:00+05:30
184.3,184.7,183.3,183.8,15736.0,1722245100.0,2024-07-29 14:55:00+05:30
184.05,184.4,183.65,183.75,10956.0,1722245400.0,2024-07-29 15:00:00+05:30
183.75,183.95,183.6,183.8,4228.0,1722245700.0,2024-07-29 15:05:00+05:30
183.8,184.05,183.75,183.8,2480.0,1722246000.0,2024-07-29 15:10:00+05:30
183.8,184.45,183.5,184.4,7172.0,1722246300.0,2024-07-29 15:15:00+05:30
184.35,184.35,183.5,183.85,10036.0,1722246600.0,2024-07-29 15:20:00+05:30
183.85,184.95,183.8,184.95,4740.0,1722246900.0,2024-07-29 15:25:00+05:30
184.95,186.1,184.6,185.45,7444.0,1722311100.0,2024-07-30 09:15:00+05:30
185.45,185.45,184.05,184.05,4420.0,1722311400.0,2024-07-30 09:20:00+05:30
184.05,184.05,183.25,183.3,5032.0,1722311700.0,2024-07-30 09:25:00+05:30
183.6,184.0,183.05,183.1,4752.0,1722312000.0,2024-07-30 09:30:00+05:30
183.4,183.5,182.55,182.7,3772.0,1722312300.0,2024-07-30 09:35:00+05:30
182.75,183.25,182.6,182.65,2236.0,1722312600.0,2024-07-30 09:40:00+05:30
182.5,182.5,181.0,181.0,15440.0,1722312900.0,2024-07-30 09:45:00+05:30
181.2,181.5,181.0,181.05,6144.0,1722313200.0,2024-07-30 09:50:00+05:30
181.05,181.6,180.5,181.3,24888.0,1722313500.0,2024-07-30 09:55:00+05:30
181.25,181.95,181.25,181.45,6376.0,1722313800.0,2024-07-30 10:00:00+05:30
181.45,181.8,181.45,181.7,92.0,1722314100.0,2024-07-30 10:05:00+05:30
181.75,181.75,181.25,181.3,2272.0,1722314400.0,2024-07-30 10:10:00+05:30
181.3,181.4,180.7,181.25,12296.0,1722314700.0,2024-07-30 10:15:00+05:30
181.25,182.0,181.1,182.0,8516.0,1722315000.0,2024-07-30 10:20:00+05:30
182.0,182.75,181.75,182.25,14460.0,1722315300.0,2024-07-30 10:25:00+05:30
182.25,182.95,181.35,181.35,13092.0,1722315600.0,2024-07-30 10:30:00+05:30
181.35,182.0,181.3,181.65,12776.0,1722315900.0,2024-07-30 10:35:00+05:30
181.65,181.9,181.25,181.55,5144.0,1722316200.0,2024-07-30 10:40:00+05:30
182.0,182.25,181.5,181.65,6912.0,1722316500.0,2024-07-30 10:45:00+05:30
182.1,182.45,181.75,181.9,4140.0,1722316800.0,2024-07-30 10:50:00+05:30
181.85,182.75,181.85,182.55,1932.0,1722317100.0,2024-07-30 10:55:00+05:30
182.75,182.75,182.05,182.05,1860.0,1722317400.0,2024-07-30 11:00:00+05:30
182.05,182.25,181.85,181.85,336.0,1722317700.0,2024-07-30 11:05:00+05:30
181.85,182.05,181.85,181.9,40.0,1722318000.0,2024-07-30 11:10:00+05:30
181.9,182.2,181.4,181.45,2492.0,1722318300.0,2024-07-30 11:15:00+05:30
181.45,181.85,181.3,181.3,3156.0,1722318600.0,2024-07-30 11:20:00+05:30
181.4,182.1,181.4,181.9,780.0,1722318900.0,2024-07-30 11:25:00+05:30
181.9,181.9,181.7,181.75,316.0,1722319200.0,2024-07-30 11:30:00+05:30
182.1,182.75,181.4,182.15,12336.0,1722319500.0,2024-07-30 11:35:00+05:30
182.4,182.5,182.15,182.3,2532.0,1722319800.0,2024-07-30 11:40:00+05:30
182.3,182.75,182.3,182.5,28.0,1722320100.0,2024-07-30 11:45:00+05:30
182.65,182.65,182.0,182.0,3616.0,1722320400.0,2024-07-30 11:50:00+05:30
182.35,182.35,181.75,181.75,1148.0,1722320700.0,2024-07-30 11:55:00+05:30
182.0,182.05,181.75,181.8,440.0,1722321000.0,2024-07-30 12:00:00+05:30
181.8,182.6,181.65,182.2,204696.0,1722321300.0,2024-07-30 12:05:00+05:30
182.2,182.2,181.85,181.9,1244.0,1722321600.0,2024-07-30 12:10:00+05:30
182.25,182.3,181.95,182.1,1236.0,1722321900.0,2024-07-30 12:15:00+05:30
182.1,182.2,182.0,182.1,920.0,1722322200.0,2024-07-30 12:20:00+05:30
182.0,182.4,181.9,182.05,576.0,1722322500.0,2024-07-30 12:25:00+05:30
182.35,182.35,181.8,182.0,2792.0,1722322800.0,2024-07-30 12:30:00+05:30
181.9,182.6,181.9,182.0,768.0,1722323100.0,2024-07-30 12:35:00+05:30
182.0,182.4,182.0,182.2,452.0,1722323400.0,2024-07-30 12:40:00+05:30
182.55,182.55,182.15,182.25,792.0,1722323700.0,2024-07-30 12:45:00+05:30
182.25,182.6,182.25,182.35,196.0,1722324000.0,2024-07-30 12:50:00+05:30
182.85,182.85,182.5,182.5,2036.0,1722324300.0,2024-07-30 12:55:00+05:30
182.5,182.8,182.45,182.55,2220.0,1722324600.0,2024-07-30 13:00:00+05:30
182.25,182.75,182.1,182.1,153824.0,1722324900.0,2024-07-30 13:05:00+05:30
182.1,182.25,182.05,182.25,2236.0,1722325200.0,2024-07-30 13:10:00+05:30
182.25,182.25,182.1,182.1,4.0,1722325500.0,2024-07-30 13:15:00+05:30
182.1,182.1,182.0,182.0,136.0,1722325800.0,2024-07-30 13:20:00+05:30
182.0,182.5,181.5,181.5,7480.0,1722326100.0,2024-07-30 13:25:00+05:30
181.5,181.9,181.5,181.6,740.0,1722326400.0,2024-07-30 13:30:00+05:30
181.6,181.6,181.55,181.55,12.0,1722326700.0,2024-07-30 13:35:00+05:30
181.55,181.55,181.55,181.55,924.0,1722327000.0,2024-07-30 13:40:00+05:30
181.7,182.0,181.25,181.5,14428.0,1722327300.0,2024-07-30 13:45:00+05:30
181.5,181.95,181.5,181.7,392.0,1722327600.0,2024-07-30 13:50:00+05:30
181.7,182.0,181.7,181.7,68.0,1722327900.0,2024-07-30 13:55:00+05:30
181.95,181.95,181.7,181.7,68.0,1722328200.0,2024-07-30 14:00:00+05:30
181.75,181.75,181.4,181.4,1256.0,1722328500.0,2024-07-30 14:05:00+05:30
181.8,181.9,181.4,181.4,5224.0,1722328800.0,2024-07-30 14:10:00+05:30
181.4,181.4,181.4,181.4,436.0,1722329100.0,2024-07-30 14:15:00+05:30
181.4,181.6,181.4,181.4,1840.0,1722329400.0,2024-07-30 14:20:00+05:30
181.6,182.0,181.4,181.6,3504.0,1722329700.0,2024-07-30 14:25:00+05:30
181.6,182.05,181.4,181.9,8976.0,1722330000.0,2024-07-30 14:30:00+05:30
182.0,182.5,181.9,182.0,5360.0,1722330300.0,2024-07-30 14:35:00+05:30
182.05,182.4,181.9,182.05,4496.0,1722330600.0,2024-07-30 14:40:00+05:30
182.05,182.35,182.05,182.1,64.0,1722330900.0,2024-07-30 14:45:00+05:30
182.35,182.35,182.0,182.0,1144.0,1722331200.0,2024-07-30 14:50:00+05:30
182.0,182.1,181.45,181.45,6172.0,1722331500.0,2024-07-30 14:55:00+05:30
181.45,181.55,180.75,180.9,14736.0,1722331800.0,2024-07-30 15:00:00+05:30
181.1,181.25,180.75,180.75,18624.0,1722332100.0,2024-07-30 15:05:00+05:30
180.65,181.15,180.5,180.9,5420.0,1722332400.0,2024-07-30 15:10:00+05:30
180.9,181.1,180.6,180.7,5972.0,1722332700.0,2024-07-30 15:15:00+05:30
180.7,181.2,180.7,180.8,5788.0,1722333000.0,2024-07-30 15:20:00+05:30
180.8,181.05,180.5,181.05,14576.0,1722333300.0,2024-07-30 15:25:00+05:30
181.05,181.05,181.05,181.05,0.0,1722333600.0,2024-07-30 15:30:00+05:30
181.5,182.25,179.5,179.6,26716.0,1722397500.0,2024-07-31 09:15:00+05:30
179.6,179.8,178.8,179.5,23716.0,1722397800.0,2024-07-31 09:20:00+05:30
179.7,179.95,179.5,179.7,448.0,1722398100.0,2024-07-31 09:25:00+05:30
179.95,179.95,178.15,178.35,53148.0,1722398400.0,2024-07-31 09:30:00+05:30
178.15,178.65,178.15,178.15,7324.0,1722398700.0,2024-07-31 09:35:00+05:30
178.15,178.45,177.75,178.05,15736.0,1722399000.0,2024-07-31 09:40:00+05:30
178.0,178.3,177.95,178.05,796.0,1722399300.0,2024-07-31 09:45:00+05:30
178.3,179.7,178.05,178.8,31880.0,1722399600.0,2024-07-31 09:50:00+05:30
178.95,179.0,178.5,178.6,2356.0,1722399900.0,2024-07-31 09:55:00+05:30
178.6,178.8,178.3,178.4,3440.0,1722400200.0,2024-07-31 10:00:00+05:30
178.7,178.75,178.05,178.05,4596.0,1722400500.0,2024-07-31 10:05:00+05:30
178.25,178.4,178.0,178.05,1628.0,1722400800.0,2024-07-31 10:10:00+05:30
178.05,178.55,178.0,178.1,5112.0,1722401100.0,2024-07-31 10:15:00+05:30
178.1,178.3,178.1,178.15,908.0,1722401400.0,2024-07-31 10:20:00+05:30
178.3,178.35,177.75,177.75,8760.0,1722401700.0,2024-07-31 10:25:00+05:30
177.55,177.75,177.05,177.75,15724.0,1722402000.0,2024-07-31 10:30:00+05:30
177.95,178.2,177.75,178.0,1972.0,1722402300.0,2024-07-31 10:35:00+05:30
178.0,178.45,177.75,178.35,5684.0,1722402600.0,2024-07-31 10:40:00+05:30
178.05,178.25,177.95,178.0,1000.0,1722402900.0,2024-07-31 10:45:00+05:30
178.0,178.25,178.0,178.1,1204.0,1722403200.0,2024-07-31 10:50:00+05:30
178.1,178.25,178.0,178.0,6452.0,1722403500.0,2024-07-31 10:55:00+05:30
178.0,178.0,177.55,177.9,6168.0,1722403800.0,2024-07-31 11:00:00+05:30
177.9,177.9,177.65,177.9,296.0,1722404100.0,2024-07-31 11:05:00+05:30
177.65,177.75,177.0,177.5,12652.0,1722404400.0,2024-07-31 11:10:00+05:30
177.5,177.7,177.5,177.7,3424.0,1722404700.0,2024-07-31 11:15:00+05:30
177.6,177.95,177.6,177.9,4504.0,1722405000.0,2024-07-31 11:20:00+05:30
177.95,178.0,177.8,178.0,1372.0,1722405300.0,2024-07-31 11:25:00+05:30
178.0,178.0,177.75,177.75,4564.0,1722405600.0,2024-07-31 11:30:00+05:30
177.75,178.0,177.75,177.9,596.0,1722405900.0,2024-07-31 11:35:00+05:30
177.75,177.9,177.55,177.85,4460.0,1722406200.0,2024-07-31 11:40:00+05:30
177.85,177.85,177.6,177.8,680.0,1722406500.0,2024-07-31 11:45:00+05:30
177.75,177.75,177.4,177.4,3172.0,1722406800.0,2024-07-31 11:50:00+05:30
177.5,177.5,177.3,177.45,812.0,1722407100.0,2024-07-31 11:55:00+05:30
177.3,177.5,177.25,177.5,844.0,1722407400.0,2024-07-31 12:00:00+05:30
177.5,177.9,177.45,177.8,39356.0,1722407700.0,2024-07-31 12:05:00+05:30
177.8,178.2,177.75,178.2,3736.0,1722408000.0,2024-07-31 12:10:00+05:30
178.25,178.5,178.25,178.5,3128.0,1722408300.0,2024-07-31 12:15:00+05:30
178.5,179.2,178.25,178.75,8596.0,1722408600.0,2024-07-31 12:20:00+05:30
178.75,179.0,178.5,179.0,3892.0,1722408900.0,2024-07-31 12:25:00+05:30
178.9,179.45,178.8,179.25,4028.0,1722409200.0,2024-07-31 12:30:00+05:30
179.4,179.4,179.0,179.0,2280.0,1722409500.0,2024-07-31 12:35:00+05:30
179.0,179.2,179.0,179.2,6424.0,1722409800.0,2024-07-31 12:40:00+05:30
179.0,179.05,179.0,179.0,736.0,1722410100.0,2024-07-31 12:45:00+05:30
179.2,179.4,179.2,179.3,4932.0,1722410400.0,2024-07-31 12:50:00+05:30
179.3,179.3,179.3,179.3,0.0,1722410700.0,2024-07-31 12:55:00+05:30
179.3,179.4,179.3,179.3,908.0,1722411000.0,2024-07-31 13:00:00+05:30
179.4,179.45,179.05,179.3,16884.0,1722411300.0,2024-07-31 13:05:00+05:30
179.3,179.45,179.05,179.3,101104.0,1722411600.0,2024-07-31 13:10:00+05:30
179.3,179.55,179.2,179.5,7516.0,1722411900.0,2024-07-31 13:15:00+05:30
179.5,179.6,179.25,179.5,6352.0,1722412200.0,2024-07-31 13:20:00+05:30
179.5,179.8,179.5,179.6,5384.0,1722412500.0,2024-07-31 13:25:00+05:30
179.75,179.95,179.55,179.75,52040.0,1722412800.0,2024-07-31 13:30:00+05:30
179.75,180.0,179.75,179.75,8504.0,1722413100.0,2024-07-31 13:35:00+05:30
179.85,180.0,179.7,180.0,8048.0,1722413400.0,2024-07-31 13:40:00+05:30
180.15,180.25,180.0,180.0,4516.0,1722413700.0,2024-07-31 13:45:00+05:30
180.0,180.0,180.0,180.0,1056.0,1722414000.0,2024-07-31 13:50:00+05:30
180.0,180.0,179.9,180.0,16844.0,1722414300.0,2024-07-31 13:55:00+05:30
180.0,180.0,179.9,180.0,10788.0,1722414600.0,2024-07-31 14:00:00+05:30
180.0,180.15,179.6,179.75,6972.0,1722414900.0,2024-07-31 14:05:00+05:30
179.7,179.8,179.7,179.75,16200.0,1722415200.0,2024-07-31 14:10:00+05:30
179.75,179.8,179.65,179.75,4496.0,1722415500.0,2024-07-31 14:15:00+05:30
179.75,179.8,179.7,179.75,7144.0,1722415800.0,2024-07-31 14:20:00+05:30
179.75,180.0,179.7,180.0,3720.0,1722416100.0,2024-07-31 14:25:00+05:30
180.0,180.05,179.8,180.0,59264.0,1722416400.0,2024-07-31 14:30:00+05:30
180.0,180.0,179.95,180.0,5280.0,1722416700.0,2024-07-31 14:35:00+05:30
180.0,180.0,180.0,180.0,6664.0,1722417000.0,2024-07-31 14:40:00+05:30
180.0,180.0,180.0,180.0,1128.0,1722417300.0,2024-07-31 14:45:00+05:30
180.0,180.0,180.0,180.0,2888.0,1722417600.0,2024-07-31 14:50:00+05:30
180.0,180.05,179.75,180.0,9068.0,1722417900.0,2024-07-31 14:55:00+05:30
180.0,180.15,179.95,180.0,5856.0,1722418200.0,2024-07-31 15:00:00+05:30
180.0,180.2,180.0,180.0,6356.0,1722418500.0,2024-07-31 15:05:00+05:30
180.0,180.1,179.9,180.0,27224.0,1722418800.0,2024-07-31 15:10:00+05:30
180.0,180.0,179.95,180.0,8656.0,1722419100.0,2024-07-31 15:15:00+05:30
180.1,180.1,179.95,180.0,29384.0,1722419400.0,2024-07-31 15:20:00+05:30
180.0,180.3,180.0,180.0,33428.0,1722419700.0,2024-07-31 15:25:00+05:30
180.0,180.0,180.0,180.0,0.0,1722420000.0,2024-07-31 15:30:00+05:30
180.0,180.9,180.0,180.15,872.0,1722483900.0,2024-08-01 09:15:00+05:30
180.4,180.4,179.65,180.1,3232.0,1722484200.0,2024-08-01 09:20:00+05:30
180.1,180.5,180.1,180.5,228.0,1722484500.0,2024-08-01 09:25:00+05:30
180.6,181.05,180.5,180.5,1572.0,1722484800.0,2024-08-01 09:30:00+05:30
180.5,180.8,180.45,180.45,588.0,1722485100.0,2024-08-01 09:35:00+05:30
180.45,180.7,180.25,180.3,756.0,1722485400.0,2024-08-01 09:40:00+05:30
180.3,180.7,180.3,180.7,492.0,1722485700.0,2024-08-01 09:45:00+05:30
180.7,180.75,180.7,180.75,2004.0,1722486000.0,2024-08-01 09:50:00+05:30
180.75,180.95,180.3,180.3,3564.0,1722486300.0,2024-08-01 09:55:00+05:30
180.3,180.5,180.25,180.45,844.0,1722486600.0,2024-08-01 10:00:00+05:30
180.5,180.75,180.25,180.75,248.0,1722486900.0,2024-08-01 10:05:00+05:30
180.6,180.6,180.45,180.45,152.0,1722487200.0,2024-08-01 10:10:00+05:30
180.45,180.75,180.25,180.75,1984.0,1722487500.0,2024-08-01 10:15:00+05:30
180.7,180.7,180.35,180.5,548.0,1722487800.0,2024-08-01 10:20:00+05:30
180.5,180.5,180.15,180.15,300.0,1722488100.0,2024-08-01 10:25:00+05:30
180.15,180.3,180.15,180.3,40.0,1722488400.0,2024-08-01 10:30:00+05:30
180.3,180.3,179.4,179.4,2024.0,1722488700.0,2024-08-01 10:35:00+05:30
179.4,179.4,179.3,179.3,216.0,1722489000.0,2024-08-01 10:40:00+05:30
179.3,179.5,179.2,179.2,240.0,1722489300.0,2024-08-01 10:45:00+05:30
179.2,179.2,179.0,179.2,36.0,1722489600.0,2024-08-01 10:50:00+05:30
179.05,179.5,179.05,179.5,1108.0,1722489900.0,2024-08-01 10:55:00+05:30
179.5,179.75,179.5,179.75,28.0,1722490200.0,2024-08-01 11:00:00+05:30
179.75,179.75,179.25,179.4,968.0,1722490500.0,2024-08-01 11:05:00+05:30
179.4,180.0,179.4,180.0,1160.0,1722490800.0,2024-08-01 11:10:00+05:30
180.0,180.15,179.45,179.65,2252.0,1722491100.0,2024-08-01 11:15:00+05:30
179.65,180.4,179.5,180.4,2308.0,1722491400.0,2024-08-01 11:20:00+05:30
180.4,180.4,180.4,180.4,100.0,1722491700.0,2024-08-01 11:25:00+05:30
180.3,180.4,180.25,180.25,244.0,1722492000.0,2024-08-01 11:30:00+05:30
180.25,180.25,180.0,180.0,264.0,1722492300.0,2024-08-01 11:35:00+05:30
180.0,180.2,180.0,180.2,24.0,1722492600.0,2024-08-01 11:40:00+05:30
180.2,180.25,180.05,180.25,144.0,1722492900.0,2024-08-01 11:45:00+05:30
180.25,180.25,180.05,180.05,36.0,1722493200.0,2024-08-01 11:50:00+05:30
180.05,180.25,180.0,180.0,348.0,1722493500.0,2024-08-01 11:55:00+05:30
180.0,180.0,179.85,179.85,760.0,1722493800.0,2024-08-01 12:00:00+05:30
179.55,179.6,179.5,179.5,1032.0,1722494100.0,2024-08-01 12:05:00+05:30
179.5,179.5,175.6,175.95,123244.0,1722494400.0,2024-08-01 12:10:00+05:30
175.75,177.3,175.6,177.1,34528.0,1722494700.0,2024-08-01 12:15:00+05:30
177.35,177.45,177.2,177.45,4508.0,1722495000.0,2024-08-01 12:20:00+05:30
177.2,178.0,177.2,177.75,39900.0,1722495300.0,2024-08-01 12:25:00+05:30
177.75,178.1,177.75,178.1,9072.0,1722495600.0,2024-08-01 12:30:00+05:30
177.95,178.1,177.8,178.0,123152.0,1722495900.0,2024-08-01 12:35:00+05:30
177.65,177.95,177.5,177.75,16880.0,1722496200.0,2024-08-01 12:40:00+05:30
177.8,178.2,177.8,178.2,4256.0,1722496500.0,2024-08-01 12:45:00+05:30
178.25,178.45,178.25,178.25,25508.0,1722496800.0,2024-08-01 12:50:00+05:30
178.4,178.4,178.2,178.25,64112.0,1722497100.0,2024-08-01 12:55:00+05:30
178.25,178.4,178.25,178.4,88.0,1722497400.0,2024-08-01 13:00:00+05:30
178.4,178.5,178.4,178.5,736.0,1722497700.0,2024-08-01 13:05:00+05:30
178.5,178.5,178.4,178.4,800.0,1722498000.0,2024-08-01 13:10:00+05:30
178.5,178.6,178.4,178.6,4556.0,1722498300.0,2024-08-01 13:15:00+05:30
178.6,178.75,178.6,178.7,6736.0,1722498600.0,2024-08-01 13:20:00+05:30
178.75,178.95,178.75,178.95,3488.0,1722498900.0,2024-08-01 13:25:00+05:30
178.8,179.0,178.8,179.0,1060.0,1722499200.0,2024-08-01 13:30:00+05:30
178.95,179.3,178.95,179.0,8000.0,1722499500.0,2024-08-01 13:35:00+05:30
179.1,179.1,179.0,179.0,824.0,1722499800.0,2024-08-01 13:40:00+05:30
179.0,179.1,178.0,178.0,1956.0,1722500100.0,2024-08-01 13:45:00+05:30
178.25,178.5,178.25,178.45,6324.0,1722500400.0,2024-08-01 13:50:00+05:30
178.45,178.6,178.45,178.45,344.0,1722500700.0,2024-08-01 13:55:00+05:30
178.45,178.6,178.4,178.6,3108.0,1722501000.0,2024-08-01 14:00:00+05:30
178.7,178.75,178.7,178.75,2924.0,1722501300.0,2024-08-01 14:05:00+05:30
178.85,178.9,178.75,178.75,2900.0,1722501600.0,2024-08-01 14:10:00+05:30
178.75,178.85,178.7,178.75,5732.0,1722501900.0,2024-08-01 14:15:00+05:30
178.85,178.85,178.6,178.75,10864.0,1722502200.0,2024-08-01 14:20:00+05:30
178.75,178.75,178.75,178.75,1144.0,1722502500.0,2024-08-01 14:25:00+05:30
178.75,178.85,178.5,178.8,9040.0,1722502800.0,2024-08-01 14:30:00+05:30
178.8,178.8,177.5,177.75,5920.0,1722503100.0,2024-08-01 14:35:00+05:30
177.75,178.2,177.75,177.95,856.0,1722503400.0,2024-08-01 14:40:00+05:30
178.2,178.3,177.55,178.25,4448.0,1722503700.0,2024-08-01 14:45:00+05:30
178.4,178.5,178.25,178.4,6572.0,1722504000.0,2024-08-01 14:50:00+05:30
178.4,178.45,178.4,178.45,2548.0,1722504300.0,2024-08-01 14:55:00+05:30
178.45,178.55,178.4,178.5,5600.0,1722504600.0,2024-08-01 15:00:00+05:30
178.5,178.65,178.5,178.65,11008.0,1722504900.0,2024-08-01 15:05:00+05:30
179.05,179.15,178.75,178.9,36052.0,1722505200.0,2024-08-01 15:10:00+05:30
178.9,179.2,178.65,178.9,15096.0,1722505500.0,2024-08-01 15:15:00+05:30
178.75,179.65,178.55,178.95,35568.0,1722505800.0,2024-08-01 15:20:00+05:30
179.2,179.75,178.5,179.0,39588.0,1722506100.0,2024-08-01 15:25:00+05:30
177.5,177.95,176.75,177.95,3944.0,1722570300.0,2024-08-02 09:15:00+05:30
177.95,178.2,176.55,178.05,19576.0,1722570600.0,2024-08-02 09:20:00+05:30
178.5,179.7,178.5,179.2,10060.0,1722570900.0,2024-08-02 09:25:00+05:30
178.95,180.35,178.95,180.2,14624.0,1722571200.0,2024-08-02 09:30:00+05:30
180.1,180.25,179.7,179.85,9180.0,1722571500.0,2024-08-02 09:35:00+05:30
179.4,179.5,177.8,177.8,10764.0,1722571800.0,2024-08-02 09:40:00+05:30
178.05,178.15,177.7,178.1,12048.0,1722572100.0,2024-08-02 09:45:00+05:30
178.15,179.2,178.05,178.9,4964.0,1722572400.0,2024-08-02 09:50:00+05:30
178.9,179.25,178.9,179.25,80.0,1722572700.0,2024-08-02 09:55:00+05:30
179.45,180.2,179.2,180.1,14888.0,1722573000.0,2024-08-02 10:00:00+05:30
180.25,180.5,179.85,180.5,19860.0,1722573300.0,2024-08-02 10:05:00+05:30
180.5,180.9,180.5,180.75,1184.0,1722573600.0,2024-08-02 10:10:00+05:30
181.0,181.0,180.4,180.7,2768.0,1722573900.0,2024-08-02 10:15:00+05:30
180.75,181.3,180.55,181.25,417508.0,1722574200.0,2024-08-02 10:20:00+05:30
181.25,182.2,181.25,182.2,16416.0,1722574500.0,2024-08-02 10:25:00+05:30
182.25,182.5,181.75,182.15,19904.0,1722574800.0,2024-08-02 10:30:00+05:30
182.3,183.6,181.45,181.45,17696.0,1722575100.0,2024-08-02 10:35:00+05:30
181.45,181.85,180.5,180.5,34476.0,1722575400.0,2024-08-02 10:40:00+05:30
181.05,181.45,181.05,181.3,1208.0,1722575700.0,2024-08-02 10:45:00+05:30
181.15,181.45,181.1,181.1,2336.0,1722576000.0,2024-08-02 10:50:00+05:30
181.1,181.35,180.9,181.1,1220.0,1722576300.0,2024-08-02 10:55:00+05:30
181.1,181.1,180.9,180.95,668.0,1722576600.0,2024-08-02 11:00:00+05:30
180.5,180.75,180.0,180.0,10252.0,1722576900.0,2024-08-02 11:05:00+05:30
180.2,180.2,180.05,180.2,264.0,1722577200.0,2024-08-02 11:10:00+05:30
180.2,180.25,180.05,180.05,1016.0,1722577500.0,2024-08-02 11:15:00+05:30
180.25,180.45,180.25,180.25,2772.0,1722577800.0,2024-08-02 11:20:00+05:30
180.35,180.75,180.3,180.75,2464.0,1722578100.0,2024-08-02 11:25:00+05:30
180.7,180.8,180.3,180.3,1064.0,1722578400.0,2024-08-02 11:30:00+05:30
180.3,180.55,180.25,180.55,864.0,1722578700.0,2024-08-02 11:35:00+05:30
180.55,180.7,180.55,180.7,64.0,1722579000.0,2024-08-02 11:40:00+05:30
180.2,180.25,180.2,180.2,820.0,1722579300.0,2024-08-02 11:45:00+05:30
180.2,180.25,179.45,179.45,203636.0,1722579600.0,2024-08-02 11:50:00+05:30
179.45,180.3,179.45,180.3,4536.0,1722579900.0,2024-08-02 11:55:00+05:30
180.3,180.5,180.2,180.2,620.0,1722580200.0,2024-08-02 12:00:00+05:30
180.05,180.2,180.05,180.1,708.0,1722580500.0,2024-08-02 12:05:00+05:30
180.15,180.25,180.15,180.15,544.0,1722580800.0,2024-08-02 12:10:00+05:30
180.2,180.4,180.1,180.4,704.0,1722581100.0,2024-08-02 12:15:00+05:30
180.4,180.5,180.25,180.5,640.0,1722581400.0,2024-08-02 12:20:00+05:30
180.25,180.3,180.25,180.3,204.0,1722581700.0,2024-08-02 12:25:00+05:30
180.35,180.4,180.35,180.4,172.0,1722582000.0,2024-08-02 12:30:00+05:30
180.4,180.4,180.4,180.4,184.0,1722582300.0,2024-08-02 12:35:00+05:30
180.4,180.4,180.1,180.2,15404.0,1722582600.0,2024-08-02 12:40:00+05:30
180.2,180.2,180.0,180.2,304.0,1722582900.0,2024-08-02 12:45:00+05:30
180.0,180.5,179.75,179.75,2692.0,1722583200.0,2024-08-02 12:50:00+05:30
179.55,179.55,179.55,179.55,724.0,1722583500.0,2024-08-02 12:55:00+05:30
179.6,179.8,179.6,179.8,56.0,1722583800.0,2024-08-02 13:00:00+05:30
179.75,181.05,179.25,180.8,6148.0,1722584100.0,2024-08-02 13:05:00+05:30
180.8,180.95,180.45,180.45,2036.0,1722584400.0,2024-08-02 13:10:00+05:30
180.25,180.35,180.25,180.35,104.0,1722584700.0,2024-08-02 13:15:00+05:30
180.35,180.35,180.35,180.35,0.0,1722585000.0,2024-08-02 13:20:00+05:30
180.25,180.25,179.95,180.05,296.0,1722585300.0,2024-08-02 13:25:00+05:30
180.05,180.05,180.05,180.05,0.0,1722585600.0,2024-08-02 13:30:00+05:30
180.05,180.25,180.05,180.2,1028.0,1722585900.0,2024-08-02 13:35:00+05:30
180.2,180.25,180.0,180.0,1076.0,1722586200.0,2024-08-02 13:40:00+05:30
179.9,180.25,179.9,179.95,1144.0,1722586500.0,2024-08-02 13:45:00+05:30
179.9,180.0,179.3,179.9,4472.0,1722586800.0,2024-08-02 13:50:00+05:30
179.95,180.0,179.95,180.0,264.0,1722587100.0,2024-08-02 13:55:00+05:30
180.2,180.2,180.0,180.0,304.0,1722587400.0,2024-08-02 14:00:00+05:30
180.0,180.0,180.0,180.0,200.0,1722587700.0,2024-08-02 14:05:00+05:30
180.0,180.25,179.95,179.95,40260.0,1722588000.0,2024-08-02 14:10:00+05:30
179.65,179.65,178.65,179.0,6100.0,1722588300.0,2024-08-02 14:15:00+05:30
178.75,179.0,178.55,178.95,3156.0,1722588600.0,2024-08-02 14:20:00+05:30
178.95,178.95,178.15,178.35,5288.0,1722588900.0,2024-08-02 14:25:00+05:30
178.25,178.25,177.95,177.95,6968.0,1722589200.0,2024-08-02 14:30:00+05:30
177.95,178.1,177.8,177.85,2492.0,1722589500.0,2024-08-02 14:35:00+05:30
177.85,177.95,177.5,177.8,3652.0,1722589800.0,2024-08-02 14:40:00+05:30
177.95,178.15,177.9,177.9,2936.0,1722590100.0,2024-08-02 14:45:00+05:30
177.95,178.0,177.4,177.5,3572.0,1722590400.0,2024-08-02 14:50:00+05:30
177.5,177.5,177.35,177.5,1024.0,1722590700.0,2024-08-02 14:55:00+05:30
177.5,177.5,177.05,177.1,1796.0,1722591000.0,2024-08-02 15:00:00+05:30
177.25,177.25,177.0,177.15,4920.0,1722591300.0,2024-08-02 15:05:00+05:30
177.2,177.25,177.0,177.25,2672.0,1722591600.0,2024-08-02 15:10:00+05:30
177.0,177.3,177.0,177.3,6252.0,1722591900.0,2024-08-02 15:15:00+05:30
177.25,177.3,176.6,176.75,17076.0,1722592200.0,2024-08-02 15:20:00+05:30
176.7,177.75,176.65,177.75,7760.0,1722592500.0,2024-08-02 15:25:00+05:30
177.75,177.75,177.75,177.75,0.0,1722592800.0,2024-08-02 15:30:00+05:30
175.5,175.5,172.5,173.5,21296.0,1722829500.0,2024-08-05 09:15:00+05:30
173.7,173.85,172.75,173.0,7656.0,1722829800.0,2024-08-05 09:20:00+05:30
172.9,173.2,171.75,172.0,10672.0,1722830100.0,2024-08-05 09:25:00+05:30
171.8,173.85,171.5,173.55,9128.0,1722830400.0,2024-08-05 09:30:00+05:30
173.6,174.3,173.4,173.95,15796.0,1722830700.0,2024-08-05 09:35:00+05:30
174.0,177.1,174.0,176.35,71420.0,1722831000.0,2024-08-05 09:40:00+05:30
176.35,176.75,175.95,176.05,8884.0,1722831300.0,2024-08-05 09:45:00+05:30
176.05,177.35,176.05,177.05,26948.0,1722831600.0,2024-08-05 09:50:00+05:30
177.1,177.5,176.7,177.25,8288.0,1722831900.0,2024-08-05 09:55:00+05:30
177.3,177.3,176.8,176.8,2856.0,1722832200.0,2024-08-05 10:00:00+05:30
176.8,176.9,176.55,176.65,1044.0,1722832500.0,2024-08-05 10:05:00+05:30
176.65,177.05,176.65,177.05,3312.0,1722832800.0,2024-08-05 10:10:00+05:30
177.1,177.25,176.65,177.25,2328.0,1722833100.0,2024-08-05 10:15:00+05:30
177.05,177.2,176.6,176.6,1716.0,1722833400.0,2024-08-05 10:20:00+05:30
176.55,177.3,175.95,175.95,11376.0,1722833700.0,2024-08-05 10:25:00+05:30
175.95,176.25,174.75,174.95,31612.0,1722834000.0,2024-08-05 10:30:00+05:30
174.9,176.1,174.9,175.45,10456.0,1722834300.0,2024-08-05 10:35:00+05:30
175.4,176.0,175.4,175.5,2148.0,1722834600.0,2024-08-05 10:40:00+05:30
175.5,175.5,175.0,175.0,1264.0,1722834900.0,2024-08-05 10:45:00+05:30
175.0,175.0,174.45,174.5,3140.0,1722835200.0,2024-08-05 10:50:00+05:30
174.45,174.7,173.85,174.0,3612.0,1722835500.0,2024-08-05 10:55:00+05:30
174.0,174.1,172.0,172.25,39000.0,1722835800.0,2024-08-05 11:00:00+05:30
172.2,174.5,172.0,172.3,54332.0,1722836100.0,2024-08-05 11:05:00+05:30
172.45,172.65,171.9,172.0,4972.0,1722836400.0,2024-08-05 11:10:00+05:30
172.0,172.0,170.4,170.45,31528.0,1722836700.0,2024-08-05 11:15:00+05:30
170.6,170.75,169.3,169.75,7904.0,1722837000.0,2024-08-05 11:20:00+05:30
169.75,170.7,169.55,170.55,20256.0,1722837300.0,2024-08-05 11:25:00+05:30
170.5,170.55,169.6,169.6,10484.0,1722837600.0,2024-08-05 11:30:00+05:30
169.6,172.45,169.6,172.3,56968.0,1722837900.0,2024-08-05 11:35:00+05:30
172.5,172.9,172.0,172.05,8532.0,1722838200.0,2024-08-05 11:40:00+05:30
172.1,172.5,172.0,172.5,1932.0,1722838500.0,2024-08-05 11:45:00+05:30
172.35,174.4,172.2,174.4,52636.0,1722838800.0,2024-08-05 11:50:00+05:30
174.15,174.45,173.5,173.5,7044.0,1722839100.0,2024-08-05 11:55:00+05:30
173.25,173.55,173.0,173.45,5980.0,1722839400.0,2024-08-05 12:00:00+05:30
173.3,173.5,173.0,173.15,6856.0,1722839700.0,2024-08-05 12:05:00+05:30
173.15,173.2,173.0,173.15,1652.0,1722840000.0,2024-08-05 12:10:00+05:30
173.15,173.9,173.15,173.9,4780.0,1722840300.0,2024-08-05 12:15:00+05:30
173.65,173.75,173.45,173.5,4548.0,1722840600.0,2024-08-05 12:20:00+05:30
173.7,173.95,173.55,173.7,1796.0,1722840900.0,2024-08-05 12:25:00+05:30
173.75,173.75,173.15,173.35,1876.0,1722841200.0,2024-08-05 12:30:00+05:30
173.25,173.25,172.6,172.6,3512.0,1722841500.0,2024-08-05 12:35:00+05:30
173.0,173.0,172.75,172.75,1164.0,1722841800.0,2024-08-05 12:40:00+05:30
172.75,172.85,172.75,172.85,116.0,1722842100.0,2024-08-05 12:45:00+05:30
172.75,173.0,172.65,172.65,980.0,1722842400.0,2024-08-05 12:50:00+05:30
172.6,172.6,172.15,172.3,4928.0,1722842700.0,2024-08-05 12:55:00+05:30
172.4,172.4,171.6,171.8,5636.0,1722843000.0,2024-08-05 13:00:00+05:30
171.9,172.0,171.7,171.7,3632.0,1722843300.0,2024-08-05 13:05:00+05:30
172.0,172.25,171.85,172.25,12756.0,1722843600.0,2024-08-05 13:10:00+05:30
172.25,173.0,172.25,173.0,13636.0,1722843900.0,2024-08-05 13:15:00+05:30
172.75,173.0,172.7,172.95,1776.0,1722844200.0,2024-08-05 13:20:00+05:30
172.95,173.0,172.75,172.9,1412.0,1722844500.0,2024-08-05 13:25:00+05:30
172.9,173.0,172.7,173.0,872.0,1722844800.0,2024-08-05 13:30:00+05:30
173.0,173.8,173.0,173.5,3612.0,1722845100.0,2024-08-05 13:35:00+05:30
173.75,174.05,173.7,174.05,360.0,1722845400.0,2024-08-05 13:40:00+05:30
173.85,173.95,173.8,173.95,104.0,1722845700.0,2024-08-05 13:45:00+05:30
173.95,173.95,173.5,173.55,3292.0,1722846000.0,2024-08-05 13:50:00+05:30
173.75,173.75,173.7,173.75,1624.0,1722846300.0,2024-08-05 13:55:00+05:30
173.75,173.75,173.2,173.35,960.0,1722846600.0,2024-08-05 14:00:00+05:30
173.0,173.0,172.85,172.85,464.0,1722846900.0,2024-08-05 14:05:00+05:30
172.85,173.15,172.85,173.05,316.0,1722847200.0,2024-08-05 14:10:00+05:30
173.15,173.15,172.95,173.15,456.0,1722847500.0,2024-08-05 14:15:00+05:30
175.0,175.0,173.3,173.5,44224.0,1722847800.0,2024-08-05 14:20:00+05:30
173.45,173.45,172.75,172.75,2684.0,1722848100.0,2024-08-05 14:25:00+05:30
172.9,172.9,172.55,172.55,2808.0,1722848400.0,2024-08-05 14:30:00+05:30
172.55,173.25,172.55,173.25,1240.0,1722848700.0,2024-08-05 14:35:00+05:30
173.2,173.65,173.2,173.2,2660.0,1722849000.0,2024-08-05 14:40:00+05:30
173.4,173.7,173.1,173.25,2848.0,1722849300.0,2024-08-05 14:45:00+05:30
173.15,173.3,172.95,173.25,2620.0,1722849600.0,2024-08-05 14:50:00+05:30
173.25,174.9,173.25,174.8,12840.0,1722849900.0,2024-08-05 14:55:00+05:30
174.8,175.3,174.75,175.25,28032.0,1722850200.0,2024-08-05 15:00:00+05:30
175.45,175.5,173.35,173.8,13216.0,1722850500.0,2024-08-05 15:05:00+05:30
173.85,173.85,173.4,173.7,1224.0,1722850800.0,2024-08-05 15:10:00+05:30
173.1,173.2,172.55,173.0,8872.0,1722851100.0,2024-08-05 15:15:00+05:30
173.0,173.35,172.2,172.2,17476.0,1722851400.0,2024-08-05 15:20:00+05:30
172.15,172.5,170.15,171.75,22076.0,1722851700.0,2024-08-05 15:25:00+05:30
171.75,171.75,171.75,171.75,0.0,1722852000.0,2024-08-05 15:30:00+05:30
173.25,175.55,173.0,174.7,16880.0,1722915900.0,2024-08-06 09:15:00+05:30
174.25,174.7,174.25,174.5,7628.0,1722916200.0,2024-08-06 09:20:00+05:30
174.5,174.6,173.25,173.9,25332.0,1722916500.0,2024-08-06 09:25:00+05:30
173.75,174.75,172.8,174.15,26816.0,1722916800.0,2024-08-06 09:30:00+05:30
173.85,174.5,173.85,174.25,3020.0,1722917100.0,2024-08-06 09:35:00+05:30
174.1,174.25,173.45,173.45,2896.0,1722917400.0,2024-08-06 09:40:00+05:30
173.25,173.9,173.1,173.25,3864.0,1722917700.0,2024-08-06 09:45:00+05:30
173.45,173.9,173.45,173.85,5236.0,1722918000.0,2024-08-06 09:50:00+05:30
173.85,175.0,173.5,175.0,12480.0,1722918300.0,2024-08-06 09:55:00+05:30
175.0,175.5,174.9,175.2,3908.0,1722918600.0,2024-08-06 10:00:00+05:30
175.45,175.9,175.1,175.7,2288.0,1722918900.0,2024-08-06 10:05:00+05:30
175.7,175.7,175.0,175.0,3304.0,1722919200.0,2024-08-06 10:10:00+05:30
175.0,176.25,175.0,175.4,5612.0,1722919500.0,2024-08-06 10:15:00+05:30
175.8,175.8,175.3,175.3,1064.0,1722919800.0,2024-08-06 10:20:00+05:30
175.3,175.6,175.25,175.3,1292.0,1722920100.0,2024-08-06 10:25:00+05:30
175.2,175.35,174.6,174.6,1920.0,1722920400.0,2024-08-06 10:30:00+05:30
174.5,174.5,174.0,174.2,5740.0,1722920700.0,2024-08-06 10:35:00+05:30
174.2,174.2,173.6,173.75,6672.0,1722921000.0,2024-08-06 10:40:00+05:30
173.9,173.9,173.3,173.6,9696.0,1722921300.0,2024-08-06 10:45:00+05:30
173.6,173.6,173.4,173.6,304.0,1722921600.0,2024-08-06 10:50:00+05:30
173.6,173.75,173.55,173.75,932.0,1722921900.0,2024-08-06 10:55:00+05:30
173.75,173.75,173.5,173.75,984.0,1722922200.0,2024-08-06 11:00:00+05:30
173.6,173.75,173.45,173.55,624.0,1722922500.0,2024-08-06 11:05:00+05:30
173.6,173.75,173.45,173.45,379344.0,1722922800.0,2024-08-06 11:10:00+05:30
173.5,174.25,173.4,174.25,3768.0,1722923100.0,2024-08-06 11:15:00+05:30
174.25,174.95,174.25,174.75,2048.0,1722923400.0,2024-08-06 11:20:00+05:30
174.75,175.5,174.75,175.3,2204.0,1722923700.0,2024-08-06 11:25:00+05:30
174.95,175.35,174.8,174.8,4712.0,1722924000.0,2024-08-06 11:30:00+05:30
174.6,174.7,174.4,174.55,152.0,1722924300.0,2024-08-06 11:35:00+05:30
174.55,174.55,174.5,174.5,416.0,1722924600.0,2024-08-06 11:40:00+05:30
174.5,174.5,174.25,174.4,680.0,1722924900.0,2024-08-06 11:45:00+05:30
174.15,174.25,174.0,174.25,384.0,1722925200.0,2024-08-06 11:50:00+05:30
174.4,174.5,174.25,174.25,472.0,1722925500.0,2024-08-06 11:55:00+05:30
174.25,174.3,174.15,174.25,240.0,1722925800.0,2024-08-06 12:00:00+05:30
174.25,174.25,174.25,174.25,0.0,1722926100.0,2024-08-06 12:05:00+05:30
174.15,175.2,174.15,175.2,4260.0,1722926400.0,2024-08-06 12:10:00+05:30
175.15,175.4,175.05,175.2,276.0,1722926700.0,2024-08-06 12:15:00+05:30
175.2,175.2,175.0,175.0,372.0,1722927000.0,2024-08-06 12:20:00+05:30
175.0,175.4,175.0,175.0,680.0,1722927300.0,2024-08-06 12:25:00+05:30
175.0,175.0,174.8,174.8,152.0,1722927600.0,2024-08-06 12:30:00+05:30
174.95,174.95,174.5,174.5,316.0,1722927900.0,2024-08-06 12:35:00+05:30
174.5,174.5,174.3,174.3,168.0,1722928200.0,2024-08-06 12:40:00+05:30
174.55,174.9,174.4,174.4,1020.0,1722928500.0,2024-08-06 12:45:00+05:30
174.4,174.85,174.4,174.8,2292.0,1722928800.0,2024-08-06 12:50:00+05:30
174.55,174.6,174.4,174.5,1240.0,1722929100.0,2024-08-06 12:55:00+05:30
174.5,174.5,174.35,174.35,76.0,1722929400.0,2024-08-06 13:00:00+05:30
174.5,174.65,174.5,174.65,824.0,1722929700.0,2024-08-06 13:05:00+05:30
174.45,174.45,174.3,174.4,1284.0,1722930000.0,2024-08-06 13:10:00+05:30
174.4,174.4,174.3,174.3,220.0,1722930300.0,2024-08-06 13:15:00+05:30
174.45,174.65,174.25,174.5,3020.0,1722930600.0,2024-08-06 13:20:00+05:30
174.5,175.15,174.3,174.75,1796.0,1722930900.0,2024-08-06 13:25:00+05:30
174.95,175.15,174.75,174.95,560.0,1722931200.0,2024-08-06 13:30:00+05:30
174.95,174.95,174.55,174.55,584.0,1722931500.0,2024-08-06 13:35:00+05:30
174.7,174.9,174.5,174.9,1140.0,1722931800.0,2024-08-06 13:40:00+05:30
174.65,174.7,174.3,174.35,4372.0,1722932100.0,2024-08-06 13:45:00+05:30
174.5,174.5,174.25,174.3,2556.0,1722932400.0,2024-08-06 13:50:00+05:30
174.3,174.45,174.3,174.45,524.0,1722932700.0,2024-08-06 13:55:00+05:30
174.45,174.45,174.4,174.4,80.0,1722933000.0,2024-08-06 14:00:00+05:30
174.4,174.4,174.25,174.25,260.0,1722933300.0,2024-08-06 14:05:00+05:30
174.25,174.3,174.0,174.3,908.0,1722933600.0,2024-08-06 14:10:00+05:30
174.25,174.9,174.25,174.9,3504.0,1722933900.0,2024-08-06 14:15:00+05:30
174.9,175.1,174.6,175.05,2320.0,1722934200.0,2024-08-06 14:20:00+05:30
174.75,175.05,174.65,174.65,496.0,1722934500.0,2024-08-06 14:25:00+05:30
174.65,175.1,174.65,174.85,2824.0,1722934800.0,2024-08-06 14:30:00+05:30
174.7,174.9,174.65,174.9,1108.0,1722935100.0,2024-08-06 14:35:00+05:30
174.9,175.2,174.65,174.65,4740.0,1722935400.0,2024-08-06 14:40:00+05:30
174.65,174.7,174.6,174.65,5236.0,1722935700.0,2024-08-06 14:45:00+05:30
174.65,174.75,174.65,174.75,396.0,1722936000.0,2024-08-06 14:50:00+05:30
174.75,174.75,174.65,174.65,536.0,1722936300.0,2024-08-06 14:55:00+05:30
174.75,174.75,174.65,174.7,1248.0,1722936600.0,2024-08-06 15:00:00+05:30
174.65,174.75,174.65,174.65,2892.0,1722936900.0,2024-08-06 15:05:00+05:30
174.65,175.0,174.4,174.65,31412.0,1722937200.0,2024-08-06 15:10:00+05:30
174.65,174.65,170.95,171.2,32692.0,1722937500.0,2024-08-06 15:15:00+05:30
171.25,172.15,170.65,171.75,10024.0,1722937800.0,2024-08-06 15:20:00+05:30
171.55,171.75,171.25,171.7,8528.0,1722938100.0,2024-08-06 15:25:00+05:30
171.7,171.7,171.7,171.7,0.0,1722938400.0,2024-08-06 15:30:00+05:30
176.25,176.25,174.15,174.15,10936.0,1723002300.0,2024-08-07 09:15:00+05:30
174.1,174.45,173.9,173.9,1460.0,1723002600.0,2024-08-07 09:20:00+05:30
173.7,173.7,172.8,172.9,5496.0,1723002900.0,2024-08-07 09:25:00+05:30
173.1,173.5,172.85,172.95,3516.0,1723003200.0,2024-08-07 09:30:00+05:30
173.25,173.8,173.2,173.55,3660.0,1723003500.0,2024-08-07 09:35:00+05:30
173.6,173.85,173.3,173.85,1416.0,1723003800.0,2024-08-07 09:40:00+05:30
173.85,174.0,173.7,173.7,224.0,1723004100.0,2024-08-07 09:45:00+05:30
173.85,174.05,173.85,174.0,660.0,1723004400.0,2024-08-07 09:50:00+05:30
174.0,174.0,173.5,173.5,1472.0,1723004700.0,2024-08-07 09:55:00+05:30
173.5,173.85,173.5,173.8,696.0,1723005000.0,2024-08-07 10:00:00+05:30
173.45,173.55,173.15,173.15,1160.0,1723005300.0,2024-08-07 10:05:00+05:30
173.15,173.15,172.75,173.0,1032.0,1723005600.0,2024-08-07 10:10:00+05:30
172.8,172.95,172.8,172.85,900.0,1723005900.0,2024-08-07 10:15:00+05:30
173.0,173.15,172.95,173.15,728.0,1723006200.0,2024-08-07 10:20:00+05:30
173.15,173.7,173.15,173.6,3216.0,1723006500.0,2024-08-07 10:25:00+05:30
173.8,173.8,173.25,173.7,1612.0,1723006800.0,2024-08-07 10:30:00+05:30
173.7,174.35,173.4,174.2,3944.0,1723007100.0,2024-08-07 10:35:00+05:30
174.35,174.5,174.2,174.5,1052.0,1723007400.0,2024-08-07 10:40:00+05:30
174.75,174.75,174.3,174.3,1688.0,1723007700.0,2024-08-07 10:45:00+05:30
174.3,174.45,174.3,174.3,52.0,1723008000.0,2024-08-07 10:50:00+05:30
174.3,174.5,174.05,174.3,1428.0,1723008300.0,2024-08-07 10:55:00+05:30
174.25,174.3,174.25,174.3,168.0,1723008600.0,2024-08-07 11:00:00+05:30
174.3,174.3,173.8,173.8,128.0,1723008900.0,2024-08-07 11:05:00+05:30
173.8,173.8,173.4,173.7,824.0,1723009200.0,2024-08-07 11:10:00+05:30
173.3,173.5,173.2,173.2,1804.0,1723009500.0,2024-08-07 11:15:00+05:30
172.95,173.5,172.95,173.4,3132.0,1723009800.0,2024-08-07 11:20:00+05:30
173.4,173.45,173.3,173.45,456.0,1723010100.0,2024-08-07 11:25:00+05:30
173.45,173.5,173.25,173.5,912.0,1723010400.0,2024-08-07 11:30:00+05:30
173.25,173.3,173.2,173.2,900.0,1723010700.0,2024-08-07 11:35:00+05:30
173.2,173.4,173.2,173.4,1088.0,1723011000.0,2024-08-07 11:40:00+05:30
173.35,173.35,173.0,173.25,536.0,1723011300.0,2024-08-07 11:45:00+05:30
173.0,173.2,173.0,173.2,60.0,1723011600.0,2024-08-07 11:50:00+05:30
173.2,173.2,173.05,173.05,172.0,1723011900.0,2024-08-07 11:55:00+05:30
173.05,173.05,173.05,173.05,0.0,1723012200.0,2024-08-07 12:00:00+05:30
173.2,173.2,172.75,173.05,2016.0,1723012500.0,2024-08-07 12:05:00+05:30
172.8,172.95,172.65,172.85,612.0,1723012800.0,2024-08-07 12:10:00+05:30
172.85,173.1,172.6,173.1,201228.0,1723013100.0,2024-08-07 12:15:00+05:30
172.85,173.0,172.5,172.8,3152.0,1723013400.0,2024-08-07 12:20:00+05:30
172.85,172.95,172.5,172.95,5088.0,1723013700.0,2024-08-07 12:25:00+05:30
172.8,173.0,172.8,173.0,32.0,1723014000.0,2024-08-07 12:30:00+05:30
173.0,173.2,172.9,172.9,2384.0,1723014300.0,2024-08-07 12:35:00+05:30
172.9,173.4,172.9,173.35,556.0,1723014600.0,2024-08-07 12:40:00+05:30
173.35,173.4,173.25,173.25,1056.0,1723014900.0,2024-08-07 12:45:00+05:30
173.25,173.4,173.25,173.4,32.0,1723015200.0,2024-08-07 12:50:00+05:30
173.4,173.4,173.1,173.3,532.0,1723015500.0,2024-08-07 12:55:00+05:30
173.4,173.4,173.0,173.2,4408.0,1723015800.0,2024-08-07 13:00:00+05:30
172.95,173.1,172.75,172.75,2172.0,1723016100.0,2024-08-07 13:05:00+05:30
172.75,173.05,172.75,172.8,1104.0,1723016400.0,2024-08-07 13:10:00+05:30
173.1,173.15,173.1,173.15,372.0,1723016700.0,2024-08-07 13:15:00+05:30
173.15,173.15,172.9,172.9,100.0,1723017000.0,2024-08-07 13:20:00+05:30
173.0,173.25,172.8,173.25,3516.0,1723017300.0,2024-08-07 13:25:00+05:30
173.25,173.95,173.25,173.75,4412.0,1723017600.0,2024-08-07 13:30:00+05:30
173.6,174.0,173.6,174.0,920.0,1723017900.0,2024-08-07 13:35:00+05:30
174.0,174.0,173.7,173.7,492.0,1723018200.0,2024-08-07 13:40:00+05:30
173.7,174.0,173.7,174.0,112.0,1723018500.0,2024-08-07 13:45:00+05:30
174.0,174.0,174.0,174.0,16.0,1723018800.0,2024-08-07 13:50:00+05:30
174.0,174.0,173.75,173.9,208.0,1723019100.0,2024-08-07 13:55:00+05:30
173.9,173.95,173.9,173.95,20.0,1723019400.0,2024-08-07 14:00:00+05:30
173.95,174.0,173.95,174.0,716.0,1723019700.0,2024-08-07 14:05:00+05:30
173.8,173.8,173.8,173.8,48.0,1723020000.0,2024-08-07 14:10:00+05:30
173.75,173.8,173.2,173.2,1716.0,1723020300.0,2024-08-07 14:15:00+05:30
173.55,173.55,173.3,173.5,9960.0,1723020600.0,2024-08-07 14:20:00+05:30
173.5,174.35,173.5,174.1,4188.0,1723020900.0,2024-08-07 14:25:00+05:30
174.1,174.45,174.1,174.3,620.0,1723021200.0,2024-08-07 14:30:00+05:30
174.3,174.3,173.9,173.9,2036.0,1723021500.0,2024-08-07 14:35:00+05:30
174.1,174.1,174.0,174.0,484.0,1723021800.0,2024-08-07 14:40:00+05:30
174.25,174.45,174.25,174.45,2220.0,1723022100.0,2024-08-07 14:45:00+05:30
174.45,175.0,174.3,175.0,6896.0,1723022400.0,2024-08-07 14:50:00+05:30
174.45,174.6,174.45,174.6,1096.0,1723022700.0,2024-08-07 14:55:00+05:30
174.4,174.6,174.0,174.0,1044.0,1723023000.0,2024-08-07 15:00:00+05:30
174.2,174.4,173.75,174.35,3024.0,1723023300.0,2024-08-07 15:05:00+05:30
174.3,174.5,174.3,174.35,11356.0,1723023600.0,2024-08-07 15:10:00+05:30
174.7,174.7,174.35,174.5,9904.0,1723023900.0,2024-08-07 15:15:00+05:30
174.5,175.0,173.75,174.75,36444.0,1723024200.0,2024-08-07 15:20:00+05:30
174.75,175.0,174.3,175.0,6796.0,1723024500.0,2024-08-07 15:25:00+05:30
177.05,177.5,175.3,177.0,10556.0,1723088700.0,2024-08-08 09:15:00+05:30
177.25,177.75,176.5,177.6,7232.0,1723089000.0,2024-08-08 09:20:00+05:30
177.7,178.05,177.5,177.65,2112.0,1723089300.0,2024-08-08 09:25:00+05:30
177.75,177.75,177.2,177.5,3616.0,1723089600.0,2024-08-08 09:30:00+05:30
177.4,177.85,176.7,177.4,13696.0,1723089900.0,2024-08-08 09:35:00+05:30
177.4,177.45,177.05,177.05,708.0,1723090200.0,2024-08-08 09:40:00+05:30
177.05,177.2,176.9,176.9,1584.0,1723090500.0,2024-08-08 09:45:00+05:30
177.1,177.2,176.5,176.5,676.0,1723090800.0,2024-08-08 09:50:00+05:30
176.8,177.45,176.8,177.0,2712.0,1723091100.0,2024-08-08 09:55:00+05:30
177.0,177.0,176.7,176.9,180.0,1723091400.0,2024-08-08 10:00:00+05:30
176.4,176.8,175.9,176.8,4264.0,1723091700.0,2024-08-08 10:05:00+05:30
176.8,176.8,176.25,176.5,872.0,1723092000.0,2024-08-08 10:10:00+05:30
176.5,176.65,176.4,176.6,752.0,1723092300.0,2024-08-08 10:15:00+05:30
176.65,176.9,176.5,176.9,1104.0,1723092600.0,2024-08-08 10:20:00+05:30
176.9,176.9,176.7,176.9,636.0,1723092900.0,2024-08-08 10:25:00+05:30
176.95,176.95,176.7,176.7,268.0,1723093200.0,2024-08-08 10:30:00+05:30
176.7,176.7,176.65,176.65,20.0,1723093500.0,2024-08-08 10:35:00+05:30
176.9,177.0,176.65,176.75,1016.0,1723093800.0,2024-08-08 10:40:00+05:30
176.7,176.75,176.7,176.75,528.0,1723094100.0,2024-08-08 10:45:00+05:30
176.75,176.8,176.5,176.65,356.0,1723094400.0,2024-08-08 10:50:00+05:30
176.65,176.9,176.3,176.35,1092.0,1723094700.0,2024-08-08 10:55:00+05:30
176.3,176.55,176.3,176.3,184.0,1723095000.0,2024-08-08 11:00:00+05:30
176.3,176.6,176.3,176.6,140.0,1723095300.0,2024-08-08 11:05:00+05:30
176.6,176.8,176.4,176.55,688.0,1723095600.0,2024-08-08 11:10:00+05:30
176.55,176.75,176.5,176.75,732.0,1723095900.0,2024-08-08 11:15:00+05:30
176.75,176.75,176.5,176.5,124.0,1723096200.0,2024-08-08 11:20:00+05:30
176.75,176.75,176.4,176.4,432.0,1723096500.0,2024-08-08 11:25:00+05:30
176.4,176.65,176.2,176.3,3836.0,1723096800.0,2024-08-08 11:30:00+05:30
176.2,176.2,175.95,176.0,532.0,1723097100.0,2024-08-08 11:35:00+05:30
176.0,176.1,176.0,176.1,96.0,1723097400.0,2024-08-08 11:40:00+05:30
175.95,176.05,175.9,176.0,108.0,1723097700.0,2024-08-08 11:45:00+05:30
176.0,176.1,176.0,176.1,340.0,1723098000.0,2024-08-08 11:50:00+05:30
176.1,176.2,176.1,176.15,120.0,1723098300.0,2024-08-08 11:55:00+05:30
176.15,176.25,176.1,176.15,884.0,1723098600.0,2024-08-08 12:00:00+05:30
176.15,176.2,176.15,176.2,644.0,1723098900.0,2024-08-08 12:05:00+05:30
176.2,176.25,176.2,176.2,128.0,1723099200.0,2024-08-08 12:10:00+05:30
176.2,176.3,176.2,176.2,176.0,1723099500.0,2024-08-08 12:15:00+05:30
176.2,176.45,176.2,176.3,1052.0,1723099800.0,2024-08-08 12:20:00+05:30
176.3,176.3,176.3,176.3,0.0,1723100100.0,2024-08-08 12:25:00+05:30
176.5,176.65,176.4,176.65,196.0,1723100400.0,2024-08-08 12:30:00+05:30
176.65,176.65,176.45,176.45,20.0,1723100700.0,2024-08-08 12:35:00+05:30
176.4,176.45,176.35,176.45,556.0,1723101000.0,2024-08-08 12:40:00+05:30
176.45,176.45,176.45,176.45,140.0,1723101300.0,2024-08-08 12:45:00+05:30
176.3,176.3,176.25,176.25,24.0,1723101600.0,2024-08-08 12:50:00+05:30
176.25,176.25,176.25,176.25,0.0,1723101900.0,2024-08-08 12:55:00+05:30
176.25,176.25,176.2,176.2,256.0,1723102200.0,2024-08-08 13:00:00+05:30
176.2,176.4,175.8,175.8,1028.0,1723102500.0,2024-08-08 13:05:00+05:30
175.8,176.0,175.8,176.0,88.0,1723102800.0,2024-08-08 13:10:00+05:30
176.0,176.0,175.75,175.75,1196.0,1723103100.0,2024-08-08 13:15:00+05:30
175.75,175.75,175.55,175.55,252.0,1723103400.0,2024-08-08 13:20:00+05:30
175.55,175.8,175.55,175.8,1224.0,1723103700.0,2024-08-08 13:25:00+05:30
175.5,175.5,175.45,175.45,392.0,1723104000.0,2024-08-08 13:30:00+05:30
175.7,175.75,175.45,175.45,120.0,1723104300.0,2024-08-08 13:35:00+05:30
175.45,175.5,175.45,175.45,248.0,1723104600.0,2024-08-08 13:40:00+05:30
175.65,175.65,175.45,175.45,72.0,1723104900.0,2024-08-08 13:45:00+05:30
175.45,175.75,175.3,175.55,1452.0,1723105200.0,2024-08-08 13:50:00+05:30
175.55,175.55,175.55,175.55,160.0,1723105500.0,2024-08-08 13:55:00+05:30
175.55,175.7,175.55,175.7,64.0,1723105800.0,2024-08-08 14:00:00+05:30
175.55,175.55,175.25,175.25,1836.0,1723106100.0,2024-08-08 14:05:00+05:30
175.25,175.25,175.15,175.25,2816.0,1723106400.0,2024-08-08 14:10:00+05:30
175.3,175.4,175.3,175.3,512.0,1723106700.0,2024-08-08 14:15:00+05:30
175.3,175.3,174.65,174.65,7204.0,1723107000.0,2024-08-08 14:20:00+05:30
174.7,175.25,174.6,175.25,6800.0,1723107300.0,2024-08-08 14:25:00+05:30
175.25,175.45,175.25,175.45,420.0,1723107600.0,2024-08-08 14:30:00+05:30
175.45,175.45,174.9,174.9,1108.0,1723107900.0,2024-08-08 14:35:00+05:30
175.05,175.2,174.9,175.2,1544.0,1723108200.0,2024-08-08 14:40:00+05:30
175.2,175.2,175.0,175.0,316.0,1723108500.0,2024-08-08 14:45:00+05:30
175.0,175.15,175.0,175.15,8.0,1723108800.0,2024-08-08 14:50:00+05:30
175.25,175.3,175.15,175.15,268.0,1723109100.0,2024-08-08 14:55:00+05:30
175.35,175.35,175.15,175.15,532.0,1723109400.0,2024-08-08 15:00:00+05:30
175.15,175.25,174.75,175.1,1012.0,1723109700.0,2024-08-08 15:05:00+05:30
175.0,175.05,174.75,174.8,1276.0,1723110000.0,2024-08-08 15:10:00+05:30
174.8,175.05,174.15,174.45,3828.0,1723110300.0,2024-08-08 15:15:00+05:30
174.35,174.7,174.35,174.4,4836.0,1723110600.0,2024-08-08 15:20:00+05:30
174.55,175.45,174.15,174.3,1768.0,1723110900.0,2024-08-08 15:25:00+05:30
174.3,174.3,174.3,174.3,0.0,1723111200.0,2024-08-08 15:30:00+05:30
178.75,178.75,174.8,176.95,6604.0,1723175100.0,2024-08-09 09:15:00+05:30
176.95,177.35,176.75,177.15,2352.0,1723175400.0,2024-08-09 09:20:00+05:30
177.15,177.2,176.75,176.95,500.0,1723175700.0,2024-08-09 09:25:00+05:30
176.95,177.35,176.4,177.1,9880.0,1723176000.0,2024-08-09 09:30:00+05:30
177.1,177.3,176.75,177.1,2508.0,1723176300.0,2024-08-09 09:35:00+05:30
176.95,177.05,176.65,176.95,1116.0,1723176600.0,2024-08-09 09:40:00+05:30
176.95,176.95,176.6,176.6,396.0,1723176900.0,2024-08-09 09:45:00+05:30
176.6,176.65,176.25,176.55,4560.0,1723177200.0,2024-08-09 09:50:00+05:30
176.55,176.7,176.4,176.4,732.0,1723177500.0,2024-08-09 09:55:00+05:30
176.55,176.55,176.55,176.55,52.0,1723177800.0,2024-08-09 10:00:00+05:30
176.4,176.6,176.0,176.15,308.0,1723178100.0,2024-08-09 10:05:00+05:30
176.2,176.25,175.75,176.0,2716.0,1723178400.0,2024-08-09 10:10:00+05:30
176.0,176.25,176.0,176.25,80.0,1723178700.0,2024-08-09 10:15:00+05:30
176.05,176.05,175.8,175.8,496.0,1723179000.0,2024-08-09 10:20:00+05:30
175.4,175.85,175.4,175.85,3336.0,1723179300.0,2024-08-09 10:25:00+05:30
175.85,175.95,175.85,175.95,112.0,1723179600.0,2024-08-09 10:30:00+05:30
175.95,176.25,175.95,176.0,2424.0,1723179900.0,2024-08-09 10:35:00+05:30
176.2,176.25,176.0,176.25,608.0,1723180200.0,2024-08-09 10:40:00+05:30
176.25,176.3,176.25,176.3,660.0,1723180500.0,2024-08-09 10:45:00+05:30
176.3,176.3,176.3,176.3,0.0,1723180800.0,2024-08-09 10:50:00+05:30
176.55,176.55,176.3,176.3,604.0,1723181100.0,2024-08-09 10:55:00+05:30
176.3,176.45,176.15,176.15,636.0,1723181400.0,2024-08-09 11:00:00+05:30
176.35,176.5,176.0,176.0,1496.0,1723181700.0,2024-08-09 11:05:00+05:30
176.0,176.0,175.75,175.75,120.0,1723182000.0,2024-08-09 11:10:00+05:30
175.5,175.9,175.5,175.9,236.0,1723182300.0,2024-08-09 11:15:00+05:30
175.9,175.9,175.6,175.6,236.0,1723182600.0,2024-08-09 11:20:00+05:30
175.35,175.5,175.25,175.4,8476.0,1723182900.0,2024-08-09 11:25:00+05:30
175.4,175.4,174.9,175.0,936.0,1723183200.0,2024-08-09 11:30:00+05:30
175.0,175.2,175.0,175.2,444.0,1723183500.0,2024-08-09 11:35:00+05:30
175.2,175.3,175.0,175.3,328.0,1723183800.0,2024-08-09 11:40:00+05:30
175.3,175.3,175.3,175.3,200.0,1723184100.0,2024-08-09 11:45:00+05:30
175.3,175.3,175.3,175.3,0.0,1723184400.0,2024-08-09 11:50:00+05:30
175.3,175.45,175.3,175.45,12.0,1723184700.0,2024-08-09 11:55:00+05:30
175.5,175.7,174.9,175.7,4456.0,1723185000.0,2024-08-09 12:00:00+05:30
175.7,175.7,175.4,175.4,128.0,1723185300.0,2024-08-09 12:05:00+05:30
175.4,175.6,175.4,175.6,72.0,1723185600.0,2024-08-09 12:10:00+05:30
175.6,175.6,175.0,175.4,948.0,1723185900.0,2024-08-09 12:15:00+05:30
175.3,175.4,174.9,175.2,196.0,1723186200.0,2024-08-09 12:20:00+05:30
175.2,175.2,175.2,175.2,24.0,1723186500.0,2024-08-09 12:25:00+05:30
175.0,175.6,175.0,175.4,984.0,1723186800.0,2024-08-09 12:30:00+05:30
175.55,175.6,175.4,175.4,104.0,1723187100.0,2024-08-09 12:35:00+05:30
175.4,175.6,175.3,175.6,36.0,1723187400.0,2024-08-09 12:40:00+05:30
175.6,176.4,175.6,176.4,2936.0,1723187700.0,2024-08-09 12:45:00+05:30
176.1,176.15,175.8,175.8,460.0,1723188000.0,2024-08-09 12:50:00+05:30
175.8,176.15,175.5,175.9,1040.0,1723188300.0,2024-08-09 12:55:00+05:30
175.9,175.95,175.5,175.5,2740.0,1723188600.0,2024-08-09 13:00:00+05:30
175.5,175.85,175.5,175.85,372.0,1723188900.0,2024-08-09 13:05:00+05:30
175.85,176.55,175.55,176.55,1336.0,1723189200.0,2024-08-09 13:10:00+05:30
176.55,176.65,175.75,175.75,1232.0,1723189500.0,2024-08-09 13:15:00+05:30
175.65,175.7,175.5,175.7,64.0,1723189800.0,2024-08-09 13:20:00+05:30
175.7,175.7,175.5,175.5,472.0,1723190100.0,2024-08-09 13:25:00+05:30
175.5,175.9,175.5,175.9,116.0,1723190400.0,2024-08-09 13:30:00+05:30
175.9,175.9,175.5,175.5,152.0,1723190700.0,2024-08-09 13:35:00+05:30
175.5,175.8,175.5,175.8,84.0,1723191000.0,2024-08-09 13:40:00+05:30
175.8,175.9,175.8,175.9,52.0,1723191300.0,2024-08-09 13:45:00+05:30
175.9,175.9,175.25,175.25,296.0,1723191600.0,2024-08-09 13:50:00+05:30
175.5,175.6,175.3,175.5,1960.0,1723191900.0,2024-08-09 13:55:00+05:30
175.75,175.75,175.4,175.5,1360.0,1723192200.0,2024-08-09 14:00:00+05:30
175.5,175.5,175.25,175.25,1272.0,1723192500.0,2024-08-09 14:05:00+05:30
175.4,175.4,175.0,175.3,2660.0,1723192800.0,2024-08-09 14:10:00+05:30
175.3,175.4,175.05,175.35,608.0,1723193100.0,2024-08-09 14:15:00+05:30
175.4,175.5,175.05,175.3,1108.0,1723193400.0,2024-08-09 14:20:00+05:30
175.3,175.3,175.3,175.3,92.0,1723193700.0,2024-08-09 14:25:00+05:30
175.3,175.3,175.3,175.3,32.0,1723194000.0,2024-08-09 14:30:00+05:30
175.3,175.3,175.0,175.0,600.0,1723194300.0,2024-08-09 14:35:00+05:30
174.8,175.0,174.55,174.8,4704.0,1723194600.0,2024-08-09 14:40:00+05:30
174.8,174.9,174.7,174.9,444.0,1723194900.0,2024-08-09 14:45:00+05:30
174.55,175.0,174.5,175.0,1208.0,1723195200.0,2024-08-09 14:50:00+05:30
175.0,175.0,174.85,175.0,324.0,1723195500.0,2024-08-09 14:55:00+05:30
175.0,175.0,174.5,174.8,1824.0,1723195800.0,2024-08-09 15:00:00+05:30
174.75,174.85,174.7,174.7,172.0,1723196100.0,2024-08-09 15:05:00+05:30
174.7,174.85,174.5,174.7,1612.0,1723196400.0,2024-08-09 15:10:00+05:30
174.5,174.95,174.45,174.45,3308.0,1723196700.0,2024-08-09 15:15:00+05:30
174.3,174.75,174.0,174.75,10320.0,1723197000.0,2024-08-09 15:20:00+05:30
175.0,175.95,174.6,175.15,5000.0,1723197300.0,2024-08-09 15:25:00+05:30
175.15,175.15,175.15,175.15,0.0,1723197600.0,2024-08-09 15:30:00+05:30
173.85,175.3,173.85,174.8,6080.0,1723434300.0,2024-08-12 09:15:00+05:30
174.75,176.5,174.65,176.2,3288.0,1723434600.0,2024-08-12 09:20:00+05:30
176.2,176.75,175.9,176.2,3264.0,1723434900.0,2024-08-12 09:25:00+05:30
176.45,177.15,176.25,176.9,6464.0,1723435200.0,2024-08-12 09:30:00+05:30
176.9,177.1,176.55,176.9,1892.0,1723435500.0,2024-08-12 09:35:00+05:30
176.6,177.2,176.6,177.1,7560.0,1723435800.0,2024-08-12 09:40:00+05:30
177.0,177.05,176.5,176.85,2580.0,1723436100.0,2024-08-12 09:45:00+05:30
176.8,176.9,176.4,176.4,1108.0,1723436400.0,2024-08-12 09:50:00+05:30
176.0,176.0,175.4,175.75,5932.0,1723436700.0,2024-08-12 09:55:00+05:30
175.5,175.7,175.2,175.35,1040.0,1723437000.0,2024-08-12 10:00:00+05:30
175.55,175.9,175.4,175.55,3692.0,1723437300.0,2024-08-12 10:05:00+05:30
175.8,176.2,175.4,176.2,2512.0,1723437600.0,2024-08-12 10:10:00+05:30
175.7,175.85,175.7,175.8,760.0,1723437900.0,2024-08-12 10:15:00+05:30
176.0,176.25,175.75,176.05,1032.0,1723438200.0,2024-08-12 10:20:00+05:30
176.05,176.05,176.05,176.05,36.0,1723438500.0,2024-08-12 10:25:00+05:30
176.05,177.0,176.05,176.75,4836.0,1723438800.0,2024-08-12 10:30:00+05:30
176.75,176.95,175.9,175.9,2820.0,1723439100.0,2024-08-12 10:35:00+05:30
175.9,176.1,175.65,176.05,2672.0,1723439400.0,2024-08-12 10:40:00+05:30
176.1,176.1,175.75,175.9,536.0,1723439700.0,2024-08-12 10:45:00+05:30
175.9,176.15,175.9,175.9,356.0,1723440000.0,2024-08-12 10:50:00+05:30
176.4,176.4,176.2,176.2,2008.0,1723440300.0,2024-08-12 10:55:00+05:30
176.45,176.55,176.45,176.55,176.0,1723440600.0,2024-08-12 11:00:00+05:30
176.55,176.55,176.3,176.45,340.0,1723440900.0,2024-08-12 11:05:00+05:30
176.5,176.65,176.35,176.6,824.0,1723441200.0,2024-08-12 11:10:00+05:30
176.6,176.65,176.3,176.3,172.0,1723441500.0,2024-08-12 11:15:00+05:30
176.25,176.25,175.95,176.1,2596.0,1723441800.0,2024-08-12 11:20:00+05:30
176.1,176.1,175.65,176.0,1444.0,1723442100.0,2024-08-12 11:25:00+05:30
175.9,176.15,175.85,175.85,512.0,1723442400.0,2024-08-12 11:30:00+05:30
176.05,176.4,175.9,175.9,1280.0,1723442700.0,2024-08-12 11:35:00+05:30
176.2,176.2,175.6,175.7,2696.0,1723443000.0,2024-08-12 11:40:00+05:30
175.85,175.95,175.7,175.75,708.0,1723443300.0,2024-08-12 11:45:00+05:30
175.9,175.9,175.6,175.6,64.0,1723443600.0,2024-08-12 11:50:00+05:30
175.6,175.85,175.6,175.85,60.0,1723443900.0,2024-08-12 11:55:00+05:30
175.85,175.95,175.75,175.75,2956.0,1723444200.0,2024-08-12 12:00:00+05:30
175.75,175.95,175.75,175.75,144.0,1723444500.0,2024-08-12 12:05:00+05:30
175.75,175.9,175.6,175.9,268.0,1723444800.0,2024-08-12 12:10:00+05:30
175.9,175.9,175.7,175.9,160.0,1723445100.0,2024-08-12 12:15:00+05:30
175.9,175.9,175.9,175.9,60.0,1723445400.0,2024-08-12 12:20:00+05:30
175.75,175.9,175.75,175.9,204.0,1723445700.0,2024-08-12 12:25:00+05:30
175.9,176.0,175.9,176.0,88.0,1723446000.0,2024-08-12 12:30:00+05:30
176.0,176.05,175.85,176.05,764.0,1723446300.0,2024-08-12 12:35:00+05:30
176.1,176.1,175.85,176.05,904.0,1723446600.0,2024-08-12 12:40:00+05:30
176.05,176.05,175.85,176.05,272.0,1723446900.0,2024-08-12 12:45:00+05:30
176.4,176.55,176.25,176.55,2584.0,1723447200.0,2024-08-12 12:50:00+05:30
176.4,176.4,176.3,176.3,468.0,1723447500.0,2024-08-12 12:55:00+05:30
176.3,176.4,176.3,176.4,100.0,1723447800.0,2024-08-12 13:00:00+05:30
176.45,176.55,176.45,176.55,436.0,1723448100.0,2024-08-12 13:05:00+05:30
176.55,176.55,176.2,176.2,1240.0,1723448400.0,2024-08-12 13:10:00+05:30
176.2,176.2,176.2,176.2,0.0,1723448700.0,2024-08-12 13:15:00+05:30
176.2,176.2,176.05,176.05,304.0,1723449000.0,2024-08-12 13:20:00+05:30
176.05,176.3,176.05,176.1,392.0,1723449300.0,2024-08-12 13:25:00+05:30
176.1,176.45,176.1,176.3,368.0,1723449600.0,2024-08-12 13:30:00+05:30
176.3,176.45,176.3,176.45,88.0,1723449900.0,2024-08-12 13:35:00+05:30
176.45,176.5,176.25,176.25,1304.0,1723450200.0,2024-08-12 13:40:00+05:30
176.25,176.25,176.25,176.25,0.0,1723450500.0,2024-08-12 13:45:00+05:30
176.45,176.45,176.25,176.25,68.0,1723450800.0,2024-08-12 13:50:00+05:30
176.25,176.25,176.25,176.25,584.0,1723451100.0,2024-08-12 13:55:00+05:30
175.85,175.95,175.7,175.9,10092.0,1723451400.0,2024-08-12 14:00:00+05:30
175.9,175.9,175.7,175.85,104.0,1723451700.0,2024-08-12 14:05:00+05:30
175.85,175.85,175.55,175.8,1184.0,1723452000.0,2024-08-12 14:10:00+05:30
175.8,175.8,175.55,175.8,1396.0,1723452300.0,2024-08-12 14:15:00+05:30
175.8,175.9,175.75,175.8,1828.0,1723452600.0,2024-08-12 14:20:00+05:30
175.65,175.85,175.45,175.75,992.0,1723452900.0,2024-08-12 14:25:00+05:30
175.75,175.75,175.7,175.75,1084.0,1723453200.0,2024-08-12 14:30:00+05:30
175.75,175.75,175.55,175.7,888.0,1723453500.0,2024-08-12 14:35:00+05:30
175.7,175.75,175.7,175.75,1580.0,1723453800.0,2024-08-12 14:40:00+05:30
175.75,175.9,175.65,175.9,484.0,1723454100.0,2024-08-12 14:45:00+05:30
175.9,176.0,175.8,175.8,604.0,1723454400.0,2024-08-12 14:50:00+05:30
175.8,175.9,175.8,175.9,880.0,1723454700.0,2024-08-12 14:55:00+05:30
175.75,175.95,175.75,175.75,1584.0,1723455000.0,2024-08-12 15:00:00+05:30
176.0,176.45,176.0,176.0,2472.0,1723455300.0,2024-08-12 15:05:00+05:30
175.95,176.15,175.55,175.7,1380.0,1723455600.0,2024-08-12 15:10:00+05:30
175.95,175.95,175.65,175.65,1528.0,1723455900.0,2024-08-12 15:15:00+05:30
175.9,176.25,175.3,175.95,4688.0,1723456200.0,2024-08-12 15:20:00+05:30
175.75,176.6,175.3,176.6,2448.0,1723456500.0,2024-08-12 15:25:00+05:30
176.75,177.7,176.0,177.35,6776.0,1723520700.0,2024-08-13 09:15:00+05:30
177.3,177.3,176.1,176.55,1608.0,1723521000.0,2024-08-13 09:20:00+05:30
176.25,176.5,176.15,176.15,684.0,1723521300.0,2024-08-13 09:25:00+05:30
176.15,176.25,176.15,176.25,40.0,1723521600.0,2024-08-13 09:30:00+05:30
176.0,177.8,175.65,176.7,14516.0,1723521900.0,2024-08-13 09:35:00+05:30
176.7,176.7,176.35,176.35,184.0,1723522200.0,2024-08-13 09:40:00+05:30
176.35,176.35,176.15,176.15,124.0,1723522500.0,2024-08-13 09:45:00+05:30
176.45,176.45,176.2,176.45,1648.0,1723522800.0,2024-08-13 09:50:00+05:30
176.45,176.45,176.0,176.35,1112.0,1723523100.0,2024-08-13 09:55:00+05:30
176.2,177.35,176.2,177.35,4784.0,1723523400.0,2024-08-13 10:00:00+05:30
177.35,177.35,176.7,176.7,1308.0,1723523700.0,2024-08-13 10:05:00+05:30
176.7,176.7,176.4,176.6,416.0,1723524000.0,2024-08-13 10:10:00+05:30
176.6,176.6,175.9,175.9,8164.0,1723524300.0,2024-08-13 10:15:00+05:30
176.2,176.2,175.65,175.7,1644.0,1723524600.0,2024-08-13 10:20:00+05:30
176.05,176.05,175.8,175.8,208.0,1723524900.0,2024-08-13 10:25:00+05:30
175.75,175.95,175.75,175.9,1296.0,1723525200.0,2024-08-13 10:30:00+05:30
176.0,176.2,176.0,176.2,360.0,1723525500.0,2024-08-13 10:35:00+05:30
176.0,176.0,176.0,176.0,124.0,1723525800.0,2024-08-13 10:40:00+05:30
176.2,176.35,176.0,176.35,328.0,1723526100.0,2024-08-13 10:45:00+05:30
176.6,176.85,176.5,176.6,1100.0,1723526400.0,2024-08-13 10:50:00+05:30
176.6,176.7,176.6,176.65,1448.0,1723526700.0,2024-08-13 10:55:00+05:30
176.65,176.65,176.65,176.65,0.0,1723527000.0,2024-08-13 11:00:00+05:30
176.65,176.65,176.1,176.45,736.0,1723527300.0,2024-08-13 11:05:00+05:30
176.45,176.45,175.95,176.3,1212.0,1723527600.0,2024-08-13 11:10:00+05:30
176.3,176.3,176.0,176.25,196.0,1723527900.0,2024-08-13 11:15:00+05:30
176.25,176.25,175.95,175.95,848.0,1723528200.0,2024-08-13 11:20:00+05:30
175.95,175.95,175.95,175.95,0.0,1723528500.0,2024-08-13 11:25:00+05:30
175.95,176.25,175.95,176.1,1156.0,1723528800.0,2024-08-13 11:30:00+05:30
176.1,176.25,176.1,176.25,144.0,1723529100.0,2024-08-13 11:35:00+05:30
176.25,176.25,176.0,176.1,168.0,1723529400.0,2024-08-13 11:40:00+05:30
176.1,176.1,176.1,176.1,12.0,1723529700.0,2024-08-13 11:45:00+05:30
176.1,176.25,176.1,176.25,12.0,1723530000.0,2024-08-13 11:50:00+05:30
176.25,176.3,176.0,176.3,1028.0,1723530300.0,2024-08-13 11:55:00+05:30
176.3,176.3,176.0,176.1,516.0,1723530600.0,2024-08-13 12:00:00+05:30
176.0,176.0,175.0,175.4,5188.0,1723530900.0,2024-08-13 12:05:00+05:30
175.4,175.4,174.5,174.55,2160.0,1723531200.0,2024-08-13 12:10:00+05:30
175.0,175.0,173.7,174.4,11572.0,1723531500.0,2024-08-13 12:15:00+05:30
174.5,174.7,174.5,174.5,1416.0,1723531800.0,2024-08-13 12:20:00+05:30
174.5,174.75,174.25,174.25,2420.0,1723532100.0,2024-08-13 12:25:00+05:30
174.25,174.5,174.25,174.25,712.0,1723532400.0,2024-08-13 12:30:00+05:30
174.5,174.5,173.05,173.9,8904.0,1723532700.0,2024-08-13 12:35:00+05:30
173.9,174.1,173.65,173.8,452.0,1723533000.0,2024-08-13 12:40:00+05:30
173.5,173.75,173.5,173.7,188.0,1723533300.0,2024-08-13 12:45:00+05:30
173.7,173.9,173.7,173.9,60.0,1723533600.0,2024-08-13 12:50:00+05:30
173.7,173.95,173.7,173.95,296.0,1723533900.0,2024-08-13 12:55:00+05:30
173.65,173.65,173.65,173.65,232.0,1723534200.0,2024-08-13 13:00:00+05:30
173.65,173.65,173.65,173.65,56.0,1723534500.0,2024-08-13 13:05:00+05:30
173.65,173.95,173.65,173.95,404.0,1723534800.0,2024-08-13 13:10:00+05:30
173.95,173.95,173.95,173.95,0.0,1723535100.0,2024-08-13 13:15:00+05:30
173.95,173.95,173.95,173.95,144.0,1723535400.0,2024-08-13 13:20:00+05:30
173.95,173.95,173.6,173.6,440.0,1723535700.0,2024-08-13 13:25:00+05:30
173.6,174.3,173.6,174.2,9212.0,1723536000.0,2024-08-13 13:30:00+05:30
174.25,174.25,174.0,174.05,92.0,1723536300.0,2024-08-13 13:35:00+05:30
174.05,174.2,173.95,174.15,148.0,1723536600.0,2024-08-13 13:40:00+05:30
174.15,174.15,174.0,174.0,4.0,1723536900.0,2024-08-13 13:45:00+05:30
174.0,174.0,173.95,174.0,108.0,1723537200.0,2024-08-13 13:50:00+05:30
174.0,174.15,173.6,173.85,1456.0,1723537500.0,2024-08-13 13:55:00+05:30
173.75,173.8,173.45,173.5,2904.0,1723537800.0,2024-08-13 14:00:00+05:30
173.75,173.8,173.5,173.8,424.0,1723538100.0,2024-08-13 14:05:00+05:30
173.55,173.9,173.55,173.9,496.0,1723538400.0,2024-08-13 14:10:00+05:30
173.9,173.9,173.5,173.6,332.0,1723538700.0,2024-08-13 14:15:00+05:30
173.6,173.95,173.5,173.6,2824.0,1723539000.0,2024-08-13 14:20:00+05:30
173.6,173.6,173.6,173.6,36.0,1723539300.0,2024-08-13 14:25:00+05:30
173.65,174.0,173.5,173.5,496.0,1723539600.0,2024-08-13 14:30:00+05:30
173.5,173.75,173.5,173.5,284.0,1723539900.0,2024-08-13 14:35:00+05:30
173.5,173.75,173.5,173.75,124.0,1723540200.0,2024-08-13 14:40:00+05:30
173.75,173.75,173.55,173.55,136.0,1723540500.0,2024-08-13 14:45:00+05:30
173.55,173.55,173.25,173.3,920.0,1723540800.0,2024-08-13 14:50:00+05:30
173.3,173.45,172.75,172.75,1948.0,1723541100.0,2024-08-13 14:55:00+05:30
172.8,172.9,172.15,172.25,5556.0,1723541400.0,2024-08-13 15:00:00+05:30
172.25,172.3,172.25,172.3,316.0,1723541700.0,2024-08-13 15:05:00+05:30
172.5,172.5,171.55,171.9,3500.0,1723542000.0,2024-08-13 15:10:00+05:30
171.9,171.9,171.1,171.25,7516.0,1723542300.0,2024-08-13 15:15:00+05:30
171.1,171.8,170.8,171.8,6896.0,1723542600.0,2024-08-13 15:20:00+05:30
171.6,172.2,171.5,172.2,9604.0,1723542900.0,2024-08-13 15:25:00+05:30
172.2,172.2,172.2,172.2,0.0,1723543200.0,2024-08-13 15:30:00+05:30
172.5,173.0,169.0,170.8,8848.0,1723607100.0,2024-08-14 09:15:00+05:30
171.15,171.25,170.2,170.5,1500.0,1723607400.0,2024-08-14 09:20:00+05:30
170.5,171.05,170.5,170.7,864.0,1723607700.0,2024-08-14 09:25:00+05:30
170.35,170.65,169.25,169.5,5676.0,1723608000.0,2024-08-14 09:30:00+05:30
169.55,169.7,168.25,169.6,5856.0,1723608300.0,2024-08-14 09:35:00+05:30
169.25,169.9,169.15,169.15,4400.0,1723608600.0,2024-08-14 09:40:00+05:30
169.5,171.1,169.5,170.9,5080.0,1723608900.0,2024-08-14 09:45:00+05:30
171.0,171.75,169.8,170.5,7192.0,1723609200.0,2024-08-14 09:50:00+05:30
170.5,171.05,170.3,170.5,1136.0,1723609500.0,2024-08-14 09:55:00+05:30
170.6,171.25,170.6,171.2,1488.0,1723609800.0,2024-08-14 10:00:00+05:30
171.2,171.35,171.0,171.05,2440.0,1723610100.0,2024-08-14 10:05:00+05:30
171.3,171.3,170.65,170.65,1408.0,1723610400.0,2024-08-14 10:10:00+05:30
170.9,171.15,170.7,170.85,1072.0,1723610700.0,2024-08-14 10:15:00+05:30
170.85,170.85,170.5,170.85,1604.0,1723611000.0,2024-08-14 10:20:00+05:30
170.65,170.75,170.65,170.75,172.0,1723611300.0,2024-08-14 10:25:00+05:30
170.6,170.6,170.25,170.45,324.0,1723611600.0,2024-08-14 10:30:00+05:30
170.45,171.0,170.45,170.7,528.0,1723611900.0,2024-08-14 10:35:00+05:30
170.7,171.1,170.7,171.1,660.0,1723612200.0,2024-08-14 10:40:00+05:30
171.1,171.25,170.7,171.05,1392.0,1723612500.0,2024-08-14 10:45:00+05:30
171.0,171.05,170.85,170.85,2448.0,1723612800.0,2024-08-14 10:50:00+05:30
170.65,170.75,170.0,170.0,1720.0,1723613100.0,2024-08-14 10:55:00+05:30
170.25,170.7,170.25,170.35,552.0,1723613400.0,2024-08-14 11:00:00+05:30
170.15,170.7,169.75,169.75,6808.0,1723613700.0,2024-08-14 11:05:00+05:30
169.75,170.2,169.75,170.2,916.0,1723614000.0,2024-08-14 11:10:00+05:30
169.95,170.05,169.25,170.05,6324.0,1723614300.0,2024-08-14 11:15:00+05:30
170.05,170.05,169.7,169.95,196.0,1723614600.0,2024-08-14 11:20:00+05:30
169.65,170.3,169.65,170.3,184.0,1723614900.0,2024-08-14 11:25:00+05:30
170.05,170.1,169.8,170.05,356.0,1723615200.0,2024-08-14 11:30:00+05:30
170.1,170.35,169.6,170.1,604.0,1723615500.0,2024-08-14 11:35:00+05:30
170.1,170.4,169.3,169.7,856.0,1723615800.0,2024-08-14 11:40:00+05:30
169.85,169.95,169.7,169.85,168.0,1723616100.0,2024-08-14 11:45:00+05:30
169.85,170.0,169.5,169.85,3844.0,1723616400.0,2024-08-14 11:50:00+05:30
169.85,169.85,169.6,169.7,704.0,1723616700.0,2024-08-14 11:55:00+05:30
169.7,169.7,169.25,169.6,1412.0,1723617000.0,2024-08-14 12:00:00+05:30
169.7,169.7,169.7,169.7,260.0,1723617300.0,2024-08-14 12:05:00+05:30
169.7,169.8,169.4,169.6,1320.0,1723617600.0,2024-08-14 12:10:00+05:30
169.6,169.7,169.6,169.7,568.0,1723617900.0,2024-08-14 12:15:00+05:30
169.7,170.05,169.7,170.05,288.0,1723618200.0,2024-08-14 12:20:00+05:30
170.2,170.35,169.7,169.7,612.0,1723618500.0,2024-08-14 12:25:00+05:30
169.8,169.95,169.8,169.9,144.0,1723618800.0,2024-08-14 12:30:00+05:30
169.9,169.95,169.7,169.9,228.0,1723619100.0,2024-08-14 12:35:00+05:30
169.9,169.9,169.6,169.9,44.0,1723619400.0,2024-08-14 12:40:00+05:30
169.9,169.9,169.9,169.9,128.0,1723619700.0,2024-08-14 12:45:00+05:30
169.9,170.3,169.65,169.8,640.0,1723620000.0,2024-08-14 12:50:00+05:30
169.8,170.1,169.8,169.9,8.0,1723620300.0,2024-08-14 12:55:00+05:30
169.9,169.9,169.9,169.9,12.0,1723620600.0,2024-08-14 13:00:00+05:30
169.9,170.1,169.9,170.1,188.0,1723620900.0,2024-08-14 13:05:00+05:30
170.1,170.15,169.95,169.95,1284.0,1723621200.0,2024-08-14 13:10:00+05:30
170.2,170.2,169.65,169.65,980.0,1723621500.0,2024-08-14 13:15:00+05:30
169.65,169.85,169.6,169.65,100.0,1723621800.0,2024-08-14 13:20:00+05:30
169.65,169.9,169.55,169.55,10524.0,1723622100.0,2024-08-14 13:25:00+05:30
169.5,169.7,169.5,169.7,228.0,1723622400.0,2024-08-14 13:30:00+05:30
169.7,169.7,169.55,169.55,172.0,1723622700.0,2024-08-14 13:35:00+05:30
169.55,169.55,169.55,169.55,0.0,1723623000.0,2024-08-14 13:40:00+05:30
169.55,169.8,169.5,169.5,1204.0,1723623300.0,2024-08-14 13:45:00+05:30
169.5,169.75,169.5,169.55,112.0,1723623600.0,2024-08-14 13:50:00+05:30
169.75,169.75,169.55,169.55,24.0,1723623900.0,2024-08-14 13:55:00+05:30
169.55,170.0,169.5,169.9,1712.0,1723624200.0,2024-08-14 14:00:00+05:30
169.9,169.9,169.7,169.7,96.0,1723624500.0,2024-08-14 14:05:00+05:30
169.75,169.85,169.5,169.85,1340.0,1723624800.0,2024-08-14 14:10:00+05:30
169.75,169.9,169.75,169.9,80.0,1723625100.0,2024-08-14 14:15:00+05:30
169.9,169.95,169.75,169.75,216.0,1723625400.0,2024-08-14 14:20:00+05:30
169.9,170.0,163.75,165.65,68264.0,1723625700.0,2024-08-14 14:25:00+05:30
165.9,167.75,163.3,166.5,77236.0,1723626000.0,2024-08-14 14:30:00+05:30
166.45,166.45,157.0,157.7,239956.0,1723626300.0,2024-08-14 14:35:00+05:30
157.1,158.35,157.0,158.2,152604.0,1723626600.0,2024-08-14 14:40:00+05:30
158.0,158.15,157.0,157.4,143196.0,1723626900.0,2024-08-14 14:45:00+05:30
157.45,157.6,156.0,157.0,89212.0,1723627200.0,2024-08-14 14:50:00+05:30
157.0,159.95,155.9,159.2,144720.0,1723627500.0,2024-08-14 14:55:00+05:30
159.2,164.7,158.0,162.65,131748.0,1723627800.0,2024-08-14 15:00:00+05:30
162.55,164.75,159.65,160.75,212420.0,1723628100.0,2024-08-14 15:05:00+05:30
160.75,163.1,159.25,162.0,90912.0,1723628400.0,2024-08-14 15:10:00+05:30
162.5,163.0,160.55,160.9,93848.0,1723628700.0,2024-08-14 15:15:00+05:30
160.9,162.75,160.8,161.2,58316.0,1723629000.0,2024-08-14 15:20:00+05:30
161.1,165.5,160.95,164.5,197432.0,1723629300.0,2024-08-14 15:25:00+05:30
162.1,163.0,158.25,158.25,44532.0,1723779900.0,2024-08-16 09:15:00+05:30
158.05,158.85,153.5,156.4,131572.0,1723780200.0,2024-08-16 09:20:00+05:30
156.3,156.55,151.5,153.95,121916.0,1723780500.0,2024-08-16 09:25:00+05:30
154.1,155.25,153.5,155.25,61308.0,1723780800.0,2024-08-16 09:30:00+05:30
155.0,156.5,154.4,154.85,42976.0,1723781100.0,2024-08-16 09:35:00+05:30
154.95,155.0,153.8,154.75,27572.0,1723781400.0,2024-08-16 09:40:00+05:30
154.75,154.75,153.3,153.6,31844.0,1723781700.0,2024-08-16 09:45:00+05:30
153.6,153.75,152.8,153.25,22904.0,1723782000.0,2024-08-16 09:50:00+05:30
153.35,154.25,153.25,154.1,17328.0,1723782300.0,2024-08-16 09:55:00+05:30
154.1,154.2,153.25,154.0,102156.0,1723782600.0,2024-08-16 10:00:00+05:30
154.0,154.2,153.75,154.2,14036.0,1723782900.0,2024-08-16 10:05:00+05:30
154.2,154.2,153.45,153.9,76860.0,1723783200.0,2024-08-16 10:10:00+05:30
153.9,154.0,153.3,153.9,5508.0,1723783500.0,2024-08-16 10:15:00+05:30
153.9,153.9,153.4,153.75,18880.0,1723783800.0,2024-08-16 10:20:00+05:30
153.75,154.05,153.5,153.75,36492.0,1723784100.0,2024-08-16 10:25:00+05:30
153.75,154.45,153.5,154.15,58316.0,1723784400.0,2024-08-16 10:30:00+05:30
154.15,154.25,153.75,153.9,10188.0,1723784700.0,2024-08-16 10:35:00+05:30
153.9,154.05,153.4,154.0,20996.0,1723785000.0,2024-08-16 10:40:00+05:30
154.1,154.35,153.55,154.0,53880.0,1723785300.0,2024-08-16 10:45:00+05:30
154.0,154.3,153.55,153.85,48444.0,1723785600.0,2024-08-16 10:50:00+05:30
153.85,154.2,153.65,153.75,21612.0,1723785900.0,2024-08-16 10:55:00+05:30
153.75,154.0,153.65,153.75,11360.0,1723786200.0,2024-08-16 11:00:00+05:30
153.75,153.85,153.7,153.75,13376.0,1723786500.0,2024-08-16 11:05:00+05:30
153.75,153.95,153.75,153.75,35424.0,1723786800.0,2024-08-16 11:10:00+05:30
153.75,153.9,153.7,153.75,41068.0,1723787100.0,2024-08-16 11:15:00+05:30
153.75,153.85,153.7,153.75,24416.0,1723787400.0,2024-08-16 11:20:00+05:30
153.75,153.95,153.75,153.75,15260.0,1723787700.0,2024-08-16 11:25:00+05:30
153.75,154.05,153.75,153.9,29448.0,1723788000.0,2024-08-16 11:30:00+05:30
153.9,154.2,153.9,154.1,13432.0,1723788300.0,2024-08-16 11:35:00+05:30
154.1,154.7,154.1,154.55,17316.0,1723788600.0,2024-08-16 11:40:00+05:30
154.4,155.1,154.4,154.9,7836.0,1723788900.0,2024-08-16 11:45:00+05:30
155.1,155.45,155.0,155.1,19096.0,1723789200.0,2024-08-16 11:50:00+05:30
155.1,155.5,155.05,155.3,13008.0,1723789500.0,2024-08-16 11:55:00+05:30
155.25,155.5,154.8,155.4,51412.0,1723789800.0,2024-08-16 12:00:00+05:30
155.4,155.95,155.3,155.75,46120.0,1723790100.0,2024-08-16 12:05:00+05:30
155.8,156.1,155.55,156.1,41308.0,1723790400.0,2024-08-16 12:10:00+05:30
156.0,156.2,155.9,155.9,21860.0,1723790700.0,2024-08-16 12:15:00+05:30
155.9,156.5,155.9,156.25,23948.0,1723791000.0,2024-08-16 12:20:00+05:30
156.25,156.6,156.25,156.25,21016.0,1723791300.0,2024-08-16 12:25:00+05:30
156.25,156.7,156.25,156.25,17052.0,1723791600.0,2024-08-16 12:30:00+05:30
156.25,157.15,156.25,157.0,32144.0,1723791900.0,2024-08-16 12:35:00+05:30
157.0,157.6,156.95,157.5,32052.0,1723792200.0,2024-08-16 12:40:00+05:30
157.5,157.9,157.4,157.75,28556.0,1723792500.0,2024-08-16 12:45:00+05:30
157.75,159.4,157.75,159.25,42572.0,1723792800.0,2024-08-16 12:50:00+05:30
159.25,159.6,158.5,159.0,19908.0,1723793100.0,2024-08-16 12:55:00+05:30
159.0,159.9,158.5,159.9,18736.0,1723793400.0,2024-08-16 13:00:00+05:30
159.75,160.65,159.75,160.5,49452.0,1723793700.0,2024-08-16 13:05:00+05:30
160.5,160.75,160.05,160.55,12480.0,1723794000.0,2024-08-16 13:10:00+05:30
160.55,160.75,160.4,160.6,11008.0,1723794300.0,2024-08-16 13:15:00+05:30
160.6,160.9,160.25,160.75,26872.0,1723794600.0,2024-08-16 13:20:00+05:30
160.75,161.4,160.6,161.25,22540.0,1723794900.0,2024-08-16 13:25:00+05:30
161.25,161.6,161.0,161.4,14880.0,1723795200.0,2024-08-16 13:30:00+05:30
161.4,162.0,161.4,161.9,20916.0,1723795500.0,2024-08-16 13:35:00+05:30
161.95,162.25,161.9,162.2,35772.0,1723795800.0,2024-08-16 13:40:00+05:30
162.2,162.25,161.25,161.25,18040.0,1723796100.0,2024-08-16 13:45:00+05:30
161.25,161.75,161.25,161.7,24608.0,1723796400.0,2024-08-16 13:50:00+05:30
161.7,161.85,161.7,161.7,7784.0,1723796700.0,2024-08-16 13:55:00+05:30
161.7,161.75,161.7,161.7,7236.0,1723797000.0,2024-08-16 14:00:00+05:30
161.85,161.85,161.7,161.7,25792.0,1723797300.0,2024-08-16 14:05:00+05:30
161.8,161.9,161.7,161.7,15152.0,1723797600.0,2024-08-16 14:10:00+05:30
161.8,162.05,161.7,161.9,16264.0,1723797900.0,2024-08-16 14:15:00+05:30
161.9,162.1,161.8,162.0,17128.0,1723798200.0,2024-08-16 14:20:00+05:30
162.0,162.2,162.0,162.05,11156.0,1723798500.0,2024-08-16 14:25:00+05:30
162.05,162.2,162.05,162.1,10832.0,1723798800.0,2024-08-16 14:30:00+05:30
162.1,162.25,162.05,162.1,7888.0,1723799100.0,2024-08-16 14:35:00+05:30
162.1,162.2,162.1,162.1,13092.0,1723799400.0,2024-08-16 14:40:00+05:30
162.1,162.2,162.1,162.1,8016.0,1723799700.0,2024-08-16 14:45:00+05:30
162.2,162.2,162.05,162.1,5292.0,1723800000.0,2024-08-16 14:50:00+05:30
162.1,163.25,162.1,162.7,21592.0,1723800300.0,2024-08-16 14:55:00+05:30
162.7,162.7,162.5,162.5,9004.0,1723800600.0,2024-08-16 15:00:00+05:30
162.5,162.95,162.45,162.5,28096.0,1723800900.0,2024-08-16 15:05:00+05:30
162.5,162.85,162.5,162.6,19352.0,1723801200.0,2024-08-16 15:10:00+05:30
162.6,163.35,162.5,162.5,23852.0,1723801500.0,2024-08-16 15:15:00+05:30
162.5,162.9,162.5,162.5,18464.0,1723801800.0,2024-08-16 15:20:00+05:30
162.55,162.65,162.0,162.5,53752.0,1723802100.0,2024-08-16 15:25:00+05:30
163.3,170.35,163.3,164.6,70564.0,1724039100.0,2024-08-19 09:15:00+05:30
164.4,164.5,162.1,162.45,40620.0,1724039400.0,2024-08-19 09:20:00+05:30
162.5,162.75,160.55,160.55,36536.0,1724039700.0,2024-08-19 09:25:00+05:30
160.5,161.2,160.0,160.5,17464.0,1724040000.0,2024-08-19 09:30:00+05:30
160.1,162.25,160.0,162.0,20248.0,1724040300.0,2024-08-19 09:35:00+05:30
162.0,162.8,161.7,162.5,31140.0,1724040600.0,2024-08-19 09:40:00+05:30
162.5,163.45,162.45,163.45,17816.0,1724040900.0,2024-08-19 09:45:00+05:30
163.35,163.45,162.8,163.0,8624.0,1724041200.0,2024-08-19 09:50:00+05:30
163.25,163.3,162.5,162.5,9368.0,1724041500.0,2024-08-19 09:55:00+05:30
162.5,162.8,162.5,162.8,17716.0,1724041800.0,2024-08-19 10:00:00+05:30
162.7,164.9,162.5,164.65,37252.0,1724042100.0,2024-08-19 10:05:00+05:30
164.6,166.5,163.4,164.0,36472.0,1724042400.0,2024-08-19 10:10:00+05:30
164.0,164.65,163.5,163.5,21408.0,1724042700.0,2024-08-19 10:15:00+05:30
163.5,164.3,163.5,164.2,10728.0,1724043000.0,2024-08-19 10:20:00+05:30
164.1,164.35,163.7,163.9,12824.0,1724043300.0,2024-08-19 10:25:00+05:30
163.95,164.55,163.95,164.15,11940.0,1724043600.0,2024-08-19 10:30:00+05:30
164.15,164.75,164.15,164.4,9580.0,1724043900.0,2024-08-19 10:35:00+05:30
164.2,165.2,164.1,165.05,12740.0,1724044200.0,2024-08-19 10:40:00+05:30
164.9,165.1,164.0,164.0,14320.0,1724044500.0,2024-08-19 10:45:00+05:30
164.0,164.2,163.5,164.1,9152.0,1724044800.0,2024-08-19 10:50:00+05:30
164.0,164.5,163.85,164.5,12740.0,1724045100.0,2024-08-19 10:55:00+05:30
164.4,164.55,163.65,163.7,8736.0,1724045400.0,2024-08-19 11:00:00+05:30
163.7,163.9,163.5,163.7,9744.0,1724045700.0,2024-08-19 11:05:00+05:30
163.5,163.9,163.25,163.25,8968.0,1724046000.0,2024-08-19 11:10:00+05:30
163.25,163.5,163.0,163.0,7520.0,1724046300.0,2024-08-19 11:15:00+05:30
163.0,163.5,163.0,163.0,10016.0,1724046600.0,2024-08-19 11:20:00+05:30
163.2,163.45,163.0,163.05,9120.0,1724046900.0,2024-08-19 11:25:00+05:30
163.05,163.3,163.0,163.0,6660.0,1724047200.0,2024-08-19 11:30:00+05:30
163.0,163.85,162.5,163.55,24520.0,1724047500.0,2024-08-19 11:35:00+05:30
163.55,163.85,162.7,162.7,7640.0,1724047800.0,2024-08-19 11:40:00+05:30
162.6,163.05,162.5,162.5,7284.0,1724048100.0,2024-08-19 11:45:00+05:30
162.5,162.8,162.5,162.5,10336.0,1724048400.0,2024-08-19 11:50:00+05:30
162.5,163.0,162.5,162.8,17812.0,1724048700.0,2024-08-19 11:55:00+05:30
162.8,163.0,162.5,162.9,8416.0,1724049000.0,2024-08-19 12:00:00+05:30
162.75,162.9,162.5,162.55,7568.0,1724049300.0,2024-08-19 12:05:00+05:30
162.55,162.8,162.5,162.5,7044.0,1724049600.0,2024-08-19 12:10:00+05:30
162.5,162.75,162.45,162.5,7104.0,1724049900.0,2024-08-19 12:15:00+05:30
162.5,162.85,162.5,162.6,8008.0,1724050200.0,2024-08-19 12:20:00+05:30
162.6,163.7,162.5,162.75,10944.0,1724050500.0,2024-08-19 12:25:00+05:30
162.75,163.2,162.5,162.5,8024.0,1724050800.0,2024-08-19 12:30:00+05:30
162.5,162.85,162.5,162.5,11580.0,1724051100.0,2024-08-19 12:35:00+05:30
162.5,162.9,162.5,162.8,9300.0,1724051400.0,2024-08-19 12:40:00+05:30
162.8,164.45,162.7,164.3,43432.0,1724051700.0,2024-08-19 12:45:00+05:30
164.3,165.5,163.65,165.45,44176.0,1724052000.0,2024-08-19 12:50:00+05:30
165.45,166.55,164.95,165.8,14020.0,1724052300.0,2024-08-19 12:55:00+05:30
165.75,166.2,165.05,165.3,14580.0,1724052600.0,2024-08-19 13:00:00+05:30
165.25,165.9,165.25,165.3,15000.0,1724052900.0,2024-08-19 13:05:00+05:30
165.3,165.5,165.0,165.0,15944.0,1724053200.0,2024-08-19 13:10:00+05:30
165.0,165.45,165.0,165.45,7728.0,1724053500.0,2024-08-19 13:15:00+05:30
165.3,165.6,165.0,165.4,9312.0,1724053800.0,2024-08-19 13:20:00+05:30
165.6,165.6,165.05,165.15,11404.0,1724054100.0,2024-08-19 13:25:00+05:30
165.1,165.75,165.1,165.15,8428.0,1724054400.0,2024-08-19 13:30:00+05:30
165.2,165.65,165.05,165.45,13096.0,1724054700.0,2024-08-19 13:35:00+05:30
165.65,166.15,165.25,165.85,19416.0,1724055000.0,2024-08-19 13:40:00+05:30
165.75,166.1,164.9,164.9,56980.0,1724055300.0,2024-08-19 13:45:00+05:30
164.95,164.95,164.05,164.4,18232.0,1724055600.0,2024-08-19 13:50:00+05:30
164.5,164.8,163.85,163.95,9228.0,1724055900.0,2024-08-19 13:55:00+05:30
163.95,164.45,163.75,164.25,12352.0,1724056200.0,2024-08-19 14:00:00+05:30
164.25,164.7,163.9,164.55,15880.0,1724056500.0,2024-08-19 14:05:00+05:30
164.5,164.65,164.05,164.15,9508.0,1724056800.0,2024-08-19 14:10:00+05:30
164.1,164.45,163.9,164.3,24068.0,1724057100.0,2024-08-19 14:15:00+05:30
164.3,164.45,164.3,164.3,916.0,1724057400.0,2024-08-19 14:20:00+05:30
164.3,164.3,163.95,163.95,12000.0,1724057700.0,2024-08-19 14:25:00+05:30
164.0,164.5,163.95,164.05,35876.0,1724058000.0,2024-08-19 14:30:00+05:30
164.25,164.35,164.0,164.0,6624.0,1724058300.0,2024-08-19 14:35:00+05:30
164.0,164.25,163.8,164.0,5452.0,1724058600.0,2024-08-19 14:40:00+05:30
164.0,165.75,163.95,165.7,13016.0,1724058900.0,2024-08-19 14:45:00+05:30
165.55,166.65,165.55,166.4,10372.0,1724059200.0,2024-08-19 14:50:00+05:30
166.3,166.7,166.3,166.5,3204.0,1724059500.0,2024-08-19 14:55:00+05:30
166.5,167.2,166.25,166.45,24828.0,1724059800.0,2024-08-19 15:00:00+05:30
166.45,166.75,166.25,166.45,8108.0,1724060100.0,2024-08-19 15:05:00+05:30
166.45,166.45,165.6,165.9,17220.0,1724060400.0,2024-08-19 15:10:00+05:30
165.9,166.0,165.3,165.65,11164.0,1724060700.0,2024-08-19 15:15:00+05:30
165.65,165.7,165.25,165.3,8892.0,1724061000.0,2024-08-19 15:20:00+05:30
165.55,165.7,164.5,165.0,10640.0,1724061300.0,2024-08-19 15:25:00+05:30
165.0,165.0,165.0,165.0,0.0,1724061600.0,2024-08-19 15:30:00+05:30
164.35,166.45,162.8,166.3,40732.0,1724125500.0,2024-08-20 09:15:00+05:30
166.3,167.05,165.9,166.6,78840.0,1724125800.0,2024-08-20 09:20:00+05:30
166.2,167.0,166.2,166.95,10136.0,1724126100.0,2024-08-20 09:25:00+05:30
167.05,167.05,166.3,166.5,3292.0,1724126400.0,2024-08-20 09:30:00+05:30
166.55,166.75,166.5,166.7,3452.0,1724126700.0,2024-08-20 09:35:00+05:30
166.55,166.85,166.55,166.75,1628.0,1724127000.0,2024-08-20 09:40:00+05:30
166.8,167.2,166.8,167.2,2664.0,1724127300.0,2024-08-20 09:45:00+05:30
167.0,167.4,167.0,167.2,2896.0,1724127600.0,2024-08-20 09:50:00+05:30
167.2,167.4,167.2,167.2,664.0,1724127900.0,2024-08-20 09:55:00+05:30
167.4,167.45,167.2,167.25,2828.0,1724128200.0,2024-08-20 10:00:00+05:30
167.25,168.5,167.25,168.2,9784.0,1724128500.0,2024-08-20 10:05:00+05:30
168.05,168.05,167.35,167.75,3296.0,1724128800.0,2024-08-20 10:10:00+05:30
167.4,167.65,166.75,166.95,21124.0,1724129100.0,2024-08-20 10:15:00+05:30
166.9,167.05,166.75,166.85,5088.0,1724129400.0,2024-08-20 10:20:00+05:30
167.0,167.2,167.0,167.2,920.0,1724129700.0,2024-08-20 10:25:00+05:30
167.0,167.25,167.0,167.0,60.0,1724130000.0,2024-08-20 10:30:00+05:30
167.0,167.25,166.2,167.1,33580.0,1724130300.0,2024-08-20 10:35:00+05:30
167.1,167.1,165.0,166.5,62560.0,1724130600.0,2024-08-20 10:40:00+05:30
166.45,166.5,166.4,166.45,256.0,1724130900.0,2024-08-20 10:45:00+05:30
166.5,166.5,166.35,166.5,1376.0,1724131200.0,2024-08-20 10:50:00+05:30
166.5,166.7,166.5,166.7,884.0,1724131500.0,2024-08-20 10:55:00+05:30
166.75,166.75,166.5,166.5,1252.0,1724131800.0,2024-08-20 11:00:00+05:30
166.5,166.75,166.5,166.75,5052.0,1724132100.0,2024-08-20 11:05:00+05:30
166.75,167.2,166.5,166.95,4964.0,1724132400.0,2024-08-20 11:10:00+05:30
167.2,167.2,166.9,167.05,488.0,1724132700.0,2024-08-20 11:15:00+05:30
167.1,167.15,166.9,167.1,68.0,1724133000.0,2024-08-20 11:20:00+05:30
166.9,166.9,166.65,166.65,956.0,1724133300.0,2024-08-20 11:25:00+05:30
166.8,167.0,166.75,167.0,444.0,1724133600.0,2024-08-20 11:30:00+05:30
167.0,167.0,166.5,166.6,13532.0,1724133900.0,2024-08-20 11:35:00+05:30
166.5,166.8,166.0,166.8,8932.0,1724134200.0,2024-08-20 11:40:00+05:30
166.9,167.0,166.75,166.9,632.0,1724134500.0,2024-08-20 11:45:00+05:30
167.0,167.05,166.8,166.8,544.0,1724134800.0,2024-08-20 11:50:00+05:30
166.8,166.95,166.8,166.85,1408.0,1724135100.0,2024-08-20 11:55:00+05:30
166.65,166.8,166.6,166.6,408.0,1724135400.0,2024-08-20 12:00:00+05:30
166.75,166.75,166.3,166.55,6920.0,1724135700.0,2024-08-20 12:05:00+05:30
166.55,167.5,166.5,167.25,20620.0,1724136000.0,2024-08-20 12:10:00+05:30
167.4,167.75,166.6,166.75,16504.0,1724136300.0,2024-08-20 12:15:00+05:30
166.9,167.25,166.75,167.15,13548.0,1724136600.0,2024-08-20 12:20:00+05:30
167.05,167.3,167.05,167.25,56.0,1724136900.0,2024-08-20 12:25:00+05:30
167.1,167.1,167.1,167.1,692.0,1724137200.0,2024-08-20 12:30:00+05:30
166.85,166.95,166.8,166.8,200.0,1724137500.0,2024-08-20 12:35:00+05:30
166.95,166.95,166.75,166.9,472.0,1724137800.0,2024-08-20 12:40:00+05:30
166.9,166.9,166.9,166.9,20.0,1724138100.0,2024-08-20 12:45:00+05:30
166.9,167.4,166.9,167.2,3164.0,1724138400.0,2024-08-20 12:50:00+05:30
167.2,167.25,167.15,167.2,36.0,1724138700.0,2024-08-20 12:55:00+05:30
167.2,167.4,167.0,167.25,1680.0,1724139000.0,2024-08-20 13:00:00+05:30
167.25,167.3,167.15,167.15,416.0,1724139300.0,2024-08-20 13:05:00+05:30
167.15,167.35,167.15,167.3,220.0,1724139600.0,2024-08-20 13:10:00+05:30
167.3,167.3,167.2,167.2,36.0,1724139900.0,2024-08-20 13:15:00+05:30
167.2,167.25,167.15,167.15,796.0,1724140200.0,2024-08-20 13:20:00+05:30
167.25,167.25,167.15,167.15,612.0,1724140500.0,2024-08-20 13:25:00+05:30
167.25,167.25,167.15,167.25,84.0,1724140800.0,2024-08-20 13:30:00+05:30
167.2,167.25,167.2,167.25,7736.0,1724141100.0,2024-08-20 13:35:00+05:30
167.2,167.35,167.0,167.0,2200.0,1724141400.0,2024-08-20 13:40:00+05:30
167.0,167.0,166.6,166.6,10520.0,1724141700.0,2024-08-20 13:45:00+05:30
166.6,167.0,166.6,166.8,15032.0,1724142000.0,2024-08-20 13:50:00+05:30
166.8,167.0,166.5,166.8,15560.0,1724142300.0,2024-08-20 13:55:00+05:30
166.8,166.95,166.75,166.8,1056.0,1724142600.0,2024-08-20 14:00:00+05:30
166.8,166.95,166.55,166.95,2036.0,1724142900.0,2024-08-20 14:05:00+05:30
166.8,166.95,166.75,166.9,1268.0,1724143200.0,2024-08-20 14:10:00+05:30
166.8,167.05,166.7,166.8,3244.0,1724143500.0,2024-08-20 14:15:00+05:30
166.8,167.0,166.8,166.8,1656.0,1724143800.0,2024-08-20 14:20:00+05:30
166.8,166.95,166.75,166.95,1192.0,1724144100.0,2024-08-20 14:25:00+05:30
166.95,166.95,166.75,166.9,1104.0,1724144400.0,2024-08-20 14:30:00+05:30
166.8,166.95,166.75,166.95,3440.0,1724144700.0,2024-08-20 14:35:00+05:30
166.95,166.95,166.75,166.95,3756.0,1724145000.0,2024-08-20 14:40:00+05:30
166.8,167.05,166.8,166.95,972.0,1724145300.0,2024-08-20 14:45:00+05:30
167.0,167.45,166.9,167.45,1600.0,1724145600.0,2024-08-20 14:50:00+05:30
167.45,167.45,167.0,167.35,5320.0,1724145900.0,2024-08-20 14:55:00+05:30
167.35,167.45,166.9,167.1,5136.0,1724146200.0,2024-08-20 15:00:00+05:30
167.3,167.35,166.8,167.1,4096.0,1724146500.0,2024-08-20 15:05:00+05:30
167.2,167.25,166.95,167.0,2624.0,1724146800.0,2024-08-20 15:10:00+05:30
166.75,167.15,166.75,166.8,3312.0,1724147100.0,2024-08-20 15:15:00+05:30
166.8,166.95,166.75,166.8,8868.0,1724147400.0,2024-08-20 15:20:00+05:30
166.8,166.95,166.3,166.8,11516.0,1724147700.0,2024-08-20 15:25:00+05:30
166.8,166.8,166.8,166.8,0.0,1724148000.0,2024-08-20 15:30:00+05:30
165.25,167.9,165.25,167.5,12824.0,1724211900.0,2024-08-21 09:15:00+05:30
167.5,167.5,166.9,167.25,1096.0,1724212200.0,2024-08-21 09:20:00+05:30
167.3,167.75,166.75,166.75,14136.0,1724212500.0,2024-08-21 09:25:00+05:30
166.7,166.7,166.0,166.2,5632.0,1724212800.0,2024-08-21 09:30:00+05:30
166.2,166.2,165.35,166.1,16548.0,1724213100.0,2024-08-21 09:35:00+05:30
166.1,166.65,165.75,166.65,4960.0,1724213400.0,2024-08-21 09:40:00+05:30
166.7,167.0,166.5,166.75,2160.0,1724213700.0,2024-08-21 09:45:00+05:30
167.0,167.45,166.8,167.45,2544.0,1724214000.0,2024-08-21 09:50:00+05:30
167.5,167.9,167.5,167.8,6204.0,1724214300.0,2024-08-21 09:55:00+05:30
167.8,168.0,167.5,167.9,5400.0,1724214600.0,2024-08-21 10:00:00+05:30
167.9,168.0,167.5,167.85,3800.0,1724214900.0,2024-08-21 10:05:00+05:30
167.95,168.25,167.65,168.2,9540.0,1724215200.0,2024-08-21 10:10:00+05:30
168.25,169.5,168.25,169.5,35852.0,1724215500.0,2024-08-21 10:15:00+05:30
169.6,170.0,169.0,169.2,8160.0,1724215800.0,2024-08-21 10:20:00+05:30
169.05,169.4,168.85,168.9,6776.0,1724216100.0,2024-08-21 10:25:00+05:30
169.0,169.25,168.9,169.1,2544.0,1724216400.0,2024-08-21 10:30:00+05:30
169.25,169.4,169.0,169.1,4236.0,1724216700.0,2024-08-21 10:35:00+05:30
169.25,169.6,169.25,169.6,7788.0,1724217000.0,2024-08-21 10:40:00+05:30
169.4,169.6,169.0,169.0,2836.0,1724217300.0,2024-08-21 10:45:00+05:30
169.25,169.25,168.9,168.95,1332.0,1724217600.0,2024-08-21 10:50:00+05:30
169.0,169.3,169.0,169.3,4708.0,1724217900.0,2024-08-21 10:55:00+05:30
169.35,169.4,169.2,169.2,392.0,1724218200.0,2024-08-21 11:00:00+05:30
169.3,169.3,168.75,168.75,6264.0,1724218500.0,2024-08-21 11:05:00+05:30
169.0,169.1,168.9,169.1,1916.0,1724218800.0,2024-08-21 11:10:00+05:30
169.1,169.3,169.05,169.3,320.0,1724219100.0,2024-08-21 11:15:00+05:30
169.4,169.6,169.15,169.6,5280.0,1724219400.0,2024-08-21 11:20:00+05:30
169.6,169.65,169.4,169.65,2232.0,1724219700.0,2024-08-21 11:25:00+05:30
169.4,169.55,169.4,169.5,528.0,1724220000.0,2024-08-21 11:30:00+05:30
169.55,169.55,169.35,169.5,660.0,1724220300.0,2024-08-21 11:35:00+05:30
169.5,169.55,169.25,169.55,828.0,1724220600.0,2024-08-21 11:40:00+05:30
169.35,169.55,169.3,169.5,184.0,1724220900.0,2024-08-21 11:45:00+05:30
169.5,169.55,169.35,169.5,376.0,1724221200.0,2024-08-21 11:50:00+05:30
169.5,169.55,169.4,169.55,520.0,1724221500.0,2024-08-21 11:55:00+05:30
169.4,169.4,169.4,169.4,680.0,1724221800.0,2024-08-21 12:00:00+05:30
169.4,169.4,169.1,169.2,1428.0,1724222100.0,2024-08-21 12:05:00+05:30
169.25,169.4,169.1,169.1,11112.0,1724222400.0,2024-08-21 12:10:00+05:30
169.15,169.25,168.75,169.05,5140.0,1724222700.0,2024-08-21 12:15:00+05:30
169.05,169.05,169.05,169.05,60.0,1724223000.0,2024-08-21 12:20:00+05:30
169.05,169.1,169.05,169.1,580.0,1724223300.0,2024-08-21 12:25:00+05:30
169.1,169.1,168.3,168.3,14608.0,1724223600.0,2024-08-21 12:30:00+05:30
168.3,168.6,168.05,168.3,15816.0,1724223900.0,2024-08-21 12:35:00+05:30
168.3,168.65,168.3,168.65,4028.0,1724224200.0,2024-08-21 12:40:00+05:30
168.5,168.5,168.3,168.3,948.0,1724224500.0,2024-08-21 12:45:00+05:30
168.3,168.3,168.05,168.25,1724.0,1724224800.0,2024-08-21 12:50:00+05:30
168.2,168.35,168.15,168.2,2296.0,1724225100.0,2024-08-21 12:55:00+05:30
168.15,168.25,168.15,168.25,2684.0,1724225400.0,2024-08-21 13:00:00+05:30
168.25,169.0,168.25,168.9,4904.0,1724225700.0,2024-08-21 13:05:00+05:30
168.55,168.9,168.3,168.3,1544.0,1724226000.0,2024-08-21 13:10:00+05:30
168.3,168.3,168.05,168.05,3932.0,1724226300.0,2024-08-21 13:15:00+05:30
168.05,168.3,168.05,168.05,852.0,1724226600.0,2024-08-21 13:20:00+05:30
168.3,168.6,168.2,168.6,16812.0,1724226900.0,2024-08-21 13:25:00+05:30
168.6,169.2,168.4,168.85,13236.0,1724227200.0,2024-08-21 13:30:00+05:30
168.8,169.3,168.75,169.05,3360.0,1724227500.0,2024-08-21 13:35:00+05:30
169.05,169.35,168.95,169.35,1088.0,1724227800.0,2024-08-21 13:40:00+05:30
169.5,169.7,169.35,169.7,3632.0,1724228100.0,2024-08-21 13:45:00+05:30
169.5,170.5,169.45,170.5,35584.0,1724228400.0,2024-08-21 13:50:00+05:30
170.45,170.5,170.3,170.45,2216.0,1724228700.0,2024-08-21 13:55:00+05:30
170.5,170.5,170.25,170.4,4792.0,1724229000.0,2024-08-21 14:00:00+05:30
170.4,170.55,170.4,170.55,608.0,1724229300.0,2024-08-21 14:05:00+05:30
170.75,171.0,170.5,171.0,11848.0,1724229600.0,2024-08-21 14:10:00+05:30
170.8,171.25,170.75,170.75,3260.0,1724229900.0,2024-08-21 14:15:00+05:30
170.75,171.05,170.75,170.75,404.0,1724230200.0,2024-08-21 14:20:00+05:30
170.75,171.5,170.75,171.3,13332.0,1724230500.0,2024-08-21 14:25:00+05:30
171.45,171.95,171.25,171.75,35692.0,1724230800.0,2024-08-21 14:30:00+05:30
171.75,172.75,171.75,172.25,31740.0,1724231100.0,2024-08-21 14:35:00+05:30
172.25,172.8,171.95,172.8,5216.0,1724231400.0,2024-08-21 14:40:00+05:30
172.6,172.75,172.25,172.25,4352.0,1724231700.0,2024-08-21 14:45:00+05:30
172.45,172.8,172.4,172.75,1752.0,1724232000.0,2024-08-21 14:50:00+05:30
172.75,172.75,172.25,172.65,19428.0,1724232300.0,2024-08-21 14:55:00+05:30
172.65,172.65,172.5,172.6,8500.0,1724232600.0,2024-08-21 15:00:00+05:30
172.5,173.2,172.5,172.8,27728.0,1724232900.0,2024-08-21 15:05:00+05:30
172.95,172.95,172.5,172.7,12864.0,1724233200.0,2024-08-21 15:10:00+05:30
172.7,172.9,172.3,172.75,19948.0,1724233500.0,2024-08-21 15:15:00+05:30
172.55,172.85,172.25,172.5,30860.0,1724233800.0,2024-08-21 15:20:00+05:30
172.5,172.8,172.4,172.4,8848.0,1724234100.0,2024-08-21 15:25:00+05:30
172.5,175.95,172.5,175.6,80944.0,1724298300.0,2024-08-22 09:15:00+05:30
175.75,177.25,175.5,176.45,20424.0,1724298600.0,2024-08-22 09:20:00+05:30
176.2,176.2,174.75,175.35,16204.0,1724298900.0,2024-08-22 09:25:00+05:30
175.4,175.95,175.0,175.5,7196.0,1724299200.0,2024-08-22 09:30:00+05:30
175.5,175.65,175.4,175.6,1804.0,1724299500.0,2024-08-22 09:35:00+05:30
175.4,176.1,175.4,175.8,3708.0,1724299800.0,2024-08-22 09:40:00+05:30
175.5,177.0,175.5,176.55,16848.0,1724300100.0,2024-08-22 09:45:00+05:30
176.55,177.0,175.65,176.55,11532.0,1724300400.0,2024-08-22 09:50:00+05:30
176.55,176.55,175.8,175.8,3948.0,1724300700.0,2024-08-22 09:55:00+05:30
175.75,175.75,174.9,175.4,14836.0,1724301000.0,2024-08-22 10:00:00+05:30
175.2,175.45,174.75,174.75,47108.0,1724301300.0,2024-08-22 10:05:00+05:30
174.75,175.0,172.15,173.0,83908.0,1724301600.0,2024-08-22 10:10:00+05:30
173.1,174.85,172.5,174.85,8216.0,1724301900.0,2024-08-22 10:15:00+05:30
174.85,175.4,174.5,175.15,5276.0,1724302200.0,2024-08-22 10:20:00+05:30
175.15,175.3,175.0,175.3,2228.0,1724302500.0,2024-08-22 10:25:00+05:30
175.3,175.4,175.15,175.4,1744.0,1724302800.0,2024-08-22 10:30:00+05:30
175.4,175.4,175.1,175.1,776.0,1724303100.0,2024-08-22 10:35:00+05:30
175.4,175.4,175.4,175.4,176.0,1724303400.0,2024-08-22 10:40:00+05:30
175.4,175.4,175.4,175.4,184.0,1724303700.0,2024-08-22 10:45:00+05:30
175.4,175.45,175.25,175.25,564.0,1724304000.0,2024-08-22 10:50:00+05:30
175.25,175.45,174.95,175.25,18248.0,1724304300.0,2024-08-22 10:55:00+05:30
175.25,176.5,175.15,176.3,19404.0,1724304600.0,2024-08-22 11:00:00+05:30
176.05,176.05,175.9,176.05,2704.0,1724304900.0,2024-08-22 11:05:00+05:30
176.0,176.0,175.8,175.8,2656.0,1724305200.0,2024-08-22 11:10:00+05:30
175.8,175.9,175.8,175.8,232.0,1724305500.0,2024-08-22 11:15:00+05:30
176.0,176.0,175.8,175.8,392.0,1724305800.0,2024-08-22 11:20:00+05:30
175.8,176.0,175.75,175.75,1088.0,1724306100.0,2024-08-22 11:25:00+05:30
175.5,175.7,175.5,175.7,592.0,1724306400.0,2024-08-22 11:30:00+05:30
175.55,175.8,175.55,175.8,4576.0,1724306700.0,2024-08-22 11:35:00+05:30
175.65,175.75,175.55,175.75,2208.0,1724307000.0,2024-08-22 11:40:00+05:30
175.5,175.5,175.45,175.45,2320.0,1724307300.0,2024-08-22 11:45:00+05:30
175.45,175.45,175.1,175.4,236.0,1724307600.0,2024-08-22 11:50:00+05:30
175.4,175.4,175.4,175.4,64.0,1724307900.0,2024-08-22 11:55:00+05:30
175.4,175.4,175.15,175.15,436.0,1724308200.0,2024-08-22 12:00:00+05:30
175.0,175.75,175.0,175.75,13724.0,1724308500.0,2024-08-22 12:05:00+05:30
175.5,175.9,175.5,175.55,7080.0,1724308800.0,2024-08-22 12:10:00+05:30
175.75,176.2,175.35,176.0,5568.0,1724309100.0,2024-08-22 12:15:00+05:30
176.0,176.25,175.6,175.7,5572.0,1724309400.0,2024-08-22 12:20:00+05:30
175.7,175.7,175.6,175.7,1164.0,1724309700.0,2024-08-22 12:25:00+05:30
175.7,175.7,175.7,175.7,644.0,1724310000.0,2024-08-22 12:30:00+05:30
175.7,175.7,175.3,175.5,740.0,1724310300.0,2024-08-22 12:35:00+05:30
175.5,175.5,175.25,175.25,2816.0,1724310600.0,2024-08-22 12:40:00+05:30
175.25,175.5,175.1,175.45,940.0,1724310900.0,2024-08-22 12:45:00+05:30
175.45,175.45,175.25,175.25,2056.0,1724311200.0,2024-08-22 12:50:00+05:30
175.25,175.45,175.25,175.3,132.0,1724311500.0,2024-08-22 12:55:00+05:30
175.25,175.55,175.2,175.2,828.0,1724311800.0,2024-08-22 13:00:00+05:30
175.2,175.2,175.0,175.0,1388.0,1724312100.0,2024-08-22 13:05:00+05:30
175.0,175.3,175.0,175.0,440.0,1724312400.0,2024-08-22 13:10:00+05:30
175.0,175.2,175.0,175.2,540.0,1724312700.0,2024-08-22 13:15:00+05:30
175.0,175.2,175.0,175.05,6440.0,1724313000.0,2024-08-22 13:20:00+05:30
175.05,175.25,174.95,175.25,8192.0,1724313300.0,2024-08-22 13:25:00+05:30
175.1,175.25,175.0,175.0,920.0,1724313600.0,2024-08-22 13:30:00+05:30
175.0,175.2,174.35,175.0,87972.0,1724313900.0,2024-08-22 13:35:00+05:30
175.0,175.25,174.95,175.25,11028.0,1724314200.0,2024-08-22 13:40:00+05:30
175.45,175.5,175.45,175.5,464.0,1724314500.0,2024-08-22 13:45:00+05:30
175.3,175.5,175.0,175.2,5376.0,1724314800.0,2024-08-22 13:50:00+05:30
175.25,175.25,175.0,175.0,1044.0,1724315100.0,2024-08-22 13:55:00+05:30
175.0,175.25,175.0,175.2,1844.0,1724315400.0,2024-08-22 14:00:00+05:30
175.2,175.45,175.0,175.45,1988.0,1724315700.0,2024-08-22 14:05:00+05:30
175.5,175.6,175.1,175.4,8072.0,1724316000.0,2024-08-22 14:10:00+05:30
175.15,175.25,175.0,175.2,4024.0,1724316300.0,2024-08-22 14:15:00+05:30
175.0,175.25,175.0,175.25,3488.0,1724316600.0,2024-08-22 14:20:00+05:30
175.25,175.25,175.0,175.2,904.0,1724316900.0,2024-08-22 14:25:00+05:30
175.2,175.2,175.0,175.2,764.0,1724317200.0,2024-08-22 14:30:00+05:30
175.2,175.2,175.0,175.2,808.0,1724317500.0,2024-08-22 14:35:00+05:30
175.0,175.2,175.0,175.1,1336.0,1724317800.0,2024-08-22 14:40:00+05:30
175.1,175.25,175.1,175.1,500.0,1724318100.0,2024-08-22 14:45:00+05:30
175.1,175.25,175.1,175.25,1176.0,1724318400.0,2024-08-22 14:50:00+05:30
175.1,176.15,175.1,175.75,15476.0,1724318700.0,2024-08-22 14:55:00+05:30
175.75,176.2,175.5,176.05,6220.0,1724319000.0,2024-08-22 15:00:00+05:30
176.1,176.1,175.75,175.85,5060.0,1724319300.0,2024-08-22 15:05:00+05:30
175.85,176.0,175.1,175.35,96736.0,1724319600.0,2024-08-22 15:10:00+05:30
175.0,175.25,174.95,175.0,17236.0,1724319900.0,2024-08-22 15:15:00+05:30
175.0,175.25,175.0,175.0,6668.0,1724320200.0,2024-08-22 15:20:00+05:30
175.0,175.25,175.0,175.25,31540.0,1724320500.0,2024-08-22 15:25:00+05:30
175.25,175.25,175.25,175.25,0.0,1724320800.0,2024-08-22 15:30:00+05:30
175.5,176.6,175.0,175.0,9420.0,1724384700.0,2024-08-23 09:15:00+05:30
175.0,175.8,175.0,175.65,3312.0,1724385000.0,2024-08-23 09:20:00+05:30
175.65,175.65,175.1,175.25,1820.0,1724385300.0,2024-08-23 09:25:00+05:30
175.25,175.25,174.15,174.55,5540.0,1724385600.0,2024-08-23 09:30:00+05:30
174.5,174.75,173.95,174.75,10400.0,1724385900.0,2024-08-23 09:35:00+05:30
174.95,175.35,174.95,175.3,2220.0,1724386200.0,2024-08-23 09:40:00+05:30
175.3,175.3,174.8,174.8,6096.0,1724386500.0,2024-08-23 09:45:00+05:30
174.8,175.0,174.7,174.95,416.0,1724386800.0,2024-08-23 09:50:00+05:30
174.75,175.0,174.75,175.0,1804.0,1724387100.0,2024-08-23 09:55:00+05:30
175.0,175.25,175.0,175.0,856.0,1724387400.0,2024-08-23 10:00:00+05:30
175.0,175.5,175.0,175.5,2124.0,1724387700.0,2024-08-23 10:05:00+05:30
175.5,175.75,175.3,175.6,1500.0,1724388000.0,2024-08-23 10:10:00+05:30
175.6,175.75,175.4,175.5,968.0,1724388300.0,2024-08-23 10:15:00+05:30
175.5,175.5,175.2,175.4,472.0,1724388600.0,2024-08-23 10:20:00+05:30
175.2,176.05,175.15,175.75,3552.0,1724388900.0,2024-08-23 10:25:00+05:30
175.75,175.9,175.5,175.55,1852.0,1724389200.0,2024-08-23 10:30:00+05:30
175.25,175.7,175.25,175.7,1440.0,1724389500.0,2024-08-23 10:35:00+05:30
175.7,175.7,175.6,175.6,104.0,1724389800.0,2024-08-23 10:40:00+05:30
175.7,175.75,175.55,175.7,308.0,1724390100.0,2024-08-23 10:45:00+05:30
175.7,175.8,175.7,175.8,528.0,1724390400.0,2024-08-23 10:50:00+05:30
175.8,175.8,175.45,175.45,288.0,1724390700.0,2024-08-23 10:55:00+05:30
175.25,175.55,175.05,175.4,2428.0,1724391000.0,2024-08-23 11:00:00+05:30
175.4,176.0,175.4,175.7,15356.0,1724391300.0,2024-08-23 11:05:00+05:30
175.7,176.0,175.6,175.95,1344.0,1724391600.0,2024-08-23 11:10:00+05:30
175.95,175.95,175.75,175.75,764.0,1724391900.0,2024-08-23 11:15:00+05:30
175.75,175.95,175.75,175.75,780.0,1724392200.0,2024-08-23 11:20:00+05:30
175.75,176.25,175.5,176.25,11704.0,1724392500.0,2024-08-23 11:25:00+05:30
176.35,176.6,176.2,176.5,1036.0,1724392800.0,2024-08-23 11:30:00+05:30
176.45,176.5,176.0,176.0,1396.0,1724393100.0,2024-08-23 11:35:00+05:30
176.0,176.2,176.0,176.0,172.0,1724393400.0,2024-08-23 11:40:00+05:30
176.0,176.45,176.0,176.2,2212.0,1724393700.0,2024-08-23 11:45:00+05:30
176.45,176.45,176.25,176.25,112.0,1724394000.0,2024-08-23 11:50:00+05:30
176.25,176.25,176.0,176.0,732.0,1724394300.0,2024-08-23 11:55:00+05:30
175.9,176.1,175.85,175.85,200.0,1724394600.0,2024-08-23 12:00:00+05:30
175.85,176.0,175.8,175.95,352.0,1724394900.0,2024-08-23 12:05:00+05:30
175.95,175.95,175.75,175.85,1012.0,1724395200.0,2024-08-23 12:10:00+05:30
175.85,176.0,175.5,175.5,9956.0,1724395500.0,2024-08-23 12:15:00+05:30
175.6,176.8,175.6,176.75,13568.0,1724395800.0,2024-08-23 12:20:00+05:30
176.7,176.7,176.25,176.25,1500.0,1724396100.0,2024-08-23 12:25:00+05:30
176.1,176.45,176.0,176.05,3560.0,1724396400.0,2024-08-23 12:30:00+05:30
176.25,176.65,176.05,176.4,9172.0,1724396700.0,2024-08-23 12:35:00+05:30
176.55,176.95,176.4,176.95,1964.0,1724397000.0,2024-08-23 12:40:00+05:30
177.0,177.0,176.65,176.75,6956.0,1724397300.0,2024-08-23 12:45:00+05:30
176.75,177.15,176.65,176.75,9564.0,1724397600.0,2024-08-23 12:50:00+05:30
176.75,177.25,176.75,177.15,2844.0,1724397900.0,2024-08-23 12:55:00+05:30
177.0,177.25,177.0,177.0,5300.0,1724398200.0,2024-08-23 13:00:00+05:30
177.0,177.95,177.0,177.7,18116.0,1724398500.0,2024-08-23 13:05:00+05:30
177.9,177.95,177.55,177.8,1024.0,1724398800.0,2024-08-23 13:10:00+05:30
177.55,177.75,177.55,177.75,2292.0,1724399100.0,2024-08-23 13:15:00+05:30
177.75,177.75,177.55,177.75,372.0,1724399400.0,2024-08-23 13:20:00+05:30
177.75,177.75,177.5,177.55,856.0,1724399700.0,2024-08-23 13:25:00+05:30
177.55,177.55,177.2,177.35,3328.0,1724400000.0,2024-08-23 13:30:00+05:30
177.3,177.5,177.0,177.2,8420.0,1724400300.0,2024-08-23 13:35:00+05:30
177.35,177.5,177.2,177.5,3016.0,1724400600.0,2024-08-23 13:40:00+05:30
177.5,177.5,177.3,177.3,232.0,1724400900.0,2024-08-23 13:45:00+05:30
177.5,177.65,177.3,177.65,4208.0,1724401200.0,2024-08-23 13:50:00+05:30
177.65,178.75,177.4,178.35,114024.0,1724401500.0,2024-08-23 13:55:00+05:30
178.3,178.3,177.75,178.0,5160.0,1724401800.0,2024-08-23 14:00:00+05:30
177.75,177.85,177.5,177.5,364.0,1724402100.0,2024-08-23 14:05:00+05:30
177.5,177.5,177.2,177.4,6276.0,1724402400.0,2024-08-23 14:10:00+05:30
177.25,177.5,177.2,177.5,9872.0,1724402700.0,2024-08-23 14:15:00+05:30
177.5,177.8,177.25,177.75,1944.0,1724403000.0,2024-08-23 14:20:00+05:30
177.9,178.0,177.65,178.0,7456.0,1724403300.0,2024-08-23 14:25:00+05:30
178.0,178.1,177.75,177.85,2420.0,1724403600.0,2024-08-23 14:30:00+05:30
178.0,178.0,177.7,177.7,1792.0,1724403900.0,2024-08-23 14:35:00+05:30
177.7,177.7,177.5,177.7,820.0,1724404200.0,2024-08-23 14:40:00+05:30
177.7,178.4,177.7,178.4,10776.0,1724404500.0,2024-08-23 14:45:00+05:30
177.8,178.45,177.8,178.2,3376.0,1724404800.0,2024-08-23 14:50:00+05:30
178.2,178.2,177.65,177.95,2080.0,1724405100.0,2024-08-23 14:55:00+05:30
177.7,178.4,177.65,178.15,14936.0,1724405400.0,2024-08-23 15:00:00+05:30
178.15,178.35,177.85,178.2,3008.0,1724405700.0,2024-08-23 15:05:00+05:30
178.0,178.6,177.55,177.55,14764.0,1724406000.0,2024-08-23 15:10:00+05:30
177.75,178.15,177.2,177.45,26840.0,1724406300.0,2024-08-23 15:15:00+05:30
177.45,177.45,177.2,177.2,17812.0,1724406600.0,2024-08-23 15:20:00+05:30
177.25,178.0,177.25,177.5,25724.0,1724406900.0,2024-08-23 15:25:00+05:30
176.25,177.5,176.25,176.8,2540.0,1724643900.0,2024-08-26 09:15:00+05:30
176.95,176.95,176.25,176.5,14096.0,1724644200.0,2024-08-26 09:20:00+05:30
176.25,176.65,176.25,176.6,1660.0,1724644500.0,2024-08-26 09:25:00+05:30
176.6,176.75,176.45,176.5,1032.0,1724644800.0,2024-08-26 09:30:00+05:30
176.65,176.8,176.5,176.7,4380.0,1724645100.0,2024-08-26 09:35:00+05:30
176.5,176.7,175.75,176.2,2380.0,1724645400.0,2024-08-26 09:40:00+05:30
176.45,176.45,175.9,176.25,2088.0,1724645700.0,2024-08-26 09:45:00+05:30
175.3,175.75,175.05,175.05,32968.0,1724646000.0,2024-08-26 09:50:00+05:30
175.25,175.75,175.1,175.4,9092.0,1724646300.0,2024-08-26 09:55:00+05:30
175.55,175.55,175.3,175.3,820.0,1724646600.0,2024-08-26 10:00:00+05:30
175.3,175.3,175.0,175.25,1076.0,1724646900.0,2024-08-26 10:05:00+05:30
175.25,175.35,175.0,175.1,2244.0,1724647200.0,2024-08-26 10:10:00+05:30
175.1,175.5,175.1,175.5,3348.0,1724647500.0,2024-08-26 10:15:00+05:30
175.65,176.6,175.5,176.35,25448.0,1724647800.0,2024-08-26 10:20:00+05:30
176.35,177.25,176.25,177.1,10336.0,1724648100.0,2024-08-26 10:25:00+05:30
177.25,177.5,177.1,177.5,28608.0,1724648400.0,2024-08-26 10:30:00+05:30
177.85,177.85,176.75,177.25,102696.0,1724648700.0,2024-08-26 10:35:00+05:30
176.85,176.85,176.45,176.8,14972.0,1724649000.0,2024-08-26 10:40:00+05:30
176.8,177.05,176.25,176.5,68912.0,1724649300.0,2024-08-26 10:45:00+05:30
176.5,176.8,174.0,174.6,122436.0,1724649600.0,2024-08-26 10:50:00+05:30
174.85,175.05,174.6,174.6,2820.0,1724649900.0,2024-08-26 10:55:00+05:30
174.55,174.8,174.25,174.75,4188.0,1724650200.0,2024-08-26 11:00:00+05:30
174.75,174.8,174.25,174.5,1724.0,1724650500.0,2024-08-26 11:05:00+05:30
174.5,174.8,174.5,174.5,7880.0,1724650800.0,2024-08-26 11:10:00+05:30
174.75,175.0,174.75,175.0,6068.0,1724651100.0,2024-08-26 11:15:00+05:30
175.0,175.5,175.0,175.45,2940.0,1724651400.0,2024-08-26 11:20:00+05:30
175.45,175.7,175.35,175.7,11416.0,1724651700.0,2024-08-26 11:25:00+05:30
175.7,175.95,175.6,175.9,6176.0,1724652000.0,2024-08-26 11:30:00+05:30
175.9,176.0,175.7,176.0,2312.0,1724652300.0,2024-08-26 11:35:00+05:30
176.1,176.1,175.9,176.1,3828.0,1724652600.0,2024-08-26 11:40:00+05:30
176.1,176.1,176.1,176.1,628.0,1724652900.0,2024-08-26 11:45:00+05:30
176.0,176.5,176.0,176.3,30348.0,1724653200.0,2024-08-26 11:50:00+05:30
176.5,176.5,176.3,176.3,588.0,1724653500.0,2024-08-26 11:55:00+05:30
176.3,176.5,176.3,176.3,360.0,1724653800.0,2024-08-26 12:00:00+05:30
176.3,176.3,176.25,176.25,3256.0,1724654100.0,2024-08-26 12:05:00+05:30
176.25,176.45,176.25,176.45,10708.0,1724654400.0,2024-08-26 12:10:00+05:30
176.45,176.45,176.25,176.25,652.0,1724654700.0,2024-08-26 12:15:00+05:30
176.25,176.65,176.2,176.5,7788.0,1724655000.0,2024-08-26 12:20:00+05:30
176.5,176.7,176.45,176.55,4712.0,1724655300.0,2024-08-26 12:25:00+05:30
176.55,177.5,176.5,177.1,21716.0,1724655600.0,2024-08-26 12:30:00+05:30
177.1,177.1,176.9,177.1,11388.0,1724655900.0,2024-08-26 12:35:00+05:30
177.5,177.5,177.25,177.25,664.0,1724656200.0,2024-08-26 12:40:00+05:30
177.25,177.35,177.1,177.1,4036.0,1724656500.0,2024-08-26 12:45:00+05:30
177.1,177.35,177.1,177.15,5100.0,1724656800.0,2024-08-26 12:50:00+05:30
177.15,177.15,177.15,177.15,0.0,1724657100.0,2024-08-26 12:55:00+05:30
177.15,177.15,177.1,177.1,6420.0,1724657400.0,2024-08-26 13:00:00+05:30
177.1,177.5,177.1,177.3,5572.0,1724657700.0,2024-08-26 13:05:00+05:30
177.2,177.2,177.2,177.2,268.0,1724658000.0,2024-08-26 13:10:00+05:30
177.1,177.15,177.0,177.15,10972.0,1724658300.0,2024-08-26 13:15:00+05:30
177.15,177.15,177.15,177.15,0.0,1724658600.0,2024-08-26 13:20:00+05:30
177.15,177.4,176.9,177.4,14836.0,1724658900.0,2024-08-26 13:25:00+05:30
177.15,177.4,177.1,177.1,2408.0,1724659200.0,2024-08-26 13:30:00+05:30
177.1,177.35,177.1,177.35,2116.0,1724659500.0,2024-08-26 13:35:00+05:30
177.35,177.35,177.0,177.25,9792.0,1724659800.0,2024-08-26 13:40:00+05:30
177.0,177.25,177.0,177.25,4276.0,1724660100.0,2024-08-26 13:45:00+05:30
177.05,177.1,177.0,177.1,4564.0,1724660400.0,2024-08-26 13:50:00+05:30
177.1,177.4,177.1,177.4,7520.0,1724660700.0,2024-08-26 13:55:00+05:30
177.4,177.7,177.25,177.7,17968.0,1724661000.0,2024-08-26 14:00:00+05:30
177.75,177.85,177.6,177.6,1240.0,1724661300.0,2024-08-26 14:05:00+05:30
177.6,177.6,177.5,177.55,284.0,1724661600.0,2024-08-26 14:10:00+05:30
177.5,177.5,177.5,177.5,6304.0,1724661900.0,2024-08-26 14:15:00+05:30
177.5,178.35,177.5,178.05,7772.0,1724662200.0,2024-08-26 14:20:00+05:30
178.05,178.6,177.5,177.5,12272.0,1724662500.0,2024-08-26 14:25:00+05:30
177.8,177.85,177.5,177.8,25348.0,1724662800.0,2024-08-26 14:30:00+05:30
177.8,177.9,177.75,177.9,156.0,1724663100.0,2024-08-26 14:35:00+05:30
177.9,177.95,177.75,177.9,5640.0,1724663400.0,2024-08-26 14:40:00+05:30
177.9,177.9,177.5,177.8,928.0,1724663700.0,2024-08-26 14:45:00+05:30
177.55,177.55,177.25,177.25,1124.0,1724664000.0,2024-08-26 14:50:00+05:30
177.25,177.45,176.9,177.3,1724.0,1724664300.0,2024-08-26 14:55:00+05:30
177.2,177.5,177.05,177.5,14720.0,1724664600.0,2024-08-26 15:00:00+05:30
177.5,177.7,177.25,177.45,1320.0,1724664900.0,2024-08-26 15:05:00+05:30
177.45,177.45,176.0,176.0,3400.0,1724665200.0,2024-08-26 15:10:00+05:30
175.9,176.5,175.6,175.9,7236.0,1724665500.0,2024-08-26 15:15:00+05:30
175.85,176.65,175.35,175.35,20868.0,1724665800.0,2024-08-26 15:20:00+05:30
175.35,176.3,175.25,176.1,9428.0,1724666100.0,2024-08-26 15:25:00+05:30
176.25,177.9,175.6,176.25,10412.0,1724730300.0,2024-08-27 09:15:00+05:30
176.0,176.3,176.0,176.0,344.0,1724730600.0,2024-08-27 09:20:00+05:30
176.3,176.65,175.3,176.4,15264.0,1724730900.0,2024-08-27 09:25:00+05:30
176.6,176.9,176.35,176.85,3860.0,1724731200.0,2024-08-27 09:30:00+05:30
176.85,176.85,176.0,176.4,4332.0,1724731500.0,2024-08-27 09:35:00+05:30
176.35,176.9,176.3,176.75,7568.0,1724731800.0,2024-08-27 09:40:00+05:30
176.7,176.8,176.25,176.25,1820.0,1724732100.0,2024-08-27 09:45:00+05:30
176.15,176.4,176.05,176.35,2804.0,1724732400.0,2024-08-27 09:50:00+05:30
176.3,176.3,176.05,176.3,152.0,1724732700.0,2024-08-27 09:55:00+05:30
176.1,177.0,176.1,176.85,3144.0,1724733000.0,2024-08-27 10:00:00+05:30
176.45,176.7,176.1,176.1,996.0,1724733300.0,2024-08-27 10:05:00+05:30
175.95,176.2,175.95,176.15,692.0,1724733600.0,2024-08-27 10:10:00+05:30
176.1,176.4,175.95,176.4,4836.0,1724733900.0,2024-08-27 10:15:00+05:30
176.4,176.4,176.4,176.4,0.0,1724734200.0,2024-08-27 10:20:00+05:30
176.45,176.6,176.1,176.5,2856.0,1724734500.0,2024-08-27 10:25:00+05:30
176.4,176.45,176.05,176.45,1720.0,1724734800.0,2024-08-27 10:30:00+05:30
176.2,176.45,176.15,176.25,116.0,1724735100.0,2024-08-27 10:35:00+05:30
176.15,176.35,176.15,176.15,1144.0,1724735400.0,2024-08-27 10:40:00+05:30
176.3,176.35,176.15,176.35,264.0,1724735700.0,2024-08-27 10:45:00+05:30
176.2,176.35,176.15,176.15,400.0,1724736000.0,2024-08-27 10:50:00+05:30
176.15,176.3,176.15,176.3,176.0,1724736300.0,2024-08-27 10:55:00+05:30
176.15,176.3,176.15,176.3,108.0,1724736600.0,2024-08-27 11:00:00+05:30
176.3,176.35,176.2,176.35,220.0,1724736900.0,2024-08-27 11:05:00+05:30
176.35,176.35,176.25,176.25,8.0,1724737200.0,2024-08-27 11:10:00+05:30
176.2,176.25,176.1,176.25,4388.0,1724737500.0,2024-08-27 11:15:00+05:30
176.25,176.25,175.6,175.8,11952.0,1724737800.0,2024-08-27 11:20:00+05:30
175.6,175.95,175.6,175.75,1136.0,1724738100.0,2024-08-27 11:25:00+05:30
175.75,175.8,175.5,175.75,336.0,1724738400.0,2024-08-27 11:30:00+05:30
175.75,175.75,175.4,175.7,520.0,1724738700.0,2024-08-27 11:35:00+05:30
175.45,175.45,175.1,175.35,1076.0,1724739000.0,2024-08-27 11:40:00+05:30
175.35,175.6,175.15,175.6,5240.0,1724739300.0,2024-08-27 11:45:00+05:30
175.35,175.55,175.0,175.3,9068.0,1724739600.0,2024-08-27 11:50:00+05:30
175.3,175.3,175.0,175.0,892.0,1724739900.0,2024-08-27 11:55:00+05:30
175.0,175.4,175.0,175.4,116.0,1724740200.0,2024-08-27 12:00:00+05:30
175.4,175.4,175.1,175.4,36.0,1724740500.0,2024-08-27 12:05:00+05:30
175.4,175.4,175.1,175.35,156.0,1724740800.0,2024-08-27 12:10:00+05:30
175.3,175.45,175.1,175.1,2440.0,1724741100.0,2024-08-27 12:15:00+05:30
175.15,175.3,175.0,175.3,720.0,1724741400.0,2024-08-27 12:20:00+05:30
175.05,175.3,174.5,174.8,7676.0,1724741700.0,2024-08-27 12:25:00+05:30
174.9,174.9,174.6,174.8,816.0,1724742000.0,2024-08-27 12:30:00+05:30
174.6,174.6,174.5,174.6,852.0,1724742300.0,2024-08-27 12:35:00+05:30
174.5,174.6,174.3,174.3,724.0,1724742600.0,2024-08-27 12:40:00+05:30
174.45,174.45,174.3,174.45,800.0,1724742900.0,2024-08-27 12:45:00+05:30
174.25,174.35,174.0,174.2,4968.0,1724743200.0,2024-08-27 12:50:00+05:30
174.25,174.5,174.0,174.5,4312.0,1724743500.0,2024-08-27 12:55:00+05:30
174.5,174.5,174.3,174.3,920.0,1724743800.0,2024-08-27 13:00:00+05:30
174.3,174.3,174.3,174.3,0.0,1724744100.0,2024-08-27 13:05:00+05:30
174.3,174.45,174.3,174.45,28.0,1724744400.0,2024-08-27 13:10:00+05:30
174.45,174.45,174.0,174.0,1468.0,1724744700.0,2024-08-27 13:15:00+05:30
174.25,174.9,174.25,174.4,2712.0,1724745000.0,2024-08-27 13:20:00+05:30
174.4,174.6,174.4,174.6,132.0,1724745300.0,2024-08-27 13:25:00+05:30
174.6,174.65,174.3,174.4,1572.0,1724745600.0,2024-08-27 13:30:00+05:30
174.4,174.4,174.15,174.2,2692.0,1724745900.0,2024-08-27 13:35:00+05:30
174.05,174.3,174.0,174.1,4596.0,1724746200.0,2024-08-27 13:40:00+05:30
174.15,174.15,174.05,174.05,508.0,1724746500.0,2024-08-27 13:45:00+05:30
174.05,174.3,174.05,174.3,572.0,1724746800.0,2024-08-27 13:50:00+05:30
174.3,174.55,174.1,174.1,1084.0,1724747100.0,2024-08-27 13:55:00+05:30
174.1,174.6,174.1,174.45,1968.0,1724747400.0,2024-08-27 14:00:00+05:30
174.2,174.35,172.8,173.45,34280.0,1724747700.0,2024-08-27 14:05:00+05:30
173.45,173.5,172.9,173.05,2592.0,1724748000.0,2024-08-27 14:10:00+05:30
172.85,174.7,172.75,174.45,19796.0,1724748300.0,2024-08-27 14:15:00+05:30
174.2,174.2,173.4,173.6,1884.0,1724748600.0,2024-08-27 14:20:00+05:30
173.3,173.9,173.3,173.8,4220.0,1724748900.0,2024-08-27 14:25:00+05:30
173.9,173.9,173.75,173.75,748.0,1724749200.0,2024-08-27 14:30:00+05:30
173.75,174.05,173.6,173.95,5428.0,1724749500.0,2024-08-27 14:35:00+05:30
173.8,174.35,173.75,174.0,5404.0,1724749800.0,2024-08-27 14:40:00+05:30
173.95,173.95,173.4,173.45,400.0,1724750100.0,2024-08-27 14:45:00+05:30
173.45,173.65,173.45,173.65,88.0,1724750400.0,2024-08-27 14:50:00+05:30
173.7,173.8,173.5,173.6,632.0,1724750700.0,2024-08-27 14:55:00+05:30
173.65,173.8,173.45,173.5,996.0,1724751000.0,2024-08-27 15:00:00+05:30
172.9,173.35,172.9,172.9,8100.0,1724751300.0,2024-08-27 15:05:00+05:30
172.9,173.1,172.9,173.1,1632.0,1724751600.0,2024-08-27 15:10:00+05:30
172.9,173.15,171.1,172.25,18928.0,1724751900.0,2024-08-27 15:15:00+05:30
172.0,172.9,171.0,172.5,27944.0,1724752200.0,2024-08-27 15:20:00+05:30
172.5,172.9,171.55,172.9,6132.0,1724752500.0,2024-08-27 15:25:00+05:30
172.25,173.65,171.5,173.45,4708.0,1724816700.0,2024-08-28 09:15:00+05:30
173.45,173.5,172.55,173.5,4444.0,1724817000.0,2024-08-28 09:20:00+05:30
173.35,173.5,172.55,172.9,5392.0,1724817300.0,2024-08-28 09:25:00+05:30
172.3,172.5,171.75,172.1,7468.0,1724817600.0,2024-08-28 09:30:00+05:30
172.35,172.75,172.0,172.65,1636.0,1724817900.0,2024-08-28 09:35:00+05:30
172.4,173.0,172.4,172.85,952.0,1724818200.0,2024-08-28 09:40:00+05:30
172.5,172.6,172.5,172.6,676.0,1724818500.0,2024-08-28 09:45:00+05:30
172.6,172.75,172.55,172.55,420.0,1724818800.0,2024-08-28 09:50:00+05:30
172.75,173.0,172.55,173.0,1196.0,1724819100.0,2024-08-28 09:55:00+05:30
173.0,173.0,172.95,172.95,116.0,1724819400.0,2024-08-28 10:00:00+05:30
172.7,173.05,172.5,172.55,2840.0,1724819700.0,2024-08-28 10:05:00+05:30
173.0,173.45,172.95,173.15,2212.0,1724820000.0,2024-08-28 10:10:00+05:30
173.1,173.1,172.7,172.7,168.0,1724820300.0,2024-08-28 10:15:00+05:30
172.95,173.5,172.95,173.1,1136.0,1724820600.0,2024-08-28 10:20:00+05:30
172.95,173.4,172.95,173.4,752.0,1724820900.0,2024-08-28 10:25:00+05:30
173.2,173.65,173.2,173.5,1728.0,1724821200.0,2024-08-28 10:30:00+05:30
173.3,173.5,173.3,173.5,496.0,1724821500.0,2024-08-28 10:35:00+05:30
173.55,173.85,173.4,173.7,1800.0,1724821800.0,2024-08-28 10:40:00+05:30
174.0,174.25,173.3,173.3,1824.0,1724822100.0,2024-08-28 10:45:00+05:30
173.15,173.4,173.15,173.3,1496.0,1724822400.0,2024-08-28 10:50:00+05:30
173.0,173.05,172.7,173.05,592.0,1724822700.0,2024-08-28 10:55:00+05:30
173.05,173.15,172.9,172.9,496.0,1724823000.0,2024-08-28 11:00:00+05:30
172.95,173.1,172.9,172.9,432.0,1724823300.0,2024-08-28 11:05:00+05:30
172.9,172.9,172.8,172.8,136.0,1724823600.0,2024-08-28 11:10:00+05:30
172.8,173.05,172.75,172.75,476.0,1724823900.0,2024-08-28 11:15:00+05:30
172.75,172.75,172.5,172.5,3136.0,1724824200.0,2024-08-28 11:20:00+05:30
172.5,172.5,172.5,172.5,0.0,1724824500.0,2024-08-28 11:25:00+05:30
172.75,172.75,172.75,172.75,272.0,1724824800.0,2024-08-28 11:30:00+05:30
172.75,172.75,172.5,172.5,752.0,1724825100.0,2024-08-28 11:35:00+05:30
172.5,172.7,172.5,172.7,136.0,1724825400.0,2024-08-28 11:40:00+05:30
172.8,173.05,172.8,173.0,396.0,1724825700.0,2024-08-28 11:45:00+05:30
172.9,173.25,172.7,172.9,1712.0,1724826000.0,2024-08-28 11:50:00+05:30
172.9,172.9,172.25,172.45,3904.0,1724826300.0,2024-08-28 11:55:00+05:30
172.45,172.45,172.45,172.45,0.0,1724826600.0,2024-08-28 12:00:00+05:30
172.35,172.5,172.3,172.3,84.0,1724826900.0,2024-08-28 12:05:00+05:30
172.3,172.35,172.3,172.3,52.0,1724827200.0,2024-08-28 12:10:00+05:30
172.5,172.5,172.3,172.3,352.0,1724827500.0,2024-08-28 12:15:00+05:30
172.3,172.5,172.3,172.5,344.0,1724827800.0,2024-08-28 12:20:00+05:30
172.5,172.5,172.45,172.45,20.0,1724828100.0,2024-08-28 12:25:00+05:30
172.45,172.45,172.35,172.35,28.0,1724828400.0,2024-08-28 12:30:00+05:30
172.35,172.35,172.35,172.35,68.0,1724828700.0,2024-08-28 12:35:00+05:30
172.35,172.5,172.3,172.3,76.0,1724829000.0,2024-08-28 12:40:00+05:30
172.3,172.3,171.55,171.9,3956.0,1724829300.0,2024-08-28 12:45:00+05:30
171.9,171.9,171.3,171.3,1188.0,1724829600.0,2024-08-28 12:50:00+05:30
171.6,171.9,171.0,171.25,9776.0,1724829900.0,2024-08-28 12:55:00+05:30
171.4,171.85,171.05,171.85,1444.0,1724830200.0,2024-08-28 13:00:00+05:30
171.8,171.8,171.6,171.6,636.0,1724830500.0,2024-08-28 13:05:00+05:30
171.6,171.75,171.6,171.75,628.0,1724830800.0,2024-08-28 13:10:00+05:30
171.55,171.8,171.55,171.8,312.0,1724831100.0,2024-08-28 13:15:00+05:30
171.8,172.3,171.8,172.0,524.0,1724831400.0,2024-08-28 13:20:00+05:30
172.0,172.0,171.9,171.9,572.0,1724831700.0,2024-08-28 13:25:00+05:30
171.9,171.9,171.8,171.8,8.0,1724832000.0,2024-08-28 13:30:00+05:30
171.65,171.9,171.5,171.65,1340.0,1724832300.0,2024-08-28 13:35:00+05:30
171.65,171.65,171.65,171.65,108.0,1724832600.0,2024-08-28 13:40:00+05:30
171.65,171.9,171.65,171.65,44.0,1724832900.0,2024-08-28 13:45:00+05:30
171.65,172.0,171.65,171.75,528.0,1724833200.0,2024-08-28 13:50:00+05:30
171.75,171.75,171.5,171.75,1844.0,1724833500.0,2024-08-28 13:55:00+05:30
172.0,172.9,172.0,172.75,9328.0,1724833800.0,2024-08-28 14:00:00+05:30
172.6,173.25,172.6,172.75,2460.0,1724834100.0,2024-08-28 14:05:00+05:30
172.75,172.95,172.65,172.95,72.0,1724834400.0,2024-08-28 14:10:00+05:30
172.95,172.95,172.95,172.95,32.0,1724834700.0,2024-08-28 14:15:00+05:30
172.95,173.3,172.65,172.75,2000.0,1724835000.0,2024-08-28 14:20:00+05:30
172.55,172.55,172.2,172.4,4820.0,1724835300.0,2024-08-28 14:25:00+05:30
172.55,172.55,172.35,172.35,172.0,1724835600.0,2024-08-28 14:30:00+05:30
172.35,172.55,172.35,172.55,72.0,1724835900.0,2024-08-28 14:35:00+05:30
172.45,172.45,172.1,172.1,1436.0,1724836200.0,2024-08-28 14:40:00+05:30
172.1,172.1,172.0,172.0,220.0,1724836500.0,2024-08-28 14:45:00+05:30
171.8,172.1,171.75,171.8,620.0,1724836800.0,2024-08-28 14:50:00+05:30
171.8,171.85,171.55,171.55,1080.0,1724837100.0,2024-08-28 14:55:00+05:30
171.7,171.7,171.5,171.5,144.0,1724837400.0,2024-08-28 15:00:00+05:30
171.5,171.6,171.4,171.4,912.0,1724837700.0,2024-08-28 15:05:00+05:30
171.7,171.75,170.0,170.8,19356.0,1724838000.0,2024-08-28 15:10:00+05:30
171.0,171.2,170.35,170.7,10460.0,1724838300.0,2024-08-28 15:15:00+05:30
170.5,170.5,169.1,170.25,18552.0,1724838600.0,2024-08-28 15:20:00+05:30
170.25,171.15,169.35,170.95,7360.0,1724838900.0,2024-08-28 15:25:00+05:30
172.95,172.95,169.7,171.25,2824.0,1724903100.0,2024-08-29 09:15:00+05:30
170.7,171.25,170.4,170.6,1760.0,1724903400.0,2024-08-29 09:20:00+05:30
170.45,171.2,170.45,171.15,2264.0,1724903700.0,2024-08-29 09:25:00+05:30
171.2,171.2,170.7,171.05,876.0,1724904000.0,2024-08-29 09:30:00+05:30
171.05,171.05,170.8,171.0,264.0,1724904300.0,2024-08-29 09:35:00+05:30
170.9,171.25,170.9,171.0,5040.0,1724904600.0,2024-08-29 09:40:00+05:30
171.2,171.25,170.9,170.95,1560.0,1724904900.0,2024-08-29 09:45:00+05:30
171.25,171.25,170.75,171.05,1164.0,1724905200.0,2024-08-29 09:50:00+05:30
170.75,171.05,170.75,171.05,96.0,1724905500.0,2024-08-29 09:55:00+05:30
171.05,171.25,170.8,171.25,1864.0,1724905800.0,2024-08-29 10:00:00+05:30
171.25,171.25,170.9,171.25,332.0,1724906100.0,2024-08-29 10:05:00+05:30
171.05,171.15,171.0,171.0,436.0,1724906400.0,2024-08-29 10:10:00+05:30
171.0,171.2,170.8,171.0,2616.0,1724906700.0,2024-08-29 10:15:00+05:30
171.0,171.2,171.0,171.1,44.0,1724907000.0,2024-08-29 10:20:00+05:30
171.1,171.1,171.1,171.1,0.0,1724907300.0,2024-08-29 10:25:00+05:30
171.15,171.15,170.9,171.1,1188.0,1724907600.0,2024-08-29 10:30:00+05:30
171.1,171.1,170.15,170.15,4096.0,1724907900.0,2024-08-29 10:35:00+05:30
170.45,170.45,170.2,170.45,196.0,1724908200.0,2024-08-29 10:40:00+05:30
170.45,170.45,170.25,170.25,516.0,1724908500.0,2024-08-29 10:45:00+05:30
170.3,170.3,169.3,169.55,3928.0,1724908800.0,2024-08-29 10:50:00+05:30
169.3,170.2,169.3,170.2,2652.0,1724909100.0,2024-08-29 10:55:00+05:30
170.3,170.35,169.45,169.75,2572.0,1724909400.0,2024-08-29 11:00:00+05:30
169.45,169.8,169.45,169.8,728.0,1724909700.0,2024-08-29 11:05:00+05:30
169.8,170.0,169.75,169.75,568.0,1724910000.0,2024-08-29 11:10:00+05:30
170.0,170.05,169.85,169.85,1408.0,1724910300.0,2024-08-29 11:15:00+05:30
169.85,170.0,169.75,169.75,544.0,1724910600.0,2024-08-29 11:20:00+05:30
169.75,169.75,169.45,169.45,600.0,1724910900.0,2024-08-29 11:25:00+05:30
169.75,169.75,169.4,169.4,228.0,1724911200.0,2024-08-29 11:30:00+05:30
169.6,169.6,169.4,169.45,768.0,1724911500.0,2024-08-29 11:35:00+05:30
169.6,169.75,169.45,169.75,600.0,1724911800.0,2024-08-29 11:40:00+05:30
169.8,169.8,169.3,169.3,1692.0,1724912100.0,2024-08-29 11:45:00+05:30
169.3,169.45,168.75,169.4,2788.0,1724912400.0,2024-08-29 11:50:00+05:30
169.4,169.4,169.15,169.2,188.0,1724912700.0,2024-08-29 11:55:00+05:30
169.2,169.2,169.15,169.15,8.0,1724913000.0,2024-08-29 12:00:00+05:30
169.15,169.15,169.15,169.15,528.0,1724913300.0,2024-08-29 12:05:00+05:30
169.15,169.2,169.15,169.15,24.0,1724913600.0,2024-08-29 12:10:00+05:30
169.15,169.2,169.1,169.1,380.0,1724913900.0,2024-08-29 12:15:00+05:30
169.2,169.75,169.1,169.5,1288.0,1724914200.0,2024-08-29 12:20:00+05:30
169.5,169.5,169.15,169.3,1440.0,1724914500.0,2024-08-29 12:25:00+05:30
169.4,169.45,169.1,169.4,248.0,1724914800.0,2024-08-29 12:30:00+05:30
169.4,169.4,169.4,169.4,28.0,1724915100.0,2024-08-29 12:35:00+05:30
169.4,169.7,169.15,169.7,964.0,1724915400.0,2024-08-29 12:40:00+05:30
169.3,169.3,169.3,169.3,116.0,1724915700.0,2024-08-29 12:45:00+05:30
169.3,169.55,169.3,169.55,28.0,1724916000.0,2024-08-29 12:50:00+05:30
169.55,169.55,169.3,169.3,396.0,1724916300.0,2024-08-29 12:55:00+05:30
169.3,169.5,169.3,169.5,128.0,1724916600.0,2024-08-29 13:00:00+05:30
169.5,169.5,169.5,169.5,52.0,1724916900.0,2024-08-29 13:05:00+05:30
169.15,169.15,168.5,168.7,7032.0,1724917200.0,2024-08-29 13:10:00+05:30
168.7,168.7,168.5,168.5,172.0,1724917500.0,2024-08-29 13:15:00+05:30
168.5,169.2,168.5,169.2,3004.0,1724917800.0,2024-08-29 13:20:00+05:30
169.1,169.1,168.8,169.1,320.0,1724918100.0,2024-08-29 13:25:00+05:30
169.1,169.1,168.9,169.1,1096.0,1724918400.0,2024-08-29 13:30:00+05:30
168.85,168.95,168.75,168.75,168.0,1724918700.0,2024-08-29 13:35:00+05:30
168.75,170.0,168.75,169.0,8800.0,1724919000.0,2024-08-29 13:40:00+05:30
169.0,169.0,168.3,168.55,3092.0,1724919300.0,2024-08-29 13:45:00+05:30
168.7,168.75,168.25,168.75,2984.0,1724919600.0,2024-08-29 13:50:00+05:30
168.75,168.8,168.75,168.8,364.0,1724919900.0,2024-08-29 13:55:00+05:30
168.75,168.85,168.5,168.5,1116.0,1724920200.0,2024-08-29 14:00:00+05:30
168.5,168.6,168.3,168.45,256.0,1724920500.0,2024-08-29 14:05:00+05:30
168.45,168.7,168.3,168.3,616.0,1724920800.0,2024-08-29 14:10:00+05:30
168.3,168.3,168.3,168.3,800.0,1724921100.0,2024-08-29 14:15:00+05:30
168.3,168.3,168.3,168.3,216.0,1724921400.0,2024-08-29 14:20:00+05:30
168.5,168.55,168.3,168.55,420.0,1724921700.0,2024-08-29 14:25:00+05:30
168.7,168.7,168.3,168.4,620.0,1724922000.0,2024-08-29 14:30:00+05:30
168.4,168.4,168.3,168.3,312.0,1724922300.0,2024-08-29 14:35:00+05:30
168.3,168.3,168.0,168.2,1388.0,1724922600.0,2024-08-29 14:40:00+05:30
168.2,168.2,167.5,168.0,4420.0,1724922900.0,2024-08-29 14:45:00+05:30
168.05,168.55,167.95,168.55,1736.0,1724923200.0,2024-08-29 14:50:00+05:30
168.5,168.5,168.05,168.35,352.0,1724923500.0,2024-08-29 14:55:00+05:30
168.35,168.5,168.25,168.25,344.0,1724923800.0,2024-08-29 15:00:00+05:30
168.85,168.95,167.0,168.0,22564.0,1724924100.0,2024-08-29 15:05:00+05:30
168.3,168.3,167.5,167.8,1464.0,1724924400.0,2024-08-29 15:10:00+05:30
167.6,167.8,167.05,167.25,6140.0,1724924700.0,2024-08-29 15:15:00+05:30
167.25,167.75,166.6,167.2,11116.0,1724925000.0,2024-08-29 15:20:00+05:30
167.45,168.5,167.45,168.5,2988.0,1724925300.0,2024-08-29 15:25:00+05:30
167.75,168.8,167.75,168.4,2408.0,1724989500.0,2024-08-30 09:15:00+05:30
168.25,168.45,167.8,167.95,2480.0,1724989800.0,2024-08-30 09:20:00+05:30
167.95,167.95,167.2,167.2,2464.0,1724990100.0,2024-08-30 09:25:00+05:30
167.4,167.55,166.25,166.3,7156.0,1724990400.0,2024-08-30 09:30:00+05:30
166.25,167.4,166.25,167.25,8120.0,1724990700.0,2024-08-30 09:35:00+05:30
167.25,167.25,166.85,167.1,1032.0,1724991000.0,2024-08-30 09:40:00+05:30
167.1,167.1,166.95,166.95,788.0,1724991300.0,2024-08-30 09:45:00+05:30
167.0,168.15,166.8,167.5,7792.0,1724991600.0,2024-08-30 09:50:00+05:30
167.45,167.5,167.25,167.3,604.0,1724991900.0,2024-08-30 09:55:00+05:30
167.3,167.3,166.9,167.25,708.0,1724992200.0,2024-08-30 10:00:00+05:30
167.1,167.4,167.1,167.1,600.0,1724992500.0,2024-08-30 10:05:00+05:30
167.3,167.6,167.05,167.25,3892.0,1724992800.0,2024-08-30 10:10:00+05:30
167.1,167.3,167.0,167.0,112.0,1724993100.0,2024-08-30 10:15:00+05:30
167.0,167.0,166.95,166.95,148.0,1724993400.0,2024-08-30 10:20:00+05:30
166.95,167.5,166.95,167.5,1140.0,1724993700.0,2024-08-30 10:25:00+05:30
167.35,167.5,167.25,167.25,804.0,1724994000.0,2024-08-30 10:30:00+05:30
167.0,167.2,166.75,166.75,2560.0,1724994300.0,2024-08-30 10:35:00+05:30
166.8,167.3,166.75,167.2,5940.0,1724994600.0,2024-08-30 10:40:00+05:30
167.2,167.25,167.0,167.0,364.0,1724994900.0,2024-08-30 10:45:00+05:30
167.1,167.1,166.65,166.8,2232.0,1724995200.0,2024-08-30 10:50:00+05:30
166.8,166.8,166.65,166.65,176.0,1724995500.0,2024-08-30 10:55:00+05:30
166.8,167.25,166.75,167.2,7968.0,1724995800.0,2024-08-30 11:00:00+05:30
167.25,167.25,167.25,167.25,200.0,1724996100.0,2024-08-30 11:05:00+05:30
167.2,167.2,166.75,166.8,412.0,1724996400.0,2024-08-30 11:10:00+05:30
166.8,166.95,164.5,165.45,44956.0,1724996700.0,2024-08-30 11:15:00+05:30
165.45,165.7,164.85,165.7,5280.0,1724997000.0,2024-08-30 11:20:00+05:30
165.7,166.4,165.7,166.05,5236.0,1724997300.0,2024-08-30 11:25:00+05:30
166.2,166.2,165.95,166.0,2656.0,1724997600.0,2024-08-30 11:30:00+05:30
165.85,166.05,165.8,165.95,992.0,1724997900.0,2024-08-30 11:35:00+05:30
165.9,166.1,165.4,165.9,5024.0,1724998200.0,2024-08-30 11:40:00+05:30
165.9,166.15,165.9,166.15,1052.0,1724998500.0,2024-08-30 11:45:00+05:30
165.95,166.15,165.95,166.05,1012.0,1724998800.0,2024-08-30 11:50:00+05:30
166.2,166.2,166.2,166.2,52.0,1724999100.0,2024-08-30 11:55:00+05:30
166.2,166.2,165.9,165.9,180.0,1724999400.0,2024-08-30 12:00:00+05:30
165.9,165.9,165.75,165.9,628.0,1724999700.0,2024-08-30 12:05:00+05:30
165.9,165.9,165.5,165.5,2048.0,1725000000.0,2024-08-30 12:10:00+05:30
165.6,165.85,165.55,165.85,2180.0,1725000300.0,2024-08-30 12:15:00+05:30
165.85,165.9,165.8,165.9,624.0,1725000600.0,2024-08-30 12:20:00+05:30
165.9,165.9,165.7,165.7,3756.0,1725000900.0,2024-08-30 12:25:00+05:30
165.7,165.7,165.5,165.6,952.0,1725001200.0,2024-08-30 12:30:00+05:30
165.75,165.85,165.75,165.8,392.0,1725001500.0,2024-08-30 12:35:00+05:30
165.85,166.75,165.85,166.45,4092.0,1725001800.0,2024-08-30 12:40:00+05:30
166.45,168.25,166.45,167.7,10812.0,1725002100.0,2024-08-30 12:45:00+05:30
167.7,167.8,167.7,167.7,340.0,1725002400.0,2024-08-30 12:50:00+05:30
167.8,168.05,167.65,167.7,4052.0,1725002700.0,2024-08-30 12:55:00+05:30
167.7,168.75,167.7,168.75,5168.0,1725003000.0,2024-08-30 13:00:00+05:30
168.8,169.15,168.8,168.95,1784.0,1725003300.0,2024-08-30 13:05:00+05:30
169.1,169.1,168.25,168.25,7904.0,1725003600.0,2024-08-30 13:10:00+05:30
168.2,168.45,168.05,168.45,1984.0,1725003900.0,2024-08-30 13:15:00+05:30
168.45,169.15,168.45,168.8,4316.0,1725004200.0,2024-08-30 13:20:00+05:30
168.95,169.15,168.85,169.05,1096.0,1725004500.0,2024-08-30 13:25:00+05:30
168.65,168.65,168.4,168.5,1812.0,1725004800.0,2024-08-30 13:30:00+05:30
168.4,168.75,167.95,167.95,3200.0,1725005100.0,2024-08-30 13:35:00+05:30
167.8,168.5,167.8,168.3,1900.0,1725005400.0,2024-08-30 13:40:00+05:30
168.3,168.6,168.3,168.3,1268.0,1725005700.0,2024-08-30 13:45:00+05:30
168.3,168.5,168.0,168.0,2172.0,1725006000.0,2024-08-30 13:50:00+05:30
168.15,168.4,167.85,168.4,1472.0,1725006300.0,2024-08-30 13:55:00+05:30
168.45,168.45,168.05,168.15,1364.0,1725006600.0,2024-08-30 14:00:00+05:30
168.1,168.25,168.05,168.1,1048.0,1725006900.0,2024-08-30 14:05:00+05:30
168.05,168.25,167.5,167.9,4384.0,1725007200.0,2024-08-30 14:10:00+05:30
168.05,168.05,167.8,167.8,876.0,1725007500.0,2024-08-30 14:15:00+05:30
167.8,168.5,167.8,168.5,2572.0,1725007800.0,2024-08-30 14:20:00+05:30
168.5,168.5,168.05,168.05,3308.0,1725008100.0,2024-08-30 14:25:00+05:30
168.05,168.5,168.05,168.5,1408.0,1725008400.0,2024-08-30 14:30:00+05:30
168.45,168.45,166.25,167.05,18048.0,1725008700.0,2024-08-30 14:35:00+05:30
167.1,167.4,166.4,167.1,6824.0,1725009000.0,2024-08-30 14:40:00+05:30
167.2,168.5,167.0,168.4,3784.0,1725009300.0,2024-08-30 14:45:00+05:30
168.55,168.55,167.75,167.8,5288.0,1725009600.0,2024-08-30 14:50:00+05:30
168.0,168.6,167.9,168.3,4444.0,1725009900.0,2024-08-30 14:55:00+05:30
168.3,170.7,168.0,170.7,25680.0,1725010200.0,2024-08-30 15:00:00+05:30
170.7,170.9,169.55,170.2,31088.0,1725010500.0,2024-08-30 15:05:00+05:30
170.2,170.2,168.8,169.55,22640.0,1725010800.0,2024-08-30 15:10:00+05:30
169.5,169.7,168.35,168.95,20044.0,1725011100.0,2024-08-30 15:15:00+05:30
168.75,169.4,168.5,168.9,19256.0,1725011400.0,2024-08-30 15:20:00+05:30
169.05,170.5,167.5,167.5,23064.0,1725011700.0,2024-08-30 15:25:00+05:30
169.0,169.55,168.6,168.75,2040.0,1725248700.0,2024-09-02 09:15:00+05:30
168.75,169.0,168.45,168.75,2112.0,1725249000.0,2024-09-02 09:20:00+05:30
168.75,168.85,168.75,168.75,980.0,1725249300.0,2024-09-02 09:25:00+05:30
168.8,168.8,168.25,168.3,1220.0,1725249600.0,2024-09-02 09:30:00+05:30
168.6,168.65,168.3,168.5,1976.0,1725249900.0,2024-09-02 09:35:00+05:30
168.5,168.6,168.05,168.05,1376.0,1725250200.0,2024-09-02 09:40:00+05:30
168.05,168.25,167.9,168.2,832.0,1725250500.0,2024-09-02 09:45:00+05:30
167.85,168.15,167.85,168.15,108.0,1725250800.0,2024-09-02 09:50:00+05:30
168.2,168.2,167.25,167.7,17044.0,1725251100.0,2024-09-02 09:55:00+05:30
167.7,168.15,167.7,168.15,916.0,1725251400.0,2024-09-02 10:00:00+05:30
168.1,168.3,167.75,168.3,2752.0,1725251700.0,2024-09-02 10:05:00+05:30
168.0,168.0,167.6,167.85,3256.0,1725252000.0,2024-09-02 10:10:00+05:30
167.85,167.85,167.6,167.85,248.0,1725252300.0,2024-09-02 10:15:00+05:30
167.65,167.9,167.5,167.5,2532.0,1725252600.0,2024-09-02 10:20:00+05:30
167.5,167.7,167.5,167.55,4324.0,1725252900.0,2024-09-02 10:25:00+05:30
167.5,168.35,167.5,168.05,6516.0,1725253200.0,2024-09-02 10:30:00+05:30
168.05,168.3,168.05,168.3,540.0,1725253500.0,2024-09-02 10:35:00+05:30
168.4,168.45,168.2,168.2,192.0,1725253800.0,2024-09-02 10:40:00+05:30
168.3,168.5,168.15,168.5,7356.0,1725254100.0,2024-09-02 10:45:00+05:30
168.7,169.2,168.7,169.0,1384.0,1725254400.0,2024-09-02 10:50:00+05:30
169.2,169.5,169.2,169.25,2344.0,1725254700.0,2024-09-02 10:55:00+05:30
169.75,170.0,169.7,169.7,8452.0,1725255000.0,2024-09-02 11:00:00+05:30
169.65,169.8,169.5,169.5,1144.0,1725255300.0,2024-09-02 11:05:00+05:30
169.5,170.6,169.5,170.6,10392.0,1725255600.0,2024-09-02 11:10:00+05:30
170.7,171.8,170.55,171.55,9244.0,1725255900.0,2024-09-02 11:15:00+05:30
171.4,171.4,170.9,171.1,768.0,1725256200.0,2024-09-02 11:20:00+05:30
170.9,170.9,170.3,170.75,7252.0,1725256500.0,2024-09-02 11:25:00+05:30
170.45,170.7,170.4,170.5,688.0,1725256800.0,2024-09-02 11:30:00+05:30
170.5,170.9,170.3,170.6,3724.0,1725257100.0,2024-09-02 11:35:00+05:30
170.6,170.6,170.5,170.5,624.0,1725257400.0,2024-09-02 11:40:00+05:30
170.3,170.5,170.25,170.5,940.0,1725257700.0,2024-09-02 11:45:00+05:30
170.5,170.5,170.3,170.5,148.0,1725258000.0,2024-09-02 11:50:00+05:30
170.5,170.5,170.0,170.2,2656.0,1725258300.0,2024-09-02 11:55:00+05:30
170.0,170.3,170.0,170.3,328.0,1725258600.0,2024-09-02 12:00:00+05:30
170.3,170.35,170.3,170.35,12.0,1725258900.0,2024-09-02 12:05:00+05:30
170.35,170.5,170.2,170.5,308.0,1725259200.0,2024-09-02 12:10:00+05:30
170.5,170.5,170.25,170.25,120.0,1725259500.0,2024-09-02 12:15:00+05:30
170.45,170.45,170.05,170.1,1116.0,1725259800.0,2024-09-02 12:20:00+05:30
170.1,170.2,170.0,170.0,1192.0,1725260100.0,2024-09-02 12:25:00+05:30
170.0,170.45,169.5,170.05,8792.0,1725260400.0,2024-09-02 12:30:00+05:30
170.35,170.35,170.05,170.35,2220.0,1725260700.0,2024-09-02 12:35:00+05:30
170.0,170.0,169.45,169.6,2596.0,1725261000.0,2024-09-02 12:40:00+05:30
169.6,169.6,169.55,169.55,164.0,1725261300.0,2024-09-02 12:45:00+05:30
169.75,169.75,169.75,169.75,36.0,1725261600.0,2024-09-02 12:50:00+05:30
169.75,169.75,169.5,169.75,7044.0,1725261900.0,2024-09-02 12:55:00+05:30
169.75,169.95,169.55,169.95,2032.0,1725262200.0,2024-09-02 13:00:00+05:30
170.0,170.25,169.9,169.95,1492.0,1725262500.0,2024-09-02 13:05:00+05:30
169.95,170.1,169.95,170.0,104.0,1725262800.0,2024-09-02 13:10:00+05:30
169.95,169.95,169.55,169.55,2512.0,1725263100.0,2024-09-02 13:15:00+05:30
169.55,169.6,169.5,169.5,2156.0,1725263400.0,2024-09-02 13:20:00+05:30
169.5,169.75,169.5,169.75,40.0,1725263700.0,2024-09-02 13:25:00+05:30
169.75,169.75,169.5,169.5,344.0,1725264000.0,2024-09-02 13:30:00+05:30
169.5,169.5,169.5,169.5,436.0,1725264300.0,2024-09-02 13:35:00+05:30
169.5,169.75,169.5,169.75,76.0,1725264600.0,2024-09-02 13:40:00+05:30
169.5,169.7,169.5,169.5,2216.0,1725264900.0,2024-09-02 13:45:00+05:30
169.5,169.7,169.5,169.7,180.0,1725265200.0,2024-09-02 13:50:00+05:30
169.75,169.75,169.75,169.75,20.0,1725265500.0,2024-09-02 13:55:00+05:30
169.75,169.75,169.5,169.7,136.0,1725265800.0,2024-09-02 14:00:00+05:30
169.7,169.75,169.7,169.75,40.0,1725266100.0,2024-09-02 14:05:00+05:30
169.5,169.5,169.5,169.5,36.0,1725266400.0,2024-09-02 14:10:00+05:30
169.5,169.75,169.5,169.5,2584.0,1725266700.0,2024-09-02 14:15:00+05:30
169.5,169.75,169.5,169.5,188.0,1725267000.0,2024-09-02 14:20:00+05:30
169.5,169.7,169.5,169.5,232.0,1725267300.0,2024-09-02 14:25:00+05:30
169.5,169.7,169.5,169.7,292.0,1725267600.0,2024-09-02 14:30:00+05:30
169.7,169.7,169.5,169.5,12.0,1725267900.0,2024-09-02 14:35:00+05:30
169.5,169.5,168.75,169.5,16260.0,1725268200.0,2024-09-02 14:40:00+05:30
169.3,169.5,169.0,169.5,3548.0,1725268500.0,2024-09-02 14:45:00+05:30
169.7,169.7,169.45,169.5,328.0,1725268800.0,2024-09-02 14:50:00+05:30
169.6,169.6,169.25,169.55,2156.0,1725269100.0,2024-09-02 14:55:00+05:30
169.45,169.7,169.3,169.55,1768.0,1725269400.0,2024-09-02 15:00:00+05:30
169.25,169.6,169.25,169.5,5080.0,1725269700.0,2024-09-02 15:05:00+05:30
169.5,170.5,169.5,169.85,12524.0,1725270000.0,2024-09-02 15:10:00+05:30
170.45,170.45,168.7,169.5,24980.0,1725270300.0,2024-09-02 15:15:00+05:30
169.5,170.0,169.45,169.6,12744.0,1725270600.0,2024-09-02 15:20:00+05:30
169.6,169.95,169.5,169.5,5640.0,1725270900.0,2024-09-02 15:25:00+05:30
169.5,169.5,169.5,169.5,0.0,1725271200.0,2024-09-02 15:30:00+05:30
168.25,171.9,168.25,171.75,11044.0,1725335100.0,2024-09-03 09:15:00+05:30
172.0,172.4,171.55,172.4,5464.0,1725335400.0,2024-09-03 09:20:00+05:30
172.4,172.6,172.15,172.6,2844.0,1725335700.0,2024-09-03 09:25:00+05:30
172.9,173.1,172.75,173.1,5576.0,1725336000.0,2024-09-03 09:30:00+05:30
173.25,173.75,172.5,173.15,14516.0,1725336300.0,2024-09-03 09:35:00+05:30
173.25,174.0,173.0,173.35,6024.0,1725336600.0,2024-09-03 09:40:00+05:30
173.0,173.35,173.0,173.0,2564.0,1725336900.0,2024-09-03 09:45:00+05:30
173.25,173.65,172.9,173.25,14148.0,1725337200.0,2024-09-03 09:50:00+05:30
173.35,173.6,173.2,173.6,2268.0,1725337500.0,2024-09-03 09:55:00+05:30
173.5,174.0,173.25,173.3,2480.0,1725337800.0,2024-09-03 10:00:00+05:30
173.5,173.5,173.05,173.4,1628.0,1725338100.0,2024-09-03 10:05:00+05:30
173.4,173.4,172.8,173.2,1952.0,1725338400.0,2024-09-03 10:10:00+05:30
173.2,174.4,172.95,173.55,12672.0,1725338700.0,2024-09-03 10:15:00+05:30
173.5,173.5,173.2,173.2,1596.0,1725339000.0,2024-09-03 10:20:00+05:30
173.45,173.45,173.05,173.35,676.0,1725339300.0,2024-09-03 10:25:00+05:30
173.0,173.45,172.95,173.3,2240.0,1725339600.0,2024-09-03 10:30:00+05:30
173.35,173.35,173.05,173.1,1264.0,1725339900.0,2024-09-03 10:35:00+05:30
173.1,173.5,173.1,173.35,1392.0,1725340200.0,2024-09-03 10:40:00+05:30
173.35,173.5,173.2,173.2,624.0,1725340500.0,2024-09-03 10:45:00+05:30
173.2,173.2,173.2,173.2,512.0,1725340800.0,2024-09-03 10:50:00+05:30
173.2,173.2,172.9,173.2,1236.0,1725341100.0,2024-09-03 10:55:00+05:30
173.25,173.25,172.75,172.8,1148.0,1725341400.0,2024-09-03 11:00:00+05:30
172.8,172.85,172.8,172.85,580.0,1725341700.0,2024-09-03 11:05:00+05:30
172.85,173.2,172.85,173.2,912.0,1725342000.0,2024-09-03 11:10:00+05:30
173.2,173.4,172.95,172.95,1604.0,1725342300.0,2024-09-03 11:15:00+05:30
172.95,173.2,172.5,172.6,21792.0,1725342600.0,2024-09-03 11:20:00+05:30
172.6,172.75,172.55,172.55,3056.0,1725342900.0,2024-09-03 11:25:00+05:30
172.55,172.7,172.55,172.7,612.0,1725343200.0,2024-09-03 11:30:00+05:30
172.7,172.75,172.55,172.55,748.0,1725343500.0,2024-09-03 11:35:00+05:30
172.55,172.6,172.55,172.55,492.0,1725343800.0,2024-09-03 11:40:00+05:30
172.55,172.7,172.55,172.7,200.0,1725344100.0,2024-09-03 11:45:00+05:30
172.7,172.7,172.55,172.55,216.0,1725344400.0,2024-09-03 11:50:00+05:30
172.55,172.6,172.55,172.6,184.0,1725344700.0,2024-09-03 11:55:00+05:30
172.55,172.7,172.5,172.5,2560.0,1725345000.0,2024-09-03 12:00:00+05:30
172.5,172.7,172.5,172.5,12316.0,1725345300.0,2024-09-03 12:05:00+05:30
172.65,172.7,172.5,172.7,720.0,1725345600.0,2024-09-03 12:10:00+05:30
172.7,172.85,172.55,172.85,2536.0,1725345900.0,2024-09-03 12:15:00+05:30
172.85,172.85,172.6,172.6,348.0,1725346200.0,2024-09-03 12:20:00+05:30
172.6,172.9,172.6,172.9,136.0,1725346500.0,2024-09-03 12:25:00+05:30
172.95,172.95,172.95,172.95,268.0,1725346800.0,2024-09-03 12:30:00+05:30
172.95,173.2,172.9,173.2,1036.0,1725347100.0,2024-09-03 12:35:00+05:30
173.4,173.5,173.3,173.3,1084.0,1725347400.0,2024-09-03 12:40:00+05:30
173.75,173.75,173.5,173.55,4300.0,1725347700.0,2024-09-03 12:45:00+05:30
173.55,173.7,173.5,173.5,2212.0,1725348000.0,2024-09-03 12:50:00+05:30
173.5,173.7,173.5,173.7,484.0,1725348300.0,2024-09-03 12:55:00+05:30
173.5,173.5,172.5,172.65,169040.0,1725348600.0,2024-09-03 13:00:00+05:30
173.0,173.0,172.8,172.8,1152.0,1725348900.0,2024-09-03 13:05:00+05:30
172.8,173.05,172.7,172.8,1184.0,1725349200.0,2024-09-03 13:10:00+05:30
172.8,172.8,172.75,172.75,672.0,1725349500.0,2024-09-03 13:15:00+05:30
172.75,172.95,172.75,172.8,132.0,1725349800.0,2024-09-03 13:20:00+05:30
172.8,174.05,172.8,173.8,5148.0,1725350100.0,2024-09-03 13:25:00+05:30
174.05,174.2,173.75,174.1,1844.0,1725350400.0,2024-09-03 13:30:00+05:30
174.2,174.25,174.05,174.05,2696.0,1725350700.0,2024-09-03 13:35:00+05:30
174.05,174.05,173.85,173.95,692.0,1725351000.0,2024-09-03 13:40:00+05:30
174.15,174.25,174.0,174.0,1832.0,1725351300.0,2024-09-03 13:45:00+05:30
173.9,175.0,173.85,174.95,8296.0,1725351600.0,2024-09-03 13:50:00+05:30
174.95,175.5,174.8,175.05,21616.0,1725351900.0,2024-09-03 13:55:00+05:30
175.05,175.45,175.0,175.0,14540.0,1725352200.0,2024-09-03 14:00:00+05:30
175.0,175.2,175.0,175.0,2032.0,1725352500.0,2024-09-03 14:05:00+05:30
175.0,175.2,175.0,175.0,4248.0,1725352800.0,2024-09-03 14:10:00+05:30
175.0,175.35,174.95,175.0,7460.0,1725353100.0,2024-09-03 14:15:00+05:30
175.0,175.25,175.0,175.25,3480.0,1725353400.0,2024-09-03 14:20:00+05:30
175.25,176.25,175.25,175.55,23152.0,1725353700.0,2024-09-03 14:25:00+05:30
175.55,175.75,175.25,175.5,2392.0,1725354000.0,2024-09-03 14:30:00+05:30
175.7,175.7,175.5,175.5,2296.0,1725354300.0,2024-09-03 14:35:00+05:30
175.5,175.75,175.4,175.6,2992.0,1725354600.0,2024-09-03 14:40:00+05:30
175.6,175.6,175.25,175.25,844.0,1725354900.0,2024-09-03 14:45:00+05:30
175.3,175.3,175.0,175.0,768.0,1725355200.0,2024-09-03 14:50:00+05:30
175.0,175.0,174.3,174.75,3860.0,1725355500.0,2024-09-03 14:55:00+05:30
174.5,174.75,174.3,174.3,3132.0,1725355800.0,2024-09-03 15:00:00+05:30
174.25,174.55,174.2,174.2,4728.0,1725356100.0,2024-09-03 15:05:00+05:30
174.2,174.35,173.8,174.2,5076.0,1725356400.0,2024-09-03 15:10:00+05:30
174.35,174.35,173.75,174.0,4744.0,1725356700.0,2024-09-03 15:15:00+05:30
173.75,173.75,173.1,173.2,10088.0,1725357000.0,2024-09-03 15:20:00+05:30
173.25,173.95,172.8,173.65,9984.0,1725357300.0,2024-09-03 15:25:00+05:30
173.65,173.65,173.65,173.65,0.0,1725357600.0,2024-09-03 15:30:00+05:30
173.8,175.0,173.5,174.55,12272.0,1725421500.0,2024-09-04 09:15:00+05:30
174.9,174.95,174.25,174.85,2336.0,1725421800.0,2024-09-04 09:20:00+05:30
174.9,175.6,174.75,175.5,19380.0,1725422100.0,2024-09-04 09:25:00+05:30
175.5,175.55,175.05,175.55,7356.0,1725422400.0,2024-09-04 09:30:00+05:30
175.4,175.65,175.2,175.4,5804.0,1725422700.0,2024-09-04 09:35:00+05:30
175.4,176.05,175.4,175.95,11928.0,1725423000.0,2024-09-04 09:40:00+05:30
175.85,176.0,175.75,175.85,2868.0,1725423300.0,2024-09-04 09:45:00+05:30
175.9,176.9,175.75,176.7,25504.0,1725423600.0,2024-09-04 09:50:00+05:30
176.85,176.85,176.4,176.4,1480.0,1725423900.0,2024-09-04 09:55:00+05:30
176.6,176.9,176.25,176.7,6092.0,1725424200.0,2024-09-04 10:00:00+05:30
176.85,177.2,176.75,177.2,6640.0,1725424500.0,2024-09-04 10:05:00+05:30
177.1,177.1,176.7,176.8,2420.0,1725424800.0,2024-09-04 10:10:00+05:30
176.8,177.05,176.75,176.8,8724.0,1725425100.0,2024-09-04 10:15:00+05:30
176.8,176.8,176.3,176.3,7660.0,1725425400.0,2024-09-04 10:20:00+05:30
176.45,176.5,175.3,175.3,5136.0,1725425700.0,2024-09-04 10:25:00+05:30
175.3,175.35,175.0,175.35,2744.0,1725426000.0,2024-09-04 10:30:00+05:30
175.35,175.75,174.75,175.65,9692.0,1725426300.0,2024-09-04 10:35:00+05:30
175.6,175.85,175.55,175.55,720.0,1725426600.0,2024-09-04 10:40:00+05:30
175.55,175.55,175.5,175.55,628.0,1725426900.0,2024-09-04 10:45:00+05:30
175.55,175.7,175.55,175.7,204.0,1725427200.0,2024-09-04 10:50:00+05:30
175.8,175.8,175.55,175.55,2012.0,1725427500.0,2024-09-04 10:55:00+05:30
175.55,175.55,175.55,175.55,0.0,1725427800.0,2024-09-04 11:00:00+05:30
175.55,175.9,175.55,175.65,1488.0,1725428100.0,2024-09-04 11:05:00+05:30
175.65,175.75,175.55,175.75,4000.0,1725428400.0,2024-09-04 11:10:00+05:30
175.75,175.75,175.6,175.6,884.0,1725428700.0,2024-09-04 11:15:00+05:30
175.55,175.8,175.55,175.8,408.0,1725429000.0,2024-09-04 11:20:00+05:30
175.8,176.25,175.55,175.95,4124.0,1725429300.0,2024-09-04 11:25:00+05:30
175.95,175.95,175.65,175.65,628.0,1725429600.0,2024-09-04 11:30:00+05:30
175.55,175.55,175.55,175.55,1408.0,1725429900.0,2024-09-04 11:35:00+05:30
175.55,175.75,175.55,175.75,116.0,1725430200.0,2024-09-04 11:40:00+05:30
175.75,175.75,175.65,175.65,60.0,1725430500.0,2024-09-04 11:45:00+05:30
175.65,175.8,175.25,175.25,3912.0,1725430800.0,2024-09-04 11:50:00+05:30
175.25,175.25,174.15,174.4,4140.0,1725431100.0,2024-09-04 11:55:00+05:30
174.4,174.5,173.5,173.5,9860.0,1725431400.0,2024-09-04 12:00:00+05:30
173.85,173.85,173.65,173.65,1928.0,1725431700.0,2024-09-04 12:05:00+05:30
173.45,173.65,173.35,173.6,1996.0,1725432000.0,2024-09-04 12:10:00+05:30
173.6,174.6,173.6,174.0,6868.0,1725432300.0,2024-09-04 12:15:00+05:30
173.9,174.3,173.9,174.15,800.0,1725432600.0,2024-09-04 12:20:00+05:30
174.45,174.45,174.05,174.05,1424.0,1725432900.0,2024-09-04 12:25:00+05:30
174.05,174.05,174.05,174.05,0.0,1725433200.0,2024-09-04 12:30:00+05:30
174.05,174.3,174.05,174.3,28.0,1725433500.0,2024-09-04 12:35:00+05:30
174.3,174.55,174.3,174.4,1048.0,1725433800.0,2024-09-04 12:40:00+05:30
174.35,174.5,173.05,173.35,41376.0,1725434100.0,2024-09-04 12:45:00+05:30
173.4,173.75,173.4,173.4,3044.0,1725434400.0,2024-09-04 12:50:00+05:30
173.4,173.6,173.4,173.4,464.0,1725434700.0,2024-09-04 12:55:00+05:30
173.4,173.4,173.1,173.4,836.0,1725435000.0,2024-09-04 13:00:00+05:30
173.4,173.4,172.55,172.9,28076.0,1725435300.0,2024-09-04 13:05:00+05:30
172.5,173.0,172.5,172.95,6744.0,1725435600.0,2024-09-04 13:10:00+05:30
172.95,173.2,172.7,173.2,2520.0,1725435900.0,2024-09-04 13:15:00+05:30
173.2,173.2,173.15,173.15,392.0,1725436200.0,2024-09-04 13:20:00+05:30
173.15,173.15,172.95,172.95,508.0,1725436500.0,2024-09-04 13:25:00+05:30
173.15,173.15,172.95,173.0,696.0,1725436800.0,2024-09-04 13:30:00+05:30
173.0,173.3,173.0,173.2,1416.0,1725437100.0,2024-09-04 13:35:00+05:30
173.2,173.2,172.8,172.85,1348.0,1725437400.0,2024-09-04 13:40:00+05:30
172.85,173.2,172.85,172.9,176.0,1725437700.0,2024-09-04 13:45:00+05:30
172.9,173.1,172.85,172.85,572.0,1725438000.0,2024-09-04 13:50:00+05:30
173.15,173.15,172.85,172.9,732.0,1725438300.0,2024-09-04 13:55:00+05:30
172.9,172.9,172.7,172.75,308.0,1725438600.0,2024-09-04 14:00:00+05:30
172.65,172.8,172.5,172.7,4632.0,1725438900.0,2024-09-04 14:05:00+05:30
172.8,172.8,172.8,172.8,40.0,1725439200.0,2024-09-04 14:10:00+05:30
172.8,172.8,172.0,172.1,6256.0,1725439500.0,2024-09-04 14:15:00+05:30
172.0,172.35,172.0,172.25,2080.0,1725439800.0,2024-09-04 14:20:00+05:30
172.25,172.25,172.0,172.25,1152.0,1725440100.0,2024-09-04 14:25:00+05:30
172.0,172.25,171.9,172.2,1748.0,1725440400.0,2024-09-04 14:30:00+05:30
172.2,172.25,172.05,172.25,292.0,1725440700.0,2024-09-04 14:35:00+05:30
172.25,172.25,171.9,172.05,7340.0,1725441000.0,2024-09-04 14:40:00+05:30
172.0,172.2,172.0,172.2,1044.0,1725441300.0,2024-09-04 14:45:00+05:30
172.05,172.15,172.0,172.05,276.0,1725441600.0,2024-09-04 14:50:00+05:30
172.05,172.05,171.3,171.7,5296.0,1725441900.0,2024-09-04 14:55:00+05:30
171.95,173.9,171.95,173.3,11980.0,1725442200.0,2024-09-04 15:00:00+05:30
173.3,174.4,173.25,174.05,13740.0,1725442500.0,2024-09-04 15:05:00+05:30
174.0,174.4,173.45,174.25,27128.0,1725442800.0,2024-09-04 15:10:00+05:30
174.25,174.3,173.8,174.25,16640.0,1725443100.0,2024-09-04 15:15:00+05:30
174.1,174.3,173.8,174.25,24924.0,1725443400.0,2024-09-04 15:20:00+05:30
173.8,174.75,173.1,174.75,69872.0,1725443700.0,2024-09-04 15:25:00+05:30
174.75,174.75,174.75,174.75,0.0,1725444000.0,2024-09-04 15:30:00+05:30
176.0,176.75,175.25,176.1,9668.0,1725507900.0,2024-09-05 09:15:00+05:30
176.25,176.35,175.7,175.85,3664.0,1725508200.0,2024-09-05 09:20:00+05:30
175.85,175.95,175.25,175.95,6112.0,1725508500.0,2024-09-05 09:25:00+05:30
175.95,176.0,175.2,175.75,4340.0,1725508800.0,2024-09-05 09:30:00+05:30
175.7,175.7,175.3,175.7,1136.0,1725509100.0,2024-09-05 09:35:00+05:30
175.3,175.3,174.75,175.3,3604.0,1725509400.0,2024-09-05 09:40:00+05:30
175.3,175.5,175.0,175.3,6328.0,1725509700.0,2024-09-05 09:45:00+05:30
175.3,175.95,175.3,175.7,8128.0,1725510000.0,2024-09-05 09:50:00+05:30
175.7,176.0,175.7,175.7,1512.0,1725510300.0,2024-09-05 09:55:00+05:30
175.9,176.25,175.6,176.1,7712.0,1725510600.0,2024-09-05 10:00:00+05:30
175.8,176.05,175.8,176.05,144.0,1725510900.0,2024-09-05 10:05:00+05:30
176.05,176.05,175.75,176.0,2652.0,1725511200.0,2024-09-05 10:10:00+05:30
176.0,176.15,175.75,175.75,1324.0,1725511500.0,2024-09-05 10:15:00+05:30
175.75,176.0,175.75,175.75,792.0,1725511800.0,2024-09-05 10:20:00+05:30
176.0,176.0,175.45,175.45,2380.0,1725512100.0,2024-09-05 10:25:00+05:30
175.0,175.4,175.0,175.2,2176.0,1725512400.0,2024-09-05 10:30:00+05:30
175.15,175.4,175.0,175.4,888.0,1725512700.0,2024-09-05 10:35:00+05:30
175.4,175.4,175.35,175.35,660.0,1725513000.0,2024-09-05 10:40:00+05:30
175.75,175.8,175.45,175.5,4512.0,1725513300.0,2024-09-05 10:45:00+05:30
175.5,175.85,175.5,175.6,988.0,1725513600.0,2024-09-05 10:50:00+05:30
175.6,175.6,175.45,175.45,556.0,1725513900.0,2024-09-05 10:55:00+05:30
175.8,175.8,175.4,175.4,2820.0,1725514200.0,2024-09-05 11:00:00+05:30
175.6,175.6,175.25,175.45,1428.0,1725514500.0,2024-09-05 11:05:00+05:30
175.45,175.5,175.45,175.5,260.0,1725514800.0,2024-09-05 11:10:00+05:30
175.5,175.5,175.3,175.3,180.0,1725515100.0,2024-09-05 11:15:00+05:30
175.3,175.55,175.3,175.3,468.0,1725515400.0,2024-09-05 11:20:00+05:30
175.3,175.3,175.0,175.3,2184.0,1725515700.0,2024-09-05 11:25:00+05:30
175.0,175.4,175.0,175.4,160.0,1725516000.0,2024-09-05 11:30:00+05:30
175.0,175.45,175.0,175.05,5224.0,1725516300.0,2024-09-05 11:35:00+05:30
175.05,175.05,175.05,175.05,652.0,1725516600.0,2024-09-05 11:40:00+05:30
175.05,175.4,175.05,175.15,1000.0,1725516900.0,2024-09-05 11:45:00+05:30
175.15,175.45,175.15,175.15,248.0,1725517200.0,2024-09-05 11:50:00+05:30
175.15,175.4,175.15,175.25,516.0,1725517500.0,2024-09-05 11:55:00+05:30
175.25,175.45,175.25,175.45,948.0,1725517800.0,2024-09-05 12:00:00+05:30
175.45,175.5,175.2,175.5,384.0,1725518100.0,2024-09-05 12:05:00+05:30
175.5,175.5,175.2,175.4,616.0,1725518400.0,2024-09-05 12:10:00+05:30
175.4,175.6,175.2,175.6,3936.0,1725518700.0,2024-09-05 12:15:00+05:30
175.6,175.6,175.25,175.55,772.0,1725519000.0,2024-09-05 12:20:00+05:30
175.55,175.6,175.3,175.3,280.0,1725519300.0,2024-09-05 12:25:00+05:30
175.2,175.45,175.2,175.2,1244.0,1725519600.0,2024-09-05 12:30:00+05:30
175.15,175.4,175.05,175.05,1204.0,1725519900.0,2024-09-05 12:35:00+05:30
175.05,175.3,175.05,175.3,4.0,1725520200.0,2024-09-05 12:40:00+05:30
175.3,175.3,175.3,175.3,28.0,1725520500.0,2024-09-05 12:45:00+05:30
175.3,175.3,175.1,175.1,284.0,1725520800.0,2024-09-05 12:50:00+05:30
175.1,175.4,175.1,175.2,276.0,1725521100.0,2024-09-05 12:55:00+05:30
175.2,175.35,175.05,175.35,272.0,1725521400.0,2024-09-05 13:00:00+05:30
175.35,175.35,175.1,175.35,316.0,1725521700.0,2024-09-05 13:05:00+05:30
175.35,175.35,175.05,175.05,800.0,1725522000.0,2024-09-05 13:10:00+05:30
175.05,175.05,174.25,174.6,4524.0,1725522300.0,2024-09-05 13:15:00+05:30
174.35,174.55,174.25,174.55,536.0,1725522600.0,2024-09-05 13:20:00+05:30
174.55,174.55,174.3,174.45,284.0,1725522900.0,2024-09-05 13:25:00+05:30
174.45,174.45,174.3,174.3,920.0,1725523200.0,2024-09-05 13:30:00+05:30
174.3,174.95,174.25,174.6,3888.0,1725523500.0,2024-09-05 13:35:00+05:30
174.6,174.7,174.4,174.4,88.0,1725523800.0,2024-09-05 13:40:00+05:30
174.6,174.6,174.25,174.45,852.0,1725524100.0,2024-09-05 13:45:00+05:30
174.3,174.6,174.25,174.25,1780.0,1725524400.0,2024-09-05 13:50:00+05:30
174.55,174.6,174.25,174.6,1852.0,1725524700.0,2024-09-05 13:55:00+05:30
174.6,174.75,174.5,174.75,84.0,1725525000.0,2024-09-05 14:00:00+05:30
174.75,174.75,174.5,174.5,220.0,1725525300.0,2024-09-05 14:05:00+05:30
174.75,174.75,174.35,174.4,1304.0,1725525600.0,2024-09-05 14:10:00+05:30
174.55,174.55,174.35,174.35,88.0,1725525900.0,2024-09-05 14:15:00+05:30
174.55,174.55,174.3,174.35,312.0,1725526200.0,2024-09-05 14:20:00+05:30
174.4,174.4,174.2,174.2,1416.0,1725526500.0,2024-09-05 14:25:00+05:30
174.25,174.3,174.25,174.3,264.0,1725526800.0,2024-09-05 14:30:00+05:30
174.25,174.45,174.25,174.45,524.0,1725527100.0,2024-09-05 14:35:00+05:30
174.45,174.5,174.3,174.3,1416.0,1725527400.0,2024-09-05 14:40:00+05:30
174.3,174.5,174.2,174.2,1004.0,1725527700.0,2024-09-05 14:45:00+05:30
174.3,175.5,174.15,175.3,9380.0,1725528000.0,2024-09-05 14:50:00+05:30
175.3,175.75,174.7,175.75,14940.0,1725528300.0,2024-09-05 14:55:00+05:30
175.8,176.25,175.5,175.85,24372.0,1725528600.0,2024-09-05 15:00:00+05:30
175.7,175.7,175.0,175.1,1716.0,1725528900.0,2024-09-05 15:05:00+05:30
175.3,175.45,175.0,175.0,1928.0,1725529200.0,2024-09-05 15:10:00+05:30
175.2,175.4,175.0,175.1,2592.0,1725529500.0,2024-09-05 15:15:00+05:30
175.0,175.1,174.5,174.5,11568.0,1725529800.0,2024-09-05 15:20:00+05:30
174.5,175.0,174.2,174.75,5704.0,1725530100.0,2024-09-05 15:25:00+05:30
174.75,174.75,174.75,174.75,0.0,1725530400.0,2024-09-05 15:30:00+05:30
174.0,177.6,174.0,176.2,22500.0,1725594300.0,2024-09-06 09:15:00+05:30
176.2,176.3,175.9,176.0,2860.0,1725594600.0,2024-09-06 09:20:00+05:30
176.1,176.4,175.75,175.75,5592.0,1725594900.0,2024-09-06 09:25:00+05:30
175.75,175.85,175.65,175.75,1992.0,1725595200.0,2024-09-06 09:30:00+05:30
175.75,175.75,175.5,175.5,1352.0,1725595500.0,2024-09-06 09:35:00+05:30
175.45,175.5,175.35,175.35,780.0,1725595800.0,2024-09-06 09:40:00+05:30
175.3,175.3,174.75,174.95,4232.0,1725596100.0,2024-09-06 09:45:00+05:30
175.05,175.1,174.6,174.75,2816.0,1725596400.0,2024-09-06 09:50:00+05:30
174.7,174.75,174.55,174.55,776.0,1725596700.0,2024-09-06 09:55:00+05:30
174.55,174.7,174.25,174.5,2520.0,1725597000.0,2024-09-06 10:00:00+05:30
174.5,174.5,174.1,174.1,1404.0,1725597300.0,2024-09-06 10:05:00+05:30
173.95,174.4,173.7,174.35,10220.0,1725597600.0,2024-09-06 10:10:00+05:30
174.35,174.4,173.7,173.7,11404.0,1725597900.0,2024-09-06 10:15:00+05:30
173.9,174.3,173.9,174.3,1500.0,1725598200.0,2024-09-06 10:20:00+05:30
174.1,174.35,174.05,174.15,1616.0,1725598500.0,2024-09-06 10:25:00+05:30
173.9,174.35,173.9,174.3,3588.0,1725598800.0,2024-09-06 10:30:00+05:30
174.05,174.3,174.05,174.05,1800.0,1725599100.0,2024-09-06 10:35:00+05:30
174.05,174.2,173.8,173.8,600.0,1725599400.0,2024-09-06 10:40:00+05:30
173.75,173.85,173.55,173.85,688.0,1725599700.0,2024-09-06 10:45:00+05:30
173.85,174.0,173.7,174.0,772.0,1725600000.0,2024-09-06 10:50:00+05:30
174.0,174.0,173.8,173.8,2876.0,1725600300.0,2024-09-06 10:55:00+05:30
173.8,173.9,173.55,173.75,2764.0,1725600600.0,2024-09-06 11:00:00+05:30
173.6,173.85,173.5,173.6,14912.0,1725600900.0,2024-09-06 11:05:00+05:30
173.8,173.8,173.0,173.25,4932.0,1725601200.0,2024-09-06 11:10:00+05:30
173.05,173.25,173.05,173.2,696.0,1725601500.0,2024-09-06 11:15:00+05:30
173.2,173.2,173.0,173.2,1004.0,1725601800.0,2024-09-06 11:20:00+05:30
172.8,173.6,172.8,173.4,19976.0,1725602100.0,2024-09-06 11:25:00+05:30
173.6,173.6,173.4,173.4,1160.0,1725602400.0,2024-09-06 11:30:00+05:30
173.4,173.75,173.4,173.75,4372.0,1725602700.0,2024-09-06 11:35:00+05:30
173.75,173.75,173.65,173.75,72.0,1725603000.0,2024-09-06 11:40:00+05:30
173.75,173.75,173.55,173.6,4384.0,1725603300.0,2024-09-06 11:45:00+05:30
173.55,173.6,173.55,173.6,684.0,1725603600.0,2024-09-06 11:50:00+05:30
173.6,173.6,173.5,173.6,1080.0,1725603900.0,2024-09-06 11:55:00+05:30
173.55,173.6,173.55,173.6,236.0,1725604200.0,2024-09-06 12:00:00+05:30
173.6,173.75,173.6,173.75,684.0,1725604500.0,2024-09-06 12:05:00+05:30
173.75,173.75,173.6,173.6,88.0,1725604800.0,2024-09-06 12:10:00+05:30
173.6,173.6,173.5,173.5,620.0,1725605100.0,2024-09-06 12:15:00+05:30
173.5,173.8,173.5,173.8,2928.0,1725605400.0,2024-09-06 12:20:00+05:30
173.75,173.85,173.75,173.85,152.0,1725605700.0,2024-09-06 12:25:00+05:30
173.85,174.0,173.85,174.0,872.0,1725606000.0,2024-09-06 12:30:00+05:30
174.0,174.0,174.0,174.0,0.0,1725606300.0,2024-09-06 12:35:00+05:30
174.0,174.0,173.85,173.85,132.0,1725606600.0,2024-09-06 12:40:00+05:30
174.0,174.0,173.9,173.95,116.0,1725606900.0,2024-09-06 12:45:00+05:30
173.95,173.95,173.8,173.85,648.0,1725607200.0,2024-09-06 12:50:00+05:30
173.85,173.85,173.85,173.85,260.0,1725607500.0,2024-09-06 12:55:00+05:30
173.85,173.95,173.85,173.95,4.0,1725607800.0,2024-09-06 13:00:00+05:30
173.95,173.95,173.75,173.8,2356.0,1725608100.0,2024-09-06 13:05:00+05:30
173.75,173.9,173.75,173.9,532.0,1725608400.0,2024-09-06 13:10:00+05:30
173.85,173.85,173.8,173.8,44.0,1725608700.0,2024-09-06 13:15:00+05:30
173.8,173.9,173.8,173.8,1252.0,1725609000.0,2024-09-06 13:20:00+05:30
173.8,173.8,173.5,173.5,4592.0,1725609300.0,2024-09-06 13:25:00+05:30
173.5,173.7,173.5,173.7,136.0,1725609600.0,2024-09-06 13:30:00+05:30
173.7,173.7,173.6,173.7,624.0,1725609900.0,2024-09-06 13:35:00+05:30
173.7,173.75,173.7,173.75,320.0,1725610200.0,2024-09-06 13:40:00+05:30
173.75,173.75,173.55,173.55,112.0,1725610500.0,2024-09-06 13:45:00+05:30
173.55,173.6,173.5,173.6,956.0,1725610800.0,2024-09-06 13:50:00+05:30
173.6,173.65,173.5,173.5,2212.0,1725611100.0,2024-09-06 13:55:00+05:30
173.5,173.75,173.5,173.75,2076.0,1725611400.0,2024-09-06 14:00:00+05:30
173.75,173.75,173.55,173.7,24.0,1725611700.0,2024-09-06 14:05:00+05:30
173.7,173.75,173.55,173.55,120.0,1725612000.0,2024-09-06 14:10:00+05:30
173.7,173.7,173.5,173.5,504.0,1725612300.0,2024-09-06 14:15:00+05:30
173.5,173.7,173.5,173.6,204.0,1725612600.0,2024-09-06 14:20:00+05:30
173.7,173.7,171.75,172.05,15412.0,1725612900.0,2024-09-06 14:25:00+05:30
171.8,172.0,170.6,171.6,26988.0,1725613200.0,2024-09-06 14:30:00+05:30
171.8,172.4,171.7,172.1,3328.0,1725613500.0,2024-09-06 14:35:00+05:30
172.1,173.75,172.1,173.25,12292.0,1725613800.0,2024-09-06 14:40:00+05:30
173.4,173.4,171.7,171.9,8672.0,1725614100.0,2024-09-06 14:45:00+05:30
171.9,171.9,171.3,171.55,4184.0,1725614400.0,2024-09-06 14:50:00+05:30
171.3,171.8,171.3,171.5,2772.0,1725614700.0,2024-09-06 14:55:00+05:30
171.55,171.8,171.25,171.6,2704.0,1725615000.0,2024-09-06 15:00:00+05:30
171.55,171.6,171.05,171.6,5292.0,1725615300.0,2024-09-06 15:05:00+05:30
171.4,171.65,171.3,171.6,536.0,1725615600.0,2024-09-06 15:10:00+05:30
171.6,171.95,170.8,171.2,9112.0,1725615900.0,2024-09-06 15:15:00+05:30
171.2,171.3,171.0,171.0,2916.0,1725616200.0,2024-09-06 15:20:00+05:30
171.0,171.25,170.4,171.2,9508.0,1725616500.0,2024-09-06 15:25:00+05:30
171.0,171.25,169.55,169.55,4420.0,1725853500.0,2024-09-09 09:15:00+05:30
169.5,170.5,169.25,169.95,4732.0,1725853800.0,2024-09-09 09:20:00+05:30
169.7,170.35,169.55,169.55,4336.0,1725854100.0,2024-09-09 09:25:00+05:30
169.55,169.8,168.6,168.9,2780.0,1725854400.0,2024-09-09 09:30:00+05:30
169.1,169.95,168.9,169.95,10368.0,1725854700.0,2024-09-09 09:35:00+05:30
170.0,170.25,169.6,170.25,5616.0,1725855000.0,2024-09-09 09:40:00+05:30
170.7,170.7,170.15,170.5,2652.0,1725855300.0,2024-09-09 09:45:00+05:30
170.3,170.4,170.1,170.1,512.0,1725855600.0,2024-09-09 09:50:00+05:30
170.1,170.1,169.6,169.6,2144.0,1725855900.0,2024-09-09 09:55:00+05:30
169.55,169.8,169.5,169.75,440.0,1725856200.0,2024-09-09 10:00:00+05:30
169.75,169.75,169.05,169.05,1672.0,1725856500.0,2024-09-09 10:05:00+05:30
169.0,169.5,168.85,168.85,4420.0,1725856800.0,2024-09-09 10:10:00+05:30
168.8,169.05,168.75,169.05,1764.0,1725857100.0,2024-09-09 10:15:00+05:30
168.65,169.25,168.5,169.25,5544.0,1725857400.0,2024-09-09 10:20:00+05:30
169.0,169.25,168.75,169.15,1936.0,1725857700.0,2024-09-09 10:25:00+05:30
169.25,169.6,169.25,169.3,840.0,1725858000.0,2024-09-09 10:30:00+05:30
169.35,170.55,169.35,170.2,4088.0,1725858300.0,2024-09-09 10:35:00+05:30
170.55,171.0,170.5,171.0,1264.0,1725858600.0,2024-09-09 10:40:00+05:30
170.85,170.95,170.85,170.95,84.0,1725858900.0,2024-09-09 10:45:00+05:30
170.65,170.75,170.5,170.55,4996.0,1725859200.0,2024-09-09 10:50:00+05:30
170.75,170.75,170.6,170.6,416.0,1725859500.0,2024-09-09 10:55:00+05:30
170.6,170.75,170.5,170.5,2444.0,1725859800.0,2024-09-09 11:00:00+05:30
170.5,170.75,170.5,170.5,892.0,1725860100.0,2024-09-09 11:05:00+05:30
170.5,170.75,170.5,170.75,224.0,1725860400.0,2024-09-09 11:10:00+05:30
170.75,170.75,170.55,170.55,216.0,1725860700.0,2024-09-09 11:15:00+05:30
170.5,170.75,170.5,170.7,716.0,1725861000.0,2024-09-09 11:20:00+05:30
170.7,170.7,170.7,170.7,4.0,1725861300.0,2024-09-09 11:25:00+05:30
170.7,171.1,170.5,171.1,1360.0,1725861600.0,2024-09-09 11:30:00+05:30
170.9,171.1,170.85,170.85,624.0,1725861900.0,2024-09-09 11:35:00+05:30
170.85,171.1,170.85,171.1,12.0,1725862200.0,2024-09-09 11:40:00+05:30
171.1,171.1,170.75,171.1,7128.0,1725862500.0,2024-09-09 11:45:00+05:30
171.1,171.1,170.7,170.7,220.0,1725862800.0,2024-09-09 11:50:00+05:30
170.7,170.75,170.7,170.75,616.0,1725863100.0,2024-09-09 11:55:00+05:30
170.75,170.75,170.15,170.15,8628.0,1725863400.0,2024-09-09 12:00:00+05:30
170.2,170.45,170.2,170.45,248.0,1725863700.0,2024-09-09 12:05:00+05:30
170.3,170.45,170.05,170.2,1796.0,1725864000.0,2024-09-09 12:10:00+05:30
170.15,170.45,170.15,170.45,412.0,1725864300.0,2024-09-09 12:15:00+05:30
170.45,170.45,170.3,170.3,332.0,1725864600.0,2024-09-09 12:20:00+05:30
170.3,170.35,170.1,170.1,356.0,1725864900.0,2024-09-09 12:25:00+05:30
170.05,170.25,170.05,170.25,444.0,1725865200.0,2024-09-09 12:30:00+05:30
170.25,170.25,170.05,170.15,1200.0,1725865500.0,2024-09-09 12:35:00+05:30
170.15,170.15,170.15,170.15,4.0,1725865800.0,2024-09-09 12:40:00+05:30
170.0,170.0,169.7,169.75,1244.0,1725866100.0,2024-09-09 12:45:00+05:30
169.75,169.9,169.75,169.75,88.0,1725866400.0,2024-09-09 12:50:00+05:30
169.85,169.85,169.35,169.35,1532.0,1725866700.0,2024-09-09 12:55:00+05:30
169.25,169.4,169.2,169.4,1724.0,1725867000.0,2024-09-09 13:00:00+05:30
169.4,169.7,169.3,169.55,836.0,1725867300.0,2024-09-09 13:05:00+05:30
169.75,169.9,169.65,169.8,800.0,1725867600.0,2024-09-09 13:10:00+05:30
169.8,169.8,169.6,169.6,104.0,1725867900.0,2024-09-09 13:15:00+05:30
169.55,169.8,169.4,169.8,544.0,1725868200.0,2024-09-09 13:20:00+05:30
169.8,169.85,169.6,169.6,88.0,1725868500.0,2024-09-09 13:25:00+05:30
169.6,169.8,169.6,169.8,8.0,1725868800.0,2024-09-09 13:30:00+05:30
169.8,169.85,169.65,169.65,464.0,1725869100.0,2024-09-09 13:35:00+05:30
169.65,169.7,169.5,169.7,1540.0,1725869400.0,2024-09-09 13:40:00+05:30
169.75,169.75,169.5,169.5,352.0,1725869700.0,2024-09-09 13:45:00+05:30
169.5,169.75,169.5,169.7,196.0,1725870000.0,2024-09-09 13:50:00+05:30
169.7,169.7,169.5,169.7,192.0,1725870300.0,2024-09-09 13:55:00+05:30
169.7,169.9,169.6,169.6,964.0,1725870600.0,2024-09-09 14:00:00+05:30
169.6,169.8,169.6,169.8,32.0,1725870900.0,2024-09-09 14:05:00+05:30
169.8,169.8,169.5,169.8,1912.0,1725871200.0,2024-09-09 14:10:00+05:30
169.8,169.85,169.55,169.85,1500.0,1725871500.0,2024-09-09 14:15:00+05:30
169.5,169.8,169.5,169.8,1408.0,1725871800.0,2024-09-09 14:20:00+05:30
169.8,169.85,169.8,169.85,808.0,1725872100.0,2024-09-09 14:25:00+05:30
169.85,169.9,169.7,169.9,40.0,1725872400.0,2024-09-09 14:30:00+05:30
169.7,169.85,169.5,169.8,996.0,1725872700.0,2024-09-09 14:35:00+05:30
169.9,169.95,169.9,169.95,348.0,1725873000.0,2024-09-09 14:40:00+05:30
169.85,169.95,169.8,169.95,356.0,1725873300.0,2024-09-09 14:45:00+05:30
169.7,169.95,169.7,169.7,412.0,1725873600.0,2024-09-09 14:50:00+05:30
169.7,170.0,169.7,169.8,14024.0,1725873900.0,2024-09-09 14:55:00+05:30
169.9,170.1,169.9,170.1,5924.0,1725874200.0,2024-09-09 15:00:00+05:30
170.1,170.1,169.9,170.1,5392.0,1725874500.0,2024-09-09 15:05:00+05:30
170.1,170.1,169.8,169.8,452.0,1725874800.0,2024-09-09 15:10:00+05:30
169.8,170.05,169.7,169.75,6596.0,1725875100.0,2024-09-09 15:15:00+05:30
169.55,171.0,169.5,170.5,9536.0,1725875400.0,2024-09-09 15:20:00+05:30
170.3,172.5,169.8,172.5,17272.0,1725875700.0,2024-09-09 15:25:00+05:30
172.5,172.5,172.5,172.5,0.0,1725876000.0,2024-09-09 15:30:00+05:30
170.95,175.65,170.1,175.3,23592.0,1725939900.0,2024-09-10 09:15:00+05:30
175.4,176.45,175.4,175.8,29984.0,1725940200.0,2024-09-10 09:20:00+05:30
175.45,175.75,175.3,175.75,4680.0,1725940500.0,2024-09-10 09:25:00+05:30
175.55,175.75,175.05,175.55,6948.0,1725940800.0,2024-09-10 09:30:00+05:30
175.9,176.2,175.35,176.2,5856.0,1725941100.0,2024-09-10 09:35:00+05:30
176.2,176.2,176.05,176.2,3800.0,1725941400.0,2024-09-10 09:40:00+05:30
176.2,176.4,175.35,176.4,62800.0,1725941700.0,2024-09-10 09:45:00+05:30
176.4,178.05,176.4,177.25,52460.0,1725942000.0,2024-09-10 09:50:00+05:30
177.0,177.5,177.0,177.45,3080.0,1725942300.0,2024-09-10 09:55:00+05:30
177.45,177.5,177.2,177.25,5720.0,1725942600.0,2024-09-10 10:00:00+05:30
177.45,177.6,177.25,177.3,5420.0,1725942900.0,2024-09-10 10:05:00+05:30
177.5,177.5,176.25,176.65,9216.0,1725943200.0,2024-09-10 10:10:00+05:30
176.45,177.0,176.45,177.0,3336.0,1725943500.0,2024-09-10 10:15:00+05:30
177.0,177.0,176.7,176.85,4720.0,1725943800.0,2024-09-10 10:20:00+05:30
176.9,176.95,176.25,176.25,8524.0,1725944100.0,2024-09-10 10:25:00+05:30
176.25,176.25,175.25,176.1,7236.0,1725944400.0,2024-09-10 10:30:00+05:30
176.25,176.75,176.25,176.7,3156.0,1725944700.0,2024-09-10 10:35:00+05:30
176.5,176.6,175.8,176.1,3388.0,1725945000.0,2024-09-10 10:40:00+05:30
176.1,176.15,175.95,176.0,3332.0,1725945300.0,2024-09-10 10:45:00+05:30
176.0,176.2,175.8,176.1,2884.0,1725945600.0,2024-09-10 10:50:00+05:30
176.05,176.5,176.05,176.35,6612.0,1725945900.0,2024-09-10 10:55:00+05:30
176.5,176.5,176.4,176.5,2228.0,1725946200.0,2024-09-10 11:00:00+05:30
176.4,176.5,176.0,176.0,3856.0,1725946500.0,2024-09-10 11:05:00+05:30
176.0,176.45,176.0,176.25,1624.0,1725946800.0,2024-09-10 11:10:00+05:30
176.25,176.45,176.25,176.45,2376.0,1725947100.0,2024-09-10 11:15:00+05:30
176.45,176.6,176.4,176.45,3884.0,1725947400.0,2024-09-10 11:20:00+05:30
176.45,176.65,176.25,176.25,3460.0,1725947700.0,2024-09-10 11:25:00+05:30
176.25,176.65,176.25,176.65,2640.0,1725948000.0,2024-09-10 11:30:00+05:30
176.4,176.55,176.0,176.2,3608.0,1725948300.0,2024-09-10 11:35:00+05:30
176.0,176.35,176.0,176.35,2448.0,1725948600.0,2024-09-10 11:40:00+05:30
175.75,175.9,175.0,175.75,13192.0,1725948900.0,2024-09-10 11:45:00+05:30
175.85,176.1,175.05,175.4,7688.0,1725949200.0,2024-09-10 11:50:00+05:30
175.4,175.95,175.3,175.7,2476.0,1725949500.0,2024-09-10 11:55:00+05:30
175.45,175.75,174.5,175.2,16184.0,1725949800.0,2024-09-10 12:00:00+05:30
175.5,175.55,175.0,175.55,6480.0,1725950100.0,2024-09-10 12:05:00+05:30
175.3,175.7,175.3,175.7,1044.0,1725950400.0,2024-09-10 12:10:00+05:30
175.7,175.85,175.2,175.85,6940.0,1725950700.0,2024-09-10 12:15:00+05:30
176.0,176.0,175.8,175.8,1364.0,1725951000.0,2024-09-10 12:20:00+05:30
175.8,176.05,175.45,175.45,4120.0,1725951300.0,2024-09-10 12:25:00+05:30
175.45,175.65,175.05,175.65,6032.0,1725951600.0,2024-09-10 12:30:00+05:30
175.65,175.7,175.5,175.7,2356.0,1725951900.0,2024-09-10 12:35:00+05:30
175.7,175.75,175.3,175.55,3628.0,1725952200.0,2024-09-10 12:40:00+05:30
175.3,176.15,175.3,175.9,4420.0,1725952500.0,2024-09-10 12:45:00+05:30
176.0,176.25,175.2,176.2,32704.0,1725952800.0,2024-09-10 12:50:00+05:30
176.25,177.4,176.25,177.25,11088.0,1725953100.0,2024-09-10 12:55:00+05:30
177.3,177.3,176.25,177.0,32680.0,1725953400.0,2024-09-10 13:00:00+05:30
177.0,177.25,176.55,176.8,14696.0,1725953700.0,2024-09-10 13:05:00+05:30
176.95,176.95,176.7,176.8,4084.0,1725954000.0,2024-09-10 13:10:00+05:30
176.75,176.95,176.55,176.65,10112.0,1725954300.0,2024-09-10 13:15:00+05:30
176.8,177.1,176.8,176.95,3136.0,1725954600.0,2024-09-10 13:20:00+05:30
177.0,177.15,176.9,177.15,1964.0,1725954900.0,2024-09-10 13:25:00+05:30
177.2,177.3,177.0,177.3,2240.0,1725955200.0,2024-09-10 13:30:00+05:30
177.05,177.4,176.85,176.85,3584.0,1725955500.0,2024-09-10 13:35:00+05:30
177.15,177.15,176.85,177.0,1932.0,1725955800.0,2024-09-10 13:40:00+05:30
177.0,177.1,176.55,176.85,2544.0,1725956100.0,2024-09-10 13:45:00+05:30
176.85,177.1,176.85,177.1,3736.0,1725956400.0,2024-09-10 13:50:00+05:30
177.2,177.95,177.1,177.85,15400.0,1725956700.0,2024-09-10 13:55:00+05:30
177.85,178.6,177.85,178.5,15472.0,1725957000.0,2024-09-10 14:00:00+05:30
178.5,178.6,178.05,178.4,12112.0,1725957300.0,2024-09-10 14:05:00+05:30
178.45,178.5,178.0,178.1,25796.0,1725957600.0,2024-09-10 14:10:00+05:30
178.4,179.5,178.4,179.05,50456.0,1725957900.0,2024-09-10 14:15:00+05:30
179.25,179.7,179.1,179.7,12424.0,1725958200.0,2024-09-10 14:20:00+05:30
179.5,179.7,179.3,179.5,17096.0,1725958500.0,2024-09-10 14:25:00+05:30
179.5,179.55,178.8,178.8,6288.0,1725958800.0,2024-09-10 14:30:00+05:30
178.75,179.2,178.55,179.05,10788.0,1725959100.0,2024-09-10 14:35:00+05:30
179.2,179.3,178.65,179.25,8068.0,1725959400.0,2024-09-10 14:40:00+05:30
179.15,179.7,179.1,179.7,22604.0,1725959700.0,2024-09-10 14:45:00+05:30
179.7,179.75,178.75,179.65,35520.0,1725960000.0,2024-09-10 14:50:00+05:30
179.75,180.75,179.75,180.25,30356.0,1725960300.0,2024-09-10 14:55:00+05:30
180.05,184.7,180.05,184.55,152796.0,1725960600.0,2024-09-10 15:00:00+05:30
184.25,185.6,183.15,185.1,113716.0,1725960900.0,2024-09-10 15:05:00+05:30
185.0,185.5,184.6,185.1,72124.0,1725961200.0,2024-09-10 15:10:00+05:30
185.1,185.4,184.55,185.35,90620.0,1725961500.0,2024-09-10 15:15:00+05:30
185.4,185.5,184.85,185.4,40836.0,1725961800.0,2024-09-10 15:20:00+05:30
185.4,186.25,184.75,185.6,90160.0,1725962100.0,2024-09-10 15:25:00+05:30
185.6,185.6,185.6,185.6,0.0,1725962400.0,2024-09-10 15:30:00+05:30
186.0,186.25,182.35,182.45,30160.0,1726026300.0,2024-09-11 09:15:00+05:30
182.7,183.8,182.5,183.55,27492.0,1726026600.0,2024-09-11 09:20:00+05:30
183.55,183.8,182.25,182.4,10084.0,1726026900.0,2024-09-11 09:25:00+05:30
182.4,182.6,181.75,182.2,9028.0,1726027200.0,2024-09-11 09:30:00+05:30
182.2,182.9,182.0,182.4,5284.0,1726027500.0,2024-09-11 09:35:00+05:30
182.6,182.75,182.25,182.5,8324.0,1726027800.0,2024-09-11 09:40:00+05:30
182.5,182.5,181.9,182.05,4316.0,1726028100.0,2024-09-11 09:45:00+05:30
182.25,182.35,181.9,182.25,3868.0,1726028400.0,2024-09-11 09:50:00+05:30
182.1,182.6,181.8,182.1,6780.0,1726028700.0,2024-09-11 09:55:00+05:30
182.1,182.3,181.65,182.2,4492.0,1726029000.0,2024-09-11 10:00:00+05:30
182.15,182.3,181.85,182.1,1976.0,1726029300.0,2024-09-11 10:05:00+05:30
182.15,182.2,181.75,181.95,1928.0,1726029600.0,2024-09-11 10:10:00+05:30
181.7,182.0,181.65,182.0,2348.0,1726029900.0,2024-09-11 10:15:00+05:30
182.0,182.0,181.25,181.8,7716.0,1726030200.0,2024-09-11 10:20:00+05:30
181.8,181.8,180.8,180.8,2376.0,1726030500.0,2024-09-11 10:25:00+05:30
180.95,181.4,180.8,181.3,2684.0,1726030800.0,2024-09-11 10:30:00+05:30
181.25,181.4,180.95,181.4,2256.0,1726031100.0,2024-09-11 10:35:00+05:30
181.15,181.6,181.15,181.5,484.0,1726031400.0,2024-09-11 10:40:00+05:30
181.3,181.7,181.3,181.65,1500.0,1726031700.0,2024-09-11 10:45:00+05:30
181.7,181.75,181.35,181.75,1944.0,1726032000.0,2024-09-11 10:50:00+05:30
181.75,181.75,181.45,181.5,544.0,1726032300.0,2024-09-11 10:55:00+05:30
181.7,181.85,181.45,181.45,2944.0,1726032600.0,2024-09-11 11:00:00+05:30
181.45,181.9,181.45,181.5,3080.0,1726032900.0,2024-09-11 11:05:00+05:30
181.7,181.7,181.25,181.45,1632.0,1726033200.0,2024-09-11 11:10:00+05:30
181.45,181.5,181.25,181.25,956.0,1726033500.0,2024-09-11 11:15:00+05:30
181.45,181.6,181.3,181.55,672.0,1726033800.0,2024-09-11 11:20:00+05:30
181.3,181.55,181.25,181.55,1180.0,1726034100.0,2024-09-11 11:25:00+05:30
181.55,181.55,181.25,181.5,952.0,1726034400.0,2024-09-11 11:30:00+05:30
181.5,181.5,181.25,181.5,276.0,1726034700.0,2024-09-11 11:35:00+05:30
181.55,181.7,181.35,181.45,532.0,1726035000.0,2024-09-11 11:40:00+05:30
181.7,181.9,181.4,181.9,1356.0,1726035300.0,2024-09-11 11:45:00+05:30
181.7,181.9,181.7,181.9,728.0,1726035600.0,2024-09-11 11:50:00+05:30
181.9,181.9,181.7,181.7,24.0,1726035900.0,2024-09-11 11:55:00+05:30
181.85,181.85,181.5,181.8,2004.0,1726036200.0,2024-09-11 12:00:00+05:30
181.8,181.8,180.9,180.9,4340.0,1726036500.0,2024-09-11 12:05:00+05:30
181.0,181.2,180.5,180.65,3836.0,1726036800.0,2024-09-11 12:10:00+05:30
180.8,180.8,180.5,180.7,1652.0,1726037100.0,2024-09-11 12:15:00+05:30
180.5,180.6,180.25,180.6,6648.0,1726037400.0,2024-09-11 12:20:00+05:30
180.6,180.95,180.5,180.95,992.0,1726037700.0,2024-09-11 12:25:00+05:30
180.95,180.95,180.75,180.8,272.0,1726038000.0,2024-09-11 12:30:00+05:30
180.95,180.95,180.3,180.35,2356.0,1726038300.0,2024-09-11 12:35:00+05:30
180.55,180.75,180.25,180.3,2516.0,1726038600.0,2024-09-11 12:40:00+05:30
180.5,180.5,180.3,180.5,320.0,1726038900.0,2024-09-11 12:45:00+05:30
180.3,180.4,180.05,180.05,2532.0,1726039200.0,2024-09-11 12:50:00+05:30
180.2,180.75,179.55,180.6,15880.0,1726039500.0,2024-09-11 12:55:00+05:30
180.6,181.7,180.6,181.7,4200.0,1726039800.0,2024-09-11 13:00:00+05:30
181.65,181.65,181.35,181.65,208.0,1726040100.0,2024-09-11 13:05:00+05:30
181.75,181.85,181.0,181.3,1796.0,1726040400.0,2024-09-11 13:10:00+05:30
181.4,181.6,181.15,181.15,1084.0,1726040700.0,2024-09-11 13:15:00+05:30
181.15,181.25,181.15,181.25,4.0,1726041000.0,2024-09-11 13:20:00+05:30
181.25,181.25,180.8,180.9,564.0,1726041300.0,2024-09-11 13:25:00+05:30
181.0,181.1,180.8,181.1,316.0,1726041600.0,2024-09-11 13:30:00+05:30
180.8,180.8,180.1,180.1,20316.0,1726041900.0,2024-09-11 13:35:00+05:30
180.3,180.3,180.0,180.15,2700.0,1726042200.0,2024-09-11 13:40:00+05:30
180.15,181.3,180.0,181.3,6940.0,1726042500.0,2024-09-11 13:45:00+05:30
181.6,181.6,181.25,181.6,5932.0,1726042800.0,2024-09-11 13:50:00+05:30
181.6,181.6,181.3,181.5,812.0,1726043100.0,2024-09-11 13:55:00+05:30
181.3,181.5,181.3,181.3,1176.0,1726043400.0,2024-09-11 14:00:00+05:30
181.05,181.7,181.05,181.4,3508.0,1726043700.0,2024-09-11 14:05:00+05:30
181.35,181.7,181.25,181.35,3000.0,1726044000.0,2024-09-11 14:10:00+05:30
181.6,181.6,181.3,181.45,1580.0,1726044300.0,2024-09-11 14:15:00+05:30
181.55,181.8,181.4,181.75,1348.0,1726044600.0,2024-09-11 14:20:00+05:30
181.55,181.7,181.3,181.5,924.0,1726044900.0,2024-09-11 14:25:00+05:30
181.3,181.65,181.3,181.5,5292.0,1726045200.0,2024-09-11 14:30:00+05:30
181.25,181.5,181.25,181.45,4292.0,1726045500.0,2024-09-11 14:35:00+05:30
181.3,181.5,181.3,181.45,1012.0,1726045800.0,2024-09-11 14:40:00+05:30
181.3,181.6,181.3,181.6,5116.0,1726046100.0,2024-09-11 14:45:00+05:30
181.6,181.6,181.25,181.4,5792.0,1726046400.0,2024-09-11 14:50:00+05:30
181.3,181.55,181.25,181.3,11348.0,1726046700.0,2024-09-11 14:55:00+05:30
181.3,181.65,181.3,181.3,6344.0,1726047000.0,2024-09-11 15:00:00+05:30
181.3,181.6,181.3,181.3,4728.0,1726047300.0,2024-09-11 15:05:00+05:30
181.4,182.5,180.75,182.45,46028.0,1726047600.0,2024-09-11 15:10:00+05:30
182.4,182.8,182.35,182.4,38364.0,1726047900.0,2024-09-11 15:15:00+05:30
182.45,182.95,182.3,182.65,12660.0,1726048200.0,2024-09-11 15:20:00+05:30
182.55,182.9,182.5,182.75,4292.0,1726048500.0,2024-09-11 15:25:00+05:30
182.5,186.25,181.3,181.75,20564.0,1726112700.0,2024-09-12 09:15:00+05:30
182.0,182.45,181.55,181.95,6892.0,1726113000.0,2024-09-12 09:20:00+05:30
181.95,181.95,180.3,180.35,7352.0,1726113300.0,2024-09-12 09:25:00+05:30
180.3,180.9,180.3,180.9,3724.0,1726113600.0,2024-09-12 09:30:00+05:30
180.9,180.9,178.95,179.3,10912.0,1726113900.0,2024-09-12 09:35:00+05:30
179.5,179.5,178.05,178.2,6828.0,1726114200.0,2024-09-12 09:40:00+05:30
178.2,178.85,178.2,178.55,4536.0,1726114500.0,2024-09-12 09:45:00+05:30
178.85,179.0,178.55,178.65,4120.0,1726114800.0,2024-09-12 09:50:00+05:30
178.8,178.9,178.5,178.55,2356.0,1726115100.0,2024-09-12 09:55:00+05:30
178.75,180.6,178.5,180.5,12504.0,1726115400.0,2024-09-12 10:00:00+05:30
180.55,181.4,180.4,181.4,12772.0,1726115700.0,2024-09-12 10:05:00+05:30
181.7,181.75,181.0,181.75,2236.0,1726116000.0,2024-09-12 10:10:00+05:30
181.75,182.2,181.15,182.0,11256.0,1726116300.0,2024-09-12 10:15:00+05:30
182.0,182.15,181.8,181.8,1344.0,1726116600.0,2024-09-12 10:20:00+05:30
181.75,182.0,181.55,181.65,1924.0,1726116900.0,2024-09-12 10:25:00+05:30
181.65,181.75,181.2,181.35,5748.0,1726117200.0,2024-09-12 10:30:00+05:30
181.6,181.7,181.4,181.6,2016.0,1726117500.0,2024-09-12 10:35:00+05:30
181.6,182.0,181.6,182.0,3676.0,1726117800.0,2024-09-12 10:40:00+05:30
182.0,182.4,182.0,182.25,1204.0,1726118100.0,2024-09-12 10:45:00+05:30
182.05,182.25,182.0,182.25,912.0,1726118400.0,2024-09-12 10:50:00+05:30
182.25,182.45,182.0,182.15,8288.0,1726118700.0,2024-09-12 10:55:00+05:30
182.35,182.35,182.05,182.3,252.0,1726119000.0,2024-09-12 11:00:00+05:30
182.3,182.35,182.05,182.1,492.0,1726119300.0,2024-09-12 11:05:00+05:30
182.05,182.25,182.0,182.25,1012.0,1726119600.0,2024-09-12 11:10:00+05:30
182.4,182.4,182.05,182.15,1196.0,1726119900.0,2024-09-12 11:15:00+05:30
182.15,182.55,182.15,182.15,3340.0,1726120200.0,2024-09-12 11:20:00+05:30
182.15,182.4,182.0,182.0,1888.0,1726120500.0,2024-09-12 11:25:00+05:30
182.0,182.0,182.0,182.0,3964.0,1726120800.0,2024-09-12 11:30:00+05:30
182.0,182.25,182.0,182.1,1692.0,1726121100.0,2024-09-12 11:35:00+05:30
182.3,182.85,182.15,182.65,3972.0,1726121400.0,2024-09-12 11:40:00+05:30
182.95,183.25,182.65,183.2,6964.0,1726121700.0,2024-09-12 11:45:00+05:30
183.0,183.65,183.0,183.1,10172.0,1726122000.0,2024-09-12 11:50:00+05:30
183.35,183.4,183.0,183.0,612.0,1726122300.0,2024-09-12 11:55:00+05:30
183.25,183.25,182.9,183.1,648.0,1726122600.0,2024-09-12 12:00:00+05:30
183.1,184.55,182.85,184.2,15928.0,1726122900.0,2024-09-12 12:05:00+05:30
184.1,184.7,184.1,184.55,2764.0,1726123200.0,2024-09-12 12:10:00+05:30
184.55,184.8,184.55,184.75,3356.0,1726123500.0,2024-09-12 12:15:00+05:30
184.75,184.95,184.65,184.8,2364.0,1726123800.0,2024-09-12 12:20:00+05:30
184.75,184.8,184.45,184.5,7412.0,1726124100.0,2024-09-12 12:25:00+05:30
184.5,184.75,184.5,184.5,876.0,1726124400.0,2024-09-12 12:30:00+05:30
184.5,184.9,184.5,184.75,1696.0,1726124700.0,2024-09-12 12:35:00+05:30
184.75,184.75,183.9,184.25,9704.0,1726125000.0,2024-09-12 12:40:00+05:30
184.15,184.15,183.8,183.8,1992.0,1726125300.0,2024-09-12 12:45:00+05:30
184.0,184.55,183.8,183.8,3096.0,1726125600.0,2024-09-12 12:50:00+05:30
183.8,183.9,183.65,183.65,908.0,1726125900.0,2024-09-12 12:55:00+05:30
183.65,183.75,183.65,183.65,252.0,1726126200.0,2024-09-12 13:00:00+05:30
183.65,183.75,183.5,183.5,1668.0,1726126500.0,2024-09-12 13:05:00+05:30
183.5,183.75,183.5,183.6,700.0,1726126800.0,2024-09-12 13:10:00+05:30
183.6,183.85,183.45,183.45,16140.0,1726127100.0,2024-09-12 13:15:00+05:30
183.45,183.7,183.45,183.5,2380.0,1726127400.0,2024-09-12 13:20:00+05:30
183.5,183.55,183.5,183.55,180.0,1726127700.0,2024-09-12 13:25:00+05:30
183.55,183.55,183.55,183.55,512.0,1726128000.0,2024-09-12 13:30:00+05:30
183.55,183.55,182.8,182.95,2704.0,1726128300.0,2024-09-12 13:35:00+05:30
182.95,183.0,182.95,183.0,200.0,1726128600.0,2024-09-12 13:40:00+05:30
183.0,183.45,183.0,183.45,3040.0,1726128900.0,2024-09-12 13:45:00+05:30
183.3,183.4,183.25,183.25,1240.0,1726129200.0,2024-09-12 13:50:00+05:30
183.2,183.45,183.05,183.05,2700.0,1726129500.0,2024-09-12 13:55:00+05:30
183.05,183.1,183.05,183.1,604.0,1726129800.0,2024-09-12 14:00:00+05:30
183.1,183.3,183.0,183.0,1764.0,1726130100.0,2024-09-12 14:05:00+05:30
183.0,183.0,182.5,182.5,3140.0,1726130400.0,2024-09-12 14:10:00+05:30
182.5,182.5,182.5,182.5,324.0,1726130700.0,2024-09-12 14:15:00+05:30
182.7,182.8,182.5,182.75,3992.0,1726131000.0,2024-09-12 14:20:00+05:30
182.75,183.0,182.75,182.8,312.0,1726131300.0,2024-09-12 14:25:00+05:30
182.8,182.85,182.55,182.75,1632.0,1726131600.0,2024-09-12 14:30:00+05:30
182.65,183.2,182.65,183.05,688.0,1726131900.0,2024-09-12 14:35:00+05:30
183.05,183.3,183.0,183.15,2888.0,1726132200.0,2024-09-12 14:40:00+05:30
183.3,183.55,183.3,183.4,1140.0,1726132500.0,2024-09-12 14:45:00+05:30
183.4,183.55,183.4,183.4,180.0,1726132800.0,2024-09-12 14:50:00+05:30
183.4,183.55,183.2,183.45,1732.0,1726133100.0,2024-09-12 14:55:00+05:30
183.35,184.3,183.3,184.25,24152.0,1726133400.0,2024-09-12 15:00:00+05:30
184.3,184.4,184.25,184.3,4136.0,1726133700.0,2024-09-12 15:05:00+05:30
184.5,185.0,184.0,184.0,12996.0,1726134000.0,2024-09-12 15:10:00+05:30
183.7,184.2,183.45,184.0,10736.0,1726134300.0,2024-09-12 15:15:00+05:30
184.1,184.1,182.75,182.75,4788.0,1726134600.0,2024-09-12 15:20:00+05:30
182.75,183.25,182.4,183.0,4856.0,1726134900.0,2024-09-12 15:25:00+05:30
182.45,182.95,181.5,181.95,13160.0,1726199100.0,2024-09-13 09:15:00+05:30
181.8,184.25,181.75,183.3,27792.0,1726199400.0,2024-09-13 09:20:00+05:30
183.45,183.8,182.5,182.8,6504.0,1726199700.0,2024-09-13 09:25:00+05:30
182.8,183.4,182.7,182.7,3032.0,1726200000.0,2024-09-13 09:30:00+05:30
182.7,182.7,181.65,182.2,9780.0,1726200300.0,2024-09-13 09:35:00+05:30
182.35,182.45,181.8,181.8,1940.0,1726200600.0,2024-09-13 09:40:00+05:30
182.1,183.35,182.1,183.3,7764.0,1726200900.0,2024-09-13 09:45:00+05:30
183.3,184.15,183.3,183.9,8664.0,1726201200.0,2024-09-13 09:50:00+05:30
183.9,184.4,183.75,184.3,7400.0,1726201500.0,2024-09-13 09:55:00+05:30
184.3,184.3,183.8,184.3,2692.0,1726201800.0,2024-09-13 10:00:00+05:30
184.3,184.3,184.2,184.2,140.0,1726202100.0,2024-09-13 10:05:00+05:30
184.2,184.2,183.75,183.75,944.0,1726202400.0,2024-09-13 10:10:00+05:30
183.75,184.1,183.75,183.75,1712.0,1726202700.0,2024-09-13 10:15:00+05:30
183.75,183.95,183.75,183.95,284.0,1726203000.0,2024-09-13 10:20:00+05:30
183.8,184.1,183.75,183.75,2368.0,1726203300.0,2024-09-13 10:25:00+05:30
183.75,184.3,183.75,184.3,4060.0,1726203600.0,2024-09-13 10:30:00+05:30
184.1,185.05,183.8,185.0,9968.0,1726203900.0,2024-09-13 10:35:00+05:30
185.3,185.5,184.95,185.0,6940.0,1726204200.0,2024-09-13 10:40:00+05:30
185.1,187.75,185.0,186.75,61880.0,1726204500.0,2024-09-13 10:45:00+05:30
186.75,186.75,186.25,186.4,10444.0,1726204800.0,2024-09-13 10:50:00+05:30
186.4,186.9,186.3,186.9,2780.0,1726205100.0,2024-09-13 10:55:00+05:30
186.9,187.2,186.5,186.75,3216.0,1726205400.0,2024-09-13 11:00:00+05:30
186.75,188.0,186.65,188.0,16556.0,1726205700.0,2024-09-13 11:05:00+05:30
188.0,188.7,187.5,187.7,52316.0,1726206000.0,2024-09-13 11:10:00+05:30
188.0,188.2,187.5,187.95,2568.0,1726206300.0,2024-09-13 11:15:00+05:30
187.7,187.95,187.6,187.95,1180.0,1726206600.0,2024-09-13 11:20:00+05:30
187.75,187.95,187.5,187.5,2328.0,1726206900.0,2024-09-13 11:25:00+05:30
187.65,187.9,187.5,187.5,2304.0,1726207200.0,2024-09-13 11:30:00+05:30
187.5,188.5,187.45,188.1,14396.0,1726207500.0,2024-09-13 11:35:00+05:30
188.15,188.3,188.1,188.3,1936.0,1726207800.0,2024-09-13 11:40:00+05:30
188.3,188.3,187.75,187.75,5008.0,1726208100.0,2024-09-13 11:45:00+05:30
187.75,188.4,187.75,188.4,8768.0,1726208400.0,2024-09-13 11:50:00+05:30
188.45,188.75,188.15,188.5,13940.0,1726208700.0,2024-09-13 11:55:00+05:30
188.3,188.5,188.25,188.5,3244.0,1726209000.0,2024-09-13 12:00:00+05:30
188.3,188.55,188.3,188.35,3408.0,1726209300.0,2024-09-13 12:05:00+05:30
188.2,188.6,188.0,188.1,6840.0,1726209600.0,2024-09-13 12:10:00+05:30
188.05,188.35,188.0,188.1,1188.0,1726209900.0,2024-09-13 12:15:00+05:30
188.1,188.1,187.8,187.8,1232.0,1726210200.0,2024-09-13 12:20:00+05:30
188.0,188.0,187.65,187.65,2036.0,1726210500.0,2024-09-13 12:25:00+05:30
187.65,188.0,187.65,187.8,648.0,1726210800.0,2024-09-13 12:30:00+05:30
187.75,188.0,187.6,188.0,3576.0,1726211100.0,2024-09-13 12:35:00+05:30
188.0,188.0,187.8,187.9,504.0,1726211400.0,2024-09-13 12:40:00+05:30
188.0,188.0,187.9,187.9,404.0,1726211700.0,2024-09-13 12:45:00+05:30
187.8,187.95,187.8,187.9,1564.0,1726212000.0,2024-09-13 12:50:00+05:30
187.95,187.95,187.5,187.5,7268.0,1726212300.0,2024-09-13 12:55:00+05:30
187.5,187.95,187.45,187.75,3356.0,1726212600.0,2024-09-13 13:00:00+05:30
187.75,187.95,187.65,187.75,2644.0,1726212900.0,2024-09-13 13:05:00+05:30
187.75,188.0,187.7,187.95,3200.0,1726213200.0,2024-09-13 13:10:00+05:30
188.0,188.4,188.0,188.2,6312.0,1726213500.0,2024-09-13 13:15:00+05:30
188.2,188.3,187.75,188.2,2452.0,1726213800.0,2024-09-13 13:20:00+05:30
188.3,188.3,188.0,188.2,1832.0,1726214100.0,2024-09-13 13:25:00+05:30
188.25,188.4,188.0,188.2,2732.0,1726214400.0,2024-09-13 13:30:00+05:30
188.25,188.25,187.8,187.8,4484.0,1726214700.0,2024-09-13 13:35:00+05:30
187.75,188.05,187.75,187.8,1432.0,1726215000.0,2024-09-13 13:40:00+05:30
187.8,188.1,187.8,188.1,140.0,1726215300.0,2024-09-13 13:45:00+05:30
188.1,188.3,188.0,188.2,1308.0,1726215600.0,2024-09-13 13:50:00+05:30
188.0,188.45,188.0,188.45,6652.0,1726215900.0,2024-09-13 13:55:00+05:30
188.45,188.45,188.45,188.45,656.0,1726216200.0,2024-09-13 14:00:00+05:30
188.15,188.3,187.95,188.3,1280.0,1726216500.0,2024-09-13 14:05:00+05:30
188.0,188.25,187.75,188.0,12116.0,1726216800.0,2024-09-13 14:10:00+05:30
187.75,188.0,187.5,187.7,7440.0,1726217100.0,2024-09-13 14:15:00+05:30
187.75,187.9,187.7,187.75,728.0,1726217400.0,2024-09-13 14:20:00+05:30
187.5,187.7,187.35,187.5,6944.0,1726217700.0,2024-09-13 14:25:00+05:30
187.5,187.6,187.5,187.6,2124.0,1726218000.0,2024-09-13 14:30:00+05:30
187.6,187.7,187.6,187.7,2408.0,1726218300.0,2024-09-13 14:35:00+05:30
187.65,187.7,187.65,187.65,688.0,1726218600.0,2024-09-13 14:40:00+05:30
187.7,187.95,187.6,187.95,4780.0,1726218900.0,2024-09-13 14:45:00+05:30
188.05,188.5,187.75,188.45,20332.0,1726219200.0,2024-09-13 14:50:00+05:30
188.25,188.25,187.65,188.05,5716.0,1726219500.0,2024-09-13 14:55:00+05:30
188.1,188.1,187.5,187.9,3836.0,1726219800.0,2024-09-13 15:00:00+05:30
188.0,188.0,187.5,187.85,2504.0,1726220100.0,2024-09-13 15:05:00+05:30
187.9,187.9,187.4,187.5,7072.0,1726220400.0,2024-09-13 15:10:00+05:30
187.3,187.75,187.3,187.6,15160.0,1726220700.0,2024-09-13 15:15:00+05:30
187.6,188.25,187.25,187.8,15560.0,1726221000.0,2024-09-13 15:20:00+05:30
187.65,187.75,187.0,187.55,9880.0,1726221300.0,2024-09-13 15:25:00+05:30
186.25,188.8,186.0,188.0,10964.0,1726458300.0,2024-09-16 09:15:00+05:30
188.05,188.2,187.0,187.25,7056.0,1726458600.0,2024-09-16 09:20:00+05:30
187.0,187.0,186.3,186.4,1304.0,1726458900.0,2024-09-16 09:25:00+05:30
186.5,186.55,185.8,185.8,3148.0,1726459200.0,2024-09-16 09:30:00+05:30
185.7,186.2,185.55,185.9,3528.0,1726459500.0,2024-09-16 09:35:00+05:30
186.1,186.1,185.55,185.9,1728.0,1726459800.0,2024-09-16 09:40:00+05:30
186.25,187.1,186.25,186.9,8200.0,1726460100.0,2024-09-16 09:45:00+05:30
186.9,186.9,186.05,186.4,7256.0,1726460400.0,2024-09-16 09:50:00+05:30
186.35,187.05,185.7,185.7,6364.0,1726460700.0,2024-09-16 09:55:00+05:30
185.7,186.0,185.1,185.2,4784.0,1726461000.0,2024-09-16 10:00:00+05:30
185.45,185.45,184.5,184.9,4884.0,1726461300.0,2024-09-16 10:05:00+05:30
184.7,184.75,184.45,184.45,2012.0,1726461600.0,2024-09-16 10:10:00+05:30
184.65,184.65,183.8,184.55,3788.0,1726461900.0,2024-09-16 10:15:00+05:30
184.4,184.7,184.15,184.5,1560.0,1726462200.0,2024-09-16 10:20:00+05:30
184.35,184.8,184.35,184.8,1324.0,1726462500.0,2024-09-16 10:25:00+05:30
184.5,184.7,184.1,184.7,1328.0,1726462800.0,2024-09-16 10:30:00+05:30
184.7,184.7,183.95,183.95,1328.0,1726463100.0,2024-09-16 10:35:00+05:30
183.9,184.5,183.9,184.5,3620.0,1726463400.0,2024-09-16 10:40:00+05:30
184.4,185.7,184.4,185.4,8460.0,1726463700.0,2024-09-16 10:45:00+05:30
185.4,185.4,184.15,184.15,7472.0,1726464000.0,2024-09-16 10:50:00+05:30
184.25,184.3,183.35,183.35,3928.0,1726464300.0,2024-09-16 10:55:00+05:30
183.35,183.75,183.2,183.4,7556.0,1726464600.0,2024-09-16 11:00:00+05:30
183.6,183.7,182.75,183.1,3968.0,1726464900.0,2024-09-16 11:05:00+05:30
182.3,182.35,181.9,181.9,29768.0,1726465200.0,2024-09-16 11:10:00+05:30
182.2,182.35,181.95,182.05,5188.0,1726465500.0,2024-09-16 11:15:00+05:30
182.25,182.35,182.05,182.3,1916.0,1726465800.0,2024-09-16 11:20:00+05:30
182.0,182.0,181.6,182.0,3756.0,1726466100.0,2024-09-16 11:25:00+05:30
181.65,181.9,181.1,181.55,15732.0,1726466400.0,2024-09-16 11:30:00+05:30
181.55,182.2,181.55,181.9,660.0,1726466700.0,2024-09-16 11:35:00+05:30
182.1,182.15,181.8,182.05,744.0,1726467000.0,2024-09-16 11:40:00+05:30
181.75,181.95,181.6,181.9,812.0,1726467300.0,2024-09-16 11:45:00+05:30
181.85,183.1,181.5,182.85,83024.0,1726467600.0,2024-09-16 11:50:00+05:30
183.0,183.55,182.8,183.05,8188.0,1726467900.0,2024-09-16 11:55:00+05:30
183.05,183.05,182.3,182.75,4948.0,1726468200.0,2024-09-16 12:00:00+05:30
182.75,183.05,182.75,183.05,2376.0,1726468500.0,2024-09-16 12:05:00+05:30
183.05,183.1,182.8,182.8,296.0,1726468800.0,2024-09-16 12:10:00+05:30
182.75,182.95,182.6,182.6,556.0,1726469100.0,2024-09-16 12:15:00+05:30
182.6,182.6,182.6,182.6,0.0,1726469400.0,2024-09-16 12:20:00+05:30
182.6,182.9,182.25,182.8,3316.0,1726469700.0,2024-09-16 12:25:00+05:30
182.45,182.75,182.3,182.6,996.0,1726470000.0,2024-09-16 12:30:00+05:30
182.6,182.9,182.25,182.65,1608.0,1726470300.0,2024-09-16 12:35:00+05:30
182.65,182.65,182.2,182.5,2932.0,1726470600.0,2024-09-16 12:40:00+05:30
182.6,182.75,182.55,182.7,1408.0,1726470900.0,2024-09-16 12:45:00+05:30
182.7,182.7,182.55,182.55,412.0,1726471200.0,2024-09-16 12:50:00+05:30
182.55,182.75,182.55,182.75,108.0,1726471500.0,2024-09-16 12:55:00+05:30
182.55,182.75,182.55,182.75,104.0,1726471800.0,2024-09-16 13:00:00+05:30
182.75,182.75,182.55,182.7,356.0,1726472100.0,2024-09-16 13:05:00+05:30
182.7,182.7,182.7,182.7,24.0,1726472400.0,2024-09-16 13:10:00+05:30
182.7,182.75,182.5,182.6,2608.0,1726472700.0,2024-09-16 13:15:00+05:30
182.6,182.6,182.4,182.6,1140.0,1726473000.0,2024-09-16 13:20:00+05:30
182.6,182.7,182.25,182.6,3888.0,1726473300.0,2024-09-16 13:25:00+05:30
182.6,182.7,182.3,182.7,3108.0,1726473600.0,2024-09-16 13:30:00+05:30
182.7,182.7,182.6,182.6,56.0,1726473900.0,2024-09-16 13:35:00+05:30
182.6,182.6,182.4,182.55,1060.0,1726474200.0,2024-09-16 13:40:00+05:30
182.6,182.75,182.5,182.75,4508.0,1726474500.0,2024-09-16 13:45:00+05:30
182.75,182.75,182.45,182.5,243468.0,1726474800.0,2024-09-16 13:50:00+05:30
182.5,182.7,182.5,182.7,304.0,1726475100.0,2024-09-16 13:55:00+05:30
182.5,182.5,182.3,182.5,4232.0,1726475400.0,2024-09-16 14:00:00+05:30
182.3,182.55,182.3,182.5,7580.0,1726475700.0,2024-09-16 14:05:00+05:30
182.5,182.6,182.4,182.5,16232.0,1726476000.0,2024-09-16 14:10:00+05:30
182.55,182.6,182.3,182.5,9524.0,1726476300.0,2024-09-16 14:15:00+05:30
182.6,182.65,182.3,182.4,536580.0,1726476600.0,2024-09-16 14:20:00+05:30
182.5,182.75,182.5,182.75,1064.0,1726476900.0,2024-09-16 14:25:00+05:30
182.5,182.7,182.5,182.5,784.0,1726477200.0,2024-09-16 14:30:00+05:30
182.5,182.8,182.5,182.8,1860.0,1726477500.0,2024-09-16 14:35:00+05:30
182.8,183.75,182.8,183.6,17864.0,1726477800.0,2024-09-16 14:40:00+05:30
183.6,183.75,183.3,183.3,4380.0,1726478100.0,2024-09-16 14:45:00+05:30
183.2,183.2,182.85,182.9,488.0,1726478400.0,2024-09-16 14:50:00+05:30
183.0,183.0,182.8,182.8,628.0,1726478700.0,2024-09-16 14:55:00+05:30
182.95,182.95,182.3,182.45,9360.0,1726479000.0,2024-09-16 15:00:00+05:30
182.45,182.75,182.4,182.6,6268.0,1726479300.0,2024-09-16 15:05:00+05:30
182.5,182.9,182.45,182.65,1808.0,1726479600.0,2024-09-16 15:10:00+05:30
182.85,182.85,182.3,182.45,9776.0,1726479900.0,2024-09-16 15:15:00+05:30
182.45,182.75,181.55,181.95,17824.0,1726480200.0,2024-09-16 15:20:00+05:30
181.85,182.45,181.75,182.25,7460.0,1726480500.0,2024-09-16 15:25:00+05:30
185.5,185.5,178.75,181.7,16492.0,1726544700.0,2024-09-17 09:15:00+05:30
181.25,181.7,180.75,181.1,2592.0,1726545000.0,2024-09-17 09:20:00+05:30
181.2,181.3,180.85,181.3,2540.0,1726545300.0,2024-09-17 09:25:00+05:30
181.05,182.5,180.55,182.0,7168.0,1726545600.0,2024-09-17 09:30:00+05:30
182.0,182.2,181.5,181.55,3896.0,1726545900.0,2024-09-17 09:35:00+05:30
181.45,182.0,181.45,181.7,1272.0,1726546200.0,2024-09-17 09:40:00+05:30
181.55,181.55,181.3,181.3,1352.0,1726546500.0,2024-09-17 09:45:00+05:30
181.6,181.8,181.3,181.3,520.0,1726546800.0,2024-09-17 09:50:00+05:30
181.25,181.6,181.25,181.3,588.0,1726547100.0,2024-09-17 09:55:00+05:30
181.2,181.4,180.85,180.85,2776.0,1726547400.0,2024-09-17 10:00:00+05:30
180.6,180.95,180.5,180.75,1444.0,1726547700.0,2024-09-17 10:05:00+05:30
180.75,180.75,180.6,180.6,88.0,1726548000.0,2024-09-17 10:10:00+05:30
180.9,180.9,180.2,180.2,636.0,1726548300.0,2024-09-17 10:15:00+05:30
180.15,180.5,180.15,180.15,2252.0,1726548600.0,2024-09-17 10:20:00+05:30
180.0,180.35,178.65,179.3,35896.0,1726548900.0,2024-09-17 10:25:00+05:30
179.2,179.25,179.2,179.25,816.0,1726549200.0,2024-09-17 10:30:00+05:30
179.25,179.4,179.0,179.4,2704.0,1726549500.0,2024-09-17 10:35:00+05:30
179.4,179.4,179.4,179.4,292.0,1726549800.0,2024-09-17 10:40:00+05:30
179.4,179.45,179.25,179.25,3256.0,1726550100.0,2024-09-17 10:45:00+05:30
179.25,179.6,179.25,179.5,1728.0,1726550400.0,2024-09-17 10:50:00+05:30
179.6,179.95,179.6,179.95,1976.0,1726550700.0,2024-09-17 10:55:00+05:30
179.95,179.95,179.45,179.6,1860.0,1726551000.0,2024-09-17 11:00:00+05:30
179.7,179.7,179.4,179.5,408.0,1726551300.0,2024-09-17 11:05:00+05:30
179.4,179.4,179.15,179.25,616.0,1726551600.0,2024-09-17 11:10:00+05:30
179.25,179.55,179.25,179.55,740.0,1726551900.0,2024-09-17 11:15:00+05:30
179.55,179.6,179.3,179.6,992.0,1726552200.0,2024-09-17 11:20:00+05:30
179.6,179.6,178.75,179.0,20968.0,1726552500.0,2024-09-17 11:25:00+05:30
179.05,179.3,179.05,179.1,1312.0,1726552800.0,2024-09-17 11:30:00+05:30
179.1,179.5,179.1,179.1,808.0,1726553100.0,2024-09-17 11:35:00+05:30
179.25,179.4,179.2,179.4,1324.0,1726553400.0,2024-09-17 11:40:00+05:30
179.4,179.4,179.05,179.05,544.0,1726553700.0,2024-09-17 11:45:00+05:30
179.05,179.1,178.85,179.1,824.0,1726554000.0,2024-09-17 11:50:00+05:30
179.0,179.2,179.0,179.2,404.0,1726554300.0,2024-09-17 11:55:00+05:30
179.2,179.2,179.2,179.2,488.0,1726554600.0,2024-09-17 12:00:00+05:30
179.2,179.2,179.2,179.2,0.0,1726554900.0,2024-09-17 12:05:00+05:30
179.2,179.2,178.55,179.1,7192.0,1726555200.0,2024-09-17 12:10:00+05:30
179.1,179.1,179.1,179.1,400.0,1726555500.0,2024-09-17 12:15:00+05:30
179.2,179.4,179.2,179.2,5736.0,1726555800.0,2024-09-17 12:20:00+05:30
179.4,179.4,179.2,179.4,2592.0,1726556100.0,2024-09-17 12:25:00+05:30
179.3,180.0,179.3,180.0,16456.0,1726556400.0,2024-09-17 12:30:00+05:30
180.0,180.0,180.0,180.0,11536.0,1726556700.0,2024-09-17 12:35:00+05:30
180.0,180.75,180.0,180.75,1036.0,1726557000.0,2024-09-17 12:40:00+05:30
180.75,181.0,180.7,180.7,812.0,1726557300.0,2024-09-17 12:45:00+05:30
180.6,181.05,180.6,180.75,4480.0,1726557600.0,2024-09-17 12:50:00+05:30
180.75,180.75,180.0,180.55,3960.0,1726557900.0,2024-09-17 12:55:00+05:30
180.55,180.55,180.3,180.3,92.0,1726558200.0,2024-09-17 13:00:00+05:30
180.55,180.6,180.3,180.3,520.0,1726558500.0,2024-09-17 13:05:00+05:30
180.3,180.3,180.0,180.25,2800.0,1726558800.0,2024-09-17 13:10:00+05:30
180.25,180.3,180.05,180.3,2992.0,1726559100.0,2024-09-17 13:15:00+05:30
180.35,180.35,180.35,180.35,24.0,1726559400.0,2024-09-17 13:20:00+05:30
180.35,180.35,180.3,180.35,24.0,1726559700.0,2024-09-17 13:25:00+05:30
180.35,180.4,180.35,180.4,400.0,1726560000.0,2024-09-17 13:30:00+05:30
180.25,180.35,180.1,180.15,492.0,1726560300.0,2024-09-17 13:35:00+05:30
180.15,180.15,180.05,180.15,308.0,1726560600.0,2024-09-17 13:40:00+05:30
180.15,180.15,179.15,179.15,1324.0,1726560900.0,2024-09-17 13:45:00+05:30
179.15,179.4,179.1,179.2,260.0,1726561200.0,2024-09-17 13:50:00+05:30
179.2,179.3,178.9,179.3,840.0,1726561500.0,2024-09-17 13:55:00+05:30
179.2,179.45,179.2,179.45,1000.0,1726561800.0,2024-09-17 14:00:00+05:30
179.45,179.45,179.25,179.25,592.0,1726562100.0,2024-09-17 14:05:00+05:30
179.25,179.4,179.1,179.1,1644.0,1726562400.0,2024-09-17 14:10:00+05:30
179.4,179.5,179.2,179.3,552.0,1726562700.0,2024-09-17 14:15:00+05:30
179.35,179.5,179.15,179.25,840.0,1726563000.0,2024-09-17 14:20:00+05:30
179.25,179.5,179.25,179.5,476.0,1726563300.0,2024-09-17 14:25:00+05:30
179.6,179.7,179.3,179.3,912.0,1726563600.0,2024-09-17 14:30:00+05:30
179.25,179.35,179.0,179.25,7320.0,1726563900.0,2024-09-17 14:35:00+05:30
179.5,180.25,179.5,179.5,7348.0,1726564200.0,2024-09-17 14:40:00+05:30
179.5,179.5,178.75,178.75,5900.0,1726564500.0,2024-09-17 14:45:00+05:30
178.75,179.8,178.6,179.8,8252.0,1726564800.0,2024-09-17 14:50:00+05:30
179.7,180.0,179.5,179.65,10180.0,1726565100.0,2024-09-17 14:55:00+05:30
179.55,181.0,179.5,180.0,20360.0,1726565400.0,2024-09-17 15:00:00+05:30
179.8,180.0,179.75,179.95,1460.0,1726565700.0,2024-09-17 15:05:00+05:30
179.7,180.0,179.5,179.8,6148.0,1726566000.0,2024-09-17 15:10:00+05:30
179.75,181.25,179.75,180.5,38388.0,1726566300.0,2024-09-17 15:15:00+05:30
180.75,181.05,180.6,181.0,19236.0,1726566600.0,2024-09-17 15:20:00+05:30
180.95,182.2,180.9,182.2,7776.0,1726566900.0,2024-09-17 15:25:00+05:30
180.55,182.5,180.55,182.5,4664.0,1726631100.0,2024-09-18 09:15:00+05:30
182.75,183.6,182.45,183.5,4252.0,1726631400.0,2024-09-18 09:20:00+05:30
183.7,183.7,182.7,182.85,3696.0,1726631700.0,2024-09-18 09:25:00+05:30
182.45,182.85,182.3,182.75,2544.0,1726632000.0,2024-09-18 09:30:00+05:30
182.7,182.95,182.45,182.55,1840.0,1726632300.0,2024-09-18 09:35:00+05:30
182.55,182.9,182.45,182.9,1456.0,1726632600.0,2024-09-18 09:40:00+05:30
182.9,182.95,182.15,182.15,3208.0,1726632900.0,2024-09-18 09:45:00+05:30
182.15,182.15,182.15,182.15,276.0,1726633200.0,2024-09-18 09:50:00+05:30
182.15,182.2,181.9,182.1,960.0,1726633500.0,2024-09-18 09:55:00+05:30
181.9,182.05,181.85,182.0,248.0,1726633800.0,2024-09-18 10:00:00+05:30
181.8,182.1,181.7,182.05,2616.0,1726634100.0,2024-09-18 10:05:00+05:30
182.05,182.1,181.35,181.35,2612.0,1726634400.0,2024-09-18 10:10:00+05:30
181.45,181.45,180.4,180.95,6928.0,1726634700.0,2024-09-18 10:15:00+05:30
181.1,181.1,180.9,181.0,228.0,1726635000.0,2024-09-18 10:20:00+05:30
181.0,181.0,180.9,181.0,544.0,1726635300.0,2024-09-18 10:25:00+05:30
181.0,181.1,180.3,180.3,5352.0,1726635600.0,2024-09-18 10:30:00+05:30
180.25,180.8,180.25,180.6,304.0,1726635900.0,2024-09-18 10:35:00+05:30
180.6,180.6,180.3,180.3,612.0,1726636200.0,2024-09-18 10:40:00+05:30
180.3,180.3,179.6,180.05,2376.0,1726636500.0,2024-09-18 10:45:00+05:30
180.05,180.05,179.5,179.5,1120.0,1726636800.0,2024-09-18 10:50:00+05:30
179.6,179.7,179.5,179.65,1284.0,1726637100.0,2024-09-18 10:55:00+05:30
179.65,179.75,179.65,179.75,40.0,1726637400.0,2024-09-18 11:00:00+05:30
179.75,179.9,179.65,179.65,740.0,1726637700.0,2024-09-18 11:05:00+05:30
179.8,179.9,179.75,179.8,1172.0,1726638000.0,2024-09-18 11:10:00+05:30
179.8,179.8,179.65,179.65,248.0,1726638300.0,2024-09-18 11:15:00+05:30
179.85,179.9,179.65,179.8,1028.0,1726638600.0,2024-09-18 11:20:00+05:30
180.0,180.65,179.9,180.65,4304.0,1726638900.0,2024-09-18 11:25:00+05:30
180.45,180.85,180.15,180.5,2148.0,1726639200.0,2024-09-18 11:30:00+05:30
180.5,180.5,180.5,180.5,40.0,1726639500.0,2024-09-18 11:35:00+05:30
180.5,180.5,180.4,180.4,404.0,1726639800.0,2024-09-18 11:40:00+05:30
180.4,180.4,180.4,180.4,0.0,1726640100.0,2024-09-18 11:45:00+05:30
180.4,180.8,180.4,180.45,776.0,1726640400.0,2024-09-18 11:50:00+05:30
180.55,180.6,180.35,180.35,136.0,1726640700.0,2024-09-18 11:55:00+05:30
180.35,180.7,180.35,180.7,1004.0,1726641000.0,2024-09-18 12:00:00+05:30
180.7,180.7,180.45,180.7,856.0,1726641300.0,2024-09-18 12:05:00+05:30
180.7,181.2,180.7,180.85,1412.0,1726641600.0,2024-09-18 12:10:00+05:30
180.85,181.2,180.85,181.2,1316.0,1726641900.0,2024-09-18 12:15:00+05:30
181.2,181.2,181.0,181.0,216.0,1726642200.0,2024-09-18 12:20:00+05:30
181.25,181.25,179.9,179.9,7020.0,1726642500.0,2024-09-18 12:25:00+05:30
179.75,179.85,179.65,179.85,1192.0,1726642800.0,2024-09-18 12:30:00+05:30
179.85,179.85,179.3,179.55,4776.0,1726643100.0,2024-09-18 12:35:00+05:30
179.85,179.85,179.4,179.4,2308.0,1726643400.0,2024-09-18 12:40:00+05:30
179.4,179.65,179.4,179.65,40.0,1726643700.0,2024-09-18 12:45:00+05:30
179.5,179.7,179.4,179.4,400.0,1726644000.0,2024-09-18 12:50:00+05:30
179.6,180.6,179.6,180.25,5516.0,1726644300.0,2024-09-18 12:55:00+05:30
180.0,180.6,179.85,180.6,2016.0,1726644600.0,2024-09-18 13:00:00+05:30
180.6,182.5,180.5,182.0,12716.0,1726644900.0,2024-09-18 13:05:00+05:30
182.05,182.4,181.75,181.75,4676.0,1726645200.0,2024-09-18 13:10:00+05:30
181.5,181.6,181.25,181.5,2556.0,1726645500.0,2024-09-18 13:15:00+05:30
181.5,181.75,181.05,181.45,14828.0,1726645800.0,2024-09-18 13:20:00+05:30
181.45,182.45,181.45,182.45,2828.0,1726646100.0,2024-09-18 13:25:00+05:30
182.5,183.15,182.4,182.65,8220.0,1726646400.0,2024-09-18 13:30:00+05:30
182.4,182.95,182.0,182.6,3952.0,1726646700.0,2024-09-18 13:35:00+05:30
182.6,183.4,182.4,183.2,3160.0,1726647000.0,2024-09-18 13:40:00+05:30
183.2,183.3,182.95,182.95,804.0,1726647300.0,2024-09-18 13:45:00+05:30
182.9,183.1,182.75,183.0,3360.0,1726647600.0,2024-09-18 13:50:00+05:30
182.9,183.15,182.9,182.95,596.0,1726647900.0,2024-09-18 13:55:00+05:30
183.2,183.2,182.8,183.05,3416.0,1726648200.0,2024-09-18 14:00:00+05:30
183.05,183.05,182.95,182.95,1060.0,1726648500.0,2024-09-18 14:05:00+05:30
182.95,182.95,182.9,182.9,56.0,1726648800.0,2024-09-18 14:10:00+05:30
182.8,183.2,182.8,183.2,1036.0,1726649100.0,2024-09-18 14:15:00+05:30
183.1,183.45,183.1,183.3,1204.0,1726649400.0,2024-09-18 14:20:00+05:30
183.45,183.45,183.25,183.45,584.0,1726649700.0,2024-09-18 14:25:00+05:30
183.5,184.0,183.5,183.75,9060.0,1726650000.0,2024-09-18 14:30:00+05:30
183.75,183.95,183.5,183.65,3544.0,1726650300.0,2024-09-18 14:35:00+05:30
183.65,183.65,183.4,183.45,1428.0,1726650600.0,2024-09-18 14:40:00+05:30
183.25,183.75,183.1,183.55,6724.0,1726650900.0,2024-09-18 14:45:00+05:30
183.45,184.1,183.45,183.85,5300.0,1726651200.0,2024-09-18 14:50:00+05:30
183.9,184.1,183.8,184.1,644.0,1726651500.0,2024-09-18 14:55:00+05:30
183.95,184.4,183.45,183.95,7132.0,1726651800.0,2024-09-18 15:00:00+05:30
184.0,184.25,183.9,184.15,10224.0,1726652100.0,2024-09-18 15:05:00+05:30
184.25,184.75,183.9,184.6,17972.0,1726652400.0,2024-09-18 15:10:00+05:30
184.65,184.75,183.6,184.05,20752.0,1726652700.0,2024-09-18 15:15:00+05:30
183.95,183.95,182.85,182.9,7036.0,1726653000.0,2024-09-18 15:20:00+05:30
182.9,183.2,182.5,182.5,3472.0,1726653300.0,2024-09-18 15:25:00+05:30
184.2,184.4,181.55,183.95,8180.0,1726717500.0,2024-09-19 09:15:00+05:30
183.65,184.05,182.9,183.25,1912.0,1726717800.0,2024-09-19 09:20:00+05:30
183.25,183.6,182.7,183.6,5240.0,1726718100.0,2024-09-19 09:25:00+05:30
183.5,183.85,183.45,183.5,6868.0,1726718400.0,2024-09-19 09:30:00+05:30
183.75,184.0,183.6,183.8,1028.0,1726718700.0,2024-09-19 09:35:00+05:30
183.8,184.25,183.65,183.9,2168.0,1726719000.0,2024-09-19 09:40:00+05:30
183.8,185.5,183.75,185.2,24320.0,1726719300.0,2024-09-19 09:45:00+05:30
185.0,185.35,184.45,185.0,67296.0,1726719600.0,2024-09-19 09:50:00+05:30
185.0,185.25,185.0,185.0,4580.0,1726719900.0,2024-09-19 09:55:00+05:30
185.0,185.25,184.9,185.2,11512.0,1726720200.0,2024-09-19 10:00:00+05:30
185.0,185.2,185.0,185.2,1220.0,1726720500.0,2024-09-19 10:05:00+05:30
185.0,185.2,184.95,185.0,5416.0,1726720800.0,2024-09-19 10:10:00+05:30
185.0,185.1,184.7,185.05,12792.0,1726721100.0,2024-09-19 10:15:00+05:30
185.1,185.1,185.0,185.0,3480.0,1726721400.0,2024-09-19 10:20:00+05:30
185.0,185.2,184.95,185.0,8100.0,1726721700.0,2024-09-19 10:25:00+05:30
184.9,185.2,184.9,185.1,22576.0,1726722000.0,2024-09-19 10:30:00+05:30
185.0,185.05,185.0,185.0,2856.0,1726722300.0,2024-09-19 10:35:00+05:30
185.0,185.2,185.0,185.0,4288.0,1726722600.0,2024-09-19 10:40:00+05:30
185.0,185.55,185.0,185.55,34976.0,1726722900.0,2024-09-19 10:45:00+05:30
185.75,186.0,185.3,186.0,7940.0,1726723200.0,2024-09-19 10:50:00+05:30
185.8,187.3,185.8,187.05,9640.0,1726723500.0,2024-09-19 10:55:00+05:30
187.45,187.45,185.9,185.9,20232.0,1726723800.0,2024-09-19 11:00:00+05:30
185.75,185.75,185.2,185.2,3220.0,1726724100.0,2024-09-19 11:05:00+05:30
185.2,186.25,185.2,186.2,3916.0,1726724400.0,2024-09-19 11:10:00+05:30
186.2,186.2,185.8,186.1,7304.0,1726724700.0,2024-09-19 11:15:00+05:30
186.05,186.25,186.0,186.2,1724.0,1726725000.0,2024-09-19 11:20:00+05:30
186.2,186.85,186.0,186.4,10088.0,1726725300.0,2024-09-19 11:25:00+05:30
186.4,186.5,186.2,186.4,2412.0,1726725600.0,2024-09-19 11:30:00+05:30
186.5,186.7,186.45,186.6,37432.0,1726725900.0,2024-09-19 11:35:00+05:30
187.1,187.35,186.15,186.85,15268.0,1726726200.0,2024-09-19 11:40:00+05:30
186.6,186.9,186.0,186.1,10684.0,1726726500.0,2024-09-19 11:45:00+05:30
185.55,186.25,185.55,185.95,5680.0,1726726800.0,2024-09-19 11:50:00+05:30
185.95,186.2,185.95,186.15,236.0,1726727100.0,2024-09-19 11:55:00+05:30
185.8,186.05,185.55,185.75,1444.0,1726727400.0,2024-09-19 12:00:00+05:30
185.5,187.0,185.5,186.6,7952.0,1726727700.0,2024-09-19 12:05:00+05:30
186.95,186.95,186.6,186.6,3116.0,1726728000.0,2024-09-19 12:10:00+05:30
186.6,187.45,186.6,186.8,5432.0,1726728300.0,2024-09-19 12:15:00+05:30
186.7,188.35,186.6,187.7,18372.0,1726728600.0,2024-09-19 12:20:00+05:30
187.65,187.7,187.15,187.15,5388.0,1726728900.0,2024-09-19 12:25:00+05:30
187.2,187.25,187.2,187.2,404.0,1726729200.0,2024-09-19 12:30:00+05:30
187.4,187.45,187.25,187.25,796.0,1726729500.0,2024-09-19 12:35:00+05:30
187.15,187.5,187.0,187.5,4328.0,1726729800.0,2024-09-19 12:40:00+05:30
187.5,189.4,187.5,189.0,38640.0,1726730100.0,2024-09-19 12:45:00+05:30
189.1,189.85,188.8,189.3,8468.0,1726730400.0,2024-09-19 12:50:00+05:30
189.25,189.6,188.9,188.95,9796.0,1726730700.0,2024-09-19 12:55:00+05:30
188.8,188.8,188.0,188.7,26032.0,1726731000.0,2024-09-19 13:00:00+05:30
188.4,188.4,188.05,188.1,8372.0,1726731300.0,2024-09-19 13:05:00+05:30
188.1,188.1,188.0,188.0,1356.0,1726731600.0,2024-09-19 13:10:00+05:30
187.9,188.0,187.9,187.9,520.0,1726731900.0,2024-09-19 13:15:00+05:30
187.9,188.15,187.8,187.95,2208.0,1726732200.0,2024-09-19 13:20:00+05:30
187.8,188.0,187.25,187.25,11980.0,1726732500.0,2024-09-19 13:25:00+05:30
187.25,187.3,186.95,187.0,2120.0,1726732800.0,2024-09-19 13:30:00+05:30
187.0,187.0,187.0,187.0,1168.0,1726733100.0,2024-09-19 13:35:00+05:30
186.8,186.8,186.2,186.55,4832.0,1726733400.0,2024-09-19 13:40:00+05:30
186.45,187.0,186.4,186.4,2356.0,1726733700.0,2024-09-19 13:45:00+05:30
186.4,186.6,184.95,185.7,45472.0,1726734000.0,2024-09-19 13:50:00+05:30
185.5,185.6,185.25,185.35,704.0,1726734300.0,2024-09-19 13:55:00+05:30
185.45,186.0,185.45,185.6,4064.0,1726734600.0,2024-09-19 14:00:00+05:30
185.5,185.5,185.5,185.5,132.0,1726734900.0,2024-09-19 14:05:00+05:30
185.5,185.75,185.5,185.75,152.0,1726735200.0,2024-09-19 14:10:00+05:30
185.55,185.95,185.45,185.8,5360.0,1726735500.0,2024-09-19 14:15:00+05:30
185.5,185.85,184.8,185.6,44780.0,1726735800.0,2024-09-19 14:20:00+05:30
185.6,185.75,185.35,185.65,1996.0,1726736100.0,2024-09-19 14:25:00+05:30
185.65,185.9,185.5,185.9,1240.0,1726736400.0,2024-09-19 14:30:00+05:30
185.55,185.6,185.5,185.5,528.0,1726736700.0,2024-09-19 14:35:00+05:30
185.5,185.7,185.45,185.5,1876.0,1726737000.0,2024-09-19 14:40:00+05:30
185.5,185.75,185.3,185.75,884.0,1726737300.0,2024-09-19 14:45:00+05:30
185.5,185.7,185.5,185.5,2940.0,1726737600.0,2024-09-19 14:50:00+05:30
185.7,186.25,185.7,186.0,5260.0,1726737900.0,2024-09-19 14:55:00+05:30
186.0,186.55,185.8,186.55,13324.0,1726738200.0,2024-09-19 15:00:00+05:30
186.25,186.4,186.05,186.2,912.0,1726738500.0,2024-09-19 15:05:00+05:30
186.4,186.5,186.15,186.25,2264.0,1726738800.0,2024-09-19 15:10:00+05:30
186.45,186.55,185.8,186.25,11212.0,1726739100.0,2024-09-19 15:15:00+05:30
186.4,186.45,185.5,186.45,12308.0,1726739400.0,2024-09-19 15:20:00+05:30
186.25,186.55,186.25,186.55,9896.0,1726739700.0,2024-09-19 15:25:00+05:30
186.55,186.55,186.55,186.55,0.0,1726740000.0,2024-09-19 15:30:00+05:30
186.5,188.35,186.5,186.8,5292.0,1726803900.0,2024-09-20 09:15:00+05:30
187.5,187.5,186.3,186.5,3960.0,1726804200.0,2024-09-20 09:20:00+05:30
186.5,186.6,185.45,185.55,5680.0,1726804500.0,2024-09-20 09:25:00+05:30
185.4,186.05,185.4,185.75,1072.0,1726804800.0,2024-09-20 09:30:00+05:30
185.8,186.15,185.7,185.8,728.0,1726805100.0,2024-09-20 09:35:00+05:30
185.8,186.15,185.75,185.75,800.0,1726805400.0,2024-09-20 09:40:00+05:30
185.75,186.0,185.4,185.6,880.0,1726805700.0,2024-09-20 09:45:00+05:30
185.6,185.7,185.15,185.15,1524.0,1726806000.0,2024-09-20 09:50:00+05:30
185.45,185.45,185.2,185.2,68.0,1726806300.0,2024-09-20 09:55:00+05:30
185.2,185.5,184.6,185.3,2396.0,1726806600.0,2024-09-20 10:00:00+05:30
185.25,185.25,185.0,185.0,1200.0,1726806900.0,2024-09-20 10:05:00+05:30
185.2,185.2,185.1,185.2,596.0,1726807200.0,2024-09-20 10:10:00+05:30
185.2,185.2,185.0,185.0,228.0,1726807500.0,2024-09-20 10:15:00+05:30
185.0,185.2,184.75,184.75,1516.0,1726807800.0,2024-09-20 10:20:00+05:30
184.75,184.75,183.8,184.5,4720.0,1726808100.0,2024-09-20 10:25:00+05:30
184.2,184.6,184.15,184.6,1404.0,1726808400.0,2024-09-20 10:30:00+05:30
184.6,184.65,184.4,184.65,484.0,1726808700.0,2024-09-20 10:35:00+05:30
184.4,184.65,184.4,184.5,104.0,1726809000.0,2024-09-20 10:40:00+05:30
184.7,185.0,184.7,184.8,2256.0,1726809300.0,2024-09-20 10:45:00+05:30
184.8,184.85,184.5,184.5,1060.0,1726809600.0,2024-09-20 10:50:00+05:30
184.5,184.8,184.5,184.5,916.0,1726809900.0,2024-09-20 10:55:00+05:30
184.85,184.85,184.25,184.25,944.0,1726810200.0,2024-09-20 11:00:00+05:30
184.0,184.55,184.0,184.45,1932.0,1726810500.0,2024-09-20 11:05:00+05:30
184.45,184.5,183.8,184.2,4112.0,1726810800.0,2024-09-20 11:10:00+05:30
184.5,184.5,184.0,184.0,752.0,1726811100.0,2024-09-20 11:15:00+05:30
184.4,184.8,184.15,184.15,1480.0,1726811400.0,2024-09-20 11:20:00+05:30
184.15,184.5,184.15,184.5,628.0,1726811700.0,2024-09-20 11:25:00+05:30
184.5,184.5,184.15,184.15,892.0,1726812000.0,2024-09-20 11:30:00+05:30
184.4,184.55,184.0,184.0,1824.0,1726812300.0,2024-09-20 11:35:00+05:30
184.25,184.25,183.9,184.1,1744.0,1726812600.0,2024-09-20 11:40:00+05:30
184.2,184.2,183.9,183.95,988.0,1726812900.0,2024-09-20 11:45:00+05:30
183.95,183.95,183.75,183.75,4128.0,1726813200.0,2024-09-20 11:50:00+05:30
183.75,184.15,183.75,184.1,640.0,1726813500.0,2024-09-20 11:55:00+05:30
184.0,184.25,184.0,184.25,100.0,1726813800.0,2024-09-20 12:00:00+05:30
184.25,184.25,184.0,184.0,256.0,1726814100.0,2024-09-20 12:05:00+05:30
184.0,184.3,184.0,184.3,500.0,1726814400.0,2024-09-20 12:10:00+05:30
184.3,184.3,184.0,184.25,92.0,1726814700.0,2024-09-20 12:15:00+05:30
184.25,184.25,183.9,183.9,452.0,1726815000.0,2024-09-20 12:20:00+05:30
183.9,183.9,182.9,183.05,6356.0,1726815300.0,2024-09-20 12:25:00+05:30
183.05,183.5,182.85,183.2,1820.0,1726815600.0,2024-09-20 12:30:00+05:30
183.2,183.85,183.0,183.85,1736.0,1726815900.0,2024-09-20 12:35:00+05:30
184.05,184.15,183.65,184.15,2760.0,1726816200.0,2024-09-20 12:40:00+05:30
184.15,184.15,183.65,183.75,500.0,1726816500.0,2024-09-20 12:45:00+05:30
183.65,183.75,183.5,183.5,364.0,1726816800.0,2024-09-20 12:50:00+05:30
183.5,183.8,183.5,183.5,812.0,1726817100.0,2024-09-20 12:55:00+05:30
183.7,183.85,183.5,183.65,1688.0,1726817400.0,2024-09-20 13:00:00+05:30
183.65,184.25,183.65,184.1,4060.0,1726817700.0,2024-09-20 13:05:00+05:30
184.1,184.1,183.85,184.05,672.0,1726818000.0,2024-09-20 13:10:00+05:30
184.05,184.05,183.9,183.9,208.0,1726818300.0,2024-09-20 13:15:00+05:30
183.9,184.1,183.9,184.1,200.0,1726818600.0,2024-09-20 13:20:00+05:30
183.9,184.1,183.75,183.75,1720.0,1726818900.0,2024-09-20 13:25:00+05:30
183.75,183.75,182.75,182.85,11780.0,1726819200.0,2024-09-20 13:30:00+05:30
182.5,182.85,182.35,182.55,4396.0,1726819500.0,2024-09-20 13:35:00+05:30
182.75,182.75,182.75,182.75,24.0,1726819800.0,2024-09-20 13:40:00+05:30
182.55,182.8,182.55,182.55,256.0,1726820100.0,2024-09-20 13:45:00+05:30
182.55,182.95,182.55,182.95,1080.0,1726820400.0,2024-09-20 13:50:00+05:30
182.95,182.95,182.95,182.95,356.0,1726820700.0,2024-09-20 13:55:00+05:30
182.95,182.95,182.85,182.85,120.0,1726821000.0,2024-09-20 14:00:00+05:30
182.85,182.85,182.55,182.8,584.0,1726821300.0,2024-09-20 14:05:00+05:30
182.8,182.85,182.7,182.7,456.0,1726821600.0,2024-09-20 14:10:00+05:30
182.9,183.2,182.9,183.1,1176.0,1726821900.0,2024-09-20 14:15:00+05:30
183.3,183.6,183.2,183.2,436.0,1726822200.0,2024-09-20 14:20:00+05:30
183.4,183.5,182.85,182.85,672.0,1726822500.0,2024-09-20 14:25:00+05:30
182.75,183.2,182.75,183.1,352.0,1726822800.0,2024-09-20 14:30:00+05:30
183.2,183.25,183.1,183.2,808.0,1726823100.0,2024-09-20 14:35:00+05:30
183.0,183.2,182.9,183.0,480.0,1726823400.0,2024-09-20 14:40:00+05:30
183.0,183.2,182.8,183.0,1384.0,1726823700.0,2024-09-20 14:45:00+05:30
183.0,183.0,182.9,182.9,244.0,1726824000.0,2024-09-20 14:50:00+05:30
183.1,183.2,182.6,182.8,1740.0,1726824300.0,2024-09-20 14:55:00+05:30
183.2,184.85,183.2,184.7,20788.0,1726824600.0,2024-09-20 15:00:00+05:30
184.7,187.15,184.7,187.15,24532.0,1726824900.0,2024-09-20 15:05:00+05:30
187.2,187.55,185.8,186.75,30524.0,1726825200.0,2024-09-20 15:10:00+05:30
186.45,187.45,186.45,187.25,52964.0,1726825500.0,2024-09-20 15:15:00+05:30
187.0,187.35,186.9,187.35,16912.0,1726825800.0,2024-09-20 15:20:00+05:30
187.35,187.35,185.55,187.25,14244.0,1726826100.0,2024-09-20 15:25:00+05:30
187.25,187.25,187.25,187.25,0.0,1726826400.0,2024-09-20 15:30:00+05:30
188.75,189.25,184.9,185.0,30512.0,1727063100.0,2024-09-23 09:15:00+05:30
184.75,185.6,184.75,185.15,3300.0,1727063400.0,2024-09-23 09:20:00+05:30
185.15,185.75,185.15,185.25,628.0,1727063700.0,2024-09-23 09:25:00+05:30
185.45,185.45,185.0,185.1,2116.0,1727064000.0,2024-09-23 09:30:00+05:30
185.4,185.4,184.2,185.0,4440.0,1727064300.0,2024-09-23 09:35:00+05:30
185.05,185.4,184.6,185.25,6448.0,1727064600.0,2024-09-23 09:40:00+05:30
185.25,185.45,185.0,185.0,5788.0,1727064900.0,2024-09-23 09:45:00+05:30
185.05,185.8,184.75,185.05,5720.0,1727065200.0,2024-09-23 09:50:00+05:30
185.1,185.6,185.1,185.3,1988.0,1727065500.0,2024-09-23 09:55:00+05:30
185.3,185.35,184.6,185.1,1596.0,1727065800.0,2024-09-23 10:00:00+05:30
185.1,185.5,185.1,185.45,204.0,1727066100.0,2024-09-23 10:05:00+05:30
185.25,185.6,185.05,185.05,2192.0,1727066400.0,2024-09-23 10:10:00+05:30
185.0,185.1,185.0,185.0,1264.0,1727066700.0,2024-09-23 10:15:00+05:30
185.0,185.7,185.0,185.4,2680.0,1727067000.0,2024-09-23 10:20:00+05:30
185.4,185.55,185.2,185.2,360.0,1727067300.0,2024-09-23 10:25:00+05:30
185.2,185.45,185.15,185.25,388.0,1727067600.0,2024-09-23 10:30:00+05:30
185.6,186.1,185.6,185.85,948.0,1727067900.0,2024-09-23 10:35:00+05:30
186.1,186.1,185.4,185.8,2920.0,1727068200.0,2024-09-23 10:40:00+05:30
185.8,185.9,185.55,185.6,2364.0,1727068500.0,2024-09-23 10:45:00+05:30
185.85,185.85,184.75,185.0,8820.0,1727068800.0,2024-09-23 10:50:00+05:30
184.75,184.75,184.25,184.7,5644.0,1727069100.0,2024-09-23 10:55:00+05:30
184.35,184.75,184.3,184.7,3400.0,1727069400.0,2024-09-23 11:00:00+05:30
184.65,184.8,184.4,184.4,808.0,1727069700.0,2024-09-23 11:05:00+05:30
184.4,184.5,184.25,184.25,3908.0,1727070000.0,2024-09-23 11:10:00+05:30
184.45,184.9,184.25,184.9,10272.0,1727070300.0,2024-09-23 11:15:00+05:30
184.9,185.1,184.55,184.55,1500.0,1727070600.0,2024-09-23 11:20:00+05:30
184.95,184.95,184.7,184.7,568.0,1727070900.0,2024-09-23 11:25:00+05:30
184.7,185.25,184.7,185.1,4188.0,1727071200.0,2024-09-23 11:30:00+05:30
184.9,185.0,184.7,184.7,456.0,1727071500.0,2024-09-23 11:35:00+05:30
184.7,184.95,184.7,184.9,184.0,1727071800.0,2024-09-23 11:40:00+05:30
184.55,184.8,184.25,184.65,2988.0,1727072100.0,2024-09-23 11:45:00+05:30
184.65,184.65,184.65,184.65,1360.0,1727072400.0,2024-09-23 11:50:00+05:30
184.65,184.7,184.5,184.7,424.0,1727072700.0,2024-09-23 11:55:00+05:30
184.7,184.7,184.35,184.35,728.0,1727073000.0,2024-09-23 12:00:00+05:30
184.35,184.65,184.3,184.3,1732.0,1727073300.0,2024-09-23 12:05:00+05:30
184.3,184.5,184.3,184.3,1440.0,1727073600.0,2024-09-23 12:10:00+05:30
184.5,184.75,184.5,184.75,4624.0,1727073900.0,2024-09-23 12:15:00+05:30
184.75,184.75,184.4,184.5,844.0,1727074200.0,2024-09-23 12:20:00+05:30
184.5,184.5,184.3,184.5,368.0,1727074500.0,2024-09-23 12:25:00+05:30
184.3,184.65,184.3,184.4,312.0,1727074800.0,2024-09-23 12:30:00+05:30
184.4,184.65,184.4,184.65,200.0,1727075100.0,2024-09-23 12:35:00+05:30
184.65,184.75,184.4,184.4,1260.0,1727075400.0,2024-09-23 12:40:00+05:30
184.4,184.55,184.4,184.55,384.0,1727075700.0,2024-09-23 12:45:00+05:30
184.4,184.55,184.4,184.55,132.0,1727076000.0,2024-09-23 12:50:00+05:30
184.4,184.55,184.3,184.3,564.0,1727076300.0,2024-09-23 12:55:00+05:30
184.3,184.5,184.3,184.5,108.0,1727076600.0,2024-09-23 13:00:00+05:30
184.55,184.55,184.4,184.55,416.0,1727076900.0,2024-09-23 13:05:00+05:30
184.55,184.75,184.55,184.75,324.0,1727077200.0,2024-09-23 13:10:00+05:30
184.95,184.95,184.5,184.5,764.0,1727077500.0,2024-09-23 13:15:00+05:30
184.5,184.85,184.5,184.85,160.0,1727077800.0,2024-09-23 13:20:00+05:30
184.85,184.85,184.85,184.85,0.0,1727078100.0,2024-09-23 13:25:00+05:30
184.55,184.8,184.55,184.55,80.0,1727078400.0,2024-09-23 13:30:00+05:30
184.55,184.85,184.5,184.85,472.0,1727078700.0,2024-09-23 13:35:00+05:30
184.85,184.9,184.6,184.6,320.0,1727079000.0,2024-09-23 13:40:00+05:30
184.5,184.85,184.3,184.45,916.0,1727079300.0,2024-09-23 13:45:00+05:30
184.3,184.45,184.25,184.25,968.0,1727079600.0,2024-09-23 13:50:00+05:30
184.25,184.25,184.0,184.0,1508.0,1727079900.0,2024-09-23 13:55:00+05:30
183.9,184.1,183.8,183.9,880.0,1727080200.0,2024-09-23 14:00:00+05:30
183.9,184.05,183.7,183.7,7000.0,1727080500.0,2024-09-23 14:05:00+05:30
183.7,184.25,183.55,184.1,3756.0,1727080800.0,2024-09-23 14:10:00+05:30
184.1,184.9,184.1,184.9,1376.0,1727081100.0,2024-09-23 14:15:00+05:30
184.95,185.6,184.8,185.15,17884.0,1727081400.0,2024-09-23 14:20:00+05:30
185.15,186.25,185.15,185.7,11180.0,1727081700.0,2024-09-23 14:25:00+05:30
185.4,185.45,184.75,184.75,7724.0,1727082000.0,2024-09-23 14:30:00+05:30
184.7,185.0,183.8,185.0,10348.0,1727082300.0,2024-09-23 14:35:00+05:30
185.0,185.15,184.75,185.15,444.0,1727082600.0,2024-09-23 14:40:00+05:30
185.4,185.45,185.25,185.45,276.0,1727082900.0,2024-09-23 14:45:00+05:30
185.15,185.2,185.0,185.0,1948.0,1727083200.0,2024-09-23 14:50:00+05:30
185.0,185.0,184.9,184.9,3908.0,1727083500.0,2024-09-23 14:55:00+05:30
184.75,185.3,184.75,185.05,736.0,1727083800.0,2024-09-23 15:00:00+05:30
184.75,186.2,184.5,185.75,6760.0,1727084100.0,2024-09-23 15:05:00+05:30
186.2,186.25,184.05,184.05,6888.0,1727084400.0,2024-09-23 15:10:00+05:30
184.0,184.3,183.5,184.3,1512.0,1727084700.0,2024-09-23 15:15:00+05:30
184.25,184.7,183.8,184.7,2484.0,1727085000.0,2024-09-23 15:20:00+05:30
184.7,184.95,183.9,184.0,5424.0,1727085300.0,2024-09-23 15:25:00+05:30
184.0,184.0,184.0,184.0,0.0,1727085600.0,2024-09-23 15:30:00+05:30
185.5,185.5,183.9,184.5,3160.0,1727149500.0,2024-09-24 09:15:00+05:30
184.35,184.75,184.1,184.5,1800.0,1727149800.0,2024-09-24 09:20:00+05:30
184.4,184.5,184.15,184.15,3396.0,1727150100.0,2024-09-24 09:25:00+05:30
184.15,184.4,184.15,184.25,396.0,1727150400.0,2024-09-24 09:30:00+05:30
184.2,184.2,184.2,184.2,240.0,1727150700.0,2024-09-24 09:35:00+05:30
184.15,184.45,184.15,184.25,1332.0,1727151000.0,2024-09-24 09:40:00+05:30
184.45,184.45,183.15,183.7,14692.0,1727151300.0,2024-09-24 09:45:00+05:30
183.65,183.75,183.5,183.55,812.0,1727151600.0,2024-09-24 09:50:00+05:30
183.8,183.95,183.5,183.5,3960.0,1727151900.0,2024-09-24 09:55:00+05:30
183.7,184.2,183.7,183.85,1768.0,1727152200.0,2024-09-24 10:00:00+05:30
183.65,183.95,183.65,183.7,616.0,1727152500.0,2024-09-24 10:05:00+05:30
183.7,184.2,183.7,183.95,1976.0,1727152800.0,2024-09-24 10:10:00+05:30
183.95,184.1,183.95,184.1,32.0,1727153100.0,2024-09-24 10:15:00+05:30
183.85,184.0,183.85,184.0,976.0,1727153400.0,2024-09-24 10:20:00+05:30
184.05,184.05,183.8,183.9,932.0,1727153700.0,2024-09-24 10:25:00+05:30
183.9,183.9,183.8,183.8,256.0,1727154000.0,2024-09-24 10:30:00+05:30
183.95,184.0,183.0,183.55,8940.0,1727154300.0,2024-09-24 10:35:00+05:30
183.55,183.95,183.55,183.75,1148.0,1727154600.0,2024-09-24 10:40:00+05:30
183.75,184.25,183.75,184.25,1980.0,1727154900.0,2024-09-24 10:45:00+05:30
184.75,184.95,184.5,184.65,7348.0,1727155200.0,2024-09-24 10:50:00+05:30
184.65,184.85,184.65,184.7,444.0,1727155500.0,2024-09-24 10:55:00+05:30
184.75,184.85,184.7,184.7,224.0,1727155800.0,2024-09-24 11:00:00+05:30
184.65,184.8,184.55,184.8,828.0,1727156100.0,2024-09-24 11:05:00+05:30
184.8,184.8,184.5,184.55,612.0,1727156400.0,2024-09-24 11:10:00+05:30
184.55,184.7,184.45,184.5,1268.0,1727156700.0,2024-09-24 11:15:00+05:30
184.7,184.95,184.5,184.7,1968.0,1727157000.0,2024-09-24 11:20:00+05:30
184.7,184.7,184.55,184.7,424.0,1727157300.0,2024-09-24 11:25:00+05:30
184.5,184.75,184.5,184.55,556.0,1727157600.0,2024-09-24 11:30:00+05:30
184.55,184.75,184.55,184.75,48.0,1727157900.0,2024-09-24 11:35:00+05:30
184.75,184.75,184.0,184.4,5596.0,1727158200.0,2024-09-24 11:40:00+05:30
184.4,184.6,184.2,184.5,500.0,1727158500.0,2024-09-24 11:45:00+05:30
184.3,184.65,184.3,184.55,172.0,1727158800.0,2024-09-24 11:50:00+05:30
184.3,184.3,184.3,184.3,4.0,1727159100.0,2024-09-24 11:55:00+05:30
184.45,184.45,183.2,183.5,26380.0,1727159400.0,2024-09-24 12:00:00+05:30
183.5,183.5,183.1,183.45,940.0,1727159700.0,2024-09-24 12:05:00+05:30
183.45,183.75,183.2,183.25,10504.0,1727160000.0,2024-09-24 12:10:00+05:30
183.2,183.55,183.2,183.5,2960.0,1727160300.0,2024-09-24 12:15:00+05:30
183.6,183.7,183.4,183.5,832.0,1727160600.0,2024-09-24 12:20:00+05:30
183.5,183.65,183.5,183.65,1516.0,1727160900.0,2024-09-24 12:25:00+05:30
183.65,183.75,183.5,183.5,436.0,1727161200.0,2024-09-24 12:30:00+05:30
183.5,183.75,183.5,183.75,2960.0,1727161500.0,2024-09-24 12:35:00+05:30
183.55,183.75,183.5,183.6,632.0,1727161800.0,2024-09-24 12:40:00+05:30
183.6,183.6,183.6,183.6,12.0,1727162100.0,2024-09-24 12:45:00+05:30
183.5,183.6,183.5,183.6,308.0,1727162400.0,2024-09-24 12:50:00+05:30
183.6,183.6,183.5,183.6,604.0,1727162700.0,2024-09-24 12:55:00+05:30
183.6,183.6,183.5,183.6,240.0,1727163000.0,2024-09-24 13:00:00+05:30
183.6,183.7,183.5,183.55,1136.0,1727163300.0,2024-09-24 13:05:00+05:30
183.6,183.65,183.55,183.65,312.0,1727163600.0,2024-09-24 13:10:00+05:30
183.65,183.7,183.65,183.65,336.0,1727163900.0,2024-09-24 13:15:00+05:30
183.55,183.65,183.55,183.65,148.0,1727164200.0,2024-09-24 13:20:00+05:30
183.65,183.65,183.5,183.5,136.0,1727164500.0,2024-09-24 13:25:00+05:30
183.5,183.75,183.5,183.55,3468.0,1727164800.0,2024-09-24 13:30:00+05:30
183.55,183.7,183.55,183.55,1696.0,1727165100.0,2024-09-24 13:35:00+05:30
183.7,183.7,183.55,183.55,2036.0,1727165400.0,2024-09-24 13:40:00+05:30
183.55,184.0,183.55,183.8,19908.0,1727165700.0,2024-09-24 13:45:00+05:30
183.8,183.9,183.5,183.6,16828.0,1727166000.0,2024-09-24 13:50:00+05:30
183.6,183.75,183.5,183.55,7112.0,1727166300.0,2024-09-24 13:55:00+05:30
183.55,183.75,183.55,183.55,172.0,1727166600.0,2024-09-24 14:00:00+05:30
183.55,183.75,183.5,183.5,8700.0,1727166900.0,2024-09-24 14:05:00+05:30
183.55,183.75,183.5,183.75,932.0,1727167200.0,2024-09-24 14:10:00+05:30
183.75,183.75,183.55,183.55,1788.0,1727167500.0,2024-09-24 14:15:00+05:30
183.75,183.75,183.55,183.55,1920.0,1727167800.0,2024-09-24 14:20:00+05:30
183.55,183.55,183.55,183.55,1076.0,1727168100.0,2024-09-24 14:25:00+05:30
183.55,183.55,183.05,183.25,15552.0,1727168400.0,2024-09-24 14:30:00+05:30
183.3,183.5,182.85,182.85,16256.0,1727168700.0,2024-09-24 14:35:00+05:30
182.8,183.25,182.7,183.2,3100.0,1727169000.0,2024-09-24 14:40:00+05:30
182.8,183.25,182.8,183.25,3276.0,1727169300.0,2024-09-24 14:45:00+05:30
183.25,183.25,183.1,183.1,2952.0,1727169600.0,2024-09-24 14:50:00+05:30
183.1,183.5,183.1,183.3,49992.0,1727169900.0,2024-09-24 14:55:00+05:30
183.35,183.5,183.25,183.3,2136.0,1727170200.0,2024-09-24 15:00:00+05:30
183.3,183.5,182.8,183.3,3508.0,1727170500.0,2024-09-24 15:05:00+05:30
183.05,183.3,182.5,182.9,2460.0,1727170800.0,2024-09-24 15:10:00+05:30
182.7,183.45,182.65,183.45,3476.0,1727171100.0,2024-09-24 15:15:00+05:30
183.2,183.45,182.85,183.4,7248.0,1727171400.0,2024-09-24 15:20:00+05:30
183.35,183.45,182.0,182.05,9448.0,1727171700.0,2024-09-24 15:25:00+05:30
181.5,183.7,181.5,183.25,9324.0,1727235900.0,2024-09-25 09:15:00+05:30
182.85,182.85,182.5,182.5,1852.0,1727236200.0,2024-09-25 09:20:00+05:30
182.6,183.4,182.6,183.2,2100.0,1727236500.0,2024-09-25 09:25:00+05:30
183.2,183.35,183.1,183.1,840.0,1727236800.0,2024-09-25 09:30:00+05:30
182.85,183.0,182.8,183.0,1820.0,1727237100.0,2024-09-25 09:35:00+05:30
183.05,183.45,183.05,183.45,4548.0,1727237400.0,2024-09-25 09:40:00+05:30
183.45,184.1,183.3,183.9,2048.0,1727237700.0,2024-09-25 09:45:00+05:30
183.9,184.3,183.75,183.8,1868.0,1727238000.0,2024-09-25 09:50:00+05:30
184.2,184.85,183.9,184.55,19080.0,1727238300.0,2024-09-25 09:55:00+05:30
184.55,184.75,184.4,184.65,1152.0,1727238600.0,2024-09-25 10:00:00+05:30
184.75,184.75,182.75,182.9,36340.0,1727238900.0,2024-09-25 10:05:00+05:30
183.0,183.25,182.95,183.25,4116.0,1727239200.0,2024-09-25 10:10:00+05:30
183.25,183.5,182.75,183.5,6932.0,1727239500.0,2024-09-25 10:15:00+05:30
183.5,183.5,183.0,183.4,8436.0,1727239800.0,2024-09-25 10:20:00+05:30
183.25,183.25,183.05,183.05,204.0,1727240100.0,2024-09-25 10:25:00+05:30
183.05,183.3,182.4,183.1,13032.0,1727240400.0,2024-09-25 10:30:00+05:30
183.1,183.3,183.05,183.15,440.0,1727240700.0,2024-09-25 10:35:00+05:30
183.2,183.35,183.0,183.25,1660.0,1727241000.0,2024-09-25 10:40:00+05:30
183.15,183.35,183.0,183.0,1452.0,1727241300.0,2024-09-25 10:45:00+05:30
183.0,183.25,183.0,183.0,300.0,1727241600.0,2024-09-25 10:50:00+05:30
183.0,183.35,183.0,183.35,124.0,1727241900.0,2024-09-25 10:55:00+05:30
183.35,183.4,183.15,183.4,600.0,1727242200.0,2024-09-25 11:00:00+05:30
183.4,183.4,183.15,183.35,1412.0,1727242500.0,2024-09-25 11:05:00+05:30
183.35,183.35,183.15,183.15,180.0,1727242800.0,2024-09-25 11:10:00+05:30
183.3,183.35,183.1,183.35,664.0,1727243100.0,2024-09-25 11:15:00+05:30
183.3,183.35,183.3,183.35,212.0,1727243400.0,2024-09-25 11:20:00+05:30
183.35,183.35,183.35,183.35,2468.0,1727243700.0,2024-09-25 11:25:00+05:30
183.35,183.35,183.1,183.35,800.0,1727244000.0,2024-09-25 11:30:00+05:30
183.35,183.35,183.1,183.1,40.0,1727244300.0,2024-09-25 11:35:00+05:30
183.1,183.15,183.0,183.15,11596.0,1727244600.0,2024-09-25 11:40:00+05:30
183.05,183.35,182.15,182.7,101124.0,1727244900.0,2024-09-25 11:45:00+05:30
182.75,182.75,182.5,182.75,4376.0,1727245200.0,2024-09-25 11:50:00+05:30
182.75,183.2,182.6,183.2,1208.0,1727245500.0,2024-09-25 11:55:00+05:30
183.2,183.35,182.5,182.5,36980.0,1727245800.0,2024-09-25 12:00:00+05:30
182.4,182.4,181.85,181.85,1568.0,1727246100.0,2024-09-25 12:05:00+05:30
182.05,182.3,180.9,180.95,7200.0,1727246400.0,2024-09-25 12:10:00+05:30
180.75,181.1,180.3,180.5,7908.0,1727246700.0,2024-09-25 12:15:00+05:30
180.7,180.75,180.7,180.75,104.0,1727247000.0,2024-09-25 12:20:00+05:30
180.5,180.9,180.5,180.65,364.0,1727247300.0,2024-09-25 12:25:00+05:30
180.65,181.05,180.65,181.0,1292.0,1727247600.0,2024-09-25 12:30:00+05:30
181.0,181.2,181.0,181.2,1000.0,1727247900.0,2024-09-25 12:35:00+05:30
181.2,181.2,180.65,180.7,1760.0,1727248200.0,2024-09-25 12:40:00+05:30
180.95,180.95,180.05,180.1,2592.0,1727248500.0,2024-09-25 12:45:00+05:30
180.1,180.4,180.1,180.4,252.0,1727248800.0,2024-09-25 12:50:00+05:30
180.5,180.5,180.45,180.45,216.0,1727249100.0,2024-09-25 12:55:00+05:30
180.5,180.5,180.3,180.3,980.0,1727249400.0,2024-09-25 13:00:00+05:30
180.5,180.55,180.5,180.55,204.0,1727249700.0,2024-09-25 13:05:00+05:30
180.6,180.75,180.3,180.75,164.0,1727250000.0,2024-09-25 13:10:00+05:30
180.5,180.6,180.15,180.6,1008.0,1727250300.0,2024-09-25 13:15:00+05:30
180.6,180.9,180.6,180.6,332.0,1727250600.0,2024-09-25 13:20:00+05:30
180.05,180.5,180.05,180.5,920.0,1727250900.0,2024-09-25 13:25:00+05:30
180.55,180.6,180.5,180.5,196.0,1727251200.0,2024-09-25 13:30:00+05:30
180.5,180.5,180.5,180.5,0.0,1727251500.0,2024-09-25 13:35:00+05:30
180.5,180.75,180.45,180.75,8328.0,1727251800.0,2024-09-25 13:40:00+05:30
180.9,181.2,180.65,181.0,1044.0,1727252100.0,2024-09-25 13:45:00+05:30
180.9,180.95,180.65,180.8,776.0,1727252400.0,2024-09-25 13:50:00+05:30
180.75,181.0,180.5,180.5,788.0,1727252700.0,2024-09-25 13:55:00+05:30
180.7,180.8,180.25,180.25,920.0,1727253000.0,2024-09-25 14:00:00+05:30
180.4,180.45,180.15,180.4,1684.0,1727253300.0,2024-09-25 14:05:00+05:30
180.2,180.4,180.2,180.4,224.0,1727253600.0,2024-09-25 14:10:00+05:30
180.15,180.45,180.1,180.4,1084.0,1727253900.0,2024-09-25 14:15:00+05:30
180.4,180.45,180.1,180.1,1196.0,1727254200.0,2024-09-25 14:20:00+05:30
180.1,180.5,180.1,180.45,1176.0,1727254500.0,2024-09-25 14:25:00+05:30
180.5,180.5,180.5,180.5,216.0,1727254800.0,2024-09-25 14:30:00+05:30
180.5,180.5,180.25,180.45,108.0,1727255100.0,2024-09-25 14:35:00+05:30
180.25,180.5,180.25,180.5,208.0,1727255400.0,2024-09-25 14:40:00+05:30
180.4,180.4,180.0,180.1,808.0,1727255700.0,2024-09-25 14:45:00+05:30
180.4,180.5,180.25,180.45,1520.0,1727256000.0,2024-09-25 14:50:00+05:30
180.45,180.5,180.2,180.5,2376.0,1727256300.0,2024-09-25 14:55:00+05:30
180.4,181.95,180.4,180.75,25388.0,1727256600.0,2024-09-25 15:00:00+05:30
181.2,181.2,180.5,180.6,2948.0,1727256900.0,2024-09-25 15:05:00+05:30
180.5,180.5,180.25,180.25,1384.0,1727257200.0,2024-09-25 15:10:00+05:30
180.25,181.2,180.0,180.75,17504.0,1727257500.0,2024-09-25 15:15:00+05:30
180.45,180.45,179.75,180.3,8696.0,1727257800.0,2024-09-25 15:20:00+05:30
180.3,180.45,179.4,179.5,6044.0,1727258100.0,2024-09-25 15:25:00+05:30
181.8,181.85,179.8,179.8,9756.0,1727322300.0,2024-09-26 09:15:00+05:30
180.0,180.0,179.0,179.0,5368.0,1727322600.0,2024-09-26 09:20:00+05:30
179.0,179.6,179.0,179.5,2128.0,1727322900.0,2024-09-26 09:25:00+05:30
179.3,179.55,178.75,179.05,7400.0,1727323200.0,2024-09-26 09:30:00+05:30
178.75,178.8,178.3,178.8,1200.0,1727323500.0,2024-09-26 09:35:00+05:30
178.8,178.8,178.8,178.8,104.0,1727323800.0,2024-09-26 09:40:00+05:30
178.75,178.75,178.2,178.6,1236.0,1727324100.0,2024-09-26 09:45:00+05:30
178.3,178.6,177.8,178.25,4284.0,1727324400.0,2024-09-26 09:50:00+05:30
178.4,179.75,178.3,179.45,4496.0,1727324700.0,2024-09-26 09:55:00+05:30
179.4,179.75,179.3,179.6,592.0,1727325000.0,2024-09-26 10:00:00+05:30
179.6,179.75,179.35,179.35,972.0,1727325300.0,2024-09-26 10:05:00+05:30
179.25,179.45,178.65,179.1,4744.0,1727325600.0,2024-09-26 10:10:00+05:30
179.25,179.3,178.95,179.2,948.0,1727325900.0,2024-09-26 10:15:00+05:30
179.2,179.2,178.75,179.0,5580.0,1727326200.0,2024-09-26 10:20:00+05:30
179.2,179.9,178.95,179.65,3012.0,1727326500.0,2024-09-26 10:25:00+05:30
179.65,179.9,178.9,179.15,2560.0,1727326800.0,2024-09-26 10:30:00+05:30
179.2,179.2,178.8,179.0,3392.0,1727327100.0,2024-09-26 10:35:00+05:30
179.0,179.0,178.75,178.95,436.0,1727327400.0,2024-09-26 10:40:00+05:30
178.75,179.7,178.75,179.45,3312.0,1727327700.0,2024-09-26 10:45:00+05:30
179.45,179.45,179.15,179.4,1912.0,1727328000.0,2024-09-26 10:50:00+05:30
179.5,179.7,179.5,179.55,324.0,1727328300.0,2024-09-26 10:55:00+05:30
179.55,179.6,179.35,179.6,728.0,1727328600.0,2024-09-26 11:00:00+05:30
179.6,179.6,179.6,179.6,0.0,1727328900.0,2024-09-26 11:05:00+05:30
179.6,179.6,179.35,179.35,20.0,1727329200.0,2024-09-26 11:10:00+05:30
179.35,179.55,179.25,179.25,212.0,1727329500.0,2024-09-26 11:15:00+05:30
179.25,179.25,179.0,179.0,664.0,1727329800.0,2024-09-26 11:20:00+05:30
179.0,179.2,179.0,179.2,44.0,1727330100.0,2024-09-26 11:25:00+05:30
179.2,179.2,178.9,179.1,1312.0,1727330400.0,2024-09-26 11:30:00+05:30
179.1,179.2,178.8,179.1,624.0,1727330700.0,2024-09-26 11:35:00+05:30
179.1,179.15,179.1,179.15,68.0,1727331000.0,2024-09-26 11:40:00+05:30
179.15,179.2,178.95,179.2,832.0,1727331300.0,2024-09-26 11:45:00+05:30
179.2,179.4,179.2,179.4,852.0,1727331600.0,2024-09-26 11:50:00+05:30
179.4,181.1,179.4,181.1,23272.0,1727331900.0,2024-09-26 11:55:00+05:30
181.0,181.95,180.75,180.85,15944.0,1727332200.0,2024-09-26 12:00:00+05:30
180.75,182.25,180.75,181.45,14744.0,1727332500.0,2024-09-26 12:05:00+05:30
181.45,182.0,181.45,181.95,7100.0,1727332800.0,2024-09-26 12:10:00+05:30
182.0,182.0,181.35,181.45,2188.0,1727333100.0,2024-09-26 12:15:00+05:30
181.4,181.95,181.4,181.8,1988.0,1727333400.0,2024-09-26 12:20:00+05:30
181.65,181.7,181.45,181.7,252.0,1727333700.0,2024-09-26 12:25:00+05:30
181.75,181.95,181.5,181.5,532.0,1727334000.0,2024-09-26 12:30:00+05:30
181.5,181.5,180.95,180.95,2460.0,1727334300.0,2024-09-26 12:35:00+05:30
180.95,180.95,180.75,180.75,112.0,1727334600.0,2024-09-26 12:40:00+05:30
181.0,181.1,180.5,180.65,5104.0,1727334900.0,2024-09-26 12:45:00+05:30
180.75,180.8,180.7,180.7,688.0,1727335200.0,2024-09-26 12:50:00+05:30
180.7,180.75,180.55,180.55,564.0,1727335500.0,2024-09-26 12:55:00+05:30
180.55,180.55,180.5,180.5,88.0,1727335800.0,2024-09-26 13:00:00+05:30
180.25,180.4,180.05,180.4,688.0,1727336100.0,2024-09-26 13:05:00+05:30
180.3,181.35,180.2,181.2,15396.0,1727336400.0,2024-09-26 13:10:00+05:30
181.2,181.2,180.8,180.8,640.0,1727336700.0,2024-09-26 13:15:00+05:30
180.8,181.4,180.5,181.1,5952.0,1727337000.0,2024-09-26 13:20:00+05:30
181.1,181.25,181.0,181.25,84.0,1727337300.0,2024-09-26 13:25:00+05:30
181.25,181.25,181.25,181.25,388.0,1727337600.0,2024-09-26 13:30:00+05:30
181.0,181.0,180.7,180.7,1016.0,1727337900.0,2024-09-26 13:35:00+05:30
180.7,180.9,180.7,180.9,52.0,1727338200.0,2024-09-26 13:40:00+05:30
180.9,180.9,180.9,180.9,0.0,1727338500.0,2024-09-26 13:45:00+05:30
180.5,181.05,180.5,181.05,1104.0,1727338800.0,2024-09-26 13:50:00+05:30
181.05,181.05,181.05,181.05,20.0,1727339100.0,2024-09-26 13:55:00+05:30
181.05,181.05,180.5,180.5,632.0,1727339400.0,2024-09-26 14:00:00+05:30
180.5,180.75,180.5,180.75,132.0,1727339700.0,2024-09-26 14:05:00+05:30
180.75,180.9,180.5,180.5,404.0,1727340000.0,2024-09-26 14:10:00+05:30
180.5,180.75,180.5,180.75,2776.0,1727340300.0,2024-09-26 14:15:00+05:30
180.75,180.9,180.75,180.9,260.0,1727340600.0,2024-09-26 14:20:00+05:30
180.9,180.9,180.9,180.9,120.0,1727340900.0,2024-09-26 14:25:00+05:30
180.9,180.9,180.65,180.85,76.0,1727341200.0,2024-09-26 14:30:00+05:30
180.85,180.95,180.6,180.95,1124.0,1727341500.0,2024-09-26 14:35:00+05:30
180.95,180.95,180.65,180.65,172.0,1727341800.0,2024-09-26 14:40:00+05:30
180.65,180.8,180.55,180.8,732.0,1727342100.0,2024-09-26 14:45:00+05:30
180.5,180.75,180.5,180.55,736.0,1727342400.0,2024-09-26 14:50:00+05:30
180.55,181.95,180.35,181.9,4452.0,1727342700.0,2024-09-26 14:55:00+05:30
181.75,183.05,181.75,182.2,10852.0,1727343000.0,2024-09-26 15:00:00+05:30
182.25,182.7,181.2,181.6,10260.0,1727343300.0,2024-09-26 15:05:00+05:30
181.45,182.0,181.1,181.1,3852.0,1727343600.0,2024-09-26 15:10:00+05:30
181.0,181.5,181.0,181.5,900.0,1727343900.0,2024-09-26 15:15:00+05:30
181.45,181.45,180.65,181.45,1948.0,1727344200.0,2024-09-26 15:20:00+05:30
181.45,181.45,180.9,180.9,3524.0,1727344500.0,2024-09-26 15:25:00+05:30
180.9,180.9,180.9,180.9,0.0,1727344800.0,2024-09-26 15:30:00+05:30
182.85,183.15,181.65,181.9,3280.0,1727408760.0,2024-09-27 09:16:00+05:30
181.9,182.9,181.9,182.9,2764.0,1727409000.0,2024-09-27 09:20:00+05:30
183.3,183.55,183.0,183.55,4116.0,1727409300.0,2024-09-27 09:25:00+05:30
183.25,184.65,183.25,184.25,6008.0,1727409600.0,2024-09-27 09:30:00+05:30
184.3,184.45,184.0,184.45,2188.0,1727409900.0,2024-09-27 09:35:00+05:30
184.75,184.95,184.65,184.7,2204.0,1727410200.0,2024-09-27 09:40:00+05:30
184.7,185.55,184.7,185.3,8256.0,1727410500.0,2024-09-27 09:45:00+05:30
185.3,185.4,185.0,185.2,984.0,1727410800.0,2024-09-27 09:50:00+05:30
184.9,184.9,184.4,184.8,11948.0,1727411100.0,2024-09-27 09:55:00+05:30
184.75,185.25,184.5,185.25,5072.0,1727411400.0,2024-09-27 10:00:00+05:30
185.25,185.25,185.0,185.05,2860.0,1727411700.0,2024-09-27 10:05:00+05:30
185.25,185.25,185.0,185.0,1260.0,1727412000.0,2024-09-27 10:10:00+05:30
185.0,185.0,185.0,185.0,428.0,1727412300.0,2024-09-27 10:15:00+05:30
185.1,185.25,185.0,185.0,2036.0,1727412600.0,2024-09-27 10:20:00+05:30
185.0,185.2,185.0,185.0,5368.0,1727412900.0,2024-09-27 10:25:00+05:30
185.0,185.45,185.0,185.1,5832.0,1727413200.0,2024-09-27 10:30:00+05:30
185.35,185.4,185.15,185.4,1704.0,1727413500.0,2024-09-27 10:35:00+05:30
185.4,185.4,185.25,185.25,936.0,1727413800.0,2024-09-27 10:40:00+05:30
185.0,185.2,184.9,185.2,6492.0,1727414100.0,2024-09-27 10:45:00+05:30
185.0,185.0,185.0,185.0,244.0,1727414400.0,2024-09-27 10:50:00+05:30
185.0,185.2,185.0,185.0,864.0,1727414700.0,2024-09-27 10:55:00+05:30
185.2,185.2,185.0,185.0,332.0,1727415000.0,2024-09-27 11:00:00+05:30
185.0,185.2,185.0,185.0,824.0,1727415300.0,2024-09-27 11:05:00+05:30
185.2,185.3,185.0,185.3,2408.0,1727415600.0,2024-09-27 11:10:00+05:30
185.1,185.1,184.9,184.9,1212.0,1727415900.0,2024-09-27 11:15:00+05:30
185.3,185.55,185.3,185.55,6360.0,1727416200.0,2024-09-27 11:20:00+05:30
185.4,186.0,185.4,185.8,2212.0,1727416500.0,2024-09-27 11:25:00+05:30
185.55,185.55,185.2,185.2,4596.0,1727416800.0,2024-09-27 11:30:00+05:30
185.2,185.55,185.2,185.55,1100.0,1727417100.0,2024-09-27 11:35:00+05:30
185.25,185.25,185.2,185.2,340.0,1727417400.0,2024-09-27 11:40:00+05:30
185.2,185.4,185.0,185.1,4760.0,1727417700.0,2024-09-27 11:45:00+05:30
185.25,185.25,185.0,185.2,1056.0,1727418000.0,2024-09-27 11:50:00+05:30
185.0,185.2,185.0,185.2,176.0,1727418300.0,2024-09-27 11:55:00+05:30
185.2,185.25,185.2,185.25,680.0,1727418600.0,2024-09-27 12:00:00+05:30
185.15,185.25,185.1,185.25,564.0,1727418900.0,2024-09-27 12:05:00+05:30
185.25,185.25,185.0,185.0,20.0,1727419200.0,2024-09-27 12:10:00+05:30
185.0,185.0,185.0,185.0,2440.0,1727419500.0,2024-09-27 12:15:00+05:30
185.0,185.25,185.0,185.0,604.0,1727419800.0,2024-09-27 12:20:00+05:30
185.0,185.3,185.0,185.3,636.0,1727420100.0,2024-09-27 12:25:00+05:30
185.3,185.3,185.3,185.3,1372.0,1727420400.0,2024-09-27 12:30:00+05:30
185.3,185.35,185.05,185.05,132.0,1727420700.0,2024-09-27 12:35:00+05:30
184.95,185.25,184.5,185.0,108052.0,1727421000.0,2024-09-27 12:40:00+05:30
185.0,185.45,185.0,185.45,1156.0,1727421300.0,2024-09-27 12:45:00+05:30
185.45,185.5,185.3,185.3,876.0,1727421600.0,2024-09-27 12:50:00+05:30
184.5,185.15,184.5,185.05,29528.0,1727421900.0,2024-09-27 12:55:00+05:30
185.0,185.05,185.0,185.05,1200.0,1727422200.0,2024-09-27 13:00:00+05:30
185.0,185.05,185.0,185.05,56.0,1727422500.0,2024-09-27 13:05:00+05:30
185.05,185.35,185.0,185.35,1844.0,1727422800.0,2024-09-27 13:10:00+05:30
185.35,185.45,185.25,185.45,440.0,1727423100.0,2024-09-27 13:15:00+05:30
185.5,185.5,185.0,185.3,832.0,1727423400.0,2024-09-27 13:20:00+05:30
185.0,185.3,185.0,185.3,588.0,1727423700.0,2024-09-27 13:25:00+05:30
185.1,185.4,185.05,185.05,428.0,1727424000.0,2024-09-27 13:30:00+05:30
185.25,185.3,185.0,185.3,184.0,1727424300.0,2024-09-27 13:35:00+05:30
185.1,185.25,185.1,185.25,28.0,1727424600.0,2024-09-27 13:40:00+05:30
185.25,185.3,185.25,185.3,76.0,1727424900.0,2024-09-27 13:45:00+05:30
185.3,185.3,185.0,185.0,956.0,1727425200.0,2024-09-27 13:50:00+05:30
185.05,185.25,185.05,185.25,328.0,1727425500.0,2024-09-27 13:55:00+05:30
185.0,185.25,185.0,185.25,660.0,1727425800.0,2024-09-27 14:00:00+05:30
185.25,185.25,185.0,185.0,3228.0,1727426100.0,2024-09-27 14:05:00+05:30
185.0,185.0,184.8,185.0,668.0,1727426400.0,2024-09-27 14:10:00+05:30
185.0,185.0,184.75,185.0,1848.0,1727426700.0,2024-09-27 14:15:00+05:30
185.0,185.15,185.0,185.0,344.0,1727427000.0,2024-09-27 14:20:00+05:30
185.0,185.0,185.0,185.0,424.0,1727427300.0,2024-09-27 14:25:00+05:30
185.0,185.0,184.95,185.0,1220.0,1727427600.0,2024-09-27 14:30:00+05:30
185.0,185.2,185.0,185.0,976.0,1727427900.0,2024-09-27 14:35:00+05:30
185.0,185.4,184.8,185.05,21136.0,1727428200.0,2024-09-27 14:40:00+05:30
185.0,185.1,185.0,185.0,2912.0,1727428500.0,2024-09-27 14:45:00+05:30
185.0,185.1,185.0,185.0,4008.0,1727428800.0,2024-09-27 14:50:00+05:30
185.1,185.1,184.9,185.1,2948.0,1727429100.0,2024-09-27 14:55:00+05:30
185.0,185.05,184.95,185.0,8764.0,1727429400.0,2024-09-27 15:00:00+05:30
185.0,185.1,184.85,185.0,10420.0,1727429700.0,2024-09-27 15:05:00+05:30
185.0,185.1,184.8,185.0,4596.0,1727430000.0,2024-09-27 15:10:00+05:30
185.0,185.15,184.8,185.0,8240.0,1727430300.0,2024-09-27 15:15:00+05:30
185.0,185.25,184.9,185.0,11032.0,1727430600.0,2024-09-27 15:20:00+05:30
185.0,185.1,185.0,185.0,5948.0,1727430900.0,2024-09-27 15:25:00+05:30
185.0,185.0,185.0,185.0,0.0,1727431200.0,2024-09-27 15:30:00+05:30
183.0,187.0,182.75,185.7,12824.0,1727667900.0,2024-09-30 09:15:00+05:30
185.7,186.6,184.5,185.0,23540.0,1727668200.0,2024-09-30 09:20:00+05:30
184.45,185.35,183.2,185.1,17072.0,1727668500.0,2024-09-30 09:25:00+05:30
185.5,186.2,185.25,185.3,8216.0,1727668800.0,2024-09-30 09:30:00+05:30
185.3,186.2,185.25,185.4,4600.0,1727669100.0,2024-09-30 09:35:00+05:30
185.25,187.05,185.25,185.75,12356.0,1727669400.0,2024-09-30 09:40:00+05:30
185.75,186.55,185.65,186.1,2588.0,1727669700.0,2024-09-30 09:45:00+05:30
186.1,186.3,185.8,186.0,1272.0,1727670000.0,2024-09-30 09:50:00+05:30
186.3,186.5,185.95,186.3,684.0,1727670300.0,2024-09-30 09:55:00+05:30
186.15,187.0,185.85,186.95,3808.0,1727670600.0,2024-09-30 10:00:00+05:30
186.95,187.2,186.8,187.1,8376.0,1727670900.0,2024-09-30 10:05:00+05:30
186.9,190.65,186.9,189.35,79436.0,1727671200.0,2024-09-30 10:10:00+05:30
189.0,190.3,188.8,189.45,15060.0,1727671500.0,2024-09-30 10:15:00+05:30
189.1,189.95,189.05,189.4,7052.0,1727671800.0,2024-09-30 10:20:00+05:30
189.1,189.75,188.75,189.45,22884.0,1727672100.0,2024-09-30 10:25:00+05:30
189.45,189.7,188.75,189.0,16008.0,1727672400.0,2024-09-30 10:30:00+05:30
188.9,189.25,188.75,189.05,2388.0,1727672700.0,2024-09-30 10:35:00+05:30
189.05,189.05,188.75,189.0,2560.0,1727673000.0,2024-09-30 10:40:00+05:30
188.85,189.25,188.75,189.05,3844.0,1727673300.0,2024-09-30 10:45:00+05:30
188.95,189.0,188.75,189.0,1828.0,1727673600.0,2024-09-30 10:50:00+05:30
188.75,189.1,188.75,188.9,1356.0,1727673900.0,2024-09-30 10:55:00+05:30
188.75,189.2,188.75,188.9,3600.0,1727674200.0,2024-09-30 11:00:00+05:30
188.95,188.95,188.75,188.75,392.0,1727674500.0,2024-09-30 11:05:00+05:30
188.95,189.0,188.75,188.9,968.0,1727674800.0,2024-09-30 11:10:00+05:30
188.8,189.55,188.8,189.2,6204.0,1727675100.0,2024-09-30 11:15:00+05:30
189.0,189.5,189.0,189.5,1084.0,1727675400.0,2024-09-30 11:20:00+05:30
189.5,189.5,189.0,189.0,1068.0,1727675700.0,2024-09-30 11:25:00+05:30
189.2,189.2,189.0,189.0,572.0,1727676000.0,2024-09-30 11:30:00+05:30
189.2,189.3,189.0,189.3,1664.0,1727676300.0,2024-09-30 11:35:00+05:30
189.3,189.3,189.0,189.0,2772.0,1727676600.0,2024-09-30 11:40:00+05:30
189.0,189.25,189.0,189.25,1364.0,1727676900.0,2024-09-30 11:45:00+05:30
189.05,189.25,189.0,189.25,1476.0,1727677200.0,2024-09-30 11:50:00+05:30
189.25,189.25,189.15,189.15,1468.0,1727677500.0,2024-09-30 11:55:00+05:30
189.15,189.5,189.15,189.5,284.0,1727677800.0,2024-09-30 12:00:00+05:30
189.5,189.5,189.25,189.25,1208.0,1727678100.0,2024-09-30 12:05:00+05:30
189.25,189.7,189.25,189.7,4772.0,1727678400.0,2024-09-30 12:10:00+05:30
189.7,189.7,189.4,189.4,2136.0,1727678700.0,2024-09-30 12:15:00+05:30
189.3,189.6,189.3,189.6,1164.0,1727679000.0,2024-09-30 12:20:00+05:30
189.7,190.75,189.6,189.65,28728.0,1727679300.0,2024-09-30 12:25:00+05:30
190.0,190.35,189.5,190.35,3536.0,1727679600.0,2024-09-30 12:30:00+05:30
190.45,190.5,190.25,190.25,1160.0,1727679900.0,2024-09-30 12:35:00+05:30
190.25,190.5,190.15,190.15,1420.0,1727680200.0,2024-09-30 12:40:00+05:30
190.2,190.45,190.2,190.2,72.0,1727680500.0,2024-09-30 12:45:00+05:30
190.45,190.5,190.2,190.2,2516.0,1727680800.0,2024-09-30 12:50:00+05:30
190.2,191.8,190.2,190.95,43360.0,1727681100.0,2024-09-30 12:55:00+05:30
190.75,190.9,190.4,190.75,5748.0,1727681400.0,2024-09-30 13:00:00+05:30
190.7,190.85,190.3,190.3,2372.0,1727681700.0,2024-09-30 13:05:00+05:30
190.3,190.35,190.1,190.1,976.0,1727682000.0,2024-09-30 13:10:00+05:30
190.1,190.75,190.0,190.35,7188.0,1727682300.0,2024-09-30 13:15:00+05:30
190.4,190.8,190.35,190.75,6648.0,1727682600.0,2024-09-30 13:20:00+05:30
190.8,190.8,189.7,190.75,6272.0,1727682900.0,2024-09-30 13:25:00+05:30
190.5,190.95,190.5,190.95,4436.0,1727683200.0,2024-09-30 13:30:00+05:30
190.95,190.95,190.5,190.55,1516.0,1727683500.0,2024-09-30 13:35:00+05:30
190.55,190.8,190.5,190.75,2248.0,1727683800.0,2024-09-30 13:40:00+05:30
190.75,191.0,190.5,190.5,1780.0,1727684100.0,2024-09-30 13:45:00+05:30
190.5,191.0,190.5,190.9,2220.0,1727684400.0,2024-09-30 13:50:00+05:30
190.9,190.9,190.6,190.6,372.0,1727684700.0,2024-09-30 13:55:00+05:30
190.35,191.25,190.35,191.2,9512.0,1727685000.0,2024-09-30 14:00:00+05:30
191.15,194.6,191.15,193.75,78852.0,1727685300.0,2024-09-30 14:05:00+05:30
193.7,194.1,193.2,193.75,36088.0,1727685600.0,2024-09-30 14:10:00+05:30
193.75,194.1,193.5,193.75,13812.0,1727685900.0,2024-09-30 14:15:00+05:30
194.0,194.05,192.8,193.6,17832.0,1727686200.0,2024-09-30 14:20:00+05:30
193.75,194.1,193.3,194.1,14444.0,1727686500.0,2024-09-30 14:25:00+05:30
194.1,194.1,192.3,193.5,38152.0,1727686800.0,2024-09-30 14:30:00+05:30
193.75,193.9,193.55,193.9,9184.0,1727687100.0,2024-09-30 14:35:00+05:30
193.75,193.95,193.5,193.75,4664.0,1727687400.0,2024-09-30 14:40:00+05:30
193.6,193.95,193.5,193.75,8248.0,1727687700.0,2024-09-30 14:45:00+05:30
193.75,193.95,193.75,193.75,1664.0,1727688000.0,2024-09-30 14:50:00+05:30
193.75,193.95,193.5,193.75,22736.0,1727688300.0,2024-09-30 14:55:00+05:30
193.75,193.9,193.35,193.85,15032.0,1727688600.0,2024-09-30 15:00:00+05:30
193.85,194.0,193.5,193.9,16968.0,1727688900.0,2024-09-30 15:05:00+05:30
193.9,197.0,193.8,195.45,75200.0,1727689200.0,2024-09-30 15:10:00+05:30
195.9,195.9,195.25,195.75,17712.0,1727689500.0,2024-09-30 15:15:00+05:30
195.8,196.5,195.5,196.25,48328.0,1727689800.0,2024-09-30 15:20:00+05:30
196.3,197.0,196.25,197.0,18204.0,1727690100.0,2024-09-30 15:25:00+05:30
199.5,201.25,196.65,198.1,96856.0,1727754300.0,2024-10-01 09:15:00+05:30
198.75,198.75,195.75,196.55,49908.0,1727754600.0,2024-10-01 09:20:00+05:30
196.55,196.95,195.75,196.15,8164.0,1727754900.0,2024-10-01 09:25:00+05:30
195.75,198.4,195.75,197.75,24112.0,1727755200.0,2024-10-01 09:30:00+05:30
197.75,199.75,196.0,198.3,45432.0,1727755500.0,2024-10-01 09:35:00+05:30
199.05,199.5,196.6,197.3,26480.0,1727755800.0,2024-10-01 09:40:00+05:30
197.4,198.05,196.5,197.0,15096.0,1727756100.0,2024-10-01 09:45:00+05:30
197.2,198.55,196.75,197.0,6620.0,1727756400.0,2024-10-01 09:50:00+05:30
196.9,197.45,196.5,196.55,9720.0,1727756700.0,2024-10-01 09:55:00+05:30
196.3,196.5,195.95,196.1,2448.0,1727757000.0,2024-10-01 10:00:00+05:30
196.15,197.3,195.95,196.55,3912.0,1727757300.0,2024-10-01 10:05:00+05:30
196.6,197.0,196.5,196.5,1220.0,1727757600.0,2024-10-01 10:10:00+05:30
197.0,197.4,196.65,196.65,2216.0,1727757900.0,2024-10-01 10:15:00+05:30
196.3,197.0,196.25,196.45,1888.0,1727758200.0,2024-10-01 10:20:00+05:30
196.4,196.45,196.3,196.35,948.0,1727758500.0,2024-10-01 10:25:00+05:30
196.25,197.0,195.75,196.5,15188.0,1727758800.0,2024-10-01 10:30:00+05:30
196.5,196.9,196.5,196.6,956.0,1727759100.0,2024-10-01 10:35:00+05:30
196.9,198.0,196.55,196.7,6004.0,1727759400.0,2024-10-01 10:40:00+05:30
196.7,196.7,196.0,196.4,2444.0,1727759700.0,2024-10-01 10:45:00+05:30
196.0,197.0,196.0,196.45,2372.0,1727760000.0,2024-10-01 10:50:00+05:30
196.65,197.1,196.25,197.1,2532.0,1727760300.0,2024-10-01 10:55:00+05:30
197.1,197.25,196.65,196.7,1264.0,1727760600.0,2024-10-01 11:00:00+05:30
196.55,196.95,196.25,196.25,3484.0,1727760900.0,2024-10-01 11:05:00+05:30
196.55,197.1,196.05,196.7,4556.0,1727761200.0,2024-10-01 11:10:00+05:30
196.35,196.7,196.05,196.55,924.0,1727761500.0,2024-10-01 11:15:00+05:30
196.6,196.8,196.45,196.45,388.0,1727761800.0,2024-10-01 11:20:00+05:30
196.5,196.5,195.95,196.05,1616.0,1727762100.0,2024-10-01 11:25:00+05:30
196.05,196.45,195.75,196.4,3600.0,1727762400.0,2024-10-01 11:30:00+05:30
196.4,196.75,196.0,196.4,3240.0,1727762700.0,2024-10-01 11:35:00+05:30
196.4,197.05,195.75,196.5,11804.0,1727763000.0,2024-10-01 11:40:00+05:30
196.4,196.5,195.75,196.5,12596.0,1727763300.0,2024-10-01 11:45:00+05:30
196.5,197.05,196.3,196.75,1928.0,1727763600.0,2024-10-01 11:50:00+05:30
196.75,197.5,196.6,196.7,7192.0,1727763900.0,2024-10-01 11:55:00+05:30
196.7,197.1,196.3,196.6,8252.0,1727764200.0,2024-10-01 12:00:00+05:30
196.6,196.8,196.3,196.6,1792.0,1727764500.0,2024-10-01 12:05:00+05:30
196.6,196.65,196.3,196.3,448.0,1727764800.0,2024-10-01 12:10:00+05:30
196.3,196.75,196.3,196.6,760.0,1727765100.0,2024-10-01 12:15:00+05:30
196.6,196.95,196.25,196.3,2984.0,1727765400.0,2024-10-01 12:20:00+05:30
196.25,196.25,196.0,196.0,1468.0,1727765700.0,2024-10-01 12:25:00+05:30
195.9,196.25,195.9,196.0,200.0,1727766000.0,2024-10-01 12:30:00+05:30
196.15,196.15,196.0,196.0,408.0,1727766300.0,2024-10-01 12:35:00+05:30
196.0,196.35,196.0,196.0,3768.0,1727766600.0,2024-10-01 12:40:00+05:30
196.05,196.3,195.8,195.8,2112.0,1727766900.0,2024-10-01 12:45:00+05:30
195.9,196.5,195.75,196.45,4484.0,1727767200.0,2024-10-01 12:50:00+05:30
196.05,196.45,195.8,196.0,3484.0,1727767500.0,2024-10-01 12:55:00+05:30
196.45,196.45,196.05,196.05,1276.0,1727767800.0,2024-10-01 13:00:00+05:30
196.05,196.25,195.9,195.9,1600.0,1727768100.0,2024-10-01 13:05:00+05:30
195.9,196.45,195.8,196.25,3128.0,1727768400.0,2024-10-01 13:10:00+05:30
196.25,196.45,196.15,196.25,1740.0,1727768700.0,2024-10-01 13:15:00+05:30
196.3,196.9,195.9,196.3,8032.0,1727769000.0,2024-10-01 13:20:00+05:30
196.45,196.5,195.75,196.0,11196.0,1727769300.0,2024-10-01 13:25:00+05:30
196.0,196.1,195.75,195.8,4364.0,1727769600.0,2024-10-01 13:30:00+05:30
195.75,196.4,195.75,196.2,3996.0,1727769900.0,2024-10-01 13:35:00+05:30
196.2,196.25,195.85,196.25,1772.0,1727770200.0,2024-10-01 13:40:00+05:30
196.2,196.2,195.75,195.95,3272.0,1727770500.0,2024-10-01 13:45:00+05:30
195.95,196.15,195.8,195.95,364.0,1727770800.0,2024-10-01 13:50:00+05:30
195.95,196.2,195.75,196.2,3384.0,1727771100.0,2024-10-01 13:55:00+05:30
195.85,197.5,195.75,197.4,19668.0,1727771400.0,2024-10-01 14:00:00+05:30
197.7,197.75,196.85,196.85,2424.0,1727771700.0,2024-10-01 14:05:00+05:30
196.8,197.05,196.55,197.05,2164.0,1727772000.0,2024-10-01 14:10:00+05:30
197.6,197.6,196.6,196.9,2432.0,1727772300.0,2024-10-01 14:15:00+05:30
196.6,197.2,196.25,197.2,5060.0,1727772600.0,2024-10-01 14:20:00+05:30
197.2,197.2,196.0,196.65,6788.0,1727772900.0,2024-10-01 14:25:00+05:30
196.5,197.0,196.5,197.0,1388.0,1727773200.0,2024-10-01 14:30:00+05:30
197.0,197.2,196.75,196.95,2804.0,1727773500.0,2024-10-01 14:35:00+05:30
196.8,197.1,196.5,196.8,3008.0,1727773800.0,2024-10-01 14:40:00+05:30
196.95,196.95,196.55,196.65,1304.0,1727774100.0,2024-10-01 14:45:00+05:30
196.5,196.9,196.5,196.85,4092.0,1727774400.0,2024-10-01 14:50:00+05:30
196.5,197.45,196.5,196.9,5424.0,1727774700.0,2024-10-01 14:55:00+05:30
197.25,197.45,196.55,196.9,4992.0,1727775000.0,2024-10-01 15:00:00+05:30
196.85,196.85,196.55,196.75,2400.0,1727775300.0,2024-10-01 15:05:00+05:30
196.55,199.95,196.2,199.75,73240.0,1727775600.0,2024-10-01 15:10:00+05:30
199.75,199.75,197.35,198.3,22236.0,1727775900.0,2024-10-01 15:15:00+05:30
198.9,198.9,197.6,197.95,6048.0,1727776200.0,2024-10-01 15:20:00+05:30
197.5,200.25,195.8,200.0,91248.0,1727776500.0,2024-10-01 15:25:00+05:30
192.6,198.6,192.6,196.45,15316.0,1727927100.0,2024-10-03 09:15:00+05:30
196.45,197.75,196.45,197.6,6228.0,1727927400.0,2024-10-03 09:20:00+05:30
197.5,198.65,197.5,198.15,5660.0,1727927700.0,2024-10-03 09:25:00+05:30
197.5,199.2,197.5,198.25,11668.0,1727928000.0,2024-10-03 09:30:00+05:30
198.6,199.05,197.85,198.75,13220.0,1727928300.0,2024-10-03 09:35:00+05:30
198.85,199.25,198.25,198.75,1384.0,1727928600.0,2024-10-03 09:40:00+05:30
198.75,199.0,197.8,198.6,4904.0,1727928900.0,2024-10-03 09:45:00+05:30
198.25,198.75,197.75,198.35,8484.0,1727929200.0,2024-10-03 09:50:00+05:30
198.3,198.75,198.3,198.45,588.0,1727929500.0,2024-10-03 09:55:00+05:30
198.45,198.75,197.8,198.5,10536.0,1727929800.0,2024-10-03 10:00:00+05:30
198.1,198.25,197.8,198.25,5632.0,1727930100.0,2024-10-03 10:05:00+05:30
198.05,198.3,197.5,197.8,3908.0,1727930400.0,2024-10-03 10:10:00+05:30
197.8,197.8,196.8,196.9,5456.0,1727930700.0,2024-10-03 10:15:00+05:30
197.3,198.0,197.2,197.35,2036.0,1727931000.0,2024-10-03 10:20:00+05:30
197.7,198.5,197.5,197.5,4380.0,1727931300.0,2024-10-03 10:25:00+05:30
197.5,198.0,197.5,197.75,492.0,1727931600.0,2024-10-03 10:30:00+05:30
198.0,198.0,197.25,197.5,1632.0,1727931900.0,2024-10-03 10:35:00+05:30
197.5,197.75,197.25,197.25,5128.0,1727932200.0,2024-10-03 10:40:00+05:30
196.95,197.2,196.9,197.2,900.0,1727932500.0,2024-10-03 10:45:00+05:30
196.9,197.45,196.5,197.45,6852.0,1727932800.0,2024-10-03 10:50:00+05:30
197.25,197.35,196.9,196.9,732.0,1727933100.0,2024-10-03 10:55:00+05:30
196.95,197.0,196.3,196.9,3036.0,1727933400.0,2024-10-03 11:00:00+05:30
196.5,196.75,196.3,196.3,232.0,1727933700.0,2024-10-03 11:05:00+05:30
196.3,196.65,196.3,196.65,392.0,1727934000.0,2024-10-03 11:10:00+05:30
196.35,196.35,195.5,195.75,3356.0,1727934300.0,2024-10-03 11:15:00+05:30
195.75,195.75,195.05,195.05,1300.0,1727934600.0,2024-10-03 11:20:00+05:30
195.05,196.2,194.45,195.1,21696.0,1727934900.0,2024-10-03 11:25:00+05:30
194.95,195.1,194.35,194.35,4428.0,1727935200.0,2024-10-03 11:30:00+05:30
194.35,195.2,194.35,195.2,1488.0,1727935500.0,2024-10-03 11:35:00+05:30
195.2,195.25,194.4,195.2,1992.0,1727935800.0,2024-10-03 11:40:00+05:30
195.5,195.5,194.75,194.9,2080.0,1727936100.0,2024-10-03 11:45:00+05:30
194.6,194.8,194.3,194.7,1736.0,1727936400.0,2024-10-03 11:50:00+05:30
194.7,195.15,194.7,195.15,1412.0,1727936700.0,2024-10-03 11:55:00+05:30
195.35,195.35,195.25,195.25,1080.0,1727937000.0,2024-10-03 12:00:00+05:30
195.1,195.1,194.85,194.85,288.0,1727937300.0,2024-10-03 12:05:00+05:30
194.85,194.85,193.9,193.9,3716.0,1727937600.0,2024-10-03 12:10:00+05:30
193.9,194.4,193.9,194.4,84.0,1727937900.0,2024-10-03 12:15:00+05:30
194.4,194.4,193.75,193.75,964.0,1727938200.0,2024-10-03 12:20:00+05:30
194.0,194.25,193.75,194.25,1580.0,1727938500.0,2024-10-03 12:25:00+05:30
194.25,194.25,194.25,194.25,20.0,1727938800.0,2024-10-03 12:30:00+05:30
193.85,194.1,193.8,193.9,760.0,1727939100.0,2024-10-03 12:35:00+05:30
193.9,194.05,193.75,193.75,328.0,1727939400.0,2024-10-03 12:40:00+05:30
193.75,194.0,193.75,193.75,28.0,1727939700.0,2024-10-03 12:45:00+05:30
194.4,194.55,194.4,194.55,2188.0,1727940000.0,2024-10-03 12:50:00+05:30
194.55,194.6,194.1,194.45,1132.0,1727940300.0,2024-10-03 12:55:00+05:30
194.45,194.45,194.45,194.45,40.0,1727940600.0,2024-10-03 13:00:00+05:30
194.45,194.45,194.1,194.1,164.0,1727940900.0,2024-10-03 13:05:00+05:30
194.35,194.35,194.1,194.1,380.0,1727941200.0,2024-10-03 13:10:00+05:30
194.35,194.45,194.35,194.45,900.0,1727941500.0,2024-10-03 13:15:00+05:30
194.2,194.5,194.15,194.15,724.0,1727941800.0,2024-10-03 13:20:00+05:30
194.45,194.45,193.75,193.8,2644.0,1727942100.0,2024-10-03 13:25:00+05:30
193.75,194.1,193.75,193.8,896.0,1727942400.0,2024-10-03 13:30:00+05:30
193.8,194.05,193.75,194.05,976.0,1727942700.0,2024-10-03 13:35:00+05:30
193.75,194.1,193.75,193.75,1108.0,1727943000.0,2024-10-03 13:40:00+05:30
193.75,194.35,193.75,194.0,4564.0,1727943300.0,2024-10-03 13:45:00+05:30
194.0,194.0,193.75,193.75,348.0,1727943600.0,2024-10-03 13:50:00+05:30
193.8,194.7,193.75,194.7,7476.0,1727943900.0,2024-10-03 13:55:00+05:30
194.6,194.95,193.75,194.75,4884.0,1727944200.0,2024-10-03 14:00:00+05:30
194.05,194.05,193.8,193.8,920.0,1727944500.0,2024-10-03 14:05:00+05:30
193.8,194.4,193.8,194.4,516.0,1727944800.0,2024-10-03 14:10:00+05:30
194.4,196.2,193.8,195.8,12184.0,1727945100.0,2024-10-03 14:15:00+05:30
196.1,196.2,195.5,195.8,4736.0,1727945400.0,2024-10-03 14:20:00+05:30
195.8,195.8,195.1,195.1,748.0,1727945700.0,2024-10-03 14:25:00+05:30
194.95,195.7,194.75,195.7,652.0,1727946000.0,2024-10-03 14:30:00+05:30
195.7,196.2,195.05,195.05,1848.0,1727946300.0,2024-10-03 14:35:00+05:30
195.05,195.05,192.3,193.4,28184.0,1727946600.0,2024-10-03 14:40:00+05:30
193.3,193.55,192.75,193.55,3888.0,1727946900.0,2024-10-03 14:45:00+05:30
193.55,193.95,193.55,193.8,4024.0,1727947200.0,2024-10-03 14:50:00+05:30
193.8,193.8,193.25,193.75,7348.0,1727947500.0,2024-10-03 14:55:00+05:30
193.95,193.95,193.8,193.8,1240.0,1727947800.0,2024-10-03 15:00:00+05:30
193.8,194.2,193.75,193.75,4948.0,1727948100.0,2024-10-03 15:05:00+05:30
193.9,194.25,193.75,194.0,9292.0,1727948400.0,2024-10-03 15:10:00+05:30
193.75,194.0,193.75,194.0,8628.0,1727948700.0,2024-10-03 15:15:00+05:30
194.0,196.15,193.8,195.95,18960.0,1727949000.0,2024-10-03 15:20:00+05:30
195.5,199.0,194.2,196.5,29692.0,1727949300.0,2024-10-03 15:25:00+05:30
196.5,196.5,196.5,196.5,0.0,1727949600.0,2024-10-03 15:30:00+05:30
198.75,198.75,194.4,195.3,21276.0,1728013500.0,2024-10-04 09:15:00+05:30
194.6,196.2,194.1,195.2,12872.0,1728013800.0,2024-10-04 09:20:00+05:30
195.2,195.2,194.0,195.0,38728.0,1728014100.0,2024-10-04 09:25:00+05:30
194.8,195.95,194.4,195.95,11028.0,1728014400.0,2024-10-04 09:30:00+05:30
195.65,196.5,194.5,196.4,7496.0,1728014700.0,2024-10-04 09:35:00+05:30
196.3,196.8,196.3,196.7,1568.0,1728015000.0,2024-10-04 09:40:00+05:30
196.75,197.5,196.4,196.95,3636.0,1728015300.0,2024-10-04 09:45:00+05:30
197.0,203.75,197.0,201.7,146492.0,1728015600.0,2024-10-04 09:50:00+05:30
201.65,203.75,200.4,202.25,62988.0,1728015900.0,2024-10-04 09:55:00+05:30
202.2,202.25,200.5,201.0,25564.0,1728016200.0,2024-10-04 10:00:00+05:30
201.25,201.85,200.85,201.0,4860.0,1728016500.0,2024-10-04 10:05:00+05:30
201.05,201.3,200.75,201.0,4044.0,1728016800.0,2024-10-04 10:10:00+05:30
200.75,200.85,200.0,200.85,25048.0,1728017100.0,2024-10-04 10:15:00+05:30
200.75,200.75,200.5,200.75,7512.0,1728017400.0,2024-10-04 10:20:00+05:30
200.7,202.2,200.55,202.2,15968.0,1728017700.0,2024-10-04 10:25:00+05:30
202.2,203.25,201.95,203.25,48436.0,1728018000.0,2024-10-04 10:30:00+05:30
203.35,204.6,202.55,204.4,109892.0,1728018300.0,2024-10-04 10:35:00+05:30
204.4,205.0,203.8,204.4,62628.0,1728018600.0,2024-10-04 10:40:00+05:30
204.0,205.6,204.0,205.6,70560.0,1728018900.0,2024-10-04 10:45:00+05:30
206.0,207.0,204.0,206.65,76048.0,1728019200.0,2024-10-04 10:50:00+05:30
206.75,208.7,206.0,208.5,147448.0,1728019500.0,2024-10-04 10:55:00+05:30
208.0,210.0,207.5,208.65,160360.0,1728019800.0,2024-10-04 11:00:00+05:30
208.7,209.7,204.2,204.75,188188.0,1728020100.0,2024-10-04 11:05:00+05:30
205.0,206.25,204.7,204.7,53864.0,1728020400.0,2024-10-04 11:10:00+05:30
204.7,206.05,204.0,204.0,31120.0,1728020700.0,2024-10-04 11:15:00+05:30
204.35,204.7,203.5,204.35,25940.0,1728021000.0,2024-10-04 11:20:00+05:30
204.4,204.95,203.75,203.75,12052.0,1728021300.0,2024-10-04 11:25:00+05:30
203.75,203.95,202.5,203.7,38428.0,1728021600.0,2024-10-04 11:30:00+05:30
203.25,204.45,203.25,204.0,9240.0,1728021900.0,2024-10-04 11:35:00+05:30
204.2,207.0,204.0,205.95,61892.0,1728022200.0,2024-10-04 11:40:00+05:30
206.05,206.25,204.0,205.45,23784.0,1728022500.0,2024-10-04 11:45:00+05:30
205.25,205.25,204.55,204.75,7940.0,1728022800.0,2024-10-04 11:50:00+05:30
204.75,205.0,204.25,204.8,5504.0,1728023100.0,2024-10-04 11:55:00+05:30
204.8,205.0,204.25,204.7,11804.0,1728023400.0,2024-10-04 12:00:00+05:30
204.3,204.65,204.25,204.55,2964.0,1728023700.0,2024-10-04 12:05:00+05:30
204.55,205.0,204.3,205.0,18424.0,1728024000.0,2024-10-04 12:10:00+05:30
205.0,205.0,204.0,204.5,10364.0,1728024300.0,2024-10-04 12:15:00+05:30
204.75,204.75,204.0,204.45,5372.0,1728024600.0,2024-10-04 12:20:00+05:30
204.75,207.3,204.5,207.15,79152.0,1728024900.0,2024-10-04 12:25:00+05:30
206.75,207.65,206.5,207.05,28200.0,1728025200.0,2024-10-04 12:30:00+05:30
207.65,207.75,205.25,206.7,59960.0,1728025500.0,2024-10-04 12:35:00+05:30
206.8,207.5,205.1,205.8,20596.0,1728025800.0,2024-10-04 12:40:00+05:30
205.6,206.35,205.0,205.25,10540.0,1728026100.0,2024-10-04 12:45:00+05:30
205.25,205.95,205.0,205.25,10176.0,1728026400.0,2024-10-04 12:50:00+05:30
205.25,205.3,204.55,204.55,4792.0,1728026700.0,2024-10-04 12:55:00+05:30
204.8,204.8,202.7,203.05,28924.0,1728027000.0,2024-10-04 13:00:00+05:30
203.15,204.2,202.75,203.8,11528.0,1728027300.0,2024-10-04 13:05:00+05:30
204.15,204.25,203.6,203.8,5520.0,1728027600.0,2024-10-04 13:10:00+05:30
203.8,204.0,202.5,203.05,19044.0,1728027900.0,2024-10-04 13:15:00+05:30
203.25,203.25,201.65,202.0,27208.0,1728028200.0,2024-10-04 13:20:00+05:30
201.7,202.45,200.6,202.25,30640.0,1728028500.0,2024-10-04 13:25:00+05:30
202.25,202.4,201.3,201.9,12764.0,1728028800.0,2024-10-04 13:30:00+05:30
202.3,202.5,201.75,202.1,10180.0,1728029100.0,2024-10-04 13:35:00+05:30
201.8,201.95,200.65,201.5,7556.0,1728029400.0,2024-10-04 13:40:00+05:30
201.15,201.75,201.0,201.5,4164.0,1728029700.0,2024-10-04 13:45:00+05:30
201.5,202.25,201.5,202.05,3464.0,1728030000.0,2024-10-04 13:50:00+05:30
202.0,202.45,201.5,202.25,7268.0,1728030300.0,2024-10-04 13:55:00+05:30
202.35,202.45,201.75,202.45,4424.0,1728030600.0,2024-10-04 14:00:00+05:30
202.25,202.25,201.5,201.5,4556.0,1728030900.0,2024-10-04 14:05:00+05:30
201.5,201.5,200.8,201.1,5708.0,1728031200.0,2024-10-04 14:10:00+05:30
201.05,204.85,201.05,203.7,54860.0,1728031500.0,2024-10-04 14:15:00+05:30
203.95,205.0,203.6,203.85,33648.0,1728031800.0,2024-10-04 14:20:00+05:30
203.85,204.5,203.0,203.1,8776.0,1728032100.0,2024-10-04 14:25:00+05:30
203.25,203.7,202.65,203.45,6716.0,1728032400.0,2024-10-04 14:30:00+05:30
203.45,203.45,202.4,202.95,7192.0,1728032700.0,2024-10-04 14:35:00+05:30
202.4,202.95,201.75,201.8,12368.0,1728033000.0,2024-10-04 14:40:00+05:30
202.1,202.75,201.8,202.5,3972.0,1728033300.0,2024-10-04 14:45:00+05:30
203.0,203.0,201.75,202.05,10124.0,1728033600.0,2024-10-04 14:50:00+05:30
201.95,202.25,201.75,202.0,8908.0,1728033900.0,2024-10-04 14:55:00+05:30
202.0,202.25,200.8,201.0,8932.0,1728034200.0,2024-10-04 15:00:00+05:30
201.0,201.5,200.55,200.8,21872.0,1728034500.0,2024-10-04 15:05:00+05:30
200.75,200.85,200.3,200.75,18940.0,1728034800.0,2024-10-04 15:10:00+05:30
200.75,201.8,199.0,201.8,36232.0,1728035100.0,2024-10-04 15:15:00+05:30
202.0,203.0,200.3,201.3,25328.0,1728035400.0,2024-10-04 15:20:00+05:30
201.25,201.75,200.3,200.75,27660.0,1728035700.0,2024-10-04 15:25:00+05:30
201.9,201.9,196.5,197.95,34196.0,1728272700.0,2024-10-07 09:15:00+05:30
197.5,198.55,197.5,198.35,8804.0,1728273000.0,2024-10-07 09:20:00+05:30
198.35,198.35,196.9,197.1,9340.0,1728273300.0,2024-10-07 09:25:00+05:30
197.45,197.45,195.55,195.9,5748.0,1728273600.0,2024-10-07 09:30:00+05:30
195.9,197.25,195.55,196.25,8236.0,1728273900.0,2024-10-07 09:35:00+05:30
195.05,195.45,194.5,195.45,19872.0,1728274200.0,2024-10-07 09:40:00+05:30
195.5,195.75,194.95,195.0,5544.0,1728274500.0,2024-10-07 09:45:00+05:30
194.7,196.25,194.7,196.25,18024.0,1728274800.0,2024-10-07 09:50:00+05:30
196.65,196.65,195.5,196.2,2608.0,1728275100.0,2024-10-07 09:55:00+05:30
196.0,196.0,194.5,194.75,8040.0,1728275400.0,2024-10-07 10:00:00+05:30
194.75,195.2,194.4,195.1,9464.0,1728275700.0,2024-10-07 10:05:00+05:30
195.0,195.25,194.15,194.4,4720.0,1728276000.0,2024-10-07 10:10:00+05:30
194.7,195.65,194.7,195.65,4972.0,1728276300.0,2024-10-07 10:15:00+05:30
196.0,196.25,195.25,196.25,4804.0,1728276600.0,2024-10-07 10:20:00+05:30
196.25,196.25,195.8,195.8,2068.0,1728276900.0,2024-10-07 10:25:00+05:30
195.7,196.1,195.05,196.1,5572.0,1728277200.0,2024-10-07 10:30:00+05:30
196.2,196.2,195.25,195.7,2420.0,1728277500.0,2024-10-07 10:35:00+05:30
195.45,195.95,195.25,195.7,3020.0,1728277800.0,2024-10-07 10:40:00+05:30
195.4,195.9,195.25,195.25,9468.0,1728278100.0,2024-10-07 10:45:00+05:30
194.15,195.25,194.0,195.25,31060.0,1728278400.0,2024-10-07 10:50:00+05:30
195.6,195.7,194.9,195.25,5056.0,1728278700.0,2024-10-07 10:55:00+05:30
195.0,195.5,194.8,195.25,16552.0,1728279000.0,2024-10-07 11:00:00+05:30
195.25,195.6,194.9,195.45,61916.0,1728279300.0,2024-10-07 11:05:00+05:30
195.25,195.6,195.05,195.6,4200.0,1728279600.0,2024-10-07 11:10:00+05:30
195.5,196.25,195.5,196.25,1224.0,1728279900.0,2024-10-07 11:15:00+05:30
195.8,196.25,195.5,195.9,12020.0,1728280200.0,2024-10-07 11:20:00+05:30
196.3,197.0,196.3,197.0,3656.0,1728280500.0,2024-10-07 11:25:00+05:30
197.0,197.25,196.5,196.95,2260.0,1728280800.0,2024-10-07 11:30:00+05:30
196.95,196.95,196.55,196.95,336.0,1728281100.0,2024-10-07 11:35:00+05:30
196.95,196.95,195.55,195.55,5272.0,1728281400.0,2024-10-07 11:40:00+05:30
195.8,196.0,195.65,195.75,3308.0,1728281700.0,2024-10-07 11:45:00+05:30
195.75,196.75,195.75,196.2,6328.0,1728282000.0,2024-10-07 11:50:00+05:30
196.2,196.55,196.2,196.45,72.0,1728282300.0,2024-10-07 11:55:00+05:30
196.45,196.45,195.8,195.8,2600.0,1728282600.0,2024-10-07 12:00:00+05:30
195.8,196.2,195.8,195.95,1132.0,1728282900.0,2024-10-07 12:05:00+05:30
195.95,196.4,195.95,196.4,76.0,1728283200.0,2024-10-07 12:10:00+05:30
196.4,196.4,195.9,196.0,356.0,1728283500.0,2024-10-07 12:15:00+05:30
196.45,196.45,195.9,195.9,7136.0,1728283800.0,2024-10-07 12:20:00+05:30
196.25,196.25,195.85,195.85,192.0,1728284100.0,2024-10-07 12:25:00+05:30
195.8,196.1,195.8,196.1,84.0,1728284400.0,2024-10-07 12:30:00+05:30
196.1,196.15,195.8,196.15,56.0,1728284700.0,2024-10-07 12:35:00+05:30
196.15,196.15,196.15,196.15,400.0,1728285000.0,2024-10-07 12:40:00+05:30
195.8,196.0,195.3,196.0,6996.0,1728285300.0,2024-10-07 12:45:00+05:30
195.75,195.75,195.5,195.7,244.0,1728285600.0,2024-10-07 12:50:00+05:30
195.5,195.85,195.5,195.5,580.0,1728285900.0,2024-10-07 12:55:00+05:30
195.5,195.5,195.3,195.3,2340.0,1728286200.0,2024-10-07 13:00:00+05:30
195.3,195.7,195.2,195.7,628.0,1728286500.0,2024-10-07 13:05:00+05:30
195.3,195.5,195.05,195.05,2512.0,1728286800.0,2024-10-07 13:10:00+05:30
195.05,196.0,195.0,195.7,11272.0,1728287100.0,2024-10-07 13:15:00+05:30
195.7,195.7,195.25,195.25,1204.0,1728287400.0,2024-10-07 13:20:00+05:30
195.25,195.7,195.0,195.25,2204.0,1728287700.0,2024-10-07 13:25:00+05:30
195.25,195.4,195.0,195.0,908.0,1728288000.0,2024-10-07 13:30:00+05:30
195.0,195.5,195.0,195.5,7052.0,1728288300.0,2024-10-07 13:35:00+05:30
195.15,195.25,195.0,195.0,7852.0,1728288600.0,2024-10-07 13:40:00+05:30
195.0,195.45,195.0,195.25,10920.0,1728288900.0,2024-10-07 13:45:00+05:30
195.25,195.25,195.0,195.25,432.0,1728289200.0,2024-10-07 13:50:00+05:30
195.25,195.7,195.2,195.6,1268.0,1728289500.0,2024-10-07 13:55:00+05:30
195.7,196.05,195.3,195.55,4432.0,1728289800.0,2024-10-07 14:00:00+05:30
195.5,195.7,195.4,195.7,1272.0,1728290100.0,2024-10-07 14:05:00+05:30
195.7,196.1,195.65,195.65,1336.0,1728290400.0,2024-10-07 14:10:00+05:30
195.65,196.0,195.4,196.0,1388.0,1728290700.0,2024-10-07 14:15:00+05:30
196.0,196.05,195.5,195.85,2436.0,1728291000.0,2024-10-07 14:20:00+05:30
195.2,195.45,195.0,195.3,11236.0,1728291300.0,2024-10-07 14:25:00+05:30
195.3,195.3,195.0,195.3,356.0,1728291600.0,2024-10-07 14:30:00+05:30
195.25,195.25,195.05,195.1,2344.0,1728291900.0,2024-10-07 14:35:00+05:30
195.1,195.25,195.1,195.1,1160.0,1728292200.0,2024-10-07 14:40:00+05:30
195.2,195.25,195.1,195.25,1012.0,1728292500.0,2024-10-07 14:45:00+05:30
195.0,195.65,195.0,195.25,7396.0,1728292800.0,2024-10-07 14:50:00+05:30
195.25,195.45,195.25,195.25,1260.0,1728293100.0,2024-10-07 14:55:00+05:30
195.3,195.3,195.2,195.25,4236.0,1728293400.0,2024-10-07 15:00:00+05:30
195.25,195.4,195.05,195.3,15704.0,1728293700.0,2024-10-07 15:05:00+05:30
195.3,195.3,195.0,195.25,28640.0,1728294000.0,2024-10-07 15:10:00+05:30
195.8,195.8,190.75,191.65,47000.0,1728294300.0,2024-10-07 15:15:00+05:30
191.95,191.95,190.75,191.5,12992.0,1728294600.0,2024-10-07 15:20:00+05:30
191.5,196.15,191.5,195.25,44000.0,1728294900.0,2024-10-07 15:25:00+05:30
195.25,195.25,195.25,195.25,0.0,1728295200.0,2024-10-07 15:30:00+05:30
194.0,195.2,193.0,194.75,5124.0,1728359100.0,2024-10-08 09:15:00+05:30
194.4,194.6,193.0,193.95,6804.0,1728359400.0,2024-10-08 09:20:00+05:30
194.7,195.0,192.55,192.55,5292.0,1728359700.0,2024-10-08 09:25:00+05:30
192.95,195.7,192.75,194.65,16396.0,1728360000.0,2024-10-08 09:30:00+05:30
194.75,194.75,194.0,194.6,7936.0,1728360300.0,2024-10-08 09:35:00+05:30
194.6,194.6,193.75,194.4,3240.0,1728360600.0,2024-10-08 09:40:00+05:30
194.5,196.25,194.45,196.2,8708.0,1728360900.0,2024-10-08 09:45:00+05:30
196.5,196.7,195.4,195.6,4412.0,1728361200.0,2024-10-08 09:50:00+05:30
196.0,196.45,195.8,196.15,2056.0,1728361500.0,2024-10-08 09:55:00+05:30
195.85,196.25,195.0,195.4,3424.0,1728361800.0,2024-10-08 10:00:00+05:30
195.35,195.5,195.1,195.25,1300.0,1728362100.0,2024-10-08 10:05:00+05:30
195.45,195.95,195.1,195.6,1676.0,1728362400.0,2024-10-08 10:10:00+05:30
195.95,195.95,195.6,195.9,612.0,1728362700.0,2024-10-08 10:15:00+05:30
195.85,195.85,195.4,195.6,812.0,1728363000.0,2024-10-08 10:20:00+05:30
195.3,196.0,195.2,195.8,3264.0,1728363300.0,2024-10-08 10:25:00+05:30
195.8,196.1,195.8,196.1,816.0,1728363600.0,2024-10-08 10:30:00+05:30
196.1,197.0,196.1,196.5,6036.0,1728363900.0,2024-10-08 10:35:00+05:30
196.75,197.3,196.5,197.05,5436.0,1728364200.0,2024-10-08 10:40:00+05:30
197.05,197.05,196.6,196.6,956.0,1728364500.0,2024-10-08 10:45:00+05:30
196.95,196.95,196.25,196.25,600.0,1728364800.0,2024-10-08 10:50:00+05:30
196.25,198.5,196.25,197.8,40088.0,1728365100.0,2024-10-08 10:55:00+05:30
197.8,198.0,197.55,197.8,532.0,1728365400.0,2024-10-08 11:00:00+05:30
197.8,198.0,197.5,198.0,1476.0,1728365700.0,2024-10-08 11:05:00+05:30
197.9,198.6,197.9,198.2,4232.0,1728366000.0,2024-10-08 11:10:00+05:30
198.4,198.9,198.4,198.85,1788.0,1728366300.0,2024-10-08 11:15:00+05:30
198.8,198.85,197.55,198.4,5044.0,1728366600.0,2024-10-08 11:20:00+05:30
198.1,198.3,197.7,197.7,2140.0,1728366900.0,2024-10-08 11:25:00+05:30
197.9,198.1,197.9,197.9,6704.0,1728367200.0,2024-10-08 11:30:00+05:30
197.65,198.15,197.6,197.7,2892.0,1728367500.0,2024-10-08 11:35:00+05:30
197.45,197.75,197.25,197.25,2288.0,1728367800.0,2024-10-08 11:40:00+05:30
197.3,198.0,197.3,197.75,3012.0,1728368100.0,2024-10-08 11:45:00+05:30
197.6,197.85,197.4,197.7,2688.0,1728368400.0,2024-10-08 11:50:00+05:30
197.7,197.7,197.25,197.4,2376.0,1728368700.0,2024-10-08 11:55:00+05:30
197.0,197.4,196.9,197.4,2204.0,1728369000.0,2024-10-08 12:00:00+05:30
197.4,197.4,196.9,196.9,336.0,1728369300.0,2024-10-08 12:05:00+05:30
197.2,197.25,196.9,197.15,1092.0,1728369600.0,2024-10-08 12:10:00+05:30
197.15,197.4,196.9,197.05,3776.0,1728369900.0,2024-10-08 12:15:00+05:30
197.05,198.5,196.9,198.0,30316.0,1728370200.0,2024-10-08 12:20:00+05:30
198.25,198.25,197.9,198.25,1844.0,1728370500.0,2024-10-08 12:25:00+05:30
198.25,198.4,197.9,198.25,2720.0,1728370800.0,2024-10-08 12:30:00+05:30
198.25,198.25,197.95,197.95,16.0,1728371100.0,2024-10-08 12:35:00+05:30
197.95,198.05,197.9,198.05,416.0,1728371400.0,2024-10-08 12:40:00+05:30
197.8,197.8,197.5,197.5,296.0,1728371700.0,2024-10-08 12:45:00+05:30
197.75,197.75,197.45,197.45,520.0,1728372000.0,2024-10-08 12:50:00+05:30
197.5,197.85,197.5,197.85,108.0,1728372300.0,2024-10-08 12:55:00+05:30
197.85,198.35,197.75,198.35,1244.0,1728372600.0,2024-10-08 13:00:00+05:30
198.4,198.5,197.45,197.8,5448.0,1728372900.0,2024-10-08 13:05:00+05:30
198.35,198.35,197.75,198.05,2228.0,1728373200.0,2024-10-08 13:10:00+05:30
198.05,198.05,197.95,198.05,128.0,1728373500.0,2024-10-08 13:15:00+05:30
197.65,197.85,197.5,197.7,1188.0,1728373800.0,2024-10-08 13:20:00+05:30
197.7,198.05,197.7,197.75,184.0,1728374100.0,2024-10-08 13:25:00+05:30
197.55,198.35,197.55,198.35,2132.0,1728374400.0,2024-10-08 13:30:00+05:30
198.35,198.35,198.2,198.2,52.0,1728374700.0,2024-10-08 13:35:00+05:30
198.2,198.2,197.75,197.75,732.0,1728375000.0,2024-10-08 13:40:00+05:30
197.85,198.2,197.5,197.5,984.0,1728375300.0,2024-10-08 13:45:00+05:30
197.7,197.75,197.4,197.4,152.0,1728375600.0,2024-10-08 13:50:00+05:30
197.0,197.5,197.0,197.5,1204.0,1728375900.0,2024-10-08 13:55:00+05:30
197.5,197.5,197.2,197.2,660.0,1728376200.0,2024-10-08 14:00:00+05:30
197.45,197.45,197.45,197.45,24.0,1728376500.0,2024-10-08 14:05:00+05:30
197.15,197.35,197.15,197.15,504.0,1728376800.0,2024-10-08 14:10:00+05:30
197.15,197.85,197.0,197.0,2100.0,1728377100.0,2024-10-08 14:15:00+05:30
197.0,197.35,197.0,197.3,1292.0,1728377400.0,2024-10-08 14:20:00+05:30
197.3,197.5,197.3,197.45,172.0,1728377700.0,2024-10-08 14:25:00+05:30
197.45,197.45,197.05,197.2,3760.0,1728378000.0,2024-10-08 14:30:00+05:30
197.2,197.2,196.25,196.25,3340.0,1728378300.0,2024-10-08 14:35:00+05:30
196.0,196.15,195.3,195.9,6712.0,1728378600.0,2024-10-08 14:40:00+05:30
196.05,196.65,196.0,196.4,2784.0,1728378900.0,2024-10-08 14:45:00+05:30
196.3,196.5,195.5,195.5,4944.0,1728379200.0,2024-10-08 14:50:00+05:30
195.5,195.5,195.0,195.4,8732.0,1728379500.0,2024-10-08 14:55:00+05:30
195.5,196.7,195.5,196.3,3396.0,1728379800.0,2024-10-08 15:00:00+05:30
196.15,196.55,195.75,196.45,1408.0,1728380100.0,2024-10-08 15:05:00+05:30
196.1,196.45,196.1,196.45,1220.0,1728380400.0,2024-10-08 15:10:00+05:30
196.45,198.55,196.45,198.1,49780.0,1728380700.0,2024-10-08 15:15:00+05:30
198.1,198.85,196.2,197.95,20640.0,1728381000.0,2024-10-08 15:20:00+05:30
197.95,199.5,197.0,198.75,13780.0,1728381300.0,2024-10-08 15:25:00+05:30
198.75,198.75,198.75,198.75,0.0,1728381600.0,2024-10-08 15:30:00+05:30
199.7,208.25,199.7,202.35,47740.0,1728445500.0,2024-10-09 09:15:00+05:30
202.25,203.75,202.25,202.5,26972.0,1728445800.0,2024-10-09 09:20:00+05:30
202.25,202.85,201.75,201.9,12664.0,1728446100.0,2024-10-09 09:25:00+05:30
202.5,202.5,201.5,201.9,8324.0,1728446400.0,2024-10-09 09:30:00+05:30
202.0,202.3,201.7,202.0,3404.0,1728446700.0,2024-10-09 09:35:00+05:30
202.0,202.5,202.0,202.25,2100.0,1728447000.0,2024-10-09 09:40:00+05:30
202.5,202.5,201.65,202.2,2976.0,1728447300.0,2024-10-09 09:45:00+05:30
201.8,202.5,201.8,202.5,6984.0,1728447600.0,2024-10-09 09:50:00+05:30
202.5,203.1,202.0,202.0,17828.0,1728447900.0,2024-10-09 09:55:00+05:30
202.0,202.2,201.9,201.9,724.0,1728448200.0,2024-10-09 10:00:00+05:30
201.8,202.1,201.05,201.05,20680.0,1728448500.0,2024-10-09 10:05:00+05:30
201.25,201.85,200.75,201.0,23396.0,1728448800.0,2024-10-09 10:10:00+05:30
201.0,201.0,200.75,200.95,2736.0,1728449100.0,2024-10-09 10:15:00+05:30
200.95,201.0,200.0,200.0,5188.0,1728449400.0,2024-10-09 10:20:00+05:30
200.0,200.3,198.9,199.1,9564.0,1728449700.0,2024-10-09 10:25:00+05:30
199.75,200.25,199.4,200.25,4276.0,1728450000.0,2024-10-09 10:30:00+05:30
200.3,200.75,200.2,200.4,2844.0,1728450300.0,2024-10-09 10:35:00+05:30
200.4,200.7,200.0,200.0,1516.0,1728450600.0,2024-10-09 10:40:00+05:30
200.4,200.4,200.25,200.3,240.0,1728450900.0,2024-10-09 10:45:00+05:30
200.3,200.6,199.0,199.75,5072.0,1728451200.0,2024-10-09 10:50:00+05:30
199.4,199.6,198.6,198.75,9844.0,1728451500.0,2024-10-09 10:55:00+05:30
198.6,199.6,198.6,198.95,1528.0,1728451800.0,2024-10-09 11:00:00+05:30
198.95,199.15,198.5,198.5,1804.0,1728452100.0,2024-10-09 11:05:00+05:30
198.7,198.95,198.7,198.95,896.0,1728452400.0,2024-10-09 11:10:00+05:30
198.95,198.95,198.0,198.55,3432.0,1728452700.0,2024-10-09 11:15:00+05:30
198.25,198.85,198.25,198.85,4024.0,1728453000.0,2024-10-09 11:20:00+05:30
198.85,198.85,198.7,198.7,424.0,1728453300.0,2024-10-09 11:25:00+05:30
198.5,198.5,197.0,197.3,6492.0,1728453600.0,2024-10-09 11:30:00+05:30
197.3,197.3,197.0,197.0,1080.0,1728453900.0,2024-10-09 11:35:00+05:30
197.0,197.3,196.8,197.25,1112.0,1728454200.0,2024-10-09 11:40:00+05:30
196.8,197.2,195.6,196.15,11000.0,1728454500.0,2024-10-09 11:45:00+05:30
196.6,196.85,196.4,196.7,1188.0,1728454800.0,2024-10-09 11:50:00+05:30
196.7,197.6,196.5,197.45,7752.0,1728455100.0,2024-10-09 11:55:00+05:30
197.7,197.7,197.2,197.25,468.0,1728455400.0,2024-10-09 12:00:00+05:30
197.25,197.6,197.25,197.6,1504.0,1728455700.0,2024-10-09 12:05:00+05:30
197.6,197.6,197.6,197.6,124.0,1728456000.0,2024-10-09 12:10:00+05:30
197.6,197.6,197.25,197.55,1220.0,1728456300.0,2024-10-09 12:15:00+05:30
197.55,197.55,197.25,197.5,968.0,1728456600.0,2024-10-09 12:20:00+05:30
197.6,198.2,197.6,198.1,1132.0,1728456900.0,2024-10-09 12:25:00+05:30
198.1,198.1,197.7,197.7,900.0,1728457200.0,2024-10-09 12:30:00+05:30
198.1,198.7,197.85,198.45,2000.0,1728457500.0,2024-10-09 12:35:00+05:30
198.7,198.7,198.05,198.05,596.0,1728457800.0,2024-10-09 12:40:00+05:30
198.25,198.25,198.0,198.0,1284.0,1728458100.0,2024-10-09 12:45:00+05:30
198.0,198.4,198.0,198.4,568.0,1728458400.0,2024-10-09 12:50:00+05:30
198.25,198.25,197.2,197.5,8912.0,1728458700.0,2024-10-09 12:55:00+05:30
197.5,198.2,197.5,198.2,1548.0,1728459000.0,2024-10-09 13:00:00+05:30
198.25,198.25,197.55,197.55,724.0,1728459300.0,2024-10-09 13:05:00+05:30
197.45,197.45,196.8,196.8,3360.0,1728459600.0,2024-10-09 13:10:00+05:30
196.8,197.45,196.8,197.45,984.0,1728459900.0,2024-10-09 13:15:00+05:30
197.15,197.15,196.75,196.85,292.0,1728460200.0,2024-10-09 13:20:00+05:30
196.85,196.9,196.5,196.5,160.0,1728460500.0,2024-10-09 13:25:00+05:30
196.5,197.1,196.4,197.1,1052.0,1728460800.0,2024-10-09 13:30:00+05:30
197.1,197.1,196.75,197.0,808.0,1728461100.0,2024-10-09 13:35:00+05:30
197.0,197.25,196.75,197.25,1756.0,1728461400.0,2024-10-09 13:40:00+05:30
196.8,196.8,196.8,196.8,400.0,1728461700.0,2024-10-09 13:45:00+05:30
196.8,197.1,196.7,197.05,384.0,1728462000.0,2024-10-09 13:50:00+05:30
197.05,197.05,196.7,196.7,32.0,1728462300.0,2024-10-09 13:55:00+05:30
196.7,197.2,196.7,197.05,600.0,1728462600.0,2024-10-09 14:00:00+05:30
196.8,196.8,196.4,196.4,364.0,1728462900.0,2024-10-09 14:05:00+05:30
196.4,196.6,196.4,196.6,20.0,1728463200.0,2024-10-09 14:10:00+05:30
196.6,196.6,196.2,196.25,3752.0,1728463500.0,2024-10-09 14:15:00+05:30
196.25,196.25,195.8,196.15,1840.0,1728463800.0,2024-10-09 14:20:00+05:30
196.15,196.6,196.15,196.6,1144.0,1728464100.0,2024-10-09 14:25:00+05:30
196.5,196.6,196.3,196.3,1552.0,1728464400.0,2024-10-09 14:30:00+05:30
196.6,196.9,196.5,196.7,1260.0,1728464700.0,2024-10-09 14:35:00+05:30
196.7,196.7,196.4,196.4,128.0,1728465000.0,2024-10-09 14:40:00+05:30
196.4,197.5,196.15,197.0,6908.0,1728465300.0,2024-10-09 14:45:00+05:30
196.75,196.95,196.75,196.75,424.0,1728465600.0,2024-10-09 14:50:00+05:30
196.75,197.0,196.75,196.75,916.0,1728465900.0,2024-10-09 14:55:00+05:30
197.0,197.0,196.15,196.35,2208.0,1728466200.0,2024-10-09 15:00:00+05:30
196.5,197.0,195.8,197.0,5600.0,1728466500.0,2024-10-09 15:05:00+05:30
196.4,196.7,194.7,195.25,25372.0,1728466800.0,2024-10-09 15:10:00+05:30
195.0,196.45,194.9,196.45,13160.0,1728467100.0,2024-10-09 15:15:00+05:30
196.45,200.55,196.45,200.55,57316.0,1728467400.0,2024-10-09 15:20:00+05:30
200.8,202.5,199.0,202.5,33832.0,1728467700.0,2024-10-09 15:25:00+05:30
202.5,202.5,202.5,202.5,0.0,1728468000.0,2024-10-09 15:30:00+05:30
200.0,203.2,199.8,200.8,13688.0,1728531900.0,2024-10-10 09:15:00+05:30
201.35,201.65,201.05,201.5,2280.0,1728532200.0,2024-10-10 09:20:00+05:30
201.25,201.65,200.25,200.4,4680.0,1728532500.0,2024-10-10 09:25:00+05:30
200.4,200.4,199.8,199.8,5976.0,1728532800.0,2024-10-10 09:30:00+05:30
199.95,200.35,199.45,200.35,2612.0,1728533100.0,2024-10-10 09:35:00+05:30
200.25,200.3,200.0,200.3,1120.0,1728533400.0,2024-10-10 09:40:00+05:30
200.3,200.5,200.1,200.2,676.0,1728533700.0,2024-10-10 09:45:00+05:30
200.2,202.1,200.2,200.4,6756.0,1728534000.0,2024-10-10 09:50:00+05:30
200.4,200.9,200.4,200.9,4.0,1728534300.0,2024-10-10 09:55:00+05:30
200.6,201.05,200.6,200.6,504.0,1728534600.0,2024-10-10 10:00:00+05:30
200.6,201.3,200.6,200.65,1052.0,1728534900.0,2024-10-10 10:05:00+05:30
201.1,201.15,200.65,200.65,1260.0,1728535200.0,2024-10-10 10:10:00+05:30
200.95,201.25,200.95,201.25,84.0,1728535500.0,2024-10-10 10:15:00+05:30
201.35,201.35,200.8,200.8,180.0,1728535800.0,2024-10-10 10:20:00+05:30
201.05,201.2,200.8,200.8,308.0,1728536100.0,2024-10-10 10:25:00+05:30
200.65,200.65,200.25,200.25,1192.0,1728536400.0,2024-10-10 10:30:00+05:30
200.65,200.9,200.2,200.6,2164.0,1728536700.0,2024-10-10 10:35:00+05:30
200.6,200.6,199.8,199.8,3292.0,1728537000.0,2024-10-10 10:40:00+05:30
199.8,199.8,199.45,199.45,184.0,1728537300.0,2024-10-10 10:45:00+05:30
199.45,200.0,199.45,200.0,1088.0,1728537600.0,2024-10-10 10:50:00+05:30
199.9,199.9,199.5,199.8,292.0,1728537900.0,2024-10-10 10:55:00+05:30
199.8,199.8,199.5,199.8,936.0,1728538200.0,2024-10-10 11:00:00+05:30
199.65,199.75,199.35,199.35,1552.0,1728538500.0,2024-10-10 11:05:00+05:30
199.35,199.65,199.3,199.3,128.0,1728538800.0,2024-10-10 11:10:00+05:30
199.3,201.05,199.3,201.05,5748.0,1728539100.0,2024-10-10 11:15:00+05:30
201.25,201.85,201.25,201.5,3416.0,1728539400.0,2024-10-10 11:20:00+05:30
201.5,202.5,201.5,202.15,8032.0,1728539700.0,2024-10-10 11:25:00+05:30
202.15,202.5,201.9,202.4,9096.0,1728540000.0,2024-10-10 11:30:00+05:30
202.4,203.75,201.75,202.6,17600.0,1728540300.0,2024-10-10 11:35:00+05:30
202.6,202.85,202.5,202.7,4844.0,1728540600.0,2024-10-10 11:40:00+05:30
203.75,203.75,202.5,202.55,10640.0,1728540900.0,2024-10-10 11:45:00+05:30
202.8,202.9,202.7,202.7,336.0,1728541200.0,2024-10-10 11:50:00+05:30
202.7,202.85,202.5,202.5,1456.0,1728541500.0,2024-10-10 11:55:00+05:30
202.6,202.95,202.5,202.95,556.0,1728541800.0,2024-10-10 12:00:00+05:30
202.75,202.95,202.75,202.8,1808.0,1728542100.0,2024-10-10 12:05:00+05:30
202.8,202.95,202.75,202.95,1864.0,1728542400.0,2024-10-10 12:10:00+05:30
202.9,203.7,202.9,203.65,4004.0,1728542700.0,2024-10-10 12:15:00+05:30
203.65,203.75,203.45,203.45,4264.0,1728543000.0,2024-10-10 12:20:00+05:30
203.45,203.45,203.2,203.2,1460.0,1728543300.0,2024-10-10 12:25:00+05:30
203.2,203.25,203.05,203.25,912.0,1728543600.0,2024-10-10 12:30:00+05:30
203.25,203.25,202.55,203.2,7392.0,1728543900.0,2024-10-10 12:35:00+05:30
203.2,203.2,202.8,203.1,1316.0,1728544200.0,2024-10-10 12:40:00+05:30
203.15,203.3,202.95,203.3,1916.0,1728544500.0,2024-10-10 12:45:00+05:30
203.3,203.3,203.05,203.3,1260.0,1728544800.0,2024-10-10 12:50:00+05:30
203.3,203.4,203.05,203.35,924.0,1728545100.0,2024-10-10 12:55:00+05:30
203.35,203.75,203.1,203.75,1784.0,1728545400.0,2024-10-10 13:00:00+05:30
203.75,203.75,203.25,203.5,1680.0,1728545700.0,2024-10-10 13:05:00+05:30
203.5,203.5,203.3,203.5,1472.0,1728546000.0,2024-10-10 13:10:00+05:30
203.5,203.5,203.25,203.5,1524.0,1728546300.0,2024-10-10 13:15:00+05:30
203.5,203.5,203.3,203.5,2052.0,1728546600.0,2024-10-10 13:20:00+05:30
203.5,203.75,203.3,203.55,5052.0,1728546900.0,2024-10-10 13:25:00+05:30
203.6,203.7,203.3,203.7,1124.0,1728547200.0,2024-10-10 13:30:00+05:30
203.4,205.4,203.4,205.4,29600.0,1728547500.0,2024-10-10 13:35:00+05:30
205.05,206.0,205.05,205.65,6204.0,1728547800.0,2024-10-10 13:40:00+05:30
205.7,206.25,205.2,205.3,9268.0,1728548100.0,2024-10-10 13:45:00+05:30
205.65,205.75,203.7,204.6,13584.0,1728548400.0,2024-10-10 13:50:00+05:30
204.6,204.6,204.15,204.6,1804.0,1728548700.0,2024-10-10 13:55:00+05:30
204.6,204.85,204.3,204.85,1880.0,1728549000.0,2024-10-10 14:00:00+05:30
204.85,205.05,204.5,205.0,3976.0,1728549300.0,2024-10-10 14:05:00+05:30
204.85,204.95,204.0,204.75,6396.0,1728549600.0,2024-10-10 14:10:00+05:30
204.75,204.8,204.3,204.6,1400.0,1728549900.0,2024-10-10 14:15:00+05:30
204.7,204.7,204.05,204.65,1628.0,1728550200.0,2024-10-10 14:20:00+05:30
204.7,204.85,204.25,204.25,2300.0,1728550500.0,2024-10-10 14:25:00+05:30
204.6,204.95,204.25,204.85,2168.0,1728550800.0,2024-10-10 14:30:00+05:30
204.75,205.0,204.45,204.7,3140.0,1728551100.0,2024-10-10 14:35:00+05:30
204.5,205.0,204.3,204.6,5092.0,1728551400.0,2024-10-10 14:40:00+05:30
204.7,204.9,204.6,204.9,840.0,1728551700.0,2024-10-10 14:45:00+05:30
204.75,204.85,204.4,204.8,4408.0,1728552000.0,2024-10-10 14:50:00+05:30
204.85,204.95,204.6,204.95,1564.0,1728552300.0,2024-10-10 14:55:00+05:30
204.75,205.35,204.5,205.2,12000.0,1728552600.0,2024-10-10 15:00:00+05:30
205.35,207.2,205.05,206.25,26792.0,1728552900.0,2024-10-10 15:05:00+05:30
206.25,206.5,205.0,206.5,11056.0,1728553200.0,2024-10-10 15:10:00+05:30
206.25,206.9,206.0,206.75,20668.0,1728553500.0,2024-10-10 15:15:00+05:30
206.8,210.5,206.75,210.3,83276.0,1728553800.0,2024-10-10 15:20:00+05:30
210.5,211.25,210.1,210.25,35052.0,1728554100.0,2024-10-10 15:25:00+05:30
210.25,210.25,210.25,210.25,0.0,1728554400.0,2024-10-10 15:30:00+05:30
210.0,210.55,206.55,207.5,16532.0,1728618300.0,2024-10-11 09:15:00+05:30
207.1,208.4,206.8,207.95,4344.0,1728618600.0,2024-10-11 09:20:00+05:30
207.75,207.9,206.2,206.2,6660.0,1728618900.0,2024-10-11 09:25:00+05:30
206.2,206.6,205.55,206.3,5016.0,1728619200.0,2024-10-11 09:30:00+05:30
206.1,206.2,205.7,205.7,4780.0,1728619500.0,2024-10-11 09:35:00+05:30
205.7,206.35,205.7,206.35,876.0,1728619800.0,2024-10-11 09:40:00+05:30
206.35,206.35,206.35,206.35,200.0,1728620100.0,2024-10-11 09:45:00+05:30
206.35,207.05,206.1,207.05,596.0,1728620400.0,2024-10-11 09:50:00+05:30
207.05,207.25,206.65,206.65,1048.0,1728620700.0,2024-10-11 09:55:00+05:30
207.0,207.05,207.0,207.0,104.0,1728621000.0,2024-10-11 10:00:00+05:30
207.0,207.0,206.25,206.25,1428.0,1728621300.0,2024-10-11 10:05:00+05:30
206.25,206.55,206.15,206.35,1024.0,1728621600.0,2024-10-11 10:10:00+05:30
206.35,206.35,206.15,206.3,176.0,1728621900.0,2024-10-11 10:15:00+05:30
206.3,206.3,205.85,205.85,1364.0,1728622200.0,2024-10-11 10:20:00+05:30
206.25,206.95,205.85,206.9,4108.0,1728622500.0,2024-10-11 10:25:00+05:30
207.5,208.55,207.0,208.0,8020.0,1728622800.0,2024-10-11 10:30:00+05:30
208.2,208.55,207.0,207.3,1108.0,1728623100.0,2024-10-11 10:35:00+05:30
207.3,208.5,207.3,207.8,14628.0,1728623400.0,2024-10-11 10:40:00+05:30
208.25,208.45,207.6,207.65,2048.0,1728623700.0,2024-10-11 10:45:00+05:30
207.75,207.9,207.5,207.9,972.0,1728624000.0,2024-10-11 10:50:00+05:30
207.9,207.9,207.2,207.2,1216.0,1728624300.0,2024-10-11 10:55:00+05:30
206.75,207.0,206.4,206.7,1648.0,1728624600.0,2024-10-11 11:00:00+05:30
206.75,206.85,206.4,206.45,848.0,1728624900.0,2024-10-11 11:05:00+05:30
206.8,207.0,206.55,206.55,360.0,1728625200.0,2024-10-11 11:10:00+05:30
206.55,206.8,206.55,206.75,96.0,1728625500.0,2024-10-11 11:15:00+05:30
206.75,207.5,206.75,206.75,4028.0,1728625800.0,2024-10-11 11:20:00+05:30
206.75,206.75,206.35,206.35,1516.0,1728626100.0,2024-10-11 11:25:00+05:30
206.35,206.7,206.25,206.25,916.0,1728626400.0,2024-10-11 11:30:00+05:30
206.25,206.55,206.1,206.25,1196.0,1728626700.0,2024-10-11 11:35:00+05:30
206.25,206.5,204.6,204.9,8208.0,1728627000.0,2024-10-11 11:40:00+05:30
204.65,204.95,203.6,204.1,37460.0,1728627300.0,2024-10-11 11:45:00+05:30
204.4,205.25,204.4,204.4,3556.0,1728627600.0,2024-10-11 11:50:00+05:30
204.4,205.25,204.3,204.95,2244.0,1728627900.0,2024-10-11 11:55:00+05:30
205.0,206.5,205.0,205.95,8312.0,1728628200.0,2024-10-11 12:00:00+05:30
206.25,206.5,205.7,205.7,1356.0,1728628500.0,2024-10-11 12:05:00+05:30
206.05,206.05,205.7,205.75,124.0,1728628800.0,2024-10-11 12:10:00+05:30
205.75,205.8,205.6,205.8,408.0,1728629100.0,2024-10-11 12:15:00+05:30
206.0,206.2,205.75,205.75,784.0,1728629400.0,2024-10-11 12:20:00+05:30
205.75,205.75,205.5,205.75,384.0,1728629700.0,2024-10-11 12:25:00+05:30
205.75,206.2,205.75,206.2,536.0,1728630000.0,2024-10-11 12:30:00+05:30
206.2,206.65,206.15,206.3,2204.0,1728630300.0,2024-10-11 12:35:00+05:30
206.3,206.3,205.9,206.2,220.0,1728630600.0,2024-10-11 12:40:00+05:30
206.2,206.2,205.4,205.9,704.0,1728630900.0,2024-10-11 12:45:00+05:30
205.9,206.0,205.5,206.0,872.0,1728631200.0,2024-10-11 12:50:00+05:30
206.0,206.75,205.8,206.75,5824.0,1728631500.0,2024-10-11 12:55:00+05:30
206.75,206.75,206.5,206.75,12.0,1728631800.0,2024-10-11 13:00:00+05:30
206.75,206.75,206.6,206.6,976.0,1728632100.0,2024-10-11 13:05:00+05:30
206.6,206.75,206.6,206.75,40.0,1728632400.0,2024-10-11 13:10:00+05:30
206.6,206.6,206.25,206.25,1344.0,1728632700.0,2024-10-11 13:15:00+05:30
206.25,207.35,206.25,207.25,2804.0,1728633000.0,2024-10-11 13:20:00+05:30
207.2,207.2,207.2,207.2,1236.0,1728633300.0,2024-10-11 13:25:00+05:30
207.05,207.05,206.6,206.6,1496.0,1728633600.0,2024-10-11 13:30:00+05:30
206.6,208.25,206.6,208.2,4776.0,1728633900.0,2024-10-11 13:35:00+05:30
207.7,208.75,207.65,208.75,15904.0,1728634200.0,2024-10-11 13:40:00+05:30
208.6,209.25,208.45,209.2,6584.0,1728634500.0,2024-10-11 13:45:00+05:30
209.2,209.2,207.6,207.6,9376.0,1728634800.0,2024-10-11 13:50:00+05:30
207.55,207.9,207.55,207.9,104.0,1728635100.0,2024-10-11 13:55:00+05:30
207.9,209.05,207.55,209.0,15132.0,1728635400.0,2024-10-11 14:00:00+05:30
209.05,209.05,208.75,209.0,3612.0,1728635700.0,2024-10-11 14:05:00+05:30
209.25,209.25,208.9,209.1,1348.0,1728636000.0,2024-10-11 14:10:00+05:30
209.1,209.2,208.6,208.95,2820.0,1728636300.0,2024-10-11 14:15:00+05:30
209.8,209.8,209.0,209.1,3000.0,1728636600.0,2024-10-11 14:20:00+05:30
209.35,209.55,208.8,209.0,1504.0,1728636900.0,2024-10-11 14:25:00+05:30
208.95,209.0,208.85,208.85,1424.0,1728637200.0,2024-10-11 14:30:00+05:30
208.75,208.75,208.1,208.2,2596.0,1728637500.0,2024-10-11 14:35:00+05:30
208.05,208.2,208.05,208.05,716.0,1728637800.0,2024-10-11 14:40:00+05:30
208.2,208.2,208.05,208.2,936.0,1728638100.0,2024-10-11 14:45:00+05:30
208.2,208.25,208.05,208.05,1284.0,1728638400.0,2024-10-11 14:50:00+05:30
208.05,208.25,207.75,208.0,2168.0,1728638700.0,2024-10-11 14:55:00+05:30
207.8,208.2,207.8,208.2,1928.0,1728639000.0,2024-10-11 15:00:00+05:30
208.2,208.2,207.8,208.0,1204.0,1728639300.0,2024-10-11 15:05:00+05:30
207.8,207.9,207.5,207.75,7804.0,1728639600.0,2024-10-11 15:10:00+05:30
207.6,208.5,207.55,208.4,5096.0,1728639900.0,2024-10-11 15:15:00+05:30
208.25,210.0,207.5,209.7,42848.0,1728640200.0,2024-10-11 15:20:00+05:30
209.7,210.0,207.6,208.25,11128.0,1728640500.0,2024-10-11 15:25:00+05:30
216.15,232.5,214.15,221.0,194320.0,1728877500.0,2024-10-14 09:15:00+05:30
220.5,224.35,220.2,223.5,175048.0,1728877800.0,2024-10-14 09:20:00+05:30
223.25,225.0,219.1,221.25,132948.0,1728878100.0,2024-10-14 09:25:00+05:30
221.25,223.75,220.35,223.35,65632.0,1728878400.0,2024-10-14 09:30:00+05:30
223.35,225.9,221.5,222.4,109196.0,1728878700.0,2024-10-14 09:35:00+05:30
222.5,223.2,220.8,221.0,88012.0,1728879000.0,2024-10-14 09:40:00+05:30
221.35,221.85,219.8,221.8,27948.0,1728879300.0,2024-10-14 09:45:00+05:30
221.5,222.4,221.0,221.95,47128.0,1728879600.0,2024-10-14 09:50:00+05:30
221.95,224.5,221.45,224.1,34428.0,1728879900.0,2024-10-14 09:55:00+05:30
224.2,225.25,222.75,224.7,73556.0,1728880200.0,2024-10-14 10:00:00+05:30
224.05,226.0,223.9,224.5,49980.0,1728880500.0,2024-10-14 10:05:00+05:30
224.1,225.05,223.5,224.25,47868.0,1728880800.0,2024-10-14 10:10:00+05:30
224.0,225.4,223.95,224.5,28228.0,1728881100.0,2024-10-14 10:15:00+05:30
224.5,225.0,224.05,225.0,20092.0,1728881400.0,2024-10-14 10:20:00+05:30
225.2,226.05,224.7,225.55,32816.0,1728881700.0,2024-10-14 10:25:00+05:30
225.2,225.85,224.0,224.0,41208.0,1728882000.0,2024-10-14 10:30:00+05:30
224.2,224.2,221.4,222.8,50540.0,1728882300.0,2024-10-14 10:35:00+05:30
222.7,223.6,222.05,222.85,20172.0,1728882600.0,2024-10-14 10:40:00+05:30
222.0,223.4,222.0,222.5,16644.0,1728882900.0,2024-10-14 10:45:00+05:30
222.0,222.8,222.0,222.7,9376.0,1728883200.0,2024-10-14 10:50:00+05:30
222.75,223.7,222.4,223.5,11536.0,1728883500.0,2024-10-14 10:55:00+05:30
223.5,224.35,223.25,223.65,13120.0,1728883800.0,2024-10-14 11:00:00+05:30
223.5,223.5,222.25,223.05,9732.0,1728884100.0,2024-10-14 11:05:00+05:30
223.4,224.15,223.4,224.15,8140.0,1728884400.0,2024-10-14 11:10:00+05:30
223.8,225.0,223.8,224.75,21076.0,1728884700.0,2024-10-14 11:15:00+05:30
224.7,225.0,224.4,224.8,11876.0,1728885000.0,2024-10-14 11:20:00+05:30
224.5,226.25,224.5,225.9,39060.0,1728885300.0,2024-10-14 11:25:00+05:30
225.6,226.75,225.0,226.0,63756.0,1728885600.0,2024-10-14 11:30:00+05:30
225.7,226.2,225.25,225.7,17124.0,1728885900.0,2024-10-14 11:35:00+05:30
225.7,226.25,225.3,225.9,16268.0,1728886200.0,2024-10-14 11:40:00+05:30
225.85,225.85,225.2,225.75,7996.0,1728886500.0,2024-10-14 11:45:00+05:30
225.85,226.7,225.75,226.3,14908.0,1728886800.0,2024-10-14 11:50:00+05:30
226.3,226.3,225.4,225.7,12520.0,1728887100.0,2024-10-14 11:55:00+05:30
225.9,226.05,225.1,225.25,13384.0,1728887400.0,2024-10-14 12:00:00+05:30
225.55,225.55,224.5,224.6,11844.0,1728887700.0,2024-10-14 12:05:00+05:30
224.85,226.25,224.6,226.15,17308.0,1728888000.0,2024-10-14 12:10:00+05:30
226.15,226.25,225.65,225.75,11540.0,1728888300.0,2024-10-14 12:15:00+05:30
225.95,226.0,225.55,225.8,3968.0,1728888600.0,2024-10-14 12:20:00+05:30
226.0,226.7,225.0,225.8,21932.0,1728888900.0,2024-10-14 12:25:00+05:30
226.05,226.1,225.6,225.8,6732.0,1728889200.0,2024-10-14 12:30:00+05:30
226.1,226.25,225.7,225.8,4096.0,1728889500.0,2024-10-14 12:35:00+05:30
226.05,226.1,224.75,225.0,16696.0,1728889800.0,2024-10-14 12:40:00+05:30
225.2,226.25,225.05,225.95,14092.0,1728890100.0,2024-10-14 12:45:00+05:30
225.95,226.05,225.3,225.75,10472.0,1728890400.0,2024-10-14 12:50:00+05:30
225.45,226.05,225.4,226.05,6444.0,1728890700.0,2024-10-14 12:55:00+05:30
226.05,226.3,225.55,225.9,8468.0,1728891000.0,2024-10-14 13:00:00+05:30
226.25,226.6,225.9,226.6,10528.0,1728891300.0,2024-10-14 13:05:00+05:30
226.6,226.6,225.05,225.5,15084.0,1728891600.0,2024-10-14 13:10:00+05:30
225.85,225.9,224.0,224.5,25960.0,1728891900.0,2024-10-14 13:15:00+05:30
224.25,225.5,223.75,223.75,19996.0,1728892200.0,2024-10-14 13:20:00+05:30
223.75,224.2,222.75,223.55,29788.0,1728892500.0,2024-10-14 13:25:00+05:30
223.55,225.0,223.15,223.6,22036.0,1728892800.0,2024-10-14 13:30:00+05:30
223.75,224.4,223.35,224.0,5572.0,1728893100.0,2024-10-14 13:35:00+05:30
223.85,224.25,223.55,224.25,3428.0,1728893400.0,2024-10-14 13:40:00+05:30
224.25,224.25,223.75,224.25,5232.0,1728893700.0,2024-10-14 13:45:00+05:30
224.0,225.0,224.0,225.0,13620.0,1728894000.0,2024-10-14 13:50:00+05:30
225.05,225.95,224.7,225.95,17008.0,1728894300.0,2024-10-14 13:55:00+05:30
225.75,225.75,224.4,225.35,8056.0,1728894600.0,2024-10-14 14:00:00+05:30
225.45,226.15,224.25,224.25,14528.0,1728894900.0,2024-10-14 14:05:00+05:30
225.25,225.25,224.0,224.0,8100.0,1728895200.0,2024-10-14 14:10:00+05:30
224.5,224.75,223.6,224.7,10696.0,1728895500.0,2024-10-14 14:15:00+05:30
224.65,224.85,224.3,224.45,4184.0,1728895800.0,2024-10-14 14:20:00+05:30
224.75,224.75,224.45,224.45,1900.0,1728896100.0,2024-10-14 14:25:00+05:30
224.25,224.55,224.0,224.5,15000.0,1728896400.0,2024-10-14 14:30:00+05:30
224.5,224.8,224.1,224.8,14636.0,1728896700.0,2024-10-14 14:35:00+05:30
224.9,225.1,224.55,224.95,28564.0,1728897000.0,2024-10-14 14:40:00+05:30
224.95,225.5,224.05,224.85,19584.0,1728897300.0,2024-10-14 14:45:00+05:30
225.0,225.25,224.45,225.1,7456.0,1728897600.0,2024-10-14 14:50:00+05:30
225.0,225.25,224.5,225.0,13568.0,1728897900.0,2024-10-14 14:55:00+05:30
225.1,226.25,224.75,226.2,54132.0,1728898200.0,2024-10-14 15:00:00+05:30
226.2,226.25,225.5,225.5,20532.0,1728898500.0,2024-10-14 15:05:00+05:30
225.75,226.0,223.8,223.8,64172.0,1728898800.0,2024-10-14 15:10:00+05:30
223.85,226.2,222.55,222.75,87360.0,1728899100.0,2024-10-14 15:15:00+05:30
222.65,223.7,221.65,223.05,61640.0,1728899400.0,2024-10-14 15:20:00+05:30
223.05,223.65,222.75,223.5,14184.0,1728899700.0,2024-10-14 15:25:00+05:30
223.5,223.5,223.5,223.5,0.0,1728900000.0,2024-10-14 15:30:00+05:30
223.8,226.75,221.15,225.9,47180.0,1728963900.0,2024-10-15 09:15:00+05:30
226.0,228.35,225.2,227.5,53848.0,1728964200.0,2024-10-15 09:20:00+05:30
227.4,227.8,225.6,226.65,30572.0,1728964500.0,2024-10-15 09:25:00+05:30
226.65,228.0,226.05,227.7,16040.0,1728964800.0,2024-10-15 09:30:00+05:30
228.0,228.5,226.7,228.15,28944.0,1728965100.0,2024-10-15 09:35:00+05:30
227.8,230.0,227.75,229.05,44820.0,1728965400.0,2024-10-15 09:40:00+05:30
229.15,230.7,228.75,230.3,40916.0,1728965700.0,2024-10-15 09:45:00+05:30
230.2,230.2,228.25,228.7,28000.0,1728966000.0,2024-10-15 09:50:00+05:30
228.5,229.0,228.4,229.0,5724.0,1728966300.0,2024-10-15 09:55:00+05:30
229.0,229.0,228.2,228.7,9448.0,1728966600.0,2024-10-15 10:00:00+05:30
228.4,229.35,228.35,228.9,4904.0,1728966900.0,2024-10-15 10:05:00+05:30
229.3,229.7,228.75,229.1,7900.0,1728967200.0,2024-10-15 10:10:00+05:30
229.2,230.65,229.2,230.65,25428.0,1728967500.0,2024-10-15 10:15:00+05:30
230.5,231.7,230.3,231.5,43604.0,1728967800.0,2024-10-15 10:20:00+05:30
231.5,231.7,230.45,231.65,13452.0,1728968100.0,2024-10-15 10:25:00+05:30
231.7,232.45,231.35,231.55,30208.0,1728968400.0,2024-10-15 10:30:00+05:30
231.35,233.0,231.35,232.6,37980.0,1728968700.0,2024-10-15 10:35:00+05:30
233.05,234.25,232.7,232.9,60768.0,1728969000.0,2024-10-15 10:40:00+05:30
232.95,234.2,232.95,233.5,21180.0,1728969300.0,2024-10-15 10:45:00+05:30
233.5,233.5,232.5,232.9,10312.0,1728969600.0,2024-10-15 10:50:00+05:30
233.2,233.2,232.0,232.2,19868.0,1728969900.0,2024-10-15 10:55:00+05:30
232.45,233.35,232.05,233.35,17496.0,1728970200.0,2024-10-15 11:00:00+05:30
233.4,233.4,232.5,232.85,6100.0,1728970500.0,2024-10-15 11:05:00+05:30
232.85,232.9,230.65,231.6,51080.0,1728970800.0,2024-10-15 11:10:00+05:30
231.5,232.0,231.3,231.3,5972.0,1728971100.0,2024-10-15 11:15:00+05:30
231.3,232.1,231.3,231.75,3340.0,1728971400.0,2024-10-15 11:20:00+05:30
231.75,231.9,231.3,231.8,2576.0,1728971700.0,2024-10-15 11:25:00+05:30
231.8,231.8,230.65,231.25,15408.0,1728972000.0,2024-10-15 11:30:00+05:30
231.0,231.35,230.75,230.75,2520.0,1728972300.0,2024-10-15 11:35:00+05:30
231.0,231.8,230.75,231.75,12984.0,1728972600.0,2024-10-15 11:40:00+05:30
232.0,232.25,231.7,232.0,2688.0,1728972900.0,2024-10-15 11:45:00+05:30
232.2,233.0,231.75,233.0,23604.0,1728973200.0,2024-10-15 11:50:00+05:30
232.75,233.35,232.55,232.75,8092.0,1728973500.0,2024-10-15 11:55:00+05:30
233.0,233.75,232.5,232.7,12708.0,1728973800.0,2024-10-15 12:00:00+05:30
232.7,233.4,232.5,232.8,7416.0,1728974100.0,2024-10-15 12:05:00+05:30
232.8,233.0,232.7,233.0,2704.0,1728974400.0,2024-10-15 12:10:00+05:30
232.75,233.0,232.75,233.0,1156.0,1728974700.0,2024-10-15 12:15:00+05:30
233.0,233.0,232.5,232.7,3188.0,1728975000.0,2024-10-15 12:20:00+05:30
232.6,232.75,232.3,232.75,3076.0,1728975300.0,2024-10-15 12:25:00+05:30
232.5,233.0,232.5,233.0,9164.0,1728975600.0,2024-10-15 12:30:00+05:30
233.0,233.0,232.8,233.0,832.0,1728975900.0,2024-10-15 12:35:00+05:30
233.0,233.25,232.8,233.0,4104.0,1728976200.0,2024-10-15 12:40:00+05:30
233.25,233.25,232.9,233.0,3160.0,1728976500.0,2024-10-15 12:45:00+05:30
233.0,233.1,232.8,233.0,5500.0,1728976800.0,2024-10-15 12:50:00+05:30
233.25,233.25,232.65,232.9,2124.0,1728977100.0,2024-10-15 12:55:00+05:30
232.9,232.9,231.3,231.55,16788.0,1728977400.0,2024-10-15 13:00:00+05:30
231.8,232.7,231.4,232.4,5716.0,1728977700.0,2024-10-15 13:05:00+05:30
232.65,233.0,232.5,232.75,5160.0,1728978000.0,2024-10-15 13:10:00+05:30
233.0,233.05,232.75,232.9,2576.0,1728978300.0,2024-10-15 13:15:00+05:30
233.0,233.0,232.9,232.9,2916.0,1728978600.0,2024-10-15 13:20:00+05:30
232.75,233.25,232.5,233.1,15512.0,1728978900.0,2024-10-15 13:25:00+05:30
233.1,233.1,232.8,233.0,2876.0,1728979200.0,2024-10-15 13:30:00+05:30
233.0,234.25,232.8,234.25,32428.0,1728979500.0,2024-10-15 13:35:00+05:30
234.25,234.25,233.75,233.8,10244.0,1728979800.0,2024-10-15 13:40:00+05:30
233.8,234.15,233.8,234.05,2284.0,1728980100.0,2024-10-15 13:45:00+05:30
234.1,234.2,233.8,233.8,4332.0,1728980400.0,2024-10-15 13:50:00+05:30
234.0,234.1,233.8,233.85,7300.0,1728980700.0,2024-10-15 13:55:00+05:30
233.85,234.0,233.75,233.75,6224.0,1728981000.0,2024-10-15 14:00:00+05:30
234.0,234.0,233.5,233.7,5484.0,1728981300.0,2024-10-15 14:05:00+05:30
233.7,234.1,232.5,233.3,15560.0,1728981600.0,2024-10-15 14:10:00+05:30
233.5,233.7,233.2,233.7,816.0,1728981900.0,2024-10-15 14:15:00+05:30
233.7,233.7,233.25,233.25,3068.0,1728982200.0,2024-10-15 14:20:00+05:30
233.25,233.35,232.85,233.2,5652.0,1728982500.0,2024-10-15 14:25:00+05:30
233.2,233.5,233.0,233.4,5380.0,1728982800.0,2024-10-15 14:30:00+05:30
233.4,233.4,233.0,233.15,1152.0,1728983100.0,2024-10-15 14:35:00+05:30
233.1,233.75,233.0,233.5,7448.0,1728983400.0,2024-10-15 14:40:00+05:30
233.25,234.1,233.25,233.7,11748.0,1728983700.0,2024-10-15 14:45:00+05:30
234.0,234.5,233.8,234.45,17396.0,1728984000.0,2024-10-15 14:50:00+05:30
234.45,234.5,234.05,234.45,8480.0,1728984300.0,2024-10-15 14:55:00+05:30
234.45,235.9,234.45,235.5,41500.0,1728984600.0,2024-10-15 15:00:00+05:30
235.5,236.1,235.5,236.1,13556.0,1728984900.0,2024-10-15 15:05:00+05:30
235.9,237.0,235.55,236.75,46636.0,1728985200.0,2024-10-15 15:10:00+05:30
237.0,237.5,236.05,237.3,66980.0,1728985500.0,2024-10-15 15:15:00+05:30
237.35,238.0,236.25,236.25,50292.0,1728985800.0,2024-10-15 15:20:00+05:30
236.2,237.5,236.2,236.5,22784.0,1728986100.0,2024-10-15 15:25:00+05:30
236.5,236.5,236.5,236.5,0.0,1728986400.0,2024-10-15 15:30:00+05:30
236.5,236.5,229.65,232.7,126720.0,1729050300.0,2024-10-16 09:15:00+05:30
232.5,236.0,232.45,234.5,55172.0,1729050600.0,2024-10-16 09:20:00+05:30
234.5,235.35,233.65,235.25,44280.0,1729050900.0,2024-10-16 09:25:00+05:30
235.0,235.25,234.0,234.65,17652.0,1729051200.0,2024-10-16 09:30:00+05:30
234.25,234.35,231.75,232.5,50792.0,1729051500.0,2024-10-16 09:35:00+05:30
232.55,233.75,232.5,233.5,40372.0,1729051800.0,2024-10-16 09:40:00+05:30
233.15,233.5,232.75,233.15,13236.0,1729052100.0,2024-10-16 09:45:00+05:30
233.15,233.15,231.85,232.85,16340.0,1729052400.0,2024-10-16 09:50:00+05:30
232.15,232.4,229.5,229.95,49748.0,1729052700.0,2024-10-16 09:55:00+05:30
230.0,230.4,229.55,229.65,21052.0,1729053000.0,2024-10-16 10:00:00+05:30
229.8,230.1,228.85,229.4,14716.0,1729053300.0,2024-10-16 10:05:00+05:30
229.1,229.8,229.05,229.4,6448.0,1729053600.0,2024-10-16 10:10:00+05:30
229.7,229.7,228.25,229.0,14964.0,1729053900.0,2024-10-16 10:15:00+05:30
229.0,229.3,228.05,229.1,6308.0,1729054200.0,2024-10-16 10:20:00+05:30
229.1,229.7,229.0,229.65,4308.0,1729054500.0,2024-10-16 10:25:00+05:30
229.2,229.5,228.3,228.95,12192.0,1729054800.0,2024-10-16 10:30:00+05:30
228.95,229.0,228.05,228.4,4900.0,1729055100.0,2024-10-16 10:35:00+05:30
228.4,228.75,227.65,228.5,25496.0,1729055400.0,2024-10-16 10:40:00+05:30
228.3,228.75,228.05,228.75,6356.0,1729055700.0,2024-10-16 10:45:00+05:30
228.75,229.65,228.75,229.5,8304.0,1729056000.0,2024-10-16 10:50:00+05:30
229.45,230.1,229.45,230.0,20044.0,1729056300.0,2024-10-16 10:55:00+05:30
230.1,230.35,229.75,230.1,7464.0,1729056600.0,2024-10-16 11:00:00+05:30
230.6,231.1,230.0,231.1,4840.0,1729056900.0,2024-10-16 11:05:00+05:30
231.0,231.0,230.55,230.95,2624.0,1729057200.0,2024-10-16 11:10:00+05:30
230.95,230.95,230.25,230.6,2760.0,1729057500.0,2024-10-16 11:15:00+05:30
230.3,230.7,230.3,230.3,1472.0,1729057800.0,2024-10-16 11:20:00+05:30
230.3,230.6,229.75,230.0,9452.0,1729058100.0,2024-10-16 11:25:00+05:30
230.0,230.0,229.5,230.0,6824.0,1729058400.0,2024-10-16 11:30:00+05:30
229.75,229.95,229.5,229.8,3684.0,1729058700.0,2024-10-16 11:35:00+05:30
229.8,229.8,229.35,229.4,2852.0,1729059000.0,2024-10-16 11:40:00+05:30
229.4,230.0,229.3,229.9,6412.0,1729059300.0,2024-10-16 11:45:00+05:30
229.9,229.9,229.7,229.8,2088.0,1729059600.0,2024-10-16 11:50:00+05:30
229.8,229.9,229.4,229.4,2976.0,1729059900.0,2024-10-16 11:55:00+05:30
229.4,229.85,229.4,229.85,3816.0,1729060200.0,2024-10-16 12:00:00+05:30
229.85,230.0,229.65,230.0,2288.0,1729060500.0,2024-10-16 12:05:00+05:30
230.0,230.1,229.35,229.35,3356.0,1729060800.0,2024-10-16 12:10:00+05:30
229.35,231.6,229.35,231.6,8892.0,1729061100.0,2024-10-16 12:15:00+05:30
231.5,232.5,231.3,231.3,12332.0,1729061400.0,2024-10-16 12:20:00+05:30
231.7,231.7,231.0,231.15,1948.0,1729061700.0,2024-10-16 12:25:00+05:30
231.35,231.35,230.3,230.45,4140.0,1729062000.0,2024-10-16 12:30:00+05:30
230.75,231.05,229.55,230.15,11700.0,1729062300.0,2024-10-16 12:35:00+05:30
230.15,230.5,229.9,230.4,676.0,1729062600.0,2024-10-16 12:40:00+05:30
230.4,230.5,229.85,230.2,3352.0,1729062900.0,2024-10-16 12:45:00+05:30
230.2,230.4,229.95,229.95,908.0,1729063200.0,2024-10-16 12:50:00+05:30
230.2,230.55,230.0,230.55,2808.0,1729063500.0,2024-10-16 12:55:00+05:30
230.5,230.9,230.45,230.75,1636.0,1729063800.0,2024-10-16 13:00:00+05:30
230.8,230.95,230.4,230.85,1076.0,1729064100.0,2024-10-16 13:05:00+05:30
230.6,230.85,230.1,230.25,1992.0,1729064400.0,2024-10-16 13:10:00+05:30
230.25,230.85,230.25,230.6,1008.0,1729064700.0,2024-10-16 13:15:00+05:30
230.6,230.8,230.5,230.8,1404.0,1729065000.0,2024-10-16 13:20:00+05:30
230.8,230.8,230.3,230.6,2008.0,1729065300.0,2024-10-16 13:25:00+05:30
230.6,230.6,230.05,230.6,3632.0,1729065600.0,2024-10-16 13:30:00+05:30
230.6,230.6,230.3,230.3,656.0,1729065900.0,2024-10-16 13:35:00+05:30
230.5,230.6,230.5,230.6,1044.0,1729066200.0,2024-10-16 13:40:00+05:30
230.4,230.6,230.3,230.6,1152.0,1729066500.0,2024-10-16 13:45:00+05:30
230.6,231.15,230.4,231.0,3464.0,1729066800.0,2024-10-16 13:50:00+05:30
231.2,231.35,230.9,231.0,5780.0,1729067100.0,2024-10-16 13:55:00+05:30
231.25,231.25,230.4,230.6,2368.0,1729067400.0,2024-10-16 14:00:00+05:30
230.6,231.0,230.4,231.0,1576.0,1729067700.0,2024-10-16 14:05:00+05:30
230.8,231.2,230.5,231.0,3408.0,1729068000.0,2024-10-16 14:10:00+05:30
231.0,231.05,230.6,230.95,1008.0,1729068300.0,2024-10-16 14:15:00+05:30
230.9,231.35,230.6,230.8,3256.0,1729068600.0,2024-10-16 14:20:00+05:30
231.1,231.45,231.0,231.2,2092.0,1729068900.0,2024-10-16 14:25:00+05:30
231.1,231.75,231.05,231.45,14548.0,1729069200.0,2024-10-16 14:30:00+05:30
231.65,232.2,231.2,231.7,14532.0,1729069500.0,2024-10-16 14:35:00+05:30
231.7,232.0,231.25,231.65,14420.0,1729069800.0,2024-10-16 14:40:00+05:30
231.85,232.0,230.5,231.1,30556.0,1729070100.0,2024-10-16 14:45:00+05:30
231.0,231.15,229.65,230.0,14572.0,1729070400.0,2024-10-16 14:50:00+05:30
230.15,230.25,227.5,228.25,35352.0,1729070700.0,2024-10-16 14:55:00+05:30
228.25,229.05,227.3,228.25,30052.0,1729071000.0,2024-10-16 15:00:00+05:30
228.5,228.8,227.3,227.5,27336.0,1729071300.0,2024-10-16 15:05:00+05:30
227.5,228.5,227.25,228.45,24864.0,1729071600.0,2024-10-16 15:10:00+05:30
228.4,228.4,227.8,228.0,10140.0,1729071900.0,2024-10-16 15:15:00+05:30
227.8,228.05,227.3,227.7,11484.0,1729072200.0,2024-10-16 15:20:00+05:30
227.85,228.0,225.65,226.75,29936.0,1729072500.0,2024-10-16 15:25:00+05:30
227.65,230.9,227.15,230.5,46716.0,1729136700.0,2024-10-17 09:15:00+05:30
230.65,232.0,227.55,229.5,91488.0,1729137000.0,2024-10-17 09:20:00+05:30
229.45,230.0,229.0,229.6,7856.0,1729137300.0,2024-10-17 09:25:00+05:30
229.75,229.8,227.5,229.2,33332.0,1729137600.0,2024-10-17 09:30:00+05:30
229.2,229.25,228.0,228.0,14548.0,1729137900.0,2024-10-17 09:35:00+05:30
228.1,228.1,226.6,227.45,17196.0,1729138200.0,2024-10-17 09:40:00+05:30
227.3,228.75,227.25,227.7,7152.0,1729138500.0,2024-10-17 09:45:00+05:30
227.7,227.7,225.8,226.6,11452.0,1729138800.0,2024-10-17 09:50:00+05:30
226.5,228.7,226.5,228.7,7476.0,1729139100.0,2024-10-17 09:55:00+05:30
228.7,229.7,228.45,228.8,5660.0,1729139400.0,2024-10-17 10:00:00+05:30
229.15,229.15,227.55,227.8,7096.0,1729139700.0,2024-10-17 10:05:00+05:30
227.85,228.7,227.85,228.7,1788.0,1729140000.0,2024-10-17 10:10:00+05:30
228.45,229.25,228.45,228.75,3508.0,1729140300.0,2024-10-17 10:15:00+05:30
228.75,228.75,228.15,228.75,3524.0,1729140600.0,2024-10-17 10:20:00+05:30
228.75,229.5,228.7,229.5,1536.0,1729140900.0,2024-10-17 10:25:00+05:30
229.5,229.75,229.45,229.75,1168.0,1729141200.0,2024-10-17 10:30:00+05:30
229.75,230.25,229.75,230.25,3552.0,1729141500.0,2024-10-17 10:35:00+05:30
230.25,231.0,229.95,231.0,17772.0,1729141800.0,2024-10-17 10:40:00+05:30
231.0,231.0,230.45,230.7,3108.0,1729142100.0,2024-10-17 10:45:00+05:30
230.7,230.75,230.45,230.6,2692.0,1729142400.0,2024-10-17 10:50:00+05:30
230.4,230.75,230.25,230.75,1948.0,1729142700.0,2024-10-17 10:55:00+05:30
230.75,230.85,229.55,230.85,7284.0,1729143000.0,2024-10-17 11:00:00+05:30
230.85,230.95,230.0,230.0,2432.0,1729143300.0,2024-10-17 11:05:00+05:30
230.2,230.85,229.85,230.05,3900.0,1729143600.0,2024-10-17 11:10:00+05:30
230.2,230.2,229.7,230.1,3316.0,1729143900.0,2024-10-17 11:15:00+05:30
230.1,230.1,229.65,229.65,2236.0,1729144200.0,2024-10-17 11:20:00+05:30
229.65,229.95,229.2,229.7,4680.0,1729144500.0,2024-10-17 11:25:00+05:30
229.8,229.8,229.3,229.35,1468.0,1729144800.0,2024-10-17 11:30:00+05:30
229.5,230.2,229.5,230.2,3352.0,1729145100.0,2024-10-17 11:35:00+05:30
230.2,230.2,229.75,230.05,1884.0,1729145400.0,2024-10-17 11:40:00+05:30
229.8,230.0,229.25,229.4,1220.0,1729145700.0,2024-10-17 11:45:00+05:30
229.45,229.45,228.8,229.2,3604.0,1729146000.0,2024-10-17 11:50:00+05:30
228.9,229.5,228.9,229.35,1636.0,1729146300.0,2024-10-17 11:55:00+05:30
229.4,229.75,229.0,229.75,5488.0,1729146600.0,2024-10-17 12:00:00+05:30
229.75,230.4,229.75,230.0,13524.0,1729146900.0,2024-10-17 12:05:00+05:30
229.9,230.2,229.7,230.0,1780.0,1729147200.0,2024-10-17 12:10:00+05:30
230.1,230.1,229.75,230.1,1428.0,1729147500.0,2024-10-17 12:15:00+05:30
230.1,230.4,229.9,230.4,1716.0,1729147800.0,2024-10-17 12:20:00+05:30
230.4,230.4,230.0,230.4,1324.0,1729148100.0,2024-10-17 12:25:00+05:30
230.1,230.6,230.0,230.5,2116.0,1729148400.0,2024-10-17 12:30:00+05:30
230.75,230.75,229.75,230.0,5604.0,1729148700.0,2024-10-17 12:35:00+05:30
230.0,230.05,229.4,230.05,1288.0,1729149000.0,2024-10-17 12:40:00+05:30
230.05,230.55,229.7,230.3,6620.0,1729149300.0,2024-10-17 12:45:00+05:30
230.3,230.7,230.05,230.3,3084.0,1729149600.0,2024-10-17 12:50:00+05:30
230.35,230.7,230.25,230.6,1456.0,1729149900.0,2024-10-17 12:55:00+05:30
230.75,230.75,230.25,230.4,1376.0,1729150200.0,2024-10-17 13:00:00+05:30
230.5,230.75,230.25,230.75,2060.0,1729150500.0,2024-10-17 13:05:00+05:30
230.75,230.75,230.4,230.6,1720.0,1729150800.0,2024-10-17 13:10:00+05:30
230.6,230.6,230.15,230.3,5940.0,1729151100.0,2024-10-17 13:15:00+05:30
230.3,230.6,230.3,230.6,1500.0,1729151400.0,2024-10-17 13:20:00+05:30
230.7,230.75,229.3,229.95,6044.0,1729151700.0,2024-10-17 13:25:00+05:30
229.65,230.2,229.55,229.9,1012.0,1729152000.0,2024-10-17 13:30:00+05:30
230.0,230.05,229.6,229.9,2896.0,1729152300.0,2024-10-17 13:35:00+05:30
229.95,230.0,228.25,228.7,14824.0,1729152600.0,2024-10-17 13:40:00+05:30
228.75,228.8,228.25,228.75,1876.0,1729152900.0,2024-10-17 13:45:00+05:30
228.45,228.55,228.0,228.1,2656.0,1729153200.0,2024-10-17 13:50:00+05:30
228.05,228.25,227.5,227.9,4032.0,1729153500.0,2024-10-17 13:55:00+05:30
228.15,228.6,227.75,228.15,11996.0,1729153800.0,2024-10-17 14:00:00+05:30
228.15,228.35,227.5,227.8,3344.0,1729154100.0,2024-10-17 14:05:00+05:30
227.8,227.95,227.5,227.9,1816.0,1729154400.0,2024-10-17 14:10:00+05:30
227.9,228.0,227.65,227.9,1188.0,1729154700.0,2024-10-17 14:15:00+05:30
227.9,227.9,227.4,227.9,8552.0,1729155000.0,2024-10-17 14:20:00+05:30
227.9,228.25,227.8,228.25,1016.0,1729155300.0,2024-10-17 14:25:00+05:30
228.25,229.0,228.25,229.0,3528.0,1729155600.0,2024-10-17 14:30:00+05:30
228.7,230.0,228.1,230.0,6536.0,1729155900.0,2024-10-17 14:35:00+05:30
230.0,231.0,230.0,231.0,16884.0,1729156200.0,2024-10-17 14:40:00+05:30
231.0,231.0,230.6,231.0,7976.0,1729156500.0,2024-10-17 14:45:00+05:30
231.0,231.2,230.45,231.2,11236.0,1729156800.0,2024-10-17 14:50:00+05:30
231.2,231.25,230.45,230.55,11416.0,1729157100.0,2024-10-17 14:55:00+05:30
230.75,231.25,230.55,231.25,14576.0,1729157400.0,2024-10-17 15:00:00+05:30
231.25,231.3,230.35,230.75,13812.0,1729157700.0,2024-10-17 15:05:00+05:30
230.75,230.95,230.4,230.55,9240.0,1729158000.0,2024-10-17 15:10:00+05:30
230.6,231.5,230.4,230.7,33148.0,1729158300.0,2024-10-17 15:15:00+05:30
230.8,231.25,228.8,230.1,32624.0,1729158600.0,2024-10-17 15:20:00+05:30
230.1,231.0,229.2,229.2,25732.0,1729158900.0,2024-10-17 15:25:00+05:30
229.6,230.0,227.1,227.3,15140.0,1729223100.0,2024-10-18 09:15:00+05:30
227.4,227.9,226.5,227.05,15564.0,1729223400.0,2024-10-18 09:20:00+05:30
226.8,229.35,226.75,229.25,7416.0,1729223700.0,2024-10-18 09:25:00+05:30
229.25,230.7,228.95,230.45,22440.0,1729224000.0,2024-10-18 09:30:00+05:30
230.1,230.45,229.8,230.4,4008.0,1729224300.0,2024-10-18 09:35:00+05:30
230.25,231.0,230.2,230.5,3152.0,1729224600.0,2024-10-18 09:40:00+05:30
230.3,231.65,230.3,231.55,5624.0,1729224900.0,2024-10-18 09:45:00+05:30
231.25,231.5,230.5,230.6,2616.0,1729225200.0,2024-10-18 09:50:00+05:30
230.6,231.0,228.9,229.6,6156.0,1729225500.0,2024-10-18 09:55:00+05:30
229.7,229.7,228.75,229.25,4836.0,1729225800.0,2024-10-18 10:00:00+05:30
229.25,229.25,228.8,229.25,3504.0,1729226100.0,2024-10-18 10:05:00+05:30
229.25,230.55,229.25,230.55,8844.0,1729226400.0,2024-10-18 10:10:00+05:30
230.55,230.55,229.95,229.95,2500.0,1729226700.0,2024-10-18 10:15:00+05:30
230.3,230.7,229.65,230.05,1876.0,1729227000.0,2024-10-18 10:20:00+05:30
230.05,230.05,229.5,229.9,2128.0,1729227300.0,2024-10-18 10:25:00+05:30
229.9,231.25,229.9,230.9,4304.0,1729227600.0,2024-10-18 10:30:00+05:30
231.2,231.2,230.45,230.7,4160.0,1729227900.0,2024-10-18 10:35:00+05:30
230.8,231.1,230.5,231.0,3612.0,1729228200.0,2024-10-18 10:40:00+05:30
231.0,231.25,230.65,231.25,6936.0,1729228500.0,2024-10-18 10:45:00+05:30
231.25,231.65,231.0,231.4,4056.0,1729228800.0,2024-10-18 10:50:00+05:30
231.25,231.5,231.25,231.5,1176.0,1729229100.0,2024-10-18 10:55:00+05:30
231.5,232.9,231.5,232.55,9040.0,1729229400.0,2024-10-18 11:00:00+05:30
232.6,232.6,230.4,230.7,7420.0,1729229700.0,2024-10-18 11:05:00+05:30
230.7,231.45,230.15,231.45,3768.0,1729230000.0,2024-10-18 11:10:00+05:30
231.45,231.7,231.2,231.5,1248.0,1729230300.0,2024-10-18 11:15:00+05:30
231.15,232.35,231.15,231.7,2668.0,1729230600.0,2024-10-18 11:20:00+05:30
231.5,232.4,231.5,232.4,1104.0,1729230900.0,2024-10-18 11:25:00+05:30
231.9,232.45,231.9,232.45,2264.0,1729231200.0,2024-10-18 11:30:00+05:30
232.15,233.0,232.15,233.0,3760.0,1729231500.0,2024-10-18 11:35:00+05:30
233.0,233.0,232.4,232.9,2612.0,1729231800.0,2024-10-18 11:40:00+05:30
232.9,232.95,232.05,232.15,1800.0,1729232100.0,2024-10-18 11:45:00+05:30
232.5,232.8,232.05,232.05,1292.0,1729232400.0,2024-10-18 11:50:00+05:30
232.35,232.75,232.0,232.1,4004.0,1729232700.0,2024-10-18 11:55:00+05:30
231.9,232.4,231.8,232.3,448.0,1729233000.0,2024-10-18 12:00:00+05:30
232.3,232.6,231.9,232.6,1996.0,1729233300.0,2024-10-18 12:05:00+05:30
232.75,232.75,231.75,232.5,2184.0,1729233600.0,2024-10-18 12:10:00+05:30
232.7,232.7,232.4,232.6,1532.0,1729233900.0,2024-10-18 12:15:00+05:30
232.7,232.75,232.25,232.45,252.0,1729234200.0,2024-10-18 12:20:00+05:30
232.45,232.9,232.25,232.75,3588.0,1729234500.0,2024-10-18 12:25:00+05:30
232.75,232.9,232.5,232.9,1372.0,1729234800.0,2024-10-18 12:30:00+05:30
232.9,232.9,232.6,232.9,1024.0,1729235100.0,2024-10-18 12:35:00+05:30
232.8,232.85,232.6,232.75,1252.0,1729235400.0,2024-10-18 12:40:00+05:30
232.5,232.9,232.5,232.9,5340.0,1729235700.0,2024-10-18 12:45:00+05:30
232.9,233.0,232.5,233.0,3516.0,1729236000.0,2024-10-18 12:50:00+05:30
233.0,234.7,233.0,234.2,8436.0,1729236300.0,2024-10-18 12:55:00+05:30
234.3,234.35,233.05,233.25,2664.0,1729236600.0,2024-10-18 13:00:00+05:30
233.0,233.2,232.6,232.7,1064.0,1729236900.0,2024-10-18 13:05:00+05:30
232.7,233.1,232.5,232.75,1008.0,1729237200.0,2024-10-18 13:10:00+05:30
232.75,235.0,232.75,235.0,20540.0,1729237500.0,2024-10-18 13:15:00+05:30
235.0,235.0,234.4,234.5,808.0,1729237800.0,2024-10-18 13:20:00+05:30
234.5,234.5,234.25,234.25,964.0,1729238100.0,2024-10-18 13:25:00+05:30
234.25,234.25,233.75,234.25,1728.0,1729238400.0,2024-10-18 13:30:00+05:30
234.25,234.25,233.85,233.85,324.0,1729238700.0,2024-10-18 13:35:00+05:30
234.2,234.2,233.9,234.1,480.0,1729239000.0,2024-10-18 13:40:00+05:30
234.1,234.1,233.9,233.9,832.0,1729239300.0,2024-10-18 13:45:00+05:30
234.1,234.25,233.8,234.25,2408.0,1729239600.0,2024-10-18 13:50:00+05:30
234.25,234.25,233.9,234.25,492.0,1729239900.0,2024-10-18 13:55:00+05:30
234.25,234.25,233.75,234.1,1168.0,1729240200.0,2024-10-18 14:00:00+05:30
234.1,234.75,233.85,234.75,3776.0,1729240500.0,2024-10-18 14:05:00+05:30
234.15,234.75,234.15,234.7,2440.0,1729240800.0,2024-10-18 14:10:00+05:30
234.7,234.7,233.85,234.25,740.0,1729241100.0,2024-10-18 14:15:00+05:30
234.0,234.75,233.3,234.7,5516.0,1729241400.0,2024-10-18 14:20:00+05:30
234.25,234.75,233.9,234.0,2992.0,1729241700.0,2024-10-18 14:25:00+05:30
234.2,235.5,233.8,235.0,33624.0,1729242000.0,2024-10-18 14:30:00+05:30
235.0,235.0,234.45,234.9,760.0,1729242300.0,2024-10-18 14:35:00+05:30
234.9,234.95,234.5,234.95,624.0,1729242600.0,2024-10-18 14:40:00+05:30
234.95,235.4,234.75,235.35,4056.0,1729242900.0,2024-10-18 14:45:00+05:30
235.35,237.0,235.35,236.45,21964.0,1729243200.0,2024-10-18 14:50:00+05:30
236.75,237.0,236.0,236.5,9700.0,1729243500.0,2024-10-18 14:55:00+05:30
236.5,237.0,236.05,236.3,6472.0,1729243800.0,2024-10-18 15:00:00+05:30
236.75,236.75,235.45,235.75,5928.0,1729244100.0,2024-10-18 15:05:00+05:30
235.65,236.9,235.6,236.85,8168.0,1729244400.0,2024-10-18 15:10:00+05:30
236.85,237.5,235.85,237.4,16764.0,1729244700.0,2024-10-18 15:15:00+05:30
237.4,237.4,236.25,236.5,13644.0,1729245000.0,2024-10-18 15:20:00+05:30
236.25,237.4,235.0,236.0,14376.0,1729245300.0,2024-10-18 15:25:00+05:30
236.0,236.0,236.0,236.0,0.0,1729245600.0,2024-10-18 15:30:00+05:30
236.95,237.85,234.05,235.8,20252.0,1729482300.0,2024-10-21 09:15:00+05:30
235.7,237.3,235.5,236.15,6572.0,1729482600.0,2024-10-21 09:20:00+05:30
236.15,236.9,235.95,236.55,4856.0,1729482900.0,2024-10-21 09:25:00+05:30
236.6,237.5,236.45,236.85,9796.0,1729483200.0,2024-10-21 09:30:00+05:30
236.9,237.35,235.3,235.5,7704.0,1729483500.0,2024-10-21 09:35:00+05:30
235.2,237.0,235.05,237.0,3688.0,1729483800.0,2024-10-21 09:40:00+05:30
236.0,237.0,235.85,236.6,4204.0,1729484100.0,2024-10-21 09:45:00+05:30
236.75,236.9,234.3,235.4,9976.0,1729484400.0,2024-10-21 09:50:00+05:30
235.45,235.5,234.6,235.15,3200.0,1729484700.0,2024-10-21 09:55:00+05:30
235.25,235.75,234.7,235.2,4180.0,1729485000.0,2024-10-21 10:00:00+05:30
235.15,235.7,234.9,235.5,4048.0,1729485300.0,2024-10-21 10:05:00+05:30
234.95,235.9,234.95,235.5,4144.0,1729485600.0,2024-10-21 10:10:00+05:30
235.5,235.7,234.5,234.95,6040.0,1729485900.0,2024-10-21 10:15:00+05:30
235.05,235.6,234.85,235.55,1200.0,1729486200.0,2024-10-21 10:20:00+05:30
235.6,235.6,234.7,235.5,4072.0,1729486500.0,2024-10-21 10:25:00+05:30
235.3,235.75,235.2,235.5,9784.0,1729486800.0,2024-10-21 10:30:00+05:30
235.5,235.75,235.2,235.5,2652.0,1729487100.0,2024-10-21 10:35:00+05:30
235.5,235.75,234.65,234.95,10244.0,1729487400.0,2024-10-21 10:40:00+05:30
235.05,235.2,234.7,235.2,1120.0,1729487700.0,2024-10-21 10:45:00+05:30
235.3,235.5,235.0,235.35,1672.0,1729488000.0,2024-10-21 10:50:00+05:30
235.2,235.4,234.8,234.9,1788.0,1729488300.0,2024-10-21 10:55:00+05:30
235.05,236.0,235.05,235.4,5160.0,1729488600.0,2024-10-21 11:00:00+05:30
235.5,235.5,235.1,235.45,9044.0,1729488900.0,2024-10-21 11:05:00+05:30
235.45,235.45,234.9,235.0,1756.0,1729489200.0,2024-10-21 11:10:00+05:30
234.95,235.2,234.6,234.7,2736.0,1729489500.0,2024-10-21 11:15:00+05:30
234.7,235.3,234.5,235.15,1564.0,1729489800.0,2024-10-21 11:20:00+05:30
235.2,235.2,234.7,235.0,680.0,1729490100.0,2024-10-21 11:25:00+05:30
234.9,234.9,234.2,234.25,4200.0,1729490400.0,2024-10-21 11:30:00+05:30
234.25,234.25,233.6,233.75,3188.0,1729490700.0,2024-10-21 11:35:00+05:30
233.75,234.1,233.4,234.05,1144.0,1729491000.0,2024-10-21 11:40:00+05:30
234.05,234.25,233.6,234.2,1896.0,1729491300.0,2024-10-21 11:45:00+05:30
234.2,234.25,233.55,233.9,992.0,1729491600.0,2024-10-21 11:50:00+05:30
234.15,234.15,232.75,233.05,5644.0,1729491900.0,2024-10-21 11:55:00+05:30
233.05,233.4,231.9,232.25,10524.0,1729492200.0,2024-10-21 12:00:00+05:30
232.25,232.5,231.9,232.5,4848.0,1729492500.0,2024-10-21 12:05:00+05:30
232.9,233.4,232.9,233.2,1816.0,1729492800.0,2024-10-21 12:10:00+05:30
233.25,234.0,233.1,233.5,2044.0,1729493100.0,2024-10-21 12:15:00+05:30
233.4,234.25,233.3,233.75,2652.0,1729493400.0,2024-10-21 12:20:00+05:30
233.75,234.35,233.75,234.2,2084.0,1729493700.0,2024-10-21 12:25:00+05:30
234.2,234.25,234.0,234.0,672.0,1729494000.0,2024-10-21 12:30:00+05:30
234.25,234.25,233.9,233.9,1020.0,1729494300.0,2024-10-21 12:35:00+05:30
234.2,234.25,233.3,233.9,2128.0,1729494600.0,2024-10-21 12:40:00+05:30
233.9,234.0,233.5,234.0,812.0,1729494900.0,2024-10-21 12:45:00+05:30
234.0,234.0,233.65,234.0,220.0,1729495200.0,2024-10-21 12:50:00+05:30
233.9,234.0,233.5,233.8,596.0,1729495500.0,2024-10-21 12:55:00+05:30
233.5,235.0,233.5,235.0,17068.0,1729495800.0,2024-10-21 13:00:00+05:30
235.35,235.9,235.0,235.4,18932.0,1729496100.0,2024-10-21 13:05:00+05:30
235.4,235.6,235.3,235.3,1688.0,1729496400.0,2024-10-21 13:10:00+05:30
235.5,235.75,235.2,235.5,2604.0,1729496700.0,2024-10-21 13:15:00+05:30
235.2,235.5,235.2,235.5,556.0,1729497000.0,2024-10-21 13:20:00+05:30
235.5,235.6,235.5,235.5,1316.0,1729497300.0,2024-10-21 13:25:00+05:30
235.6,235.6,235.3,235.5,3204.0,1729497600.0,2024-10-21 13:30:00+05:30
235.5,235.65,235.15,235.5,2696.0,1729497900.0,2024-10-21 13:35:00+05:30
235.5,235.65,235.15,235.25,1244.0,1729498200.0,2024-10-21 13:40:00+05:30
235.25,235.5,235.05,235.25,1956.0,1729498500.0,2024-10-21 13:45:00+05:30
235.5,235.75,235.25,235.5,1308.0,1729498800.0,2024-10-21 13:50:00+05:30
235.5,235.5,235.15,235.5,1468.0,1729499100.0,2024-10-21 13:55:00+05:30
235.5,235.75,235.0,235.5,5188.0,1729499400.0,2024-10-21 14:00:00+05:30
235.5,235.8,235.45,235.8,2464.0,1729499700.0,2024-10-21 14:05:00+05:30
235.7,235.7,235.5,235.5,680.0,1729500000.0,2024-10-21 14:10:00+05:30
235.5,235.8,235.3,235.5,3296.0,1729500300.0,2024-10-21 14:15:00+05:30
235.4,235.7,235.4,235.5,1592.0,1729500600.0,2024-10-21 14:20:00+05:30
235.5,235.7,235.3,235.45,3372.0,1729500900.0,2024-10-21 14:25:00+05:30
235.5,235.75,235.3,235.5,2072.0,1729501200.0,2024-10-21 14:30:00+05:30
235.5,235.6,235.5,235.6,792.0,1729501500.0,2024-10-21 14:35:00+05:30
235.6,235.8,235.35,235.5,1816.0,1729501800.0,2024-10-21 14:40:00+05:30
235.6,235.8,235.2,235.45,1160.0,1729502100.0,2024-10-21 14:45:00+05:30
235.45,235.5,235.2,235.5,1568.0,1729502400.0,2024-10-21 14:50:00+05:30
235.5,237.0,235.3,236.9,11132.0,1729502700.0,2024-10-21 14:55:00+05:30
236.9,243.75,236.85,242.5,85200.0,1729503000.0,2024-10-21 15:00:00+05:30
242.5,243.7,241.6,242.05,15872.0,1729503300.0,2024-10-21 15:05:00+05:30
241.6,241.75,241.15,241.25,9184.0,1729503600.0,2024-10-21 15:10:00+05:30
241.3,242.5,239.2,239.2,28032.0,1729503900.0,2024-10-21 15:15:00+05:30
239.25,239.5,237.5,238.7,23164.0,1729504200.0,2024-10-21 15:20:00+05:30
238.5,238.65,233.5,234.25,28412.0,1729504500.0,2024-10-21 15:25:00+05:30
234.0,235.7,232.75,235.0,50792.0,1729568700.0,2024-10-22 09:15:00+05:30
234.6,234.95,232.55,233.05,23460.0,1729569000.0,2024-10-22 09:20:00+05:30
233.35,233.5,231.3,233.25,15684.0,1729569300.0,2024-10-22 09:25:00+05:30
233.4,235.95,233.05,235.7,26984.0,1729569600.0,2024-10-22 09:30:00+05:30
235.3,236.2,234.75,236.0,13360.0,1729569900.0,2024-10-22 09:35:00+05:30
236.05,238.7,235.5,237.9,30420.0,1729570200.0,2024-10-22 09:40:00+05:30
238.1,239.5,237.75,238.5,16860.0,1729570500.0,2024-10-22 09:45:00+05:30
238.5,241.75,238.2,240.45,29448.0,1729570800.0,2024-10-22 09:50:00+05:30
240.55,243.75,239.9,242.4,60236.0,1729571100.0,2024-10-22 09:55:00+05:30
243.0,243.25,242.05,242.45,27088.0,1729571400.0,2024-10-22 10:00:00+05:30
242.4,243.65,239.9,240.5,29488.0,1729571700.0,2024-10-22 10:05:00+05:30
240.75,241.2,239.0,239.6,20468.0,1729572000.0,2024-10-22 10:10:00+05:30
239.2,239.55,237.0,238.0,32124.0,1729572300.0,2024-10-22 10:15:00+05:30
238.05,238.75,236.8,237.4,9660.0,1729572600.0,2024-10-22 10:20:00+05:30
236.8,237.45,235.65,237.45,29820.0,1729572900.0,2024-10-22 10:25:00+05:30
237.1,238.1,235.15,235.9,26000.0,1729573200.0,2024-10-22 10:30:00+05:30
236.05,236.5,235.4,236.25,8192.0,1729573500.0,2024-10-22 10:35:00+05:30
236.2,236.25,233.8,234.05,43060.0,1729573800.0,2024-10-22 10:40:00+05:30
234.9,235.2,234.2,234.6,7912.0,1729574100.0,2024-10-22 10:45:00+05:30
235.0,236.6,235.0,236.2,13900.0,1729574400.0,2024-10-22 10:50:00+05:30
236.2,236.25,235.1,235.7,5072.0,1729574700.0,2024-10-22 10:55:00+05:30
235.75,236.25,235.45,235.95,4336.0,1729575000.0,2024-10-22 11:00:00+05:30
236.2,236.35,235.75,236.25,2540.0,1729575300.0,2024-10-22 11:05:00+05:30
235.95,236.25,235.25,235.95,6120.0,1729575600.0,2024-10-22 11:10:00+05:30
235.95,236.25,235.55,236.25,9296.0,1729575900.0,2024-10-22 11:15:00+05:30
236.25,236.6,235.4,235.75,3812.0,1729576200.0,2024-10-22 11:20:00+05:30
235.5,236.55,235.5,236.2,3076.0,1729576500.0,2024-10-22 11:25:00+05:30
236.2,238.4,235.85,238.4,26772.0,1729576800.0,2024-10-22 11:30:00+05:30
238.25,238.7,236.75,238.25,12016.0,1729577100.0,2024-10-22 11:35:00+05:30
238.2,238.25,237.1,237.45,7048.0,1729577400.0,2024-10-22 11:40:00+05:30
237.35,237.8,236.55,237.0,15748.0,1729577700.0,2024-10-22 11:45:00+05:30
237.0,237.0,236.25,236.25,2496.0,1729578000.0,2024-10-22 11:50:00+05:30
236.55,237.0,236.05,237.0,2624.0,1729578300.0,2024-10-22 11:55:00+05:30
236.95,237.0,236.5,236.9,1172.0,1729578600.0,2024-10-22 12:00:00+05:30
236.5,236.95,236.4,236.8,2156.0,1729578900.0,2024-10-22 12:05:00+05:30
236.8,237.0,236.4,236.4,6608.0,1729579200.0,2024-10-22 12:10:00+05:30
236.25,236.3,235.0,235.6,14120.0,1729579500.0,2024-10-22 12:15:00+05:30
235.3,235.85,234.05,234.75,9976.0,1729579800.0,2024-10-22 12:20:00+05:30
234.75,234.75,233.9,234.75,5744.0,1729580100.0,2024-10-22 12:25:00+05:30
235.25,235.25,234.65,235.05,2072.0,1729580400.0,2024-10-22 12:30:00+05:30
235.2,235.85,235.0,235.5,10100.0,1729580700.0,2024-10-22 12:35:00+05:30
235.3,235.85,235.1,235.55,2636.0,1729581000.0,2024-10-22 12:40:00+05:30
235.65,235.75,235.2,235.5,3476.0,1729581300.0,2024-10-22 12:45:00+05:30
235.5,235.85,234.8,235.0,5084.0,1729581600.0,2024-10-22 12:50:00+05:30
235.2,236.5,234.85,236.25,13040.0,1729581900.0,2024-10-22 12:55:00+05:30
236.25,236.25,235.8,235.8,1168.0,1729582200.0,2024-10-22 13:00:00+05:30
235.8,236.75,235.8,236.5,3908.0,1729582500.0,2024-10-22 13:05:00+05:30
236.5,237.25,236.1,237.0,3056.0,1729582800.0,2024-10-22 13:10:00+05:30
237.35,237.4,236.6,237.2,2112.0,1729583100.0,2024-10-22 13:15:00+05:30
237.25,237.25,236.5,237.05,5536.0,1729583400.0,2024-10-22 13:20:00+05:30
237.05,237.4,236.7,237.4,988.0,1729583700.0,2024-10-22 13:25:00+05:30
236.9,237.4,236.7,236.9,3520.0,1729584000.0,2024-10-22 13:30:00+05:30
236.8,237.45,236.8,237.45,1968.0,1729584300.0,2024-10-22 13:35:00+05:30
237.4,237.7,236.1,236.1,29328.0,1729584600.0,2024-10-22 13:40:00+05:30
236.3,236.35,235.5,236.05,4032.0,1729584900.0,2024-10-22 13:45:00+05:30
236.05,236.2,235.6,235.6,1668.0,1729585200.0,2024-10-22 13:50:00+05:30
235.6,236.0,235.05,235.65,4528.0,1729585500.0,2024-10-22 13:55:00+05:30
235.65,235.95,235.65,235.95,1552.0,1729585800.0,2024-10-22 14:00:00+05:30
236.0,236.0,234.05,234.25,6384.0,1729586100.0,2024-10-22 14:05:00+05:30
234.2,237.3,234.2,235.65,12108.0,1729586400.0,2024-10-22 14:10:00+05:30
235.55,235.6,234.4,235.0,4084.0,1729586700.0,2024-10-22 14:15:00+05:30
235.1,237.1,235.1,236.75,14400.0,1729587000.0,2024-10-22 14:20:00+05:30
236.5,236.7,234.75,235.0,3524.0,1729587300.0,2024-10-22 14:25:00+05:30
234.6,235.4,234.4,235.0,7584.0,1729587600.0,2024-10-22 14:30:00+05:30
235.0,235.0,233.75,234.1,6284.0,1729587900.0,2024-10-22 14:35:00+05:30
233.75,233.95,233.35,233.9,9240.0,1729588200.0,2024-10-22 14:40:00+05:30
233.9,233.95,232.55,232.85,15348.0,1729588500.0,2024-10-22 14:45:00+05:30
232.55,233.1,232.0,232.35,8328.0,1729588800.0,2024-10-22 14:50:00+05:30
232.35,232.4,231.0,231.75,14976.0,1729589100.0,2024-10-22 14:55:00+05:30
231.0,231.75,230.45,231.1,7280.0,1729589400.0,2024-10-22 15:00:00+05:30
230.8,231.75,230.5,230.55,6172.0,1729589700.0,2024-10-22 15:05:00+05:30
230.85,230.85,226.55,227.9,30276.0,1729590000.0,2024-10-22 15:10:00+05:30
227.9,228.7,225.5,227.5,36240.0,1729590300.0,2024-10-22 15:15:00+05:30
227.45,227.5,225.5,226.2,43128.0,1729590600.0,2024-10-22 15:20:00+05:30
226.3,228.7,226.3,228.7,13396.0,1729590900.0,2024-10-22 15:25:00+05:30
228.7,228.7,228.7,228.7,0.0,1729591200.0,2024-10-22 15:30:00+05:30
229.45,229.5,222.4,224.15,49028.0,1729655100.0,2024-10-23 09:15:00+05:30
223.85,227.35,223.85,225.15,23016.0,1729655400.0,2024-10-23 09:20:00+05:30
224.75,226.2,223.75,225.0,17396.0,1729655700.0,2024-10-23 09:25:00+05:30
225.0,225.75,224.0,225.75,14952.0,1729656000.0,2024-10-23 09:30:00+05:30
225.3,225.3,223.75,224.2,5876.0,1729656300.0,2024-10-23 09:35:00+05:30
223.8,224.4,222.2,222.35,12008.0,1729656600.0,2024-10-23 09:40:00+05:30
222.0,222.6,220.5,222.3,10768.0,1729656900.0,2024-10-23 09:45:00+05:30
222.55,226.2,222.4,225.8,20140.0,1729657200.0,2024-10-23 09:50:00+05:30
225.65,226.2,225.2,226.0,4304.0,1729657500.0,2024-10-23 09:55:00+05:30
226.0,228.2,226.0,228.2,6652.0,1729657800.0,2024-10-23 10:00:00+05:30
228.35,228.35,227.05,227.7,2536.0,1729658100.0,2024-10-23 10:05:00+05:30
227.75,228.5,226.5,226.5,12296.0,1729658400.0,2024-10-23 10:10:00+05:30
226.6,227.95,226.6,227.05,5492.0,1729658700.0,2024-10-23 10:15:00+05:30
226.75,227.3,226.75,227.2,1472.0,1729659000.0,2024-10-23 10:20:00+05:30
227.5,227.5,225.75,226.7,5696.0,1729659300.0,2024-10-23 10:25:00+05:30
226.55,226.65,225.25,225.25,5484.0,1729659600.0,2024-10-23 10:30:00+05:30
225.1,226.25,225.0,225.95,3064.0,1729659900.0,2024-10-23 10:35:00+05:30
225.95,226.2,225.3,225.5,1556.0,1729660200.0,2024-10-23 10:40:00+05:30
225.15,226.25,225.1,226.05,4612.0,1729660500.0,2024-10-23 10:45:00+05:30
226.0,226.55,225.8,226.55,996.0,1729660800.0,2024-10-23 10:50:00+05:30
226.55,227.1,225.9,226.35,2308.0,1729661100.0,2024-10-23 10:55:00+05:30
226.05,227.3,226.05,227.05,1072.0,1729661400.0,2024-10-23 11:00:00+05:30
226.8,227.75,226.8,227.05,1320.0,1729661700.0,2024-10-23 11:05:00+05:30
227.1,227.25,226.75,226.75,1516.0,1729662000.0,2024-10-23 11:10:00+05:30
226.8,227.5,226.65,227.3,2236.0,1729662300.0,2024-10-23 11:15:00+05:30
226.7,227.0,226.25,226.95,2052.0,1729662600.0,2024-10-23 11:20:00+05:30
227.0,227.05,226.25,226.65,1900.0,1729662900.0,2024-10-23 11:25:00+05:30
227.0,227.2,226.65,226.65,1488.0,1729663200.0,2024-10-23 11:30:00+05:30
226.75,227.2,226.65,226.75,2540.0,1729663500.0,2024-10-23 11:35:00+05:30
226.55,226.75,226.5,226.6,184.0,1729663800.0,2024-10-23 11:40:00+05:30
226.9,227.1,226.7,227.1,1356.0,1729664100.0,2024-10-23 11:45:00+05:30
226.9,227.1,226.5,226.6,1184.0,1729664400.0,2024-10-23 11:50:00+05:30
226.6,227.15,226.6,227.15,808.0,1729664700.0,2024-10-23 11:55:00+05:30
227.15,227.15,226.5,226.95,1460.0,1729665000.0,2024-10-23 12:00:00+05:30
226.75,227.5,226.25,227.1,10444.0,1729665300.0,2024-10-23 12:05:00+05:30
227.45,227.45,226.25,226.45,1256.0,1729665600.0,2024-10-23 12:10:00+05:30
226.45,227.0,226.3,226.7,3296.0,1729665900.0,2024-10-23 12:15:00+05:30
226.85,227.0,226.55,227.0,464.0,1729666200.0,2024-10-23 12:20:00+05:30
227.0,227.1,226.4,226.65,404.0,1729666500.0,2024-10-23 12:25:00+05:30
226.7,227.35,226.7,227.15,1612.0,1729666800.0,2024-10-23 12:30:00+05:30
227.15,227.7,226.9,227.5,1916.0,1729667100.0,2024-10-23 12:35:00+05:30
227.35,228.25,227.35,227.7,2012.0,1729667400.0,2024-10-23 12:40:00+05:30
228.05,228.05,227.55,227.75,492.0,1729667700.0,2024-10-23 12:45:00+05:30
227.95,228.7,227.7,228.7,9096.0,1729668000.0,2024-10-23 12:50:00+05:30
228.35,228.7,228.25,228.35,1724.0,1729668300.0,2024-10-23 12:55:00+05:30
228.4,228.75,228.25,228.5,2520.0,1729668600.0,2024-10-23 13:00:00+05:30
228.5,228.65,228.5,228.55,212.0,1729668900.0,2024-10-23 13:05:00+05:30
228.75,228.75,227.25,227.25,3140.0,1729669200.0,2024-10-23 13:10:00+05:30
227.25,227.5,227.25,227.25,420.0,1729669500.0,2024-10-23 13:15:00+05:30
227.45,228.0,227.0,228.0,1356.0,1729669800.0,2024-10-23 13:20:00+05:30
227.9,227.9,227.5,227.9,580.0,1729670100.0,2024-10-23 13:25:00+05:30
228.25,228.45,227.9,228.45,1148.0,1729670400.0,2024-10-23 13:30:00+05:30
228.45,228.5,228.35,228.5,232.0,1729670700.0,2024-10-23 13:35:00+05:30
228.4,228.75,228.3,228.75,3064.0,1729671000.0,2024-10-23 13:40:00+05:30
228.75,229.25,228.7,229.1,1496.0,1729671300.0,2024-10-23 13:45:00+05:30
229.2,229.7,228.8,229.7,880.0,1729671600.0,2024-10-23 13:50:00+05:30
229.7,230.7,229.1,230.7,3672.0,1729671900.0,2024-10-23 13:55:00+05:30
230.7,230.85,229.2,229.2,6896.0,1729672200.0,2024-10-23 14:00:00+05:30
229.05,229.05,227.8,228.0,3868.0,1729672500.0,2024-10-23 14:05:00+05:30
227.75,228.0,227.0,227.0,3988.0,1729672800.0,2024-10-23 14:10:00+05:30
227.15,227.25,226.9,227.0,860.0,1729673100.0,2024-10-23 14:15:00+05:30
227.3,227.3,226.4,226.85,1720.0,1729673400.0,2024-10-23 14:20:00+05:30
226.65,228.0,226.65,226.8,5400.0,1729673700.0,2024-10-23 14:25:00+05:30
227.0,227.5,226.9,227.3,884.0,1729674000.0,2024-10-23 14:30:00+05:30
227.2,228.15,226.6,227.2,3056.0,1729674300.0,2024-10-23 14:35:00+05:30
227.2,227.3,226.5,226.5,796.0,1729674600.0,2024-10-23 14:40:00+05:30
226.25,227.35,226.25,227.35,2532.0,1729674900.0,2024-10-23 14:45:00+05:30
227.45,227.5,227.15,227.25,548.0,1729675200.0,2024-10-23 14:50:00+05:30
227.5,228.05,226.9,226.9,1940.0,1729675500.0,2024-10-23 14:55:00+05:30
226.9,229.4,226.9,228.9,22556.0,1729675800.0,2024-10-23 15:00:00+05:30
229.2,229.95,228.35,228.5,9492.0,1729676100.0,2024-10-23 15:05:00+05:30
229.05,229.2,227.85,227.9,7608.0,1729676400.0,2024-10-23 15:10:00+05:30
227.9,227.9,226.6,227.3,5644.0,1729676700.0,2024-10-23 15:15:00+05:30
227.3,234.55,227.05,231.9,34216.0,1729677000.0,2024-10-23 15:20:00+05:30
232.5,232.5,228.8,231.5,9708.0,1729677300.0,2024-10-23 15:25:00+05:30
231.5,231.5,231.5,231.5,0.0,1729677600.0,2024-10-23 15:30:00+05:30
230.5,233.6,228.3,228.9,20072.0,1729741500.0,2024-10-24 09:15:00+05:30
228.6,229.95,226.8,229.6,21212.0,1729741800.0,2024-10-24 09:20:00+05:30
229.4,229.75,227.8,227.8,3120.0,1729742100.0,2024-10-24 09:25:00+05:30
227.5,228.45,226.8,227.05,16304.0,1729742400.0,2024-10-24 09:30:00+05:30
226.8,227.2,226.5,227.2,6548.0,1729742700.0,2024-10-24 09:35:00+05:30
227.35,227.35,226.0,227.0,2948.0,1729743000.0,2024-10-24 09:40:00+05:30
226.5,226.75,225.5,225.65,9324.0,1729743300.0,2024-10-24 09:45:00+05:30
225.5,225.6,224.3,225.0,13224.0,1729743600.0,2024-10-24 09:50:00+05:30
225.25,225.7,224.5,225.2,11832.0,1729743900.0,2024-10-24 09:55:00+05:30
225.5,225.7,224.5,224.75,7404.0,1729744200.0,2024-10-24 10:00:00+05:30
224.75,225.25,224.35,225.25,5568.0,1729744500.0,2024-10-24 10:05:00+05:30
225.45,225.7,224.9,225.0,3108.0,1729744800.0,2024-10-24 10:10:00+05:30
224.75,226.25,224.75,226.25,3004.0,1729745100.0,2024-10-24 10:15:00+05:30
225.9,226.25,224.5,225.2,6900.0,1729745400.0,2024-10-24 10:20:00+05:30
224.75,225.3,224.5,225.0,4272.0,1729745700.0,2024-10-24 10:25:00+05:30
224.65,225.0,224.5,224.8,1908.0,1729746000.0,2024-10-24 10:30:00+05:30
224.8,224.85,223.8,224.45,7584.0,1729746300.0,2024-10-24 10:35:00+05:30
224.05,224.4,223.8,224.3,2284.0,1729746600.0,2024-10-24 10:40:00+05:30
224.3,224.35,223.0,223.5,11700.0,1729746900.0,2024-10-24 10:45:00+05:30
223.4,224.05,223.4,223.9,1392.0,1729747200.0,2024-10-24 10:50:00+05:30
223.9,224.0,223.15,223.2,1624.0,1729747500.0,2024-10-24 10:55:00+05:30
223.4,223.5,223.05,223.3,1088.0,1729747800.0,2024-10-24 11:00:00+05:30
223.5,223.5,222.55,222.65,3480.0,1729748100.0,2024-10-24 11:05:00+05:30
222.9,223.2,222.6,222.95,1832.0,1729748400.0,2024-10-24 11:10:00+05:30
222.95,223.2,222.75,223.1,1128.0,1729748700.0,2024-10-24 11:15:00+05:30
223.2,223.3,222.8,223.0,2720.0,1729749000.0,2024-10-24 11:20:00+05:30
223.3,223.75,223.2,223.35,1860.0,1729749300.0,2024-10-24 11:25:00+05:30
223.6,223.75,223.15,223.75,1712.0,1729749600.0,2024-10-24 11:30:00+05:30
223.75,224.5,223.5,224.5,1772.0,1729749900.0,2024-10-24 11:35:00+05:30
224.7,224.75,224.3,224.7,1576.0,1729750200.0,2024-10-24 11:40:00+05:30
224.7,224.7,224.2,224.6,3248.0,1729750500.0,2024-10-24 11:45:00+05:30
224.35,224.7,224.25,224.25,1188.0,1729750800.0,2024-10-24 11:50:00+05:30
224.55,224.6,224.0,224.2,472.0,1729751100.0,2024-10-24 11:55:00+05:30
224.5,224.6,223.0,223.05,6056.0,1729751400.0,2024-10-24 12:00:00+05:30
223.05,223.35,223.0,223.3,2592.0,1729751700.0,2024-10-24 12:05:00+05:30
223.05,223.75,223.0,223.7,3816.0,1729752000.0,2024-10-24 12:10:00+05:30
223.7,223.7,223.35,223.4,764.0,1729752300.0,2024-10-24 12:15:00+05:30
223.7,223.7,222.8,223.2,1844.0,1729752600.0,2024-10-24 12:20:00+05:30
223.25,223.35,222.65,223.1,4044.0,1729752900.0,2024-10-24 12:25:00+05:30
223.2,223.25,222.9,223.25,912.0,1729753200.0,2024-10-24 12:30:00+05:30
223.0,223.3,222.9,223.3,1096.0,1729753500.0,2024-10-24 12:35:00+05:30
223.0,223.75,223.0,223.4,1256.0,1729753800.0,2024-10-24 12:40:00+05:30
223.7,223.7,223.35,223.35,208.0,1729754100.0,2024-10-24 12:45:00+05:30
223.3,223.75,223.3,223.45,988.0,1729754400.0,2024-10-24 12:50:00+05:30
223.5,223.7,222.85,223.3,1764.0,1729754700.0,2024-10-24 12:55:00+05:30
223.25,223.65,223.25,223.35,448.0,1729755000.0,2024-10-24 13:00:00+05:30
223.35,223.8,223.35,223.8,5648.0,1729755300.0,2024-10-24 13:05:00+05:30
224.25,224.25,223.6,223.7,932.0,1729755600.0,2024-10-24 13:10:00+05:30
223.7,224.2,223.4,223.9,1660.0,1729755900.0,2024-10-24 13:15:00+05:30
223.6,223.7,222.55,223.25,5476.0,1729756200.0,2024-10-24 13:20:00+05:30
223.2,223.2,221.75,222.0,7020.0,1729756500.0,2024-10-24 13:25:00+05:30
222.0,222.3,221.75,222.25,1004.0,1729756800.0,2024-10-24 13:30:00+05:30
222.25,222.5,222.05,222.25,3528.0,1729757100.0,2024-10-24 13:35:00+05:30
222.25,222.5,222.15,222.35,1508.0,1729757400.0,2024-10-24 13:40:00+05:30
222.4,222.4,221.65,222.25,2820.0,1729757700.0,2024-10-24 13:45:00+05:30
222.25,222.35,221.9,222.3,2004.0,1729758000.0,2024-10-24 13:50:00+05:30
222.25,222.25,221.75,222.15,560.0,1729758300.0,2024-10-24 13:55:00+05:30
222.15,222.3,221.9,222.0,1352.0,1729758600.0,2024-10-24 14:00:00+05:30
222.0,222.3,221.8,221.9,1068.0,1729758900.0,2024-10-24 14:05:00+05:30
222.1,222.3,221.75,222.2,2236.0,1729759200.0,2024-10-24 14:10:00+05:30
222.2,222.2,221.25,221.75,5276.0,1729759500.0,2024-10-24 14:15:00+05:30
222.05,222.1,220.05,220.7,8932.0,1729759800.0,2024-10-24 14:20:00+05:30
220.75,221.75,220.55,221.75,2388.0,1729760100.0,2024-10-24 14:25:00+05:30
221.75,222.05,221.4,221.4,1924.0,1729760400.0,2024-10-24 14:30:00+05:30
221.7,221.9,221.5,221.55,1388.0,1729760700.0,2024-10-24 14:35:00+05:30
221.65,222.2,221.65,222.0,2236.0,1729761000.0,2024-10-24 14:40:00+05:30
222.2,222.25,221.6,222.0,1872.0,1729761300.0,2024-10-24 14:45:00+05:30
222.0,222.5,221.9,222.5,9068.0,1729761600.0,2024-10-24 14:50:00+05:30
222.5,222.5,222.5,222.5,412.0,1729761900.0,2024-10-24 14:55:00+05:30
222.15,222.25,221.75,222.0,2264.0,1729762200.0,2024-10-24 15:00:00+05:30
221.9,222.75,221.6,222.75,22028.0,1729762500.0,2024-10-24 15:05:00+05:30
222.75,222.75,220.55,220.55,13040.0,1729762800.0,2024-10-24 15:10:00+05:30
220.8,221.25,220.25,221.1,12724.0,1729763100.0,2024-10-24 15:15:00+05:30
220.55,221.7,220.05,220.7,7640.0,1729763400.0,2024-10-24 15:20:00+05:30
220.8,220.95,220.0,220.0,9600.0,1729763700.0,2024-10-24 15:25:00+05:30
220.0,220.0,220.0,220.0,0.0,1729764000.0,2024-10-24 15:30:00+05:30
222.5,222.75,216.7,218.0,18188.0,1729827900.0,2024-10-25 09:15:00+05:30
218.0,219.75,217.55,218.5,10056.0,1729828200.0,2024-10-25 09:20:00+05:30
218.45,218.95,217.1,217.1,12372.0,1729828500.0,2024-10-25 09:25:00+05:30
217.0,217.45,216.1,217.15,10156.0,1729828800.0,2024-10-25 09:30:00+05:30
217.0,217.5,216.65,217.25,6512.0,1729829100.0,2024-10-25 09:35:00+05:30
216.75,217.5,215.15,217.2,13400.0,1729829400.0,2024-10-25 09:40:00+05:30
217.2,217.25,215.1,215.4,8716.0,1729829700.0,2024-10-25 09:45:00+05:30
215.0,215.2,213.2,213.75,28920.0,1729830000.0,2024-10-25 09:50:00+05:30
213.7,214.85,212.9,213.35,22192.0,1729830300.0,2024-10-25 09:55:00+05:30
213.0,213.35,211.25,212.45,53616.0,1729830600.0,2024-10-25 10:00:00+05:30
212.55,213.1,212.0,212.3,8512.0,1729830900.0,2024-10-25 10:05:00+05:30
212.05,213.4,212.05,213.2,14804.0,1729831200.0,2024-10-25 10:10:00+05:30
212.9,214.4,212.55,214.1,19868.0,1729831500.0,2024-10-25 10:15:00+05:30
214.1,217.2,214.1,216.7,6924.0,1729831800.0,2024-10-25 10:20:00+05:30
216.85,216.95,215.15,215.55,4736.0,1729832100.0,2024-10-25 10:25:00+05:30
215.5,216.25,214.5,215.0,17928.0,1729832400.0,2024-10-25 10:30:00+05:30
214.6,215.1,214.25,214.25,1708.0,1729832700.0,2024-10-25 10:35:00+05:30
214.15,214.3,213.65,213.9,8064.0,1729833000.0,2024-10-25 10:40:00+05:30
213.9,214.2,213.1,213.4,8940.0,1729833300.0,2024-10-25 10:45:00+05:30
213.45,214.7,213.45,214.2,4780.0,1729833600.0,2024-10-25 10:50:00+05:30
214.2,215.05,213.6,215.05,10444.0,1729833900.0,2024-10-25 10:55:00+05:30
215.3,215.6,214.2,214.55,4096.0,1729834200.0,2024-10-25 11:00:00+05:30
214.6,215.35,214.55,214.9,2236.0,1729834500.0,2024-10-25 11:05:00+05:30
214.6,215.65,214.5,215.65,3200.0,1729834800.0,2024-10-25 11:10:00+05:30
215.75,216.7,215.4,216.7,2256.0,1729835100.0,2024-10-25 11:15:00+05:30
216.5,216.85,216.0,216.85,9388.0,1729835400.0,2024-10-25 11:20:00+05:30
216.9,217.0,215.85,216.0,2340.0,1729835700.0,2024-10-25 11:25:00+05:30
216.1,216.1,214.65,215.5,7168.0,1729836000.0,2024-10-25 11:30:00+05:30
214.95,216.45,214.9,216.45,9176.0,1729836300.0,2024-10-25 11:35:00+05:30
216.7,217.3,214.85,217.15,12056.0,1729836600.0,2024-10-25 11:40:00+05:30
217.2,217.5,216.25,217.25,10840.0,1729836900.0,2024-10-25 11:45:00+05:30
217.5,217.6,217.0,217.6,1732.0,1729837200.0,2024-10-25 11:50:00+05:30
217.3,217.45,216.6,217.2,3400.0,1729837500.0,2024-10-25 11:55:00+05:30
217.5,217.75,217.3,217.65,720.0,1729837800.0,2024-10-25 12:00:00+05:30
217.65,218.2,217.6,218.2,1984.0,1729838100.0,2024-10-25 12:05:00+05:30
217.8,218.05,217.2,217.3,3320.0,1729838400.0,2024-10-25 12:10:00+05:30
217.3,217.45,216.8,217.25,2620.0,1729838700.0,2024-10-25 12:15:00+05:30
217.35,218.0,216.9,217.0,4408.0,1729839000.0,2024-10-25 12:20:00+05:30
217.3,217.45,216.6,217.45,1124.0,1729839300.0,2024-10-25 12:25:00+05:30
217.15,217.6,217.05,217.6,796.0,1729839600.0,2024-10-25 12:30:00+05:30
217.35,218.1,217.1,217.9,3936.0,1729839900.0,2024-10-25 12:35:00+05:30
217.8,218.2,217.55,218.2,2320.0,1729840200.0,2024-10-25 12:40:00+05:30
218.2,218.75,217.5,217.5,2444.0,1729840500.0,2024-10-25 12:45:00+05:30
217.5,217.8,217.5,217.8,500.0,1729840800.0,2024-10-25 12:50:00+05:30
217.8,218.2,217.75,218.2,1348.0,1729841100.0,2024-10-25 12:55:00+05:30
218.2,218.35,217.8,218.25,1796.0,1729841400.0,2024-10-25 13:00:00+05:30
218.25,218.3,217.75,218.1,1008.0,1729841700.0,2024-10-25 13:05:00+05:30
218.1,218.1,216.65,217.3,3100.0,1729842000.0,2024-10-25 13:10:00+05:30
217.35,217.7,217.3,217.7,376.0,1729842300.0,2024-10-25 13:15:00+05:30
217.7,217.7,217.0,217.6,1420.0,1729842600.0,2024-10-25 13:20:00+05:30
217.0,217.3,216.6,217.3,1184.0,1729842900.0,2024-10-25 13:25:00+05:30
217.4,217.4,216.8,217.25,2296.0,1729843200.0,2024-10-25 13:30:00+05:30
217.0,217.25,216.25,216.9,14796.0,1729843500.0,2024-10-25 13:35:00+05:30
216.55,216.6,213.0,215.6,128984.0,1729843800.0,2024-10-25 13:40:00+05:30
215.6,216.0,215.35,215.9,7032.0,1729844100.0,2024-10-25 13:45:00+05:30
215.9,216.25,215.8,216.25,760.0,1729844400.0,2024-10-25 13:50:00+05:30
216.25,216.25,215.3,215.5,3664.0,1729844700.0,2024-10-25 13:55:00+05:30
215.5,215.5,214.5,214.5,4172.0,1729845000.0,2024-10-25 14:00:00+05:30
214.3,214.65,213.6,213.65,4000.0,1729845300.0,2024-10-25 14:05:00+05:30
213.25,213.95,213.25,213.95,4196.0,1729845600.0,2024-10-25 14:10:00+05:30
213.95,215.2,213.55,215.2,4476.0,1729845900.0,2024-10-25 14:15:00+05:30
214.85,215.3,213.9,215.3,5652.0,1729846200.0,2024-10-25 14:20:00+05:30
215.35,217.05,215.15,217.05,7812.0,1729846500.0,2024-10-25 14:25:00+05:30
217.3,217.3,214.1,215.75,7720.0,1729846800.0,2024-10-25 14:30:00+05:30
215.75,216.2,215.1,216.0,3292.0,1729847100.0,2024-10-25 14:35:00+05:30
216.0,216.25,215.45,216.25,2500.0,1729847400.0,2024-10-25 14:40:00+05:30
216.25,216.75,215.7,216.75,6440.0,1729847700.0,2024-10-25 14:45:00+05:30
217.1,217.25,213.5,213.5,12976.0,1729848000.0,2024-10-25 14:50:00+05:30
213.5,216.2,213.3,215.9,8824.0,1729848300.0,2024-10-25 14:55:00+05:30
216.2,216.45,214.85,215.6,4364.0,1729848600.0,2024-10-25 15:00:00+05:30
215.65,216.2,215.1,215.1,6016.0,1729848900.0,2024-10-25 15:05:00+05:30
215.55,216.2,215.3,215.7,2888.0,1729849200.0,2024-10-25 15:10:00+05:30
216.2,216.6,215.65,216.6,6504.0,1729849500.0,2024-10-25 15:15:00+05:30
216.7,217.4,215.6,217.35,16808.0,1729849800.0,2024-10-25 15:20:00+05:30
217.25,217.45,214.0,215.05,17560.0,1729850100.0,2024-10-25 15:25:00+05:30
215.8,222.75,215.55,215.6,18300.0,1730087100.0,2024-10-28 09:15:00+05:30
215.4,219.6,215.0,219.1,13932.0,1730087400.0,2024-10-28 09:20:00+05:30
219.2,220.15,217.7,218.25,7280.0,1730087700.0,2024-10-28 09:25:00+05:30
218.25,218.4,215.55,215.8,8320.0,1730088000.0,2024-10-28 09:30:00+05:30
215.2,215.2,213.8,214.55,11232.0,1730088300.0,2024-10-28 09:35:00+05:30
214.6,215.95,214.25,215.05,15680.0,1730088600.0,2024-10-28 09:40:00+05:30
215.05,215.05,212.5,214.8,27856.0,1730088900.0,2024-10-28 09:45:00+05:30
214.8,217.35,214.5,217.3,6868.0,1730089200.0,2024-10-28 09:50:00+05:30
216.95,218.0,216.75,216.75,4292.0,1730089500.0,2024-10-28 09:55:00+05:30
216.8,217.0,216.0,216.0,1600.0,1730089800.0,2024-10-28 10:00:00+05:30
216.45,217.45,216.05,217.3,2392.0,1730090100.0,2024-10-28 10:05:00+05:30
217.3,217.3,216.65,216.75,1856.0,1730090400.0,2024-10-28 10:10:00+05:30
216.75,217.95,216.3,217.5,3768.0,1730090700.0,2024-10-28 10:15:00+05:30
217.85,217.85,216.75,217.2,1700.0,1730091000.0,2024-10-28 10:20:00+05:30
217.1,217.9,216.55,217.55,3608.0,1730091300.0,2024-10-28 10:25:00+05:30
218.0,218.5,216.5,218.2,8312.0,1730091600.0,2024-10-28 10:30:00+05:30
218.2,218.5,217.65,218.5,1372.0,1730091900.0,2024-10-28 10:35:00+05:30
218.5,218.7,218.1,218.7,508.0,1730092200.0,2024-10-28 10:40:00+05:30
218.7,219.6,218.55,219.6,1356.0,1730092500.0,2024-10-28 10:45:00+05:30
219.6,219.7,219.05,219.55,1424.0,1730092800.0,2024-10-28 10:50:00+05:30
219.1,219.75,218.7,219.7,1212.0,1730093100.0,2024-10-28 10:55:00+05:30
219.7,221.35,219.15,221.1,9328.0,1730093400.0,2024-10-28 11:00:00+05:30
221.25,221.5,220.3,220.9,1728.0,1730093700.0,2024-10-28 11:05:00+05:30
220.85,221.5,220.4,221.5,1532.0,1730094000.0,2024-10-28 11:10:00+05:30
220.9,223.5,220.9,223.5,17976.0,1730094300.0,2024-10-28 11:15:00+05:30
223.0,223.0,222.0,222.75,2744.0,1730094600.0,2024-10-28 11:20:00+05:30
222.75,223.75,222.35,223.45,2176.0,1730094900.0,2024-10-28 11:25:00+05:30
223.7,224.2,222.9,223.2,10360.0,1730095200.0,2024-10-28 11:30:00+05:30
222.55,222.9,222.3,222.85,2384.0,1730095500.0,2024-10-28 11:35:00+05:30
222.8,223.7,222.5,223.45,3004.0,1730095800.0,2024-10-28 11:40:00+05:30
223.45,223.6,222.5,223.05,4728.0,1730096100.0,2024-10-28 11:45:00+05:30
223.45,223.75,222.55,222.95,10340.0,1730096400.0,2024-10-28 11:50:00+05:30
223.4,223.4,223.0,223.3,1136.0,1730096700.0,2024-10-28 11:55:00+05:30
222.75,223.35,222.65,223.1,3372.0,1730097000.0,2024-10-28 12:00:00+05:30
223.2,223.2,221.6,221.65,7252.0,1730097300.0,2024-10-28 12:05:00+05:30
221.65,222.25,220.9,222.1,5156.0,1730097600.0,2024-10-28 12:10:00+05:30
222.15,222.2,221.5,221.7,340.0,1730097900.0,2024-10-28 12:15:00+05:30
221.7,221.8,221.4,221.8,1080.0,1730098200.0,2024-10-28 12:20:00+05:30
221.75,221.9,221.4,221.55,1444.0,1730098500.0,2024-10-28 12:25:00+05:30
221.85,222.1,221.55,222.1,608.0,1730098800.0,2024-10-28 12:30:00+05:30
222.6,222.6,222.15,222.15,768.0,1730099100.0,2024-10-28 12:35:00+05:30
222.45,222.45,221.25,221.6,3676.0,1730099400.0,2024-10-28 12:40:00+05:30
221.2,221.8,221.2,221.75,488.0,1730099700.0,2024-10-28 12:45:00+05:30
221.1,221.7,220.9,221.65,2872.0,1730100000.0,2024-10-28 12:50:00+05:30
221.65,221.8,221.65,221.8,216.0,1730100300.0,2024-10-28 12:55:00+05:30
221.8,221.85,221.45,221.8,900.0,1730100600.0,2024-10-28 13:00:00+05:30
221.25,221.8,221.05,221.8,1648.0,1730100900.0,2024-10-28 13:05:00+05:30
221.8,222.0,221.35,222.0,996.0,1730101200.0,2024-10-28 13:10:00+05:30
221.55,222.35,221.55,222.25,744.0,1730101500.0,2024-10-28 13:15:00+05:30
222.25,222.35,222.25,222.35,392.0,1730101800.0,2024-10-28 13:20:00+05:30
222.35,222.4,222.0,222.05,588.0,1730102100.0,2024-10-28 13:25:00+05:30
222.1,222.45,222.05,222.4,412.0,1730102400.0,2024-10-28 13:30:00+05:30
222.5,222.65,222.5,222.65,416.0,1730102700.0,2024-10-28 13:35:00+05:30
222.65,222.65,222.3,222.6,848.0,1730103000.0,2024-10-28 13:40:00+05:30
222.6,222.6,221.9,222.05,1196.0,1730103300.0,2024-10-28 13:45:00+05:30
222.4,222.4,221.6,221.6,1204.0,1730103600.0,2024-10-28 13:50:00+05:30
221.55,222.2,221.55,222.2,552.0,1730103900.0,2024-10-28 13:55:00+05:30
221.95,222.3,221.25,221.6,1784.0,1730104200.0,2024-10-28 14:00:00+05:30
221.25,221.6,221.1,221.6,1488.0,1730104500.0,2024-10-28 14:05:00+05:30
221.6,221.6,220.95,221.0,2460.0,1730104800.0,2024-10-28 14:10:00+05:30
221.35,222.8,221.35,222.15,3428.0,1730105100.0,2024-10-28 14:15:00+05:30
222.3,222.3,221.4,221.4,2012.0,1730105400.0,2024-10-28 14:20:00+05:30
221.45,222.1,221.45,222.1,376.0,1730105700.0,2024-10-28 14:25:00+05:30
222.05,222.15,221.65,222.15,148.0,1730106000.0,2024-10-28 14:30:00+05:30
222.15,222.15,220.95,221.35,8868.0,1730106300.0,2024-10-28 14:35:00+05:30
221.35,221.55,220.95,221.25,460.0,1730106600.0,2024-10-28 14:40:00+05:30
221.6,221.8,221.35,221.7,828.0,1730106900.0,2024-10-28 14:45:00+05:30
221.35,221.8,221.25,221.4,1088.0,1730107200.0,2024-10-28 14:50:00+05:30
221.5,221.5,221.05,221.3,436.0,1730107500.0,2024-10-28 14:55:00+05:30
221.35,222.45,220.25,222.45,6584.0,1730107800.0,2024-10-28 15:00:00+05:30
222.1,223.7,221.85,223.1,9600.0,1730108100.0,2024-10-28 15:05:00+05:30
223.0,225.0,222.3,224.3,20860.0,1730108400.0,2024-10-28 15:10:00+05:30
224.65,225.0,223.1,223.8,13784.0,1730108700.0,2024-10-28 15:15:00+05:30
224.75,224.75,222.75,223.8,8912.0,1730109000.0,2024-10-28 15:20:00+05:30
223.8,224.75,222.55,222.8,5824.0,1730109300.0,2024-10-28 15:25:00+05:30
222.8,222.8,222.8,222.8,0.0,1730109600.0,2024-10-28 15:30:00+05:30
223.5,224.75,219.4,220.9,23148.0,1730173500.0,2024-10-29 09:15:00+05:30
220.9,221.0,219.2,220.35,7896.0,1730173800.0,2024-10-29 09:20:00+05:30
220.5,220.85,218.85,220.05,11532.0,1730174100.0,2024-10-29 09:25:00+05:30
220.5,221.2,220.05,221.2,4148.0,1730174400.0,2024-10-29 09:30:00+05:30
221.25,222.0,220.8,221.2,4016.0,1730174700.0,2024-10-29 09:35:00+05:30
221.5,221.9,220.95,221.25,5260.0,1730175000.0,2024-10-29 09:40:00+05:30
221.25,221.35,220.15,220.9,2208.0,1730175300.0,2024-10-29 09:45:00+05:30
220.5,221.2,220.4,220.65,2104.0,1730175600.0,2024-10-29 09:50:00+05:30
220.9,222.25,220.35,220.35,16248.0,1730175900.0,2024-10-29 09:55:00+05:30
220.65,220.95,219.1,220.0,15008.0,1730176200.0,2024-10-29 10:00:00+05:30
220.0,220.0,218.8,219.75,3628.0,1730176500.0,2024-10-29 10:05:00+05:30
219.75,219.95,219.2,219.7,1844.0,1730176800.0,2024-10-29 10:10:00+05:30
219.85,219.85,219.0,219.3,1528.0,1730177100.0,2024-10-29 10:15:00+05:30
219.3,219.75,218.75,219.75,4036.0,1730177400.0,2024-10-29 10:20:00+05:30
219.7,219.75,218.25,219.7,5084.0,1730177700.0,2024-10-29 10:25:00+05:30
219.7,219.7,218.15,218.55,3492.0,1730178000.0,2024-10-29 10:30:00+05:30
218.6,219.2,218.6,218.95,2684.0,1730178300.0,2024-10-29 10:35:00+05:30
218.95,218.95,217.75,218.6,7092.0,1730178600.0,2024-10-29 10:40:00+05:30
218.6,219.3,218.0,218.75,3248.0,1730178900.0,2024-10-29 10:45:00+05:30
219.3,219.45,218.7,219.4,2404.0,1730179200.0,2024-10-29 10:50:00+05:30
219.35,219.4,218.65,219.3,956.0,1730179500.0,2024-10-29 10:55:00+05:30
219.35,219.75,218.85,219.4,2552.0,1730179800.0,2024-10-29 11:00:00+05:30
219.6,219.6,216.75,217.6,18484.0,1730180100.0,2024-10-29 11:05:00+05:30
217.5,217.6,217.0,217.45,1292.0,1730180400.0,2024-10-29 11:10:00+05:30
217.25,217.25,215.95,216.3,5092.0,1730180700.0,2024-10-29 11:15:00+05:30
215.9,216.2,215.6,216.15,2128.0,1730181000.0,2024-10-29 11:20:00+05:30
216.2,216.5,215.95,216.5,2104.0,1730181300.0,2024-10-29 11:25:00+05:30
216.25,216.6,216.0,216.6,1048.0,1730181600.0,2024-10-29 11:30:00+05:30
216.6,216.7,215.85,216.15,2032.0,1730181900.0,2024-10-29 11:35:00+05:30
216.25,216.7,216.0,216.5,3360.0,1730182200.0,2024-10-29 11:40:00+05:30
216.7,216.8,215.75,216.8,2248.0,1730182500.0,2024-10-29 11:45:00+05:30
216.8,216.8,216.1,216.65,928.0,1730182800.0,2024-10-29 11:50:00+05:30
216.65,216.75,216.35,216.7,584.0,1730183100.0,2024-10-29 11:55:00+05:30
216.65,216.8,216.4,216.75,844.0,1730183400.0,2024-10-29 12:00:00+05:30
216.7,216.7,216.3,216.55,644.0,1730183700.0,2024-10-29 12:05:00+05:30
216.65,216.8,216.4,216.8,824.0,1730184000.0,2024-10-29 12:10:00+05:30
216.8,216.8,216.45,216.75,640.0,1730184300.0,2024-10-29 12:15:00+05:30
216.5,216.85,216.4,216.75,676.0,1730184600.0,2024-10-29 12:20:00+05:30
216.75,216.75,214.75,215.5,12364.0,1730184900.0,2024-10-29 12:25:00+05:30
214.75,215.3,214.55,215.3,4060.0,1730185200.0,2024-10-29 12:30:00+05:30
215.0,215.8,215.0,215.75,452.0,1730185500.0,2024-10-29 12:35:00+05:30
215.8,215.85,215.5,215.8,168.0,1730185800.0,2024-10-29 12:40:00+05:30
215.75,215.8,215.25,215.3,1004.0,1730186100.0,2024-10-29 12:45:00+05:30
215.5,215.65,215.25,215.6,788.0,1730186400.0,2024-10-29 12:50:00+05:30
215.3,215.75,215.3,215.75,5388.0,1730186700.0,2024-10-29 12:55:00+05:30
215.9,216.2,215.5,215.95,1792.0,1730187000.0,2024-10-29 13:00:00+05:30
216.1,216.8,216.0,216.3,3164.0,1730187300.0,2024-10-29 13:05:00+05:30
216.75,216.75,215.5,215.5,4956.0,1730187600.0,2024-10-29 13:10:00+05:30
215.7,216.1,215.25,215.55,10940.0,1730187900.0,2024-10-29 13:15:00+05:30
215.4,215.75,215.15,215.55,2260.0,1730188200.0,2024-10-29 13:20:00+05:30
215.6,215.75,215.6,215.75,648.0,1730188500.0,2024-10-29 13:25:00+05:30
215.75,216.1,215.65,216.1,448.0,1730188800.0,2024-10-29 13:30:00+05:30
215.9,216.85,215.55,216.1,3980.0,1730189100.0,2024-10-29 13:35:00+05:30
216.1,216.1,215.3,215.8,1632.0,1730189400.0,2024-10-29 13:40:00+05:30
215.85,216.1,215.6,215.6,808.0,1730189700.0,2024-10-29 13:45:00+05:30
215.6,215.75,215.0,215.0,4520.0,1730190000.0,2024-10-29 13:50:00+05:30
215.35,215.5,215.1,215.5,788.0,1730190300.0,2024-10-29 13:55:00+05:30
215.5,215.8,215.25,215.55,1100.0,1730190600.0,2024-10-29 14:00:00+05:30
215.6,215.7,215.3,215.7,936.0,1730190900.0,2024-10-29 14:05:00+05:30
215.75,215.85,215.5,215.75,1340.0,1730191200.0,2024-10-29 14:10:00+05:30
215.9,216.1,215.55,216.0,576.0,1730191500.0,2024-10-29 14:15:00+05:30
215.6,216.1,215.55,215.6,1000.0,1730191800.0,2024-10-29 14:20:00+05:30
216.05,216.25,215.7,216.0,1668.0,1730192100.0,2024-10-29 14:25:00+05:30
216.35,216.5,215.0,215.65,8156.0,1730192400.0,2024-10-29 14:30:00+05:30
215.7,216.1,215.25,215.8,3920.0,1730192700.0,2024-10-29 14:35:00+05:30
215.95,216.2,215.8,215.85,1240.0,1730193000.0,2024-10-29 14:40:00+05:30
216.15,216.75,216.15,216.65,1304.0,1730193300.0,2024-10-29 14:45:00+05:30
216.65,217.45,216.4,217.1,17684.0,1730193600.0,2024-10-29 14:50:00+05:30
217.4,217.45,216.7,216.75,2204.0,1730193900.0,2024-10-29 14:55:00+05:30
217.05,217.05,216.3,216.85,3804.0,1730194200.0,2024-10-29 15:00:00+05:30
216.7,217.85,216.25,217.75,15448.0,1730194500.0,2024-10-29 15:05:00+05:30
218.25,218.75,217.6,217.6,24332.0,1730194800.0,2024-10-29 15:10:00+05:30
217.6,218.05,216.35,216.75,6700.0,1730195100.0,2024-10-29 15:15:00+05:30
217.2,217.45,215.65,216.5,17884.0,1730195400.0,2024-10-29 15:20:00+05:30
216.6,216.7,215.65,216.25,7492.0,1730195700.0,2024-10-29 15:25:00+05:30
216.25,216.25,216.25,216.25,0.0,1730196000.0,2024-10-29 15:30:00+05:30
218.25,218.65,217.1,217.15,10176.0,1730259900.0,2024-10-30 09:15:00+05:30
217.6,220.7,217.6,220.5,12472.0,1730260200.0,2024-10-30 09:20:00+05:30
220.55,223.5,220.15,221.85,8524.0,1730260500.0,2024-10-30 09:25:00+05:30
221.8,221.8,220.3,220.6,5864.0,1730260800.0,2024-10-30 09:30:00+05:30
220.65,222.5,220.25,222.5,7168.0,1730261100.0,2024-10-30 09:35:00+05:30
222.3,222.75,221.4,221.5,8072.0,1730261400.0,2024-10-30 09:40:00+05:30
221.7,222.75,221.5,222.15,4164.0,1730261700.0,2024-10-30 09:45:00+05:30
222.15,222.9,222.0,222.5,2084.0,1730262000.0,2024-10-30 09:50:00+05:30
222.7,223.9,222.4,222.4,8648.0,1730262300.0,2024-10-30 09:55:00+05:30
221.8,222.1,221.5,222.05,2964.0,1730262600.0,2024-10-30 10:00:00+05:30
222.0,223.0,221.75,222.1,5800.0,1730262900.0,2024-10-30 10:05:00+05:30
222.15,222.3,221.65,222.05,1980.0,1730263200.0,2024-10-30 10:10:00+05:30
222.3,222.65,221.1,221.1,4088.0,1730263500.0,2024-10-30 10:15:00+05:30
221.7,221.8,220.9,221.0,2908.0,1730263800.0,2024-10-30 10:20:00+05:30
220.65,222.3,220.65,222.2,7504.0,1730264100.0,2024-10-30 10:25:00+05:30
222.2,222.2,221.25,221.4,5596.0,1730264400.0,2024-10-30 10:30:00+05:30
221.6,221.7,220.3,221.05,4364.0,1730264700.0,2024-10-30 10:35:00+05:30
221.1,221.4,220.55,221.4,1216.0,1730265000.0,2024-10-30 10:40:00+05:30
221.5,221.7,221.2,221.4,2372.0,1730265300.0,2024-10-30 10:45:00+05:30
221.4,221.6,221.4,221.5,728.0,1730265600.0,2024-10-30 10:50:00+05:30
221.5,221.55,221.05,221.45,1448.0,1730265900.0,2024-10-30 10:55:00+05:30
221.4,221.5,220.65,220.65,1676.0,1730266200.0,2024-10-30 11:00:00+05:30
220.55,221.5,220.55,221.35,2436.0,1730266500.0,2024-10-30 11:05:00+05:30
221.3,221.35,220.8,221.1,1512.0,1730266800.0,2024-10-30 11:10:00+05:30
221.1,221.4,220.8,221.4,1864.0,1730267100.0,2024-10-30 11:15:00+05:30
221.25,221.4,220.9,221.35,3484.0,1730267400.0,2024-10-30 11:20:00+05:30
221.35,221.95,221.25,221.3,1832.0,1730267700.0,2024-10-30 11:25:00+05:30
221.25,221.5,220.55,220.6,1044.0,1730268000.0,2024-10-30 11:30:00+05:30
220.55,220.8,220.25,220.8,916.0,1730268300.0,2024-10-30 11:35:00+05:30
220.3,220.45,219.55,220.3,5300.0,1730268600.0,2024-10-30 11:40:00+05:30
220.3,220.3,219.05,219.7,2620.0,1730268900.0,2024-10-30 11:45:00+05:30
219.25,219.35,217.8,219.35,5768.0,1730269200.0,2024-10-30 11:50:00+05:30
219.35,219.35,218.95,219.0,272.0,1730269500.0,2024-10-30 11:55:00+05:30
219.25,219.35,219.25,219.25,952.0,1730269800.0,2024-10-30 12:00:00+05:30
219.2,219.35,218.85,219.35,652.0,1730270100.0,2024-10-30 12:05:00+05:30
219.35,219.35,218.8,219.0,3624.0,1730270400.0,2024-10-30 12:10:00+05:30
219.25,219.6,219.25,219.25,744.0,1730270700.0,2024-10-30 12:15:00+05:30
219.75,220.2,219.5,220.2,1392.0,1730271000.0,2024-10-30 12:20:00+05:30
220.05,220.05,219.45,219.45,624.0,1730271300.0,2024-10-30 12:25:00+05:30
219.85,219.85,217.8,218.25,7696.0,1730271600.0,2024-10-30 12:30:00+05:30
218.25,218.4,217.8,218.1,2812.0,1730271900.0,2024-10-30 12:35:00+05:30
218.05,218.8,218.05,218.25,1772.0,1730272200.0,2024-10-30 12:40:00+05:30
218.35,218.65,218.05,218.4,1076.0,1730272500.0,2024-10-30 12:45:00+05:30
218.4,218.75,218.1,218.6,7172.0,1730272800.0,2024-10-30 12:50:00+05:30
218.6,218.7,218.25,218.5,1492.0,1730273100.0,2024-10-30 12:55:00+05:30
218.45,218.6,218.1,218.3,2840.0,1730273400.0,2024-10-30 13:00:00+05:30
218.65,218.75,218.3,218.75,2588.0,1730273700.0,2024-10-30 13:05:00+05:30
218.75,218.75,218.1,218.1,1588.0,1730274000.0,2024-10-30 13:10:00+05:30
218.5,218.5,217.55,217.7,3608.0,1730274300.0,2024-10-30 13:15:00+05:30
217.9,218.15,217.65,218.1,2500.0,1730274600.0,2024-10-30 13:20:00+05:30
218.1,218.1,218.0,218.05,344.0,1730274900.0,2024-10-30 13:25:00+05:30
217.8,218.3,217.8,218.3,768.0,1730275200.0,2024-10-30 13:30:00+05:30
218.5,218.5,218.0,218.35,588.0,1730275500.0,2024-10-30 13:35:00+05:30
218.0,218.0,217.5,217.85,1828.0,1730275800.0,2024-10-30 13:40:00+05:30
217.55,218.4,217.55,217.55,3512.0,1730276100.0,2024-10-30 13:45:00+05:30
218.0,218.2,218.0,218.2,928.0,1730276400.0,2024-10-30 13:50:00+05:30
218.2,218.75,218.0,218.7,3912.0,1730276700.0,2024-10-30 13:55:00+05:30
218.6,218.6,218.0,218.05,404.0,1730277000.0,2024-10-30 14:00:00+05:30
218.05,218.15,217.55,217.7,816.0,1730277300.0,2024-10-30 14:05:00+05:30
217.9,218.05,217.8,217.8,564.0,1730277600.0,2024-10-30 14:10:00+05:30
217.8,218.2,217.5,218.2,624.0,1730277900.0,2024-10-30 14:15:00+05:30
218.2,218.25,217.85,218.1,1512.0,1730278200.0,2024-10-30 14:20:00+05:30
218.15,218.5,217.65,218.05,2108.0,1730278500.0,2024-10-30 14:25:00+05:30
218.05,218.5,217.85,218.4,1128.0,1730278800.0,2024-10-30 14:30:00+05:30
218.25,218.6,218.1,218.5,1296.0,1730279100.0,2024-10-30 14:35:00+05:30
218.15,218.5,218.1,218.5,1032.0,1730279400.0,2024-10-30 14:40:00+05:30
218.5,218.5,217.9,218.4,1248.0,1730279700.0,2024-10-30 14:45:00+05:30
218.45,222.0,218.45,221.5,29772.0,1730280000.0,2024-10-30 14:50:00+05:30
221.7,223.65,221.25,222.0,28008.0,1730280300.0,2024-10-30 14:55:00+05:30
222.6,225.25,222.55,224.25,41096.0,1730280600.0,2024-10-30 15:00:00+05:30
223.9,223.9,221.85,222.05,15276.0,1730280900.0,2024-10-30 15:05:00+05:30
222.0,222.7,221.4,222.0,5772.0,1730281200.0,2024-10-30 15:10:00+05:30
222.0,222.9,220.5,220.95,8116.0,1730281500.0,2024-10-30 15:15:00+05:30
220.6,221.0,220.05,220.25,9880.0,1730281800.0,2024-10-30 15:20:00+05:30
220.5,221.25,220.25,220.4,9332.0,1730282100.0,2024-10-30 15:25:00+05:30
220.4,220.4,220.4,220.4,0.0,1730282400.0,2024-10-30 15:30:00+05:30
223.75,228.85,223.75,227.75,28748.0,1730346300.0,2024-10-31 09:15:00+05:30
227.85,232.3,227.85,230.0,57676.0,1730346600.0,2024-10-31 09:20:00+05:30
229.65,230.95,229.5,230.75,10820.0,1730346900.0,2024-10-31 09:25:00+05:30
231.0,231.25,229.5,229.7,38876.0,1730347200.0,2024-10-31 09:30:00+05:30
230.15,232.0,230.15,231.15,15460.0,1730347500.0,2024-10-31 09:35:00+05:30
231.15,233.0,231.05,232.05,25332.0,1730347800.0,2024-10-31 09:40:00+05:30
231.75,232.95,231.75,232.3,6460.0,1730348100.0,2024-10-31 09:45:00+05:30
232.55,232.7,232.15,232.5,1644.0,1730348400.0,2024-10-31 09:50:00+05:30
232.15,232.25,231.35,232.25,4200.0,1730348700.0,2024-10-31 09:55:00+05:30
232.25,232.25,229.7,230.65,13036.0,1730349000.0,2024-10-31 10:00:00+05:30
230.5,230.5,229.5,230.0,6348.0,1730349300.0,2024-10-31 10:05:00+05:30
230.0,231.8,230.0,231.8,8256.0,1730349600.0,2024-10-31 10:10:00+05:30
231.9,232.25,231.0,231.55,5100.0,1730349900.0,2024-10-31 10:15:00+05:30
231.2,231.6,230.2,231.2,4928.0,1730350200.0,2024-10-31 10:20:00+05:30
231.15,232.2,230.15,232.1,6784.0,1730350500.0,2024-10-31 10:25:00+05:30
232.1,232.1,231.4,231.5,2824.0,1730350800.0,2024-10-31 10:30:00+05:30
231.75,233.2,231.5,233.2,34708.0,1730351100.0,2024-10-31 10:35:00+05:30
233.5,235.45,233.15,235.25,58492.0,1730351400.0,2024-10-31 10:40:00+05:30
235.25,235.25,234.2,234.7,8196.0,1730351700.0,2024-10-31 10:45:00+05:30
234.7,236.25,234.5,235.5,22428.0,1730352000.0,2024-10-31 10:50:00+05:30
236.0,236.0,234.75,235.15,7164.0,1730352300.0,2024-10-31 10:55:00+05:30
235.1,235.15,234.4,234.9,3700.0,1730352600.0,2024-10-31 11:00:00+05:30
234.9,235.5,234.9,235.0,3820.0,1730352900.0,2024-10-31 11:05:00+05:30
234.95,236.2,234.95,235.9,9152.0,1730353200.0,2024-10-31 11:10:00+05:30
235.9,237.5,235.9,236.3,58832.0,1730353500.0,2024-10-31 11:15:00+05:30
236.8,237.95,235.95,236.8,41840.0,1730353800.0,2024-10-31 11:20:00+05:30
237.0,237.2,236.35,236.6,9348.0,1730354100.0,2024-10-31 11:25:00+05:30
236.4,237.0,236.35,236.9,6036.0,1730354400.0,2024-10-31 11:30:00+05:30
236.9,237.0,235.75,236.7,8604.0,1730354700.0,2024-10-31 11:35:00+05:30
236.8,236.9,236.15,236.75,7000.0,1730355000.0,2024-10-31 11:40:00+05:30
236.75,237.5,235.5,236.35,24152.0,1730355300.0,2024-10-31 11:45:00+05:30
236.25,237.25,236.2,237.0,4140.0,1730355600.0,2024-10-31 11:50:00+05:30
236.95,236.95,236.3,236.8,3616.0,1730355900.0,2024-10-31 11:55:00+05:30
237.0,237.25,236.7,237.2,4332.0,1730356200.0,2024-10-31 12:00:00+05:30
237.2,238.75,237.2,237.25,21348.0,1730356500.0,2024-10-31 12:05:00+05:30
237.6,237.8,237.0,237.5,5424.0,1730356800.0,2024-10-31 12:10:00+05:30
237.1,238.0,237.05,238.0,5048.0,1730357100.0,2024-10-31 12:15:00+05:30
237.65,238.5,237.5,238.1,16476.0,1730357400.0,2024-10-31 12:20:00+05:30
238.2,238.6,237.5,237.75,6712.0,1730357700.0,2024-10-31 12:25:00+05:30
238.05,238.75,237.8,238.1,10612.0,1730358000.0,2024-10-31 12:30:00+05:30
238.25,238.55,237.9,238.25,5112.0,1730358300.0,2024-10-31 12:35:00+05:30
238.25,239.25,238.0,238.75,14396.0,1730358600.0,2024-10-31 12:40:00+05:30
239.0,239.5,238.7,238.75,18100.0,1730358900.0,2024-10-31 12:45:00+05:30
238.75,238.75,238.05,238.25,16776.0,1730359200.0,2024-10-31 12:50:00+05:30
238.25,239.0,237.8,239.0,9012.0,1730359500.0,2024-10-31 12:55:00+05:30
238.65,239.0,238.4,238.85,6196.0,1730359800.0,2024-10-31 13:00:00+05:30
238.75,238.9,238.15,238.5,12704.0,1730360100.0,2024-10-31 13:05:00+05:30
238.55,238.75,237.9,237.95,5144.0,1730360400.0,2024-10-31 13:10:00+05:30
237.95,238.4,236.4,237.5,33508.0,1730360700.0,2024-10-31 13:15:00+05:30
237.25,238.7,236.75,238.2,10180.0,1730361000.0,2024-10-31 13:20:00+05:30
238.2,238.2,237.65,237.75,5496.0,1730361300.0,2024-10-31 13:25:00+05:30
238.05,238.25,237.7,237.7,5676.0,1730361600.0,2024-10-31 13:30:00+05:30
238.05,238.05,237.3,237.85,10512.0,1730361900.0,2024-10-31 13:35:00+05:30
238.0,238.9,238.0,238.7,8316.0,1730362200.0,2024-10-31 13:40:00+05:30
238.95,239.25,238.25,238.65,11728.0,1730362500.0,2024-10-31 13:45:00+05:30
238.7,239.25,238.4,238.85,6928.0,1730362800.0,2024-10-31 13:50:00+05:30
239.2,239.25,238.8,238.8,5248.0,1730363100.0,2024-10-31 13:55:00+05:30
239.05,239.1,238.55,238.85,12900.0,1730363400.0,2024-10-31 14:00:00+05:30
239.0,239.95,238.75,239.6,22840.0,1730363700.0,2024-10-31 14:05:00+05:30
239.25,239.95,238.8,239.75,12288.0,1730364000.0,2024-10-31 14:10:00+05:30
239.4,239.5,238.0,238.8,11076.0,1730364300.0,2024-10-31 14:15:00+05:30
238.75,239.0,238.3,238.45,7424.0,1730364600.0,2024-10-31 14:20:00+05:30
238.25,239.1,238.05,238.25,12408.0,1730364900.0,2024-10-31 14:25:00+05:30
238.25,238.6,238.0,238.6,7192.0,1730365200.0,2024-10-31 14:30:00+05:30
238.7,238.7,236.7,238.2,21184.0,1730365500.0,2024-10-31 14:35:00+05:30
237.9,239.05,237.9,238.5,11628.0,1730365800.0,2024-10-31 14:40:00+05:30
238.5,238.9,238.45,238.75,4492.0,1730366100.0,2024-10-31 14:45:00+05:30
238.9,239.75,238.75,239.5,21384.0,1730366400.0,2024-10-31 14:50:00+05:30
239.75,239.8,239.45,239.65,16552.0,1730366700.0,2024-10-31 14:55:00+05:30
239.75,240.0,238.45,239.75,57956.0,1730367000.0,2024-10-31 15:00:00+05:30
239.75,240.0,239.45,239.7,30304.0,1730367300.0,2024-10-31 15:05:00+05:30
240.0,242.35,239.75,242.2,62456.0,1730367600.0,2024-10-31 15:10:00+05:30
242.3,243.75,241.9,242.5,76764.0,1730367900.0,2024-10-31 15:15:00+05:30
242.1,245.0,241.25,243.75,58748.0,1730368200.0,2024-10-31 15:20:00+05:30
243.6,243.75,242.5,243.7,25916.0,1730368500.0,2024-10-31 15:25:00+05:30
243.7,243.7,243.7,243.7,0.0,1730368800.0,2024-10-31 15:30:00+05:30
241.85,243.65,240.4,243.6,32712.0,1730464200.0,2024-11-01 18:00:00+05:30
243.6,243.6,242.55,243.3,14272.0,1730464500.0,2024-11-01 18:05:00+05:30
243.3,243.6,242.5,243.25,11400.0,1730464800.0,2024-11-01 18:10:00+05:30
243.25,243.25,241.0,242.9,11732.0,1730465100.0,2024-11-01 18:15:00+05:30
242.9,243.0,242.55,243.0,3932.0,1730465400.0,2024-11-01 18:20:00+05:30
243.05,243.5,241.1,241.5,9096.0,1730465700.0,2024-11-01 18:25:00+05:30
241.5,241.5,240.15,241.0,14168.0,1730466000.0,2024-11-01 18:30:00+05:30
241.0,241.3,240.05,240.5,8316.0,1730466300.0,2024-11-01 18:35:00+05:30
240.5,240.7,238.8,239.0,9556.0,1730466600.0,2024-11-01 18:40:00+05:30
239.2,239.5,237.1,237.25,14032.0,1730466900.0,2024-11-01 18:45:00+05:30
237.25,243.6,237.0,242.3,32244.0,1730467200.0,2024-11-01 18:50:00+05:30
242.3,243.0,240.0,241.25,10276.0,1730467500.0,2024-11-01 18:55:00+05:30
234.9,239.95,231.2,233.7,68260.0,1730691900.0,2024-11-04 09:15:00+05:30
233.95,234.3,232.7,233.0,15520.0,1730692200.0,2024-11-04 09:20:00+05:30
233.05,233.65,231.75,232.65,20472.0,1730692500.0,2024-11-04 09:25:00+05:30
232.3,233.55,231.7,233.35,14036.0,1730692800.0,2024-11-04 09:30:00+05:30
233.4,233.75,233.15,233.5,6496.0,1730693100.0,2024-11-04 09:35:00+05:30
233.5,233.7,232.0,232.3,12236.0,1730693400.0,2024-11-04 09:40:00+05:30
232.3,232.5,231.05,231.05,11352.0,1730693700.0,2024-11-04 09:45:00+05:30
231.25,231.85,230.5,231.65,9404.0,1730694000.0,2024-11-04 09:50:00+05:30
231.65,231.95,230.6,231.55,9356.0,1730694300.0,2024-11-04 09:55:00+05:30
231.7,232.0,231.1,231.25,5196.0,1730694600.0,2024-11-04 10:00:00+05:30
231.45,231.5,230.3,231.0,4248.0,1730694900.0,2024-11-04 10:05:00+05:30
231.0,231.5,230.4,231.5,5688.0,1730695200.0,2024-11-04 10:10:00+05:30
231.5,231.5,230.65,231.4,5608.0,1730695500.0,2024-11-04 10:15:00+05:30
231.4,232.5,231.15,232.3,6344.0,1730695800.0,2024-11-04 10:20:00+05:30
232.4,232.6,231.4,231.4,2992.0,1730696100.0,2024-11-04 10:25:00+05:30
231.6,232.5,231.25,232.5,9544.0,1730696400.0,2024-11-04 10:30:00+05:30
232.5,233.45,232.45,233.2,5044.0,1730696700.0,2024-11-04 10:35:00+05:30
232.75,233.25,232.05,233.1,5688.0,1730697000.0,2024-11-04 10:40:00+05:30
233.25,233.25,232.2,233.0,3492.0,1730697300.0,2024-11-04 10:45:00+05:30
232.7,233.6,232.55,233.55,7824.0,1730697600.0,2024-11-04 10:50:00+05:30
233.6,233.7,232.75,232.75,7500.0,1730697900.0,2024-11-04 10:55:00+05:30
232.5,233.0,232.2,232.45,2120.0,1730698200.0,2024-11-04 11:00:00+05:30
232.1,232.35,231.65,232.0,2896.0,1730698500.0,2024-11-04 11:05:00+05:30
232.0,232.0,231.5,231.5,2316.0,1730698800.0,2024-11-04 11:10:00+05:30
231.9,232.0,231.5,231.8,3552.0,1730699100.0,2024-11-04 11:15:00+05:30
231.8,232.85,231.6,232.85,1820.0,1730699400.0,2024-11-04 11:20:00+05:30
232.9,233.35,232.55,233.05,2372.0,1730699700.0,2024-11-04 11:25:00+05:30
233.35,233.4,232.75,233.0,1740.0,1730700000.0,2024-11-04 11:30:00+05:30
233.05,233.2,232.5,232.85,2016.0,1730700300.0,2024-11-04 11:35:00+05:30
233.0,233.5,232.75,233.45,4504.0,1730700600.0,2024-11-04 11:40:00+05:30
233.6,233.7,232.85,233.0,1612.0,1730700900.0,2024-11-04 11:45:00+05:30
233.1,233.55,232.8,233.55,2220.0,1730701200.0,2024-11-04 11:50:00+05:30
233.6,233.7,233.25,233.6,716.0,1730701500.0,2024-11-04 11:55:00+05:30
233.3,234.85,233.3,234.85,6344.0,1730701800.0,2024-11-04 12:00:00+05:30
234.95,236.8,234.7,236.25,13324.0,1730702100.0,2024-11-04 12:05:00+05:30
236.5,237.55,235.3,235.6,29240.0,1730702400.0,2024-11-04 12:10:00+05:30
235.45,236.05,234.25,235.65,10028.0,1730702700.0,2024-11-04 12:15:00+05:30
235.65,236.25,235.65,236.15,3260.0,1730703000.0,2024-11-04 12:20:00+05:30
236.2,236.95,233.45,233.7,58168.0,1730703300.0,2024-11-04 12:25:00+05:30
233.3,233.55,231.5,231.55,16532.0,1730703600.0,2024-11-04 12:30:00+05:30
231.55,231.65,230.65,230.65,4672.0,1730703900.0,2024-11-04 12:35:00+05:30
230.95,231.9,230.95,231.3,3584.0,1730704200.0,2024-11-04 12:40:00+05:30
231.2,231.75,231.15,231.2,3384.0,1730704500.0,2024-11-04 12:45:00+05:30
231.3,231.85,231.25,231.55,2364.0,1730704800.0,2024-11-04 12:50:00+05:30
231.55,231.6,231.0,231.55,1728.0,1730705100.0,2024-11-04 12:55:00+05:30
230.8,231.55,230.55,230.75,3604.0,1730705400.0,2024-11-04 13:00:00+05:30
231.05,231.55,231.05,231.55,652.0,1730705700.0,2024-11-04 13:05:00+05:30
231.55,231.55,231.0,231.55,1120.0,1730706000.0,2024-11-04 13:10:00+05:30
231.55,231.65,230.5,230.55,3352.0,1730706300.0,2024-11-04 13:15:00+05:30
230.95,231.2,230.5,231.2,2416.0,1730706600.0,2024-11-04 13:20:00+05:30
231.0,231.7,231.0,231.5,1656.0,1730706900.0,2024-11-04 13:25:00+05:30
231.5,231.5,231.25,231.5,196.0,1730707200.0,2024-11-04 13:30:00+05:30
231.2,231.6,231.0,231.5,1540.0,1730707500.0,2024-11-04 13:35:00+05:30
231.55,231.75,231.4,231.4,608.0,1730707800.0,2024-11-04 13:40:00+05:30
231.3,231.75,230.5,231.25,2952.0,1730708100.0,2024-11-04 13:45:00+05:30
231.2,231.65,230.8,231.65,5440.0,1730708400.0,2024-11-04 13:50:00+05:30
231.6,231.65,231.1,231.45,2220.0,1730708700.0,2024-11-04 13:55:00+05:30
231.45,231.5,231.0,231.5,3584.0,1730709000.0,2024-11-04 14:00:00+05:30
231.5,232.1,231.5,232.1,1408.0,1730709300.0,2024-11-04 14:05:00+05:30
232.1,232.25,231.65,231.95,2464.0,1730709600.0,2024-11-04 14:10:00+05:30
232.3,232.3,231.55,232.0,1812.0,1730709900.0,2024-11-04 14:15:00+05:30
232.05,232.2,231.8,232.15,680.0,1730710200.0,2024-11-04 14:20:00+05:30
232.2,232.45,232.0,232.35,836.0,1730710500.0,2024-11-04 14:25:00+05:30
232.1,233.1,232.1,232.75,2132.0,1730710800.0,2024-11-04 14:30:00+05:30
232.75,233.0,232.4,232.4,19660.0,1730711100.0,2024-11-04 14:35:00+05:30
232.15,232.6,232.05,232.6,1708.0,1730711400.0,2024-11-04 14:40:00+05:30
232.3,232.8,232.2,232.8,7560.0,1730711700.0,2024-11-04 14:45:00+05:30
232.9,233.1,232.7,233.0,4484.0,1730712000.0,2024-11-04 14:50:00+05:30
233.0,233.1,232.3,232.55,1024.0,1730712300.0,2024-11-04 14:55:00+05:30
232.5,232.85,232.0,232.0,3408.0,1730712600.0,2024-11-04 15:00:00+05:30
232.1,232.35,230.5,231.3,6140.0,1730712900.0,2024-11-04 15:05:00+05:30
231.75,231.75,230.8,231.2,5656.0,1730713200.0,2024-11-04 15:10:00+05:30
231.2,231.2,229.75,229.9,17596.0,1730713500.0,2024-11-04 15:15:00+05:30
230.25,231.0,229.15,229.25,16700.0,1730713800.0,2024-11-04 15:20:00+05:30
229.3,230.5,229.3,229.75,13064.0,1730714100.0,2024-11-04 15:25:00+05:30
228.25,231.55,228.0,231.0,17304.0,1730778300.0,2024-11-05 09:15:00+05:30
230.9,232.05,230.9,231.25,10544.0,1730778600.0,2024-11-05 09:20:00+05:30
231.05,232.4,231.05,231.6,7360.0,1730778900.0,2024-11-05 09:25:00+05:30
231.7,232.05,231.45,231.8,1724.0,1730779200.0,2024-11-05 09:30:00+05:30
231.7,231.7,230.7,231.0,6460.0,1730779500.0,2024-11-05 09:35:00+05:30
231.05,231.2,230.35,231.2,5668.0,1730779800.0,2024-11-05 09:40:00+05:30
230.95,231.4,230.4,231.3,4028.0,1730780100.0,2024-11-05 09:45:00+05:30
231.1,231.15,230.0,230.55,4896.0,1730780400.0,2024-11-05 09:50:00+05:30
230.75,232.25,230.5,232.1,1788.0,1730780700.0,2024-11-05 09:55:00+05:30
232.3,232.95,230.6,230.9,14428.0,1730781000.0,2024-11-05 10:00:00+05:30
230.7,231.15,230.2,231.0,6712.0,1730781300.0,2024-11-05 10:05:00+05:30
231.25,232.0,231.25,231.55,1680.0,1730781600.0,2024-11-05 10:10:00+05:30
231.55,231.85,230.85,231.25,1844.0,1730781900.0,2024-11-05 10:15:00+05:30
231.25,231.65,230.9,230.9,1664.0,1730782200.0,2024-11-05 10:20:00+05:30
230.85,231.85,230.85,231.5,2224.0,1730782500.0,2024-11-05 10:25:00+05:30
231.85,232.45,231.5,231.9,5824.0,1730782800.0,2024-11-05 10:30:00+05:30
231.95,232.15,230.95,231.25,3024.0,1730783100.0,2024-11-05 10:35:00+05:30
231.6,232.0,231.4,232.0,1272.0,1730783400.0,2024-11-05 10:40:00+05:30
231.6,231.8,231.25,231.25,664.0,1730783700.0,2024-11-05 10:45:00+05:30
231.5,231.6,231.3,231.3,352.0,1730784000.0,2024-11-05 10:50:00+05:30
231.3,231.5,230.8,231.1,1504.0,1730784300.0,2024-11-05 10:55:00+05:30
231.2,231.2,229.75,229.75,6768.0,1730784600.0,2024-11-05 11:00:00+05:30
229.8,229.9,229.05,229.8,3144.0,1730784900.0,2024-11-05 11:05:00+05:30
229.85,229.85,229.4,229.5,2336.0,1730785200.0,2024-11-05 11:10:00+05:30
229.5,229.7,229.2,229.7,3104.0,1730785500.0,2024-11-05 11:15:00+05:30
229.7,230.25,229.7,229.9,916.0,1730785800.0,2024-11-05 11:20:00+05:30
229.8,229.8,229.6,229.6,232.0,1730786100.0,2024-11-05 11:25:00+05:30
229.6,229.65,229.25,229.25,556.0,1730786400.0,2024-11-05 11:30:00+05:30
229.55,229.55,228.85,228.85,2848.0,1730786700.0,2024-11-05 11:35:00+05:30
229.05,229.35,228.8,229.35,1040.0,1730787000.0,2024-11-05 11:40:00+05:30
229.35,229.35,228.9,229.25,3056.0,1730787300.0,2024-11-05 11:45:00+05:30
229.2,229.35,228.9,229.25,916.0,1730787600.0,2024-11-05 11:50:00+05:30
229.3,229.8,228.95,229.4,2148.0,1730787900.0,2024-11-05 11:55:00+05:30
229.6,230.0,229.6,230.0,108.0,1730788200.0,2024-11-05 12:00:00+05:30
230.0,230.3,229.75,229.8,744.0,1730788500.0,2024-11-05 12:05:00+05:30
230.2,230.3,230.0,230.05,492.0,1730788800.0,2024-11-05 12:10:00+05:30
230.0,230.3,229.5,229.7,1208.0,1730789100.0,2024-11-05 12:15:00+05:30
229.8,229.8,229.15,229.7,768.0,1730789400.0,2024-11-05 12:20:00+05:30
229.8,230.3,229.6,230.3,1064.0,1730789700.0,2024-11-05 12:25:00+05:30
230.1,230.1,229.8,230.1,1784.0,1730790000.0,2024-11-05 12:30:00+05:30
230.0,230.1,229.75,230.1,448.0,1730790300.0,2024-11-05 12:35:00+05:30
230.1,230.1,229.75,230.05,180.0,1730790600.0,2024-11-05 12:40:00+05:30
229.9,229.9,229.6,229.6,216.0,1730790900.0,2024-11-05 12:45:00+05:30
229.45,229.9,229.35,229.6,372.0,1730791200.0,2024-11-05 12:50:00+05:30
229.55,229.85,229.45,229.6,892.0,1730791500.0,2024-11-05 12:55:00+05:30
229.8,229.8,229.45,229.75,152.0,1730791800.0,2024-11-05 13:00:00+05:30
229.55,229.85,229.5,229.75,528.0,1730792100.0,2024-11-05 13:05:00+05:30
229.6,230.0,229.5,230.0,896.0,1730792400.0,2024-11-05 13:10:00+05:30
229.95,229.95,228.5,228.65,3364.0,1730792700.0,2024-11-05 13:15:00+05:30
228.7,228.75,228.3,228.75,1620.0,1730793000.0,2024-11-05 13:20:00+05:30
228.7,228.75,228.5,228.75,820.0,1730793300.0,2024-11-05 13:25:00+05:30
228.75,228.9,228.3,228.45,2740.0,1730793600.0,2024-11-05 13:30:00+05:30
228.4,228.75,228.3,228.55,2816.0,1730793900.0,2024-11-05 13:35:00+05:30
228.55,228.75,228.0,228.75,2180.0,1730794200.0,2024-11-05 13:40:00+05:30
228.75,228.75,228.5,228.7,1476.0,1730794500.0,2024-11-05 13:45:00+05:30
228.75,229.2,228.2,228.55,15676.0,1730794800.0,2024-11-05 13:50:00+05:30
228.55,228.6,228.4,228.6,1160.0,1730795100.0,2024-11-05 13:55:00+05:30
228.3,228.75,228.2,228.75,1024.0,1730795400.0,2024-11-05 14:00:00+05:30
228.75,228.75,228.4,228.4,2288.0,1730795700.0,2024-11-05 14:05:00+05:30
228.6,228.7,228.3,228.7,1512.0,1730796000.0,2024-11-05 14:10:00+05:30
228.4,228.75,228.3,228.7,852.0,1730796300.0,2024-11-05 14:15:00+05:30
228.7,228.8,228.5,228.5,3908.0,1730796600.0,2024-11-05 14:20:00+05:30
228.6,228.75,227.6,228.45,5544.0,1730796900.0,2024-11-05 14:25:00+05:30
228.65,228.85,228.25,228.5,6680.0,1730797200.0,2024-11-05 14:30:00+05:30
228.4,228.5,228.1,228.45,1340.0,1730797500.0,2024-11-05 14:35:00+05:30
228.5,228.5,228.05,228.2,2300.0,1730797800.0,2024-11-05 14:40:00+05:30
228.0,228.3,227.8,228.2,1576.0,1730798100.0,2024-11-05 14:45:00+05:30
228.2,228.2,227.55,227.85,6212.0,1730798400.0,2024-11-05 14:50:00+05:30
227.85,229.35,227.85,228.75,11020.0,1730798700.0,2024-11-05 14:55:00+05:30
228.8,229.5,228.5,229.5,8104.0,1730799000.0,2024-11-05 15:00:00+05:30
229.3,231.05,229.25,230.45,16092.0,1730799300.0,2024-11-05 15:05:00+05:30
230.25,230.25,228.8,229.5,11620.0,1730799600.0,2024-11-05 15:10:00+05:30
229.7,229.7,228.45,229.3,11476.0,1730799900.0,2024-11-05 15:15:00+05:30
229.25,229.45,228.5,228.75,6688.0,1730800200.0,2024-11-05 15:20:00+05:30
228.75,229.45,228.0,228.0,10508.0,1730800500.0,2024-11-05 15:25:00+05:30
231.25,232.35,229.5,232.05,5236.0,1730864700.0,2024-11-06 09:15:00+05:30
231.75,231.8,230.65,231.0,6516.0,1730865000.0,2024-11-06 09:20:00+05:30
231.0,232.5,230.7,232.5,5596.0,1730865300.0,2024-11-06 09:25:00+05:30
232.7,233.5,232.15,232.35,9128.0,1730865600.0,2024-11-06 09:30:00+05:30
231.85,231.85,231.0,231.8,7172.0,1730865900.0,2024-11-06 09:35:00+05:30
231.8,232.0,231.4,231.4,1164.0,1730866200.0,2024-11-06 09:40:00+05:30
231.5,233.0,231.5,233.0,3312.0,1730866500.0,2024-11-06 09:45:00+05:30
233.0,233.75,232.85,232.85,4856.0,1730866800.0,2024-11-06 09:50:00+05:30
233.1,233.2,232.6,232.9,884.0,1730867100.0,2024-11-06 09:55:00+05:30
232.9,233.1,232.85,233.1,768.0,1730867400.0,2024-11-06 10:00:00+05:30
233.1,233.7,232.65,233.45,2692.0,1730867700.0,2024-11-06 10:05:00+05:30
233.7,233.7,232.7,233.35,2720.0,1730868000.0,2024-11-06 10:10:00+05:30
233.35,233.35,233.1,233.1,264.0,1730868300.0,2024-11-06 10:15:00+05:30
233.3,233.65,233.1,233.65,964.0,1730868600.0,2024-11-06 10:20:00+05:30
233.3,233.65,232.7,233.25,3248.0,1730868900.0,2024-11-06 10:25:00+05:30
232.95,233.2,232.55,233.2,1732.0,1730869200.0,2024-11-06 10:30:00+05:30
233.2,233.2,232.8,233.1,1796.0,1730869500.0,2024-11-06 10:35:00+05:30
233.1,233.1,232.5,232.75,216.0,1730869800.0,2024-11-06 10:40:00+05:30
232.75,232.95,232.35,232.45,1132.0,1730870100.0,2024-11-06 10:45:00+05:30
232.45,233.25,232.45,233.25,832.0,1730870400.0,2024-11-06 10:50:00+05:30
233.25,233.4,233.0,233.15,680.0,1730870700.0,2024-11-06 10:55:00+05:30
233.15,233.45,233.05,233.45,236.0,1730871000.0,2024-11-06 11:00:00+05:30
233.45,233.65,233.3,233.5,912.0,1730871300.0,2024-11-06 11:05:00+05:30
233.6,233.7,233.3,233.7,792.0,1730871600.0,2024-11-06 11:10:00+05:30
233.7,233.7,233.1,233.1,580.0,1730871900.0,2024-11-06 11:15:00+05:30
233.4,233.7,233.0,233.7,2192.0,1730872200.0,2024-11-06 11:20:00+05:30
233.7,234.45,233.4,234.25,3360.0,1730872500.0,2024-11-06 11:25:00+05:30
234.35,234.5,234.1,234.5,1812.0,1730872800.0,2024-11-06 11:30:00+05:30
234.5,234.75,234.2,234.75,1608.0,1730873100.0,2024-11-06 11:35:00+05:30
234.6,234.6,234.45,234.45,1444.0,1730873400.0,2024-11-06 11:40:00+05:30
234.75,235.35,234.5,234.6,4496.0,1730873700.0,2024-11-06 11:45:00+05:30
234.6,234.75,234.4,234.5,1740.0,1730874000.0,2024-11-06 11:50:00+05:30
234.7,234.7,234.25,234.6,472.0,1730874300.0,2024-11-06 11:55:00+05:30
234.6,234.7,234.4,234.5,316.0,1730874600.0,2024-11-06 12:00:00+05:30
234.6,234.9,234.4,234.5,3740.0,1730874900.0,2024-11-06 12:05:00+05:30
234.8,235.15,234.5,235.1,1860.0,1730875200.0,2024-11-06 12:10:00+05:30
234.8,234.8,234.75,234.75,136.0,1730875500.0,2024-11-06 12:15:00+05:30
234.45,234.7,234.4,234.7,1432.0,1730875800.0,2024-11-06 12:20:00+05:30
234.75,235.0,234.4,234.7,1252.0,1730876100.0,2024-11-06 12:25:00+05:30
235.0,235.1,234.75,235.1,712.0,1730876400.0,2024-11-06 12:30:00+05:30
235.05,235.1,235.0,235.0,416.0,1730876700.0,2024-11-06 12:35:00+05:30
235.05,235.05,234.55,235.0,904.0,1730877000.0,2024-11-06 12:40:00+05:30
234.65,235.0,234.65,234.95,404.0,1730877300.0,2024-11-06 12:45:00+05:30
235.0,235.1,234.8,234.8,1212.0,1730877600.0,2024-11-06 12:50:00+05:30
235.05,235.1,234.8,234.8,264.0,1730877900.0,2024-11-06 12:55:00+05:30
234.75,235.1,234.7,235.1,396.0,1730878200.0,2024-11-06 13:00:00+05:30
235.1,235.15,234.75,235.15,824.0,1730878500.0,2024-11-06 13:05:00+05:30
235.15,235.2,234.9,235.2,808.0,1730878800.0,2024-11-06 13:10:00+05:30
235.15,235.75,235.15,235.75,5492.0,1730879100.0,2024-11-06 13:15:00+05:30
235.75,236.1,235.75,236.05,1184.0,1730879400.0,2024-11-06 13:20:00+05:30
235.8,236.0,235.6,235.9,596.0,1730879700.0,2024-11-06 13:25:00+05:30
235.8,236.1,235.25,235.7,3340.0,1730880000.0,2024-11-06 13:30:00+05:30
235.75,235.8,235.4,235.8,864.0,1730880300.0,2024-11-06 13:35:00+05:30
235.5,235.5,235.0,235.0,816.0,1730880600.0,2024-11-06 13:40:00+05:30
235.25,235.45,235.05,235.45,424.0,1730880900.0,2024-11-06 13:45:00+05:30
235.4,235.4,235.05,235.4,528.0,1730881200.0,2024-11-06 13:50:00+05:30
235.4,235.5,235.35,235.5,404.0,1730881500.0,2024-11-06 13:55:00+05:30
235.5,235.55,235.0,235.0,1120.0,1730881800.0,2024-11-06 14:00:00+05:30
234.75,235.3,234.75,235.05,452.0,1730882100.0,2024-11-06 14:05:00+05:30
235.2,235.25,234.75,235.15,1168.0,1730882400.0,2024-11-06 14:10:00+05:30
235.15,235.15,234.7,234.8,812.0,1730882700.0,2024-11-06 14:15:00+05:30
234.8,235.15,234.8,234.9,308.0,1730883000.0,2024-11-06 14:20:00+05:30
234.8,235.0,234.75,235.0,860.0,1730883300.0,2024-11-06 14:25:00+05:30
235.0,235.2,233.8,234.2,4304.0,1730883600.0,2024-11-06 14:30:00+05:30
233.9,234.3,233.9,234.0,572.0,1730883900.0,2024-11-06 14:35:00+05:30
234.1,234.25,233.9,233.9,492.0,1730884200.0,2024-11-06 14:40:00+05:30
234.3,235.75,234.3,235.75,14540.0,1730884500.0,2024-11-06 14:45:00+05:30
235.75,236.9,235.75,236.75,11064.0,1730884800.0,2024-11-06 14:50:00+05:30
236.75,237.5,236.65,237.5,9348.0,1730885100.0,2024-11-06 14:55:00+05:30
237.5,237.5,236.65,237.2,10136.0,1730885400.0,2024-11-06 15:00:00+05:30
236.95,237.1,236.0,236.5,5748.0,1730885700.0,2024-11-06 15:05:00+05:30
236.5,236.65,235.2,235.2,4696.0,1730886000.0,2024-11-06 15:10:00+05:30
234.75,235.45,234.3,235.4,9616.0,1730886300.0,2024-11-06 15:15:00+05:30
235.35,235.4,234.9,235.1,5512.0,1730886600.0,2024-11-06 15:20:00+05:30
235.1,236.0,234.6,235.5,6780.0,1730886900.0,2024-11-06 15:25:00+05:30
235.5,235.5,235.5,235.5,0.0,1730887200.0,2024-11-06 15:30:00+05:30
235.9,239.75,235.9,236.35,6468.0,1730951100.0,2024-11-07 09:15:00+05:30
236.7,238.5,236.1,238.2,6388.0,1730951400.0,2024-11-07 09:20:00+05:30
237.55,237.75,236.15,236.35,6236.0,1730951700.0,2024-11-07 09:25:00+05:30
235.9,235.9,234.25,235.6,6612.0,1730952000.0,2024-11-07 09:30:00+05:30
235.6,236.95,235.6,236.75,2980.0,1730952300.0,2024-11-07 09:35:00+05:30
236.9,236.95,235.65,236.05,3024.0,1730952600.0,2024-11-07 09:40:00+05:30
235.9,236.3,235.3,235.9,1976.0,1730952900.0,2024-11-07 09:45:00+05:30
235.9,236.2,235.15,235.5,1784.0,1730953200.0,2024-11-07 09:50:00+05:30
235.7,236.2,234.8,234.8,2376.0,1730953500.0,2024-11-07 09:55:00+05:30
235.05,235.1,233.7,234.65,5748.0,1730953800.0,2024-11-07 10:00:00+05:30
234.65,234.75,234.3,234.75,568.0,1730954100.0,2024-11-07 10:05:00+05:30
234.45,235.15,234.45,235.15,644.0,1730954400.0,2024-11-07 10:10:00+05:30
235.15,235.5,234.9,234.9,1200.0,1730954700.0,2024-11-07 10:15:00+05:30
234.4,234.75,234.35,234.75,504.0,1730955000.0,2024-11-07 10:20:00+05:30
234.7,235.4,234.45,235.1,2748.0,1730955300.0,2024-11-07 10:25:00+05:30
235.15,235.15,234.4,234.9,524.0,1730955600.0,2024-11-07 10:30:00+05:30
234.9,234.95,234.15,234.8,5304.0,1730955900.0,2024-11-07 10:35:00+05:30
234.85,235.0,234.85,235.0,396.0,1730956200.0,2024-11-07 10:40:00+05:30
234.35,234.6,234.05,234.4,2252.0,1730956500.0,2024-11-07 10:45:00+05:30
234.45,235.45,234.1,234.95,6484.0,1730956800.0,2024-11-07 10:50:00+05:30
234.9,236.1,234.9,235.8,1728.0,1730957100.0,2024-11-07 10:55:00+05:30
235.5,236.4,235.5,236.4,2632.0,1730957400.0,2024-11-07 11:00:00+05:30
236.7,236.9,235.85,236.3,1108.0,1730957700.0,2024-11-07 11:05:00+05:30
236.3,236.3,234.1,234.25,11180.0,1730958000.0,2024-11-07 11:10:00+05:30
234.2,234.6,234.0,234.55,4520.0,1730958300.0,2024-11-07 11:15:00+05:30
234.55,234.55,234.0,234.2,344.0,1730958600.0,2024-11-07 11:20:00+05:30
234.2,234.25,233.8,234.25,1340.0,1730958900.0,2024-11-07 11:25:00+05:30
233.8,234.55,233.8,234.25,2280.0,1730959200.0,2024-11-07 11:30:00+05:30
234.4,235.5,234.1,235.5,3100.0,1730959500.0,2024-11-07 11:35:00+05:30
235.5,235.8,235.4,235.8,496.0,1730959800.0,2024-11-07 11:40:00+05:30
235.8,235.8,235.4,235.7,332.0,1730960100.0,2024-11-07 11:45:00+05:30
235.4,236.0,235.4,236.0,4296.0,1730960400.0,2024-11-07 11:50:00+05:30
236.0,236.05,235.4,235.45,388.0,1730960700.0,2024-11-07 11:55:00+05:30
235.55,235.55,234.0,234.5,8488.0,1730961000.0,2024-11-07 12:00:00+05:30
234.2,234.75,234.2,234.75,640.0,1730961300.0,2024-11-07 12:05:00+05:30
235.0,235.0,234.45,234.45,392.0,1730961600.0,2024-11-07 12:10:00+05:30
234.55,235.0,234.55,235.0,808.0,1730961900.0,2024-11-07 12:15:00+05:30
235.05,235.5,234.65,235.5,1740.0,1730962200.0,2024-11-07 12:20:00+05:30
235.95,235.95,235.0,235.6,6352.0,1730962500.0,2024-11-07 12:25:00+05:30
235.6,235.75,235.45,235.75,80.0,1730962800.0,2024-11-07 12:30:00+05:30
235.75,235.75,235.35,235.35,828.0,1730963100.0,2024-11-07 12:35:00+05:30
235.3,235.65,235.3,235.35,116.0,1730963400.0,2024-11-07 12:40:00+05:30
235.4,235.75,234.95,235.4,6588.0,1730963700.0,2024-11-07 12:45:00+05:30
235.4,235.8,235.4,235.8,240.0,1730964000.0,2024-11-07 12:50:00+05:30
235.85,235.95,235.0,235.0,1404.0,1730964300.0,2024-11-07 12:55:00+05:30
235.0,235.35,235.0,235.0,180.0,1730964600.0,2024-11-07 13:00:00+05:30
234.7,235.1,234.55,235.1,708.0,1730964900.0,2024-11-07 13:05:00+05:30
235.1,235.4,235.1,235.4,220.0,1730965200.0,2024-11-07 13:10:00+05:30
235.4,235.4,234.75,234.8,1972.0,1730965500.0,2024-11-07 13:15:00+05:30
235.15,235.35,234.85,235.2,448.0,1730965800.0,2024-11-07 13:20:00+05:30
235.2,235.2,234.4,234.9,1816.0,1730966100.0,2024-11-07 13:25:00+05:30
234.9,234.9,233.75,234.0,3440.0,1730966400.0,2024-11-07 13:30:00+05:30
234.0,234.35,233.25,233.25,9536.0,1730966700.0,2024-11-07 13:35:00+05:30
232.2,232.2,229.9,230.3,39604.0,1730967000.0,2024-11-07 13:40:00+05:30
230.55,230.55,229.5,229.5,5892.0,1730967300.0,2024-11-07 13:45:00+05:30
229.4,230.0,229.25,230.0,4744.0,1730967600.0,2024-11-07 13:50:00+05:30
230.25,232.25,230.2,231.8,20228.0,1730967900.0,2024-11-07 13:55:00+05:30
231.9,233.0,231.75,232.95,5588.0,1730968200.0,2024-11-07 14:00:00+05:30
232.9,233.7,232.7,233.25,10124.0,1730968500.0,2024-11-07 14:05:00+05:30
233.5,233.5,233.25,233.25,676.0,1730968800.0,2024-11-07 14:10:00+05:30
233.35,233.45,233.3,233.45,648.0,1730969100.0,2024-11-07 14:15:00+05:30
233.45,233.5,233.4,233.5,600.0,1730969400.0,2024-11-07 14:20:00+05:30
233.5,233.75,233.5,233.5,4584.0,1730969700.0,2024-11-07 14:25:00+05:30
233.5,233.6,233.5,233.6,2148.0,1730970000.0,2024-11-07 14:30:00+05:30
233.6,234.25,233.4,234.0,10736.0,1730970300.0,2024-11-07 14:35:00+05:30
234.0,234.6,234.0,234.2,3092.0,1730970600.0,2024-11-07 14:40:00+05:30
234.2,235.0,234.1,235.0,2968.0,1730970900.0,2024-11-07 14:45:00+05:30
235.0,237.5,235.0,237.5,29816.0,1730971200.0,2024-11-07 14:50:00+05:30
237.5,238.75,237.5,238.4,12556.0,1730971500.0,2024-11-07 14:55:00+05:30
238.7,238.7,236.0,236.2,14656.0,1730971800.0,2024-11-07 15:00:00+05:30
236.2,236.6,236.0,236.0,6456.0,1730972100.0,2024-11-07 15:05:00+05:30
236.4,236.4,236.0,236.0,7572.0,1730972400.0,2024-11-07 15:10:00+05:30
236.05,236.55,236.0,236.0,7372.0,1730972700.0,2024-11-07 15:15:00+05:30
236.2,236.2,236.0,236.0,6212.0,1730973000.0,2024-11-07 15:20:00+05:30
236.0,237.4,236.0,236.0,12320.0,1730973300.0,2024-11-07 15:25:00+05:30
234.25,237.0,233.8,236.0,2668.0,1731037500.0,2024-11-08 09:15:00+05:30
236.25,238.7,235.2,238.05,11616.0,1731037800.0,2024-11-08 09:20:00+05:30
238.4,240.8,237.9,239.25,15124.0,1731038100.0,2024-11-08 09:25:00+05:30
239.25,240.25,239.25,240.15,5412.0,1731038400.0,2024-11-08 09:30:00+05:30
239.55,239.55,236.9,237.55,7352.0,1731038700.0,2024-11-08 09:35:00+05:30
237.75,239.4,237.5,238.95,4832.0,1731039000.0,2024-11-08 09:40:00+05:30
239.05,239.25,237.5,237.8,17636.0,1731039300.0,2024-11-08 09:45:00+05:30
237.8,237.85,236.4,236.85,4092.0,1731039600.0,2024-11-08 09:50:00+05:30
236.85,236.85,235.65,236.4,4728.0,1731039900.0,2024-11-08 09:55:00+05:30
235.85,235.85,234.8,235.55,5748.0,1731040200.0,2024-11-08 10:00:00+05:30
235.55,235.6,235.05,235.45,896.0,1731040500.0,2024-11-08 10:05:00+05:30
235.45,235.8,235.05,235.4,872.0,1731040800.0,2024-11-08 10:10:00+05:30
234.8,235.3,234.55,235.3,3072.0,1731041100.0,2024-11-08 10:15:00+05:30
235.3,235.5,234.9,235.4,672.0,1731041400.0,2024-11-08 10:20:00+05:30
235.5,236.05,235.2,235.2,1548.0,1731041700.0,2024-11-08 10:25:00+05:30
234.75,234.85,234.35,234.85,2284.0,1731042000.0,2024-11-08 10:30:00+05:30
234.85,234.85,234.25,234.65,1048.0,1731042300.0,2024-11-08 10:35:00+05:30
234.8,235.0,234.45,234.45,576.0,1731042600.0,2024-11-08 10:40:00+05:30
234.5,235.25,234.25,234.75,4776.0,1731042900.0,2024-11-08 10:45:00+05:30
234.75,234.85,234.35,234.35,1384.0,1731043200.0,2024-11-08 10:50:00+05:30
234.0,234.5,233.85,234.5,1460.0,1731043500.0,2024-11-08 10:55:00+05:30
234.1,235.1,233.9,235.05,5096.0,1731043800.0,2024-11-08 11:00:00+05:30
235.0,235.1,234.7,234.8,1176.0,1731044100.0,2024-11-08 11:05:00+05:30
234.7,234.7,234.0,234.25,3404.0,1731044400.0,2024-11-08 11:10:00+05:30
234.25,234.25,234.15,234.25,240.0,1731044700.0,2024-11-08 11:15:00+05:30
234.25,234.25,232.75,233.0,10460.0,1731045000.0,2024-11-08 11:20:00+05:30
233.25,233.35,232.85,232.85,780.0,1731045300.0,2024-11-08 11:25:00+05:30
233.15,233.2,232.6,233.1,1280.0,1731045600.0,2024-11-08 11:30:00+05:30
233.0,233.9,233.0,233.9,1188.0,1731045900.0,2024-11-08 11:35:00+05:30
233.9,234.5,233.9,234.45,496.0,1731046200.0,2024-11-08 11:40:00+05:30
234.45,234.45,233.45,233.95,1156.0,1731046500.0,2024-11-08 11:45:00+05:30
233.95,234.2,233.5,233.5,528.0,1731046800.0,2024-11-08 11:50:00+05:30
233.75,234.25,233.5,233.9,1016.0,1731047100.0,2024-11-08 11:55:00+05:30
233.9,234.0,233.4,233.5,808.0,1731047400.0,2024-11-08 12:00:00+05:30
233.5,234.2,233.5,233.85,1020.0,1731047700.0,2024-11-08 12:05:00+05:30
233.9,234.3,233.55,233.9,300.0,1731048000.0,2024-11-08 12:10:00+05:30
234.2,234.5,233.9,234.5,456.0,1731048300.0,2024-11-08 12:15:00+05:30
234.5,234.5,234.0,234.05,704.0,1731048600.0,2024-11-08 12:20:00+05:30
234.05,234.45,234.05,234.45,448.0,1731048900.0,2024-11-08 12:25:00+05:30
234.35,234.35,233.45,233.5,944.0,1731049200.0,2024-11-08 12:30:00+05:30
233.6,233.95,233.6,233.9,600.0,1731049500.0,2024-11-08 12:35:00+05:30
233.9,233.95,233.3,233.8,624.0,1731049800.0,2024-11-08 12:40:00+05:30
233.85,233.9,232.75,233.05,7516.0,1731050100.0,2024-11-08 12:45:00+05:30
233.05,233.15,232.8,232.8,80.0,1731050400.0,2024-11-08 12:50:00+05:30
233.15,233.35,233.05,233.05,472.0,1731050700.0,2024-11-08 12:55:00+05:30
233.3,233.6,233.25,233.55,368.0,1731051000.0,2024-11-08 13:00:00+05:30
233.55,233.7,233.3,233.3,816.0,1731051300.0,2024-11-08 13:05:00+05:30
233.7,233.8,233.3,233.8,368.0,1731051600.0,2024-11-08 13:10:00+05:30
233.8,233.8,232.5,233.1,3316.0,1731051900.0,2024-11-08 13:15:00+05:30
233.1,233.2,232.75,232.75,1136.0,1731052200.0,2024-11-08 13:20:00+05:30
232.75,232.75,232.25,232.6,392.0,1731052500.0,2024-11-08 13:25:00+05:30
232.9,233.0,232.75,232.75,268.0,1731052800.0,2024-11-08 13:30:00+05:30
232.65,232.95,232.6,232.9,284.0,1731053100.0,2024-11-08 13:35:00+05:30
232.95,232.95,232.4,232.5,836.0,1731053400.0,2024-11-08 13:40:00+05:30
232.7,232.7,232.3,232.3,484.0,1731053700.0,2024-11-08 13:45:00+05:30
232.5,232.7,232.3,232.7,524.0,1731054000.0,2024-11-08 13:50:00+05:30
232.6,233.0,232.5,232.85,2072.0,1731054300.0,2024-11-08 13:55:00+05:30
232.6,233.0,232.35,232.95,1700.0,1731054600.0,2024-11-08 14:00:00+05:30
233.0,233.75,233.0,233.5,1684.0,1731054900.0,2024-11-08 14:05:00+05:30
233.75,234.5,233.75,233.75,15164.0,1731055200.0,2024-11-08 14:10:00+05:30
234.1,234.1,233.05,233.75,2384.0,1731055500.0,2024-11-08 14:15:00+05:30
233.8,233.8,232.75,233.25,2604.0,1731055800.0,2024-11-08 14:20:00+05:30
233.4,233.75,233.25,233.55,1384.0,1731056100.0,2024-11-08 14:25:00+05:30
233.6,233.7,232.8,232.8,2236.0,1731056400.0,2024-11-08 14:30:00+05:30
233.05,233.3,233.0,233.0,720.0,1731056700.0,2024-11-08 14:35:00+05:30
233.25,233.7,233.0,233.7,1000.0,1731057000.0,2024-11-08 14:40:00+05:30
233.7,234.3,233.6,234.3,728.0,1731057300.0,2024-11-08 14:45:00+05:30
234.3,234.9,233.75,234.5,3892.0,1731057600.0,2024-11-08 14:50:00+05:30
234.6,234.9,233.95,234.0,704.0,1731057900.0,2024-11-08 14:55:00+05:30
233.95,233.95,232.95,233.75,7208.0,1731058200.0,2024-11-08 15:00:00+05:30
234.5,236.4,234.2,236.3,20724.0,1731058500.0,2024-11-08 15:05:00+05:30
236.35,236.35,234.05,234.65,12528.0,1731058800.0,2024-11-08 15:10:00+05:30
234.7,234.7,232.55,232.55,27540.0,1731059100.0,2024-11-08 15:15:00+05:30
232.8,233.25,231.5,231.7,11372.0,1731059400.0,2024-11-08 15:20:00+05:30
231.7,233.2,231.65,233.2,10960.0,1731059700.0,2024-11-08 15:25:00+05:30
230.85,234.6,229.8,230.35,11308.0,1731296700.0,2024-11-11 09:15:00+05:30
230.35,233.55,230.2,231.3,7056.0,1731297000.0,2024-11-11 09:20:00+05:30
231.3,231.3,228.6,229.2,20780.0,1731297300.0,2024-11-11 09:25:00+05:30
229.2,230.7,229.05,229.9,4212.0,1731297600.0,2024-11-11 09:30:00+05:30
229.95,230.95,229.55,230.55,3832.0,1731297900.0,2024-11-11 09:35:00+05:30
230.7,230.75,229.65,230.3,1628.0,1731298200.0,2024-11-11 09:40:00+05:30
230.4,231.95,230.0,231.5,4132.0,1731298500.0,2024-11-11 09:45:00+05:30
231.5,231.5,230.8,231.05,864.0,1731298800.0,2024-11-11 09:50:00+05:30
230.7,230.7,230.5,230.6,652.0,1731299100.0,2024-11-11 09:55:00+05:30
230.7,230.9,230.1,230.9,2056.0,1731299400.0,2024-11-11 10:00:00+05:30
230.55,230.95,230.25,230.95,2356.0,1731299700.0,2024-11-11 10:05:00+05:30
230.75,230.75,230.3,230.6,648.0,1731300000.0,2024-11-11 10:10:00+05:30
230.7,230.7,229.7,229.75,4980.0,1731300300.0,2024-11-11 10:15:00+05:30
230.0,230.1,229.6,229.95,804.0,1731300600.0,2024-11-11 10:20:00+05:30
229.55,231.0,229.55,231.0,1192.0,1731300900.0,2024-11-11 10:25:00+05:30
230.95,231.15,230.95,231.15,532.0,1731301200.0,2024-11-11 10:30:00+05:30
231.1,231.3,230.75,231.3,1152.0,1731301500.0,2024-11-11 10:35:00+05:30
231.65,231.75,231.25,231.4,888.0,1731301800.0,2024-11-11 10:40:00+05:30
231.4,231.65,231.2,231.65,864.0,1731302100.0,2024-11-11 10:45:00+05:30
231.65,231.65,231.2,231.5,712.0,1731302400.0,2024-11-11 10:50:00+05:30
231.65,231.9,231.25,231.8,1756.0,1731302700.0,2024-11-11 10:55:00+05:30
231.8,232.45,231.55,232.45,3092.0,1731303000.0,2024-11-11 11:00:00+05:30
232.75,232.9,232.25,232.55,5400.0,1731303300.0,2024-11-11 11:05:00+05:30
232.25,232.4,232.2,232.4,392.0,1731303600.0,2024-11-11 11:10:00+05:30
232.4,232.4,231.6,231.6,496.0,1731303900.0,2024-11-11 11:15:00+05:30
231.9,232.15,231.8,232.15,752.0,1731304200.0,2024-11-11 11:20:00+05:30
232.15,232.25,232.15,232.25,332.0,1731304500.0,2024-11-11 11:25:00+05:30
232.25,232.25,232.0,232.0,708.0,1731304800.0,2024-11-11 11:30:00+05:30
232.15,232.15,231.0,231.3,10776.0,1731305100.0,2024-11-11 11:35:00+05:30
231.3,231.75,231.3,231.75,1348.0,1731305400.0,2024-11-11 11:40:00+05:30
231.75,231.75,231.5,231.75,492.0,1731305700.0,2024-11-11 11:45:00+05:30
231.75,231.75,230.45,230.85,6160.0,1731306000.0,2024-11-11 11:50:00+05:30
230.85,230.95,230.85,230.95,144.0,1731306300.0,2024-11-11 11:55:00+05:30
230.95,232.5,230.55,232.5,8956.0,1731306600.0,2024-11-11 12:00:00+05:30
232.2,232.2,231.5,231.95,224.0,1731306900.0,2024-11-11 12:05:00+05:30
232.1,232.2,231.8,232.2,540.0,1731307200.0,2024-11-11 12:10:00+05:30
232.2,232.4,232.15,232.15,24.0,1731307500.0,2024-11-11 12:15:00+05:30
232.05,232.35,231.65,231.65,596.0,1731307800.0,2024-11-11 12:20:00+05:30
231.65,232.15,231.65,232.15,596.0,1731308100.0,2024-11-11 12:25:00+05:30
232.15,232.15,231.85,231.85,240.0,1731308400.0,2024-11-11 12:30:00+05:30
231.65,232.2,231.65,232.2,392.0,1731308700.0,2024-11-11 12:35:00+05:30
232.2,232.2,232.2,232.2,0.0,1731309000.0,2024-11-11 12:40:00+05:30
232.2,233.75,232.2,233.75,3964.0,1731309300.0,2024-11-11 12:45:00+05:30
233.5,233.5,232.8,233.15,4584.0,1731309600.0,2024-11-11 12:50:00+05:30
233.15,233.7,232.9,233.25,6264.0,1731309900.0,2024-11-11 12:55:00+05:30
233.75,233.75,232.75,233.2,2328.0,1731310200.0,2024-11-11 13:00:00+05:30
233.5,233.75,233.5,233.75,316.0,1731310500.0,2024-11-11 13:05:00+05:30
233.75,233.75,233.75,233.75,44.0,1731310800.0,2024-11-11 13:10:00+05:30
233.75,233.75,233.4,233.65,1072.0,1731311100.0,2024-11-11 13:15:00+05:30
233.65,233.75,233.65,233.75,156.0,1731311400.0,2024-11-11 13:20:00+05:30
233.4,233.4,232.75,233.05,664.0,1731311700.0,2024-11-11 13:25:00+05:30
233.0,233.1,233.0,233.1,116.0,1731312000.0,2024-11-11 13:30:00+05:30
233.1,233.1,232.75,233.0,2288.0,1731312300.0,2024-11-11 13:35:00+05:30
233.05,233.05,233.0,233.0,256.0,1731312600.0,2024-11-11 13:40:00+05:30
233.0,233.1,232.8,233.05,160.0,1731312900.0,2024-11-11 13:45:00+05:30
233.05,233.05,232.75,232.75,244.0,1731313200.0,2024-11-11 13:50:00+05:30
232.75,233.05,232.7,232.8,8100.0,1731313500.0,2024-11-11 13:55:00+05:30
232.8,233.5,232.75,233.4,2608.0,1731313800.0,2024-11-11 14:00:00+05:30
233.4,233.4,233.25,233.4,256.0,1731314100.0,2024-11-11 14:05:00+05:30
233.4,233.4,233.1,233.1,196.0,1731314400.0,2024-11-11 14:10:00+05:30
233.05,233.2,232.75,233.05,576.0,1731314700.0,2024-11-11 14:15:00+05:30
232.85,233.3,232.85,233.3,816.0,1731315000.0,2024-11-11 14:20:00+05:30
233.1,233.4,233.05,233.4,224.0,1731315300.0,2024-11-11 14:25:00+05:30
233.35,233.35,232.85,233.3,512.0,1731315600.0,2024-11-11 14:30:00+05:30
233.35,233.35,233.2,233.3,552.0,1731315900.0,2024-11-11 14:35:00+05:30
233.25,233.25,233.0,233.2,180.0,1731316200.0,2024-11-11 14:40:00+05:30
232.95,233.3,232.9,233.3,1132.0,1731316500.0,2024-11-11 14:45:00+05:30
233.25,233.25,232.9,233.1,616.0,1731316800.0,2024-11-11 14:50:00+05:30
232.75,233.15,232.75,232.75,1228.0,1731317100.0,2024-11-11 14:55:00+05:30
233.0,233.0,232.75,232.85,2216.0,1731317400.0,2024-11-11 15:00:00+05:30
232.75,233.0,232.75,233.0,1936.0,1731317700.0,2024-11-11 15:05:00+05:30
233.0,233.15,232.75,233.15,12864.0,1731318000.0,2024-11-11 15:10:00+05:30
233.15,233.2,232.75,232.75,14576.0,1731318300.0,2024-11-11 15:15:00+05:30
232.75,233.05,232.75,232.8,3980.0,1731318600.0,2024-11-11 15:20:00+05:30
232.9,235.65,232.5,232.5,34564.0,1731318900.0,2024-11-11 15:25:00+05:30
234.1,234.8,233.65,234.0,2664.0,1731383100.0,2024-11-12 09:15:00+05:30
234.3,236.25,234.3,236.25,6724.0,1731383400.0,2024-11-12 09:20:00+05:30
236.5,236.9,235.9,236.85,5312.0,1731383700.0,2024-11-12 09:25:00+05:30
236.85,236.85,235.4,236.0,5588.0,1731384000.0,2024-11-12 09:30:00+05:30
236.1,236.5,235.35,235.35,1808.0,1731384300.0,2024-11-12 09:35:00+05:30
235.7,236.2,235.3,235.3,5204.0,1731384600.0,2024-11-12 09:40:00+05:30
235.4,235.4,234.6,234.75,676.0,1731384900.0,2024-11-12 09:45:00+05:30
234.85,234.85,234.0,234.0,1872.0,1731385200.0,2024-11-12 09:50:00+05:30
233.8,234.5,233.8,234.5,1828.0,1731385500.0,2024-11-12 09:55:00+05:30
234.5,235.1,234.4,235.05,1940.0,1731385800.0,2024-11-12 10:00:00+05:30
235.1,235.1,233.8,233.8,4976.0,1731386100.0,2024-11-12 10:05:00+05:30
234.2,234.2,231.3,231.85,17684.0,1731386400.0,2024-11-12 10:10:00+05:30
231.95,232.1,231.25,231.75,4356.0,1731386700.0,2024-11-12 10:15:00+05:30
231.75,232.1,231.7,231.75,3044.0,1731387000.0,2024-11-12 10:20:00+05:30
231.75,232.2,231.75,231.8,1044.0,1731387300.0,2024-11-12 10:25:00+05:30
231.75,231.9,231.7,231.7,564.0,1731387600.0,2024-11-12 10:30:00+05:30
231.7,231.7,231.0,231.35,10148.0,1731387900.0,2024-11-12 10:35:00+05:30
231.35,231.45,231.2,231.4,708.0,1731388200.0,2024-11-12 10:40:00+05:30
231.4,231.55,229.15,229.9,14996.0,1731388500.0,2024-11-12 10:45:00+05:30
230.0,230.0,229.5,229.9,1124.0,1731388800.0,2024-11-12 10:50:00+05:30
229.7,230.45,229.7,230.0,864.0,1731389100.0,2024-11-12 10:55:00+05:30
230.0,230.95,229.85,230.8,3128.0,1731389400.0,2024-11-12 11:00:00+05:30
230.5,230.75,230.2,230.2,5480.0,1731389700.0,2024-11-12 11:05:00+05:30
230.45,230.55,230.0,230.0,784.0,1731390000.0,2024-11-12 11:10:00+05:30
230.3,230.6,230.3,230.6,924.0,1731390300.0,2024-11-12 11:15:00+05:30
230.6,230.6,229.3,229.65,4868.0,1731390600.0,2024-11-12 11:20:00+05:30
229.6,229.6,229.0,229.1,1668.0,1731390900.0,2024-11-12 11:25:00+05:30
229.1,229.6,228.8,229.5,2784.0,1731391200.0,2024-11-12 11:30:00+05:30
229.35,229.35,228.75,229.15,5204.0,1731391500.0,2024-11-12 11:35:00+05:30
228.9,229.55,228.9,229.25,2908.0,1731391800.0,2024-11-12 11:40:00+05:30
229.0,229.2,228.9,228.95,1080.0,1731392100.0,2024-11-12 11:45:00+05:30
229.1,229.55,229.1,229.5,2180.0,1731392400.0,2024-11-12 11:50:00+05:30
229.5,229.55,229.45,229.45,348.0,1731392700.0,2024-11-12 11:55:00+05:30
228.15,228.4,227.65,228.05,13856.0,1731393000.0,2024-11-12 12:00:00+05:30
228.0,228.2,227.6,227.9,1868.0,1731393300.0,2024-11-12 12:05:00+05:30
227.55,227.6,226.8,227.25,4900.0,1731393600.0,2024-11-12 12:10:00+05:30
227.55,227.55,227.0,227.45,2224.0,1731393900.0,2024-11-12 12:15:00+05:30
227.5,228.4,227.5,228.35,952.0,1731394200.0,2024-11-12 12:20:00+05:30
228.4,228.4,227.95,228.05,916.0,1731394500.0,2024-11-12 12:25:00+05:30
228.05,228.05,227.4,227.5,3664.0,1731394800.0,2024-11-12 12:30:00+05:30
227.5,227.5,226.85,227.5,2764.0,1731395100.0,2024-11-12 12:35:00+05:30
227.5,227.5,224.3,224.7,42672.0,1731395400.0,2024-11-12 12:40:00+05:30
224.7,225.05,224.0,224.45,4420.0,1731395700.0,2024-11-12 12:45:00+05:30
224.5,224.95,220.05,221.5,84732.0,1731396000.0,2024-11-12 12:50:00+05:30
220.45,222.0,219.55,221.7,53436.0,1731396300.0,2024-11-12 12:55:00+05:30
221.7,224.35,221.5,224.2,19496.0,1731396600.0,2024-11-12 13:00:00+05:30
224.25,224.25,223.0,223.0,5832.0,1731396900.0,2024-11-12 13:05:00+05:30
223.0,224.1,223.0,223.55,3292.0,1731397200.0,2024-11-12 13:10:00+05:30
223.8,223.8,223.0,223.5,1960.0,1731397500.0,2024-11-12 13:15:00+05:30
223.7,224.6,223.3,224.6,2176.0,1731397800.0,2024-11-12 13:20:00+05:30
224.45,226.0,224.2,225.25,3448.0,1731398100.0,2024-11-12 13:25:00+05:30
225.25,225.35,224.1,224.55,2496.0,1731398400.0,2024-11-12 13:30:00+05:30
224.6,224.75,224.0,224.5,3612.0,1731398700.0,2024-11-12 13:35:00+05:30
224.5,224.75,224.0,224.45,980.0,1731399000.0,2024-11-12 13:40:00+05:30
224.55,224.7,224.2,224.4,1064.0,1731399300.0,2024-11-12 13:45:00+05:30
224.55,224.75,224.2,224.55,1444.0,1731399600.0,2024-11-12 13:50:00+05:30
224.5,225.0,224.35,224.6,1728.0,1731399900.0,2024-11-12 13:55:00+05:30
224.3,224.55,224.0,224.0,2616.0,1731400200.0,2024-11-12 14:00:00+05:30
224.2,224.4,223.9,224.2,1636.0,1731400500.0,2024-11-12 14:05:00+05:30
224.2,224.3,223.9,224.3,1660.0,1731400800.0,2024-11-12 14:10:00+05:30
224.4,224.4,223.75,224.3,756.0,1731401100.0,2024-11-12 14:15:00+05:30
223.95,224.5,223.7,224.4,3412.0,1731401400.0,2024-11-12 14:20:00+05:30
224.4,224.7,224.0,224.2,1860.0,1731401700.0,2024-11-12 14:25:00+05:30
224.4,225.0,224.2,225.0,11432.0,1731402000.0,2024-11-12 14:30:00+05:30
225.35,225.75,224.5,224.9,12200.0,1731402300.0,2024-11-12 14:35:00+05:30
224.55,224.85,224.1,224.3,1628.0,1731402600.0,2024-11-12 14:40:00+05:30
224.5,224.5,223.75,224.05,2140.0,1731402900.0,2024-11-12 14:45:00+05:30
224.0,224.3,223.85,224.2,960.0,1731403200.0,2024-11-12 14:50:00+05:30
224.2,224.45,222.7,222.7,13032.0,1731403500.0,2024-11-12 14:55:00+05:30
222.7,223.25,221.0,222.05,14500.0,1731403800.0,2024-11-12 15:00:00+05:30
222.2,223.0,222.0,222.5,12308.0,1731404100.0,2024-11-12 15:05:00+05:30
222.5,222.7,222.2,222.5,8000.0,1731404400.0,2024-11-12 15:10:00+05:30
222.5,226.0,222.0,224.0,59616.0,1731404700.0,2024-11-12 15:15:00+05:30
223.5,224.2,221.75,224.0,58296.0,1731405000.0,2024-11-12 15:20:00+05:30
223.65,224.0,222.5,224.0,14824.0,1731405300.0,2024-11-12 15:25:00+05:30
222.0,223.0,219.4,222.75,11628.0,1731469500.0,2024-11-13 09:15:00+05:30
222.4,225.6,221.8,225.15,13036.0,1731469800.0,2024-11-13 09:20:00+05:30
224.9,226.0,223.9,224.7,11276.0,1731470100.0,2024-11-13 09:25:00+05:30
224.8,225.3,223.85,224.6,11796.0,1731470400.0,2024-11-13 09:30:00+05:30
224.6,224.7,224.1,224.4,4596.0,1731470700.0,2024-11-13 09:35:00+05:30
224.5,224.5,221.25,222.0,14952.0,1731471000.0,2024-11-13 09:40:00+05:30
221.75,223.05,221.25,222.75,7024.0,1731471300.0,2024-11-13 09:45:00+05:30
222.75,223.75,222.45,223.2,8924.0,1731471600.0,2024-11-13 09:50:00+05:30
223.05,223.7,222.65,223.2,28224.0,1731471900.0,2024-11-13 09:55:00+05:30
223.2,223.4,222.5,222.7,6156.0,1731472200.0,2024-11-13 10:00:00+05:30
222.5,222.7,222.45,222.5,11608.0,1731472500.0,2024-11-13 10:05:00+05:30
222.5,222.6,220.15,220.9,14436.0,1731472800.0,2024-11-13 10:10:00+05:30
220.7,220.95,219.0,220.3,7988.0,1731473100.0,2024-11-13 10:15:00+05:30
220.35,221.0,219.8,220.7,1876.0,1731473400.0,2024-11-13 10:20:00+05:30
220.75,221.4,218.35,220.5,16568.0,1731473700.0,2024-11-13 10:25:00+05:30
220.7,221.2,220.0,221.2,3840.0,1731474000.0,2024-11-13 10:30:00+05:30
221.2,223.3,221.2,222.95,19740.0,1731474300.0,2024-11-13 10:35:00+05:30
223.0,223.05,222.1,223.05,2872.0,1731474600.0,2024-11-13 10:40:00+05:30
222.6,223.75,222.45,222.85,10144.0,1731474900.0,2024-11-13 10:45:00+05:30
222.85,223.0,222.6,223.0,4132.0,1731475200.0,2024-11-13 10:50:00+05:30
223.0,223.0,222.5,223.0,3888.0,1731475500.0,2024-11-13 10:55:00+05:30
223.0,223.0,222.6,222.75,1124.0,1731475800.0,2024-11-13 11:00:00+05:30
222.5,222.75,222.5,222.6,10564.0,1731476100.0,2024-11-13 11:05:00+05:30
222.5,222.7,219.45,220.0,10288.0,1731476400.0,2024-11-13 11:10:00+05:30
220.0,220.25,219.75,219.8,4256.0,1731476700.0,2024-11-13 11:15:00+05:30
219.8,220.5,219.3,220.5,3624.0,1731477000.0,2024-11-13 11:20:00+05:30
220.5,220.9,220.5,220.65,840.0,1731477300.0,2024-11-13 11:25:00+05:30
220.65,221.0,220.1,221.0,4484.0,1731477600.0,2024-11-13 11:30:00+05:30
221.0,221.2,220.7,221.2,864.0,1731477900.0,2024-11-13 11:35:00+05:30
221.2,221.2,220.75,221.0,696.0,1731478200.0,2024-11-13 11:40:00+05:30
221.0,221.0,220.5,220.5,1432.0,1731478500.0,2024-11-13 11:45:00+05:30
220.85,221.0,220.5,220.85,396.0,1731478800.0,2024-11-13 11:50:00+05:30
220.85,220.9,220.45,220.85,21016.0,1731479100.0,2024-11-13 11:55:00+05:30
220.85,221.6,220.75,220.75,3524.0,1731479400.0,2024-11-13 12:00:00+05:30
221.3,222.5,220.6,221.2,16528.0,1731479700.0,2024-11-13 12:05:00+05:30
221.1,221.2,220.75,221.05,1072.0,1731480000.0,2024-11-13 12:10:00+05:30
221.05,221.1,220.9,221.1,256.0,1731480300.0,2024-11-13 12:15:00+05:30
220.75,221.25,220.0,221.0,21732.0,1731480600.0,2024-11-13 12:20:00+05:30
221.0,221.5,220.9,221.5,1540.0,1731480900.0,2024-11-13 12:25:00+05:30
221.5,221.6,221.05,221.05,724.0,1731481200.0,2024-11-13 12:30:00+05:30
221.3,221.3,221.05,221.25,812.0,1731481500.0,2024-11-13 12:35:00+05:30
220.9,221.25,220.7,221.1,1992.0,1731481800.0,2024-11-13 12:40:00+05:30
221.1,221.95,221.1,221.3,5288.0,1731482100.0,2024-11-13 12:45:00+05:30
221.3,221.7,221.25,221.7,228.0,1731482400.0,2024-11-13 12:50:00+05:30
221.45,221.75,221.35,221.6,624.0,1731482700.0,2024-11-13 12:55:00+05:30
221.7,222.0,221.25,222.0,2380.0,1731483000.0,2024-11-13 13:00:00+05:30
222.0,222.5,221.75,222.45,1380.0,1731483300.0,2024-11-13 13:05:00+05:30
222.45,222.75,222.45,222.5,1340.0,1731483600.0,2024-11-13 13:10:00+05:30
222.7,222.7,222.15,222.5,1276.0,1731483900.0,2024-11-13 13:15:00+05:30
222.5,222.5,222.1,222.1,264.0,1731484200.0,2024-11-13 13:20:00+05:30
222.5,222.5,221.95,222.0,940.0,1731484500.0,2024-11-13 13:25:00+05:30
221.8,221.9,221.35,221.75,332.0,1731484800.0,2024-11-13 13:30:00+05:30
221.75,222.1,221.55,222.1,1264.0,1731485100.0,2024-11-13 13:35:00+05:30
222.1,222.1,221.7,221.85,1420.0,1731485400.0,2024-11-13 13:40:00+05:30
222.05,222.25,221.65,221.7,440.0,1731485700.0,2024-11-13 13:45:00+05:30
221.7,222.2,221.7,221.8,1984.0,1731486000.0,2024-11-13 13:50:00+05:30
221.9,222.2,221.9,222.2,316.0,1731486300.0,2024-11-13 13:55:00+05:30
221.9,222.25,221.5,221.8,1152.0,1731486600.0,2024-11-13 14:00:00+05:30
221.8,222.1,220.5,221.55,17144.0,1731486900.0,2024-11-13 14:05:00+05:30
221.8,222.4,221.4,221.7,2660.0,1731487200.0,2024-11-13 14:10:00+05:30
221.65,221.7,220.6,221.5,3268.0,1731487500.0,2024-11-13 14:15:00+05:30
220.25,220.25,218.35,218.5,13092.0,1731487800.0,2024-11-13 14:20:00+05:30
218.3,218.85,217.8,218.1,3496.0,1731488100.0,2024-11-13 14:25:00+05:30
218.3,218.75,217.75,218.75,2992.0,1731488400.0,2024-11-13 14:30:00+05:30
218.25,218.75,218.0,218.55,5820.0,1731488700.0,2024-11-13 14:35:00+05:30
218.75,221.15,217.95,220.8,11800.0,1731489000.0,2024-11-13 14:40:00+05:30
220.75,221.3,220.75,221.3,7568.0,1731489300.0,2024-11-13 14:45:00+05:30
221.3,222.0,220.9,221.75,4484.0,1731489600.0,2024-11-13 14:50:00+05:30
221.75,221.75,221.2,221.5,21700.0,1731489900.0,2024-11-13 14:55:00+05:30
221.3,221.6,218.75,218.9,21732.0,1731490200.0,2024-11-13 15:00:00+05:30
219.0,219.05,215.6,216.2,9424.0,1731490500.0,2024-11-13 15:05:00+05:30
216.1,217.5,215.9,217.5,24268.0,1731490800.0,2024-11-13 15:10:00+05:30
217.95,220.75,216.4,220.75,43540.0,1731491100.0,2024-11-13 15:15:00+05:30
220.25,222.2,220.0,222.2,44944.0,1731491400.0,2024-11-13 15:20:00+05:30
222.2,222.2,216.7,217.55,19076.0,1731491700.0,2024-11-13 15:25:00+05:30
210.6,216.5,210.6,214.8,59540.0,1731555900.0,2024-11-14 09:15:00+05:30
215.2,216.5,213.35,215.0,32092.0,1731556200.0,2024-11-14 09:20:00+05:30
215.0,216.7,215.0,216.25,35252.0,1731556500.0,2024-11-14 09:25:00+05:30
216.15,218.85,215.4,218.75,27064.0,1731556800.0,2024-11-14 09:30:00+05:30
218.75,219.25,217.5,217.6,9852.0,1731557100.0,2024-11-14 09:35:00+05:30
217.5,217.8,215.4,215.65,84300.0,1731557400.0,2024-11-14 09:40:00+05:30
215.5,216.2,215.05,216.2,9344.0,1731557700.0,2024-11-14 09:45:00+05:30
216.2,216.2,215.5,215.95,2512.0,1731558000.0,2024-11-14 09:50:00+05:30
215.85,217.5,215.85,217.05,7616.0,1731558300.0,2024-11-14 09:55:00+05:30
217.2,217.45,217.15,217.4,2628.0,1731558600.0,2024-11-14 10:00:00+05:30
217.4,217.5,217.05,217.2,3740.0,1731558900.0,2024-11-14 10:05:00+05:30
217.4,217.5,217.0,217.5,2192.0,1731559200.0,2024-11-14 10:10:00+05:30
217.3,218.3,217.3,218.25,1432.0,1731559500.0,2024-11-14 10:15:00+05:30
218.4,218.4,217.0,217.7,14832.0,1731559800.0,2024-11-14 10:20:00+05:30
217.7,218.45,217.2,217.2,2552.0,1731560100.0,2024-11-14 10:25:00+05:30
217.05,217.3,216.85,217.3,1768.0,1731560400.0,2024-11-14 10:30:00+05:30
217.3,217.3,214.2,214.3,11228.0,1731560700.0,2024-11-14 10:35:00+05:30
214.8,215.0,213.0,213.05,10604.0,1731561000.0,2024-11-14 10:40:00+05:30
213.35,213.35,212.25,212.8,15008.0,1731561300.0,2024-11-14 10:45:00+05:30
212.7,212.7,211.3,212.05,10748.0,1731561600.0,2024-11-14 10:50:00+05:30
212.0,212.0,210.3,211.0,25092.0,1731561900.0,2024-11-14 10:55:00+05:30
210.9,211.0,210.3,210.5,5036.0,1731562200.0,2024-11-14 11:00:00+05:30
210.5,210.7,210.25,210.7,4052.0,1731562500.0,2024-11-14 11:05:00+05:30
210.5,211.25,209.55,211.05,15368.0,1731562800.0,2024-11-14 11:10:00+05:30
211.1,211.1,210.25,210.9,1560.0,1731563100.0,2024-11-14 11:15:00+05:30
210.9,211.45,210.75,211.45,8432.0,1731563400.0,2024-11-14 11:20:00+05:30
211.45,211.6,211.0,211.5,2428.0,1731563700.0,2024-11-14 11:25:00+05:30
211.5,211.6,211.4,211.4,1456.0,1731564000.0,2024-11-14 11:30:00+05:30
212.0,212.1,211.85,212.0,7416.0,1731564300.0,2024-11-14 11:35:00+05:30
212.05,212.5,212.0,212.3,1996.0,1731564600.0,2024-11-14 11:40:00+05:30
212.35,212.35,211.55,211.95,1144.0,1731564900.0,2024-11-14 11:45:00+05:30
211.95,212.25,211.7,212.0,1140.0,1731565200.0,2024-11-14 11:50:00+05:30
212.0,212.5,212.0,212.5,1744.0,1731565500.0,2024-11-14 11:55:00+05:30
212.5,213.0,212.25,212.5,2252.0,1731565800.0,2024-11-14 12:00:00+05:30
212.4,212.7,212.05,212.3,2184.0,1731566100.0,2024-11-14 12:05:00+05:30
212.3,212.3,211.75,211.95,1240.0,1731566400.0,2024-11-14 12:10:00+05:30
211.85,212.3,211.7,212.3,868.0,1731566700.0,2024-11-14 12:15:00+05:30
212.2,212.4,211.9,212.2,2520.0,1731567000.0,2024-11-14 12:20:00+05:30
211.9,212.9,211.9,212.4,4012.0,1731567300.0,2024-11-14 12:25:00+05:30
212.35,212.5,212.15,212.15,340.0,1731567600.0,2024-11-14 12:30:00+05:30
212.15,212.4,212.0,212.15,956.0,1731567900.0,2024-11-14 12:35:00+05:30
212.05,212.4,211.8,212.0,1576.0,1731568200.0,2024-11-14 12:40:00+05:30
212.0,212.3,211.6,211.75,1272.0,1731568500.0,2024-11-14 12:45:00+05:30
211.75,211.75,211.0,211.0,2968.0,1731568800.0,2024-11-14 12:50:00+05:30
211.0,211.25,210.75,210.85,2264.0,1731569100.0,2024-11-14 12:55:00+05:30
211.05,211.4,210.8,210.8,2500.0,1731569400.0,2024-11-14 13:00:00+05:30
210.8,210.8,210.0,210.55,4412.0,1731569700.0,2024-11-14 13:05:00+05:30
210.5,211.1,210.3,210.55,5712.0,1731570000.0,2024-11-14 13:10:00+05:30
210.55,210.6,210.3,210.6,1708.0,1731570300.0,2024-11-14 13:15:00+05:30
210.7,210.7,210.25,210.25,1368.0,1731570600.0,2024-11-14 13:20:00+05:30
210.5,210.85,210.3,210.5,3504.0,1731570900.0,2024-11-14 13:25:00+05:30
210.5,210.7,209.0,209.25,11508.0,1731571200.0,2024-11-14 13:30:00+05:30
209.1,209.65,209.05,209.05,3088.0,1731571500.0,2024-11-14 13:35:00+05:30
208.95,209.3,208.25,208.3,8848.0,1731571800.0,2024-11-14 13:40:00+05:30
208.65,208.75,208.2,208.2,5680.0,1731572100.0,2024-11-14 13:45:00+05:30
208.2,208.65,208.1,208.6,4744.0,1731572400.0,2024-11-14 13:50:00+05:30
208.7,208.7,208.15,208.4,4820.0,1731572700.0,2024-11-14 13:55:00+05:30
208.4,208.65,207.4,207.6,15492.0,1731573000.0,2024-11-14 14:00:00+05:30
207.25,207.8,207.1,207.35,3888.0,1731573300.0,2024-11-14 14:05:00+05:30
207.05,207.5,206.65,207.5,8292.0,1731573600.0,2024-11-14 14:10:00+05:30
207.5,208.2,207.15,208.0,4216.0,1731573900.0,2024-11-14 14:15:00+05:30
208.0,208.55,207.9,208.2,5864.0,1731574200.0,2024-11-14 14:20:00+05:30
208.25,208.4,207.0,207.0,6708.0,1731574500.0,2024-11-14 14:25:00+05:30
207.0,207.45,206.75,207.0,3364.0,1731574800.0,2024-11-14 14:30:00+05:30
207.0,207.2,206.25,207.2,10596.0,1731575100.0,2024-11-14 14:35:00+05:30
207.2,207.3,206.7,206.7,6536.0,1731575400.0,2024-11-14 14:40:00+05:30
206.75,207.35,206.7,206.9,2176.0,1731575700.0,2024-11-14 14:45:00+05:30
206.95,208.6,206.75,206.85,28244.0,1731576000.0,2024-11-14 14:50:00+05:30
206.8,207.4,206.8,206.95,3296.0,1731576300.0,2024-11-14 14:55:00+05:30
207.2,207.5,206.8,207.3,5212.0,1731576600.0,2024-11-14 15:00:00+05:30
207.3,207.35,206.5,206.55,5672.0,1731576900.0,2024-11-14 15:05:00+05:30
206.55,206.95,206.3,206.7,8636.0,1731577200.0,2024-11-14 15:10:00+05:30
206.7,207.2,206.3,206.75,22308.0,1731577500.0,2024-11-14 15:15:00+05:30
206.75,207.05,206.25,206.6,18084.0,1731577800.0,2024-11-14 15:20:00+05:30
206.25,207.5,206.0,206.55,18984.0,1731578100.0,2024-11-14 15:25:00+05:30
206.6,209.95,203.55,204.85,26288.0,1731901500.0,2024-11-18 09:15:00+05:30
205.0,206.6,204.65,206.2,24584.0,1731901800.0,2024-11-18 09:20:00+05:30
206.05,209.45,206.0,208.9,11420.0,1731902100.0,2024-11-18 09:25:00+05:30
209.2,209.2,207.15,209.05,9604.0,1731902400.0,2024-11-18 09:30:00+05:30
209.05,209.05,207.05,207.25,4164.0,1731902700.0,2024-11-18 09:35:00+05:30
207.5,207.85,207.0,207.3,1104.0,1731903000.0,2024-11-18 09:40:00+05:30
207.5,207.7,206.3,207.6,11436.0,1731903300.0,2024-11-18 09:45:00+05:30
207.65,208.7,207.65,207.8,7420.0,1731903600.0,2024-11-18 09:50:00+05:30
207.65,207.8,206.45,206.7,3756.0,1731903900.0,2024-11-18 09:55:00+05:30
206.75,208.75,206.25,207.45,15188.0,1731904200.0,2024-11-18 10:00:00+05:30
207.4,207.4,206.4,207.0,6040.0,1731904500.0,2024-11-18 10:05:00+05:30
207.0,207.0,205.75,206.0,5688.0,1731904800.0,2024-11-18 10:10:00+05:30
206.0,206.0,203.8,204.25,18260.0,1731905100.0,2024-11-18 10:15:00+05:30
204.5,205.25,204.25,205.0,3844.0,1731905400.0,2024-11-18 10:20:00+05:30
204.95,205.0,203.3,203.3,12156.0,1731905700.0,2024-11-18 10:25:00+05:30
203.35,204.0,203.2,203.7,11348.0,1731906000.0,2024-11-18 10:30:00+05:30
203.25,203.7,203.0,203.4,5768.0,1731906300.0,2024-11-18 10:35:00+05:30
203.4,203.8,203.15,203.8,1596.0,1731906600.0,2024-11-18 10:40:00+05:30
203.8,204.15,203.5,204.15,4916.0,1731906900.0,2024-11-18 10:45:00+05:30
204.2,204.65,204.2,204.35,2892.0,1731907200.0,2024-11-18 10:50:00+05:30
204.0,204.9,203.95,204.5,7468.0,1731907500.0,2024-11-18 10:55:00+05:30
204.25,204.7,203.95,203.95,3524.0,1731907800.0,2024-11-18 11:00:00+05:30
204.0,204.0,203.5,203.8,1340.0,1731908100.0,2024-11-18 11:05:00+05:30
203.85,203.95,203.3,203.3,1180.0,1731908400.0,2024-11-18 11:10:00+05:30
203.25,203.95,203.25,203.95,872.0,1731908700.0,2024-11-18 11:15:00+05:30
203.75,204.25,203.75,204.25,944.0,1731909000.0,2024-11-18 11:20:00+05:30
203.95,204.4,203.75,204.35,984.0,1731909300.0,2024-11-18 11:25:00+05:30
204.4,204.4,203.5,203.6,588.0,1731909600.0,2024-11-18 11:30:00+05:30
203.3,203.65,203.25,203.25,504.0,1731909900.0,2024-11-18 11:35:00+05:30
203.4,203.45,201.8,201.8,10984.0,1731910200.0,2024-11-18 11:40:00+05:30
202.0,203.05,201.6,203.05,6680.0,1731910500.0,2024-11-18 11:45:00+05:30
203.2,203.2,202.7,203.2,3184.0,1731910800.0,2024-11-18 11:50:00+05:30
203.15,203.6,202.8,203.6,2984.0,1731911100.0,2024-11-18 11:55:00+05:30
203.6,203.8,203.4,203.65,5076.0,1731911400.0,2024-11-18 12:00:00+05:30
203.5,203.75,202.45,202.7,5168.0,1731911700.0,2024-11-18 12:05:00+05:30
202.6,202.85,202.25,202.8,1380.0,1731912000.0,2024-11-18 12:10:00+05:30
202.8,202.9,202.35,202.5,688.0,1731912300.0,2024-11-18 12:15:00+05:30
202.5,202.9,202.5,202.75,672.0,1731912600.0,2024-11-18 12:20:00+05:30
202.55,203.45,202.45,203.15,3556.0,1731912900.0,2024-11-18 12:25:00+05:30
203.4,203.55,203.2,203.55,1088.0,1731913200.0,2024-11-18 12:30:00+05:30
203.45,203.5,202.75,202.75,1132.0,1731913500.0,2024-11-18 12:35:00+05:30
202.95,203.65,202.95,203.55,6196.0,1731913800.0,2024-11-18 12:40:00+05:30
203.6,203.8,203.45,203.8,852.0,1731914100.0,2024-11-18 12:45:00+05:30
203.55,203.7,203.3,203.3,436.0,1731914400.0,2024-11-18 12:50:00+05:30
203.3,203.5,202.9,202.9,2968.0,1731914700.0,2024-11-18 12:55:00+05:30
203.1,203.45,202.9,202.9,472.0,1731915000.0,2024-11-18 13:00:00+05:30
203.2,203.45,202.95,203.2,336.0,1731915300.0,2024-11-18 13:05:00+05:30
203.2,203.6,203.0,203.35,1464.0,1731915600.0,2024-11-18 13:10:00+05:30
203.35,203.35,203.1,203.2,756.0,1731915900.0,2024-11-18 13:15:00+05:30
203.55,203.55,203.25,203.45,392.0,1731916200.0,2024-11-18 13:20:00+05:30
203.15,203.15,202.75,202.95,3060.0,1731916500.0,2024-11-18 13:25:00+05:30
203.2,203.2,202.75,203.1,964.0,1731916800.0,2024-11-18 13:30:00+05:30
203.25,203.45,202.95,203.1,484.0,1731917100.0,2024-11-18 13:35:00+05:30
203.4,203.4,202.8,202.8,244.0,1731917400.0,2024-11-18 13:40:00+05:30
202.9,203.45,202.9,203.15,700.0,1731917700.0,2024-11-18 13:45:00+05:30
203.15,203.75,203.15,203.75,1528.0,1731918000.0,2024-11-18 13:50:00+05:30
203.75,205.25,203.5,204.75,7160.0,1731918300.0,2024-11-18 13:55:00+05:30
204.75,204.95,204.25,204.5,1964.0,1731918600.0,2024-11-18 14:00:00+05:30
204.35,204.6,203.45,203.95,7020.0,1731918900.0,2024-11-18 14:05:00+05:30
203.95,204.75,203.95,204.3,2904.0,1731919200.0,2024-11-18 14:10:00+05:30
204.25,204.3,203.9,203.9,904.0,1731919500.0,2024-11-18 14:15:00+05:30
203.85,203.85,203.5,203.7,1664.0,1731919800.0,2024-11-18 14:20:00+05:30
203.75,203.75,203.2,203.4,2224.0,1731920100.0,2024-11-18 14:25:00+05:30
203.3,203.45,202.75,203.0,1664.0,1731920400.0,2024-11-18 14:30:00+05:30
203.0,203.2,203.0,203.2,284.0,1731920700.0,2024-11-18 14:35:00+05:30
203.2,203.4,203.0,203.35,2076.0,1731921000.0,2024-11-18 14:40:00+05:30
203.25,203.7,203.2,203.5,1076.0,1731921300.0,2024-11-18 14:45:00+05:30
203.65,203.75,203.4,203.5,688.0,1731921600.0,2024-11-18 14:50:00+05:30
203.7,203.75,203.45,203.7,2356.0,1731921900.0,2024-11-18 14:55:00+05:30
203.5,203.7,203.25,203.6,2612.0,1731922200.0,2024-11-18 15:00:00+05:30
203.75,203.75,202.55,203.1,3516.0,1731922500.0,2024-11-18 15:05:00+05:30
203.3,203.3,202.0,202.95,6556.0,1731922800.0,2024-11-18 15:10:00+05:30
202.7,203.25,202.4,202.9,6556.0,1731923100.0,2024-11-18 15:15:00+05:30
202.95,203.75,202.5,203.5,8760.0,1731923400.0,2024-11-18 15:20:00+05:30
203.55,203.7,202.65,203.35,8048.0,1731923700.0,2024-11-18 15:25:00+05:30
205.0,211.1,204.65,204.95,17416.0,1731987900.0,2024-11-19 09:15:00+05:30
204.25,206.25,204.25,205.0,10464.0,1731988200.0,2024-11-19 09:20:00+05:30
205.0,205.0,203.8,204.35,8040.0,1731988500.0,2024-11-19 09:25:00+05:30
204.25,204.3,203.05,204.3,8136.0,1731988800.0,2024-11-19 09:30:00+05:30
204.6,205.2,204.35,205.2,1600.0,1731989100.0,2024-11-19 09:35:00+05:30
205.0,205.15,204.7,205.0,2648.0,1731989400.0,2024-11-19 09:40:00+05:30
205.0,205.55,205.0,205.55,3368.0,1731989700.0,2024-11-19 09:45:00+05:30
205.55,206.5,205.2,206.5,4060.0,1731990000.0,2024-11-19 09:50:00+05:30
206.75,206.75,205.25,205.25,15984.0,1731990300.0,2024-11-19 09:55:00+05:30
205.3,206.0,205.3,206.0,2692.0,1731990600.0,2024-11-19 10:00:00+05:30
206.0,206.4,206.0,206.4,676.0,1731990900.0,2024-11-19 10:05:00+05:30
206.4,206.75,205.9,206.35,3048.0,1731991200.0,2024-11-19 10:10:00+05:30
206.5,206.75,206.25,206.7,1116.0,1731991500.0,2024-11-19 10:15:00+05:30
206.6,206.7,206.4,206.6,576.0,1731991800.0,2024-11-19 10:20:00+05:30
206.6,206.7,206.25,206.7,2012.0,1731992100.0,2024-11-19 10:25:00+05:30
206.7,206.7,206.3,206.4,616.0,1731992400.0,2024-11-19 10:30:00+05:30
206.25,206.5,206.0,206.25,1640.0,1731992700.0,2024-11-19 10:35:00+05:30
206.25,206.6,206.05,206.6,2568.0,1731993000.0,2024-11-19 10:40:00+05:30
206.25,206.25,205.75,206.1,3488.0,1731993300.0,2024-11-19 10:45:00+05:30
205.8,206.4,205.8,206.4,804.0,1731993600.0,2024-11-19 10:50:00+05:30
206.4,206.5,206.1,206.1,648.0,1731993900.0,2024-11-19 10:55:00+05:30
206.35,206.5,206.25,206.25,140.0,1731994200.0,2024-11-19 11:00:00+05:30
206.25,206.5,206.05,206.5,576.0,1731994500.0,2024-11-19 11:05:00+05:30
206.5,206.7,206.5,206.7,1068.0,1731994800.0,2024-11-19 11:10:00+05:30
206.7,206.7,206.2,206.5,688.0,1731995100.0,2024-11-19 11:15:00+05:30
204.75,205.55,204.75,205.5,20232.0,1731995400.0,2024-11-19 11:20:00+05:30
205.5,205.5,205.05,205.3,2100.0,1731995700.0,2024-11-19 11:25:00+05:30
205.3,205.7,205.25,205.6,2604.0,1731996000.0,2024-11-19 11:30:00+05:30
205.6,205.6,204.75,204.75,8328.0,1731996300.0,2024-11-19 11:35:00+05:30
204.75,204.75,204.3,204.3,688.0,1731996600.0,2024-11-19 11:40:00+05:30
204.25,204.5,204.0,204.0,4724.0,1731996900.0,2024-11-19 11:45:00+05:30
204.25,204.45,204.2,204.45,1036.0,1731997200.0,2024-11-19 11:50:00+05:30
204.45,204.45,204.05,204.05,2856.0,1731997500.0,2024-11-19 11:55:00+05:30
204.3,204.45,204.2,204.35,1216.0,1731997800.0,2024-11-19 12:00:00+05:30
204.4,204.4,203.5,204.15,3528.0,1731998100.0,2024-11-19 12:05:00+05:30
204.15,204.25,203.9,204.05,440.0,1731998400.0,2024-11-19 12:10:00+05:30
204.1,204.4,204.1,204.4,156.0,1731998700.0,2024-11-19 12:15:00+05:30
204.4,204.4,204.35,204.35,96.0,1731999000.0,2024-11-19 12:20:00+05:30
204.4,204.4,204.05,204.3,2672.0,1731999300.0,2024-11-19 12:25:00+05:30
204.3,204.3,203.5,203.5,8748.0,1731999600.0,2024-11-19 12:30:00+05:30
203.5,203.8,203.3,203.5,3768.0,1731999900.0,2024-11-19 12:35:00+05:30
203.5,203.55,203.1,203.3,1188.0,1732000200.0,2024-11-19 12:40:00+05:30
203.55,203.65,203.45,203.65,128.0,1732000500.0,2024-11-19 12:45:00+05:30
203.6,203.6,203.5,203.5,380.0,1732000800.0,2024-11-19 12:50:00+05:30
203.5,203.6,203.5,203.6,460.0,1732001100.0,2024-11-19 12:55:00+05:30
203.6,203.6,203.6,203.6,376.0,1732001400.0,2024-11-19 13:00:00+05:30
203.6,203.6,203.3,203.4,5388.0,1732001700.0,2024-11-19 13:05:00+05:30
203.35,203.4,203.35,203.35,140.0,1732002000.0,2024-11-19 13:10:00+05:30
203.3,203.6,203.3,203.6,964.0,1732002300.0,2024-11-19 13:15:00+05:30
203.6,203.6,203.55,203.6,192.0,1732002600.0,2024-11-19 13:20:00+05:30
203.5,203.7,203.3,203.65,2988.0,1732002900.0,2024-11-19 13:25:00+05:30
203.65,203.65,203.4,203.45,448.0,1732003200.0,2024-11-19 13:30:00+05:30
203.45,203.65,203.3,203.5,1932.0,1732003500.0,2024-11-19 13:35:00+05:30
203.4,203.4,202.65,203.05,5596.0,1732003800.0,2024-11-19 13:40:00+05:30
203.15,203.45,203.0,203.45,364.0,1732004100.0,2024-11-19 13:45:00+05:30
203.6,203.6,202.9,203.25,1308.0,1732004400.0,2024-11-19 13:50:00+05:30
203.4,203.5,203.05,203.3,2012.0,1732004700.0,2024-11-19 13:55:00+05:30
203.3,203.5,202.45,202.55,10064.0,1732005000.0,2024-11-19 14:00:00+05:30
202.7,202.75,202.25,202.45,984.0,1732005300.0,2024-11-19 14:05:00+05:30
202.3,202.45,201.85,202.45,2064.0,1732005600.0,2024-11-19 14:10:00+05:30
202.45,202.7,202.45,202.7,2140.0,1732005900.0,2024-11-19 14:15:00+05:30
202.35,202.6,202.25,202.55,1108.0,1732006200.0,2024-11-19 14:20:00+05:30
202.55,202.6,202.0,202.4,1604.0,1732006500.0,2024-11-19 14:25:00+05:30
202.4,202.4,202.0,202.0,1652.0,1732006800.0,2024-11-19 14:30:00+05:30
202.0,202.3,202.0,202.25,756.0,1732007100.0,2024-11-19 14:35:00+05:30
202.25,202.3,202.05,202.2,296.0,1732007400.0,2024-11-19 14:40:00+05:30
202.3,202.75,202.25,202.75,884.0,1732007700.0,2024-11-19 14:45:00+05:30
202.6,202.75,202.25,202.3,2256.0,1732008000.0,2024-11-19 14:50:00+05:30
202.45,202.5,201.9,201.9,3336.0,1732008300.0,2024-11-19 14:55:00+05:30
201.85,202.05,201.4,201.75,4984.0,1732008600.0,2024-11-19 15:00:00+05:30
201.75,202.5,201.3,202.5,18652.0,1732008900.0,2024-11-19 15:05:00+05:30
202.4,202.4,201.3,201.5,1576.0,1732009200.0,2024-11-19 15:10:00+05:30
201.5,202.25,201.3,202.0,9852.0,1732009500.0,2024-11-19 15:15:00+05:30
201.65,202.1,201.3,202.1,13120.0,1732009800.0,2024-11-19 15:20:00+05:30
202.15,203.7,201.6,203.25,15192.0,1732010100.0,2024-11-19 15:25:00+05:30
204.2,204.2,197.95,202.4,14324.0,1732160700.0,2024-11-21 09:15:00+05:30
202.4,203.15,201.3,202.1,9252.0,1732161000.0,2024-11-21 09:20:00+05:30
202.2,202.4,201.8,202.15,1964.0,1732161300.0,2024-11-21 09:25:00+05:30
202.2,202.3,200.9,200.9,2788.0,1732161600.0,2024-11-21 09:30:00+05:30
200.9,201.2,200.5,200.5,2104.0,1732161900.0,2024-11-21 09:35:00+05:30
200.8,203.05,200.5,202.85,7524.0,1732162200.0,2024-11-21 09:40:00+05:30
202.9,203.75,202.75,202.75,11372.0,1732162500.0,2024-11-21 09:45:00+05:30
202.5,203.6,202.25,202.95,6032.0,1732162800.0,2024-11-21 09:50:00+05:30
202.65,203.7,202.65,203.65,1880.0,1732163100.0,2024-11-21 09:55:00+05:30
203.75,205.0,203.25,204.1,4816.0,1732163400.0,2024-11-21 10:00:00+05:30
204.1,206.25,204.1,204.3,13228.0,1732163700.0,2024-11-21 10:05:00+05:30
204.45,204.7,203.35,203.55,3836.0,1732164000.0,2024-11-21 10:10:00+05:30
203.8,204.0,202.9,203.35,2476.0,1732164300.0,2024-11-21 10:15:00+05:30
203.35,203.9,202.95,203.8,3468.0,1732164600.0,2024-11-21 10:20:00+05:30
203.8,204.3,203.55,204.0,2368.0,1732164900.0,2024-11-21 10:25:00+05:30
203.8,204.25,203.35,203.35,6196.0,1732165200.0,2024-11-21 10:30:00+05:30
203.5,203.75,203.2,203.2,1072.0,1732165500.0,2024-11-21 10:35:00+05:30
203.4,203.5,202.8,202.8,1480.0,1732165800.0,2024-11-21 10:40:00+05:30
203.05,203.35,202.75,202.8,1636.0,1732166100.0,2024-11-21 10:45:00+05:30
202.75,203.4,202.45,202.8,8920.0,1732166400.0,2024-11-21 10:50:00+05:30
202.7,202.95,202.5,202.95,928.0,1732166700.0,2024-11-21 10:55:00+05:30
203.05,203.05,202.35,202.85,1108.0,1732167000.0,2024-11-21 11:00:00+05:30
202.7,202.85,202.3,202.6,844.0,1732167300.0,2024-11-21 11:05:00+05:30
202.6,202.95,202.5,202.95,716.0,1732167600.0,2024-11-21 11:10:00+05:30
203.05,203.15,201.95,202.15,6504.0,1732167900.0,2024-11-21 11:15:00+05:30
201.95,202.3,201.75,202.3,1624.0,1732168200.0,2024-11-21 11:20:00+05:30
202.4,202.55,202.05,202.4,508.0,1732168500.0,2024-11-21 11:25:00+05:30
202.7,202.7,202.25,202.25,516.0,1732168800.0,2024-11-21 11:30:00+05:30
202.55,202.55,201.0,201.65,8908.0,1732169100.0,2024-11-21 11:35:00+05:30
201.55,201.75,201.4,201.7,232.0,1732169400.0,2024-11-21 11:40:00+05:30
201.7,201.7,201.45,201.7,224.0,1732169700.0,2024-11-21 11:45:00+05:30
201.7,201.75,201.3,201.75,848.0,1732170000.0,2024-11-21 11:50:00+05:30
201.75,202.4,201.4,202.2,4912.0,1732170300.0,2024-11-21 11:55:00+05:30
202.35,202.85,202.35,202.6,2088.0,1732170600.0,2024-11-21 12:00:00+05:30
202.45,202.95,202.45,202.95,1616.0,1732170900.0,2024-11-21 12:05:00+05:30
202.9,202.9,201.55,202.05,5360.0,1732171200.0,2024-11-21 12:10:00+05:30
202.1,202.4,202.1,202.15,672.0,1732171500.0,2024-11-21 12:15:00+05:30
202.15,202.25,201.25,202.25,2692.0,1732171800.0,2024-11-21 12:20:00+05:30
202.25,202.3,201.85,201.85,1264.0,1732172100.0,2024-11-21 12:25:00+05:30
202.2,202.25,202.2,202.25,180.0,1732172400.0,2024-11-21 12:30:00+05:30
202.25,202.25,201.9,202.2,108.0,1732172700.0,2024-11-21 12:35:00+05:30
202.2,202.2,201.8,202.05,360.0,1732173000.0,2024-11-21 12:40:00+05:30
201.7,201.95,201.5,201.7,872.0,1732173300.0,2024-11-21 12:45:00+05:30
201.75,201.75,201.45,201.55,208.0,1732173600.0,2024-11-21 12:50:00+05:30
201.55,201.7,200.75,200.75,1524.0,1732173900.0,2024-11-21 12:55:00+05:30
201.15,201.4,201.15,201.4,340.0,1732174200.0,2024-11-21 13:00:00+05:30
201.4,202.0,201.0,202.0,1640.0,1732174500.0,2024-11-21 13:05:00+05:30
201.75,202.1,201.65,202.1,548.0,1732174800.0,2024-11-21 13:10:00+05:30
202.1,202.35,201.9,202.2,628.0,1732175100.0,2024-11-21 13:15:00+05:30
202.3,202.3,202.15,202.15,1248.0,1732175400.0,2024-11-21 13:20:00+05:30
202.2,202.35,202.0,202.25,472.0,1732175700.0,2024-11-21 13:25:00+05:30
202.2,202.3,202.0,202.1,1684.0,1732176000.0,2024-11-21 13:30:00+05:30
202.25,202.5,202.2,202.5,300.0,1732176300.0,2024-11-21 13:35:00+05:30
202.2,202.5,202.2,202.45,1176.0,1732176600.0,2024-11-21 13:40:00+05:30
202.45,202.5,202.15,202.45,2564.0,1732176900.0,2024-11-21 13:45:00+05:30
202.5,202.7,202.3,202.5,1156.0,1732177200.0,2024-11-21 13:50:00+05:30
202.65,202.65,202.35,202.5,420.0,1732177500.0,2024-11-21 13:55:00+05:30
202.3,202.65,201.75,202.1,2600.0,1732177800.0,2024-11-21 14:00:00+05:30
202.05,202.15,201.7,202.15,660.0,1732178100.0,2024-11-21 14:05:00+05:30
202.2,202.2,201.9,201.9,480.0,1732178400.0,2024-11-21 14:10:00+05:30
201.9,202.0,201.15,201.75,5216.0,1732178700.0,2024-11-21 14:15:00+05:30
201.75,201.75,201.75,201.75,68.0,1732179000.0,2024-11-21 14:20:00+05:30
201.75,201.75,201.7,201.75,388.0,1732179300.0,2024-11-21 14:25:00+05:30
201.7,201.9,201.3,201.3,644.0,1732179600.0,2024-11-21 14:30:00+05:30
201.5,201.7,201.25,201.25,1360.0,1732179900.0,2024-11-21 14:35:00+05:30
201.25,202.0,201.05,202.0,2884.0,1732180200.0,2024-11-21 14:40:00+05:30
201.9,202.25,201.55,202.25,5144.0,1732180500.0,2024-11-21 14:45:00+05:30
202.25,202.55,202.0,202.35,440.0,1732180800.0,2024-11-21 14:50:00+05:30
202.35,202.7,202.2,202.6,1700.0,1732181100.0,2024-11-21 14:55:00+05:30
202.7,202.7,202.15,202.6,1936.0,1732181400.0,2024-11-21 15:00:00+05:30
202.05,202.3,201.4,201.65,3404.0,1732181700.0,2024-11-21 15:05:00+05:30
201.6,202.0,201.45,201.9,960.0,1732182000.0,2024-11-21 15:10:00+05:30
201.9,202.2,201.25,202.05,7452.0,1732182300.0,2024-11-21 15:15:00+05:30
202.05,202.25,201.25,201.75,7024.0,1732182600.0,2024-11-21 15:20:00+05:30
201.75,201.75,201.25,201.5,4504.0,1732182900.0,2024-11-21 15:25:00+05:30
201.75,201.75,199.0,200.8,6960.0,1732247100.0,2024-11-22 09:15:00+05:30
201.3,202.7,201.25,202.35,2732.0,1732247400.0,2024-11-22 09:20:00+05:30
202.65,202.65,201.5,201.9,3972.0,1732247700.0,2024-11-22 09:25:00+05:30
201.95,202.15,200.05,200.2,8732.0,1732248000.0,2024-11-22 09:30:00+05:30
200.45,200.7,199.9,200.4,4736.0,1732248300.0,2024-11-22 09:35:00+05:30
199.95,200.5,199.95,200.35,2124.0,1732248600.0,2024-11-22 09:40:00+05:30
200.4,200.8,200.3,200.5,548.0,1732248900.0,2024-11-22 09:45:00+05:30
200.5,200.55,199.9,200.0,4196.0,1732249200.0,2024-11-22 09:50:00+05:30
200.25,200.9,200.0,200.55,932.0,1732249500.0,2024-11-22 09:55:00+05:30
200.8,201.2,200.6,201.2,232.0,1732249800.0,2024-11-22 10:00:00+05:30
201.2,201.2,200.9,200.9,492.0,1732250100.0,2024-11-22 10:05:00+05:30
201.15,201.45,201.0,201.45,3136.0,1732250400.0,2024-11-22 10:10:00+05:30
201.45,201.45,200.9,201.2,1076.0,1732250700.0,2024-11-22 10:15:00+05:30
200.9,201.5,200.75,201.5,3688.0,1732251000.0,2024-11-22 10:20:00+05:30
201.55,201.55,201.05,201.25,1428.0,1732251300.0,2024-11-22 10:25:00+05:30
201.5,201.65,201.5,201.65,1868.0,1732251600.0,2024-11-22 10:30:00+05:30
201.3,201.65,201.3,201.65,372.0,1732251900.0,2024-11-22 10:35:00+05:30
201.3,202.25,201.25,202.05,3380.0,1732252200.0,2024-11-22 10:40:00+05:30
201.85,202.1,201.3,201.95,1192.0,1732252500.0,2024-11-22 10:45:00+05:30
202.1,202.75,201.9,202.5,804.0,1732252800.0,2024-11-22 10:50:00+05:30
202.5,202.5,201.45,202.0,2416.0,1732253100.0,2024-11-22 10:55:00+05:30
202.1,202.3,202.05,202.3,364.0,1732253400.0,2024-11-22 11:00:00+05:30
202.3,202.3,201.95,202.25,960.0,1732253700.0,2024-11-22 11:05:00+05:30
202.0,202.25,202.0,202.25,164.0,1732254000.0,2024-11-22 11:10:00+05:30
202.25,202.45,202.25,202.45,1380.0,1732254300.0,2024-11-22 11:15:00+05:30
202.05,202.45,201.75,202.45,1928.0,1732254600.0,2024-11-22 11:20:00+05:30
202.45,202.45,202.1,202.35,1032.0,1732254900.0,2024-11-22 11:25:00+05:30
202.4,202.45,202.15,202.15,592.0,1732255200.0,2024-11-22 11:30:00+05:30
202.15,202.35,202.0,202.0,1144.0,1732255500.0,2024-11-22 11:35:00+05:30
202.2,203.0,202.0,202.5,2328.0,1732255800.0,2024-11-22 11:40:00+05:30
202.5,202.65,202.5,202.65,3424.0,1732256100.0,2024-11-22 11:45:00+05:30
202.65,203.0,202.65,203.0,7304.0,1732256400.0,2024-11-22 11:50:00+05:30
203.25,203.25,202.4,202.4,2140.0,1732256700.0,2024-11-22 11:55:00+05:30
202.4,202.5,201.75,201.75,3832.0,1732257000.0,2024-11-22 12:00:00+05:30
201.8,201.85,201.5,201.7,1536.0,1732257300.0,2024-11-22 12:05:00+05:30
201.7,201.7,201.65,201.65,4.0,1732257600.0,2024-11-22 12:10:00+05:30
201.65,201.85,201.65,201.65,456.0,1732257900.0,2024-11-22 12:15:00+05:30
201.65,201.95,201.65,201.8,744.0,1732258200.0,2024-11-22 12:20:00+05:30
201.9,202.0,201.9,202.0,1068.0,1732258500.0,2024-11-22 12:25:00+05:30
201.7,201.7,200.5,200.8,4300.0,1732258800.0,2024-11-22 12:30:00+05:30
200.8,200.85,200.25,200.55,1748.0,1732259100.0,2024-11-22 12:35:00+05:30
200.5,201.2,200.5,201.2,832.0,1732259400.0,2024-11-22 12:40:00+05:30
201.0,201.7,200.95,201.3,1016.0,1732259700.0,2024-11-22 12:45:00+05:30
201.4,201.6,201.3,201.55,284.0,1732260000.0,2024-11-22 12:50:00+05:30
201.35,201.35,200.4,201.0,2220.0,1732260300.0,2024-11-22 12:55:00+05:30
201.0,201.25,201.0,201.05,532.0,1732260600.0,2024-11-22 13:00:00+05:30
200.95,200.95,200.55,200.7,1044.0,1732260900.0,2024-11-22 13:05:00+05:30
200.5,200.7,200.0,200.3,4576.0,1732261200.0,2024-11-22 13:10:00+05:30
200.55,200.7,200.45,200.45,264.0,1732261500.0,2024-11-22 13:15:00+05:30
200.4,200.9,200.4,200.75,1688.0,1732261800.0,2024-11-22 13:20:00+05:30
200.75,200.8,200.45,200.45,260.0,1732262100.0,2024-11-22 13:25:00+05:30
200.5,200.75,200.25,200.45,1944.0,1732262400.0,2024-11-22 13:30:00+05:30
200.3,200.85,200.3,200.8,828.0,1732262700.0,2024-11-22 13:35:00+05:30
200.75,201.1,200.75,200.85,2932.0,1732263000.0,2024-11-22 13:40:00+05:30
201.05,201.1,200.75,201.1,580.0,1732263300.0,2024-11-22 13:45:00+05:30
201.1,201.1,200.5,200.7,1932.0,1732263600.0,2024-11-22 13:50:00+05:30
200.7,201.0,200.6,200.65,4056.0,1732263900.0,2024-11-22 13:55:00+05:30
200.85,201.15,200.7,200.7,4240.0,1732264200.0,2024-11-22 14:00:00+05:30
200.95,201.2,200.95,201.2,2204.0,1732264500.0,2024-11-22 14:05:00+05:30
201.2,201.3,200.95,201.05,1476.0,1732264800.0,2024-11-22 14:10:00+05:30
200.9,201.2,200.9,201.1,868.0,1732265100.0,2024-11-22 14:15:00+05:30
201.1,201.3,200.95,201.15,588.0,1732265400.0,2024-11-22 14:20:00+05:30
201.3,201.3,201.15,201.3,516.0,1732265700.0,2024-11-22 14:25:00+05:30
201.05,201.05,200.75,201.0,1232.0,1732266000.0,2024-11-22 14:30:00+05:30
201.05,201.2,201.0,201.2,1136.0,1732266300.0,2024-11-22 14:35:00+05:30
201.05,201.2,200.25,200.4,4640.0,1732266600.0,2024-11-22 14:40:00+05:30
200.6,201.0,200.4,200.8,1760.0,1732266900.0,2024-11-22 14:45:00+05:30
200.8,200.8,200.4,200.7,324.0,1732267200.0,2024-11-22 14:50:00+05:30
200.7,200.7,200.5,200.7,1332.0,1732267500.0,2024-11-22 14:55:00+05:30
200.7,200.8,200.2,200.8,3408.0,1732267800.0,2024-11-22 15:00:00+05:30
200.8,200.8,200.5,200.8,2360.0,1732268100.0,2024-11-22 15:05:00+05:30
200.8,200.8,200.55,200.55,1592.0,1732268400.0,2024-11-22 15:10:00+05:30
200.8,200.8,200.2,200.45,3712.0,1732268700.0,2024-11-22 15:15:00+05:30
200.45,201.35,200.1,201.25,7368.0,1732269000.0,2024-11-22 15:20:00+05:30
201.25,201.25,200.0,200.95,4752.0,1732269300.0,2024-11-22 15:25:00+05:30
204.7,205.2,201.3,205.2,18672.0,1732506300.0,2024-11-25 09:15:00+05:30
204.75,205.1,204.2,204.45,11488.0,1732506600.0,2024-11-25 09:20:00+05:30
204.75,205.55,204.3,204.9,20132.0,1732506900.0,2024-11-25 09:25:00+05:30
204.9,204.9,204.25,204.8,6120.0,1732507200.0,2024-11-25 09:30:00+05:30
204.8,204.9,204.8,204.8,2148.0,1732507500.0,2024-11-25 09:35:00+05:30
204.8,204.9,204.55,204.75,1940.0,1732507800.0,2024-11-25 09:40:00+05:30
204.75,204.8,202.55,203.35,14040.0,1732508100.0,2024-11-25 09:45:00+05:30
203.45,204.7,203.45,204.3,17076.0,1732508400.0,2024-11-25 09:50:00+05:30
204.3,204.6,203.8,204.4,5892.0,1732508700.0,2024-11-25 09:55:00+05:30
204.5,204.75,204.5,204.7,1472.0,1732509000.0,2024-11-25 10:00:00+05:30
204.5,204.75,204.25,204.65,2276.0,1732509300.0,2024-11-25 10:05:00+05:30
204.5,205.75,204.45,205.2,10528.0,1732509600.0,2024-11-25 10:10:00+05:30
205.2,206.1,204.85,205.8,5416.0,1732509900.0,2024-11-25 10:15:00+05:30
205.9,206.2,205.5,205.5,3952.0,1732510200.0,2024-11-25 10:20:00+05:30
205.9,208.55,205.9,208.55,21232.0,1732510500.0,2024-11-25 10:25:00+05:30
208.4,209.0,207.8,208.6,6820.0,1732510800.0,2024-11-25 10:30:00+05:30
208.8,210.1,208.6,210.05,16092.0,1732511100.0,2024-11-25 10:35:00+05:30
209.7,209.75,208.5,208.5,11660.0,1732511400.0,2024-11-25 10:40:00+05:30
208.25,208.5,208.25,208.4,596.0,1732511700.0,2024-11-25 10:45:00+05:30
208.5,209.85,208.5,209.85,6488.0,1732512000.0,2024-11-25 10:50:00+05:30
209.9,210.4,209.5,209.5,5136.0,1732512300.0,2024-11-25 10:55:00+05:30
209.25,209.25,208.5,208.55,1420.0,1732512600.0,2024-11-25 11:00:00+05:30
208.75,209.25,208.5,209.2,1884.0,1732512900.0,2024-11-25 11:05:00+05:30
209.2,209.25,208.8,208.8,2092.0,1732513200.0,2024-11-25 11:10:00+05:30
208.85,209.3,208.85,209.2,1012.0,1732513500.0,2024-11-25 11:15:00+05:30
209.2,209.55,208.5,209.05,6920.0,1732513800.0,2024-11-25 11:20:00+05:30
209.0,209.75,209.0,209.65,1832.0,1732514100.0,2024-11-25 11:25:00+05:30
209.75,210.0,209.65,210.0,4588.0,1732514400.0,2024-11-25 11:30:00+05:30
210.0,210.0,209.25,209.25,2860.0,1732514700.0,2024-11-25 11:35:00+05:30
209.0,209.6,208.6,209.45,3840.0,1732515000.0,2024-11-25 11:40:00+05:30
209.5,209.75,209.5,209.5,2720.0,1732515300.0,2024-11-25 11:45:00+05:30
209.4,209.75,209.35,209.5,2556.0,1732515600.0,2024-11-25 11:50:00+05:30
209.5,209.75,209.05,209.2,2632.0,1732515900.0,2024-11-25 11:55:00+05:30
209.2,209.3,209.0,209.3,2204.0,1732516200.0,2024-11-25 12:00:00+05:30
209.3,209.45,209.05,209.2,528.0,1732516500.0,2024-11-25 12:05:00+05:30
209.2,209.2,208.9,208.9,208.0,1732516800.0,2024-11-25 12:10:00+05:30
209.1,209.25,209.1,209.2,336.0,1732517100.0,2024-11-25 12:15:00+05:30
209.2,209.2,209.0,209.0,296.0,1732517400.0,2024-11-25 12:20:00+05:30
209.3,209.4,209.0,209.4,1588.0,1732517700.0,2024-11-25 12:25:00+05:30
209.35,209.8,209.35,209.5,7868.0,1732518000.0,2024-11-25 12:30:00+05:30
209.15,209.75,209.15,209.75,1588.0,1732518300.0,2024-11-25 12:35:00+05:30
209.75,209.8,209.55,209.8,4480.0,1732518600.0,2024-11-25 12:40:00+05:30
209.8,209.8,209.15,209.15,2764.0,1732518900.0,2024-11-25 12:45:00+05:30
209.35,209.4,208.25,208.8,5964.0,1732519200.0,2024-11-25 12:50:00+05:30
208.8,208.8,208.5,208.55,3500.0,1732519500.0,2024-11-25 12:55:00+05:30
208.55,208.7,208.3,208.5,1568.0,1732519800.0,2024-11-25 13:00:00+05:30
208.2,208.3,207.9,208.1,1032.0,1732520100.0,2024-11-25 13:05:00+05:30
207.8,208.1,207.8,208.1,540.0,1732520400.0,2024-11-25 13:10:00+05:30
208.1,208.3,207.95,208.25,724.0,1732520700.0,2024-11-25 13:15:00+05:30
208.35,208.35,207.95,208.2,364.0,1732521000.0,2024-11-25 13:20:00+05:30
208.2,208.6,208.1,208.6,916.0,1732521300.0,2024-11-25 13:25:00+05:30
208.6,208.8,208.5,208.65,440.0,1732521600.0,2024-11-25 13:30:00+05:30
208.6,208.9,207.9,207.9,732.0,1732521900.0,2024-11-25 13:35:00+05:30
207.75,208.0,207.65,207.65,388.0,1732522200.0,2024-11-25 13:40:00+05:30
207.65,208.0,207.55,208.0,448.0,1732522500.0,2024-11-25 13:45:00+05:30
208.0,208.0,207.75,207.75,624.0,1732522800.0,2024-11-25 13:50:00+05:30
207.95,208.35,207.7,208.05,1196.0,1732523100.0,2024-11-25 13:55:00+05:30
208.05,208.2,207.95,208.2,292.0,1732523400.0,2024-11-25 14:00:00+05:30
208.25,208.25,207.75,208.0,360.0,1732523700.0,2024-11-25 14:05:00+05:30
208.2,208.6,208.0,208.3,2276.0,1732524000.0,2024-11-25 14:10:00+05:30
208.3,208.55,208.05,208.4,784.0,1732524300.0,2024-11-25 14:15:00+05:30
208.45,208.45,206.95,208.25,8356.0,1732524600.0,2024-11-25 14:20:00+05:30
208.25,208.65,208.05,208.5,3064.0,1732524900.0,2024-11-25 14:25:00+05:30
208.5,208.55,208.15,208.15,720.0,1732525200.0,2024-11-25 14:30:00+05:30
207.95,208.2,207.65,208.0,4392.0,1732525500.0,2024-11-25 14:35:00+05:30
208.15,208.5,208.05,208.2,2084.0,1732525800.0,2024-11-25 14:40:00+05:30
207.8,208.3,207.8,208.25,804.0,1732526100.0,2024-11-25 14:45:00+05:30
208.3,208.3,207.8,208.1,420.0,1732526400.0,2024-11-25 14:50:00+05:30
208.1,208.1,206.2,206.2,5032.0,1732526700.0,2024-11-25 14:55:00+05:30
206.25,210.0,206.05,209.05,108852.0,1732527000.0,2024-11-25 15:00:00+05:30
209.05,210.0,209.05,210.0,85160.0,1732527300.0,2024-11-25 15:05:00+05:30
210.0,210.0,209.8,209.8,95912.0,1732527600.0,2024-11-25 15:10:00+05:30
209.85,210.0,209.05,209.45,111256.0,1732527900.0,2024-11-25 15:15:00+05:30
210.0,210.0,209.5,209.6,103368.0,1732528200.0,2024-11-25 15:20:00+05:30
209.8,209.8,206.05,207.5,86112.0,1732528500.0,2024-11-25 15:25:00+05:30
207.6,208.7,205.6,206.2,8048.0,1732592700.0,2024-11-26 09:15:00+05:30
206.0,206.5,205.4,206.1,3076.0,1732593000.0,2024-11-26 09:20:00+05:30
206.35,206.75,206.0,206.15,3336.0,1732593300.0,2024-11-26 09:25:00+05:30
206.4,206.4,205.5,205.75,5020.0,1732593600.0,2024-11-26 09:30:00+05:30
205.5,205.75,204.55,204.55,3488.0,1732593900.0,2024-11-26 09:35:00+05:30
204.7,204.7,204.3,204.45,2316.0,1732594200.0,2024-11-26 09:40:00+05:30
204.6,204.6,204.0,204.35,2780.0,1732594500.0,2024-11-26 09:45:00+05:30
204.4,204.7,204.1,204.2,1580.0,1732594800.0,2024-11-26 09:50:00+05:30
204.2,204.2,203.0,203.25,5056.0,1732595100.0,2024-11-26 09:55:00+05:30
203.5,204.55,203.25,204.25,3708.0,1732595400.0,2024-11-26 10:00:00+05:30
204.25,204.8,204.2,204.2,4736.0,1732595700.0,2024-11-26 10:05:00+05:30
204.2,204.3,203.85,204.15,604.0,1732596000.0,2024-11-26 10:10:00+05:30
204.2,205.0,204.0,204.8,1364.0,1732596300.0,2024-11-26 10:15:00+05:30
204.8,204.85,204.45,204.8,388.0,1732596600.0,2024-11-26 10:20:00+05:30
204.75,204.8,204.5,204.5,1388.0,1732596900.0,2024-11-26 10:25:00+05:30
204.55,204.6,204.05,204.2,1524.0,1732597200.0,2024-11-26 10:30:00+05:30
204.05,204.55,204.0,204.3,596.0,1732597500.0,2024-11-26 10:35:00+05:30
204.55,204.55,204.15,204.15,852.0,1732597800.0,2024-11-26 10:40:00+05:30
204.3,204.45,204.0,204.2,1660.0,1732598100.0,2024-11-26 10:45:00+05:30
204.2,204.25,204.0,204.25,164.0,1732598400.0,2024-11-26 10:50:00+05:30
204.1,204.5,204.1,204.5,1736.0,1732598700.0,2024-11-26 10:55:00+05:30
204.5,204.65,204.25,204.6,3464.0,1732599000.0,2024-11-26 11:00:00+05:30
204.5,204.75,203.75,203.75,1528.0,1732599300.0,2024-11-26 11:05:00+05:30
204.1,204.25,203.8,204.25,752.0,1732599600.0,2024-11-26 11:10:00+05:30
204.25,204.25,203.8,204.1,192.0,1732599900.0,2024-11-26 11:15:00+05:30
203.85,204.1,203.8,203.8,844.0,1732600200.0,2024-11-26 11:20:00+05:30
204.05,204.15,203.8,204.15,528.0,1732600500.0,2024-11-26 11:25:00+05:30
204.15,204.15,203.15,203.45,7084.0,1732600800.0,2024-11-26 11:30:00+05:30
203.25,203.5,203.15,203.45,932.0,1732601100.0,2024-11-26 11:35:00+05:30
203.2,203.7,203.2,203.7,492.0,1732601400.0,2024-11-26 11:40:00+05:30
203.7,203.7,203.7,203.7,116.0,1732601700.0,2024-11-26 11:45:00+05:30
203.75,203.75,203.75,203.75,132.0,1732602000.0,2024-11-26 11:50:00+05:30
203.75,203.8,203.2,203.8,2452.0,1732602300.0,2024-11-26 11:55:00+05:30
203.8,203.8,203.5,203.5,284.0,1732602600.0,2024-11-26 12:00:00+05:30
203.8,203.8,203.8,203.8,292.0,1732602900.0,2024-11-26 12:05:00+05:30
203.8,203.95,203.55,203.55,1264.0,1732603200.0,2024-11-26 12:10:00+05:30
203.75,203.75,202.7,202.7,7992.0,1732603500.0,2024-11-26 12:15:00+05:30
202.55,202.95,202.55,202.95,1228.0,1732603800.0,2024-11-26 12:20:00+05:30
202.95,203.55,202.75,203.55,556.0,1732604100.0,2024-11-26 12:25:00+05:30
203.45,203.45,203.0,203.3,2088.0,1732604400.0,2024-11-26 12:30:00+05:30
203.3,203.35,203.05,203.25,596.0,1732604700.0,2024-11-26 12:35:00+05:30
203.0,203.2,203.0,203.2,280.0,1732605000.0,2024-11-26 12:40:00+05:30
203.2,203.25,203.2,203.25,656.0,1732605300.0,2024-11-26 12:45:00+05:30
203.25,203.3,203.05,203.2,144.0,1732605600.0,2024-11-26 12:50:00+05:30
203.2,203.3,203.05,203.3,276.0,1732605900.0,2024-11-26 12:55:00+05:30
203.3,203.45,203.25,203.45,68.0,1732606200.0,2024-11-26 13:00:00+05:30
203.45,203.55,203.3,203.55,640.0,1732606500.0,2024-11-26 13:05:00+05:30
203.6,203.65,203.3,203.3,1788.0,1732606800.0,2024-11-26 13:10:00+05:30
203.55,203.7,203.55,203.65,1188.0,1732607100.0,2024-11-26 13:15:00+05:30
203.35,203.6,203.3,203.3,180.0,1732607400.0,2024-11-26 13:20:00+05:30
203.3,203.5,203.0,203.2,1464.0,1732607700.0,2024-11-26 13:25:00+05:30
203.0,203.2,203.0,203.2,556.0,1732608000.0,2024-11-26 13:30:00+05:30
203.2,203.2,202.55,202.6,1788.0,1732608300.0,2024-11-26 13:35:00+05:30
202.6,202.85,202.55,202.65,696.0,1732608600.0,2024-11-26 13:40:00+05:30
202.9,203.2,202.9,203.0,556.0,1732608900.0,2024-11-26 13:45:00+05:30
203.2,203.2,203.0,203.0,112.0,1732609200.0,2024-11-26 13:50:00+05:30
203.25,203.25,202.6,202.6,2820.0,1732609500.0,2024-11-26 13:55:00+05:30
202.6,203.2,202.6,203.2,1068.0,1732609800.0,2024-11-26 14:00:00+05:30
202.9,203.1,202.5,202.5,1516.0,1732610100.0,2024-11-26 14:05:00+05:30
202.95,203.05,202.7,202.95,476.0,1732610400.0,2024-11-26 14:10:00+05:30
203.1,203.2,202.75,203.2,920.0,1732610700.0,2024-11-26 14:15:00+05:30
203.2,203.2,203.0,203.1,304.0,1732611000.0,2024-11-26 14:20:00+05:30
203.2,203.25,202.8,203.2,688.0,1732611300.0,2024-11-26 14:25:00+05:30
202.85,203.05,202.0,202.5,10892.0,1732611600.0,2024-11-26 14:30:00+05:30
202.3,202.4,202.05,202.4,2220.0,1732611900.0,2024-11-26 14:35:00+05:30
202.4,202.5,202.05,202.5,872.0,1732612200.0,2024-11-26 14:40:00+05:30
202.5,202.95,202.5,202.85,1348.0,1732612500.0,2024-11-26 14:45:00+05:30
202.95,203.0,202.6,202.9,600.0,1732612800.0,2024-11-26 14:50:00+05:30
202.75,202.95,202.75,202.95,924.0,1732613100.0,2024-11-26 14:55:00+05:30
203.0,203.0,202.8,203.0,568.0,1732613400.0,2024-11-26 15:00:00+05:30
203.0,203.0,202.05,202.4,4036.0,1732613700.0,2024-11-26 15:05:00+05:30
202.7,203.2,202.55,202.55,5512.0,1732614000.0,2024-11-26 15:10:00+05:30
202.9,203.45,202.7,203.4,3560.0,1732614300.0,2024-11-26 15:15:00+05:30
203.4,203.4,202.5,203.1,7348.0,1732614600.0,2024-11-26 15:20:00+05:30
203.1,203.45,202.8,203.25,4032.0,1732614900.0,2024-11-26 15:25:00+05:30
205.0,206.75,202.8,203.85,6916.0,1732679100.0,2024-11-27 09:15:00+05:30
203.85,203.85,202.55,202.7,4244.0,1732679400.0,2024-11-27 09:20:00+05:30
202.8,203.3,202.25,202.7,2756.0,1732679700.0,2024-11-27 09:25:00+05:30
202.55,202.75,202.25,202.75,3080.0,1732680000.0,2024-11-27 09:30:00+05:30
202.6,203.8,202.6,203.75,3304.0,1732680300.0,2024-11-27 09:35:00+05:30
203.5,203.6,202.8,203.25,1272.0,1732680600.0,2024-11-27 09:40:00+05:30
203.6,203.8,203.15,203.15,3024.0,1732680900.0,2024-11-27 09:45:00+05:30
203.1,203.5,202.9,203.45,6180.0,1732681200.0,2024-11-27 09:50:00+05:30
203.45,203.55,203.15,203.15,492.0,1732681500.0,2024-11-27 09:55:00+05:30
202.8,203.1,202.75,203.1,1876.0,1732681800.0,2024-11-27 10:00:00+05:30
203.1,203.1,202.8,203.05,560.0,1732682100.0,2024-11-27 10:05:00+05:30
203.05,203.3,202.8,203.2,556.0,1732682400.0,2024-11-27 10:10:00+05:30
203.2,203.2,202.9,203.0,680.0,1732682700.0,2024-11-27 10:15:00+05:30
203.3,203.5,203.3,203.5,968.0,1732683000.0,2024-11-27 10:20:00+05:30
203.5,203.5,203.2,203.2,1144.0,1732683300.0,2024-11-27 10:25:00+05:30
203.2,203.5,203.15,203.25,208.0,1732683600.0,2024-11-27 10:30:00+05:30
203.25,203.75,203.25,203.55,1316.0,1732683900.0,2024-11-27 10:35:00+05:30
203.35,203.6,203.25,203.4,1736.0,1732684200.0,2024-11-27 10:40:00+05:30
203.15,203.55,203.15,203.55,476.0,1732684500.0,2024-11-27 10:45:00+05:30
203.25,203.45,202.8,202.8,1404.0,1732684800.0,2024-11-27 10:50:00+05:30
202.95,202.95,202.55,202.55,1452.0,1732685100.0,2024-11-27 10:55:00+05:30
202.8,203.25,202.8,203.05,1592.0,1732685400.0,2024-11-27 11:00:00+05:30
203.35,203.35,202.95,203.25,148.0,1732685700.0,2024-11-27 11:05:00+05:30
203.25,203.4,203.1,203.1,688.0,1732686000.0,2024-11-27 11:10:00+05:30
203.1,203.45,202.8,202.8,992.0,1732686300.0,2024-11-27 11:15:00+05:30
203.05,203.1,202.75,203.1,440.0,1732686600.0,2024-11-27 11:20:00+05:30
203.1,203.1,202.65,202.65,876.0,1732686900.0,2024-11-27 11:25:00+05:30
202.65,202.9,202.65,202.9,180.0,1732687200.0,2024-11-27 11:30:00+05:30
202.9,202.9,202.65,202.85,88.0,1732687500.0,2024-11-27 11:35:00+05:30
202.65,202.85,202.65,202.85,72.0,1732687800.0,2024-11-27 11:40:00+05:30
202.85,202.85,202.25,202.25,2676.0,1732688100.0,2024-11-27 11:45:00+05:30
202.0,202.35,202.0,202.35,2704.0,1732688400.0,2024-11-27 11:50:00+05:30
202.35,202.65,202.25,202.55,736.0,1732688700.0,2024-11-27 11:55:00+05:30
202.7,202.8,202.7,202.8,240.0,1732689000.0,2024-11-27 12:00:00+05:30
202.8,203.1,202.6,202.85,412.0,1732689300.0,2024-11-27 12:05:00+05:30
203.1,203.1,202.8,202.8,80.0,1732689600.0,2024-11-27 12:10:00+05:30
203.1,203.45,202.85,202.85,2328.0,1732689900.0,2024-11-27 12:15:00+05:30
202.8,203.25,202.8,202.95,576.0,1732690200.0,2024-11-27 12:20:00+05:30
203.2,203.3,202.95,203.3,452.0,1732690500.0,2024-11-27 12:25:00+05:30
203.3,203.5,202.9,203.35,1648.0,1732690800.0,2024-11-27 12:30:00+05:30
203.35,203.35,202.9,202.9,780.0,1732691100.0,2024-11-27 12:35:00+05:30
203.15,203.5,203.0,203.5,808.0,1732691400.0,2024-11-27 12:40:00+05:30
203.5,203.5,203.1,203.5,740.0,1732691700.0,2024-11-27 12:45:00+05:30
203.5,203.5,203.15,203.35,176.0,1732692000.0,2024-11-27 12:50:00+05:30
203.35,203.55,203.3,203.3,1116.0,1732692300.0,2024-11-27 12:55:00+05:30
203.3,203.45,203.1,203.2,708.0,1732692600.0,2024-11-27 13:00:00+05:30
203.2,203.75,203.15,203.75,740.0,1732692900.0,2024-11-27 13:05:00+05:30
203.4,203.75,203.2,203.75,948.0,1732693200.0,2024-11-27 13:10:00+05:30
203.4,203.7,203.3,203.6,704.0,1732693500.0,2024-11-27 13:15:00+05:30
203.7,203.95,203.4,203.85,2112.0,1732693800.0,2024-11-27 13:20:00+05:30
203.85,203.85,203.65,203.8,60.0,1732694100.0,2024-11-27 13:25:00+05:30
203.65,203.8,203.55,203.8,960.0,1732694400.0,2024-11-27 13:30:00+05:30
203.8,203.8,203.6,203.6,280.0,1732694700.0,2024-11-27 13:35:00+05:30
203.6,203.8,203.6,203.8,1232.0,1732695000.0,2024-11-27 13:40:00+05:30
203.8,203.9,203.5,203.5,1236.0,1732695300.0,2024-11-27 13:45:00+05:30
203.3,203.6,203.3,203.6,1788.0,1732695600.0,2024-11-27 13:50:00+05:30
203.35,203.5,203.0,203.0,952.0,1732695900.0,2024-11-27 13:55:00+05:30
203.0,203.6,203.0,203.6,236.0,1732696200.0,2024-11-27 14:00:00+05:30
202.45,203.0,201.75,202.9,12108.0,1732696500.0,2024-11-27 14:05:00+05:30
202.9,203.0,201.25,201.25,15828.0,1732696800.0,2024-11-27 14:10:00+05:30
201.25,201.7,201.1,201.25,10312.0,1732697100.0,2024-11-27 14:15:00+05:30
201.25,201.35,201.0,201.35,1048.0,1732697400.0,2024-11-27 14:20:00+05:30
201.4,201.85,201.4,201.8,2112.0,1732697700.0,2024-11-27 14:25:00+05:30
201.95,201.95,201.75,201.95,3780.0,1732698000.0,2024-11-27 14:30:00+05:30
201.95,202.0,201.7,201.9,308.0,1732698300.0,2024-11-27 14:35:00+05:30
201.9,201.9,201.7,201.9,840.0,1732698600.0,2024-11-27 14:40:00+05:30
201.9,202.0,201.75,201.85,420.0,1732698900.0,2024-11-27 14:45:00+05:30
201.85,202.2,201.85,202.2,572.0,1732699200.0,2024-11-27 14:50:00+05:30
202.2,202.25,201.55,201.55,980.0,1732699500.0,2024-11-27 14:55:00+05:30
201.65,201.75,201.3,201.75,7380.0,1732699800.0,2024-11-27 15:00:00+05:30
201.75,202.5,201.6,202.5,3288.0,1732700100.0,2024-11-27 15:05:00+05:30
202.5,202.5,202.0,202.0,644.0,1732700400.0,2024-11-27 15:10:00+05:30
202.3,202.45,201.95,202.4,3400.0,1732700700.0,2024-11-27 15:15:00+05:30
202.45,202.45,202.0,202.15,4396.0,1732701000.0,2024-11-27 15:20:00+05:30
202.25,202.5,202.15,202.5,39536.0,1732701300.0,2024-11-27 15:25:00+05:30
202.25,203.5,202.0,203.1,7400.0,1732765500.0,2024-11-28 09:15:00+05:30
203.05,204.6,202.75,203.6,5260.0,1732765800.0,2024-11-28 09:20:00+05:30
203.95,204.45,203.45,203.85,5336.0,1732766100.0,2024-11-28 09:25:00+05:30
204.25,204.3,203.9,204.2,1644.0,1732766400.0,2024-11-28 09:30:00+05:30
204.25,204.75,204.1,204.1,1880.0,1732766700.0,2024-11-28 09:35:00+05:30
204.3,204.9,204.3,204.9,792.0,1732767000.0,2024-11-28 09:40:00+05:30
205.0,206.0,204.4,205.5,18076.0,1732767300.0,2024-11-28 09:45:00+05:30
205.25,205.3,205.0,205.3,1048.0,1732767600.0,2024-11-28 09:50:00+05:30
205.35,205.85,205.1,205.1,3324.0,1732767900.0,2024-11-28 09:55:00+05:30
205.4,205.75,205.1,205.75,1204.0,1732768200.0,2024-11-28 10:00:00+05:30
205.75,205.75,205.1,205.1,3104.0,1732768500.0,2024-11-28 10:05:00+05:30
205.05,205.05,204.1,204.2,4648.0,1732768800.0,2024-11-28 10:10:00+05:30
204.25,205.2,203.55,204.8,7380.0,1732769100.0,2024-11-28 10:15:00+05:30
204.55,204.95,203.75,203.75,5244.0,1732769400.0,2024-11-28 10:20:00+05:30
203.75,203.95,203.3,203.75,2456.0,1732769700.0,2024-11-28 10:25:00+05:30
204.0,204.0,202.65,203.1,19104.0,1732770000.0,2024-11-28 10:30:00+05:30
203.25,203.25,201.9,202.0,4760.0,1732770300.0,2024-11-28 10:35:00+05:30
202.05,202.65,201.75,202.6,1240.0,1732770600.0,2024-11-28 10:40:00+05:30
202.8,202.9,202.15,202.25,1256.0,1732770900.0,2024-11-28 10:45:00+05:30
202.05,202.5,201.75,202.25,4300.0,1732771200.0,2024-11-28 10:50:00+05:30
202.0,202.6,202.0,202.45,3936.0,1732771500.0,2024-11-28 10:55:00+05:30
202.6,202.75,202.3,202.75,148.0,1732771800.0,2024-11-28 11:00:00+05:30
202.7,202.9,202.6,202.8,828.0,1732772100.0,2024-11-28 11:05:00+05:30
202.9,203.3,202.55,202.55,5384.0,1732772400.0,2024-11-28 11:10:00+05:30
202.75,202.9,202.55,202.8,492.0,1732772700.0,2024-11-28 11:15:00+05:30
202.8,202.95,202.6,202.65,720.0,1732773000.0,2024-11-28 11:20:00+05:30
202.95,202.95,202.25,202.25,2796.0,1732773300.0,2024-11-28 11:25:00+05:30
202.35,202.35,202.25,202.35,660.0,1732773600.0,2024-11-28 11:30:00+05:30
202.35,202.8,202.25,202.8,3356.0,1732773900.0,2024-11-28 11:35:00+05:30
202.8,202.8,202.4,202.8,168.0,1732774200.0,2024-11-28 11:40:00+05:30
202.8,203.0,202.8,202.8,240.0,1732774500.0,2024-11-28 11:45:00+05:30
203.15,203.5,203.0,203.2,1092.0,1732774800.0,2024-11-28 11:50:00+05:30
202.8,203.1,202.8,203.05,1228.0,1732775100.0,2024-11-28 11:55:00+05:30
202.8,203.1,202.75,202.95,1068.0,1732775400.0,2024-11-28 12:00:00+05:30
202.95,202.95,202.6,202.8,260.0,1732775700.0,2024-11-28 12:05:00+05:30
202.55,202.9,202.55,202.9,108.0,1732776000.0,2024-11-28 12:10:00+05:30
202.9,202.95,202.65,202.9,248.0,1732776300.0,2024-11-28 12:15:00+05:30
202.9,202.95,202.7,202.95,532.0,1732776600.0,2024-11-28 12:20:00+05:30
202.95,203.0,202.65,202.65,120.0,1732776900.0,2024-11-28 12:25:00+05:30
202.9,202.95,202.75,202.75,424.0,1732777200.0,2024-11-28 12:30:00+05:30
202.75,202.85,202.25,202.55,1384.0,1732777500.0,2024-11-28 12:35:00+05:30
202.65,202.7,202.4,202.7,172.0,1732777800.0,2024-11-28 12:40:00+05:30
202.7,202.85,202.6,202.6,320.0,1732778100.0,2024-11-28 12:45:00+05:30
202.85,203.0,202.65,202.65,564.0,1732778400.0,2024-11-28 12:50:00+05:30
202.9,203.35,202.8,203.35,1988.0,1732778700.0,2024-11-28 12:55:00+05:30
203.35,203.35,203.1,203.35,228.0,1732779000.0,2024-11-28 13:00:00+05:30
203.35,203.35,203.0,203.25,1000.0,1732779300.0,2024-11-28 13:05:00+05:30
203.25,203.25,202.9,202.9,368.0,1732779600.0,2024-11-28 13:10:00+05:30
202.9,203.2,202.75,203.2,640.0,1732779900.0,2024-11-28 13:15:00+05:30
203.2,203.25,202.95,203.2,372.0,1732780200.0,2024-11-28 13:20:00+05:30
203.3,203.4,203.3,203.4,360.0,1732780500.0,2024-11-28 13:25:00+05:30
203.4,203.45,203.4,203.45,1028.0,1732780800.0,2024-11-28 13:30:00+05:30
203.15,203.45,203.1,203.1,1272.0,1732781100.0,2024-11-28 13:35:00+05:30
203.4,203.4,202.9,202.9,520.0,1732781400.0,2024-11-28 13:40:00+05:30
202.9,203.1,202.75,203.1,444.0,1732781700.0,2024-11-28 13:45:00+05:30
203.1,203.4,203.1,203.4,372.0,1732782000.0,2024-11-28 13:50:00+05:30
203.4,203.45,203.2,203.45,160.0,1732782300.0,2024-11-28 13:55:00+05:30
203.45,203.45,203.1,203.45,700.0,1732782600.0,2024-11-28 14:00:00+05:30
203.45,203.45,203.45,203.45,168.0,1732782900.0,2024-11-28 14:05:00+05:30
203.45,203.5,202.9,203.0,400.0,1732783200.0,2024-11-28 14:10:00+05:30
203.2,203.45,202.9,203.2,1248.0,1732783500.0,2024-11-28 14:15:00+05:30
203.2,203.4,202.85,203.1,1664.0,1732783800.0,2024-11-28 14:20:00+05:30
203.1,203.25,202.85,203.25,344.0,1732784100.0,2024-11-28 14:25:00+05:30
203.35,203.45,202.55,203.45,4780.0,1732784400.0,2024-11-28 14:30:00+05:30
203.4,203.5,202.95,202.95,1204.0,1732784700.0,2024-11-28 14:35:00+05:30
203.05,203.1,202.7,203.05,572.0,1732785000.0,2024-11-28 14:40:00+05:30
203.0,203.15,202.65,202.85,972.0,1732785300.0,2024-11-28 14:45:00+05:30
202.85,202.85,202.5,202.8,292.0,1732785600.0,2024-11-28 14:50:00+05:30
202.75,202.8,202.5,202.75,6040.0,1732785900.0,2024-11-28 14:55:00+05:30
202.8,203.0,202.5,203.0,1172.0,1732786200.0,2024-11-28 15:00:00+05:30
203.0,203.0,202.2,202.5,1028.0,1732786500.0,2024-11-28 15:05:00+05:30
202.75,203.1,202.4,202.8,2032.0,1732786800.0,2024-11-28 15:10:00+05:30
202.8,202.95,202.15,202.35,3228.0,1732787100.0,2024-11-28 15:15:00+05:30
202.15,202.45,201.1,201.75,24280.0,1732787400.0,2024-11-28 15:20:00+05:30
202.05,203.45,201.35,203.45,10824.0,1732787700.0,2024-11-28 15:25:00+05:30
204.15,204.15,202.5,203.7,3604.0,1732851900.0,2024-11-29 09:15:00+05:30
203.4,203.4,202.95,203.25,1268.0,1732852200.0,2024-11-29 09:20:00+05:30
202.8,203.6,202.5,203.6,4120.0,1732852500.0,2024-11-29 09:25:00+05:30
203.5,203.65,203.15,203.6,2548.0,1732852800.0,2024-11-29 09:30:00+05:30
203.6,203.75,203.4,203.75,468.0,1732853100.0,2024-11-29 09:35:00+05:30
203.9,203.9,202.05,202.4,6164.0,1732853400.0,2024-11-29 09:40:00+05:30
202.35,202.85,202.1,202.85,1428.0,1732853700.0,2024-11-29 09:45:00+05:30
203.0,203.2,202.9,203.0,188.0,1732854000.0,2024-11-29 09:50:00+05:30
203.25,203.65,203.25,203.65,1696.0,1732854300.0,2024-11-29 09:55:00+05:30
203.65,203.75,203.65,203.75,376.0,1732854600.0,2024-11-29 10:00:00+05:30
203.75,203.75,203.15,203.25,176.0,1732854900.0,2024-11-29 10:05:00+05:30
203.25,203.25,202.0,202.0,2300.0,1732855200.0,2024-11-29 10:10:00+05:30
202.0,202.2,202.0,202.2,204.0,1732855500.0,2024-11-29 10:15:00+05:30
202.2,202.2,201.75,201.8,788.0,1732855800.0,2024-11-29 10:20:00+05:30
201.8,202.7,201.5,202.5,2488.0,1732856100.0,2024-11-29 10:25:00+05:30
202.5,203.25,202.5,203.2,2556.0,1732856400.0,2024-11-29 10:30:00+05:30
203.3,203.35,202.6,202.9,3720.0,1732856700.0,2024-11-29 10:35:00+05:30
203.2,203.2,202.8,202.8,504.0,1732857000.0,2024-11-29 10:40:00+05:30
202.65,203.15,202.65,202.85,236.0,1732857300.0,2024-11-29 10:45:00+05:30
202.65,203.2,202.65,203.0,1528.0,1732857600.0,2024-11-29 10:50:00+05:30
203.0,203.25,203.0,203.25,380.0,1732857900.0,2024-11-29 10:55:00+05:30
203.25,203.25,202.9,203.25,320.0,1732858200.0,2024-11-29 11:00:00+05:30
203.25,203.25,203.2,203.2,72.0,1732858500.0,2024-11-29 11:05:00+05:30
202.9,203.2,202.9,202.9,196.0,1732858800.0,2024-11-29 11:10:00+05:30
203.1,203.45,202.95,202.95,1016.0,1732859100.0,2024-11-29 11:15:00+05:30
202.8,203.1,202.8,203.1,168.0,1732859400.0,2024-11-29 11:20:00+05:30
203.1,203.1,202.75,202.75,452.0,1732859700.0,2024-11-29 11:25:00+05:30
202.7,203.0,202.5,203.0,1012.0,1732860000.0,2024-11-29 11:30:00+05:30
203.0,203.1,202.75,202.95,436.0,1732860300.0,2024-11-29 11:35:00+05:30
202.95,202.95,202.5,202.7,992.0,1732860600.0,2024-11-29 11:40:00+05:30
202.7,202.8,201.9,202.0,1460.0,1732860900.0,2024-11-29 11:45:00+05:30
202.0,202.1,201.5,202.1,388.0,1732861200.0,2024-11-29 11:50:00+05:30
202.1,202.1,201.65,201.85,1472.0,1732861500.0,2024-11-29 11:55:00+05:30
201.9,202.0,201.9,202.0,856.0,1732861800.0,2024-11-29 12:00:00+05:30
201.8,202.0,201.65,202.0,368.0,1732862100.0,2024-11-29 12:05:00+05:30
202.0,202.1,201.65,202.1,348.0,1732862400.0,2024-11-29 12:10:00+05:30
202.25,202.25,201.9,201.9,456.0,1732862700.0,2024-11-29 12:15:00+05:30
202.25,202.25,201.9,202.2,552.0,1732863000.0,2024-11-29 12:20:00+05:30
202.2,202.5,202.1,202.1,496.0,1732863300.0,2024-11-29 12:25:00+05:30
202.1,202.35,202.0,202.35,796.0,1732863600.0,2024-11-29 12:30:00+05:30
202.35,202.35,202.25,202.25,192.0,1732863900.0,2024-11-29 12:35:00+05:30
202.45,202.45,202.45,202.45,56.0,1732864200.0,2024-11-29 12:40:00+05:30
202.4,202.75,202.25,202.65,1532.0,1732864500.0,2024-11-29 12:45:00+05:30
202.7,202.75,202.4,202.4,356.0,1732864800.0,2024-11-29 12:50:00+05:30
202.4,202.75,202.4,202.5,336.0,1732865100.0,2024-11-29 12:55:00+05:30
202.25,202.6,202.25,202.6,140.0,1732865400.0,2024-11-29 13:00:00+05:30
202.7,202.85,202.45,202.85,572.0,1732865700.0,2024-11-29 13:05:00+05:30
202.8,202.9,202.55,202.9,100.0,1732866000.0,2024-11-29 13:10:00+05:30
203.0,203.0,202.55,202.55,580.0,1732866300.0,2024-11-29 13:15:00+05:30
202.85,203.05,202.7,203.05,128.0,1732866600.0,2024-11-29 13:20:00+05:30
202.9,203.1,202.8,203.1,276.0,1732866900.0,2024-11-29 13:25:00+05:30
203.1,203.1,202.85,203.1,84.0,1732867200.0,2024-11-29 13:30:00+05:30
203.1,203.1,202.95,202.95,52.0,1732867500.0,2024-11-29 13:35:00+05:30
203.1,203.1,203.1,203.1,256.0,1732867800.0,2024-11-29 13:40:00+05:30
202.95,203.25,202.95,203.25,1564.0,1732868100.0,2024-11-29 13:45:00+05:30
203.05,203.05,203.0,203.0,180.0,1732868400.0,2024-11-29 13:50:00+05:30
202.8,203.1,202.8,203.0,604.0,1732868700.0,2024-11-29 13:55:00+05:30
203.0,203.45,203.0,203.45,340.0,1732869000.0,2024-11-29 14:00:00+05:30
203.45,203.45,203.35,203.45,36.0,1732869300.0,2024-11-29 14:05:00+05:30
203.45,203.45,203.45,203.45,40.0,1732869600.0,2024-11-29 14:10:00+05:30
203.45,203.7,203.45,203.7,260.0,1732869900.0,2024-11-29 14:15:00+05:30
203.7,203.7,203.5,203.5,104.0,1732870200.0,2024-11-29 14:20:00+05:30
203.7,203.7,203.4,203.65,496.0,1732870500.0,2024-11-29 14:25:00+05:30
203.65,203.65,202.55,203.6,5432.0,1732870800.0,2024-11-29 14:30:00+05:30
203.6,203.6,203.6,203.6,308.0,1732871100.0,2024-11-29 14:35:00+05:30
203.5,203.5,203.3,203.45,116.0,1732871400.0,2024-11-29 14:40:00+05:30
203.55,203.55,203.35,203.5,136.0,1732871700.0,2024-11-29 14:45:00+05:30
203.5,203.65,203.25,203.65,1508.0,1732872000.0,2024-11-29 14:50:00+05:30
203.5,203.7,203.3,203.7,540.0,1732872300.0,2024-11-29 14:55:00+05:30
203.7,204.4,203.3,203.5,4724.0,1732872600.0,2024-11-29 15:00:00+05:30
203.5,203.7,203.05,203.7,1048.0,1732872900.0,2024-11-29 15:05:00+05:30
203.45,203.65,203.1,203.5,1932.0,1732873200.0,2024-11-29 15:10:00+05:30
203.2,203.5,203.1,203.35,2612.0,1732873500.0,2024-11-29 15:15:00+05:30
203.45,204.25,203.4,203.9,5584.0,1732873800.0,2024-11-29 15:20:00+05:30
203.6,205.0,203.6,205.0,7800.0,1732874100.0,2024-11-29 15:25:00+05:30
201.65,205.3,201.65,204.9,6624.0,1733111100.0,2024-12-02 09:15:00+05:30
204.9,205.55,204.0,205.55,2472.0,1733111400.0,2024-12-02 09:20:00+05:30
205.45,205.8,204.85,205.7,5392.0,1733111700.0,2024-12-02 09:25:00+05:30
205.7,206.85,205.4,206.8,2920.0,1733112000.0,2024-12-02 09:30:00+05:30
206.75,206.8,206.0,206.0,2460.0,1733112300.0,2024-12-02 09:35:00+05:30
206.0,206.2,204.9,205.25,5208.0,1733112600.0,2024-12-02 09:40:00+05:30
205.45,206.05,204.6,205.05,1476.0,1733112900.0,2024-12-02 09:45:00+05:30
205.05,205.05,203.65,203.85,12020.0,1733113200.0,2024-12-02 09:50:00+05:30
203.85,204.45,203.75,204.1,1708.0,1733113500.0,2024-12-02 09:55:00+05:30
204.15,204.3,203.25,203.3,2220.0,1733113800.0,2024-12-02 10:00:00+05:30
203.5,204.0,203.35,204.0,576.0,1733114100.0,2024-12-02 10:05:00+05:30
204.0,204.0,203.4,203.7,316.0,1733114400.0,2024-12-02 10:10:00+05:30
203.9,204.25,203.6,203.7,1024.0,1733114700.0,2024-12-02 10:15:00+05:30
204.05,204.2,203.5,203.85,464.0,1733115000.0,2024-12-02 10:20:00+05:30
203.85,203.95,203.75,203.95,1916.0,1733115300.0,2024-12-02 10:25:00+05:30
203.95,204.0,203.55,204.0,1068.0,1733115600.0,2024-12-02 10:30:00+05:30
203.95,203.95,203.25,203.25,308.0,1733115900.0,2024-12-02 10:35:00+05:30
203.55,203.85,203.45,203.85,132.0,1733116200.0,2024-12-02 10:40:00+05:30
203.75,204.0,203.35,203.85,2328.0,1733116500.0,2024-12-02 10:45:00+05:30
203.8,204.0,203.5,203.85,2620.0,1733116800.0,2024-12-02 10:50:00+05:30
203.85,203.95,203.45,203.75,704.0,1733117100.0,2024-12-02 10:55:00+05:30
203.75,203.95,203.45,203.85,652.0,1733117400.0,2024-12-02 11:00:00+05:30
203.85,203.85,203.85,203.85,140.0,1733117700.0,2024-12-02 11:05:00+05:30
203.85,203.95,203.15,203.15,1412.0,1733118000.0,2024-12-02 11:10:00+05:30
203.5,203.55,203.15,203.55,672.0,1733118300.0,2024-12-02 11:15:00+05:30
203.55,203.55,203.05,203.4,1024.0,1733118600.0,2024-12-02 11:20:00+05:30
203.45,203.7,203.2,203.7,244.0,1733118900.0,2024-12-02 11:25:00+05:30
203.7,204.0,203.45,204.0,668.0,1733119200.0,2024-12-02 11:30:00+05:30
204.0,204.0,204.0,204.0,96.0,1733119500.0,2024-12-02 11:35:00+05:30
204.0,204.6,204.0,204.6,3052.0,1733119800.0,2024-12-02 11:40:00+05:30
204.6,204.6,204.15,204.15,260.0,1733120100.0,2024-12-02 11:45:00+05:30
203.85,204.1,203.85,204.1,224.0,1733120400.0,2024-12-02 11:50:00+05:30
204.1,204.3,203.75,204.0,1740.0,1733120700.0,2024-12-02 11:55:00+05:30
204.0,204.2,203.75,204.1,292.0,1733121000.0,2024-12-02 12:00:00+05:30
204.1,204.1,203.9,203.9,256.0,1733121300.0,2024-12-02 12:05:00+05:30
203.9,204.2,203.9,204.2,8.0,1733121600.0,2024-12-02 12:10:00+05:30
204.0,204.0,203.9,203.9,184.0,1733121900.0,2024-12-02 12:15:00+05:30
203.95,204.05,203.75,204.05,344.0,1733122200.0,2024-12-02 12:20:00+05:30
204.1,204.45,204.05,204.15,1952.0,1733122500.0,2024-12-02 12:25:00+05:30
204.2,204.25,204.2,204.2,1120.0,1733122800.0,2024-12-02 12:30:00+05:30
204.2,204.25,203.85,204.0,344.0,1733123100.0,2024-12-02 12:35:00+05:30
203.8,204.0,203.8,204.0,216.0,1733123400.0,2024-12-02 12:40:00+05:30
204.0,204.0,203.65,204.0,632.0,1733123700.0,2024-12-02 12:45:00+05:30
204.05,204.05,203.7,204.0,44.0,1733124000.0,2024-12-02 12:50:00+05:30
203.7,203.95,203.65,203.85,128.0,1733124300.0,2024-12-02 12:55:00+05:30
203.75,203.95,203.7,203.95,376.0,1733124600.0,2024-12-02 13:00:00+05:30
204.0,204.3,203.8,204.3,684.0,1733124900.0,2024-12-02 13:05:00+05:30
204.3,204.3,203.8,204.05,632.0,1733125200.0,2024-12-02 13:10:00+05:30
204.05,204.3,204.0,204.1,264.0,1733125500.0,2024-12-02 13:15:00+05:30
203.85,203.85,203.5,203.5,1512.0,1733125800.0,2024-12-02 13:20:00+05:30
203.75,203.95,203.7,203.85,368.0,1733126100.0,2024-12-02 13:25:00+05:30
203.95,204.1,203.65,203.8,732.0,1733126400.0,2024-12-02 13:30:00+05:30
203.75,204.0,203.75,203.75,160.0,1733126700.0,2024-12-02 13:35:00+05:30
204.05,204.05,203.1,203.1,1472.0,1733127000.0,2024-12-02 13:40:00+05:30
203.5,203.5,203.0,203.2,1280.0,1733127300.0,2024-12-02 13:45:00+05:30
203.2,203.2,203.2,203.2,676.0,1733127600.0,2024-12-02 13:50:00+05:30
203.6,204.15,203.6,203.8,764.0,1733127900.0,2024-12-02 13:55:00+05:30
204.0,204.25,203.85,203.85,332.0,1733128200.0,2024-12-02 14:00:00+05:30
204.2,204.5,204.0,204.05,1300.0,1733128500.0,2024-12-02 14:05:00+05:30
204.2,204.4,203.95,203.95,1064.0,1733128800.0,2024-12-02 14:10:00+05:30
203.95,203.95,203.25,203.25,1988.0,1733129100.0,2024-12-02 14:15:00+05:30
203.25,203.95,203.0,203.95,3432.0,1733129400.0,2024-12-02 14:20:00+05:30
204.1,204.25,203.6,203.9,788.0,1733129700.0,2024-12-02 14:25:00+05:30
203.6,203.6,203.3,203.55,304.0,1733130000.0,2024-12-02 14:30:00+05:30
203.3,203.6,203.3,203.6,288.0,1733130300.0,2024-12-02 14:35:00+05:30
203.7,203.7,203.7,203.7,132.0,1733130600.0,2024-12-02 14:40:00+05:30
203.7,205.0,203.7,204.45,8572.0,1733130900.0,2024-12-02 14:45:00+05:30
204.45,204.45,204.0,204.0,312.0,1733131200.0,2024-12-02 14:50:00+05:30
204.0,204.55,203.7,204.55,2720.0,1733131500.0,2024-12-02 14:55:00+05:30
204.55,205.0,204.3,205.0,3264.0,1733131800.0,2024-12-02 15:00:00+05:30
204.1,205.0,204.1,204.5,8992.0,1733132100.0,2024-12-02 15:05:00+05:30
205.0,205.0,204.65,205.0,1332.0,1733132400.0,2024-12-02 15:10:00+05:30
204.9,205.0,204.6,205.0,3364.0,1733132700.0,2024-12-02 15:15:00+05:30
205.0,205.0,204.8,204.95,2148.0,1733133000.0,2024-12-02 15:20:00+05:30
204.95,204.95,203.55,204.95,10836.0,1733133300.0,2024-12-02 15:25:00+05:30
206.5,208.1,205.8,206.25,7464.0,1733197500.0,2024-12-03 09:15:00+05:30
206.45,207.25,205.2,205.8,7172.0,1733197800.0,2024-12-03 09:20:00+05:30
206.3,207.5,206.3,207.45,4916.0,1733198100.0,2024-12-03 09:25:00+05:30
207.45,207.45,206.5,206.65,1340.0,1733198400.0,2024-12-03 09:30:00+05:30
206.9,207.25,206.0,206.2,8048.0,1733198700.0,2024-12-03 09:35:00+05:30
206.3,206.4,206.0,206.0,948.0,1733199000.0,2024-12-03 09:40:00+05:30
205.75,205.8,205.05,205.05,1464.0,1733199300.0,2024-12-03 09:45:00+05:30
205.0,205.4,204.65,204.7,3828.0,1733199600.0,2024-12-03 09:50:00+05:30
205.0,205.45,204.65,204.65,1028.0,1733199900.0,2024-12-03 09:55:00+05:30
204.65,205.0,204.4,204.9,5520.0,1733200200.0,2024-12-03 10:00:00+05:30
204.9,204.9,204.55,204.55,96.0,1733200500.0,2024-12-03 10:05:00+05:30
204.8,205.65,204.6,205.4,1700.0,1733200800.0,2024-12-03 10:10:00+05:30
205.5,205.55,205.25,205.55,1728.0,1733201100.0,2024-12-03 10:15:00+05:30
205.2,205.55,205.2,205.5,392.0,1733201400.0,2024-12-03 10:20:00+05:30
205.5,205.75,205.2,205.75,1392.0,1733201700.0,2024-12-03 10:25:00+05:30
205.7,205.75,205.35,205.5,784.0,1733202000.0,2024-12-03 10:30:00+05:30
205.6,206.0,205.4,206.0,1332.0,1733202300.0,2024-12-03 10:35:00+05:30
206.0,207.25,205.5,207.2,15092.0,1733202600.0,2024-12-03 10:40:00+05:30
206.7,207.25,206.7,206.9,3616.0,1733202900.0,2024-12-03 10:45:00+05:30
206.9,206.9,206.5,206.9,548.0,1733203200.0,2024-12-03 10:50:00+05:30
206.9,206.9,205.8,206.3,1216.0,1733203500.0,2024-12-03 10:55:00+05:30
206.05,206.35,206.0,206.35,204.0,1733203800.0,2024-12-03 11:00:00+05:30
206.35,206.7,206.05,206.5,664.0,1733204100.0,2024-12-03 11:05:00+05:30
206.5,206.75,206.3,206.55,892.0,1733204400.0,2024-12-03 11:10:00+05:30
206.8,206.9,206.5,206.6,420.0,1733204700.0,2024-12-03 11:15:00+05:30
206.6,206.65,206.3,206.5,276.0,1733205000.0,2024-12-03 11:20:00+05:30
206.3,206.9,206.3,206.7,1188.0,1733205300.0,2024-12-03 11:25:00+05:30
206.7,206.8,206.7,206.8,40.0,1733205600.0,2024-12-03 11:30:00+05:30
206.75,207.25,206.75,206.85,2356.0,1733205900.0,2024-12-03 11:35:00+05:30
206.8,207.25,206.6,206.9,704.0,1733206200.0,2024-12-03 11:40:00+05:30
207.15,207.15,206.5,206.95,1808.0,1733206500.0,2024-12-03 11:45:00+05:30
206.6,206.9,206.5,206.9,400.0,1733206800.0,2024-12-03 11:50:00+05:30
206.9,207.05,206.55,206.75,700.0,1733207100.0,2024-12-03 11:55:00+05:30
206.75,206.75,206.4,206.4,336.0,1733207400.0,2024-12-03 12:00:00+05:30
206.3,206.8,206.3,206.6,412.0,1733207700.0,2024-12-03 12:05:00+05:30
206.35,206.35,206.3,206.3,20.0,1733208000.0,2024-12-03 12:10:00+05:30
206.25,207.25,206.25,207.05,2700.0,1733208300.0,2024-12-03 12:15:00+05:30
206.9,207.0,206.35,206.6,720.0,1733208600.0,2024-12-03 12:20:00+05:30
206.6,206.8,206.35,206.8,224.0,1733208900.0,2024-12-03 12:25:00+05:30
206.8,206.8,206.3,206.75,460.0,1733209200.0,2024-12-03 12:30:00+05:30
206.8,206.95,206.5,206.95,368.0,1733209500.0,2024-12-03 12:35:00+05:30
206.95,207.05,206.65,207.05,596.0,1733209800.0,2024-12-03 12:40:00+05:30
207.05,207.1,207.05,207.1,484.0,1733210100.0,2024-12-03 12:45:00+05:30
206.7,207.0,206.65,207.0,448.0,1733210400.0,2024-12-03 12:50:00+05:30
206.75,207.1,206.25,207.05,1600.0,1733210700.0,2024-12-03 12:55:00+05:30
207.2,207.2,206.75,207.05,1012.0,1733211000.0,2024-12-03 13:00:00+05:30
207.05,207.1,207.05,207.1,36.0,1733211300.0,2024-12-03 13:05:00+05:30
207.1,207.15,206.65,207.1,668.0,1733211600.0,2024-12-03 13:10:00+05:30
207.15,207.25,206.8,207.1,372.0,1733211900.0,2024-12-03 13:15:00+05:30
207.1,207.1,206.5,206.5,216.0,1733212200.0,2024-12-03 13:20:00+05:30
206.7,207.0,206.25,206.7,1244.0,1733212500.0,2024-12-03 13:25:00+05:30
206.7,206.85,206.15,206.85,428.0,1733212800.0,2024-12-03 13:30:00+05:30
206.85,207.2,206.65,207.05,1164.0,1733213100.0,2024-12-03 13:35:00+05:30
207.05,207.05,206.5,206.5,1200.0,1733213400.0,2024-12-03 13:40:00+05:30
206.4,206.95,206.4,206.9,596.0,1733213700.0,2024-12-03 13:45:00+05:30
206.9,207.0,206.35,206.7,1080.0,1733214000.0,2024-12-03 13:50:00+05:30
207.0,207.25,206.7,207.25,2904.0,1733214300.0,2024-12-03 13:55:00+05:30
207.0,207.25,206.5,206.5,1772.0,1733214600.0,2024-12-03 14:00:00+05:30
206.0,206.25,206.0,206.0,1944.0,1733214900.0,2024-12-03 14:05:00+05:30
206.5,206.5,206.3,206.3,56.0,1733215200.0,2024-12-03 14:10:00+05:30
206.5,206.5,206.05,206.05,524.0,1733215500.0,2024-12-03 14:15:00+05:30
206.0,206.3,205.9,206.3,432.0,1733215800.0,2024-12-03 14:20:00+05:30
206.3,206.45,205.05,206.1,2812.0,1733216100.0,2024-12-03 14:25:00+05:30
206.0,206.0,205.75,205.75,372.0,1733216400.0,2024-12-03 14:30:00+05:30
205.75,205.75,205.4,205.4,672.0,1733216700.0,2024-12-03 14:35:00+05:30
205.4,205.85,205.4,205.85,12.0,1733217000.0,2024-12-03 14:40:00+05:30
205.9,206.1,205.9,206.1,600.0,1733217300.0,2024-12-03 14:45:00+05:30
206.1,206.1,205.3,205.3,1312.0,1733217600.0,2024-12-03 14:50:00+05:30
205.45,205.8,205.45,205.8,668.0,1733217900.0,2024-12-03 14:55:00+05:30
205.8,205.8,205.55,205.65,2520.0,1733218200.0,2024-12-03 15:00:00+05:30
205.65,205.8,205.55,205.8,1212.0,1733218500.0,2024-12-03 15:05:00+05:30
205.6,205.6,205.05,205.05,4664.0,1733218800.0,2024-12-03 15:10:00+05:30
205.05,206.05,205.0,205.95,13124.0,1733219100.0,2024-12-03 15:15:00+05:30
206.05,208.25,205.9,208.25,50152.0,1733219400.0,2024-12-03 15:20:00+05:30
208.25,208.8,205.65,208.15,25468.0,1733219700.0,2024-12-03 15:25:00+05:30
208.65,208.65,206.9,208.5,3096.0,1733283900.0,2024-12-04 09:15:00+05:30
207.95,208.5,207.55,208.5,2548.0,1733284200.0,2024-12-04 09:20:00+05:30
208.5,210.6,208.25,210.4,13852.0,1733284500.0,2024-12-04 09:25:00+05:30
209.9,211.0,209.7,210.05,5920.0,1733284800.0,2024-12-04 09:30:00+05:30
209.25,209.75,208.75,209.0,6412.0,1733285100.0,2024-12-04 09:35:00+05:30
209.35,209.7,207.9,209.25,3652.0,1733285400.0,2024-12-04 09:40:00+05:30
209.25,209.5,208.75,209.3,960.0,1733285700.0,2024-12-04 09:45:00+05:30
209.3,209.3,208.5,209.3,1488.0,1733286000.0,2024-12-04 09:50:00+05:30
209.4,209.55,208.6,208.75,2208.0,1733286300.0,2024-12-04 09:55:00+05:30
208.8,209.35,208.25,208.6,2824.0,1733286600.0,2024-12-04 10:00:00+05:30
208.6,208.9,207.7,208.65,6092.0,1733286900.0,2024-12-04 10:05:00+05:30
208.75,208.95,208.35,208.4,1180.0,1733287200.0,2024-12-04 10:10:00+05:30
208.4,208.5,207.75,207.8,1196.0,1733287500.0,2024-12-04 10:15:00+05:30
208.15,208.15,206.95,207.0,2824.0,1733287800.0,2024-12-04 10:20:00+05:30
207.45,207.45,207.05,207.4,584.0,1733288100.0,2024-12-04 10:25:00+05:30
207.4,208.3,207.4,208.3,2508.0,1733288400.0,2024-12-04 10:30:00+05:30
208.3,208.3,207.75,208.0,884.0,1733288700.0,2024-12-04 10:35:00+05:30
207.4,207.6,207.15,207.5,1684.0,1733289000.0,2024-12-04 10:40:00+05:30
207.5,208.05,207.1,207.5,1724.0,1733289300.0,2024-12-04 10:45:00+05:30
207.5,208.4,207.5,208.35,1296.0,1733289600.0,2024-12-04 10:50:00+05:30
207.75,208.1,207.55,208.1,1024.0,1733289900.0,2024-12-04 10:55:00+05:30
208.1,208.2,207.8,208.2,660.0,1733290200.0,2024-12-04 11:00:00+05:30
208.15,208.2,207.8,208.2,636.0,1733290500.0,2024-12-04 11:05:00+05:30
207.9,208.45,207.9,208.3,1112.0,1733290800.0,2024-12-04 11:10:00+05:30
208.35,208.45,207.85,208.45,740.0,1733291100.0,2024-12-04 11:15:00+05:30
208.1,208.75,208.1,208.4,2456.0,1733291400.0,2024-12-04 11:20:00+05:30
208.4,208.6,208.05,208.6,1008.0,1733291700.0,2024-12-04 11:25:00+05:30
208.6,208.65,208.15,208.15,532.0,1733292000.0,2024-12-04 11:30:00+05:30
208.5,208.5,208.05,208.4,968.0,1733292300.0,2024-12-04 11:35:00+05:30
208.4,208.45,208.05,208.3,624.0,1733292600.0,2024-12-04 11:40:00+05:30
208.3,208.45,208.1,208.1,576.0,1733292900.0,2024-12-04 11:45:00+05:30
208.5,208.5,207.95,208.5,1460.0,1733293200.0,2024-12-04 11:50:00+05:30
208.6,208.6,206.15,207.25,5228.0,1733293500.0,2024-12-04 11:55:00+05:30
206.6,207.9,206.6,207.4,1104.0,1733293800.0,2024-12-04 12:00:00+05:30
207.65,208.05,207.15,207.7,2100.0,1733294100.0,2024-12-04 12:05:00+05:30
207.25,207.9,207.0,207.9,788.0,1733294400.0,2024-12-04 12:10:00+05:30
207.6,208.0,207.6,207.8,1032.0,1733294700.0,2024-12-04 12:15:00+05:30
207.8,208.75,207.75,208.0,3124.0,1733295000.0,2024-12-04 12:20:00+05:30
208.1,208.25,207.65,208.25,1472.0,1733295300.0,2024-12-04 12:25:00+05:30
207.85,208.2,207.75,208.2,1520.0,1733295600.0,2024-12-04 12:30:00+05:30
208.2,208.2,207.65,208.1,964.0,1733295900.0,2024-12-04 12:35:00+05:30
208.1,208.1,207.5,207.5,964.0,1733296200.0,2024-12-04 12:40:00+05:30
207.85,207.85,207.1,207.35,796.0,1733296500.0,2024-12-04 12:45:00+05:30
207.35,207.35,207.25,207.35,1696.0,1733296800.0,2024-12-04 12:50:00+05:30
207.35,207.35,207.25,207.3,684.0,1733297100.0,2024-12-04 12:55:00+05:30
207.3,207.4,207.05,207.4,2628.0,1733297400.0,2024-12-04 13:00:00+05:30
207.4,208.5,207.4,207.85,4108.0,1733297700.0,2024-12-04 13:05:00+05:30
208.3,208.35,208.0,208.2,576.0,1733298000.0,2024-12-04 13:10:00+05:30
208.25,208.25,207.5,207.85,640.0,1733298300.0,2024-12-04 13:15:00+05:30
207.9,207.95,207.5,207.5,416.0,1733298600.0,2024-12-04 13:20:00+05:30
207.5,207.9,207.45,207.85,680.0,1733298900.0,2024-12-04 13:25:00+05:30
207.75,207.9,207.5,207.9,400.0,1733299200.0,2024-12-04 13:30:00+05:30
207.85,207.9,207.75,207.85,460.0,1733299500.0,2024-12-04 13:35:00+05:30
207.85,207.9,207.75,207.9,444.0,1733299800.0,2024-12-04 13:40:00+05:30
207.95,208.0,207.6,207.85,944.0,1733300100.0,2024-12-04 13:45:00+05:30
208.0,208.0,207.4,207.4,996.0,1733300400.0,2024-12-04 13:50:00+05:30
207.45,207.75,207.3,207.7,476.0,1733300700.0,2024-12-04 13:55:00+05:30
207.45,207.75,207.3,207.75,912.0,1733301000.0,2024-12-04 14:00:00+05:30
207.5,207.75,207.3,207.75,1968.0,1733301300.0,2024-12-04 14:05:00+05:30
207.75,209.1,207.35,208.1,17344.0,1733301600.0,2024-12-04 14:10:00+05:30
208.55,208.85,208.1,208.5,8484.0,1733301900.0,2024-12-04 14:15:00+05:30
208.5,208.75,208.5,208.75,4444.0,1733302200.0,2024-12-04 14:20:00+05:30
208.75,209.75,208.5,209.75,4004.0,1733302500.0,2024-12-04 14:25:00+05:30
209.75,209.75,209.15,209.4,1888.0,1733302800.0,2024-12-04 14:30:00+05:30
209.5,209.5,208.65,209.2,1472.0,1733303100.0,2024-12-04 14:35:00+05:30
209.25,209.25,208.9,208.9,888.0,1733303400.0,2024-12-04 14:40:00+05:30
209.25,209.25,208.4,208.9,3564.0,1733303700.0,2024-12-04 14:45:00+05:30
209.1,209.1,208.8,209.1,680.0,1733304000.0,2024-12-04 14:50:00+05:30
209.1,210.5,208.65,210.3,7876.0,1733304300.0,2024-12-04 14:55:00+05:30
210.75,210.75,210.25,210.25,1692.0,1733304600.0,2024-12-04 15:00:00+05:30
210.25,210.5,209.55,209.85,3256.0,1733304900.0,2024-12-04 15:05:00+05:30
209.9,210.45,209.55,209.9,1412.0,1733305200.0,2024-12-04 15:10:00+05:30
209.55,210.45,208.55,210.4,3192.0,1733305500.0,2024-12-04 15:15:00+05:30
210.4,210.45,209.85,210.35,2960.0,1733305800.0,2024-12-04 15:20:00+05:30
210.35,210.35,209.25,209.25,2464.0,1733306100.0,2024-12-04 15:25:00+05:30
212.4,213.2,210.05,210.5,4484.0,1733370300.0,2024-12-05 09:15:00+05:30
210.2,210.95,210.0,210.3,2704.0,1733370600.0,2024-12-05 09:20:00+05:30
209.95,209.95,209.0,209.6,6332.0,1733370900.0,2024-12-05 09:25:00+05:30
210.0,210.5,209.9,210.3,1884.0,1733371200.0,2024-12-05 09:30:00+05:30
210.5,210.5,209.6,210.2,2628.0,1733371500.0,2024-12-05 09:35:00+05:30
210.5,210.75,209.9,209.9,1384.0,1733371800.0,2024-12-05 09:40:00+05:30
209.9,210.55,209.5,210.55,1876.0,1733372100.0,2024-12-05 09:45:00+05:30
210.0,210.5,209.55,210.5,688.0,1733372400.0,2024-12-05 09:50:00+05:30
210.5,210.5,210.05,210.25,1248.0,1733372700.0,2024-12-05 09:55:00+05:30
210.6,210.6,210.2,210.5,248.0,1733373000.0,2024-12-05 10:00:00+05:30
210.55,210.65,210.2,210.6,976.0,1733373300.0,2024-12-05 10:05:00+05:30
210.2,210.55,210.2,210.5,912.0,1733373600.0,2024-12-05 10:10:00+05:30
210.5,210.6,210.0,210.0,1212.0,1733373900.0,2024-12-05 10:15:00+05:30
210.3,210.5,210.3,210.3,492.0,1733374200.0,2024-12-05 10:20:00+05:30
210.5,211.0,210.3,211.0,1528.0,1733374500.0,2024-12-05 10:25:00+05:30
211.0,211.0,210.75,210.75,176.0,1733374800.0,2024-12-05 10:30:00+05:30
211.0,211.0,210.3,210.3,2072.0,1733375100.0,2024-12-05 10:35:00+05:30
210.5,210.6,209.55,209.55,3068.0,1733375400.0,2024-12-05 10:40:00+05:30
208.8,210.25,208.8,208.9,16168.0,1733375700.0,2024-12-05 10:45:00+05:30
209.2,209.9,209.2,209.8,1220.0,1733376000.0,2024-12-05 10:50:00+05:30
209.8,209.8,208.75,209.0,572.0,1733376300.0,2024-12-05 10:55:00+05:30
208.75,209.45,208.75,209.0,864.0,1733376600.0,2024-12-05 11:00:00+05:30
209.0,209.7,209.0,209.6,548.0,1733376900.0,2024-12-05 11:05:00+05:30
209.5,209.8,209.5,209.5,1088.0,1733377200.0,2024-12-05 11:10:00+05:30
209.5,209.95,209.0,209.25,516.0,1733377500.0,2024-12-05 11:15:00+05:30
209.25,209.45,209.0,209.0,400.0,1733377800.0,2024-12-05 11:20:00+05:30
208.8,209.4,208.8,209.05,324.0,1733378100.0,2024-12-05 11:25:00+05:30
209.35,209.5,209.05,209.2,528.0,1733378400.0,2024-12-05 11:30:00+05:30
209.45,209.55,208.8,208.8,972.0,1733378700.0,2024-12-05 11:35:00+05:30
208.8,209.2,208.8,208.85,1860.0,1733379000.0,2024-12-05 11:40:00+05:30
208.8,209.1,208.8,209.1,124.0,1733379300.0,2024-12-05 11:45:00+05:30
208.8,209.1,208.8,208.95,756.0,1733379600.0,2024-12-05 11:50:00+05:30
209.05,209.3,208.8,209.1,1168.0,1733379900.0,2024-12-05 11:55:00+05:30
208.8,209.25,208.8,209.25,460.0,1733380200.0,2024-12-05 12:00:00+05:30
209.45,209.5,209.1,209.5,552.0,1733380500.0,2024-12-05 12:05:00+05:30
209.65,209.9,208.75,208.75,4524.0,1733380800.0,2024-12-05 12:10:00+05:30
208.95,209.2,208.85,208.85,600.0,1733381100.0,2024-12-05 12:15:00+05:30
208.85,208.85,208.5,208.6,852.0,1733381400.0,2024-12-05 12:20:00+05:30
208.6,209.0,208.5,208.9,668.0,1733381700.0,2024-12-05 12:25:00+05:30
208.95,208.95,208.6,208.65,256.0,1733382000.0,2024-12-05 12:30:00+05:30
208.5,209.4,208.25,209.4,2072.0,1733382300.0,2024-12-05 12:35:00+05:30
209.35,210.0,209.35,209.9,1012.0,1733382600.0,2024-12-05 12:40:00+05:30
210.0,210.1,209.8,209.8,244.0,1733382900.0,2024-12-05 12:45:00+05:30
210.1,210.35,209.85,209.85,856.0,1733383200.0,2024-12-05 12:50:00+05:30
209.85,210.25,209.85,210.25,60.0,1733383500.0,2024-12-05 12:55:00+05:30
210.25,210.5,210.1,210.5,176.0,1733383800.0,2024-12-05 13:00:00+05:30
210.5,210.5,209.2,209.2,660.0,1733384100.0,2024-12-05 13:05:00+05:30
209.55,209.55,209.4,209.4,300.0,1733384400.0,2024-12-05 13:10:00+05:30
209.5,209.75,209.25,209.45,312.0,1733384700.0,2024-12-05 13:15:00+05:30
209.5,209.5,209.1,209.2,808.0,1733385000.0,2024-12-05 13:20:00+05:30
209.2,209.2,208.8,209.1,644.0,1733385300.0,2024-12-05 13:25:00+05:30
208.8,209.15,208.8,209.15,292.0,1733385600.0,2024-12-05 13:30:00+05:30
208.85,209.15,208.75,209.0,196.0,1733385900.0,2024-12-05 13:35:00+05:30
209.0,209.1,208.75,208.75,792.0,1733386200.0,2024-12-05 13:40:00+05:30
208.8,209.1,208.75,208.8,496.0,1733386500.0,2024-12-05 13:45:00+05:30
208.75,208.75,208.6,208.6,6760.0,1733386800.0,2024-12-05 13:50:00+05:30
208.6,209.15,208.6,208.8,628.0,1733387100.0,2024-12-05 13:55:00+05:30
209.05,209.05,208.55,208.55,296.0,1733387400.0,2024-12-05 14:00:00+05:30
208.55,208.95,208.55,208.6,684.0,1733387700.0,2024-12-05 14:05:00+05:30
208.6,209.25,208.5,209.25,2808.0,1733388000.0,2024-12-05 14:10:00+05:30
209.0,209.15,208.85,209.15,440.0,1733388300.0,2024-12-05 14:15:00+05:30
209.15,209.25,209.15,209.25,32.0,1733388600.0,2024-12-05 14:20:00+05:30
209.25,209.25,209.15,209.15,232.0,1733388900.0,2024-12-05 14:25:00+05:30
208.8,209.1,208.75,208.8,1908.0,1733389200.0,2024-12-05 14:30:00+05:30
209.05,209.25,208.75,208.8,1372.0,1733389500.0,2024-12-05 14:35:00+05:30
208.75,208.75,208.7,208.7,368.0,1733389800.0,2024-12-05 14:40:00+05:30
208.75,209.4,208.75,209.05,2196.0,1733390100.0,2024-12-05 14:45:00+05:30
209.0,209.0,208.55,208.65,4152.0,1733390400.0,2024-12-05 14:50:00+05:30
208.8,208.8,208.0,208.75,10844.0,1733390700.0,2024-12-05 14:55:00+05:30
208.6,208.6,208.0,208.5,1464.0,1733391000.0,2024-12-05 15:00:00+05:30
208.5,209.25,208.25,209.25,3652.0,1733391300.0,2024-12-05 15:05:00+05:30
208.6,209.5,208.3,209.3,1576.0,1733391600.0,2024-12-05 15:10:00+05:30
209.5,209.5,208.45,209.25,2160.0,1733391900.0,2024-12-05 15:15:00+05:30
209.25,209.25,208.5,209.1,2620.0,1733392200.0,2024-12-05 15:20:00+05:30
209.1,209.1,208.5,208.95,2208.0,1733392500.0,2024-12-05 15:25:00+05:30
206.25,211.25,206.25,209.1,2628.0,1733456700.0,2024-12-06 09:15:00+05:30
209.25,210.1,209.05,209.55,2476.0,1733457000.0,2024-12-06 09:20:00+05:30
210.0,210.45,208.65,209.9,5024.0,1733457300.0,2024-12-06 09:25:00+05:30
209.8,209.8,209.05,209.2,1640.0,1733457600.0,2024-12-06 09:30:00+05:30
209.0,209.0,208.9,208.9,468.0,1733457900.0,2024-12-06 09:35:00+05:30
208.75,208.95,208.3,208.85,2080.0,1733458200.0,2024-12-06 09:40:00+05:30
208.8,209.3,208.1,208.4,1272.0,1733458500.0,2024-12-06 09:45:00+05:30
208.4,208.85,207.5,207.5,3840.0,1733458800.0,2024-12-06 09:50:00+05:30
207.55,208.15,206.4,206.9,3216.0,1733459100.0,2024-12-06 09:55:00+05:30
207.0,207.5,206.4,207.5,4288.0,1733459400.0,2024-12-06 10:00:00+05:30
208.1,208.1,206.6,207.1,1824.0,1733459700.0,2024-12-06 10:05:00+05:30
207.1,207.3,206.8,207.3,2364.0,1733460000.0,2024-12-06 10:10:00+05:30
207.2,207.25,206.6,206.6,628.0,1733460300.0,2024-12-06 10:15:00+05:30
207.0,207.0,206.7,206.9,2448.0,1733460600.0,2024-12-06 10:20:00+05:30
206.95,206.95,206.25,206.65,4620.0,1733460900.0,2024-12-06 10:25:00+05:30
206.65,206.7,205.95,206.05,2272.0,1733461200.0,2024-12-06 10:30:00+05:30
206.0,206.0,204.0,205.35,13440.0,1733461500.0,2024-12-06 10:35:00+05:30
204.65,205.7,204.65,205.5,3924.0,1733461800.0,2024-12-06 10:40:00+05:30
205.5,205.5,205.0,205.2,3544.0,1733462100.0,2024-12-06 10:45:00+05:30
205.2,205.2,204.55,204.75,3904.0,1733462400.0,2024-12-06 10:50:00+05:30
205.1,205.15,205.0,205.1,2100.0,1733462700.0,2024-12-06 10:55:00+05:30
205.1,205.15,204.5,204.7,10952.0,1733463000.0,2024-12-06 11:00:00+05:30
204.5,205.4,204.5,205.4,1492.0,1733463300.0,2024-12-06 11:05:00+05:30
205.4,205.4,205.0,205.3,996.0,1733463600.0,2024-12-06 11:10:00+05:30
205.3,205.3,205.0,205.3,680.0,1733463900.0,2024-12-06 11:15:00+05:30
205.3,205.3,205.0,205.25,588.0,1733464200.0,2024-12-06 11:20:00+05:30
205.0,205.25,204.9,205.2,772.0,1733464500.0,2024-12-06 11:25:00+05:30
205.25,205.25,205.25,205.25,288.0,1733464800.0,2024-12-06 11:30:00+05:30
205.25,205.25,204.5,205.0,1312.0,1733465100.0,2024-12-06 11:35:00+05:30
205.0,205.0,204.55,205.0,428.0,1733465400.0,2024-12-06 11:40:00+05:30
205.0,205.05,204.6,204.6,372.0,1733465700.0,2024-12-06 11:45:00+05:30
204.6,205.1,204.6,205.1,488.0,1733466000.0,2024-12-06 11:50:00+05:30
205.1,205.3,205.1,205.3,416.0,1733466300.0,2024-12-06 11:55:00+05:30
205.0,205.5,205.0,205.5,1092.0,1733466600.0,2024-12-06 12:00:00+05:30
205.5,205.5,204.9,204.9,636.0,1733466900.0,2024-12-06 12:05:00+05:30
205.3,205.4,205.0,205.35,592.0,1733467200.0,2024-12-06 12:10:00+05:30
205.6,205.6,205.25,205.4,1172.0,1733467500.0,2024-12-06 12:15:00+05:30
205.55,205.6,205.55,205.6,516.0,1733467800.0,2024-12-06 12:20:00+05:30
205.5,205.75,205.25,205.6,3472.0,1733468100.0,2024-12-06 12:25:00+05:30
205.7,206.25,205.2,206.25,532.0,1733468400.0,2024-12-06 12:30:00+05:30
206.2,206.25,205.8,205.8,308.0,1733468700.0,2024-12-06 12:35:00+05:30
205.9,206.1,205.5,206.1,744.0,1733469000.0,2024-12-06 12:40:00+05:30
206.0,206.0,205.15,205.75,1160.0,1733469300.0,2024-12-06 12:45:00+05:30
205.75,205.75,205.4,205.4,684.0,1733469600.0,2024-12-06 12:50:00+05:30
205.3,206.9,205.3,206.35,2324.0,1733469900.0,2024-12-06 12:55:00+05:30
206.35,206.35,206.0,206.05,448.0,1733470200.0,2024-12-06 13:00:00+05:30
206.05,206.05,206.05,206.05,164.0,1733470500.0,2024-12-06 13:05:00+05:30
206.05,206.25,205.5,205.85,272.0,1733470800.0,2024-12-06 13:10:00+05:30
206.4,206.6,206.0,206.0,760.0,1733471100.0,2024-12-06 13:15:00+05:30
206.1,206.3,205.9,206.1,808.0,1733471400.0,2024-12-06 13:20:00+05:30
206.15,206.25,206.0,206.1,500.0,1733471700.0,2024-12-06 13:25:00+05:30
206.1,206.25,205.95,205.95,1776.0,1733472000.0,2024-12-06 13:30:00+05:30
206.25,206.4,205.8,206.1,2216.0,1733472300.0,2024-12-06 13:35:00+05:30
206.4,206.5,206.0,206.2,992.0,1733472600.0,2024-12-06 13:40:00+05:30
206.2,206.35,205.9,205.9,460.0,1733472900.0,2024-12-06 13:45:00+05:30
206.1,206.4,206.1,206.1,276.0,1733473200.0,2024-12-06 13:50:00+05:30
206.1,206.25,205.9,205.9,504.0,1733473500.0,2024-12-06 13:55:00+05:30
206.0,206.6,206.0,206.2,836.0,1733473800.0,2024-12-06 14:00:00+05:30
206.55,206.6,206.0,206.0,1080.0,1733474100.0,2024-12-06 14:05:00+05:30
206.35,206.5,206.0,206.15,508.0,1733474400.0,2024-12-06 14:10:00+05:30
206.3,206.35,206.3,206.35,208.0,1733474700.0,2024-12-06 14:15:00+05:30
206.1,206.45,205.9,206.0,2240.0,1733475000.0,2024-12-06 14:20:00+05:30
206.0,206.35,206.0,206.05,612.0,1733475300.0,2024-12-06 14:25:00+05:30
206.3,206.3,205.75,206.1,1164.0,1733475600.0,2024-12-06 14:30:00+05:30
206.05,206.35,206.0,206.35,472.0,1733475900.0,2024-12-06 14:35:00+05:30
206.3,206.35,206.0,206.0,124.0,1733476200.0,2024-12-06 14:40:00+05:30
205.95,206.2,205.95,206.05,612.0,1733476500.0,2024-12-06 14:45:00+05:30
205.85,206.3,205.85,206.05,796.0,1733476800.0,2024-12-06 14:50:00+05:30
206.05,206.1,205.8,206.0,1044.0,1733477100.0,2024-12-06 14:55:00+05:30
205.7,206.0,205.05,205.5,4080.0,1733477400.0,2024-12-06 15:00:00+05:30
205.35,205.55,205.1,205.25,3044.0,1733477700.0,2024-12-06 15:05:00+05:30
205.45,205.85,205.1,205.85,1580.0,1733478000.0,2024-12-06 15:10:00+05:30
205.3,205.8,205.3,205.4,2352.0,1733478300.0,2024-12-06 15:15:00+05:30
205.5,206.0,205.0,206.0,10780.0,1733478600.0,2024-12-06 15:20:00+05:30
205.95,206.25,205.75,205.75,6304.0,1733478900.0,2024-12-06 15:25:00+05:30
205.55,207.5,204.5,206.8,3780.0,1733715900.0,2024-12-09 09:15:00+05:30
206.4,207.3,206.4,206.85,2972.0,1733716200.0,2024-12-09 09:20:00+05:30
207.1,207.35,206.5,207.1,2372.0,1733716500.0,2024-12-09 09:25:00+05:30
207.1,209.5,206.85,209.05,21456.0,1733716800.0,2024-12-09 09:30:00+05:30
209.35,209.35,208.4,208.9,2360.0,1733717100.0,2024-12-09 09:35:00+05:30
208.9,208.9,207.75,207.75,2260.0,1733717400.0,2024-12-09 09:40:00+05:30
207.25,208.05,207.25,207.25,1656.0,1733717700.0,2024-12-09 09:45:00+05:30
207.5,207.7,207.0,207.4,1104.0,1733718000.0,2024-12-09 09:50:00+05:30
207.65,207.75,207.2,207.7,4008.0,1733718300.0,2024-12-09 09:55:00+05:30
207.75,207.9,207.3,207.85,2288.0,1733718600.0,2024-12-09 10:00:00+05:30
207.85,208.0,207.4,207.85,372.0,1733718900.0,2024-12-09 10:05:00+05:30
208.0,208.25,207.6,207.9,1192.0,1733719200.0,2024-12-09 10:10:00+05:30
207.9,208.05,207.7,207.7,340.0,1733719500.0,2024-12-09 10:15:00+05:30
207.95,208.25,207.6,208.25,5932.0,1733719800.0,2024-12-09 10:20:00+05:30
207.8,208.1,207.8,208.0,292.0,1733720100.0,2024-12-09 10:25:00+05:30
208.0,208.0,207.4,207.5,732.0,1733720400.0,2024-12-09 10:30:00+05:30
207.5,207.5,207.05,207.4,44.0,1733720700.0,2024-12-09 10:35:00+05:30
207.15,207.45,207.1,207.4,412.0,1733721000.0,2024-12-09 10:40:00+05:30
207.4,207.65,207.3,207.3,460.0,1733721300.0,2024-12-09 10:45:00+05:30
207.7,207.7,207.4,207.7,336.0,1733721600.0,2024-12-09 10:50:00+05:30
207.5,208.25,207.5,207.8,4208.0,1733721900.0,2024-12-09 10:55:00+05:30
207.9,208.0,207.65,207.65,200.0,1733722200.0,2024-12-09 11:00:00+05:30
207.7,207.85,207.5,207.55,224.0,1733722500.0,2024-12-09 11:05:00+05:30
207.55,207.55,207.55,207.55,84.0,1733722800.0,2024-12-09 11:10:00+05:30
207.55,208.05,207.55,208.0,988.0,1733723100.0,2024-12-09 11:15:00+05:30
208.0,208.1,207.55,208.1,1272.0,1733723400.0,2024-12-09 11:20:00+05:30
208.1,208.1,208.0,208.05,548.0,1733723700.0,2024-12-09 11:25:00+05:30
208.05,208.1,206.1,206.55,38660.0,1733724000.0,2024-12-09 11:30:00+05:30
206.95,206.95,206.65,206.95,324.0,1733724300.0,2024-12-09 11:35:00+05:30
206.95,206.95,206.5,206.5,216.0,1733724600.0,2024-12-09 11:40:00+05:30
206.5,206.85,206.5,206.75,184.0,1733724900.0,2024-12-09 11:45:00+05:30
206.75,207.5,206.75,207.5,3240.0,1733725200.0,2024-12-09 11:50:00+05:30
207.5,207.5,207.2,207.5,140.0,1733725500.0,2024-12-09 11:55:00+05:30
207.2,207.35,206.5,207.25,2620.0,1733725800.0,2024-12-09 12:00:00+05:30
206.95,207.4,206.95,207.25,608.0,1733726100.0,2024-12-09 12:05:00+05:30
207.25,207.45,207.0,207.25,316.0,1733726400.0,2024-12-09 12:10:00+05:30
207.05,207.35,207.05,207.35,96.0,1733726700.0,2024-12-09 12:15:00+05:30
207.4,207.5,207.05,207.45,304.0,1733727000.0,2024-12-09 12:20:00+05:30
207.5,207.55,207.5,207.55,280.0,1733727300.0,2024-12-09 12:25:00+05:30
207.6,207.6,206.75,207.2,1116.0,1733727600.0,2024-12-09 12:30:00+05:30
207.2,207.3,207.2,207.3,148.0,1733727900.0,2024-12-09 12:35:00+05:30
207.3,207.35,207.0,207.0,1176.0,1733728200.0,2024-12-09 12:40:00+05:30
207.0,207.2,206.9,207.2,208.0,1733728500.0,2024-12-09 12:45:00+05:30
207.25,207.35,206.9,207.0,496.0,1733728800.0,2024-12-09 12:50:00+05:30
207.0,207.0,206.9,206.9,24.0,1733729100.0,2024-12-09 12:55:00+05:30
206.9,207.15,206.9,206.9,56.0,1733729400.0,2024-12-09 13:00:00+05:30
206.9,207.1,206.9,207.1,52.0,1733729700.0,2024-12-09 13:05:00+05:30
207.2,207.2,206.75,206.9,708.0,1733730000.0,2024-12-09 13:10:00+05:30
206.9,206.9,206.9,206.9,16.0,1733730300.0,2024-12-09 13:15:00+05:30
206.9,206.9,206.5,206.65,232.0,1733730600.0,2024-12-09 13:20:00+05:30
206.55,206.9,206.55,206.9,608.0,1733730900.0,2024-12-09 13:25:00+05:30
206.9,207.0,206.5,206.8,3444.0,1733731200.0,2024-12-09 13:30:00+05:30
207.5,207.9,207.15,207.9,4304.0,1733731500.0,2024-12-09 13:35:00+05:30
207.5,207.9,207.25,207.6,1080.0,1733731800.0,2024-12-09 13:40:00+05:30
207.6,207.7,207.35,207.7,1836.0,1733732100.0,2024-12-09 13:45:00+05:30
207.65,207.75,207.3,207.3,112.0,1733732400.0,2024-12-09 13:50:00+05:30
207.55,207.8,207.25,207.75,540.0,1733732700.0,2024-12-09 13:55:00+05:30
207.85,207.95,207.3,207.4,476.0,1733733000.0,2024-12-09 14:00:00+05:30
207.4,208.75,206.75,208.75,3432.0,1733733300.0,2024-12-09 14:05:00+05:30
208.75,209.25,208.15,208.15,2568.0,1733733600.0,2024-12-09 14:10:00+05:30
208.15,208.35,208.0,208.0,144.0,1733733900.0,2024-12-09 14:15:00+05:30
208.0,208.1,207.7,207.9,484.0,1733734200.0,2024-12-09 14:20:00+05:30
207.8,208.15,207.7,208.15,420.0,1733734500.0,2024-12-09 14:25:00+05:30
207.9,208.1,207.75,207.75,1560.0,1733734800.0,2024-12-09 14:30:00+05:30
207.75,208.0,207.75,207.75,160.0,1733735100.0,2024-12-09 14:35:00+05:30
207.7,207.9,207.5,207.85,636.0,1733735400.0,2024-12-09 14:40:00+05:30
207.85,208.0,207.7,207.9,548.0,1733735700.0,2024-12-09 14:45:00+05:30
207.95,208.25,207.95,208.0,5252.0,1733736000.0,2024-12-09 14:50:00+05:30
208.2,208.25,207.65,207.7,256.0,1733736300.0,2024-12-09 14:55:00+05:30
207.65,208.1,207.65,208.1,528.0,1733736600.0,2024-12-09 15:00:00+05:30
208.1,208.25,207.75,208.25,844.0,1733736900.0,2024-12-09 15:05:00+05:30
208.0,208.25,207.7,208.1,3480.0,1733737200.0,2024-12-09 15:10:00+05:30
208.1,208.65,207.65,208.65,2544.0,1733737500.0,2024-12-09 15:15:00+05:30
208.0,208.5,207.6,208.5,5384.0,1733737800.0,2024-12-09 15:20:00+05:30
208.25,208.5,207.75,208.5,3812.0,1733738100.0,2024-12-09 15:25:00+05:30
206.5,209.5,206.5,208.1,1548.0,1733802300.0,2024-12-10 09:15:00+05:30
208.1,208.85,208.1,208.8,1148.0,1733802600.0,2024-12-10 09:20:00+05:30
208.85,209.1,208.4,208.5,3236.0,1733802900.0,2024-12-10 09:25:00+05:30
209.15,209.5,208.0,208.5,6652.0,1733803200.0,2024-12-10 09:30:00+05:30
208.5,208.6,208.5,208.6,1356.0,1733803500.0,2024-12-10 09:35:00+05:30
208.0,208.2,207.5,207.5,1968.0,1733803800.0,2024-12-10 09:40:00+05:30
207.9,208.0,207.9,208.0,228.0,1733804100.0,2024-12-10 09:45:00+05:30
208.0,208.0,207.55,207.55,216.0,1733804400.0,2024-12-10 09:50:00+05:30
207.55,207.95,207.5,207.9,1080.0,1733804700.0,2024-12-10 09:55:00+05:30
207.9,208.0,207.9,208.0,836.0,1733805000.0,2024-12-10 10:00:00+05:30
208.05,208.2,207.7,208.2,1216.0,1733805300.0,2024-12-10 10:05:00+05:30
208.2,208.2,207.2,207.5,1584.0,1733805600.0,2024-12-10 10:10:00+05:30
207.5,207.6,207.35,207.35,872.0,1733805900.0,2024-12-10 10:15:00+05:30
207.35,207.9,207.35,207.9,412.0,1733806200.0,2024-12-10 10:20:00+05:30
207.85,208.0,207.75,208.0,260.0,1733806500.0,2024-12-10 10:25:00+05:30
208.0,208.1,207.5,207.9,512.0,1733806800.0,2024-12-10 10:30:00+05:30
207.9,208.2,207.9,208.2,648.0,1733807100.0,2024-12-10 10:35:00+05:30
207.9,208.15,207.6,207.6,300.0,1733807400.0,2024-12-10 10:40:00+05:30
207.6,208.1,207.5,207.7,1788.0,1733807700.0,2024-12-10 10:45:00+05:30
207.7,207.7,207.3,207.3,156.0,1733808000.0,2024-12-10 10:50:00+05:30
207.9,208.1,207.8,208.1,2468.0,1733808300.0,2024-12-10 10:55:00+05:30
208.1,208.25,208.1,208.25,32.0,1733808600.0,2024-12-10 11:00:00+05:30
208.25,208.25,207.9,207.9,376.0,1733808900.0,2024-12-10 11:05:00+05:30
208.0,208.25,207.65,208.25,1032.0,1733809200.0,2024-12-10 11:10:00+05:30
208.25,208.25,207.9,207.9,1564.0,1733809500.0,2024-12-10 11:15:00+05:30
207.9,208.0,207.55,207.55,700.0,1733809800.0,2024-12-10 11:20:00+05:30
207.55,207.9,207.55,207.9,140.0,1733810100.0,2024-12-10 11:25:00+05:30
207.55,207.9,207.55,207.65,220.0,1733810400.0,2024-12-10 11:30:00+05:30
207.65,207.85,207.65,207.85,40.0,1733810700.0,2024-12-10 11:35:00+05:30
207.7,208.0,207.3,207.3,3084.0,1733811000.0,2024-12-10 11:40:00+05:30
207.6,207.6,207.0,207.0,936.0,1733811300.0,2024-12-10 11:45:00+05:30
207.0,207.35,207.0,207.35,380.0,1733811600.0,2024-12-10 11:50:00+05:30
207.35,207.5,207.35,207.5,360.0,1733811900.0,2024-12-10 11:55:00+05:30
207.5,207.6,207.0,207.1,5512.0,1733812200.0,2024-12-10 12:00:00+05:30
207.55,207.8,207.55,207.8,492.0,1733812500.0,2024-12-10 12:05:00+05:30
207.5,208.0,207.3,208.0,604.0,1733812800.0,2024-12-10 12:10:00+05:30
207.7,207.75,204.75,205.3,46016.0,1733813100.0,2024-12-10 12:15:00+05:30
205.4,205.5,204.9,205.5,2384.0,1733813400.0,2024-12-10 12:20:00+05:30
205.5,205.7,205.5,205.7,508.0,1733813700.0,2024-12-10 12:25:00+05:30
205.65,205.65,204.75,204.95,3428.0,1733814000.0,2024-12-10 12:30:00+05:30
204.95,205.55,204.9,205.2,2124.0,1733814300.0,2024-12-10 12:35:00+05:30
205.55,205.6,205.2,205.25,1080.0,1733814600.0,2024-12-10 12:40:00+05:30
205.25,205.25,205.0,205.25,140.0,1733814900.0,2024-12-10 12:45:00+05:30
205.25,205.25,205.0,205.1,648.0,1733815200.0,2024-12-10 12:50:00+05:30
205.1,205.25,205.1,205.25,680.0,1733815500.0,2024-12-10 12:55:00+05:30
205.25,205.25,205.0,205.25,28.0,1733815800.0,2024-12-10 13:00:00+05:30
205.25,205.25,204.9,205.0,320.0,1733816100.0,2024-12-10 13:05:00+05:30
204.95,205.0,204.5,204.8,2568.0,1733816400.0,2024-12-10 13:10:00+05:30
205.0,205.25,205.0,205.25,780.0,1733816700.0,2024-12-10 13:15:00+05:30
205.0,205.0,204.75,204.8,1244.0,1733817000.0,2024-12-10 13:20:00+05:30
204.75,205.1,204.75,205.1,548.0,1733817300.0,2024-12-10 13:25:00+05:30
205.1,205.25,204.75,205.25,1060.0,1733817600.0,2024-12-10 13:30:00+05:30
205.25,205.65,205.0,205.35,2508.0,1733817900.0,2024-12-10 13:35:00+05:30
205.35,205.35,204.6,204.8,1912.0,1733818200.0,2024-12-10 13:40:00+05:30
204.9,204.9,204.5,204.8,376.0,1733818500.0,2024-12-10 13:45:00+05:30
204.8,205.1,204.55,205.1,1544.0,1733818800.0,2024-12-10 13:50:00+05:30
205.1,205.5,205.1,205.5,1316.0,1733819100.0,2024-12-10 13:55:00+05:30
205.45,205.5,205.1,205.35,1812.0,1733819400.0,2024-12-10 14:00:00+05:30
205.5,205.6,205.0,205.6,1120.0,1733819700.0,2024-12-10 14:05:00+05:30
205.3,205.4,205.0,205.2,1092.0,1733820000.0,2024-12-10 14:10:00+05:30
205.1,205.4,204.65,205.1,780.0,1733820300.0,2024-12-10 14:15:00+05:30
204.9,204.9,204.55,204.55,292.0,1733820600.0,2024-12-10 14:20:00+05:30
204.55,204.9,204.3,204.3,1184.0,1733820900.0,2024-12-10 14:25:00+05:30
204.6,205.15,204.6,205.15,1532.0,1733821200.0,2024-12-10 14:30:00+05:30
204.65,204.95,204.6,204.65,552.0,1733821500.0,2024-12-10 14:35:00+05:30
204.65,204.9,204.55,204.9,188.0,1733821800.0,2024-12-10 14:40:00+05:30
204.65,205.05,204.55,205.05,2536.0,1733822100.0,2024-12-10 14:45:00+05:30
205.25,205.45,205.25,205.4,76.0,1733822400.0,2024-12-10 14:50:00+05:30
205.4,205.5,205.25,205.4,472.0,1733822700.0,2024-12-10 14:55:00+05:30
205.45,205.5,204.25,205.25,7536.0,1733823000.0,2024-12-10 15:00:00+05:30
205.25,205.5,205.0,205.5,1696.0,1733823300.0,2024-12-10 15:05:00+05:30
205.3,205.5,204.9,204.9,1932.0,1733823600.0,2024-12-10 15:10:00+05:30
205.2,205.75,204.9,205.75,4416.0,1733823900.0,2024-12-10 15:15:00+05:30
205.7,205.8,205.15,205.7,6020.0,1733824200.0,2024-12-10 15:20:00+05:30
205.7,206.0,205.0,205.95,6784.0,1733824500.0,2024-12-10 15:25:00+05:30
205.3,207.1,205.0,207.1,2940.0,1733888700.0,2024-12-11 09:15:00+05:30
207.2,207.2,206.5,206.75,2028.0,1733889000.0,2024-12-11 09:20:00+05:30
207.2,207.2,206.65,206.8,1496.0,1733889300.0,2024-12-11 09:25:00+05:30
207.1,207.5,206.0,207.2,8412.0,1733889600.0,2024-12-11 09:30:00+05:30
206.75,206.75,206.5,206.6,2408.0,1733889900.0,2024-12-11 09:35:00+05:30
206.65,206.85,206.25,206.25,756.0,1733890200.0,2024-12-11 09:40:00+05:30
206.25,206.4,206.0,206.4,788.0,1733890500.0,2024-12-11 09:45:00+05:30
206.0,206.25,205.75,206.25,792.0,1733890800.0,2024-12-11 09:50:00+05:30
206.3,206.55,206.25,206.5,372.0,1733891100.0,2024-12-11 09:55:00+05:30
206.55,206.8,206.5,206.7,480.0,1733891400.0,2024-12-11 10:00:00+05:30
206.7,206.7,206.3,206.5,84.0,1733891700.0,2024-12-11 10:05:00+05:30
206.5,206.65,206.25,206.45,336.0,1733892000.0,2024-12-11 10:10:00+05:30
206.45,206.7,206.45,206.65,156.0,1733892300.0,2024-12-11 10:15:00+05:30
206.1,206.4,205.2,206.35,5640.0,1733892600.0,2024-12-11 10:20:00+05:30
206.7,207.1,206.35,206.75,844.0,1733892900.0,2024-12-11 10:25:00+05:30
206.75,206.75,205.9,205.9,904.0,1733893200.0,2024-12-11 10:30:00+05:30
205.9,207.0,205.9,207.0,336.0,1733893500.0,2024-12-11 10:35:00+05:30
206.5,206.85,206.25,206.25,3112.0,1733893800.0,2024-12-11 10:40:00+05:30
206.7,206.7,206.25,206.25,184.0,1733894100.0,2024-12-11 10:45:00+05:30
206.25,206.4,205.85,206.4,1160.0,1733894400.0,2024-12-11 10:50:00+05:30
206.4,206.75,206.25,206.25,860.0,1733894700.0,2024-12-11 10:55:00+05:30
206.25,206.7,206.2,206.5,556.0,1733895000.0,2024-12-11 11:00:00+05:30
206.25,206.55,206.0,206.3,1580.0,1733895300.0,2024-12-11 11:05:00+05:30
206.0,206.35,205.75,205.75,1248.0,1733895600.0,2024-12-11 11:10:00+05:30
206.1,206.7,206.1,206.7,420.0,1733895900.0,2024-12-11 11:15:00+05:30
206.7,206.7,206.25,206.7,268.0,1733896200.0,2024-12-11 11:20:00+05:30
206.25,206.75,206.25,206.4,1020.0,1733896500.0,2024-12-11 11:25:00+05:30
206.7,207.2,206.4,206.65,1228.0,1733896800.0,2024-12-11 11:30:00+05:30
207.15,207.45,206.85,207.45,168.0,1733897100.0,2024-12-11 11:35:00+05:30
207.45,207.45,206.65,206.65,2444.0,1733897400.0,2024-12-11 11:40:00+05:30
206.7,206.7,206.65,206.7,108.0,1733897700.0,2024-12-11 11:45:00+05:30
206.7,206.7,206.65,206.7,64.0,1733898000.0,2024-12-11 11:50:00+05:30
206.75,206.95,206.75,206.95,280.0,1733898300.0,2024-12-11 11:55:00+05:30
206.95,207.1,206.85,207.1,112.0,1733898600.0,2024-12-11 12:00:00+05:30
206.85,207.0,206.7,207.0,120.0,1733898900.0,2024-12-11 12:05:00+05:30
207.0,207.0,206.6,206.6,252.0,1733899200.0,2024-12-11 12:10:00+05:30
206.9,206.9,206.15,206.45,2104.0,1733899500.0,2024-12-11 12:15:00+05:30
206.6,206.6,205.8,206.3,664.0,1733899800.0,2024-12-11 12:20:00+05:30
206.3,206.65,206.3,206.55,768.0,1733900100.0,2024-12-11 12:25:00+05:30
206.55,206.6,206.25,206.25,456.0,1733900400.0,2024-12-11 12:30:00+05:30
206.55,206.55,205.75,205.75,732.0,1733900700.0,2024-12-11 12:35:00+05:30
206.1,206.1,204.75,205.5,5448.0,1733901000.0,2024-12-11 12:40:00+05:30
205.45,205.6,205.05,205.6,364.0,1733901300.0,2024-12-11 12:45:00+05:30
205.6,205.6,205.3,205.5,172.0,1733901600.0,2024-12-11 12:50:00+05:30
205.5,205.5,205.5,205.5,0.0,1733901900.0,2024-12-11 12:55:00+05:30
205.5,205.5,205.05,205.05,420.0,1733902200.0,2024-12-11 13:00:00+05:30
205.05,205.4,205.05,205.4,40.0,1733902500.0,2024-12-11 13:05:00+05:30
205.25,205.75,205.25,205.6,856.0,1733902800.0,2024-12-11 13:10:00+05:30
205.6,205.6,205.6,205.6,128.0,1733903100.0,2024-12-11 13:15:00+05:30
205.7,205.75,205.7,205.75,132.0,1733903400.0,2024-12-11 13:20:00+05:30
205.75,205.75,205.4,205.4,36.0,1733903700.0,2024-12-11 13:25:00+05:30
205.4,205.4,205.4,205.4,164.0,1733904000.0,2024-12-11 13:30:00+05:30
205.4,205.4,205.4,205.4,44.0,1733904300.0,2024-12-11 13:35:00+05:30
205.4,205.4,205.05,205.1,40.0,1733904600.0,2024-12-11 13:40:00+05:30
205.4,205.4,205.1,205.4,120.0,1733904900.0,2024-12-11 13:45:00+05:30
205.4,205.4,204.65,205.35,2296.0,1733905200.0,2024-12-11 13:50:00+05:30
205.35,205.75,205.35,205.75,400.0,1733905500.0,2024-12-11 13:55:00+05:30
205.75,205.85,205.5,205.5,128.0,1733905800.0,2024-12-11 14:00:00+05:30
205.5,205.85,205.5,205.5,216.0,1733906100.0,2024-12-11 14:05:00+05:30
205.5,206.0,205.5,205.55,392.0,1733906400.0,2024-12-11 14:10:00+05:30
205.55,205.85,205.55,205.55,28.0,1733906700.0,2024-12-11 14:15:00+05:30
205.55,205.55,205.55,205.55,0.0,1733907000.0,2024-12-11 14:20:00+05:30
205.55,205.9,205.5,205.9,936.0,1733907300.0,2024-12-11 14:25:00+05:30
205.9,206.0,205.7,205.7,872.0,1733907600.0,2024-12-11 14:30:00+05:30
205.7,206.0,205.5,205.5,1228.0,1733907900.0,2024-12-11 14:35:00+05:30
205.5,205.65,205.4,205.4,532.0,1733908200.0,2024-12-11 14:40:00+05:30
205.55,205.65,205.25,205.6,296.0,1733908500.0,2024-12-11 14:45:00+05:30
205.6,205.6,204.7,204.8,1148.0,1733908800.0,2024-12-11 14:50:00+05:30
205.15,205.65,205.15,205.5,876.0,1733909100.0,2024-12-11 14:55:00+05:30
205.5,205.95,205.25,205.95,2044.0,1733909400.0,2024-12-11 15:00:00+05:30
205.95,205.95,205.3,205.8,832.0,1733909700.0,2024-12-11 15:05:00+05:30
205.9,206.25,205.6,206.25,1348.0,1733910000.0,2024-12-11 15:10:00+05:30
206.25,206.25,205.0,205.5,4196.0,1733910300.0,2024-12-11 15:15:00+05:30
205.5,205.75,204.95,205.6,8016.0,1733910600.0,2024-12-11 15:20:00+05:30
205.6,205.8,205.0,205.75,5940.0,1733910900.0,2024-12-11 15:25:00+05:30
204.8,206.7,204.8,206.4,1908.0,1733975100.0,2024-12-12 09:15:00+05:30
206.0,206.6,205.5,206.6,5288.0,1733975400.0,2024-12-12 09:20:00+05:30
206.6,206.6,205.65,205.8,1652.0,1733975700.0,2024-12-12 09:25:00+05:30
205.8,206.2,205.5,205.95,1196.0,1733976000.0,2024-12-12 09:30:00+05:30
205.95,205.95,205.55,205.55,528.0,1733976300.0,2024-12-12 09:35:00+05:30
205.5,205.6,205.05,205.5,1108.0,1733976600.0,2024-12-12 09:40:00+05:30
205.25,205.5,204.9,205.45,1044.0,1733976900.0,2024-12-12 09:45:00+05:30
205.15,205.25,204.9,205.25,484.0,1733977200.0,2024-12-12 09:50:00+05:30
204.95,205.25,204.9,204.95,228.0,1733977500.0,2024-12-12 09:55:00+05:30
205.25,205.25,205.2,205.25,2592.0,1733977800.0,2024-12-12 10:00:00+05:30
205.55,205.55,205.3,205.55,224.0,1733978100.0,2024-12-12 10:05:00+05:30
205.55,205.55,205.25,205.25,3280.0,1733978400.0,2024-12-12 10:10:00+05:30
205.25,205.55,205.25,205.55,32.0,1733978700.0,2024-12-12 10:15:00+05:30
205.55,206.1,205.55,206.0,844.0,1733979000.0,2024-12-12 10:20:00+05:30
206.0,206.1,205.95,206.1,464.0,1733979300.0,2024-12-12 10:25:00+05:30
206.15,206.15,205.4,205.75,332.0,1733979600.0,2024-12-12 10:30:00+05:30
205.8,205.9,205.35,205.9,848.0,1733979900.0,2024-12-12 10:35:00+05:30
206.1,206.6,205.9,205.95,1920.0,1733980200.0,2024-12-12 10:40:00+05:30
206.4,206.45,206.05,206.05,124.0,1733980500.0,2024-12-12 10:45:00+05:30
205.8,206.3,205.8,206.3,152.0,1733980800.0,2024-12-12 10:50:00+05:30
206.25,206.3,205.8,206.1,644.0,1733981100.0,2024-12-12 10:55:00+05:30
206.1,206.3,206.1,206.3,644.0,1733981400.0,2024-12-12 11:00:00+05:30
205.9,206.5,205.9,206.5,2744.0,1733981700.0,2024-12-12 11:05:00+05:30
206.5,206.85,206.5,206.85,652.0,1733982000.0,2024-12-12 11:10:00+05:30
206.5,206.85,206.3,206.85,680.0,1733982300.0,2024-12-12 11:15:00+05:30
206.8,206.8,206.45,206.8,132.0,1733982600.0,2024-12-12 11:20:00+05:30
206.8,206.8,206.45,206.8,184.0,1733982900.0,2024-12-12 11:25:00+05:30
206.8,206.8,206.4,206.8,320.0,1733983200.0,2024-12-12 11:30:00+05:30
206.8,207.3,206.3,207.3,788.0,1733983500.0,2024-12-12 11:35:00+05:30
206.85,207.45,206.8,206.85,1592.0,1733983800.0,2024-12-12 11:40:00+05:30
207.25,207.3,206.55,206.55,716.0,1733984100.0,2024-12-12 11:45:00+05:30
206.9,207.45,206.55,207.0,2576.0,1733984400.0,2024-12-12 11:50:00+05:30
207.0,207.7,207.0,207.7,852.0,1733984700.0,2024-12-12 11:55:00+05:30
207.7,207.7,206.8,207.25,984.0,1733985000.0,2024-12-12 12:00:00+05:30
207.25,207.4,206.9,207.1,1996.0,1733985300.0,2024-12-12 12:05:00+05:30
207.1,207.15,206.5,206.5,524.0,1733985600.0,2024-12-12 12:10:00+05:30
206.5,206.9,206.5,206.9,328.0,1733985900.0,2024-12-12 12:15:00+05:30
206.55,206.9,206.55,206.65,404.0,1733986200.0,2024-12-12 12:20:00+05:30
206.65,207.65,206.65,207.65,1104.0,1733986500.0,2024-12-12 12:25:00+05:30
207.65,207.65,207.2,207.2,232.0,1733986800.0,2024-12-12 12:30:00+05:30
207.2,207.2,207.0,207.05,444.0,1733987100.0,2024-12-12 12:35:00+05:30
207.15,207.5,207.0,207.45,488.0,1733987400.0,2024-12-12 12:40:00+05:30
207.5,207.55,207.2,207.2,296.0,1733987700.0,2024-12-12 12:45:00+05:30
207.2,207.6,207.2,207.6,476.0,1733988000.0,2024-12-12 12:50:00+05:30
207.6,207.6,207.2,207.55,452.0,1733988300.0,2024-12-12 12:55:00+05:30
207.55,207.55,207.1,207.1,108.0,1733988600.0,2024-12-12 13:00:00+05:30
207.55,207.95,207.4,207.8,1436.0,1733988900.0,2024-12-12 13:05:00+05:30
207.5,207.7,207.3,207.4,1364.0,1733989200.0,2024-12-12 13:10:00+05:30
207.6,207.75,207.4,207.75,268.0,1733989500.0,2024-12-12 13:15:00+05:30
207.75,207.9,207.5,207.9,740.0,1733989800.0,2024-12-12 13:20:00+05:30
207.9,207.9,207.3,207.5,880.0,1733990100.0,2024-12-12 13:25:00+05:30
207.55,207.65,207.2,207.25,536.0,1733990400.0,2024-12-12 13:30:00+05:30
207.0,207.0,204.2,204.95,8340.0,1733990700.0,2024-12-12 13:35:00+05:30
204.95,206.3,204.95,206.2,3180.0,1733991000.0,2024-12-12 13:40:00+05:30
206.25,206.25,205.85,206.2,292.0,1733991300.0,2024-12-12 13:45:00+05:30
206.5,206.7,206.35,206.45,1404.0,1733991600.0,2024-12-12 13:50:00+05:30
206.45,206.45,205.9,206.15,1316.0,1733991900.0,2024-12-12 13:55:00+05:30
206.15,206.2,205.95,205.95,48.0,1733992200.0,2024-12-12 14:00:00+05:30
205.95,206.35,205.75,206.0,448.0,1733992500.0,2024-12-12 14:05:00+05:30
206.0,206.05,206.0,206.05,76.0,1733992800.0,2024-12-12 14:10:00+05:30
205.8,206.15,205.8,206.15,108.0,1733993100.0,2024-12-12 14:15:00+05:30
206.4,206.4,206.0,206.4,604.0,1733993400.0,2024-12-12 14:20:00+05:30
206.4,206.5,206.0,206.35,2204.0,1733993700.0,2024-12-12 14:25:00+05:30
206.35,206.8,205.7,206.55,3192.0,1733994000.0,2024-12-12 14:30:00+05:30
206.55,207.0,206.55,207.0,316.0,1733994300.0,2024-12-12 14:35:00+05:30
207.0,207.0,206.05,206.1,2944.0,1733994600.0,2024-12-12 14:40:00+05:30
206.1,206.1,206.1,206.1,64.0,1733994900.0,2024-12-12 14:45:00+05:30
205.8,206.2,205.8,206.2,104.0,1733995200.0,2024-12-12 14:50:00+05:30
206.2,206.25,205.9,206.25,1012.0,1733995500.0,2024-12-12 14:55:00+05:30
206.25,206.25,206.25,206.25,124.0,1733995800.0,2024-12-12 15:00:00+05:30
205.9,206.25,205.65,206.0,664.0,1733996100.0,2024-12-12 15:05:00+05:30
206.0,207.0,205.55,207.0,3416.0,1733996400.0,2024-12-12 15:10:00+05:30
206.0,206.95,206.0,206.2,1072.0,1733996700.0,2024-12-12 15:15:00+05:30
206.2,206.85,206.0,206.05,924.0,1733997000.0,2024-12-12 15:20:00+05:30
206.05,209.5,205.0,206.0,13520.0,1733997300.0,2024-12-12 15:25:00+05:30
208.7,208.7,206.4,207.2,1156.0,1734061500.0,2024-12-13 09:15:00+05:30
206.8,207.1,205.85,205.9,7852.0,1734061800.0,2024-12-13 09:20:00+05:30
206.0,206.25,205.55,205.9,2328.0,1734062100.0,2024-12-13 09:25:00+05:30
206.0,206.6,205.7,206.2,2296.0,1734062400.0,2024-12-13 09:30:00+05:30
206.2,206.5,205.7,205.7,528.0,1734062700.0,2024-12-13 09:35:00+05:30
205.7,206.2,205.5,206.0,1440.0,1734063000.0,2024-12-13 09:40:00+05:30
206.0,206.25,205.05,205.7,1328.0,1734063300.0,2024-12-13 09:45:00+05:30
205.3,205.7,205.0,205.35,1884.0,1734063600.0,2024-12-13 09:50:00+05:30
204.9,205.4,204.5,205.0,1032.0,1734063900.0,2024-12-13 09:55:00+05:30
205.0,205.35,204.55,205.25,1572.0,1734064200.0,2024-12-13 10:00:00+05:30
205.25,205.4,204.25,204.25,4476.0,1734064500.0,2024-12-13 10:05:00+05:30
204.0,204.4,203.9,204.4,1960.0,1734064800.0,2024-12-13 10:10:00+05:30
204.4,204.6,203.9,204.6,1268.0,1734065100.0,2024-12-13 10:15:00+05:30
204.7,204.7,204.15,204.3,840.0,1734065400.0,2024-12-13 10:20:00+05:30
204.3,204.45,203.8,204.1,3428.0,1734065700.0,2024-12-13 10:25:00+05:30
204.15,204.15,202.7,203.15,3924.0,1734066000.0,2024-12-13 10:30:00+05:30
202.6,203.9,202.6,203.55,2576.0,1734066300.0,2024-12-13 10:35:00+05:30
203.55,204.35,203.2,204.35,2240.0,1734066600.0,2024-12-13 10:40:00+05:30
204.35,204.5,203.7,204.5,856.0,1734066900.0,2024-12-13 10:45:00+05:30
204.5,205.0,203.9,204.55,2260.0,1734067200.0,2024-12-13 10:50:00+05:30
204.55,204.85,204.55,204.85,952.0,1734067500.0,2024-12-13 10:55:00+05:30
204.95,205.0,204.65,204.65,832.0,1734067800.0,2024-12-13 11:00:00+05:30
204.9,204.9,204.55,204.9,940.0,1734068100.0,2024-12-13 11:05:00+05:30
204.4,205.2,204.25,205.05,2868.0,1734068400.0,2024-12-13 11:10:00+05:30
204.5,206.0,204.5,205.05,3388.0,1734068700.0,2024-12-13 11:15:00+05:30
205.1,205.6,204.95,205.1,768.0,1734069000.0,2024-12-13 11:20:00+05:30
205.4,205.85,204.85,205.1,1148.0,1734069300.0,2024-12-13 11:25:00+05:30
205.1,205.85,204.7,205.85,808.0,1734069600.0,2024-12-13 11:30:00+05:30
205.8,205.9,205.0,205.0,640.0,1734069900.0,2024-12-13 11:35:00+05:30
205.2,205.7,205.0,205.7,228.0,1734070200.0,2024-12-13 11:40:00+05:30
205.7,205.8,205.7,205.8,96.0,1734070500.0,2024-12-13 11:45:00+05:30
205.8,205.8,205.75,205.8,316.0,1734070800.0,2024-12-13 11:50:00+05:30
205.8,205.9,205.05,205.85,2656.0,1734071100.0,2024-12-13 11:55:00+05:30
205.9,205.95,205.15,205.7,2868.0,1734071400.0,2024-12-13 12:00:00+05:30
205.6,205.7,205.3,205.7,6132.0,1734071700.0,2024-12-13 12:05:00+05:30
205.7,205.95,205.7,205.95,540.0,1734072000.0,2024-12-13 12:10:00+05:30
205.95,206.0,205.6,205.9,1288.0,1734072300.0,2024-12-13 12:15:00+05:30
205.55,205.75,205.4,205.55,448.0,1734072600.0,2024-12-13 12:20:00+05:30
205.8,205.8,204.1,204.75,4408.0,1734072900.0,2024-12-13 12:25:00+05:30
204.25,205.5,204.0,205.4,1012.0,1734073200.0,2024-12-13 12:30:00+05:30
205.4,205.5,205.0,205.0,280.0,1734073500.0,2024-12-13 12:35:00+05:30
204.9,205.2,204.85,205.2,568.0,1734073800.0,2024-12-13 12:40:00+05:30
205.1,205.7,205.1,205.6,480.0,1734074100.0,2024-12-13 12:45:00+05:30
205.5,205.85,205.2,205.4,4024.0,1734074400.0,2024-12-13 12:50:00+05:30
205.4,205.7,205.25,205.7,480.0,1734074700.0,2024-12-13 12:55:00+05:30
205.7,205.95,205.5,205.5,520.0,1734075000.0,2024-12-13 13:00:00+05:30
205.25,205.7,204.95,205.7,832.0,1734075300.0,2024-12-13 13:05:00+05:30
205.7,205.7,204.9,205.25,704.0,1734075600.0,2024-12-13 13:10:00+05:30
205.0,205.4,205.0,205.35,652.0,1734075900.0,2024-12-13 13:15:00+05:30
205.35,205.35,205.05,205.3,380.0,1734076200.0,2024-12-13 13:20:00+05:30
205.25,205.55,205.1,205.55,132.0,1734076500.0,2024-12-13 13:25:00+05:30
205.65,205.7,204.9,205.55,756.0,1734076800.0,2024-12-13 13:30:00+05:30
205.55,205.55,205.1,205.15,144.0,1734077100.0,2024-12-13 13:35:00+05:30
205.0,205.55,205.0,205.55,680.0,1734077400.0,2024-12-13 13:40:00+05:30
205.55,205.55,205.1,205.1,360.0,1734077700.0,2024-12-13 13:45:00+05:30
205.1,205.3,205.1,205.3,40.0,1734078000.0,2024-12-13 13:50:00+05:30
205.3,205.3,204.5,205.0,1596.0,1734078300.0,2024-12-13 13:55:00+05:30
205.1,205.6,205.05,205.25,1884.0,1734078600.0,2024-12-13 14:00:00+05:30
205.35,205.5,205.0,205.5,548.0,1734078900.0,2024-12-13 14:05:00+05:30
205.5,205.9,205.5,205.9,384.0,1734079200.0,2024-12-13 14:10:00+05:30
205.9,205.9,205.5,205.5,340.0,1734079500.0,2024-12-13 14:15:00+05:30
205.75,205.75,205.4,205.6,344.0,1734079800.0,2024-12-13 14:20:00+05:30
205.7,205.7,205.15,205.15,576.0,1734080100.0,2024-12-13 14:25:00+05:30
205.3,205.7,205.3,205.7,180.0,1734080400.0,2024-12-13 14:30:00+05:30
205.5,205.7,205.4,205.4,272.0,1734080700.0,2024-12-13 14:35:00+05:30
205.4,205.6,205.35,205.35,548.0,1734081000.0,2024-12-13 14:40:00+05:30
205.35,205.6,205.35,205.6,52.0,1734081300.0,2024-12-13 14:45:00+05:30
205.4,205.8,205.35,205.8,1108.0,1734081600.0,2024-12-13 14:50:00+05:30
205.55,205.8,205.4,205.75,140.0,1734081900.0,2024-12-13 14:55:00+05:30
205.8,205.8,205.5,205.7,908.0,1734082200.0,2024-12-13 15:00:00+05:30
205.8,206.0,205.6,206.0,1900.0,1734082500.0,2024-12-13 15:05:00+05:30
206.0,206.0,205.5,206.0,4876.0,1734082800.0,2024-12-13 15:10:00+05:30
206.0,206.0,205.4,205.95,1472.0,1734083100.0,2024-12-13 15:15:00+05:30
206.0,206.0,205.3,205.5,2536.0,1734083400.0,2024-12-13 15:20:00+05:30
205.9,206.0,205.15,206.0,4512.0,1734083700.0,2024-12-13 15:25:00+05:30
208.8,217.5,208.75,217.05,62416.0,1734320700.0,2024-12-16 09:15:00+05:30
217.5,219.1,214.9,218.75,80604.0,1734321000.0,2024-12-16 09:20:00+05:30
217.05,221.25,217.05,219.3,57388.0,1734321300.0,2024-12-16 09:25:00+05:30
219.55,221.25,217.8,221.2,56404.0,1734321600.0,2024-12-16 09:30:00+05:30
221.0,227.5,220.6,223.15,203116.0,1734321900.0,2024-12-16 09:35:00+05:30
223.1,223.85,221.35,223.6,54052.0,1734322200.0,2024-12-16 09:40:00+05:30
223.0,224.5,221.4,221.75,81140.0,1734322500.0,2024-12-16 09:45:00+05:30
222.25,223.35,221.75,221.95,25852.0,1734322800.0,2024-12-16 09:50:00+05:30
221.8,222.05,218.25,218.5,66352.0,1734323100.0,2024-12-16 09:55:00+05:30
218.5,219.8,218.3,219.25,20904.0,1734323400.0,2024-12-16 10:00:00+05:30
219.25,220.0,218.0,219.3,29668.0,1734323700.0,2024-12-16 10:05:00+05:30
219.25,219.25,216.6,217.05,41948.0,1734324000.0,2024-12-16 10:10:00+05:30
217.5,217.5,215.5,216.0,36432.0,1734324300.0,2024-12-16 10:15:00+05:30
216.0,216.05,215.15,215.15,20536.0,1734324600.0,2024-12-16 10:20:00+05:30
215.15,216.0,215.0,215.25,19192.0,1734324900.0,2024-12-16 10:25:00+05:30
215.9,216.0,213.55,213.8,60796.0,1734325200.0,2024-12-16 10:30:00+05:30
214.25,214.7,213.2,213.65,22896.0,1734325500.0,2024-12-16 10:35:00+05:30
213.75,214.45,213.55,214.0,13808.0,1734325800.0,2024-12-16 10:40:00+05:30
213.9,214.4,213.0,213.5,27488.0,1734326100.0,2024-12-16 10:45:00+05:30
213.25,214.4,213.25,214.1,14624.0,1734326400.0,2024-12-16 10:50:00+05:30
213.9,214.1,213.45,213.45,4108.0,1734326700.0,2024-12-16 10:55:00+05:30
213.05,213.7,213.05,213.7,3368.0,1734327000.0,2024-12-16 11:00:00+05:30
213.5,214.45,213.5,213.75,7732.0,1734327300.0,2024-12-16 11:05:00+05:30
213.75,214.2,213.3,214.15,18440.0,1734327600.0,2024-12-16 11:10:00+05:30
214.15,214.25,213.25,213.7,22492.0,1734327900.0,2024-12-16 11:15:00+05:30
213.7,215.0,213.6,214.65,19372.0,1734328200.0,2024-12-16 11:20:00+05:30
214.75,214.8,213.9,214.6,5760.0,1734328500.0,2024-12-16 11:25:00+05:30
214.65,214.9,213.75,214.25,15756.0,1734328800.0,2024-12-16 11:30:00+05:30
214.0,214.7,214.0,214.0,1700.0,1734329100.0,2024-12-16 11:35:00+05:30
214.0,214.5,213.75,213.8,15380.0,1734329400.0,2024-12-16 11:40:00+05:30
213.75,214.05,213.25,213.25,5364.0,1734329700.0,2024-12-16 11:45:00+05:30
213.3,214.2,213.3,213.75,6484.0,1734330000.0,2024-12-16 11:50:00+05:30
213.75,214.2,213.5,214.2,3504.0,1734330300.0,2024-12-16 11:55:00+05:30
214.2,215.0,214.2,214.5,13748.0,1734330600.0,2024-12-16 12:00:00+05:30
214.4,215.0,214.4,214.8,5264.0,1734330900.0,2024-12-16 12:05:00+05:30
214.4,214.9,214.25,214.3,2796.0,1734331200.0,2024-12-16 12:10:00+05:30
214.25,214.75,214.25,214.4,4388.0,1734331500.0,2024-12-16 12:15:00+05:30
214.4,215.0,214.25,215.0,2392.0,1734331800.0,2024-12-16 12:20:00+05:30
215.0,215.0,214.5,214.65,4948.0,1734332100.0,2024-12-16 12:25:00+05:30
214.65,214.9,214.5,214.9,3328.0,1734332400.0,2024-12-16 12:30:00+05:30
214.95,215.0,214.6,214.6,4752.0,1734332700.0,2024-12-16 12:35:00+05:30
214.9,215.0,214.6,215.0,716.0,1734333000.0,2024-12-16 12:40:00+05:30
215.0,215.0,214.6,214.65,860.0,1734333300.0,2024-12-16 12:45:00+05:30
215.0,215.0,214.7,214.7,7380.0,1734333600.0,2024-12-16 12:50:00+05:30
214.55,214.6,214.2,214.2,5444.0,1734333900.0,2024-12-16 12:55:00+05:30
214.2,214.5,214.2,214.45,1448.0,1734334200.0,2024-12-16 13:00:00+05:30
214.4,214.5,214.4,214.5,424.0,1734334500.0,2024-12-16 13:05:00+05:30
214.4,215.0,214.4,214.8,4416.0,1734334800.0,2024-12-16 13:10:00+05:30
214.8,215.0,214.8,214.95,2080.0,1734335100.0,2024-12-16 13:15:00+05:30
214.95,215.0,214.55,214.55,1688.0,1734335400.0,2024-12-16 13:20:00+05:30
214.5,214.9,214.5,214.75,920.0,1734335700.0,2024-12-16 13:25:00+05:30
214.5,215.0,214.45,214.45,2140.0,1734336000.0,2024-12-16 13:30:00+05:30
214.45,214.8,214.45,214.75,884.0,1734336300.0,2024-12-16 13:35:00+05:30
214.75,214.9,214.55,214.9,592.0,1734336600.0,2024-12-16 13:40:00+05:30
214.9,214.9,214.4,214.7,2064.0,1734336900.0,2024-12-16 13:45:00+05:30
214.75,214.75,214.4,214.4,1364.0,1734337200.0,2024-12-16 13:50:00+05:30
214.6,214.7,214.3,214.55,1232.0,1734337500.0,2024-12-16 13:55:00+05:30
214.55,214.7,214.3,214.4,404.0,1734337800.0,2024-12-16 14:00:00+05:30
214.4,214.7,214.35,214.65,1084.0,1734338100.0,2024-12-16 14:05:00+05:30
214.7,215.0,214.25,214.25,11092.0,1734338400.0,2024-12-16 14:10:00+05:30
214.25,214.85,214.25,214.5,4540.0,1734338700.0,2024-12-16 14:15:00+05:30
214.5,214.85,214.5,214.75,1264.0,1734339000.0,2024-12-16 14:20:00+05:30
214.55,214.75,213.6,213.9,7760.0,1734339300.0,2024-12-16 14:25:00+05:30
213.5,214.5,213.25,214.5,9644.0,1734339600.0,2024-12-16 14:30:00+05:30
214.65,214.9,214.3,214.4,4568.0,1734339900.0,2024-12-16 14:35:00+05:30
214.8,214.8,214.0,214.3,17472.0,1734340200.0,2024-12-16 14:40:00+05:30
214.4,215.0,214.3,215.0,9928.0,1734340500.0,2024-12-16 14:45:00+05:30
214.5,214.75,214.3,214.5,2024.0,1734340800.0,2024-12-16 14:50:00+05:30
214.75,214.85,214.35,214.4,4252.0,1734341100.0,2024-12-16 14:55:00+05:30
214.7,215.0,214.3,214.3,9528.0,1734341400.0,2024-12-16 15:00:00+05:30
214.65,215.0,214.3,215.0,15864.0,1734341700.0,2024-12-16 15:05:00+05:30
215.0,215.0,213.75,213.8,19212.0,1734342000.0,2024-12-16 15:10:00+05:30
213.8,214.1,212.0,212.7,46536.0,1734342300.0,2024-12-16 15:15:00+05:30
212.8,213.15,211.15,211.8,39696.0,1734342600.0,2024-12-16 15:20:00+05:30
212.25,212.5,210.75,211.4,24172.0,1734342900.0,2024-12-16 15:25:00+05:30
212.5,212.5,210.4,212.2,10116.0,1734407100.0,2024-12-17 09:15:00+05:30
212.2,213.5,211.5,212.15,16084.0,1734407400.0,2024-12-17 09:20:00+05:30
212.0,212.75,211.7,212.05,8072.0,1734407700.0,2024-12-17 09:25:00+05:30
211.8,212.8,211.75,212.75,2892.0,1734408000.0,2024-12-17 09:30:00+05:30
212.6,212.7,211.9,212.4,2764.0,1734408300.0,2024-12-17 09:35:00+05:30
212.45,213.0,212.05,212.8,2888.0,1734408600.0,2024-12-17 09:40:00+05:30
212.95,214.6,212.95,213.9,9524.0,1734408900.0,2024-12-17 09:45:00+05:30
214.5,215.0,212.65,213.35,7636.0,1734409200.0,2024-12-17 09:50:00+05:30
212.65,212.95,211.25,211.25,10032.0,1734409500.0,2024-12-17 09:55:00+05:30
211.2,212.55,210.3,212.55,9316.0,1734409800.0,2024-12-17 10:00:00+05:30
212.55,212.95,212.55,212.75,6700.0,1734410100.0,2024-12-17 10:05:00+05:30
212.75,212.75,211.5,211.7,1004.0,1734410400.0,2024-12-17 10:10:00+05:30
211.5,211.7,211.4,211.5,312.0,1734410700.0,2024-12-17 10:15:00+05:30
211.5,212.95,210.65,210.65,3292.0,1734411000.0,2024-12-17 10:20:00+05:30
210.9,211.6,210.75,211.15,3744.0,1734411300.0,2024-12-17 10:25:00+05:30
211.5,211.5,211.0,211.3,548.0,1734411600.0,2024-12-17 10:30:00+05:30
211.2,211.75,211.15,211.75,1040.0,1734411900.0,2024-12-17 10:35:00+05:30
209.4,209.5,206.9,208.75,60752.0,1734412200.0,2024-12-17 10:40:00+05:30
209.5,209.5,208.4,209.35,5864.0,1734412500.0,2024-12-17 10:45:00+05:30
209.4,209.4,208.95,209.0,4408.0,1734412800.0,2024-12-17 10:50:00+05:30
209.0,210.15,209.0,209.9,19736.0,1734413100.0,2024-12-17 10:55:00+05:30
209.9,209.9,209.25,209.25,2324.0,1734413400.0,2024-12-17 11:00:00+05:30
209.6,209.9,209.4,209.85,1844.0,1734413700.0,2024-12-17 11:05:00+05:30
209.35,209.6,209.15,209.6,1460.0,1734414000.0,2024-12-17 11:10:00+05:30
209.65,210.5,209.65,210.05,4812.0,1734414300.0,2024-12-17 11:15:00+05:30
210.05,210.4,208.55,209.55,9424.0,1734414600.0,2024-12-17 11:20:00+05:30
209.5,209.55,209.45,209.55,2356.0,1734414900.0,2024-12-17 11:25:00+05:30
209.25,210.1,209.25,210.1,1116.0,1734415200.0,2024-12-17 11:30:00+05:30
210.1,210.1,209.3,209.3,164.0,1734415500.0,2024-12-17 11:35:00+05:30
209.3,209.9,209.3,209.5,2188.0,1734415800.0,2024-12-17 11:40:00+05:30
209.6,209.9,209.45,209.45,892.0,1734416100.0,2024-12-17 11:45:00+05:30
209.4,209.7,209.3,209.6,1400.0,1734416400.0,2024-12-17 11:50:00+05:30
209.6,209.9,209.5,209.9,1964.0,1734416700.0,2024-12-17 11:55:00+05:30
209.9,209.95,209.5,209.5,3132.0,1734417000.0,2024-12-17 12:00:00+05:30
209.6,210.0,209.55,209.8,704.0,1734417300.0,2024-12-17 12:05:00+05:30
209.8,210.0,209.55,209.95,664.0,1734417600.0,2024-12-17 12:10:00+05:30
209.95,209.95,209.75,209.75,164.0,1734417900.0,2024-12-17 12:15:00+05:30
209.95,210.0,209.55,210.0,220.0,1734418200.0,2024-12-17 12:20:00+05:30
209.7,210.1,209.7,210.1,264.0,1734418500.0,2024-12-17 12:25:00+05:30
210.1,211.2,209.95,210.8,3520.0,1734418800.0,2024-12-17 12:30:00+05:30
210.9,210.9,210.25,210.9,1540.0,1734419100.0,2024-12-17 12:35:00+05:30
210.9,210.9,210.8,210.8,64.0,1734419400.0,2024-12-17 12:40:00+05:30
210.5,210.5,210.5,210.5,220.0,1734419700.0,2024-12-17 12:45:00+05:30
210.25,210.5,210.05,210.5,2316.0,1734420000.0,2024-12-17 12:50:00+05:30
210.5,210.5,209.65,209.65,708.0,1734420300.0,2024-12-17 12:55:00+05:30
209.95,210.0,209.5,209.6,2624.0,1734420600.0,2024-12-17 13:00:00+05:30
210.0,210.35,209.55,209.95,800.0,1734420900.0,2024-12-17 13:05:00+05:30
209.95,210.3,209.8,209.8,2912.0,1734421200.0,2024-12-17 13:10:00+05:30
209.8,210.35,209.55,209.6,772.0,1734421500.0,2024-12-17 13:15:00+05:30
209.6,209.6,209.25,209.5,1616.0,1734421800.0,2024-12-17 13:20:00+05:30
209.3,209.5,209.0,209.0,404.0,1734422100.0,2024-12-17 13:25:00+05:30
209.0,209.65,208.95,209.65,1336.0,1734422400.0,2024-12-17 13:30:00+05:30
209.5,209.65,209.3,209.3,1016.0,1734422700.0,2024-12-17 13:35:00+05:30
209.25,209.5,209.0,209.45,1368.0,1734423000.0,2024-12-17 13:40:00+05:30
209.5,209.55,209.5,209.5,188.0,1734423300.0,2024-12-17 13:45:00+05:30
209.5,209.55,209.0,209.55,1192.0,1734423600.0,2024-12-17 13:50:00+05:30
209.6,209.6,209.05,209.25,396.0,1734423900.0,2024-12-17 13:55:00+05:30
209.25,209.25,209.0,209.2,1000.0,1734424200.0,2024-12-17 14:00:00+05:30
209.25,209.25,208.95,209.25,220.0,1734424500.0,2024-12-17 14:05:00+05:30
208.8,209.05,208.8,209.0,1040.0,1734424800.0,2024-12-17 14:10:00+05:30
208.8,209.2,208.5,209.1,1972.0,1734425100.0,2024-12-17 14:15:00+05:30
208.55,209.2,208.55,209.15,408.0,1734425400.0,2024-12-17 14:20:00+05:30
209.15,209.2,208.75,209.05,3236.0,1734425700.0,2024-12-17 14:25:00+05:30
209.2,209.75,209.05,209.75,852.0,1734426000.0,2024-12-17 14:30:00+05:30
210.5,210.5,209.2,209.6,2752.0,1734426300.0,2024-12-17 14:35:00+05:30
209.6,209.7,208.8,209.5,3032.0,1734426600.0,2024-12-17 14:40:00+05:30
209.5,209.7,209.3,209.7,268.0,1734426900.0,2024-12-17 14:45:00+05:30
209.7,210.0,209.35,209.35,1488.0,1734427200.0,2024-12-17 14:50:00+05:30
209.45,209.8,209.35,209.8,828.0,1734427500.0,2024-12-17 14:55:00+05:30
209.5,209.75,209.5,209.55,2576.0,1734427800.0,2024-12-17 15:00:00+05:30
209.6,211.6,209.6,211.3,6516.0,1734428100.0,2024-12-17 15:05:00+05:30
211.45,212.25,211.25,211.25,6836.0,1734428400.0,2024-12-17 15:10:00+05:30
211.1,212.3,209.35,211.0,22288.0,1734428700.0,2024-12-17 15:15:00+05:30
211.0,213.0,210.5,211.8,25796.0,1734429000.0,2024-12-17 15:20:00+05:30
211.75,213.75,211.4,213.75,15004.0,1734429300.0,2024-12-17 15:25:00+05:30
213.7,217.5,211.25,215.95,61636.0,1734493500.0,2024-12-18 09:15:00+05:30
215.55,215.95,213.05,213.8,23316.0,1734493800.0,2024-12-18 09:20:00+05:30
213.7,213.75,211.65,211.95,15168.0,1734494100.0,2024-12-18 09:25:00+05:30
212.35,213.25,212.15,212.6,6972.0,1734494400.0,2024-12-18 09:30:00+05:30
213.15,214.25,213.15,214.25,6756.0,1734494700.0,2024-12-18 09:35:00+05:30
213.95,214.8,213.55,214.3,5356.0,1734495000.0,2024-12-18 09:40:00+05:30
213.9,214.0,213.0,214.0,1520.0,1734495300.0,2024-12-18 09:45:00+05:30
213.8,214.0,213.5,213.8,2216.0,1734495600.0,2024-12-18 09:50:00+05:30
213.9,213.9,212.5,212.9,5592.0,1734495900.0,2024-12-18 09:55:00+05:30
212.9,212.95,212.5,212.95,3376.0,1734496200.0,2024-12-18 10:00:00+05:30
212.7,212.95,212.2,212.2,8936.0,1734496500.0,2024-12-18 10:05:00+05:30
212.15,212.15,210.65,211.2,5416.0,1734496800.0,2024-12-18 10:10:00+05:30
211.35,212.15,211.05,211.8,2604.0,1734497100.0,2024-12-18 10:15:00+05:30
212.2,212.7,212.05,212.7,4936.0,1734497400.0,2024-12-18 10:20:00+05:30
212.9,213.0,212.25,212.25,548.0,1734497700.0,2024-12-18 10:25:00+05:30
212.5,213.25,212.5,213.2,1848.0,1734498000.0,2024-12-18 10:30:00+05:30
213.2,213.4,212.65,212.7,1184.0,1734498300.0,2024-12-18 10:35:00+05:30
212.7,213.55,212.7,213.55,2620.0,1734498600.0,2024-12-18 10:40:00+05:30
213.75,213.75,212.0,212.0,2304.0,1734498900.0,2024-12-18 10:45:00+05:30
212.4,212.6,212.3,212.35,2328.0,1734499200.0,2024-12-18 10:50:00+05:30
212.35,212.8,212.35,212.5,1176.0,1734499500.0,2024-12-18 10:55:00+05:30
212.5,212.7,212.35,212.7,1336.0,1734499800.0,2024-12-18 11:00:00+05:30
212.4,213.55,212.35,213.15,2828.0,1734500100.0,2024-12-18 11:05:00+05:30
212.7,213.2,212.7,213.2,448.0,1734500400.0,2024-12-18 11:10:00+05:30
213.2,213.2,212.9,212.9,44.0,1734500700.0,2024-12-18 11:15:00+05:30
212.9,213.1,212.9,213.1,52.0,1734501000.0,2024-12-18 11:20:00+05:30
212.9,213.25,212.7,213.25,200.0,1734501300.0,2024-12-18 11:25:00+05:30
213.4,213.4,213.3,213.3,260.0,1734501600.0,2024-12-18 11:30:00+05:30
213.3,214.0,213.3,213.75,192.0,1734501900.0,2024-12-18 11:35:00+05:30
213.4,213.7,213.0,213.3,1160.0,1734502200.0,2024-12-18 11:40:00+05:30
213.3,214.2,213.3,213.8,1172.0,1734502500.0,2024-12-18 11:45:00+05:30
214.0,214.0,213.15,213.15,724.0,1734502800.0,2024-12-18 11:50:00+05:30
213.45,213.5,213.2,213.2,240.0,1734503100.0,2024-12-18 11:55:00+05:30
213.2,213.45,213.2,213.2,436.0,1734503400.0,2024-12-18 12:00:00+05:30
213.2,213.7,213.15,213.25,924.0,1734503700.0,2024-12-18 12:05:00+05:30
213.15,213.4,213.0,213.0,2884.0,1734504000.0,2024-12-18 12:10:00+05:30
213.0,213.7,213.0,213.55,180.0,1734504300.0,2024-12-18 12:15:00+05:30
213.7,214.35,213.5,214.15,2056.0,1734504600.0,2024-12-18 12:20:00+05:30
214.0,214.4,214.0,214.4,1152.0,1734504900.0,2024-12-18 12:25:00+05:30
214.15,214.95,214.0,214.05,2528.0,1734505200.0,2024-12-18 12:30:00+05:30
214.5,214.85,214.5,214.55,4584.0,1734505500.0,2024-12-18 12:35:00+05:30
214.55,214.55,213.4,213.4,976.0,1734505800.0,2024-12-18 12:40:00+05:30
213.8,213.8,213.25,213.65,440.0,1734506100.0,2024-12-18 12:45:00+05:30
213.3,213.4,213.0,213.25,1996.0,1734506400.0,2024-12-18 12:50:00+05:30
213.15,213.55,213.15,213.55,88.0,1734506700.0,2024-12-18 12:55:00+05:30
213.55,214.95,213.55,214.95,3640.0,1734507000.0,2024-12-18 13:00:00+05:30
214.4,214.95,214.4,214.5,1368.0,1734507300.0,2024-12-18 13:05:00+05:30
214.5,214.9,214.1,214.1,2512.0,1734507600.0,2024-12-18 13:10:00+05:30
214.1,214.5,214.1,214.5,108.0,1734507900.0,2024-12-18 13:15:00+05:30
214.2,214.2,214.2,214.2,84.0,1734508200.0,2024-12-18 13:20:00+05:30
214.2,214.8,213.95,214.35,1968.0,1734508500.0,2024-12-18 13:25:00+05:30
214.65,214.65,214.3,214.65,92.0,1734508800.0,2024-12-18 13:30:00+05:30
214.4,214.9,214.4,214.9,1992.0,1734509100.0,2024-12-18 13:35:00+05:30
214.55,214.9,214.45,214.5,3652.0,1734509400.0,2024-12-18 13:40:00+05:30
214.5,214.5,213.9,214.5,696.0,1734509700.0,2024-12-18 13:45:00+05:30
214.25,214.5,214.1,214.5,1372.0,1734510000.0,2024-12-18 13:50:00+05:30
214.5,214.7,214.2,214.7,6936.0,1734510300.0,2024-12-18 13:55:00+05:30
214.9,215.0,214.5,214.8,5496.0,1734510600.0,2024-12-18 14:00:00+05:30
214.5,215.0,214.35,215.0,1772.0,1734510900.0,2024-12-18 14:05:00+05:30
215.0,215.0,214.55,215.0,2564.0,1734511200.0,2024-12-18 14:10:00+05:30
215.0,215.0,214.4,214.9,1052.0,1734511500.0,2024-12-18 14:15:00+05:30
214.9,214.95,214.35,214.8,3340.0,1734511800.0,2024-12-18 14:20:00+05:30
214.8,214.8,214.4,214.75,1200.0,1734512100.0,2024-12-18 14:25:00+05:30
214.35,214.7,214.35,214.7,156.0,1734512400.0,2024-12-18 14:30:00+05:30
214.3,214.55,214.2,214.2,700.0,1734512700.0,2024-12-18 14:35:00+05:30
214.5,214.5,214.0,214.0,784.0,1734513000.0,2024-12-18 14:40:00+05:30
214.35,214.35,212.45,213.4,26552.0,1734513300.0,2024-12-18 14:45:00+05:30
213.25,213.7,213.25,213.25,1588.0,1734513600.0,2024-12-18 14:50:00+05:30
213.2,213.4,212.95,213.4,384.0,1734513900.0,2024-12-18 14:55:00+05:30
213.55,213.7,213.5,213.7,308.0,1734514200.0,2024-12-18 15:00:00+05:30
213.7,214.05,213.5,213.6,1460.0,1734514500.0,2024-12-18 15:05:00+05:30
214.2,214.75,213.65,214.2,5320.0,1734514800.0,2024-12-18 15:10:00+05:30
214.25,214.75,214.1,214.4,5444.0,1734515100.0,2024-12-18 15:15:00+05:30
214.4,214.4,213.05,213.05,23352.0,1734515400.0,2024-12-18 15:20:00+05:30
213.1,214.5,213.0,214.1,6968.0,1734515700.0,2024-12-18 15:25:00+05:30
208.65,213.1,208.65,212.0,10152.0,1734579900.0,2024-12-19 09:15:00+05:30
212.15,213.6,211.2,213.1,30896.0,1734580200.0,2024-12-19 09:20:00+05:30
213.45,214.25,212.5,212.55,8280.0,1734580500.0,2024-12-19 09:25:00+05:30
212.5,213.7,211.9,213.7,2576.0,1734580800.0,2024-12-19 09:30:00+05:30
213.25,214.35,213.25,214.15,13124.0,1734581100.0,2024-12-19 09:35:00+05:30
214.25,214.35,213.7,214.15,1016.0,1734581400.0,2024-12-19 09:40:00+05:30
213.9,214.35,213.9,214.35,3680.0,1734581700.0,2024-12-19 09:45:00+05:30
214.25,215.45,213.75,215.2,10372.0,1734582000.0,2024-12-19 09:50:00+05:30
215.3,215.8,215.0,215.4,9820.0,1734582300.0,2024-12-19 09:55:00+05:30
215.5,216.25,215.35,215.35,25168.0,1734582600.0,2024-12-19 10:00:00+05:30
214.85,215.0,214.2,214.2,7032.0,1734582900.0,2024-12-19 10:05:00+05:30
214.0,214.45,213.8,214.3,4648.0,1734583200.0,2024-12-19 10:10:00+05:30
214.3,214.9,213.9,214.25,5772.0,1734583500.0,2024-12-19 10:15:00+05:30
214.7,215.9,214.25,215.3,4528.0,1734583800.0,2024-12-19 10:20:00+05:30
215.15,215.85,215.15,215.8,884.0,1734584100.0,2024-12-19 10:25:00+05:30
215.8,216.25,215.7,216.1,5408.0,1734584400.0,2024-12-19 10:30:00+05:30
215.8,216.05,215.4,215.6,1364.0,1734584700.0,2024-12-19 10:35:00+05:30
215.6,216.2,215.6,216.1,4548.0,1734585000.0,2024-12-19 10:40:00+05:30
216.1,216.25,215.75,216.25,10068.0,1734585300.0,2024-12-19 10:45:00+05:30
215.8,216.25,215.65,216.2,13348.0,1734585600.0,2024-12-19 10:50:00+05:30
216.2,216.25,215.95,216.0,1504.0,1734585900.0,2024-12-19 10:55:00+05:30
215.9,216.2,215.7,216.15,2804.0,1734586200.0,2024-12-19 11:00:00+05:30
216.2,216.25,215.8,216.25,2864.0,1734586500.0,2024-12-19 11:05:00+05:30
216.2,216.25,216.1,216.25,664.0,1734586800.0,2024-12-19 11:10:00+05:30
216.25,216.25,216.0,216.25,4636.0,1734587100.0,2024-12-19 11:15:00+05:30
216.25,216.25,215.75,216.1,2504.0,1734587400.0,2024-12-19 11:20:00+05:30
216.1,216.1,215.85,216.1,1280.0,1734587700.0,2024-12-19 11:25:00+05:30
216.1,216.1,216.1,216.1,564.0,1734588000.0,2024-12-19 11:30:00+05:30
216.0,216.25,216.0,216.25,904.0,1734588300.0,2024-12-19 11:35:00+05:30
216.25,216.25,216.0,216.05,1936.0,1734588600.0,2024-12-19 11:40:00+05:30
216.05,216.25,216.05,216.25,2532.0,1734588900.0,2024-12-19 11:45:00+05:30
216.25,216.25,216.05,216.05,616.0,1734589200.0,2024-12-19 11:50:00+05:30
216.25,216.25,216.25,216.25,536.0,1734589500.0,2024-12-19 11:55:00+05:30
216.25,216.25,216.0,216.0,1488.0,1734589800.0,2024-12-19 12:00:00+05:30
216.0,216.25,216.0,216.25,596.0,1734590100.0,2024-12-19 12:05:00+05:30
216.0,216.25,216.0,216.0,1944.0,1734590400.0,2024-12-19 12:10:00+05:30
216.0,216.25,216.0,216.0,840.0,1734590700.0,2024-12-19 12:15:00+05:30
216.0,216.25,216.0,216.25,1876.0,1734591000.0,2024-12-19 12:20:00+05:30
216.25,216.25,216.05,216.25,616.0,1734591300.0,2024-12-19 12:25:00+05:30
216.25,216.25,216.1,216.2,296.0,1734591600.0,2024-12-19 12:30:00+05:30
216.05,216.25,216.05,216.25,532.0,1734591900.0,2024-12-19 12:35:00+05:30
216.25,216.25,216.1,216.2,556.0,1734592200.0,2024-12-19 12:40:00+05:30
216.2,216.2,216.0,216.0,556.0,1734592500.0,2024-12-19 12:45:00+05:30
216.0,216.25,215.9,216.25,2356.0,1734592800.0,2024-12-19 12:50:00+05:30
216.25,216.25,215.95,216.0,1480.0,1734593100.0,2024-12-19 12:55:00+05:30
216.0,216.25,216.0,216.25,356.0,1734593400.0,2024-12-19 13:00:00+05:30
216.25,216.25,216.2,216.2,188.0,1734593700.0,2024-12-19 13:05:00+05:30
216.2,216.25,216.0,216.0,5928.0,1734594000.0,2024-12-19 13:10:00+05:30
216.2,216.2,215.95,215.95,980.0,1734594300.0,2024-12-19 13:15:00+05:30
215.95,216.25,215.95,216.25,3120.0,1734594600.0,2024-12-19 13:20:00+05:30
216.25,216.25,216.0,216.25,416.0,1734594900.0,2024-12-19 13:25:00+05:30
216.25,216.25,216.2,216.25,260.0,1734595200.0,2024-12-19 13:30:00+05:30
216.2,216.2,216.2,216.2,244.0,1734595500.0,2024-12-19 13:35:00+05:30
216.1,216.25,215.95,215.95,42548.0,1734595800.0,2024-12-19 13:40:00+05:30
215.95,216.1,215.95,216.05,300.0,1734596100.0,2024-12-19 13:45:00+05:30
216.1,216.2,216.0,216.0,232.0,1734596400.0,2024-12-19 13:50:00+05:30
216.0,216.2,216.0,216.2,560.0,1734596700.0,2024-12-19 13:55:00+05:30
216.2,216.2,216.0,216.2,256.0,1734597000.0,2024-12-19 14:00:00+05:30
216.2,216.2,216.0,216.0,212.0,1734597300.0,2024-12-19 14:05:00+05:30
215.95,216.0,215.75,215.75,2920.0,1734597600.0,2024-12-19 14:10:00+05:30
215.75,215.75,215.5,215.75,312.0,1734597900.0,2024-12-19 14:15:00+05:30
215.75,215.9,215.75,215.9,304.0,1734598200.0,2024-12-19 14:20:00+05:30
215.9,215.9,215.9,215.9,84.0,1734598500.0,2024-12-19 14:25:00+05:30
215.65,216.25,215.65,216.0,10328.0,1734598800.0,2024-12-19 14:30:00+05:30
216.0,216.0,215.9,215.9,400.0,1734599100.0,2024-12-19 14:35:00+05:30
215.85,215.85,215.85,215.85,40.0,1734599400.0,2024-12-19 14:40:00+05:30
216.0,216.0,215.6,216.0,3104.0,1734599700.0,2024-12-19 14:45:00+05:30
216.0,216.0,215.7,215.7,1600.0,1734600000.0,2024-12-19 14:50:00+05:30
215.7,215.95,215.5,215.95,1512.0,1734600300.0,2024-12-19 14:55:00+05:30
215.9,216.0,215.65,216.0,600.0,1734600600.0,2024-12-19 15:00:00+05:30
215.6,216.25,215.5,216.25,8240.0,1734600900.0,2024-12-19 15:05:00+05:30
216.25,216.25,215.8,216.0,2584.0,1734601200.0,2024-12-19 15:10:00+05:30
216.2,216.2,216.0,216.2,3152.0,1734601500.0,2024-12-19 15:15:00+05:30
216.2,216.25,216.05,216.25,7464.0,1734601800.0,2024-12-19 15:20:00+05:30
216.25,216.25,216.1,216.25,17820.0,1734602100.0,2024-12-19 15:25:00+05:30
217.5,217.5,216.0,216.1,8796.0,1734666300.0,2024-12-20 09:15:00+05:30
216.1,216.2,215.4,215.5,2604.0,1734666600.0,2024-12-20 09:20:00+05:30
215.5,215.9,214.45,214.8,5940.0,1734666900.0,2024-12-20 09:25:00+05:30
215.2,215.2,214.7,215.15,3332.0,1734667200.0,2024-12-20 09:30:00+05:30
215.2,215.25,214.5,215.25,6820.0,1734667500.0,2024-12-20 09:35:00+05:30
215.7,215.75,215.2,215.2,528.0,1734667800.0,2024-12-20 09:40:00+05:30
215.55,215.55,214.2,214.2,6172.0,1734668100.0,2024-12-20 09:45:00+05:30
214.2,215.2,214.05,215.0,1756.0,1734668400.0,2024-12-20 09:50:00+05:30
215.6,215.65,215.55,215.6,720.0,1734668700.0,2024-12-20 09:55:00+05:30
215.6,215.6,215.0,215.0,2660.0,1734669000.0,2024-12-20 10:00:00+05:30
215.0,215.15,214.5,214.9,5532.0,1734669300.0,2024-12-20 10:05:00+05:30
214.9,215.1,214.6,214.7,196.0,1734669600.0,2024-12-20 10:10:00+05:30
214.7,215.9,214.7,215.45,668.0,1734669900.0,2024-12-20 10:15:00+05:30
215.95,215.95,215.3,215.8,1244.0,1734670200.0,2024-12-20 10:20:00+05:30
215.75,215.85,215.3,215.85,1452.0,1734670500.0,2024-12-20 10:25:00+05:30
215.5,215.9,215.5,215.75,252.0,1734670800.0,2024-12-20 10:30:00+05:30
215.85,216.0,215.75,215.75,1664.0,1734671100.0,2024-12-20 10:35:00+05:30
215.75,216.0,215.45,215.45,856.0,1734671400.0,2024-12-20 10:40:00+05:30
215.45,215.75,215.15,215.5,5876.0,1734671700.0,2024-12-20 10:45:00+05:30
215.5,216.6,215.5,216.6,4868.0,1734672000.0,2024-12-20 10:50:00+05:30
216.7,216.7,216.15,216.2,556.0,1734672300.0,2024-12-20 10:55:00+05:30
216.2,216.75,216.2,216.3,2796.0,1734672600.0,2024-12-20 11:00:00+05:30
216.25,216.6,216.15,216.55,2072.0,1734672900.0,2024-12-20 11:05:00+05:30
216.65,216.75,216.1,216.4,7232.0,1734673200.0,2024-12-20 11:10:00+05:30
216.45,216.5,216.0,216.0,4240.0,1734673500.0,2024-12-20 11:15:00+05:30
216.0,216.35,216.0,216.35,1552.0,1734673800.0,2024-12-20 11:20:00+05:30
216.35,216.4,216.0,216.0,440.0,1734674100.0,2024-12-20 11:25:00+05:30
216.1,217.45,215.9,217.45,28024.0,1734674400.0,2024-12-20 11:30:00+05:30
217.45,218.5,217.0,217.85,9108.0,1734674700.0,2024-12-20 11:35:00+05:30
217.8,217.9,217.8,217.8,6524.0,1734675000.0,2024-12-20 11:40:00+05:30
217.6,218.0,217.5,217.55,1392.0,1734675300.0,2024-12-20 11:45:00+05:30
217.55,218.0,217.55,218.0,39528.0,1734675600.0,2024-12-20 11:50:00+05:30
218.1,218.1,216.8,216.8,4392.0,1734675900.0,2024-12-20 11:55:00+05:30
216.7,217.4,216.65,217.4,848.0,1734676200.0,2024-12-20 12:00:00+05:30
217.4,217.75,217.4,217.5,1584.0,1734676500.0,2024-12-20 12:05:00+05:30
217.4,217.4,216.75,217.25,2964.0,1734676800.0,2024-12-20 12:10:00+05:30
217.0,217.1,216.45,217.05,6344.0,1734677100.0,2024-12-20 12:15:00+05:30
217.0,217.4,216.9,217.35,1796.0,1734677400.0,2024-12-20 12:20:00+05:30
217.35,217.5,216.9,217.5,4200.0,1734677700.0,2024-12-20 12:25:00+05:30
217.15,217.5,216.9,217.5,3336.0,1734678000.0,2024-12-20 12:30:00+05:30
217.5,217.7,217.25,217.6,936.0,1734678300.0,2024-12-20 12:35:00+05:30
217.2,217.5,216.55,216.95,6532.0,1734678600.0,2024-12-20 12:40:00+05:30
216.85,217.0,216.5,216.6,1276.0,1734678900.0,2024-12-20 12:45:00+05:30
216.75,216.75,216.3,216.75,620.0,1734679200.0,2024-12-20 12:50:00+05:30
216.75,216.75,216.3,216.75,2524.0,1734679500.0,2024-12-20 12:55:00+05:30
216.75,216.95,216.35,216.85,800.0,1734679800.0,2024-12-20 13:00:00+05:30
216.4,216.85,216.3,216.4,1844.0,1734680100.0,2024-12-20 13:05:00+05:30
216.25,216.25,215.75,215.75,8696.0,1734680400.0,2024-12-20 13:10:00+05:30
215.5,216.4,215.5,216.15,2512.0,1734680700.0,2024-12-20 13:15:00+05:30
216.15,216.25,215.8,216.25,668.0,1734681000.0,2024-12-20 13:20:00+05:30
216.2,216.25,215.9,216.25,672.0,1734681300.0,2024-12-20 13:25:00+05:30
216.2,216.5,216.15,216.15,624.0,1734681600.0,2024-12-20 13:30:00+05:30
216.15,216.5,215.7,215.7,620.0,1734681900.0,2024-12-20 13:35:00+05:30
215.7,215.7,215.25,215.55,2692.0,1734682200.0,2024-12-20 13:40:00+05:30
215.2,215.55,215.0,215.25,2584.0,1734682500.0,2024-12-20 13:45:00+05:30
215.25,215.45,214.5,214.75,3748.0,1734682800.0,2024-12-20 13:50:00+05:30
214.75,214.75,214.4,214.4,844.0,1734683100.0,2024-12-20 13:55:00+05:30
214.75,214.75,214.0,214.1,1668.0,1734683400.0,2024-12-20 14:00:00+05:30
214.3,214.3,213.8,214.1,788.0,1734683700.0,2024-12-20 14:05:00+05:30
213.9,214.1,213.5,214.0,3764.0,1734684000.0,2024-12-20 14:10:00+05:30
214.0,214.6,214.0,214.5,1260.0,1734684300.0,2024-12-20 14:15:00+05:30
214.5,215.0,214.15,214.5,2328.0,1734684600.0,2024-12-20 14:20:00+05:30
214.9,215.05,214.3,214.3,3196.0,1734684900.0,2024-12-20 14:25:00+05:30
214.8,214.85,213.9,214.55,2612.0,1734685200.0,2024-12-20 14:30:00+05:30
214.55,214.6,213.05,213.5,5816.0,1734685500.0,2024-12-20 14:35:00+05:30
213.5,214.85,213.5,214.05,2448.0,1734685800.0,2024-12-20 14:40:00+05:30
214.25,215.0,214.25,214.4,2424.0,1734686100.0,2024-12-20 14:45:00+05:30
214.4,214.9,214.05,214.5,916.0,1734686400.0,2024-12-20 14:50:00+05:30
214.5,214.5,213.65,213.75,3912.0,1734686700.0,2024-12-20 14:55:00+05:30
214.05,214.6,213.6,214.05,5560.0,1734687000.0,2024-12-20 15:00:00+05:30
214.05,214.5,213.65,213.9,7780.0,1734687300.0,2024-12-20 15:05:00+05:30
214.5,214.5,213.75,213.8,5308.0,1734687600.0,2024-12-20 15:10:00+05:30
214.15,214.45,213.2,213.75,6620.0,1734687900.0,2024-12-20 15:15:00+05:30
213.55,214.4,213.3,214.4,6908.0,1734688200.0,2024-12-20 15:20:00+05:30
214.3,214.4,213.05,213.75,9036.0,1734688500.0,2024-12-20 15:25:00+05:30
226.8,228.6,218.05,218.05,149192.0,1734925500.0,2024-12-23 09:15:00+05:30
218.8,219.75,217.65,218.7,33496.0,1734925800.0,2024-12-23 09:20:00+05:30
218.95,219.15,217.5,218.0,17048.0,1734926100.0,2024-12-23 09:25:00+05:30
217.95,219.7,217.95,218.55,22936.0,1734926400.0,2024-12-23 09:30:00+05:30
218.3,219.0,217.55,217.9,6508.0,1734926700.0,2024-12-23 09:35:00+05:30
218.3,218.4,216.5,217.65,13532.0,1734927000.0,2024-12-23 09:40:00+05:30
217.65,217.85,215.65,216.1,12048.0,1734927300.0,2024-12-23 09:45:00+05:30
216.0,216.9,215.5,216.25,5684.0,1734927600.0,2024-12-23 09:50:00+05:30
216.6,216.7,215.25,215.25,10792.0,1734927900.0,2024-12-23 09:55:00+05:30
215.75,217.25,215.3,216.65,3764.0,1734928200.0,2024-12-23 10:00:00+05:30
216.65,217.4,216.3,217.15,5204.0,1734928500.0,2024-12-23 10:05:00+05:30
217.05,217.3,216.25,216.3,11040.0,1734928800.0,2024-12-23 10:10:00+05:30
216.75,216.9,215.55,216.05,10088.0,1734929100.0,2024-12-23 10:15:00+05:30
216.2,216.25,215.55,216.2,2896.0,1734929400.0,2024-12-23 10:20:00+05:30
216.45,217.0,215.85,217.0,6416.0,1734929700.0,2024-12-23 10:25:00+05:30
216.6,217.1,216.5,216.7,3744.0,1734930000.0,2024-12-23 10:30:00+05:30
217.1,217.1,216.2,216.25,7300.0,1734930300.0,2024-12-23 10:35:00+05:30
216.25,216.9,216.25,216.35,5740.0,1734930600.0,2024-12-23 10:40:00+05:30
216.05,217.1,216.05,216.75,6172.0,1734930900.0,2024-12-23 10:45:00+05:30
216.75,217.25,216.75,216.9,1400.0,1734931200.0,2024-12-23 10:50:00+05:30
217.25,217.4,216.95,217.4,2396.0,1734931500.0,2024-12-23 10:55:00+05:30
217.25,217.45,216.9,217.4,3052.0,1734931800.0,2024-12-23 11:00:00+05:30
217.1,217.45,216.9,217.35,4048.0,1734932100.0,2024-12-23 11:05:00+05:30
217.35,217.4,217.0,217.3,2516.0,1734932400.0,2024-12-23 11:10:00+05:30
217.4,217.4,215.8,216.7,10812.0,1734932700.0,2024-12-23 11:15:00+05:30
217.1,217.5,216.8,216.8,2668.0,1734933000.0,2024-12-23 11:20:00+05:30
217.3,217.3,216.9,216.9,304.0,1734933300.0,2024-12-23 11:25:00+05:30
217.25,217.3,216.65,217.0,1220.0,1734933600.0,2024-12-23 11:30:00+05:30
217.25,217.5,217.0,217.0,3204.0,1734933900.0,2024-12-23 11:35:00+05:30
217.0,217.45,217.0,217.2,696.0,1734934200.0,2024-12-23 11:40:00+05:30
217.2,217.5,217.1,217.45,324.0,1734934500.0,2024-12-23 11:45:00+05:30
217.45,217.45,217.05,217.4,1560.0,1734934800.0,2024-12-23 11:50:00+05:30
217.1,217.5,216.5,216.65,4340.0,1734935100.0,2024-12-23 11:55:00+05:30
216.65,216.95,216.55,216.7,104.0,1734935400.0,2024-12-23 12:00:00+05:30
216.7,217.0,216.5,216.5,788.0,1734935700.0,2024-12-23 12:05:00+05:30
216.5,217.0,216.5,216.7,160.0,1734936000.0,2024-12-23 12:10:00+05:30
216.7,217.0,216.5,216.6,396.0,1734936300.0,2024-12-23 12:15:00+05:30
216.9,217.0,216.45,216.6,1100.0,1734936600.0,2024-12-23 12:20:00+05:30
216.6,216.8,216.5,216.5,364.0,1734936900.0,2024-12-23 12:25:00+05:30
216.8,216.8,216.55,216.6,168.0,1734937200.0,2024-12-23 12:30:00+05:30
216.8,217.0,216.3,216.3,1060.0,1734937500.0,2024-12-23 12:35:00+05:30
216.6,217.0,216.4,216.55,1236.0,1734937800.0,2024-12-23 12:40:00+05:30
217.0,217.0,216.5,216.6,348.0,1734938100.0,2024-12-23 12:45:00+05:30
216.55,217.0,216.5,216.5,1404.0,1734938400.0,2024-12-23 12:50:00+05:30
216.55,217.0,216.55,216.6,464.0,1734938700.0,2024-12-23 12:55:00+05:30
216.6,217.0,216.5,216.7,568.0,1734939000.0,2024-12-23 13:00:00+05:30
217.0,217.25,216.6,217.0,4148.0,1734939300.0,2024-12-23 13:05:00+05:30
217.0,217.2,216.5,216.5,628.0,1734939600.0,2024-12-23 13:10:00+05:30
216.5,217.0,216.35,216.7,1436.0,1734939900.0,2024-12-23 13:15:00+05:30
216.2,216.2,215.75,215.85,4940.0,1734940200.0,2024-12-23 13:20:00+05:30
216.15,216.15,215.8,215.85,236.0,1734940500.0,2024-12-23 13:25:00+05:30
216.15,216.15,215.75,216.05,1380.0,1734940800.0,2024-12-23 13:30:00+05:30
216.15,216.15,215.75,216.0,652.0,1734941100.0,2024-12-23 13:35:00+05:30
215.8,216.15,215.75,215.9,3220.0,1734941400.0,2024-12-23 13:40:00+05:30
215.9,216.15,215.9,216.15,416.0,1734941700.0,2024-12-23 13:45:00+05:30
215.9,216.15,215.9,216.0,200.0,1734942000.0,2024-12-23 13:50:00+05:30
215.95,216.1,215.75,216.0,2980.0,1734942300.0,2024-12-23 13:55:00+05:30
215.75,216.0,215.25,215.35,4648.0,1734942600.0,2024-12-23 14:00:00+05:30
214.5,214.9,214.25,214.6,9272.0,1734942900.0,2024-12-23 14:05:00+05:30
214.9,215.0,214.4,214.85,1356.0,1734943200.0,2024-12-23 14:10:00+05:30
215.0,215.0,214.3,214.55,2468.0,1734943500.0,2024-12-23 14:15:00+05:30
214.75,214.75,213.75,213.75,5596.0,1734943800.0,2024-12-23 14:20:00+05:30
214.0,214.6,213.8,214.25,4372.0,1734944100.0,2024-12-23 14:25:00+05:30
214.6,214.75,214.15,214.4,2924.0,1734944400.0,2024-12-23 14:30:00+05:30
214.75,214.75,214.2,214.25,556.0,1734944700.0,2024-12-23 14:35:00+05:30
214.2,217.75,214.15,216.4,13640.0,1734945000.0,2024-12-23 14:40:00+05:30
216.3,217.0,215.8,217.0,4644.0,1734945300.0,2024-12-23 14:45:00+05:30
217.0,217.0,216.3,216.85,1992.0,1734945600.0,2024-12-23 14:50:00+05:30
216.85,218.05,216.6,217.7,9776.0,1734945900.0,2024-12-23 14:55:00+05:30
218.0,218.0,217.2,217.35,4244.0,1734946200.0,2024-12-23 15:00:00+05:30
217.5,217.5,214.9,216.8,26308.0,1734946500.0,2024-12-23 15:05:00+05:30
216.9,217.05,215.35,215.8,8544.0,1734946800.0,2024-12-23 15:10:00+05:30
215.8,216.25,215.35,215.6,9588.0,1734947100.0,2024-12-23 15:15:00+05:30
216.0,216.05,214.0,214.05,41204.0,1734947400.0,2024-12-23 15:20:00+05:30
214.05,214.05,213.15,213.75,17924.0,1734947700.0,2024-12-23 15:25:00+05:30
215.25,216.7,213.25,213.55,24108.0,1735011900.0,2024-12-24 09:15:00+05:30
213.7,213.7,212.15,213.45,4968.0,1735012200.0,2024-12-24 09:20:00+05:30
213.4,213.75,212.8,213.5,5276.0,1735012500.0,2024-12-24 09:25:00+05:30
213.15,213.5,212.4,212.6,15060.0,1735012800.0,2024-12-24 09:30:00+05:30
212.7,213.15,212.45,213.0,3128.0,1735013100.0,2024-12-24 09:35:00+05:30
212.85,214.2,212.85,213.95,15516.0,1735013400.0,2024-12-24 09:40:00+05:30
214.0,214.95,213.85,214.1,2812.0,1735013700.0,2024-12-24 09:45:00+05:30
214.1,214.15,213.5,214.05,2112.0,1735014000.0,2024-12-24 09:50:00+05:30
214.25,214.25,213.15,214.0,1812.0,1735014300.0,2024-12-24 09:55:00+05:30
214.1,214.1,213.6,213.75,1368.0,1735014600.0,2024-12-24 10:00:00+05:30
213.55,213.8,213.25,213.3,444.0,1735014900.0,2024-12-24 10:05:00+05:30
213.7,213.75,213.1,213.25,2508.0,1735015200.0,2024-12-24 10:10:00+05:30
213.25,213.9,213.25,213.9,1128.0,1735015500.0,2024-12-24 10:15:00+05:30
213.9,213.9,213.55,213.55,2120.0,1735015800.0,2024-12-24 10:20:00+05:30
213.55,213.6,213.25,213.25,652.0,1735016100.0,2024-12-24 10:25:00+05:30
213.25,213.4,213.05,213.35,1984.0,1735016400.0,2024-12-24 10:30:00+05:30
213.05,213.65,213.05,213.6,328.0,1735016700.0,2024-12-24 10:35:00+05:30
213.6,213.7,213.3,213.5,564.0,1735017000.0,2024-12-24 10:40:00+05:30
213.65,213.65,213.35,213.35,688.0,1735017300.0,2024-12-24 10:45:00+05:30
213.35,213.5,213.0,213.5,3068.0,1735017600.0,2024-12-24 10:50:00+05:30
213.5,213.6,213.3,213.3,1700.0,1735017900.0,2024-12-24 10:55:00+05:30
213.55,213.6,213.3,213.5,272.0,1735018200.0,2024-12-24 11:00:00+05:30
213.5,213.5,213.3,213.3,1056.0,1735018500.0,2024-12-24 11:05:00+05:30
213.5,213.9,213.3,213.65,912.0,1735018800.0,2024-12-24 11:10:00+05:30
213.65,214.05,213.45,214.05,808.0,1735019100.0,2024-12-24 11:15:00+05:30
213.75,213.75,213.2,213.5,3284.0,1735019400.0,2024-12-24 11:20:00+05:30
213.5,213.5,213.15,213.15,184.0,1735019700.0,2024-12-24 11:25:00+05:30
213.45,213.5,213.0,213.05,1724.0,1735020000.0,2024-12-24 11:30:00+05:30
213.1,213.15,212.8,213.1,708.0,1735020300.0,2024-12-24 11:35:00+05:30
213.25,213.25,213.1,213.1,436.0,1735020600.0,2024-12-24 11:40:00+05:30
213.1,213.35,212.9,212.9,604.0,1735020900.0,2024-12-24 11:45:00+05:30
212.9,213.25,212.9,213.25,60.0,1735021200.0,2024-12-24 11:50:00+05:30
213.35,213.5,213.0,213.4,1992.0,1735021500.0,2024-12-24 11:55:00+05:30
213.4,213.4,213.1,213.35,172.0,1735021800.0,2024-12-24 12:00:00+05:30
213.4,213.4,213.05,213.4,80.0,1735022100.0,2024-12-24 12:05:00+05:30
213.4,213.4,213.0,213.35,472.0,1735022400.0,2024-12-24 12:10:00+05:30
213.35,213.45,213.05,213.25,620.0,1735022700.0,2024-12-24 12:15:00+05:30
213.25,213.45,213.25,213.45,44.0,1735023000.0,2024-12-24 12:20:00+05:30
213.45,213.45,212.8,213.1,672.0,1735023300.0,2024-12-24 12:25:00+05:30
213.25,213.25,212.8,212.8,2664.0,1735023600.0,2024-12-24 12:30:00+05:30
212.8,212.8,212.8,212.8,0.0,1735023900.0,2024-12-24 12:35:00+05:30
213.05,213.5,212.8,213.5,1944.0,1735024200.0,2024-12-24 12:40:00+05:30
213.5,213.6,213.5,213.5,724.0,1735024500.0,2024-12-24 12:45:00+05:30
213.6,213.6,213.4,213.6,420.0,1735024800.0,2024-12-24 12:50:00+05:30
213.6,213.6,213.4,213.4,256.0,1735025100.0,2024-12-24 12:55:00+05:30
213.2,213.45,213.2,213.4,268.0,1735025400.0,2024-12-24 13:00:00+05:30
213.4,213.4,212.9,213.2,752.0,1735025700.0,2024-12-24 13:05:00+05:30
213.5,213.5,213.0,213.25,2528.0,1735026000.0,2024-12-24 13:10:00+05:30
213.5,213.5,212.8,213.4,5272.0,1735026300.0,2024-12-24 13:15:00+05:30
213.4,214.75,213.4,214.25,11068.0,1735026600.0,2024-12-24 13:20:00+05:30
213.75,213.8,213.3,213.75,1184.0,1735026900.0,2024-12-24 13:25:00+05:30
213.75,213.8,213.75,213.8,52.0,1735027200.0,2024-12-24 13:30:00+05:30
213.8,213.8,213.5,213.75,28.0,1735027500.0,2024-12-24 13:35:00+05:30
213.8,213.8,213.4,213.6,968.0,1735027800.0,2024-12-24 13:40:00+05:30
213.6,213.6,213.6,213.6,288.0,1735028100.0,2024-12-24 13:45:00+05:30
213.6,213.6,213.6,213.6,16.0,1735028400.0,2024-12-24 13:50:00+05:30
213.6,213.7,213.4,213.7,376.0,1735028700.0,2024-12-24 13:55:00+05:30
213.7,213.7,213.7,213.7,8.0,1735029000.0,2024-12-24 14:00:00+05:30
213.75,213.8,213.6,213.6,2984.0,1735029300.0,2024-12-24 14:05:00+05:30
213.6,214.4,213.6,214.4,496.0,1735029600.0,2024-12-24 14:10:00+05:30
214.25,214.35,213.75,213.8,2928.0,1735029900.0,2024-12-24 14:15:00+05:30
214.1,214.2,213.9,213.9,636.0,1735030200.0,2024-12-24 14:20:00+05:30
213.9,214.5,213.9,214.5,2812.0,1735030500.0,2024-12-24 14:25:00+05:30
214.7,215.5,214.7,215.5,10268.0,1735030800.0,2024-12-24 14:30:00+05:30
215.5,215.75,214.65,215.55,4632.0,1735031100.0,2024-12-24 14:35:00+05:30
215.5,215.5,214.75,214.75,2380.0,1735031400.0,2024-12-24 14:40:00+05:30
215.0,215.45,214.9,215.3,3092.0,1735031700.0,2024-12-24 14:45:00+05:30
215.35,216.0,215.2,215.95,1760.0,1735032000.0,2024-12-24 14:50:00+05:30
215.95,216.5,214.85,215.0,10884.0,1735032300.0,2024-12-24 14:55:00+05:30
215.2,217.5,214.95,217.3,24024.0,1735032600.0,2024-12-24 15:00:00+05:30
217.3,218.2,217.0,217.5,9100.0,1735032900.0,2024-12-24 15:05:00+05:30
217.1,217.95,217.0,217.4,4352.0,1735033200.0,2024-12-24 15:10:00+05:30
217.0,217.8,216.25,217.8,4596.0,1735033500.0,2024-12-24 15:15:00+05:30
217.75,218.2,217.4,217.4,7328.0,1735033800.0,2024-12-24 15:20:00+05:30
217.95,218.2,217.0,217.5,8292.0,1735034100.0,2024-12-24 15:25:00+05:30
219.5,220.0,217.85,218.75,25076.0,1735184700.0,2024-12-26 09:15:00+05:30
219.7,220.0,218.85,219.25,13968.0,1735185000.0,2024-12-26 09:20:00+05:30
219.45,219.6,218.25,218.4,9340.0,1735185300.0,2024-12-26 09:25:00+05:30
218.55,219.25,218.25,219.2,8836.0,1735185600.0,2024-12-26 09:30:00+05:30
219.0,219.5,218.65,219.5,3580.0,1735185900.0,2024-12-26 09:35:00+05:30
219.5,219.75,218.75,219.0,5940.0,1735186200.0,2024-12-26 09:40:00+05:30
219.0,219.0,217.9,218.2,8080.0,1735186500.0,2024-12-26 09:45:00+05:30
218.25,219.25,217.9,219.25,6524.0,1735186800.0,2024-12-26 09:50:00+05:30
219.25,219.3,218.5,218.7,3732.0,1735187100.0,2024-12-26 09:55:00+05:30
218.8,219.25,218.15,218.5,4380.0,1735187400.0,2024-12-26 10:00:00+05:30
218.6,218.6,218.1,218.15,3488.0,1735187700.0,2024-12-26 10:05:00+05:30
218.1,218.55,218.1,218.15,2040.0,1735188000.0,2024-12-26 10:10:00+05:30
218.25,218.7,218.15,218.5,1068.0,1735188300.0,2024-12-26 10:15:00+05:30
218.25,218.6,218.2,218.6,736.0,1735188600.0,2024-12-26 10:20:00+05:30
218.9,219.5,218.5,219.0,11328.0,1735188900.0,2024-12-26 10:25:00+05:30
218.3,218.9,218.1,218.75,1208.0,1735189200.0,2024-12-26 10:30:00+05:30
218.75,218.85,218.7,218.7,252.0,1735189500.0,2024-12-26 10:35:00+05:30
218.7,223.15,218.4,221.8,29840.0,1735189800.0,2024-12-26 10:40:00+05:30
221.75,221.75,220.6,220.6,7776.0,1735190100.0,2024-12-26 10:45:00+05:30
220.05,220.6,219.3,220.0,6060.0,1735190400.0,2024-12-26 10:50:00+05:30
220.5,221.8,220.25,221.3,7008.0,1735190700.0,2024-12-26 10:55:00+05:30
221.3,222.55,221.3,222.35,12496.0,1735191000.0,2024-12-26 11:00:00+05:30
222.05,222.5,221.6,221.6,3980.0,1735191300.0,2024-12-26 11:05:00+05:30
221.45,221.45,220.55,221.0,11120.0,1735191600.0,2024-12-26 11:10:00+05:30
221.0,221.0,220.4,220.75,3928.0,1735191900.0,2024-12-26 11:15:00+05:30
220.75,221.0,220.4,221.0,3944.0,1735192200.0,2024-12-26 11:20:00+05:30
220.75,221.4,220.75,221.05,3976.0,1735192500.0,2024-12-26 11:25:00+05:30
221.05,221.4,221.05,221.25,1520.0,1735192800.0,2024-12-26 11:30:00+05:30
221.25,221.6,220.8,221.15,4472.0,1735193100.0,2024-12-26 11:35:00+05:30
221.05,221.05,220.5,220.65,1672.0,1735193400.0,2024-12-26 11:40:00+05:30
220.65,220.65,220.4,220.65,588.0,1735193700.0,2024-12-26 11:45:00+05:30
220.4,221.05,220.4,221.0,3252.0,1735194000.0,2024-12-26 11:50:00+05:30
221.35,221.6,221.25,221.6,2552.0,1735194300.0,2024-12-26 11:55:00+05:30
221.6,221.6,220.65,220.65,2680.0,1735194600.0,2024-12-26 12:00:00+05:30
220.65,221.55,220.65,221.35,796.0,1735194900.0,2024-12-26 12:05:00+05:30
220.9,221.0,220.0,220.7,1720.0,1735195200.0,2024-12-26 12:10:00+05:30
220.7,221.0,220.55,220.75,1484.0,1735195500.0,2024-12-26 12:15:00+05:30
220.75,220.75,220.3,220.4,556.0,1735195800.0,2024-12-26 12:20:00+05:30
220.4,220.6,220.25,220.3,900.0,1735196100.0,2024-12-26 12:25:00+05:30
220.3,220.65,220.3,220.65,608.0,1735196400.0,2024-12-26 12:30:00+05:30
220.5,220.5,220.5,220.5,456.0,1735196700.0,2024-12-26 12:35:00+05:30
220.5,220.5,220.15,220.15,720.0,1735197000.0,2024-12-26 12:40:00+05:30
220.15,220.5,220.15,220.5,516.0,1735197300.0,2024-12-26 12:45:00+05:30
220.6,220.65,220.25,220.25,704.0,1735197600.0,2024-12-26 12:50:00+05:30
220.25,220.6,220.15,220.6,664.0,1735197900.0,2024-12-26 12:55:00+05:30
220.6,220.6,220.3,220.5,88.0,1735198200.0,2024-12-26 13:00:00+05:30
220.5,220.5,220.3,220.5,324.0,1735198500.0,2024-12-26 13:05:00+05:30
220.5,220.65,220.15,220.65,1756.0,1735198800.0,2024-12-26 13:10:00+05:30
220.3,220.6,220.25,220.25,280.0,1735199100.0,2024-12-26 13:15:00+05:30
220.5,220.65,219.5,219.5,2148.0,1735199400.0,2024-12-26 13:20:00+05:30
219.5,219.9,219.2,219.4,4408.0,1735199700.0,2024-12-26 13:25:00+05:30
219.65,220.4,219.5,219.5,3640.0,1735200000.0,2024-12-26 13:30:00+05:30
219.85,219.95,219.45,219.75,1164.0,1735200300.0,2024-12-26 13:35:00+05:30
219.8,219.8,219.25,219.3,744.0,1735200600.0,2024-12-26 13:40:00+05:30
219.7,227.2,219.3,225.5,194340.0,1735200900.0,2024-12-26 13:45:00+05:30
225.25,228.5,225.0,226.25,432096.0,1735201200.0,2024-12-26 13:50:00+05:30
226.5,227.0,224.15,224.5,121992.0,1735201500.0,2024-12-26 13:55:00+05:30
224.3,224.5,221.0,221.95,91036.0,1735201800.0,2024-12-26 14:00:00+05:30
221.9,225.0,221.75,224.25,90480.0,1735202100.0,2024-12-26 14:05:00+05:30
224.25,225.0,224.25,224.95,54340.0,1735202400.0,2024-12-26 14:10:00+05:30
224.8,225.0,224.0,224.85,28008.0,1735202700.0,2024-12-26 14:15:00+05:30
224.85,225.0,224.5,224.7,15240.0,1735203000.0,2024-12-26 14:20:00+05:30
224.7,224.9,223.85,224.75,66348.0,1735203300.0,2024-12-26 14:25:00+05:30
224.55,225.0,224.3,224.9,35576.0,1735203600.0,2024-12-26 14:30:00+05:30
224.9,225.0,224.7,225.0,25256.0,1735203900.0,2024-12-26 14:35:00+05:30
224.9,225.0,224.3,224.3,25104.0,1735204200.0,2024-12-26 14:40:00+05:30
224.5,224.7,222.55,223.2,27200.0,1735204500.0,2024-12-26 14:45:00+05:30
222.8,222.8,221.9,222.75,33520.0,1735204800.0,2024-12-26 14:50:00+05:30
223.25,223.75,222.75,223.75,11056.0,1735205100.0,2024-12-26 14:55:00+05:30
223.5,223.95,223.0,223.4,9432.0,1735205400.0,2024-12-26 15:00:00+05:30
223.25,223.25,222.5,223.25,10012.0,1735205700.0,2024-12-26 15:05:00+05:30
223.05,223.1,221.75,222.25,14964.0,1735206000.0,2024-12-26 15:10:00+05:30
222.45,222.5,220.85,221.75,38672.0,1735206300.0,2024-12-26 15:15:00+05:30
221.75,222.1,220.8,221.25,37340.0,1735206600.0,2024-12-26 15:20:00+05:30
221.25,222.45,220.8,222.1,32800.0,1735206900.0,2024-12-26 15:25:00+05:30
224.9,224.9,222.0,223.55,67380.0,1735271100.0,2024-12-27 09:15:00+05:30
223.4,224.5,222.9,224.0,22076.0,1735271400.0,2024-12-27 09:20:00+05:30
224.0,224.5,223.4,223.7,27512.0,1735271700.0,2024-12-27 09:25:00+05:30
223.45,224.25,223.25,223.6,20016.0,1735272000.0,2024-12-27 09:30:00+05:30
224.0,224.0,223.6,223.9,5744.0,1735272300.0,2024-12-27 09:35:00+05:30
224.0,224.75,224.0,224.6,15304.0,1735272600.0,2024-12-27 09:40:00+05:30
224.5,224.7,224.4,224.6,6236.0,1735272900.0,2024-12-27 09:45:00+05:30
224.65,224.65,222.75,224.15,16020.0,1735273200.0,2024-12-27 09:50:00+05:30
224.35,224.35,223.0,223.5,9776.0,1735273500.0,2024-12-27 09:55:00+05:30
223.55,223.55,222.75,222.75,6196.0,1735273800.0,2024-12-27 10:00:00+05:30
222.95,223.45,222.75,223.3,4968.0,1735274100.0,2024-12-27 10:05:00+05:30
223.15,223.4,222.75,222.9,9868.0,1735274400.0,2024-12-27 10:10:00+05:30
222.9,223.3,222.5,222.9,3584.0,1735274700.0,2024-12-27 10:15:00+05:30
222.9,223.1,222.5,222.7,4752.0,1735275000.0,2024-12-27 10:20:00+05:30
222.5,222.7,221.8,222.2,11144.0,1735275300.0,2024-12-27 10:25:00+05:30
222.3,222.8,222.25,222.7,3136.0,1735275600.0,2024-12-27 10:30:00+05:30
222.9,222.9,222.0,222.25,5952.0,1735275900.0,2024-12-27 10:35:00+05:30
222.25,222.3,221.5,222.3,5300.0,1735276200.0,2024-12-27 10:40:00+05:30
222.5,222.6,222.05,222.6,7668.0,1735276500.0,2024-12-27 10:45:00+05:30
222.8,223.25,222.5,223.15,5488.0,1735276800.0,2024-12-27 10:50:00+05:30
223.4,223.5,222.6,222.6,6436.0,1735277100.0,2024-12-27 10:55:00+05:30
222.95,222.95,222.55,222.75,1360.0,1735277400.0,2024-12-27 11:00:00+05:30
222.75,223.3,222.7,223.25,3012.0,1735277700.0,2024-12-27 11:05:00+05:30
223.2,223.75,222.85,223.75,2624.0,1735278000.0,2024-12-27 11:10:00+05:30
223.55,224.0,223.45,223.5,9432.0,1735278300.0,2024-12-27 11:15:00+05:30
223.5,223.7,223.0,223.5,3624.0,1735278600.0,2024-12-27 11:20:00+05:30
223.25,223.55,223.25,223.5,792.0,1735278900.0,2024-12-27 11:25:00+05:30
223.5,223.65,223.05,223.05,2188.0,1735279200.0,2024-12-27 11:30:00+05:30
223.35,223.4,223.0,223.25,1524.0,1735279500.0,2024-12-27 11:35:00+05:30
222.85,223.2,222.5,223.1,2628.0,1735279800.0,2024-12-27 11:40:00+05:30
223.1,223.35,222.8,223.0,4308.0,1735280100.0,2024-12-27 11:45:00+05:30
223.0,223.0,222.75,223.0,4332.0,1735280400.0,2024-12-27 11:50:00+05:30
223.0,223.0,222.5,222.75,2516.0,1735280700.0,2024-12-27 11:55:00+05:30
222.75,222.75,222.45,222.7,1684.0,1735281000.0,2024-12-27 12:00:00+05:30
222.7,222.8,222.5,222.75,1908.0,1735281300.0,2024-12-27 12:05:00+05:30
222.75,222.8,222.6,222.8,1672.0,1735281600.0,2024-12-27 12:10:00+05:30
222.8,222.8,222.5,222.8,1296.0,1735281900.0,2024-12-27 12:15:00+05:30
222.8,222.8,222.75,222.8,748.0,1735282200.0,2024-12-27 12:20:00+05:30
222.75,222.85,222.75,222.85,512.0,1735282500.0,2024-12-27 12:25:00+05:30
222.75,222.85,222.6,222.85,968.0,1735282800.0,2024-12-27 12:30:00+05:30
222.85,223.3,222.75,223.3,2356.0,1735283100.0,2024-12-27 12:35:00+05:30
223.5,223.5,223.4,223.45,6592.0,1735283400.0,2024-12-27 12:40:00+05:30
223.1,223.7,223.1,223.5,2924.0,1735283700.0,2024-12-27 12:45:00+05:30
223.5,223.5,222.9,222.9,6988.0,1735284000.0,2024-12-27 12:50:00+05:30
222.9,223.1,222.9,223.1,968.0,1735284300.0,2024-12-27 12:55:00+05:30
223.1,223.1,222.5,222.85,2036.0,1735284600.0,2024-12-27 13:00:00+05:30
223.0,223.05,222.7,222.75,1184.0,1735284900.0,2024-12-27 13:05:00+05:30
222.9,223.2,222.9,223.2,1188.0,1735285200.0,2024-12-27 13:10:00+05:30
223.2,223.2,222.9,223.15,352.0,1735285500.0,2024-12-27 13:15:00+05:30
223.15,223.2,222.9,223.1,1036.0,1735285800.0,2024-12-27 13:20:00+05:30
223.15,223.2,223.0,223.2,2344.0,1735286100.0,2024-12-27 13:25:00+05:30
223.2,223.4,222.9,223.25,4076.0,1735286400.0,2024-12-27 13:30:00+05:30
223.25,223.3,223.25,223.3,1668.0,1735286700.0,2024-12-27 13:35:00+05:30
223.3,223.4,223.3,223.4,2348.0,1735287000.0,2024-12-27 13:40:00+05:30
223.4,223.4,222.5,222.5,13140.0,1735287300.0,2024-12-27 13:45:00+05:30
222.8,222.8,222.5,222.6,1676.0,1735287600.0,2024-12-27 13:50:00+05:30
222.6,223.0,222.5,223.0,1268.0,1735287900.0,2024-12-27 13:55:00+05:30
223.0,223.0,222.5,223.0,9468.0,1735288200.0,2024-12-27 14:00:00+05:30
223.0,223.0,222.55,222.8,2300.0,1735288500.0,2024-12-27 14:05:00+05:30
222.6,222.85,222.4,222.65,2912.0,1735288800.0,2024-12-27 14:10:00+05:30
222.75,222.9,222.5,222.75,2900.0,1735289100.0,2024-12-27 14:15:00+05:30
222.5,222.75,222.4,222.6,1164.0,1735289400.0,2024-12-27 14:20:00+05:30
222.6,222.65,222.25,222.5,1380.0,1735289700.0,2024-12-27 14:25:00+05:30
222.5,222.65,222.25,222.5,1380.0,1735290000.0,2024-12-27 14:30:00+05:30
222.5,222.5,222.25,222.5,1324.0,1735290300.0,2024-12-27 14:35:00+05:30
222.2,222.5,222.2,222.5,1024.0,1735290600.0,2024-12-27 14:40:00+05:30
222.5,222.75,222.25,222.6,8676.0,1735290900.0,2024-12-27 14:45:00+05:30
222.6,222.75,222.25,222.5,1912.0,1735291200.0,2024-12-27 14:50:00+05:30
222.55,222.6,222.0,222.35,3352.0,1735291500.0,2024-12-27 14:55:00+05:30
222.25,222.5,222.0,222.5,3544.0,1735291800.0,2024-12-27 15:00:00+05:30
222.6,222.6,222.05,222.5,3980.0,1735292100.0,2024-12-27 15:05:00+05:30
222.5,222.5,222.15,222.25,2592.0,1735292400.0,2024-12-27 15:10:00+05:30
222.1,222.4,222.0,222.2,16436.0,1735292700.0,2024-12-27 15:15:00+05:30
222.05,222.25,221.55,221.75,11132.0,1735293000.0,2024-12-27 15:20:00+05:30
221.75,222.5,221.45,222.0,17556.0,1735293300.0,2024-12-27 15:25:00+05:30
225.35,226.9,223.0,224.75,26856.0,1735530300.0,2024-12-30 09:15:00+05:30
224.8,225.0,223.45,224.1,8428.0,1735530600.0,2024-12-30 09:20:00+05:30
224.2,224.2,222.75,222.9,10560.0,1735530900.0,2024-12-30 09:25:00+05:30
222.8,223.2,222.1,222.5,11304.0,1735531200.0,2024-12-30 09:30:00+05:30
222.35,222.5,221.3,221.5,9600.0,1735531500.0,2024-12-30 09:35:00+05:30
221.7,222.8,221.7,222.8,7476.0,1735531800.0,2024-12-30 09:40:00+05:30
222.5,223.0,222.5,222.95,3088.0,1735532100.0,2024-12-30 09:45:00+05:30
222.9,222.9,222.45,222.75,4104.0,1735532400.0,2024-12-30 09:50:00+05:30
222.75,223.4,222.75,223.2,11224.0,1735532700.0,2024-12-30 09:55:00+05:30
222.9,223.4,222.9,223.25,2864.0,1735533000.0,2024-12-30 10:00:00+05:30
223.25,223.25,222.4,223.1,1492.0,1735533300.0,2024-12-30 10:05:00+05:30
222.75,223.5,222.75,223.45,9244.0,1735533600.0,2024-12-30 10:10:00+05:30
223.5,223.5,222.5,222.5,4680.0,1735533900.0,2024-12-30 10:15:00+05:30
222.5,223.0,222.15,223.0,8960.0,1735534200.0,2024-12-30 10:20:00+05:30
223.0,223.0,222.55,223.0,1104.0,1735534500.0,2024-12-30 10:25:00+05:30
222.75,223.0,222.6,222.6,1260.0,1735534800.0,2024-12-30 10:30:00+05:30
222.7,222.7,222.2,222.45,864.0,1735535100.0,2024-12-30 10:35:00+05:30
222.5,222.55,221.8,221.8,1916.0,1735535400.0,2024-12-30 10:40:00+05:30
221.9,222.3,221.9,222.25,8700.0,1735535700.0,2024-12-30 10:45:00+05:30
222.3,222.35,222.05,222.35,908.0,1735536000.0,2024-12-30 10:50:00+05:30
222.35,222.5,221.9,222.25,4156.0,1735536300.0,2024-12-30 10:55:00+05:30
222.5,222.5,221.3,221.7,5072.0,1735536600.0,2024-12-30 11:00:00+05:30
221.4,222.1,221.25,222.1,5844.0,1735536900.0,2024-12-30 11:05:00+05:30
222.0,222.45,221.85,222.4,3788.0,1735537200.0,2024-12-30 11:10:00+05:30
222.05,222.6,222.05,222.6,2676.0,1735537500.0,2024-12-30 11:15:00+05:30
222.5,223.35,222.5,223.1,2308.0,1735537800.0,2024-12-30 11:20:00+05:30
223.1,223.25,222.8,223.25,2588.0,1735538100.0,2024-12-30 11:25:00+05:30
223.25,223.5,223.05,223.5,5256.0,1735538400.0,2024-12-30 11:30:00+05:30
223.5,223.5,222.65,223.0,4156.0,1735538700.0,2024-12-30 11:35:00+05:30
223.0,223.5,222.9,222.9,3060.0,1735539000.0,2024-12-30 11:40:00+05:30
223.3,223.35,222.9,223.1,1704.0,1735539300.0,2024-12-30 11:45:00+05:30
223.15,223.3,222.05,222.05,5568.0,1735539600.0,2024-12-30 11:50:00+05:30
222.5,222.75,222.0,222.75,4088.0,1735539900.0,2024-12-30 11:55:00+05:30
222.75,222.75,222.5,222.75,1100.0,1735540200.0,2024-12-30 12:00:00+05:30
222.75,222.75,222.75,222.75,340.0,1735540500.0,2024-12-30 12:05:00+05:30
222.75,222.75,222.75,222.75,788.0,1735540800.0,2024-12-30 12:10:00+05:30
222.75,222.75,222.35,222.4,1104.0,1735541100.0,2024-12-30 12:15:00+05:30
222.4,222.85,222.4,222.65,1216.0,1735541400.0,2024-12-30 12:20:00+05:30
222.4,222.95,222.4,222.85,672.0,1735541700.0,2024-12-30 12:25:00+05:30
222.65,222.85,222.4,222.8,1724.0,1735542000.0,2024-12-30 12:30:00+05:30
222.5,222.5,222.4,222.5,1380.0,1735542300.0,2024-12-30 12:35:00+05:30
222.5,222.5,221.1,222.0,22764.0,1735542600.0,2024-12-30 12:40:00+05:30
222.0,222.0,221.25,221.4,4112.0,1735542900.0,2024-12-30 12:45:00+05:30
221.25,221.35,220.9,221.0,3864.0,1735543200.0,2024-12-30 12:50:00+05:30
221.0,221.3,220.8,221.3,2292.0,1735543500.0,2024-12-30 12:55:00+05:30
221.25,221.35,220.8,221.0,624.0,1735543800.0,2024-12-30 13:00:00+05:30
220.55,220.75,220.5,220.6,1196.0,1735544100.0,2024-12-30 13:05:00+05:30
220.6,220.8,219.05,220.8,38604.0,1735544400.0,2024-12-30 13:10:00+05:30
220.9,221.2,218.5,219.4,67584.0,1735544700.0,2024-12-30 13:15:00+05:30
219.5,221.0,219.0,219.9,45124.0,1735545000.0,2024-12-30 13:20:00+05:30
219.55,219.95,219.5,219.8,1188.0,1735545300.0,2024-12-30 13:25:00+05:30
219.85,219.85,218.55,219.4,13484.0,1735545600.0,2024-12-30 13:30:00+05:30
219.4,219.4,219.0,219.25,484.0,1735545900.0,2024-12-30 13:35:00+05:30
219.25,219.7,219.25,219.7,1236.0,1735546200.0,2024-12-30 13:40:00+05:30
219.7,219.75,219.4,219.7,692.0,1735546500.0,2024-12-30 13:45:00+05:30
219.6,219.6,219.3,219.6,2216.0,1735546800.0,2024-12-30 13:50:00+05:30
219.7,219.8,219.3,219.35,2428.0,1735547100.0,2024-12-30 13:55:00+05:30
219.5,219.8,219.4,219.65,512.0,1735547400.0,2024-12-30 14:00:00+05:30
219.65,219.7,219.65,219.65,136.0,1735547700.0,2024-12-30 14:05:00+05:30
219.65,219.7,219.25,219.55,944.0,1735548000.0,2024-12-30 14:10:00+05:30
219.35,219.8,219.35,219.7,1336.0,1735548300.0,2024-12-30 14:15:00+05:30
219.7,219.8,219.6,219.8,4972.0,1735548600.0,2024-12-30 14:20:00+05:30
219.75,219.8,219.5,219.7,524.0,1735548900.0,2024-12-30 14:25:00+05:30
219.7,219.8,219.35,219.7,912.0,1735549200.0,2024-12-30 14:30:00+05:30
219.7,220.15,219.5,219.75,4944.0,1735549500.0,2024-12-30 14:35:00+05:30
220.0,220.15,219.9,220.0,760.0,1735549800.0,2024-12-30 14:40:00+05:30
220.0,220.6,219.75,220.5,2780.0,1735550100.0,2024-12-30 14:45:00+05:30
220.5,220.5,220.1,220.3,768.0,1735550400.0,2024-12-30 14:50:00+05:30
220.45,220.5,220.25,220.5,1872.0,1735550700.0,2024-12-30 14:55:00+05:30
220.5,220.5,219.75,219.8,10064.0,1735551000.0,2024-12-30 15:00:00+05:30
220.15,220.25,219.75,219.75,5044.0,1735551300.0,2024-12-30 15:05:00+05:30
219.75,219.95,219.75,219.75,8004.0,1735551600.0,2024-12-30 15:10:00+05:30
219.75,220.0,219.0,219.7,10420.0,1735551900.0,2024-12-30 15:15:00+05:30
219.5,220.5,218.75,220.0,19504.0,1735552200.0,2024-12-30 15:20:00+05:30
219.75,220.5,219.75,220.4,5432.0,1735552500.0,2024-12-30 15:25:00+05:30
221.5,221.5,219.25,220.5,3696.0,1735616700.0,2024-12-31 09:15:00+05:30
220.9,220.9,219.4,219.85,3688.0,1735617000.0,2024-12-31 09:20:00+05:30
219.9,220.6,219.7,220.6,2540.0,1735617300.0,2024-12-31 09:25:00+05:30
220.45,220.65,219.0,219.4,4656.0,1735617600.0,2024-12-31 09:30:00+05:30
219.4,219.45,218.1,218.45,14308.0,1735617900.0,2024-12-31 09:35:00+05:30
218.4,218.45,217.6,218.05,2912.0,1735618200.0,2024-12-31 09:40:00+05:30
218.1,218.25,217.75,217.95,1580.0,1735618500.0,2024-12-31 09:45:00+05:30
217.9,218.25,217.85,218.25,2348.0,1735618800.0,2024-12-31 09:50:00+05:30
218.45,218.45,217.55,217.7,4368.0,1735619100.0,2024-12-31 09:55:00+05:30
218.1,218.5,217.8,218.5,1408.0,1735619400.0,2024-12-31 10:00:00+05:30
218.5,218.5,217.7,217.75,3180.0,1735619700.0,2024-12-31 10:05:00+05:30
217.8,218.05,217.8,218.0,940.0,1735620000.0,2024-12-31 10:10:00+05:30
218.0,218.1,216.3,216.95,14600.0,1735620300.0,2024-12-31 10:15:00+05:30
216.55,216.9,216.55,216.85,656.0,1735620600.0,2024-12-31 10:20:00+05:30
216.85,217.05,216.3,216.5,4944.0,1735620900.0,2024-12-31 10:25:00+05:30
216.5,216.6,216.25,216.6,1064.0,1735621200.0,2024-12-31 10:30:00+05:30
216.6,217.15,216.6,216.85,2348.0,1735621500.0,2024-12-31 10:35:00+05:30
216.6,216.9,216.5,216.8,1516.0,1735621800.0,2024-12-31 10:40:00+05:30
216.8,216.8,216.5,216.75,524.0,1735622100.0,2024-12-31 10:45:00+05:30
216.4,216.7,216.4,216.65,2560.0,1735622400.0,2024-12-31 10:50:00+05:30
216.65,216.7,216.4,216.6,764.0,1735622700.0,2024-12-31 10:55:00+05:30
216.55,216.55,215.25,215.95,9788.0,1735623000.0,2024-12-31 11:00:00+05:30
215.7,216.25,215.65,216.25,584.0,1735623300.0,2024-12-31 11:05:00+05:30
216.35,216.6,216.25,216.6,1864.0,1735623600.0,2024-12-31 11:10:00+05:30
216.55,216.55,216.15,216.2,684.0,1735623900.0,2024-12-31 11:15:00+05:30
216.2,216.6,216.2,216.6,1772.0,1735624200.0,2024-12-31 11:20:00+05:30
216.6,216.6,216.0,216.25,2888.0,1735624500.0,2024-12-31 11:25:00+05:30
216.35,216.55,216.2,216.5,600.0,1735624800.0,2024-12-31 11:30:00+05:30
216.5,216.55,216.2,216.5,928.0,1735625100.0,2024-12-31 11:35:00+05:30
216.6,216.8,216.4,216.7,328.0,1735625400.0,2024-12-31 11:40:00+05:30
216.7,217.0,216.55,217.0,576.0,1735625700.0,2024-12-31 11:45:00+05:30
217.0,217.0,216.9,217.0,260.0,1735626000.0,2024-12-31 11:50:00+05:30
217.0,217.0,216.75,216.95,676.0,1735626300.0,2024-12-31 11:55:00+05:30
216.95,217.45,216.95,217.2,2284.0,1735626600.0,2024-12-31 12:00:00+05:30
217.35,217.4,217.0,217.1,2328.0,1735626900.0,2024-12-31 12:05:00+05:30
217.1,217.4,216.85,217.3,656.0,1735627200.0,2024-12-31 12:10:00+05:30
217.35,217.4,217.0,217.4,800.0,1735627500.0,2024-12-31 12:15:00+05:30
217.15,217.45,217.15,217.25,76.0,1735627800.0,2024-12-31 12:20:00+05:30
217.45,217.85,217.45,217.85,2984.0,1735628100.0,2024-12-31 12:25:00+05:30
217.85,218.1,217.5,218.05,676.0,1735628400.0,2024-12-31 12:30:00+05:30
218.05,218.1,217.7,217.9,652.0,1735628700.0,2024-12-31 12:35:00+05:30
217.9,217.9,217.05,217.05,2192.0,1735629000.0,2024-12-31 12:40:00+05:30
217.05,217.4,217.05,217.4,340.0,1735629300.0,2024-12-31 12:45:00+05:30
217.4,217.4,217.4,217.4,24.0,1735629600.0,2024-12-31 12:50:00+05:30
217.4,217.9,217.35,217.9,6780.0,1735629900.0,2024-12-31 12:55:00+05:30
217.9,217.95,217.6,217.9,364.0,1735630200.0,2024-12-31 13:00:00+05:30
217.9,218.1,217.9,218.05,288.0,1735630500.0,2024-12-31 13:05:00+05:30
218.15,218.2,218.15,218.2,324.0,1735630800.0,2024-12-31 13:10:00+05:30
218.2,218.5,218.15,218.3,528.0,1735631100.0,2024-12-31 13:15:00+05:30
218.25,218.25,217.8,217.8,824.0,1735631400.0,2024-12-31 13:20:00+05:30
217.8,218.3,217.8,218.0,200.0,1735631700.0,2024-12-31 13:25:00+05:30
218.2,218.2,218.0,218.2,64.0,1735632000.0,2024-12-31 13:30:00+05:30
218.3,218.3,217.75,217.9,1148.0,1735632300.0,2024-12-31 13:35:00+05:30
217.9,218.2,217.9,218.2,192.0,1735632600.0,2024-12-31 13:40:00+05:30
218.2,218.25,217.9,218.25,740.0,1735632900.0,2024-12-31 13:45:00+05:30
218.2,218.5,218.2,218.4,1100.0,1735633200.0,2024-12-31 13:50:00+05:30
218.4,218.5,218.25,218.5,140.0,1735633500.0,2024-12-31 13:55:00+05:30
218.5,218.75,218.45,218.75,8620.0,1735633800.0,2024-12-31 14:00:00+05:30
218.75,218.75,218.25,218.75,4272.0,1735634100.0,2024-12-31 14:05:00+05:30
218.75,219.0,218.55,219.0,14896.0,1735634400.0,2024-12-31 14:10:00+05:30
219.0,219.0,218.75,219.0,2500.0,1735634700.0,2024-12-31 14:15:00+05:30
218.8,219.0,218.7,219.0,2832.0,1735635000.0,2024-12-31 14:20:00+05:30
219.0,219.0,219.0,219.0,2504.0,1735635300.0,2024-12-31 14:25:00+05:30
219.0,219.0,218.7,218.75,3728.0,1735635600.0,2024-12-31 14:30:00+05:30
218.5,219.0,218.5,219.0,4388.0,1735635900.0,2024-12-31 14:35:00+05:30
219.0,219.0,218.55,219.0,2580.0,1735636200.0,2024-12-31 14:40:00+05:30
219.0,220.0,218.9,220.0,5096.0,1735636500.0,2024-12-31 14:45:00+05:30
219.75,220.0,219.1,219.65,5776.0,1735636800.0,2024-12-31 14:50:00+05:30
219.65,220.0,219.35,220.0,4112.0,1735637100.0,2024-12-31 14:55:00+05:30
219.7,220.0,219.7,220.0,3440.0,1735637400.0,2024-12-31 15:00:00+05:30
220.0,220.0,219.0,219.05,1952.0,1735637700.0,2024-12-31 15:05:00+05:30
219.3,219.3,218.3,218.75,2260.0,1735638000.0,2024-12-31 15:10:00+05:30
218.65,218.75,217.95,218.25,4992.0,1735638300.0,2024-12-31 15:15:00+05:30
218.0,218.5,217.55,217.75,11132.0,1735638600.0,2024-12-31 15:20:00+05:30
217.7,218.25,217.5,217.75,7152.0,1735638900.0,2024-12-31 15:25:00+05:30
219.45,219.75,218.75,219.7,3132.0,1735703100.0,2025-01-01 09:15:00+05:30
219.25,219.6,218.5,219.0,3328.0,1735703400.0,2025-01-01 09:20:00+05:30
219.0,219.15,218.05,218.5,2548.0,1735703700.0,2025-01-01 09:25:00+05:30
218.1,218.55,217.2,217.5,2088.0,1735704000.0,2025-01-01 09:30:00+05:30
217.5,218.0,217.25,218.0,1052.0,1735704300.0,2025-01-01 09:35:00+05:30
218.2,218.2,217.75,218.05,220.0,1735704600.0,2025-01-01 09:40:00+05:30
218.1,218.1,217.55,217.9,1136.0,1735704900.0,2025-01-01 09:45:00+05:30
217.8,218.05,217.8,218.05,356.0,1735705200.0,2025-01-01 09:50:00+05:30
217.8,218.6,217.8,218.55,1472.0,1735705500.0,2025-01-01 09:55:00+05:30
218.55,218.55,217.85,218.05,584.0,1735705800.0,2025-01-01 10:00:00+05:30
218.05,218.35,217.7,218.35,584.0,1735706100.0,2025-01-01 10:05:00+05:30
218.3,219.2,218.3,219.1,1184.0,1735706400.0,2025-01-01 10:10:00+05:30
219.25,219.5,218.9,219.5,2480.0,1735706700.0,2025-01-01 10:15:00+05:30
219.25,219.5,219.0,219.45,456.0,1735707000.0,2025-01-01 10:20:00+05:30
219.5,219.55,219.2,219.2,388.0,1735707300.0,2025-01-01 10:25:00+05:30
219.4,219.6,219.3,219.35,884.0,1735707600.0,2025-01-01 10:30:00+05:30
219.65,219.65,219.0,219.4,716.0,1735707900.0,2025-01-01 10:35:00+05:30
219.4,219.45,219.05,219.1,120.0,1735708200.0,2025-01-01 10:40:00+05:30
219.4,220.0,219.4,219.8,2300.0,1735708500.0,2025-01-01 10:45:00+05:30
219.65,219.8,219.05,219.3,5544.0,1735708800.0,2025-01-01 10:50:00+05:30
219.3,219.7,219.2,219.7,520.0,1735709100.0,2025-01-01 10:55:00+05:30
219.6,219.85,219.35,219.35,604.0,1735709400.0,2025-01-01 11:00:00+05:30
219.65,219.75,219.35,219.55,768.0,1735709700.0,2025-01-01 11:05:00+05:30
219.8,219.8,219.4,219.7,1644.0,1735710000.0,2025-01-01 11:10:00+05:30
219.4,219.75,219.4,219.75,444.0,1735710300.0,2025-01-01 11:15:00+05:30
219.75,219.75,219.25,219.4,1552.0,1735710600.0,2025-01-01 11:20:00+05:30
219.4,219.7,219.25,219.25,988.0,1735710900.0,2025-01-01 11:25:00+05:30
219.2,219.5,219.2,219.5,232.0,1735711200.0,2025-01-01 11:30:00+05:30
219.6,219.75,219.6,219.7,444.0,1735711500.0,2025-01-01 11:35:00+05:30
219.65,219.8,219.45,219.45,960.0,1735711800.0,2025-01-01 11:40:00+05:30
219.5,219.5,219.25,219.5,120.0,1735712100.0,2025-01-01 11:45:00+05:30
219.2,219.75,219.2,219.4,732.0,1735712400.0,2025-01-01 11:50:00+05:30
219.4,219.4,219.15,219.4,188.0,1735712700.0,2025-01-01 11:55:00+05:30
219.4,219.4,219.4,219.4,920.0,1735713000.0,2025-01-01 12:00:00+05:30
219.5,219.5,219.5,219.5,216.0,1735713300.0,2025-01-01 12:05:00+05:30
219.5,219.7,219.5,219.7,60.0,1735713600.0,2025-01-01 12:10:00+05:30
219.5,219.7,219.5,219.7,52.0,1735713900.0,2025-01-01 12:15:00+05:30
219.5,219.75,219.5,219.7,472.0,1735714200.0,2025-01-01 12:20:00+05:30
219.75,219.85,219.5,219.5,1028.0,1735714500.0,2025-01-01 12:25:00+05:30
219.5,219.7,219.45,219.5,924.0,1735714800.0,2025-01-01 12:30:00+05:30
219.5,219.7,219.5,219.7,204.0,1735715100.0,2025-01-01 12:35:00+05:30
219.4,219.6,219.4,219.55,548.0,1735715400.0,2025-01-01 12:40:00+05:30
219.55,219.55,219.25,219.25,244.0,1735715700.0,2025-01-01 12:45:00+05:30
219.55,219.8,219.5,219.55,1512.0,1735716000.0,2025-01-01 12:50:00+05:30
219.55,219.75,219.5,219.7,20.0,1735716300.0,2025-01-01 12:55:00+05:30
219.7,219.8,219.45,219.8,500.0,1735716600.0,2025-01-01 13:00:00+05:30
219.55,219.85,219.55,219.8,500.0,1735716900.0,2025-01-01 13:05:00+05:30
219.8,219.9,219.55,219.55,564.0,1735717200.0,2025-01-01 13:10:00+05:30
219.55,219.75,219.55,219.75,72.0,1735717500.0,2025-01-01 13:15:00+05:30
219.8,219.85,219.35,219.6,996.0,1735717800.0,2025-01-01 13:20:00+05:30
219.6,219.85,219.4,219.85,944.0,1735718100.0,2025-01-01 13:25:00+05:30
219.85,219.9,219.7,219.9,700.0,1735718400.0,2025-01-01 13:30:00+05:30
219.7,219.7,219.0,219.0,2288.0,1735718700.0,2025-01-01 13:35:00+05:30
219.35,219.5,219.1,219.25,612.0,1735719000.0,2025-01-01 13:40:00+05:30
219.5,219.5,219.4,219.4,552.0,1735719300.0,2025-01-01 13:45:00+05:30
219.4,219.4,219.4,219.4,60.0,1735719600.0,2025-01-01 13:50:00+05:30
219.4,219.8,218.75,219.8,3496.0,1735719900.0,2025-01-01 13:55:00+05:30
219.8,219.85,219.7,219.7,892.0,1735720200.0,2025-01-01 14:00:00+05:30
219.7,219.85,219.7,219.85,176.0,1735720500.0,2025-01-01 14:05:00+05:30
219.9,219.9,219.6,219.85,164.0,1735720800.0,2025-01-01 14:10:00+05:30
219.85,219.85,219.6,219.85,128.0,1735721100.0,2025-01-01 14:15:00+05:30
219.85,219.85,219.6,219.8,448.0,1735721400.0,2025-01-01 14:20:00+05:30
219.85,219.9,219.7,219.7,384.0,1735721700.0,2025-01-01 14:25:00+05:30
219.7,219.7,219.6,219.7,236.0,1735722000.0,2025-01-01 14:30:00+05:30
219.8,219.8,219.6,219.75,396.0,1735722300.0,2025-01-01 14:35:00+05:30
219.8,219.8,219.6,219.6,324.0,1735722600.0,2025-01-01 14:40:00+05:30
219.55,219.75,219.55,219.75,344.0,1735722900.0,2025-01-01 14:45:00+05:30
219.7,219.85,219.6,219.6,1364.0,1735723200.0,2025-01-01 14:50:00+05:30
219.85,219.85,219.6,219.65,992.0,1735723500.0,2025-01-01 14:55:00+05:30
219.7,219.9,219.7,219.9,716.0,1735723800.0,2025-01-01 15:00:00+05:30
219.85,220.0,219.65,220.0,3884.0,1735724100.0,2025-01-01 15:05:00+05:30
219.85,220.0,219.8,220.0,876.0,1735724400.0,2025-01-01 15:10:00+05:30
219.9,220.0,219.75,219.75,5668.0,1735724700.0,2025-01-01 15:15:00+05:30
220.0,220.0,219.85,220.0,15096.0,1735725000.0,2025-01-01 15:20:00+05:30
219.9,220.0,219.75,220.0,5356.0,1735725300.0,2025-01-01 15:25:00+05:30
220.0,221.2,220.0,220.0,8960.0,1735789500.0,2025-01-02 09:15:00+05:30
220.3,221.0,219.95,221.0,2840.0,1735789800.0,2025-01-02 09:20:00+05:30
220.8,220.95,219.25,219.45,2856.0,1735790100.0,2025-01-02 09:25:00+05:30
219.3,219.75,218.9,219.3,4016.0,1735790400.0,2025-01-02 09:30:00+05:30
219.3,219.65,218.9,219.25,1920.0,1735790700.0,2025-01-02 09:35:00+05:30
219.25,219.25,218.9,218.9,312.0,1735791000.0,2025-01-02 09:40:00+05:30
218.9,219.0,218.0,218.85,3584.0,1735791300.0,2025-01-02 09:45:00+05:30
218.9,218.9,218.7,218.75,704.0,1735791600.0,2025-01-02 09:50:00+05:30
218.7,219.25,218.6,218.9,1584.0,1735791900.0,2025-01-02 09:55:00+05:30
218.6,218.65,218.25,218.65,516.0,1735792200.0,2025-01-02 10:00:00+05:30
218.7,218.8,218.25,218.45,3404.0,1735792500.0,2025-01-02 10:05:00+05:30
218.5,218.6,218.15,218.25,1280.0,1735792800.0,2025-01-02 10:10:00+05:30
218.25,218.8,218.2,218.55,1008.0,1735793100.0,2025-01-02 10:15:00+05:30
218.55,218.55,218.1,218.2,1164.0,1735793400.0,2025-01-02 10:20:00+05:30
218.15,218.5,218.15,218.4,1056.0,1735793700.0,2025-01-02 10:25:00+05:30
218.4,218.5,218.3,218.3,128.0,1735794000.0,2025-01-02 10:30:00+05:30
218.55,218.85,218.5,218.5,544.0,1735794300.0,2025-01-02 10:35:00+05:30
218.7,218.9,218.45,218.45,1488.0,1735794600.0,2025-01-02 10:40:00+05:30
218.35,218.55,218.15,218.4,1752.0,1735794900.0,2025-01-02 10:45:00+05:30
218.7,218.7,218.15,218.2,624.0,1735795200.0,2025-01-02 10:50:00+05:30
218.4,218.4,218.15,218.4,676.0,1735795500.0,2025-01-02 10:55:00+05:30
218.2,218.4,218.2,218.2,108.0,1735795800.0,2025-01-02 11:00:00+05:30
218.2,218.3,218.15,218.3,148.0,1735796100.0,2025-01-02 11:05:00+05:30
218.15,218.7,218.15,218.25,1436.0,1735796400.0,2025-01-02 11:10:00+05:30
218.5,218.5,217.9,217.9,3156.0,1735796700.0,2025-01-02 11:15:00+05:30
217.8,218.1,217.8,217.8,2184.0,1735797000.0,2025-01-02 11:20:00+05:30
217.8,218.1,217.8,218.1,600.0,1735797300.0,2025-01-02 11:25:00+05:30
217.8,218.05,217.8,218.05,2940.0,1735797600.0,2025-01-02 11:30:00+05:30
218.05,218.05,217.5,217.75,6036.0,1735797900.0,2025-01-02 11:35:00+05:30
217.75,217.8,217.55,217.8,228.0,1735798200.0,2025-01-02 11:40:00+05:30
217.8,217.85,217.6,217.85,576.0,1735798500.0,2025-01-02 11:45:00+05:30
217.85,217.85,217.75,217.75,2320.0,1735798800.0,2025-01-02 11:50:00+05:30
217.6,218.2,217.6,218.15,3976.0,1735799100.0,2025-01-02 11:55:00+05:30
218.1,218.1,217.7,217.75,5572.0,1735799400.0,2025-01-02 12:00:00+05:30
217.75,217.75,217.6,217.75,348.0,1735799700.0,2025-01-02 12:05:00+05:30
217.75,217.75,217.6,217.6,1420.0,1735800000.0,2025-01-02 12:10:00+05:30
217.65,217.75,217.65,217.75,1052.0,1735800300.0,2025-01-02 12:15:00+05:30
217.75,218.0,217.75,218.0,44.0,1735800600.0,2025-01-02 12:20:00+05:30
218.0,218.05,217.8,217.8,24.0,1735800900.0,2025-01-02 12:25:00+05:30
217.8,218.1,217.8,217.85,1116.0,1735801200.0,2025-01-02 12:30:00+05:30
218.15,218.15,217.7,218.0,2644.0,1735801500.0,2025-01-02 12:35:00+05:30
218.0,218.0,217.75,217.75,1120.0,1735801800.0,2025-01-02 12:40:00+05:30
217.75,218.0,217.75,218.0,1724.0,1735802100.0,2025-01-02 12:45:00+05:30
218.0,218.25,218.0,218.25,740.0,1735802400.0,2025-01-02 12:50:00+05:30
218.25,218.25,217.75,218.15,1024.0,1735802700.0,2025-01-02 12:55:00+05:30
218.15,218.15,217.85,218.1,140.0,1735803000.0,2025-01-02 13:00:00+05:30
218.1,218.15,217.8,217.8,848.0,1735803300.0,2025-01-02 13:05:00+05:30
218.25,218.25,218.25,218.25,2184.0,1735803600.0,2025-01-02 13:10:00+05:30
218.2,218.25,218.2,218.25,372.0,1735803900.0,2025-01-02 13:15:00+05:30
218.25,218.25,218.25,218.25,28.0,1735804200.0,2025-01-02 13:20:00+05:30
218.25,218.25,218.25,218.25,384.0,1735804500.0,2025-01-02 13:25:00+05:30
218.25,218.25,217.9,218.0,752.0,1735804800.0,2025-01-02 13:30:00+05:30
218.0,218.0,217.75,217.9,1348.0,1735805100.0,2025-01-02 13:35:00+05:30
217.9,218.0,217.8,218.0,76.0,1735805400.0,2025-01-02 13:40:00+05:30
218.0,218.0,217.75,217.85,620.0,1735805700.0,2025-01-02 13:45:00+05:30
217.85,217.85,217.75,217.75,576.0,1735806000.0,2025-01-02 13:50:00+05:30
217.85,217.95,217.7,217.75,3264.0,1735806300.0,2025-01-02 13:55:00+05:30
217.85,217.85,217.65,217.75,268.0,1735806600.0,2025-01-02 14:00:00+05:30
217.85,217.9,217.85,217.9,264.0,1735806900.0,2025-01-02 14:05:00+05:30
217.9,217.95,217.65,217.65,884.0,1735807200.0,2025-01-02 14:10:00+05:30
217.6,217.75,217.6,217.75,1944.0,1735807500.0,2025-01-02 14:15:00+05:30
217.6,217.75,217.5,217.55,2160.0,1735807800.0,2025-01-02 14:20:00+05:30
217.7,217.75,217.55,217.75,820.0,1735808100.0,2025-01-02 14:25:00+05:30
217.75,217.75,217.55,217.6,12824.0,1735808400.0,2025-01-02 14:30:00+05:30
217.75,217.85,217.55,217.85,1460.0,1735808700.0,2025-01-02 14:35:00+05:30
217.5,218.1,217.5,218.0,5848.0,1735809000.0,2025-01-02 14:40:00+05:30
218.0,218.25,218.0,218.2,1040.0,1735809300.0,2025-01-02 14:45:00+05:30
218.4,218.4,218.0,218.2,4320.0,1735809600.0,2025-01-02 14:50:00+05:30
218.2,218.2,218.0,218.0,472.0,1735809900.0,2025-01-02 14:55:00+05:30
218.2,218.2,217.5,217.85,6468.0,1735810200.0,2025-01-02 15:00:00+05:30
217.95,218.0,217.75,218.0,1816.0,1735810500.0,2025-01-02 15:05:00+05:30
218.05,218.55,217.95,218.35,5196.0,1735810800.0,2025-01-02 15:10:00+05:30
218.4,220.25,218.15,220.0,30612.0,1735811100.0,2025-01-02 15:15:00+05:30
219.7,220.0,218.3,220.0,27296.0,1735811400.0,2025-01-02 15:20:00+05:30
219.75,220.0,219.3,219.95,10344.0,1735811700.0,2025-01-02 15:25:00+05:30
217.5,219.6,217.5,219.55,8244.0,1735875900.0,2025-01-03 09:15:00+05:30
218.95,219.7,218.5,219.6,2220.0,1735876200.0,2025-01-03 09:20:00+05:30
219.45,219.5,218.9,219.05,932.0,1735876500.0,2025-01-03 09:25:00+05:30
219.45,219.7,218.9,219.35,1148.0,1735876800.0,2025-01-03 09:30:00+05:30
219.15,219.45,218.4,219.35,4148.0,1735877100.0,2025-01-03 09:35:00+05:30
219.55,219.7,219.45,219.45,1140.0,1735877400.0,2025-01-03 09:40:00+05:30
219.45,219.7,219.4,219.7,592.0,1735877700.0,2025-01-03 09:45:00+05:30
219.7,219.7,218.8,218.8,1372.0,1735878000.0,2025-01-03 09:50:00+05:30
219.15,219.55,219.15,219.55,1104.0,1735878300.0,2025-01-03 09:55:00+05:30
219.25,220.0,219.25,219.7,5180.0,1735878600.0,2025-01-03 10:00:00+05:30
219.95,219.95,218.8,219.15,2844.0,1735878900.0,2025-01-03 10:05:00+05:30
219.15,219.15,218.65,218.95,556.0,1735879200.0,2025-01-03 10:10:00+05:30
218.95,218.95,218.35,218.95,2124.0,1735879500.0,2025-01-03 10:15:00+05:30
219.0,219.7,218.55,219.6,3264.0,1735879800.0,2025-01-03 10:20:00+05:30
219.75,219.75,218.8,219.2,1540.0,1735880100.0,2025-01-03 10:25:00+05:30
219.15,219.25,219.0,219.0,2412.0,1735880400.0,2025-01-03 10:30:00+05:30
219.1,219.15,218.8,219.15,336.0,1735880700.0,2025-01-03 10:35:00+05:30
219.15,219.2,218.95,219.1,236.0,1735881000.0,2025-01-03 10:40:00+05:30
218.75,219.3,218.75,219.3,2648.0,1735881300.0,2025-01-03 10:45:00+05:30
219.4,219.4,218.9,219.0,336.0,1735881600.0,2025-01-03 10:50:00+05:30
219.35,219.5,219.05,219.5,1028.0,1735881900.0,2025-01-03 10:55:00+05:30
219.55,219.85,219.4,219.4,3264.0,1735882200.0,2025-01-03 11:00:00+05:30
219.4,219.85,219.4,219.85,212.0,1735882500.0,2025-01-03 11:05:00+05:30
219.85,219.85,219.3,219.65,760.0,1735882800.0,2025-01-03 11:10:00+05:30
219.65,219.65,219.45,219.65,212.0,1735883100.0,2025-01-03 11:15:00+05:30
219.65,220.0,219.65,219.7,1948.0,1735883400.0,2025-01-03 11:20:00+05:30
219.75,220.0,219.3,219.5,2220.0,1735883700.0,2025-01-03 11:25:00+05:30
219.5,219.85,219.5,219.75,952.0,1735884000.0,2025-01-03 11:30:00+05:30
219.6,220.0,219.6,219.9,656.0,1735884300.0,2025-01-03 11:35:00+05:30
219.9,219.95,219.6,219.6,308.0,1735884600.0,2025-01-03 11:40:00+05:30
219.6,219.9,219.5,219.75,476.0,1735884900.0,2025-01-03 11:45:00+05:30
219.5,219.5,219.15,219.5,704.0,1735885200.0,2025-01-03 11:50:00+05:30
219.3,219.6,219.3,219.6,124.0,1735885500.0,2025-01-03 11:55:00+05:30
219.2,219.75,219.2,219.6,1552.0,1735885800.0,2025-01-03 12:00:00+05:30
219.75,219.75,219.4,219.7,428.0,1735886100.0,2025-01-03 12:05:00+05:30
219.7,219.7,219.7,219.7,36.0,1735886400.0,2025-01-03 12:10:00+05:30
219.7,219.7,219.25,219.25,756.0,1735886700.0,2025-01-03 12:15:00+05:30
219.45,219.6,219.15,219.45,660.0,1735887000.0,2025-01-03 12:20:00+05:30
219.0,219.35,218.0,218.0,8728.0,1735887300.0,2025-01-03 12:25:00+05:30
218.0,218.3,217.7,218.3,7116.0,1735887600.0,2025-01-03 12:30:00+05:30
218.4,218.4,217.8,218.05,644.0,1735887900.0,2025-01-03 12:35:00+05:30
217.8,218.15,217.75,218.15,420.0,1735888200.0,2025-01-03 12:40:00+05:30
218.4,218.4,218.0,218.1,788.0,1735888500.0,2025-01-03 12:45:00+05:30
218.1,219.0,218.1,219.0,12848.0,1735888800.0,2025-01-03 12:50:00+05:30
219.0,219.0,218.55,218.75,1832.0,1735889100.0,2025-01-03 12:55:00+05:30
218.75,218.75,218.75,218.75,512.0,1735889400.0,2025-01-03 13:00:00+05:30
218.65,218.75,218.5,218.5,2472.0,1735889700.0,2025-01-03 13:05:00+05:30
218.5,218.75,218.5,218.75,76.0,1735890000.0,2025-01-03 13:10:00+05:30
218.75,219.0,218.75,218.75,952.0,1735890300.0,2025-01-03 13:15:00+05:30
218.75,218.9,218.65,218.9,172.0,1735890600.0,2025-01-03 13:20:00+05:30
218.65,218.65,218.5,218.5,568.0,1735890900.0,2025-01-03 13:25:00+05:30
218.75,218.75,218.25,218.25,1120.0,1735891200.0,2025-01-03 13:30:00+05:30
218.25,218.25,217.5,217.95,6100.0,1735891500.0,2025-01-03 13:35:00+05:30
217.95,218.3,217.5,218.3,780.0,1735891800.0,2025-01-03 13:40:00+05:30
218.3,218.3,217.9,218.15,80.0,1735892100.0,2025-01-03 13:45:00+05:30
218.15,218.2,218.15,218.2,328.0,1735892400.0,2025-01-03 13:50:00+05:30
218.2,218.35,218.2,218.35,308.0,1735892700.0,2025-01-03 13:55:00+05:30
218.35,218.35,217.65,217.65,896.0,1735893000.0,2025-01-03 14:00:00+05:30
217.75,217.85,217.7,217.85,200.0,1735893300.0,2025-01-03 14:05:00+05:30
217.85,217.85,217.3,217.5,7880.0,1735893600.0,2025-01-03 14:10:00+05:30
217.3,217.5,216.75,217.1,5512.0,1735893900.0,2025-01-03 14:15:00+05:30
217.0,217.2,216.75,217.0,1688.0,1735894200.0,2025-01-03 14:20:00+05:30
216.75,217.45,216.75,217.0,3744.0,1735894500.0,2025-01-03 14:25:00+05:30
217.25,217.25,216.8,217.0,5144.0,1735894800.0,2025-01-03 14:30:00+05:30
217.0,217.0,216.6,216.85,2788.0,1735895100.0,2025-01-03 14:35:00+05:30
216.9,217.0,216.75,216.95,1492.0,1735895400.0,2025-01-03 14:40:00+05:30
217.0,217.15,216.75,217.1,1292.0,1735895700.0,2025-01-03 14:45:00+05:30
217.1,217.45,217.0,217.0,5608.0,1735896000.0,2025-01-03 14:50:00+05:30
217.0,217.2,217.0,217.2,4396.0,1735896300.0,2025-01-03 14:55:00+05:30
217.2,217.2,216.75,216.75,1512.0,1735896600.0,2025-01-03 15:00:00+05:30
216.75,216.85,215.75,216.0,10104.0,1735896900.0,2025-01-03 15:05:00+05:30
216.15,216.4,215.6,216.2,3256.0,1735897200.0,2025-01-03 15:10:00+05:30
215.9,216.7,215.8,216.55,2496.0,1735897500.0,2025-01-03 15:15:00+05:30
216.7,216.7,216.0,216.45,4580.0,1735897800.0,2025-01-03 15:20:00+05:30
216.45,217.25,215.0,217.25,17132.0,1735898100.0,2025-01-03 15:25:00+05:30
218.2,218.75,215.0,215.3,8032.0,1736135100.0,2025-01-06 09:15:00+05:30
215.0,215.3,213.85,213.9,10780.0,1736135400.0,2025-01-06 09:20:00+05:30
214.1,214.35,213.0,213.35,6916.0,1736135700.0,2025-01-06 09:25:00+05:30
213.25,213.9,212.85,213.15,4580.0,1736136000.0,2025-01-06 09:30:00+05:30
212.75,214.5,212.5,214.1,10092.0,1736136300.0,2025-01-06 09:35:00+05:30
213.8,214.0,213.0,213.45,1488.0,1736136600.0,2025-01-06 09:40:00+05:30
213.2,213.65,212.8,213.65,1364.0,1736136900.0,2025-01-06 09:45:00+05:30
213.3,213.3,212.8,212.8,2448.0,1736137200.0,2025-01-06 09:50:00+05:30
212.75,213.7,212.75,213.55,3188.0,1736137500.0,2025-01-06 09:55:00+05:30
213.15,213.65,213.1,213.4,1144.0,1736137800.0,2025-01-06 10:00:00+05:30
212.95,213.6,212.95,213.4,1260.0,1736138100.0,2025-01-06 10:05:00+05:30
213.4,213.4,212.9,212.9,540.0,1736138400.0,2025-01-06 10:10:00+05:30
213.1,213.25,212.55,212.95,4416.0,1736138700.0,2025-01-06 10:15:00+05:30
212.6,212.9,212.5,212.5,3536.0,1736139000.0,2025-01-06 10:20:00+05:30
212.5,212.6,212.15,212.55,3024.0,1736139300.0,2025-01-06 10:25:00+05:30
212.5,212.5,211.7,212.05,936.0,1736139600.0,2025-01-06 10:30:00+05:30
212.0,212.05,211.75,211.8,2400.0,1736139900.0,2025-01-06 10:35:00+05:30
212.05,212.05,211.35,211.65,8500.0,1736140200.0,2025-01-06 10:40:00+05:30
211.7,211.75,211.25,211.6,3412.0,1736140500.0,2025-01-06 10:45:00+05:30
211.6,211.6,210.95,210.95,3052.0,1736140800.0,2025-01-06 10:50:00+05:30
211.2,211.55,210.9,211.4,1500.0,1736141100.0,2025-01-06 10:55:00+05:30
211.15,211.35,210.5,210.7,7780.0,1736141400.0,2025-01-06 11:00:00+05:30
210.7,210.7,209.4,209.55,6936.0,1736141700.0,2025-01-06 11:05:00+05:30
209.75,209.95,209.25,209.6,2848.0,1736142000.0,2025-01-06 11:10:00+05:30
209.75,210.1,209.6,209.8,428.0,1736142300.0,2025-01-06 11:15:00+05:30
210.05,210.1,209.3,210.0,3232.0,1736142600.0,2025-01-06 11:20:00+05:30
209.85,210.1,209.6,209.85,3988.0,1736142900.0,2025-01-06 11:25:00+05:30
209.85,211.0,209.85,210.55,8484.0,1736143200.0,2025-01-06 11:30:00+05:30
210.2,210.25,209.75,210.0,1776.0,1736143500.0,2025-01-06 11:35:00+05:30
209.75,209.9,209.0,209.35,4796.0,1736143800.0,2025-01-06 11:40:00+05:30
209.3,209.3,208.0,208.0,5164.0,1736144100.0,2025-01-06 11:45:00+05:30
208.45,208.5,206.25,206.25,21860.0,1736144400.0,2025-01-06 11:50:00+05:30
206.75,207.15,206.7,206.7,4724.0,1736144700.0,2025-01-06 11:55:00+05:30
206.75,207.4,205.35,206.2,11504.0,1736145000.0,2025-01-06 12:00:00+05:30
206.2,208.15,205.75,207.5,47220.0,1736145300.0,2025-01-06 12:05:00+05:30
207.5,208.0,207.45,207.7,512.0,1736145600.0,2025-01-06 12:10:00+05:30
207.8,207.85,207.4,207.6,5992.0,1736145900.0,2025-01-06 12:15:00+05:30
207.75,208.15,206.85,207.25,11888.0,1736146200.0,2025-01-06 12:20:00+05:30
207.2,207.5,207.05,207.35,2028.0,1736146500.0,2025-01-06 12:25:00+05:30
207.4,207.4,207.05,207.35,2820.0,1736146800.0,2025-01-06 12:30:00+05:30
207.4,208.2,207.2,207.5,9860.0,1736147100.0,2025-01-06 12:35:00+05:30
207.5,207.9,207.3,207.6,3956.0,1736147400.0,2025-01-06 12:40:00+05:30
207.8,209.2,207.5,207.5,11492.0,1736147700.0,2025-01-06 12:45:00+05:30
207.5,207.5,207.05,207.3,1872.0,1736148000.0,2025-01-06 12:50:00+05:30
207.3,207.5,207.0,207.4,1460.0,1736148300.0,2025-01-06 12:55:00+05:30
207.4,207.45,207.0,207.0,800.0,1736148600.0,2025-01-06 13:00:00+05:30
207.25,207.25,206.8,206.8,1368.0,1736148900.0,2025-01-06 13:05:00+05:30
206.8,207.1,206.75,207.05,1268.0,1736149200.0,2025-01-06 13:10:00+05:30
206.75,207.1,206.7,206.8,2256.0,1736149500.0,2025-01-06 13:15:00+05:30
206.85,206.85,206.4,206.4,1072.0,1736149800.0,2025-01-06 13:20:00+05:30
206.3,206.8,206.3,206.35,2180.0,1736150100.0,2025-01-06 13:25:00+05:30
206.65,206.8,205.8,205.9,3384.0,1736150400.0,2025-01-06 13:30:00+05:30
206.25,206.45,205.9,206.4,1276.0,1736150700.0,2025-01-06 13:35:00+05:30
206.4,206.5,206.0,206.5,580.0,1736151000.0,2025-01-06 13:40:00+05:30
206.0,206.25,205.8,206.0,1180.0,1736151300.0,2025-01-06 13:45:00+05:30
205.8,205.8,204.5,204.9,6244.0,1736151600.0,2025-01-06 13:50:00+05:30
205.05,205.25,204.55,205.25,4368.0,1736151900.0,2025-01-06 13:55:00+05:30
205.25,205.5,205.0,205.05,2536.0,1736152200.0,2025-01-06 14:00:00+05:30
205.25,205.6,205.0,205.25,4000.0,1736152500.0,2025-01-06 14:05:00+05:30
205.25,205.25,205.0,205.2,1920.0,1736152800.0,2025-01-06 14:10:00+05:30
205.2,205.4,204.55,205.4,4980.0,1736153100.0,2025-01-06 14:15:00+05:30
205.5,205.7,205.2,205.65,1100.0,1736153400.0,2025-01-06 14:20:00+05:30
205.45,205.7,204.75,205.05,768.0,1736153700.0,2025-01-06 14:25:00+05:30
205.1,205.25,204.65,205.0,2596.0,1736154000.0,2025-01-06 14:30:00+05:30
205.15,205.15,203.3,204.5,16256.0,1736154300.0,2025-01-06 14:35:00+05:30
204.5,204.7,203.8,204.25,1744.0,1736154600.0,2025-01-06 14:40:00+05:30
204.0,205.0,204.0,205.0,1500.0,1736154900.0,2025-01-06 14:45:00+05:30
204.6,205.1,204.55,204.75,3076.0,1736155200.0,2025-01-06 14:50:00+05:30
205.0,205.2,204.6,205.2,4684.0,1736155500.0,2025-01-06 14:55:00+05:30
204.9,204.9,204.0,204.0,9524.0,1736155800.0,2025-01-06 15:00:00+05:30
204.0,204.7,204.0,204.5,8740.0,1736156100.0,2025-01-06 15:05:00+05:30
204.7,204.75,203.95,204.25,2784.0,1736156400.0,2025-01-06 15:10:00+05:30
204.0,204.55,203.6,203.9,10544.0,1736156700.0,2025-01-06 15:15:00+05:30
204.0,204.25,203.15,204.05,28868.0,1736157000.0,2025-01-06 15:20:00+05:30
204.0,204.75,203.25,204.25,15772.0,1736157300.0,2025-01-06 15:25:00+05:30
205.75,206.25,203.55,205.1,13012.0,1736221500.0,2025-01-07 09:15:00+05:30
204.5,205.05,201.75,204.95,25228.0,1736221800.0,2025-01-07 09:20:00+05:30
204.1,204.6,202.85,203.75,5040.0,1736222100.0,2025-01-07 09:25:00+05:30
204.15,204.85,204.0,204.85,3536.0,1736222400.0,2025-01-07 09:30:00+05:30
204.9,205.0,204.45,204.6,988.0,1736222700.0,2025-01-07 09:35:00+05:30
204.7,205.1,204.55,204.7,1132.0,1736223000.0,2025-01-07 09:40:00+05:30
205.0,205.0,203.5,203.5,2036.0,1736223300.0,2025-01-07 09:45:00+05:30
203.6,204.4,203.45,203.6,1060.0,1736223600.0,2025-01-07 09:50:00+05:30
203.3,204.1,203.0,203.35,4480.0,1736223900.0,2025-01-07 09:55:00+05:30
203.6,203.6,202.9,203.25,2932.0,1736224200.0,2025-01-07 10:00:00+05:30
203.25,203.5,202.9,202.9,824.0,1736224500.0,2025-01-07 10:05:00+05:30
203.35,204.5,203.3,204.5,1732.0,1736224800.0,2025-01-07 10:10:00+05:30
204.55,204.55,204.2,204.3,596.0,1736225100.0,2025-01-07 10:15:00+05:30
203.85,204.45,203.85,204.45,528.0,1736225400.0,2025-01-07 10:20:00+05:30
204.45,204.7,203.0,204.0,7588.0,1736225700.0,2025-01-07 10:25:00+05:30
204.0,204.6,203.55,203.85,1748.0,1736226000.0,2025-01-07 10:30:00+05:30
203.85,203.85,203.25,203.5,1028.0,1736226300.0,2025-01-07 10:35:00+05:30
203.5,203.75,203.5,203.75,512.0,1736226600.0,2025-01-07 10:40:00+05:30
203.75,203.75,202.95,202.95,2412.0,1736226900.0,2025-01-07 10:45:00+05:30
203.4,203.6,202.95,203.0,2040.0,1736227200.0,2025-01-07 10:50:00+05:30
203.3,203.6,202.75,203.6,2328.0,1736227500.0,2025-01-07 10:55:00+05:30
203.0,203.75,203.0,203.5,2156.0,1736227800.0,2025-01-07 11:00:00+05:30
203.45,203.6,203.0,203.4,3288.0,1736228100.0,2025-01-07 11:05:00+05:30
203.35,203.5,203.3,203.5,4632.0,1736228400.0,2025-01-07 11:10:00+05:30
203.5,203.5,203.05,203.25,4704.0,1736228700.0,2025-01-07 11:15:00+05:30
203.25,203.5,203.25,203.5,12472.0,1736229000.0,2025-01-07 11:20:00+05:30
203.5,205.0,203.5,204.7,4412.0,1736229300.0,2025-01-07 11:25:00+05:30
204.85,205.55,204.6,205.55,1536.0,1736229600.0,2025-01-07 11:30:00+05:30
205.75,205.75,205.15,205.15,808.0,1736229900.0,2025-01-07 11:35:00+05:30
205.0,205.05,205.0,205.0,92.0,1736230200.0,2025-01-07 11:40:00+05:30
205.1,205.1,204.75,204.75,720.0,1736230500.0,2025-01-07 11:45:00+05:30
204.5,204.9,204.5,204.5,1088.0,1736230800.0,2025-01-07 11:50:00+05:30
204.4,205.4,204.4,204.95,5480.0,1736231100.0,2025-01-07 11:55:00+05:30
205.0,205.0,204.15,204.85,4924.0,1736231400.0,2025-01-07 12:00:00+05:30
204.85,205.25,203.55,204.2,8400.0,1736231700.0,2025-01-07 12:05:00+05:30
204.6,204.6,203.8,203.8,808.0,1736232000.0,2025-01-07 12:10:00+05:30
204.25,204.25,204.2,204.2,68.0,1736232300.0,2025-01-07 12:15:00+05:30
204.2,204.35,203.9,203.9,580.0,1736232600.0,2025-01-07 12:20:00+05:30
204.25,204.55,204.05,204.55,804.0,1736232900.0,2025-01-07 12:25:00+05:30
204.55,204.55,204.25,204.45,76.0,1736233200.0,2025-01-07 12:30:00+05:30
204.45,204.5,204.45,204.45,604.0,1736233500.0,2025-01-07 12:35:00+05:30
204.45,204.55,204.45,204.55,532.0,1736233800.0,2025-01-07 12:40:00+05:30
204.6,204.6,204.15,204.55,432.0,1736234100.0,2025-01-07 12:45:00+05:30
204.55,204.6,204.2,204.45,204.0,1736234400.0,2025-01-07 12:50:00+05:30
204.45,204.45,204.4,204.4,60.0,1736234700.0,2025-01-07 12:55:00+05:30
204.4,204.4,204.4,204.4,56.0,1736235000.0,2025-01-07 13:00:00+05:30
204.4,204.6,204.4,204.4,1368.0,1736235300.0,2025-01-07 13:05:00+05:30
204.6,204.6,204.4,204.6,368.0,1736235600.0,2025-01-07 13:10:00+05:30
204.6,204.6,204.6,204.6,900.0,1736235900.0,2025-01-07 13:15:00+05:30
204.6,205.0,204.6,204.75,4268.0,1736236200.0,2025-01-07 13:20:00+05:30
204.75,204.75,204.4,204.75,208.0,1736236500.0,2025-01-07 13:25:00+05:30
204.4,206.5,204.3,205.75,13776.0,1736236800.0,2025-01-07 13:30:00+05:30
206.05,206.05,205.55,205.95,472.0,1736237100.0,2025-01-07 13:35:00+05:30
205.7,205.7,205.4,205.4,1076.0,1736237400.0,2025-01-07 13:40:00+05:30
205.4,205.55,205.3,205.3,156.0,1736237700.0,2025-01-07 13:45:00+05:30
205.3,205.55,204.75,204.95,2120.0,1736238000.0,2025-01-07 13:50:00+05:30
205.0,205.4,204.85,204.85,1244.0,1736238300.0,2025-01-07 13:55:00+05:30
204.85,205.4,204.85,205.4,112.0,1736238600.0,2025-01-07 14:00:00+05:30
205.4,205.4,205.1,205.4,348.0,1736238900.0,2025-01-07 14:05:00+05:30
205.4,205.4,205.4,205.4,40.0,1736239200.0,2025-01-07 14:10:00+05:30
205.4,205.9,205.4,205.9,120.0,1736239500.0,2025-01-07 14:15:00+05:30
205.6,205.6,205.3,205.55,372.0,1736239800.0,2025-01-07 14:20:00+05:30
205.6,205.6,204.4,204.4,1896.0,1736240100.0,2025-01-07 14:25:00+05:30
204.4,204.75,204.4,204.5,172.0,1736240400.0,2025-01-07 14:30:00+05:30
204.25,204.55,203.95,204.55,2408.0,1736240700.0,2025-01-07 14:35:00+05:30
204.55,204.65,204.35,204.4,580.0,1736241000.0,2025-01-07 14:40:00+05:30
204.4,204.6,204.0,204.25,424.0,1736241300.0,2025-01-07 14:45:00+05:30
204.25,204.55,204.25,204.55,136.0,1736241600.0,2025-01-07 14:50:00+05:30
204.4,204.65,204.4,204.5,664.0,1736241900.0,2025-01-07 14:55:00+05:30
204.6,204.9,204.5,204.8,1172.0,1736242200.0,2025-01-07 15:00:00+05:30
204.6,204.75,204.0,204.4,2612.0,1736242500.0,2025-01-07 15:05:00+05:30
204.3,204.7,204.0,204.3,2044.0,1736242800.0,2025-01-07 15:10:00+05:30
204.0,205.0,204.0,205.0,5548.0,1736243100.0,2025-01-07 15:15:00+05:30
204.75,205.0,204.25,204.25,8676.0,1736243400.0,2025-01-07 15:20:00+05:30
204.75,205.0,204.25,205.0,4884.0,1736243700.0,2025-01-07 15:25:00+05:30
206.25,207.25,205.0,206.55,13348.0,1736307900.0,2025-01-08 09:15:00+05:30
206.45,206.55,205.0,205.25,5524.0,1736308200.0,2025-01-08 09:20:00+05:30
205.25,205.3,204.2,204.45,1428.0,1736308500.0,2025-01-08 09:25:00+05:30
204.45,204.45,203.5,203.75,2032.0,1736308800.0,2025-01-08 09:30:00+05:30
203.75,204.25,203.4,204.25,2728.0,1736309100.0,2025-01-08 09:35:00+05:30
204.25,204.75,203.9,204.15,352.0,1736309400.0,2025-01-08 09:40:00+05:30
204.15,204.15,203.4,204.1,1344.0,1736309700.0,2025-01-08 09:45:00+05:30
204.1,204.8,204.1,204.8,1116.0,1736310000.0,2025-01-08 09:50:00+05:30
204.8,205.05,204.2,204.55,976.0,1736310300.0,2025-01-08 09:55:00+05:30
204.7,205.05,204.4,204.5,1948.0,1736310600.0,2025-01-08 10:00:00+05:30
204.3,204.4,203.8,204.1,560.0,1736310900.0,2025-01-08 10:05:00+05:30
204.5,205.35,204.2,205.0,1120.0,1736311200.0,2025-01-08 10:10:00+05:30
205.05,205.85,205.05,205.75,1620.0,1736311500.0,2025-01-08 10:15:00+05:30
205.5,205.5,204.7,205.0,856.0,1736311800.0,2025-01-08 10:20:00+05:30
204.9,205.3,204.9,205.25,3276.0,1736312100.0,2025-01-08 10:25:00+05:30
205.35,205.35,204.75,205.0,1432.0,1736312400.0,2025-01-08 10:30:00+05:30
205.0,206.0,205.0,206.0,4684.0,1736312700.0,2025-01-08 10:35:00+05:30
205.6,205.65,204.25,204.55,1948.0,1736313000.0,2025-01-08 10:40:00+05:30
204.3,204.65,204.2,204.5,1216.0,1736313300.0,2025-01-08 10:45:00+05:30
204.85,204.9,204.25,204.4,1592.0,1736313600.0,2025-01-08 10:50:00+05:30
204.35,204.65,204.35,204.65,664.0,1736313900.0,2025-01-08 10:55:00+05:30
204.65,204.65,204.1,204.2,1452.0,1736314200.0,2025-01-08 11:00:00+05:30
204.2,204.6,204.2,204.6,232.0,1736314500.0,2025-01-08 11:05:00+05:30
204.65,204.8,204.5,204.8,376.0,1736314800.0,2025-01-08 11:10:00+05:30
204.8,204.8,204.25,204.7,312.0,1736315100.0,2025-01-08 11:15:00+05:30
204.45,204.45,204.4,204.4,272.0,1736315400.0,2025-01-08 11:20:00+05:30
204.4,204.9,204.4,204.65,676.0,1736315700.0,2025-01-08 11:25:00+05:30
204.65,205.0,204.65,205.0,568.0,1736316000.0,2025-01-08 11:30:00+05:30
205.0,205.0,204.4,204.4,448.0,1736316300.0,2025-01-08 11:35:00+05:30
204.4,204.4,204.05,204.2,236.0,1736316600.0,2025-01-08 11:40:00+05:30
204.2,204.45,203.9,203.9,596.0,1736316900.0,2025-01-08 11:45:00+05:30
204.1,204.2,203.85,204.2,836.0,1736317200.0,2025-01-08 11:50:00+05:30
204.2,204.7,203.85,204.6,800.0,1736317500.0,2025-01-08 11:55:00+05:30
204.25,204.4,203.65,203.85,1804.0,1736317800.0,2025-01-08 12:00:00+05:30
203.6,203.85,203.5,203.5,1152.0,1736318100.0,2025-01-08 12:05:00+05:30
203.75,203.75,203.05,203.05,1432.0,1736318400.0,2025-01-08 12:10:00+05:30
203.05,203.2,202.8,202.9,5336.0,1736318700.0,2025-01-08 12:15:00+05:30
203.15,203.15,202.9,203.05,212.0,1736319000.0,2025-01-08 12:20:00+05:30
203.05,203.05,202.8,202.8,584.0,1736319300.0,2025-01-08 12:25:00+05:30
202.8,203.05,202.5,202.75,2420.0,1736319600.0,2025-01-08 12:30:00+05:30
202.85,203.0,202.85,203.0,928.0,1736319900.0,2025-01-08 12:35:00+05:30
203.0,203.7,203.0,203.45,1120.0,1736320200.0,2025-01-08 12:40:00+05:30
203.4,203.4,203.1,203.2,320.0,1736320500.0,2025-01-08 12:45:00+05:30
203.2,203.35,202.9,203.25,476.0,1736320800.0,2025-01-08 12:50:00+05:30
203.25,203.45,203.15,203.15,244.0,1736321100.0,2025-01-08 12:55:00+05:30
203.1,203.1,202.7,202.95,1344.0,1736321400.0,2025-01-08 13:00:00+05:30
203.0,203.0,202.8,202.95,2252.0,1736321700.0,2025-01-08 13:05:00+05:30
203.2,203.2,202.85,202.95,348.0,1736322000.0,2025-01-08 13:10:00+05:30
202.95,202.95,202.25,202.8,2848.0,1736322300.0,2025-01-08 13:15:00+05:30
203.0,203.2,202.65,202.95,356.0,1736322600.0,2025-01-08 13:20:00+05:30
202.7,203.3,202.7,203.3,236.0,1736322900.0,2025-01-08 13:25:00+05:30
203.3,203.4,203.1,203.4,108.0,1736323200.0,2025-01-08 13:30:00+05:30
203.4,203.55,203.1,203.25,920.0,1736323500.0,2025-01-08 13:35:00+05:30
203.3,203.65,203.25,203.25,556.0,1736323800.0,2025-01-08 13:40:00+05:30
203.3,203.85,203.3,203.4,716.0,1736324100.0,2025-01-08 13:45:00+05:30
203.5,203.8,203.5,203.55,732.0,1736324400.0,2025-01-08 13:50:00+05:30
203.55,203.6,202.9,203.4,1580.0,1736324700.0,2025-01-08 13:55:00+05:30
203.4,203.4,202.9,203.1,452.0,1736325000.0,2025-01-08 14:00:00+05:30
203.3,203.4,203.3,203.4,1056.0,1736325300.0,2025-01-08 14:05:00+05:30
203.4,203.95,203.4,203.95,404.0,1736325600.0,2025-01-08 14:10:00+05:30
203.95,203.95,203.4,203.75,5520.0,1736325900.0,2025-01-08 14:15:00+05:30
203.75,203.75,203.75,203.75,132.0,1736326200.0,2025-01-08 14:20:00+05:30
203.75,203.9,203.6,203.8,396.0,1736326500.0,2025-01-08 14:25:00+05:30
203.8,203.8,203.75,203.75,188.0,1736326800.0,2025-01-08 14:30:00+05:30
203.75,203.8,203.25,203.25,1016.0,1736327100.0,2025-01-08 14:35:00+05:30
203.05,203.25,202.8,203.1,960.0,1736327400.0,2025-01-08 14:40:00+05:30
203.1,203.1,202.4,202.5,3864.0,1736327700.0,2025-01-08 14:45:00+05:30
202.5,202.7,200.9,201.9,27732.0,1736328000.0,2025-01-08 14:50:00+05:30
201.9,201.95,201.6,201.85,1136.0,1736328300.0,2025-01-08 14:55:00+05:30
201.8,202.25,201.65,202.1,1828.0,1736328600.0,2025-01-08 15:00:00+05:30
202.1,202.3,202.1,202.15,584.0,1736328900.0,2025-01-08 15:05:00+05:30
202.3,202.4,202.0,202.2,1044.0,1736329200.0,2025-01-08 15:10:00+05:30
202.3,202.3,200.5,201.5,13340.0,1736329500.0,2025-01-08 15:15:00+05:30
201.7,202.0,201.7,201.75,4176.0,1736329800.0,2025-01-08 15:20:00+05:30
202.2,203.15,201.4,203.0,8372.0,1736330100.0,2025-01-08 15:25:00+05:30
201.7,202.5,200.75,202.25,1612.0,1736394300.0,2025-01-09 09:15:00+05:30
202.5,202.5,201.9,202.3,2612.0,1736394600.0,2025-01-09 09:20:00+05:30
202.25,202.45,202.05,202.15,2460.0,1736394900.0,2025-01-09 09:25:00+05:30
202.4,202.45,201.95,202.1,780.0,1736395200.0,2025-01-09 09:30:00+05:30
202.1,202.5,201.9,202.35,788.0,1736395500.0,2025-01-09 09:35:00+05:30
202.35,202.5,202.15,202.45,796.0,1736395800.0,2025-01-09 09:40:00+05:30
202.15,202.5,202.0,202.25,2200.0,1736396100.0,2025-01-09 09:45:00+05:30
202.3,202.4,201.95,201.95,316.0,1736396400.0,2025-01-09 09:50:00+05:30
201.95,202.1,201.7,202.1,280.0,1736396700.0,2025-01-09 09:55:00+05:30
202.3,202.3,200.95,201.95,3876.0,1736397000.0,2025-01-09 10:00:00+05:30
201.9,202.5,201.75,202.35,5528.0,1736397300.0,2025-01-09 10:05:00+05:30
202.35,202.35,202.05,202.35,204.0,1736397600.0,2025-01-09 10:10:00+05:30
202.1,202.2,201.6,202.2,1368.0,1736397900.0,2025-01-09 10:15:00+05:30
202.3,202.3,201.25,201.45,2652.0,1736398200.0,2025-01-09 10:20:00+05:30
201.7,202.05,201.45,202.05,484.0,1736398500.0,2025-01-09 10:25:00+05:30
202.05,202.45,201.0,201.0,3916.0,1736398800.0,2025-01-09 10:30:00+05:30
201.25,201.25,200.8,201.0,1124.0,1736399100.0,2025-01-09 10:35:00+05:30
200.85,201.25,200.75,200.75,960.0,1736399400.0,2025-01-09 10:40:00+05:30
201.0,201.25,200.75,200.75,2648.0,1736399700.0,2025-01-09 10:45:00+05:30
201.05,201.05,200.75,201.0,716.0,1736400000.0,2025-01-09 10:50:00+05:30
201.0,201.05,200.7,200.75,564.0,1736400300.0,2025-01-09 10:55:00+05:30
200.7,200.75,200.7,200.75,112.0,1736400600.0,2025-01-09 11:00:00+05:30
200.75,201.0,200.75,201.0,396.0,1736400900.0,2025-01-09 11:05:00+05:30
201.0,201.05,200.75,200.8,1000.0,1736401200.0,2025-01-09 11:10:00+05:30
200.9,201.25,200.9,201.25,684.0,1736401500.0,2025-01-09 11:15:00+05:30
201.25,201.25,200.7,200.7,708.0,1736401800.0,2025-01-09 11:20:00+05:30
201.1,201.1,200.8,200.8,256.0,1736402100.0,2025-01-09 11:25:00+05:30
200.8,201.1,200.75,201.1,292.0,1736402400.0,2025-01-09 11:30:00+05:30
200.8,201.25,200.65,201.25,1040.0,1736402700.0,2025-01-09 11:35:00+05:30
201.2,201.2,200.9,200.9,248.0,1736403000.0,2025-01-09 11:40:00+05:30
200.9,200.9,200.7,200.9,76.0,1736403300.0,2025-01-09 11:45:00+05:30
200.9,200.9,200.7,200.85,672.0,1736403600.0,2025-01-09 11:50:00+05:30
200.7,200.85,200.5,200.5,1348.0,1736403900.0,2025-01-09 11:55:00+05:30
200.5,201.0,200.5,200.75,1352.0,1736404200.0,2025-01-09 12:00:00+05:30
201.0,201.0,200.75,200.8,220.0,1736404500.0,2025-01-09 12:05:00+05:30
200.8,201.1,200.8,200.9,144.0,1736404800.0,2025-01-09 12:10:00+05:30
200.9,201.25,200.85,201.15,940.0,1736405100.0,2025-01-09 12:15:00+05:30
201.15,201.25,201.0,201.0,416.0,1736405400.0,2025-01-09 12:20:00+05:30
201.0,201.1,200.8,201.1,180.0,1736405700.0,2025-01-09 12:25:00+05:30
200.75,201.0,200.55,200.7,784.0,1736406000.0,2025-01-09 12:30:00+05:30
200.75,201.1,200.7,200.75,160.0,1736406300.0,2025-01-09 12:35:00+05:30
200.75,201.1,200.75,201.0,400.0,1736406600.0,2025-01-09 12:40:00+05:30
201.0,201.0,200.7,200.95,208.0,1736406900.0,2025-01-09 12:45:00+05:30
200.95,201.1,200.95,201.1,212.0,1736407200.0,2025-01-09 12:50:00+05:30
201.1,201.25,200.75,201.0,292.0,1736407500.0,2025-01-09 12:55:00+05:30
201.1,201.25,200.75,200.75,772.0,1736407800.0,2025-01-09 13:00:00+05:30
200.75,201.0,200.75,201.0,44.0,1736408100.0,2025-01-09 13:05:00+05:30
201.0,201.0,200.75,200.75,324.0,1736408400.0,2025-01-09 13:10:00+05:30
200.75,201.0,200.75,201.0,216.0,1736408700.0,2025-01-09 13:15:00+05:30
201.0,201.0,201.0,201.0,176.0,1736409000.0,2025-01-09 13:20:00+05:30
201.0,201.1,200.8,200.8,460.0,1736409300.0,2025-01-09 13:25:00+05:30
200.75,200.9,200.55,200.9,176.0,1736409600.0,2025-01-09 13:30:00+05:30
200.9,200.95,200.5,200.5,756.0,1736409900.0,2025-01-09 13:35:00+05:30
200.45,200.75,200.4,200.4,2152.0,1736410200.0,2025-01-09 13:40:00+05:30
200.4,201.0,199.5,200.55,47964.0,1736410500.0,2025-01-09 13:45:00+05:30
200.4,201.25,198.75,199.45,53532.0,1736410800.0,2025-01-09 13:50:00+05:30
199.55,199.7,199.0,199.0,8468.0,1736411100.0,2025-01-09 13:55:00+05:30
199.2,200.15,197.3,197.5,46292.0,1736411400.0,2025-01-09 14:00:00+05:30
197.6,198.5,197.25,198.45,7080.0,1736411700.0,2025-01-09 14:05:00+05:30
198.25,198.45,197.85,198.45,1244.0,1736412000.0,2025-01-09 14:10:00+05:30
198.25,198.3,197.9,198.0,4508.0,1736412300.0,2025-01-09 14:15:00+05:30
198.45,198.5,198.2,198.2,724.0,1736412600.0,2025-01-09 14:20:00+05:30
198.4,198.5,197.75,198.0,2976.0,1736412900.0,2025-01-09 14:25:00+05:30
198.3,198.5,197.75,197.75,300.0,1736413200.0,2025-01-09 14:30:00+05:30
197.75,198.2,197.75,198.1,572.0,1736413500.0,2025-01-09 14:35:00+05:30
197.85,197.85,197.5,197.7,1892.0,1736413800.0,2025-01-09 14:40:00+05:30
197.5,198.25,197.25,198.2,2780.0,1736414100.0,2025-01-09 14:45:00+05:30
198.2,198.25,197.9,198.25,1092.0,1736414400.0,2025-01-09 14:50:00+05:30
198.1,198.4,197.95,198.35,2476.0,1736414700.0,2025-01-09 14:55:00+05:30
198.4,198.4,196.75,197.6,8716.0,1736415000.0,2025-01-09 15:00:00+05:30
197.7,197.9,195.65,196.95,12820.0,1736415300.0,2025-01-09 15:05:00+05:30
197.0,197.3,196.5,197.3,4476.0,1736415600.0,2025-01-09 15:10:00+05:30
197.25,197.45,196.45,197.25,9688.0,1736415900.0,2025-01-09 15:15:00+05:30
197.25,198.0,197.05,197.4,10148.0,1736416200.0,2025-01-09 15:20:00+05:30
197.35,199.95,197.15,199.95,7048.0,1736416500.0,2025-01-09 15:25:00+05:30
196.2,196.2,191.5,192.2,80252.0,1736480700.0,2025-01-10 09:15:00+05:30
191.5,193.2,190.5,192.85,32640.0,1736481000.0,2025-01-10 09:20:00+05:30
192.4,193.7,191.6,192.95,21440.0,1736481300.0,2025-01-10 09:25:00+05:30
193.05,193.75,192.6,193.75,6972.0,1736481600.0,2025-01-10 09:30:00+05:30
193.75,193.9,190.55,191.1,10252.0,1736481900.0,2025-01-10 09:35:00+05:30
190.55,193.2,190.55,193.2,8000.0,1736482200.0,2025-01-10 09:40:00+05:30
192.7,192.95,191.4,191.9,3768.0,1736482500.0,2025-01-10 09:45:00+05:30
191.6,191.8,190.3,190.5,7644.0,1736482800.0,2025-01-10 09:50:00+05:30
190.3,191.05,190.05,190.05,15192.0,1736483100.0,2025-01-10 09:55:00+05:30
190.4,190.75,188.5,189.1,11112.0,1736483400.0,2025-01-10 10:00:00+05:30
188.5,190.45,188.25,189.4,10712.0,1736483700.0,2025-01-10 10:05:00+05:30
189.2,191.1,189.2,189.95,5724.0,1736484000.0,2025-01-10 10:10:00+05:30
190.25,191.3,190.05,191.25,12184.0,1736484300.0,2025-01-10 10:15:00+05:30
191.55,193.65,191.15,193.1,20764.0,1736484600.0,2025-01-10 10:20:00+05:30
193.5,193.55,192.0,193.35,7464.0,1736484900.0,2025-01-10 10:25:00+05:30
193.4,193.65,192.95,193.15,3264.0,1736485200.0,2025-01-10 10:30:00+05:30
193.45,193.7,192.4,193.0,4244.0,1736485500.0,2025-01-10 10:35:00+05:30
193.0,193.75,192.9,193.75,1440.0,1736485800.0,2025-01-10 10:40:00+05:30
193.8,193.8,193.2,193.25,1764.0,1736486100.0,2025-01-10 10:45:00+05:30
193.2,193.5,192.45,193.4,3992.0,1736486400.0,2025-01-10 10:50:00+05:30
193.45,193.75,193.4,193.5,996.0,1736486700.0,2025-01-10 10:55:00+05:30
193.9,194.3,193.85,193.9,3596.0,1736487000.0,2025-01-10 11:00:00+05:30
193.9,194.05,193.7,194.05,2652.0,1736487300.0,2025-01-10 11:05:00+05:30
194.0,194.2,193.75,193.75,8660.0,1736487600.0,2025-01-10 11:10:00+05:30
193.75,194.1,193.4,193.85,5716.0,1736487900.0,2025-01-10 11:15:00+05:30
193.85,193.85,193.4,193.4,1596.0,1736488200.0,2025-01-10 11:20:00+05:30
193.75,193.8,192.6,193.05,2544.0,1736488500.0,2025-01-10 11:25:00+05:30
192.65,193.45,192.25,193.3,6124.0,1736488800.0,2025-01-10 11:30:00+05:30
193.3,193.6,192.65,193.6,1544.0,1736489100.0,2025-01-10 11:35:00+05:30
193.3,193.45,192.4,192.8,5376.0,1736489400.0,2025-01-10 11:40:00+05:30
192.9,192.95,192.5,192.75,1420.0,1736489700.0,2025-01-10 11:45:00+05:30
192.9,192.95,192.55,192.65,3196.0,1736490000.0,2025-01-10 11:50:00+05:30
192.8,193.05,192.65,192.8,492.0,1736490300.0,2025-01-10 11:55:00+05:30
193.3,193.35,193.0,193.0,2988.0,1736490600.0,2025-01-10 12:00:00+05:30
193.25,193.25,192.85,193.1,1452.0,1736490900.0,2025-01-10 12:05:00+05:30
193.15,193.4,192.5,192.75,7916.0,1736491200.0,2025-01-10 12:10:00+05:30
192.8,193.35,192.8,193.1,4088.0,1736491500.0,2025-01-10 12:15:00+05:30
192.5,192.75,192.05,192.4,13076.0,1736491800.0,2025-01-10 12:20:00+05:30
192.0,192.5,191.85,192.2,6492.0,1736492100.0,2025-01-10 12:25:00+05:30
192.2,192.5,191.8,191.8,4940.0,1736492400.0,2025-01-10 12:30:00+05:30
192.1,192.1,191.8,191.85,568.0,1736492700.0,2025-01-10 12:35:00+05:30
192.25,192.45,191.6,192.4,4764.0,1736493000.0,2025-01-10 12:40:00+05:30
192.4,192.4,191.7,191.7,3296.0,1736493300.0,2025-01-10 12:45:00+05:30
191.75,192.0,191.3,191.4,5280.0,1736493600.0,2025-01-10 12:50:00+05:30
191.8,192.3,191.65,191.95,4096.0,1736493900.0,2025-01-10 12:55:00+05:30
191.85,192.05,191.85,192.05,484.0,1736494200.0,2025-01-10 13:00:00+05:30
192.05,192.15,191.3,191.3,580.0,1736494500.0,2025-01-10 13:05:00+05:30
191.0,191.55,190.85,191.2,9560.0,1736494800.0,2025-01-10 13:10:00+05:30
191.4,191.65,191.1,191.2,27432.0,1736495100.0,2025-01-10 13:15:00+05:30
191.2,191.6,191.05,191.3,3588.0,1736495400.0,2025-01-10 13:20:00+05:30
191.5,191.55,191.0,191.0,7576.0,1736495700.0,2025-01-10 13:25:00+05:30
191.2,191.2,190.0,190.45,8404.0,1736496000.0,2025-01-10 13:30:00+05:30
190.45,191.65,190.45,191.4,10384.0,1736496300.0,2025-01-10 13:35:00+05:30
191.7,191.7,191.2,191.3,7388.0,1736496600.0,2025-01-10 13:40:00+05:30
191.3,191.65,191.25,191.25,2756.0,1736496900.0,2025-01-10 13:45:00+05:30
191.25,191.5,191.25,191.5,940.0,1736497200.0,2025-01-10 13:50:00+05:30
191.25,191.6,191.0,191.0,6576.0,1736497500.0,2025-01-10 13:55:00+05:30
191.0,191.0,190.5,190.75,2480.0,1736497800.0,2025-01-10 14:00:00+05:30
190.9,190.95,190.5,190.8,2664.0,1736498100.0,2025-01-10 14:05:00+05:30
190.9,190.9,190.05,190.05,1248.0,1736498400.0,2025-01-10 14:10:00+05:30
189.95,190.45,189.75,189.95,3496.0,1736498700.0,2025-01-10 14:15:00+05:30
189.95,190.3,189.9,190.0,908.0,1736499000.0,2025-01-10 14:20:00+05:30
190.0,190.4,189.7,190.05,8768.0,1736499300.0,2025-01-10 14:25:00+05:30
190.25,190.35,189.65,189.95,4052.0,1736499600.0,2025-01-10 14:30:00+05:30
190.05,190.2,189.5,189.75,2832.0,1736499900.0,2025-01-10 14:35:00+05:30
189.55,189.75,189.0,189.7,2980.0,1736500200.0,2025-01-10 14:40:00+05:30
189.5,189.7,189.3,189.65,1160.0,1736500500.0,2025-01-10 14:45:00+05:30
189.4,189.75,189.4,189.75,1856.0,1736500800.0,2025-01-10 14:50:00+05:30
189.75,190.0,189.45,189.85,3352.0,1736501100.0,2025-01-10 14:55:00+05:30
189.9,190.0,189.05,189.2,2172.0,1736501400.0,2025-01-10 15:00:00+05:30
189.2,189.8,189.0,189.65,3464.0,1736501700.0,2025-01-10 15:05:00+05:30
189.75,189.85,188.8,188.8,5188.0,1736502000.0,2025-01-10 15:10:00+05:30
188.8,189.15,187.7,187.7,31312.0,1736502300.0,2025-01-10 15:15:00+05:30
188.05,188.35,187.55,187.9,29676.0,1736502600.0,2025-01-10 15:20:00+05:30
187.9,189.75,187.5,188.75,18692.0,1736502900.0,2025-01-10 15:25:00+05:30
182.5,188.2,182.5,183.85,16288.0,1736739900.0,2025-01-13 09:15:00+05:30
184.15,187.2,184.15,186.05,30464.0,1736740200.0,2025-01-13 09:20:00+05:30
185.7,186.05,183.4,185.25,6888.0,1736740500.0,2025-01-13 09:25:00+05:30
185.5,186.25,184.75,186.1,5564.0,1736740800.0,2025-01-13 09:30:00+05:30
186.0,186.05,183.4,183.8,8148.0,1736741100.0,2025-01-13 09:35:00+05:30
183.7,184.9,183.4,184.9,2068.0,1736741400.0,2025-01-13 09:40:00+05:30
184.95,185.7,183.9,184.15,7820.0,1736741700.0,2025-01-13 09:45:00+05:30
184.15,185.0,184.15,184.4,3300.0,1736742000.0,2025-01-13 09:50:00+05:30
184.2,184.55,183.45,183.95,3000.0,1736742300.0,2025-01-13 09:55:00+05:30
184.0,184.4,182.45,184.4,17580.0,1736742600.0,2025-01-13 10:00:00+05:30
184.45,184.75,183.9,184.6,1744.0,1736742900.0,2025-01-13 10:05:00+05:30
184.85,185.05,184.7,185.0,2820.0,1736743200.0,2025-01-13 10:10:00+05:30
185.0,185.25,184.25,184.4,8784.0,1736743500.0,2025-01-13 10:15:00+05:30
184.4,184.95,184.1,184.55,2616.0,1736743800.0,2025-01-13 10:20:00+05:30
184.15,184.15,181.95,183.25,19268.0,1736744100.0,2025-01-13 10:25:00+05:30
183.6,183.6,182.9,183.55,3008.0,1736744400.0,2025-01-13 10:30:00+05:30
183.55,183.7,183.0,183.55,3240.0,1736744700.0,2025-01-13 10:35:00+05:30
183.75,184.65,183.65,183.75,7476.0,1736745000.0,2025-01-13 10:40:00+05:30
183.75,183.8,183.5,183.55,2040.0,1736745300.0,2025-01-13 10:45:00+05:30
183.4,183.85,183.4,183.5,1292.0,1736745600.0,2025-01-13 10:50:00+05:30
183.6,183.9,183.15,183.4,3368.0,1736745900.0,2025-01-13 10:55:00+05:30
183.3,183.6,183.05,183.25,1376.0,1736746200.0,2025-01-13 11:00:00+05:30
182.95,183.25,182.7,183.1,1148.0,1736746500.0,2025-01-13 11:05:00+05:30
182.9,183.1,182.6,182.65,2084.0,1736746800.0,2025-01-13 11:10:00+05:30
182.35,182.6,181.3,182.3,5764.0,1736747100.0,2025-01-13 11:15:00+05:30
182.3,182.45,181.9,182.3,1452.0,1736747400.0,2025-01-13 11:20:00+05:30
182.3,182.45,181.65,181.8,5304.0,1736747700.0,2025-01-13 11:25:00+05:30
181.9,182.15,180.3,181.5,9144.0,1736748000.0,2025-01-13 11:30:00+05:30
181.5,181.7,181.1,181.15,1900.0,1736748300.0,2025-01-13 11:35:00+05:30
181.25,181.25,180.8,180.9,1804.0,1736748600.0,2025-01-13 11:40:00+05:30
181.0,181.0,175.9,179.75,71220.0,1736748900.0,2025-01-13 11:45:00+05:30
179.7,180.5,179.3,179.9,10900.0,1736749200.0,2025-01-13 11:50:00+05:30
180.1,180.5,179.7,180.2,5348.0,1736749500.0,2025-01-13 11:55:00+05:30
180.25,180.45,179.95,180.2,2792.0,1736749800.0,2025-01-13 12:00:00+05:30
180.2,180.5,180.05,180.45,3768.0,1736750100.0,2025-01-13 12:05:00+05:30
180.5,180.7,180.2,180.6,2008.0,1736750400.0,2025-01-13 12:10:00+05:30
180.7,180.75,180.05,180.05,996.0,1736750700.0,2025-01-13 12:15:00+05:30
180.3,180.55,180.05,180.55,1024.0,1736751000.0,2025-01-13 12:20:00+05:30
180.4,180.8,180.4,180.4,1500.0,1736751300.0,2025-01-13 12:25:00+05:30
180.65,180.85,180.15,180.7,3220.0,1736751600.0,2025-01-13 12:30:00+05:30
180.9,180.9,180.05,180.6,5068.0,1736751900.0,2025-01-13 12:35:00+05:30
180.8,180.95,180.55,180.75,1268.0,1736752200.0,2025-01-13 12:40:00+05:30
180.5,180.7,180.1,180.3,2592.0,1736752500.0,2025-01-13 12:45:00+05:30
180.55,181.25,180.3,180.5,1868.0,1736752800.0,2025-01-13 12:50:00+05:30
180.85,181.25,180.3,180.75,2432.0,1736753100.0,2025-01-13 12:55:00+05:30
180.75,180.75,180.55,180.6,676.0,1736753400.0,2025-01-13 13:00:00+05:30
180.15,180.5,180.15,180.5,4528.0,1736753700.0,2025-01-13 13:05:00+05:30
180.5,181.05,180.05,181.0,9972.0,1736754000.0,2025-01-13 13:10:00+05:30
180.95,181.1,180.15,180.35,1852.0,1736754300.0,2025-01-13 13:15:00+05:30
180.7,180.85,180.4,180.8,1588.0,1736754600.0,2025-01-13 13:20:00+05:30
180.55,181.1,180.55,180.9,1124.0,1736754900.0,2025-01-13 13:25:00+05:30
181.05,181.1,180.6,180.8,768.0,1736755200.0,2025-01-13 13:30:00+05:30
180.9,181.1,180.55,180.8,1604.0,1736755500.0,2025-01-13 13:35:00+05:30
180.85,181.0,180.5,180.5,924.0,1736755800.0,2025-01-13 13:40:00+05:30
180.55,180.85,180.0,180.05,2404.0,1736756100.0,2025-01-13 13:45:00+05:30
180.05,180.75,179.9,180.75,7552.0,1736756400.0,2025-01-13 13:50:00+05:30
181.0,181.0,180.45,180.75,2396.0,1736756700.0,2025-01-13 13:55:00+05:30
180.55,180.65,180.25,180.65,1128.0,1736757000.0,2025-01-13 14:00:00+05:30
180.65,180.8,180.25,180.55,3376.0,1736757300.0,2025-01-13 14:05:00+05:30
180.45,180.9,180.4,180.9,4592.0,1736757600.0,2025-01-13 14:10:00+05:30
180.95,180.95,180.5,180.5,1212.0,1736757900.0,2025-01-13 14:15:00+05:30
180.5,180.75,180.4,180.7,1500.0,1736758200.0,2025-01-13 14:20:00+05:30
180.4,180.65,180.2,180.65,14732.0,1736758500.0,2025-01-13 14:25:00+05:30
180.35,180.6,180.2,180.2,3556.0,1736758800.0,2025-01-13 14:30:00+05:30
180.4,180.6,180.2,180.2,4776.0,1736759100.0,2025-01-13 14:35:00+05:30
180.35,180.6,180.2,180.6,2632.0,1736759400.0,2025-01-13 14:40:00+05:30
180.6,180.6,180.0,180.2,8268.0,1736759700.0,2025-01-13 14:45:00+05:30
180.0,180.5,180.0,180.5,4904.0,1736760000.0,2025-01-13 14:50:00+05:30
180.75,180.75,180.05,180.4,1960.0,1736760300.0,2025-01-13 14:55:00+05:30
180.55,180.9,180.45,180.7,1848.0,1736760600.0,2025-01-13 15:00:00+05:30
180.45,181.25,180.2,181.25,12320.0,1736760900.0,2025-01-13 15:05:00+05:30
180.8,181.15,180.5,181.1,3368.0,1736761200.0,2025-01-13 15:10:00+05:30
181.25,181.4,180.2,180.75,10628.0,1736761500.0,2025-01-13 15:15:00+05:30
180.7,182.2,180.2,182.2,12140.0,1736761800.0,2025-01-13 15:20:00+05:30
182.15,182.2,180.4,182.0,4684.0,1736762100.0,2025-01-13 15:25:00+05:30
181.85,184.85,181.4,183.1,9108.0,1736826300.0,2025-01-14 09:15:00+05:30
183.35,183.5,181.25,181.75,6720.0,1736826600.0,2025-01-14 09:20:00+05:30
181.75,182.1,180.9,182.1,13752.0,1736826900.0,2025-01-14 09:25:00+05:30
181.65,182.6,181.25,182.55,9820.0,1736827200.0,2025-01-14 09:30:00+05:30
182.7,182.7,181.45,181.8,3672.0,1736827500.0,2025-01-14 09:35:00+05:30
181.8,183.15,181.25,183.0,4700.0,1736827800.0,2025-01-14 09:40:00+05:30
183.1,183.25,182.55,182.55,3640.0,1736828100.0,2025-01-14 09:45:00+05:30
182.5,182.5,180.95,181.1,2672.0,1736828400.0,2025-01-14 09:50:00+05:30
181.0,181.75,181.0,181.55,5364.0,1736828700.0,2025-01-14 09:55:00+05:30
182.0,182.45,181.5,181.7,1336.0,1736829000.0,2025-01-14 10:00:00+05:30
181.8,182.75,181.55,182.75,7896.0,1736829300.0,2025-01-14 10:05:00+05:30
182.55,183.7,182.55,183.7,1880.0,1736829600.0,2025-01-14 10:10:00+05:30
183.4,183.55,181.05,181.15,15180.0,1736829900.0,2025-01-14 10:15:00+05:30
181.5,182.05,181.35,182.0,1648.0,1736830200.0,2025-01-14 10:20:00+05:30
181.9,182.35,181.45,181.95,4232.0,1736830500.0,2025-01-14 10:25:00+05:30
182.05,183.1,182.05,182.95,3152.0,1736830800.0,2025-01-14 10:30:00+05:30
183.2,183.2,182.45,182.85,4988.0,1736831100.0,2025-01-14 10:35:00+05:30
183.05,183.75,182.85,182.85,4644.0,1736831400.0,2025-01-14 10:40:00+05:30
183.2,183.5,182.8,183.5,1064.0,1736831700.0,2025-01-14 10:45:00+05:30
183.05,183.6,183.05,183.15,1724.0,1736832000.0,2025-01-14 10:50:00+05:30
183.5,183.5,182.65,183.35,1288.0,1736832300.0,2025-01-14 10:55:00+05:30
183.35,183.35,182.9,183.0,984.0,1736832600.0,2025-01-14 11:00:00+05:30
183.0,183.05,182.4,183.05,1556.0,1736832900.0,2025-01-14 11:05:00+05:30
182.7,183.0,182.6,183.0,2036.0,1736833200.0,2025-01-14 11:10:00+05:30
183.0,183.35,182.5,182.8,4220.0,1736833500.0,2025-01-14 11:15:00+05:30
182.75,182.95,182.55,182.95,672.0,1736833800.0,2025-01-14 11:20:00+05:30
182.95,183.35,182.95,183.2,1452.0,1736834100.0,2025-01-14 11:25:00+05:30
183.2,183.25,182.75,183.1,1268.0,1736834400.0,2025-01-14 11:30:00+05:30
183.1,183.1,182.8,182.9,556.0,1736834700.0,2025-01-14 11:35:00+05:30
182.9,182.9,182.5,182.6,2648.0,1736835000.0,2025-01-14 11:40:00+05:30
182.9,183.0,182.7,182.75,316.0,1736835300.0,2025-01-14 11:45:00+05:30
182.75,183.2,182.0,183.0,3936.0,1736835600.0,2025-01-14 11:50:00+05:30
182.7,183.0,182.7,183.0,112.0,1736835900.0,2025-01-14 11:55:00+05:30
183.0,183.45,182.9,183.45,3752.0,1736836200.0,2025-01-14 12:00:00+05:30
183.2,183.2,182.8,182.95,588.0,1736836500.0,2025-01-14 12:05:00+05:30
183.0,183.0,182.9,182.95,512.0,1736836800.0,2025-01-14 12:10:00+05:30
182.95,183.4,182.75,183.0,5996.0,1736837100.0,2025-01-14 12:15:00+05:30
182.8,183.25,182.8,183.25,1188.0,1736837400.0,2025-01-14 12:20:00+05:30
182.85,183.1,182.5,182.5,8628.0,1736837700.0,2025-01-14 12:25:00+05:30
182.45,182.45,182.25,182.25,800.0,1736838000.0,2025-01-14 12:30:00+05:30
182.3,182.5,182.25,182.4,324.0,1736838300.0,2025-01-14 12:35:00+05:30
182.65,182.75,182.4,182.55,264.0,1736838600.0,2025-01-14 12:40:00+05:30
182.45,182.5,182.3,182.3,772.0,1736838900.0,2025-01-14 12:45:00+05:30
182.3,182.55,182.25,182.45,356.0,1736839200.0,2025-01-14 12:50:00+05:30
182.25,182.65,182.2,182.65,3372.0,1736839500.0,2025-01-14 12:55:00+05:30
182.4,182.4,182.3,182.3,512.0,1736839800.0,2025-01-14 13:00:00+05:30
182.35,182.5,182.3,182.3,4588.0,1736840100.0,2025-01-14 13:05:00+05:30
182.2,182.85,182.15,182.85,1236.0,1736840400.0,2025-01-14 13:10:00+05:30
182.95,183.75,182.5,182.9,5384.0,1736840700.0,2025-01-14 13:15:00+05:30
182.8,183.05,182.8,182.8,528.0,1736841000.0,2025-01-14 13:20:00+05:30
183.05,183.55,183.0,183.5,340.0,1736841300.0,2025-01-14 13:25:00+05:30
183.5,183.5,183.05,183.4,1216.0,1736841600.0,2025-01-14 13:30:00+05:30
183.4,183.55,183.15,183.55,500.0,1736841900.0,2025-01-14 13:35:00+05:30
183.55,183.55,183.3,183.3,88.0,1736842200.0,2025-01-14 13:40:00+05:30
183.3,183.55,182.65,182.95,1248.0,1736842500.0,2025-01-14 13:45:00+05:30
182.95,183.3,182.85,183.3,568.0,1736842800.0,2025-01-14 13:50:00+05:30
183.3,183.5,182.8,183.5,228.0,1736843100.0,2025-01-14 13:55:00+05:30
183.5,183.65,183.5,183.5,276.0,1736843400.0,2025-01-14 14:00:00+05:30
183.5,183.6,183.3,183.35,1284.0,1736843700.0,2025-01-14 14:05:00+05:30
183.35,183.4,183.1,183.4,132.0,1736844000.0,2025-01-14 14:10:00+05:30
183.25,183.65,183.25,183.65,1112.0,1736844300.0,2025-01-14 14:15:00+05:30
183.65,183.75,183.45,183.75,604.0,1736844600.0,2025-01-14 14:20:00+05:30
183.5,183.8,183.3,183.6,140.0,1736844900.0,2025-01-14 14:25:00+05:30
183.6,183.85,183.5,183.5,776.0,1736845200.0,2025-01-14 14:30:00+05:30
183.5,184.3,183.3,184.3,2192.0,1736845500.0,2025-01-14 14:35:00+05:30
184.2,184.2,183.95,183.95,328.0,1736845800.0,2025-01-14 14:40:00+05:30
183.95,183.95,183.6,183.6,364.0,1736846100.0,2025-01-14 14:45:00+05:30
183.9,184.1,183.65,184.1,408.0,1736846400.0,2025-01-14 14:50:00+05:30
183.65,184.0,183.4,183.5,948.0,1736846700.0,2025-01-14 14:55:00+05:30
183.8,184.25,183.45,184.25,2784.0,1736847000.0,2025-01-14 15:00:00+05:30
184.25,184.25,183.75,184.25,1056.0,1736847300.0,2025-01-14 15:05:00+05:30
184.3,184.75,184.3,184.3,2156.0,1736847600.0,2025-01-14 15:10:00+05:30
184.6,186.25,184.05,185.05,4660.0,1736847900.0,2025-01-14 15:15:00+05:30
185.05,185.05,183.8,184.45,2232.0,1736848200.0,2025-01-14 15:20:00+05:30
184.45,185.75,182.8,183.5,11228.0,1736848500.0,2025-01-14 15:25:00+05:30
183.0,187.45,181.3,185.75,3812.0,1736912700.0,2025-01-15 09:15:00+05:30
186.2,186.3,185.5,185.6,4444.0,1736913000.0,2025-01-15 09:20:00+05:30
185.45,185.7,185.4,185.4,2956.0,1736913300.0,2025-01-15 09:25:00+05:30
185.45,185.5,185.0,185.1,2648.0,1736913600.0,2025-01-15 09:30:00+05:30
184.65,185.25,184.65,185.25,2564.0,1736913900.0,2025-01-15 09:35:00+05:30
184.9,186.1,184.9,186.1,3704.0,1736914200.0,2025-01-15 09:40:00+05:30
186.05,186.25,185.7,185.7,3372.0,1736914500.0,2025-01-15 09:45:00+05:30
185.7,186.0,185.6,186.0,1244.0,1736914800.0,2025-01-15 09:50:00+05:30
186.0,186.25,185.5,186.1,4232.0,1736915100.0,2025-01-15 09:55:00+05:30
186.35,186.75,186.25,186.5,6044.0,1736915400.0,2025-01-15 10:00:00+05:30
186.45,186.55,186.3,186.4,884.0,1736915700.0,2025-01-15 10:05:00+05:30
186.25,186.25,185.8,186.0,336.0,1736916000.0,2025-01-15 10:10:00+05:30
186.05,186.8,186.05,186.8,1104.0,1736916300.0,2025-01-15 10:15:00+05:30
186.8,187.5,186.8,187.3,1488.0,1736916600.0,2025-01-15 10:20:00+05:30
187.5,187.6,187.25,187.25,1340.0,1736916900.0,2025-01-15 10:25:00+05:30
187.25,187.45,186.75,186.85,936.0,1736917200.0,2025-01-15 10:30:00+05:30
187.3,187.35,187.3,187.3,1312.0,1736917500.0,2025-01-15 10:35:00+05:30
187.35,187.35,187.3,187.35,276.0,1736917800.0,2025-01-15 10:40:00+05:30
187.5,188.25,187.5,188.25,2140.0,1736918100.0,2025-01-15 10:45:00+05:30
188.25,188.25,187.95,187.95,780.0,1736918400.0,2025-01-15 10:50:00+05:30
187.95,187.95,187.0,187.0,516.0,1736918700.0,2025-01-15 10:55:00+05:30
187.05,187.5,187.05,187.35,1824.0,1736919000.0,2025-01-15 11:00:00+05:30
187.45,187.95,187.4,187.7,448.0,1736919300.0,2025-01-15 11:05:00+05:30
187.7,187.7,187.5,187.7,1808.0,1736919600.0,2025-01-15 11:10:00+05:30
187.5,187.85,187.5,187.85,556.0,1736919900.0,2025-01-15 11:15:00+05:30
187.85,187.95,187.85,187.95,176.0,1736920200.0,2025-01-15 11:20:00+05:30
187.95,188.0,187.65,188.0,928.0,1736920500.0,2025-01-15 11:25:00+05:30
188.0,188.0,187.5,187.5,900.0,1736920800.0,2025-01-15 11:30:00+05:30
187.5,187.85,187.5,187.75,232.0,1736921100.0,2025-01-15 11:35:00+05:30
187.75,187.8,187.5,187.8,456.0,1736921400.0,2025-01-15 11:40:00+05:30
187.8,188.0,187.55,188.0,240.0,1736921700.0,2025-01-15 11:45:00+05:30
187.75,188.0,187.75,187.8,372.0,1736922000.0,2025-01-15 11:50:00+05:30
187.8,188.0,187.7,188.0,572.0,1736922300.0,2025-01-15 11:55:00+05:30
188.05,188.25,188.0,188.25,176.0,1736922600.0,2025-01-15 12:00:00+05:30
188.25,188.25,187.5,187.5,4108.0,1736922900.0,2025-01-15 12:05:00+05:30
187.5,187.5,187.05,187.3,348.0,1736923200.0,2025-01-15 12:10:00+05:30
187.3,187.8,187.3,187.55,320.0,1736923500.0,2025-01-15 12:15:00+05:30
187.55,187.6,187.55,187.6,112.0,1736923800.0,2025-01-15 12:20:00+05:30
187.35,187.6,187.3,187.6,720.0,1736924100.0,2025-01-15 12:25:00+05:30
187.6,187.6,187.3,187.4,3116.0,1736924400.0,2025-01-15 12:30:00+05:30
187.4,187.4,187.3,187.3,100.0,1736924700.0,2025-01-15 12:35:00+05:30
187.3,187.45,187.3,187.45,328.0,1736925000.0,2025-01-15 12:40:00+05:30
187.45,188.0,187.45,188.0,668.0,1736925300.0,2025-01-15 12:45:00+05:30
187.95,187.95,187.55,187.55,36.0,1736925600.0,2025-01-15 12:50:00+05:30
187.8,187.8,187.3,187.5,348.0,1736925900.0,2025-01-15 12:55:00+05:30
187.3,187.3,187.0,187.25,828.0,1736926200.0,2025-01-15 13:00:00+05:30
187.25,187.4,187.25,187.4,32.0,1736926500.0,2025-01-15 13:05:00+05:30
187.15,187.15,186.25,186.5,3836.0,1736926800.0,2025-01-15 13:10:00+05:30
186.3,186.3,185.6,185.9,4608.0,1736927100.0,2025-01-15 13:15:00+05:30
185.5,186.0,185.5,185.95,3376.0,1736927400.0,2025-01-15 13:20:00+05:30
186.1,186.2,185.9,186.15,364.0,1736927700.0,2025-01-15 13:25:00+05:30
185.9,186.15,184.95,186.15,8604.0,1736928000.0,2025-01-15 13:30:00+05:30
186.25,187.45,186.2,186.3,4292.0,1736928300.0,2025-01-15 13:35:00+05:30
186.4,186.85,185.9,185.9,1916.0,1736928600.0,2025-01-15 13:40:00+05:30
185.9,185.9,185.05,185.25,1556.0,1736928900.0,2025-01-15 13:45:00+05:30
185.25,185.4,184.85,184.95,3024.0,1736929200.0,2025-01-15 13:50:00+05:30
184.95,185.3,184.65,184.85,560.0,1736929500.0,2025-01-15 13:55:00+05:30
184.8,185.0,184.6,185.0,320.0,1736929800.0,2025-01-15 14:00:00+05:30
185.0,185.0,184.65,184.65,292.0,1736930100.0,2025-01-15 14:05:00+05:30
184.5,184.9,184.5,184.9,388.0,1736930400.0,2025-01-15 14:10:00+05:30
184.85,184.85,184.4,184.4,236.0,1736930700.0,2025-01-15 14:15:00+05:30
184.4,184.7,183.9,184.05,1272.0,1736931000.0,2025-01-15 14:20:00+05:30
184.2,184.35,183.75,184.15,1484.0,1736931300.0,2025-01-15 14:25:00+05:30
184.2,184.3,184.0,184.15,288.0,1736931600.0,2025-01-15 14:30:00+05:30
183.85,184.85,183.8,184.4,1744.0,1736931900.0,2025-01-15 14:35:00+05:30
184.45,185.5,184.3,185.2,2900.0,1736932200.0,2025-01-15 14:40:00+05:30
185.2,185.25,184.4,184.95,1716.0,1736932500.0,2025-01-15 14:45:00+05:30
184.8,185.05,184.2,184.8,2264.0,1736932800.0,2025-01-15 14:50:00+05:30
185.05,185.25,184.85,185.2,1208.0,1736933100.0,2025-01-15 14:55:00+05:30
185.25,185.25,184.6,184.6,3536.0,1736933400.0,2025-01-15 15:00:00+05:30
184.65,184.65,183.25,183.7,9656.0,1736933700.0,2025-01-15 15:05:00+05:30
183.7,184.95,183.7,184.7,5708.0,1736934000.0,2025-01-15 15:10:00+05:30
184.35,184.5,183.8,183.9,3440.0,1736934300.0,2025-01-15 15:15:00+05:30
184.35,184.75,183.95,184.25,3116.0,1736934600.0,2025-01-15 15:20:00+05:30
184.35,186.25,184.0,186.0,6364.0,1736934900.0,2025-01-15 15:25:00+05:30
185.25,188.95,185.25,186.85,3704.0,1736999100.0,2025-01-16 09:15:00+05:30
187.45,187.5,186.8,187.0,2356.0,1736999400.0,2025-01-16 09:20:00+05:30
186.75,187.1,186.75,186.75,352.0,1736999700.0,2025-01-16 09:25:00+05:30
186.75,187.0,186.3,186.3,1900.0,1737000000.0,2025-01-16 09:30:00+05:30
186.75,186.9,186.5,186.9,764.0,1737000300.0,2025-01-16 09:35:00+05:30
187.0,187.4,186.6,187.25,4904.0,1737000600.0,2025-01-16 09:40:00+05:30
187.15,187.45,187.15,187.45,328.0,1737000900.0,2025-01-16 09:45:00+05:30
187.45,187.45,187.05,187.25,528.0,1737001200.0,2025-01-16 09:50:00+05:30
187.2,187.2,186.8,186.8,428.0,1737001500.0,2025-01-16 09:55:00+05:30
186.85,187.0,186.5,186.8,1212.0,1737001800.0,2025-01-16 10:00:00+05:30
186.4,186.8,186.25,186.45,1176.0,1737002100.0,2025-01-16 10:05:00+05:30
186.75,186.75,185.9,185.9,1332.0,1737002400.0,2025-01-16 10:10:00+05:30
186.3,186.3,185.9,186.0,160.0,1737002700.0,2025-01-16 10:15:00+05:30
186.5,186.75,186.3,186.5,584.0,1737003000.0,2025-01-16 10:20:00+05:30
186.6,186.6,186.45,186.5,300.0,1737003300.0,2025-01-16 10:25:00+05:30
186.4,186.45,186.05,186.45,344.0,1737003600.0,2025-01-16 10:30:00+05:30
186.45,186.45,185.7,186.15,2524.0,1737003900.0,2025-01-16 10:35:00+05:30
186.5,186.5,186.3,186.35,684.0,1737004200.0,2025-01-16 10:40:00+05:30
186.25,186.5,185.95,186.05,964.0,1737004500.0,2025-01-16 10:45:00+05:30
186.2,186.2,185.7,185.9,348.0,1737004800.0,2025-01-16 10:50:00+05:30
186.0,186.1,185.8,185.8,928.0,1737005100.0,2025-01-16 10:55:00+05:30
185.75,185.85,185.4,185.4,1320.0,1737005400.0,2025-01-16 11:00:00+05:30
185.4,185.7,185.35,185.5,152.0,1737005700.0,2025-01-16 11:05:00+05:30
185.35,186.35,185.1,185.8,13668.0,1737006000.0,2025-01-16 11:10:00+05:30
185.75,186.05,185.15,185.15,640.0,1737006300.0,2025-01-16 11:15:00+05:30
185.25,185.25,185.0,185.0,208.0,1737006600.0,2025-01-16 11:20:00+05:30
185.0,185.45,185.0,185.4,324.0,1737006900.0,2025-01-16 11:25:00+05:30
185.15,185.4,185.0,185.1,452.0,1737007200.0,2025-01-16 11:30:00+05:30
185.4,185.45,185.4,185.45,728.0,1737007500.0,2025-01-16 11:35:00+05:30
185.5,185.95,185.45,185.45,1216.0,1737007800.0,2025-01-16 11:40:00+05:30
185.5,185.5,185.2,185.5,480.0,1737008100.0,2025-01-16 11:45:00+05:30
185.25,185.5,185.1,185.4,260.0,1737008400.0,2025-01-16 11:50:00+05:30
185.4,185.4,185.05,185.3,412.0,1737008700.0,2025-01-16 11:55:00+05:30
185.3,185.55,185.0,185.5,1508.0,1737009000.0,2025-01-16 12:00:00+05:30
185.6,185.6,185.0,185.0,468.0,1737009300.0,2025-01-16 12:05:00+05:30
185.0,185.4,185.0,185.05,436.0,1737009600.0,2025-01-16 12:10:00+05:30
185.05,185.05,184.95,185.05,1928.0,1737009900.0,2025-01-16 12:15:00+05:30
185.3,185.3,183.8,184.75,6520.0,1737010200.0,2025-01-16 12:20:00+05:30
184.8,184.8,184.55,184.55,112.0,1737010500.0,2025-01-16 12:25:00+05:30
184.5,185.0,184.5,184.85,168.0,1737010800.0,2025-01-16 12:30:00+05:30
184.75,184.75,184.3,184.6,2776.0,1737011100.0,2025-01-16 12:35:00+05:30
184.2,184.3,184.0,184.3,164.0,1737011400.0,2025-01-16 12:40:00+05:30
184.3,184.65,184.3,184.65,228.0,1737011700.0,2025-01-16 12:45:00+05:30
184.75,184.85,183.8,183.8,1572.0,1737012000.0,2025-01-16 12:50:00+05:30
184.25,184.5,184.05,184.25,756.0,1737012300.0,2025-01-16 12:55:00+05:30
184.2,184.55,184.2,184.3,1240.0,1737012600.0,2025-01-16 13:00:00+05:30
184.3,184.55,184.3,184.55,20.0,1737012900.0,2025-01-16 13:05:00+05:30
184.5,184.5,184.5,184.5,68.0,1737013200.0,2025-01-16 13:10:00+05:30
185.45,185.45,184.5,184.5,4180.0,1737013500.0,2025-01-16 13:15:00+05:30
184.8,184.9,184.5,184.5,888.0,1737013800.0,2025-01-16 13:20:00+05:30
184.5,184.5,184.15,184.15,244.0,1737014100.0,2025-01-16 13:25:00+05:30
184.05,184.3,184.0,184.0,64.0,1737014400.0,2025-01-16 13:30:00+05:30
184.35,184.75,184.2,184.75,1664.0,1737014700.0,2025-01-16 13:35:00+05:30
184.75,185.0,184.5,185.0,840.0,1737015000.0,2025-01-16 13:40:00+05:30
185.0,185.0,185.0,185.0,16.0,1737015300.0,2025-01-16 13:45:00+05:30
185.1,185.25,184.9,185.2,1644.0,1737015600.0,2025-01-16 13:50:00+05:30
184.95,185.1,184.8,184.85,196.0,1737015900.0,2025-01-16 13:55:00+05:30
184.8,185.05,184.8,184.8,224.0,1737016200.0,2025-01-16 14:00:00+05:30
184.8,184.95,184.65,184.95,444.0,1737016500.0,2025-01-16 14:05:00+05:30
184.95,185.2,184.95,184.95,116.0,1737016800.0,2025-01-16 14:10:00+05:30
185.2,185.3,184.9,184.9,512.0,1737017100.0,2025-01-16 14:15:00+05:30
184.9,185.1,184.75,185.1,112.0,1737017400.0,2025-01-16 14:20:00+05:30
185.1,185.5,184.85,185.0,1608.0,1737017700.0,2025-01-16 14:25:00+05:30
185.2,185.45,185.2,185.25,728.0,1737018000.0,2025-01-16 14:30:00+05:30
185.3,185.4,185.1,185.4,380.0,1737018300.0,2025-01-16 14:35:00+05:30
185.05,185.4,185.05,185.25,152.0,1737018600.0,2025-01-16 14:40:00+05:30
185.25,185.25,184.75,185.2,756.0,1737018900.0,2025-01-16 14:45:00+05:30
185.1,185.65,185.1,185.6,1024.0,1737019200.0,2025-01-16 14:50:00+05:30
185.6,185.6,184.75,184.75,2964.0,1737019500.0,2025-01-16 14:55:00+05:30
184.65,185.1,183.8,185.1,6020.0,1737019800.0,2025-01-16 15:00:00+05:30
184.75,185.5,184.75,185.4,3796.0,1737020100.0,2025-01-16 15:05:00+05:30
185.4,187.0,185.4,185.9,3796.0,1737020400.0,2025-01-16 15:10:00+05:30
185.9,185.9,185.4,185.55,4684.0,1737020700.0,2025-01-16 15:15:00+05:30
185.55,186.25,185.35,185.7,4936.0,1737021000.0,2025-01-16 15:20:00+05:30
185.7,186.45,185.7,185.7,6032.0,1737021300.0,2025-01-16 15:25:00+05:30
184.8,187.4,184.55,184.95,1100.0,1737085500.0,2025-01-17 09:15:00+05:30
185.0,186.2,185.0,185.45,4636.0,1737085800.0,2025-01-17 09:20:00+05:30
185.85,186.25,185.5,185.75,4308.0,1737086100.0,2025-01-17 09:25:00+05:30
185.75,185.75,185.25,185.5,3244.0,1737086400.0,2025-01-17 09:30:00+05:30
185.5,185.8,185.5,185.8,244.0,1737086700.0,2025-01-17 09:35:00+05:30
185.8,186.15,185.65,185.65,924.0,1737087000.0,2025-01-17 09:40:00+05:30
185.8,185.85,185.8,185.85,1084.0,1737087300.0,2025-01-17 09:45:00+05:30
185.85,186.65,185.85,186.65,2684.0,1737087600.0,2025-01-17 09:50:00+05:30
186.65,187.25,186.65,187.25,776.0,1737087900.0,2025-01-17 09:55:00+05:30
187.25,187.3,187.05,187.15,836.0,1737088200.0,2025-01-17 10:00:00+05:30
187.15,187.3,187.15,187.3,772.0,1737088500.0,2025-01-17 10:05:00+05:30
187.15,187.15,186.9,187.0,580.0,1737088800.0,2025-01-17 10:10:00+05:30
187.1,187.1,186.9,187.1,108.0,1737089100.0,2025-01-17 10:15:00+05:30
187.1,187.1,186.2,186.9,7660.0,1737089400.0,2025-01-17 10:20:00+05:30
186.95,187.25,186.95,187.25,752.0,1737089700.0,2025-01-17 10:25:00+05:30
186.9,186.9,186.25,186.85,3732.0,1737090000.0,2025-01-17 10:30:00+05:30
186.85,186.85,186.15,186.55,852.0,1737090300.0,2025-01-17 10:35:00+05:30
186.55,186.55,186.1,186.25,1100.0,1737090600.0,2025-01-17 10:40:00+05:30
186.25,186.25,185.7,185.7,2008.0,1737090900.0,2025-01-17 10:45:00+05:30
185.7,185.85,185.5,185.85,564.0,1737091200.0,2025-01-17 10:50:00+05:30
185.9,186.15,185.75,185.95,600.0,1737091500.0,2025-01-17 10:55:00+05:30
185.95,186.5,185.75,186.25,2604.0,1737091800.0,2025-01-17 11:00:00+05:30
186.25,186.25,185.55,185.95,616.0,1737092100.0,2025-01-17 11:05:00+05:30
185.95,186.15,185.8,186.15,1044.0,1737092400.0,2025-01-17 11:10:00+05:30
185.95,186.25,185.9,186.2,500.0,1737092700.0,2025-01-17 11:15:00+05:30
186.2,186.2,185.9,185.9,132.0,1737093000.0,2025-01-17 11:20:00+05:30
185.9,186.45,185.9,186.4,1176.0,1737093300.0,2025-01-17 11:25:00+05:30
186.45,186.45,186.05,186.3,432.0,1737093600.0,2025-01-17 11:30:00+05:30
186.4,186.4,185.85,185.85,432.0,1737093900.0,2025-01-17 11:35:00+05:30
186.05,186.3,185.95,186.3,160.0,1737094200.0,2025-01-17 11:40:00+05:30
186.4,186.4,185.65,185.65,1420.0,1737094500.0,2025-01-17 11:45:00+05:30
185.85,185.85,185.55,185.55,208.0,1737094800.0,2025-01-17 11:50:00+05:30
185.55,186.0,185.55,186.0,56.0,1737095100.0,2025-01-17 11:55:00+05:30
186.0,186.2,185.9,186.1,128.0,1737095400.0,2025-01-17 12:00:00+05:30
186.25,186.35,185.95,186.15,864.0,1737095700.0,2025-01-17 12:05:00+05:30
186.4,186.4,185.8,186.05,316.0,1737096000.0,2025-01-17 12:10:00+05:30
186.05,186.2,186.0,186.0,92.0,1737096300.0,2025-01-17 12:15:00+05:30
185.95,186.3,185.95,185.95,884.0,1737096600.0,2025-01-17 12:20:00+05:30
185.9,185.9,185.5,185.5,540.0,1737096900.0,2025-01-17 12:25:00+05:30
185.5,186.0,185.5,186.0,1732.0,1737097200.0,2025-01-17 12:30:00+05:30
185.95,186.3,185.95,186.3,764.0,1737097500.0,2025-01-17 12:35:00+05:30
186.3,186.45,186.3,186.45,764.0,1737097800.0,2025-01-17 12:40:00+05:30
186.4,186.45,186.1,186.1,236.0,1737098100.0,2025-01-17 12:45:00+05:30
186.0,186.3,185.8,186.05,1084.0,1737098400.0,2025-01-17 12:50:00+05:30
186.15,186.25,185.9,186.25,684.0,1737098700.0,2025-01-17 12:55:00+05:30
186.25,186.3,185.95,186.3,124.0,1737099000.0,2025-01-17 13:00:00+05:30
186.25,186.25,185.95,185.95,152.0,1737099300.0,2025-01-17 13:05:00+05:30
185.9,186.25,185.9,186.0,716.0,1737099600.0,2025-01-17 13:10:00+05:30
186.0,186.0,186.0,186.0,0.0,1737099900.0,2025-01-17 13:15:00+05:30
186.25,186.25,186.0,186.25,172.0,1737100200.0,2025-01-17 13:20:00+05:30
186.25,186.45,186.25,186.45,312.0,1737100500.0,2025-01-17 13:25:00+05:30
186.45,186.45,186.4,186.4,140.0,1737100800.0,2025-01-17 13:30:00+05:30
186.45,186.45,186.2,186.45,1304.0,1737101100.0,2025-01-17 13:35:00+05:30
186.45,186.45,186.45,186.45,0.0,1737101400.0,2025-01-17 13:40:00+05:30
186.45,186.45,186.45,186.45,136.0,1737101700.0,2025-01-17 13:45:00+05:30
186.45,186.45,186.25,186.25,1188.0,1737102000.0,2025-01-17 13:50:00+05:30
186.25,186.45,186.25,186.45,24.0,1737102300.0,2025-01-17 13:55:00+05:30
186.45,186.45,186.25,186.25,60.0,1737102600.0,2025-01-17 14:00:00+05:30
186.25,186.45,186.25,186.45,732.0,1737102900.0,2025-01-17 14:05:00+05:30
186.45,186.7,186.45,186.6,804.0,1737103200.0,2025-01-17 14:10:00+05:30
186.6,187.05,186.6,186.85,1808.0,1737103500.0,2025-01-17 14:15:00+05:30
187.1,187.2,187.1,187.2,136.0,1737103800.0,2025-01-17 14:20:00+05:30
187.25,187.75,187.25,187.6,3172.0,1737104100.0,2025-01-17 14:25:00+05:30
187.6,187.9,187.5,187.9,796.0,1737104400.0,2025-01-17 14:30:00+05:30
187.9,187.9,187.5,187.7,2264.0,1737104700.0,2025-01-17 14:35:00+05:30
187.7,187.7,187.3,187.4,928.0,1737105000.0,2025-01-17 14:40:00+05:30
187.6,187.6,187.5,187.6,576.0,1737105300.0,2025-01-17 14:45:00+05:30
187.4,187.75,187.4,187.75,1540.0,1737105600.0,2025-01-17 14:50:00+05:30
187.55,187.7,187.55,187.7,48.0,1737105900.0,2025-01-17 14:55:00+05:30
187.7,187.75,187.4,187.6,812.0,1737106200.0,2025-01-17 15:00:00+05:30
187.6,187.75,187.2,187.75,4084.0,1737106500.0,2025-01-17 15:05:00+05:30
187.75,188.35,187.25,188.35,4456.0,1737106800.0,2025-01-17 15:10:00+05:30
188.35,188.45,187.8,188.45,2288.0,1737107100.0,2025-01-17 15:15:00+05:30
188.25,188.25,187.5,187.9,2920.0,1737107400.0,2025-01-17 15:20:00+05:30
187.3,188.1,187.05,188.1,3944.0,1737107700.0,2025-01-17 15:25:00+05:30
190.0,190.0,187.8,189.0,3392.0,1737344700.0,2025-01-20 09:15:00+05:30
188.25,189.2,187.75,188.2,5312.0,1737345000.0,2025-01-20 09:20:00+05:30
188.1,188.1,187.3,187.75,1004.0,1737345300.0,2025-01-20 09:25:00+05:30
188.1,188.45,187.7,187.95,752.0,1737345600.0,2025-01-20 09:30:00+05:30
188.1,188.5,187.75,188.25,1724.0,1737345900.0,2025-01-20 09:35:00+05:30
187.75,188.45,187.75,188.1,1492.0,1737346200.0,2025-01-20 09:40:00+05:30
187.7,188.75,187.7,188.75,5836.0,1737346500.0,2025-01-20 09:45:00+05:30
188.75,189.2,187.95,188.35,5048.0,1737346800.0,2025-01-20 09:50:00+05:30
188.05,189.5,188.0,189.5,1864.0,1737347100.0,2025-01-20 09:55:00+05:30
189.5,189.5,188.75,189.15,1520.0,1737347400.0,2025-01-20 10:00:00+05:30
189.15,189.25,189.0,189.1,92.0,1737347700.0,2025-01-20 10:05:00+05:30
189.1,189.1,188.7,188.85,180.0,1737348000.0,2025-01-20 10:10:00+05:30
188.85,189.25,188.85,189.25,688.0,1737348300.0,2025-01-20 10:15:00+05:30
188.95,189.4,188.5,189.0,4640.0,1737348600.0,2025-01-20 10:20:00+05:30
189.25,189.7,188.8,189.2,932.0,1737348900.0,2025-01-20 10:25:00+05:30
188.85,189.4,188.75,189.4,1600.0,1737349200.0,2025-01-20 10:30:00+05:30
189.4,189.4,189.35,189.35,92.0,1737349500.0,2025-01-20 10:35:00+05:30
189.35,189.35,189.05,189.25,56.0,1737349800.0,2025-01-20 10:40:00+05:30
189.0,189.25,188.55,188.7,620.0,1737350100.0,2025-01-20 10:45:00+05:30
188.85,189.05,188.6,189.05,236.0,1737350400.0,2025-01-20 10:50:00+05:30
189.05,189.05,188.55,188.85,448.0,1737350700.0,2025-01-20 10:55:00+05:30
188.85,189.0,188.85,189.0,144.0,1737351000.0,2025-01-20 11:00:00+05:30
189.05,189.5,189.05,189.45,464.0,1737351300.0,2025-01-20 11:05:00+05:30
189.45,189.45,188.75,189.1,684.0,1737351600.0,2025-01-20 11:10:00+05:30
189.35,189.4,189.35,189.35,2308.0,1737351900.0,2025-01-20 11:15:00+05:30
189.35,189.35,189.25,189.25,104.0,1737352200.0,2025-01-20 11:20:00+05:30
189.25,189.25,188.9,189.15,904.0,1737352500.0,2025-01-20 11:25:00+05:30
189.15,189.2,188.85,189.15,228.0,1737352800.0,2025-01-20 11:30:00+05:30
189.15,189.25,189.15,189.25,304.0,1737353100.0,2025-01-20 11:35:00+05:30
189.25,189.25,189.0,189.25,336.0,1737353400.0,2025-01-20 11:40:00+05:30
189.25,189.6,189.25,189.5,1320.0,1737353700.0,2025-01-20 11:45:00+05:30
189.5,190.65,189.25,190.65,8216.0,1737354000.0,2025-01-20 11:50:00+05:30
190.85,191.05,190.55,190.55,992.0,1737354300.0,2025-01-20 11:55:00+05:30
190.9,190.95,190.5,190.5,396.0,1737354600.0,2025-01-20 12:00:00+05:30
190.7,190.7,190.7,190.7,264.0,1737354900.0,2025-01-20 12:05:00+05:30
190.45,190.7,190.45,190.45,64.0,1737355200.0,2025-01-20 12:10:00+05:30
190.75,190.95,190.5,190.6,176.0,1737355500.0,2025-01-20 12:15:00+05:30
190.85,191.0,190.75,191.0,1292.0,1737355800.0,2025-01-20 12:20:00+05:30
191.0,191.0,190.65,190.65,440.0,1737356100.0,2025-01-20 12:25:00+05:30
190.3,190.35,190.3,190.35,516.0,1737356400.0,2025-01-20 12:30:00+05:30
190.7,190.85,190.25,190.25,1328.0,1737356700.0,2025-01-20 12:35:00+05:30
190.25,190.55,190.25,190.55,24.0,1737357000.0,2025-01-20 12:40:00+05:30
190.55,190.55,190.55,190.55,4.0,1737357300.0,2025-01-20 12:45:00+05:30
190.55,190.85,190.3,190.6,440.0,1737357600.0,2025-01-20 12:50:00+05:30
190.6,191.6,190.6,191.55,2468.0,1737357900.0,2025-01-20 12:55:00+05:30
191.5,191.75,191.2,191.2,1216.0,1737358200.0,2025-01-20 13:00:00+05:30
191.45,191.45,191.0,191.0,716.0,1737358500.0,2025-01-20 13:05:00+05:30
191.05,191.45,191.05,191.1,132.0,1737358800.0,2025-01-20 13:10:00+05:30
191.1,191.5,191.1,191.5,532.0,1737359100.0,2025-01-20 13:15:00+05:30
190.75,191.2,190.75,191.05,2984.0,1737359400.0,2025-01-20 13:20:00+05:30
191.05,191.65,191.05,191.6,504.0,1737359700.0,2025-01-20 13:25:00+05:30
191.55,191.55,191.2,191.4,852.0,1737360000.0,2025-01-20 13:30:00+05:30
191.4,191.4,190.9,190.9,568.0,1737360300.0,2025-01-20 13:35:00+05:30
191.2,191.25,190.9,191.25,196.0,1737360600.0,2025-01-20 13:40:00+05:30
191.25,191.25,190.8,191.05,620.0,1737360900.0,2025-01-20 13:45:00+05:30
191.2,191.4,191.05,191.05,1048.0,1737361200.0,2025-01-20 13:50:00+05:30
191.0,191.3,191.0,191.3,68.0,1737361500.0,2025-01-20 13:55:00+05:30
191.25,191.25,190.95,191.25,432.0,1737361800.0,2025-01-20 14:00:00+05:30
191.2,191.25,191.2,191.25,100.0,1737362100.0,2025-01-20 14:05:00+05:30
191.25,191.35,191.25,191.35,136.0,1737362400.0,2025-01-20 14:10:00+05:30
191.35,191.35,191.0,191.0,40.0,1737362700.0,2025-01-20 14:15:00+05:30
191.0,191.4,191.0,191.4,1316.0,1737363000.0,2025-01-20 14:20:00+05:30
191.4,191.4,191.0,191.0,128.0,1737363300.0,2025-01-20 14:25:00+05:30
191.25,191.5,190.9,190.9,1736.0,1737363600.0,2025-01-20 14:30:00+05:30
191.3,191.35,191.3,191.3,172.0,1737363900.0,2025-01-20 14:35:00+05:30
191.0,191.25,191.0,191.25,372.0,1737364200.0,2025-01-20 14:40:00+05:30
191.2,191.2,190.9,191.0,416.0,1737364500.0,2025-01-20 14:45:00+05:30
190.8,192.0,190.8,192.0,3828.0,1737364800.0,2025-01-20 14:50:00+05:30
192.0,193.05,191.7,191.7,9576.0,1737365100.0,2025-01-20 14:55:00+05:30
191.75,193.65,191.5,193.6,7948.0,1737365400.0,2025-01-20 15:00:00+05:30
193.5,193.9,193.45,193.5,10204.0,1737365700.0,2025-01-20 15:05:00+05:30
193.5,194.2,193.45,194.2,21996.0,1737366000.0,2025-01-20 15:10:00+05:30
193.9,195.4,193.75,195.0,26580.0,1737366300.0,2025-01-20 15:15:00+05:30
195.0,195.0,193.25,193.3,9328.0,1737366600.0,2025-01-20 15:20:00+05:30
193.3,193.75,193.0,193.0,6484.0,1737366900.0,2025-01-20 15:25:00+05:30
193.75,193.75,192.5,193.35,1508.0,1737431100.0,2025-01-21 09:15:00+05:30
193.3,194.5,193.3,194.5,3100.0,1737431400.0,2025-01-21 09:20:00+05:30
194.6,194.8,193.4,193.4,9492.0,1737431700.0,2025-01-21 09:25:00+05:30
193.25,193.55,193.1,193.5,1168.0,1737432000.0,2025-01-21 09:30:00+05:30
193.5,193.5,192.65,192.65,1036.0,1737432300.0,2025-01-21 09:35:00+05:30
192.65,193.3,192.65,193.2,1332.0,1737432600.0,2025-01-21 09:40:00+05:30
193.2,193.25,192.6,192.95,1036.0,1737432900.0,2025-01-21 09:45:00+05:30
192.95,193.0,192.1,192.1,3368.0,1737433200.0,2025-01-21 09:50:00+05:30
192.05,192.05,191.5,191.6,1012.0,1737433500.0,2025-01-21 09:55:00+05:30
191.6,192.0,191.3,191.8,3876.0,1737433800.0,2025-01-21 10:00:00+05:30
191.8,191.85,191.25,191.5,2644.0,1737434100.0,2025-01-21 10:05:00+05:30
191.4,191.9,191.3,191.9,864.0,1737434400.0,2025-01-21 10:10:00+05:30
191.75,191.75,190.75,190.85,1596.0,1737434700.0,2025-01-21 10:15:00+05:30
190.95,191.0,190.35,191.0,408.0,1737435000.0,2025-01-21 10:20:00+05:30
191.0,191.5,190.95,190.95,944.0,1737435300.0,2025-01-21 10:25:00+05:30
190.95,191.2,190.7,190.9,984.0,1737435600.0,2025-01-21 10:30:00+05:30
190.8,191.45,190.8,191.4,624.0,1737435900.0,2025-01-21 10:35:00+05:30
191.25,191.55,191.25,191.25,324.0,1737436200.0,2025-01-21 10:40:00+05:30
191.25,191.7,191.05,191.55,2640.0,1737436500.0,2025-01-21 10:45:00+05:30
191.5,191.55,190.8,191.05,1572.0,1737436800.0,2025-01-21 10:50:00+05:30
191.05,191.05,190.7,190.7,520.0,1737437100.0,2025-01-21 10:55:00+05:30
190.5,190.5,190.25,190.3,1620.0,1737437400.0,2025-01-21 11:00:00+05:30
190.55,190.75,190.1,190.1,1464.0,1737437700.0,2025-01-21 11:05:00+05:30
190.4,190.55,190.3,190.5,884.0,1737438000.0,2025-01-21 11:10:00+05:30
190.5,190.7,190.1,190.1,4488.0,1737438300.0,2025-01-21 11:15:00+05:30
190.0,190.0,189.65,189.9,1304.0,1737438600.0,2025-01-21 11:20:00+05:30
190.1,190.2,189.65,189.65,612.0,1737438900.0,2025-01-21 11:25:00+05:30
189.9,190.4,189.9,190.4,420.0,1737439200.0,2025-01-21 11:30:00+05:30
190.4,190.75,190.35,190.75,2140.0,1737439500.0,2025-01-21 11:35:00+05:30
190.7,191.0,190.7,191.0,148.0,1737439800.0,2025-01-21 11:40:00+05:30
191.0,191.95,190.65,190.7,2208.0,1737440100.0,2025-01-21 11:45:00+05:30
190.7,191.65,190.7,190.9,784.0,1737440400.0,2025-01-21 11:50:00+05:30
191.05,191.1,190.6,190.8,1004.0,1737440700.0,2025-01-21 11:55:00+05:30
190.8,190.9,190.5,190.5,456.0,1737441000.0,2025-01-21 12:00:00+05:30
190.45,190.55,190.3,190.5,700.0,1737441300.0,2025-01-21 12:05:00+05:30
190.5,190.6,190.25,190.6,388.0,1737441600.0,2025-01-21 12:10:00+05:30
190.2,190.35,190.0,190.35,936.0,1737441900.0,2025-01-21 12:15:00+05:30
190.05,191.2,190.0,191.2,1324.0,1737442200.0,2025-01-21 12:20:00+05:30
191.2,192.35,190.9,191.0,2356.0,1737442500.0,2025-01-21 12:25:00+05:30
190.7,191.0,190.7,190.75,348.0,1737442800.0,2025-01-21 12:30:00+05:30
190.7,190.7,189.75,190.05,1080.0,1737443100.0,2025-01-21 12:35:00+05:30
190.05,190.15,189.65,189.65,856.0,1737443400.0,2025-01-21 12:40:00+05:30
189.95,189.95,188.9,189.4,2068.0,1737443700.0,2025-01-21 12:45:00+05:30
189.35,189.45,188.75,189.45,3472.0,1737444000.0,2025-01-21 12:50:00+05:30
189.45,189.8,189.35,189.8,1672.0,1737444300.0,2025-01-21 12:55:00+05:30
190.2,190.2,189.85,190.05,1604.0,1737444600.0,2025-01-21 13:00:00+05:30
190.05,190.05,189.6,189.8,184.0,1737444900.0,2025-01-21 13:05:00+05:30
189.7,189.85,189.3,189.8,1588.0,1737445200.0,2025-01-21 13:10:00+05:30
189.9,189.9,189.7,189.7,108.0,1737445500.0,2025-01-21 13:15:00+05:30
189.5,189.5,188.8,189.05,432.0,1737445800.0,2025-01-21 13:20:00+05:30
189.4,189.5,189.2,189.3,868.0,1737446100.0,2025-01-21 13:25:00+05:30
189.45,189.7,189.35,189.55,6736.0,1737446400.0,2025-01-21 13:30:00+05:30
189.5,189.5,189.05,189.45,500.0,1737446700.0,2025-01-21 13:35:00+05:30
189.45,189.45,189.4,189.4,48.0,1737447000.0,2025-01-21 13:40:00+05:30
189.4,189.4,189.1,189.1,176.0,1737447300.0,2025-01-21 13:45:00+05:30
189.0,189.25,188.75,189.2,936.0,1737447600.0,2025-01-21 13:50:00+05:30
189.2,189.2,188.8,189.0,412.0,1737447900.0,2025-01-21 13:55:00+05:30
189.0,189.1,188.9,188.9,128.0,1737448200.0,2025-01-21 14:00:00+05:30
189.25,189.65,189.25,189.65,1496.0,1737448500.0,2025-01-21 14:05:00+05:30
189.7,190.15,189.7,189.75,4884.0,1737448800.0,2025-01-21 14:10:00+05:30
189.85,190.05,189.75,190.05,356.0,1737449100.0,2025-01-21 14:15:00+05:30
190.05,190.4,190.05,190.05,400.0,1737449400.0,2025-01-21 14:20:00+05:30
190.05,190.05,188.9,189.25,2292.0,1737449700.0,2025-01-21 14:25:00+05:30
189.35,189.6,189.25,189.25,280.0,1737450000.0,2025-01-21 14:30:00+05:30
189.15,189.7,189.15,189.45,1872.0,1737450300.0,2025-01-21 14:35:00+05:30
189.15,189.25,189.0,189.25,120.0,1737450600.0,2025-01-21 14:40:00+05:30
189.25,189.75,189.25,189.55,1508.0,1737450900.0,2025-01-21 14:45:00+05:30
189.4,189.8,189.4,189.45,304.0,1737451200.0,2025-01-21 14:50:00+05:30
189.85,190.2,189.6,190.2,1372.0,1737451500.0,2025-01-21 14:55:00+05:30
189.95,190.7,189.65,190.6,3812.0,1737451800.0,2025-01-21 15:00:00+05:30
190.6,190.6,189.85,189.9,1728.0,1737452100.0,2025-01-21 15:05:00+05:30
190.1,190.6,189.85,190.25,3824.0,1737452400.0,2025-01-21 15:10:00+05:30
190.0,190.55,190.0,190.45,748.0,1737452700.0,2025-01-21 15:15:00+05:30
190.25,190.55,189.8,190.45,3012.0,1737453000.0,2025-01-21 15:20:00+05:30
190.35,190.45,189.8,189.8,2532.0,1737453300.0,2025-01-21 15:25:00+05:30
189.75,194.5,187.8,188.05,4552.0,1737517500.0,2025-01-22 09:15:00+05:30
188.1,188.55,187.75,187.95,2616.0,1737517800.0,2025-01-22 09:20:00+05:30
187.5,187.5,187.0,187.05,1192.0,1737518100.0,2025-01-22 09:25:00+05:30
187.35,187.4,186.5,187.35,2984.0,1737518400.0,2025-01-22 09:30:00+05:30
187.45,187.75,187.4,187.75,1684.0,1737518700.0,2025-01-22 09:35:00+05:30
187.4,187.85,186.65,187.3,5332.0,1737519000.0,2025-01-22 09:40:00+05:30
187.55,187.8,187.0,187.05,1012.0,1737519300.0,2025-01-22 09:45:00+05:30
186.7,187.3,186.7,187.2,1652.0,1737519600.0,2025-01-22 09:50:00+05:30
187.2,188.1,187.15,187.95,2044.0,1737519900.0,2025-01-22 09:55:00+05:30
187.95,188.05,187.3,187.4,1044.0,1737520200.0,2025-01-22 10:00:00+05:30
187.8,187.85,187.3,187.75,860.0,1737520500.0,2025-01-22 10:05:00+05:30
188.1,188.1,186.3,187.1,2612.0,1737520800.0,2025-01-22 10:10:00+05:30
187.05,187.05,186.95,186.95,140.0,1737521100.0,2025-01-22 10:15:00+05:30
186.6,187.5,186.55,187.35,288.0,1737521400.0,2025-01-22 10:20:00+05:30
187.5,188.25,187.35,187.35,2500.0,1737521700.0,2025-01-22 10:25:00+05:30
187.55,187.95,187.35,187.35,488.0,1737522000.0,2025-01-22 10:30:00+05:30
187.65,188.0,187.35,187.4,3100.0,1737522300.0,2025-01-22 10:35:00+05:30
187.15,187.8,187.0,187.75,5548.0,1737522600.0,2025-01-22 10:40:00+05:30
188.2,188.2,187.7,187.8,556.0,1737522900.0,2025-01-22 10:45:00+05:30
187.65,187.65,187.15,187.35,932.0,1737523200.0,2025-01-22 10:50:00+05:30
187.35,188.35,187.2,188.05,2448.0,1737523500.0,2025-01-22 10:55:00+05:30
188.0,188.0,187.9,187.9,560.0,1737523800.0,2025-01-22 11:00:00+05:30
187.95,188.35,187.85,187.9,440.0,1737524100.0,2025-01-22 11:05:00+05:30
187.9,188.15,187.5,187.95,1464.0,1737524400.0,2025-01-22 11:10:00+05:30
187.95,187.95,187.5,187.65,1468.0,1737524700.0,2025-01-22 11:15:00+05:30
187.65,187.75,187.5,187.5,64.0,1737525000.0,2025-01-22 11:20:00+05:30
187.5,187.75,187.45,187.5,328.0,1737525300.0,2025-01-22 11:25:00+05:30
187.75,187.75,187.0,187.7,1820.0,1737525600.0,2025-01-22 11:30:00+05:30
187.4,187.75,187.25,187.35,1172.0,1737525900.0,2025-01-22 11:35:00+05:30
187.75,188.1,187.3,188.05,2640.0,1737526200.0,2025-01-22 11:40:00+05:30
188.05,188.75,187.6,188.6,2008.0,1737526500.0,2025-01-22 11:45:00+05:30
188.6,188.75,188.4,188.65,384.0,1737526800.0,2025-01-22 11:50:00+05:30
188.7,189.2,188.0,188.3,1920.0,1737527100.0,2025-01-22 11:55:00+05:30
188.3,188.45,188.0,188.45,568.0,1737527400.0,2025-01-22 12:00:00+05:30
188.0,188.2,187.85,187.85,732.0,1737527700.0,2025-01-22 12:05:00+05:30
188.1,188.1,187.7,188.0,544.0,1737528000.0,2025-01-22 12:10:00+05:30
188.05,188.1,187.8,188.05,88.0,1737528300.0,2025-01-22 12:15:00+05:30
188.15,188.15,187.8,187.8,1508.0,1737528600.0,2025-01-22 12:20:00+05:30
187.5,187.9,187.5,187.85,344.0,1737528900.0,2025-01-22 12:25:00+05:30
187.85,188.05,187.75,188.05,56.0,1737529200.0,2025-01-22 12:30:00+05:30
188.05,188.1,188.05,188.1,144.0,1737529500.0,2025-01-22 12:35:00+05:30
188.1,188.2,187.9,188.2,460.0,1737529800.0,2025-01-22 12:40:00+05:30
188.1,188.2,187.85,187.85,740.0,1737530100.0,2025-01-22 12:45:00+05:30
187.55,188.15,187.55,188.1,2124.0,1737530400.0,2025-01-22 12:50:00+05:30
188.1,188.1,187.75,188.1,288.0,1737530700.0,2025-01-22 12:55:00+05:30
188.1,188.15,187.9,188.15,228.0,1737531000.0,2025-01-22 13:00:00+05:30
188.15,188.15,187.4,187.85,1828.0,1737531300.0,2025-01-22 13:05:00+05:30
187.9,188.2,187.8,188.2,148.0,1737531600.0,2025-01-22 13:10:00+05:30
188.2,188.2,187.85,188.2,312.0,1737531900.0,2025-01-22 13:15:00+05:30
188.4,188.9,188.4,188.9,736.0,1737532200.0,2025-01-22 13:20:00+05:30
188.6,188.6,188.0,188.4,592.0,1737532500.0,2025-01-22 13:25:00+05:30
188.5,188.55,187.9,187.9,424.0,1737532800.0,2025-01-22 13:30:00+05:30
188.25,188.3,188.25,188.3,176.0,1737533100.0,2025-01-22 13:35:00+05:30
188.3,188.3,188.0,188.25,492.0,1737533400.0,2025-01-22 13:40:00+05:30
188.25,188.3,187.75,187.75,1756.0,1737533700.0,2025-01-22 13:45:00+05:30
187.55,187.75,187.4,187.4,116.0,1737534000.0,2025-01-22 13:50:00+05:30
187.15,187.7,187.15,187.6,528.0,1737534300.0,2025-01-22 13:55:00+05:30
187.65,187.65,187.15,187.35,288.0,1737534600.0,2025-01-22 14:00:00+05:30
187.35,187.5,187.1,187.5,1264.0,1737534900.0,2025-01-22 14:05:00+05:30
187.5,187.8,187.45,187.8,344.0,1737535200.0,2025-01-22 14:10:00+05:30
187.9,187.9,187.1,187.5,1764.0,1737535500.0,2025-01-22 14:15:00+05:30
187.5,187.5,187.1,187.1,744.0,1737535800.0,2025-01-22 14:20:00+05:30
187.4,187.5,187.4,187.5,212.0,1737536100.0,2025-01-22 14:25:00+05:30
187.5,187.5,187.3,187.5,192.0,1737536400.0,2025-01-22 14:30:00+05:30
187.5,187.5,187.3,187.5,148.0,1737536700.0,2025-01-22 14:35:00+05:30
187.5,187.5,187.25,187.25,2472.0,1737537000.0,2025-01-22 14:40:00+05:30
187.0,187.3,187.0,187.3,636.0,1737537300.0,2025-01-22 14:45:00+05:30
187.3,187.5,187.0,187.5,912.0,1737537600.0,2025-01-22 14:50:00+05:30
187.45,188.0,187.45,187.75,1080.0,1737537900.0,2025-01-22 14:55:00+05:30
188.0,188.6,188.0,188.25,2532.0,1737538200.0,2025-01-22 15:00:00+05:30
188.25,189.25,188.1,189.25,3140.0,1737538500.0,2025-01-22 15:05:00+05:30
188.8,189.5,187.7,187.85,7396.0,1737538800.0,2025-01-22 15:10:00+05:30
188.35,188.85,187.85,187.85,2364.0,1737539100.0,2025-01-22 15:15:00+05:30
188.15,188.3,187.55,188.1,5032.0,1737539400.0,2025-01-22 15:20:00+05:30
187.95,188.1,187.5,188.0,2052.0,1737539700.0,2025-01-22 15:25:00+05:30
186.25,186.4,182.8,186.3,11296.0,1737603900.0,2025-01-23 09:15:00+05:30
185.95,186.75,185.8,186.75,3760.0,1737604200.0,2025-01-23 09:20:00+05:30
186.75,186.8,186.05,186.8,3040.0,1737604500.0,2025-01-23 09:25:00+05:30
186.8,187.45,186.25,187.45,1220.0,1737604800.0,2025-01-23 09:30:00+05:30
187.45,188.05,186.8,188.05,3108.0,1737605100.0,2025-01-23 09:35:00+05:30
187.3,188.5,187.3,188.45,12276.0,1737605400.0,2025-01-23 09:40:00+05:30
188.2,188.65,188.15,188.6,300.0,1737605700.0,2025-01-23 09:45:00+05:30
188.6,188.65,187.65,188.1,4696.0,1737606000.0,2025-01-23 09:50:00+05:30
188.05,188.35,187.8,187.8,1052.0,1737606300.0,2025-01-23 09:55:00+05:30
187.45,188.1,187.3,188.1,1220.0,1737606600.0,2025-01-23 10:00:00+05:30
188.25,188.75,188.25,188.75,1472.0,1737606900.0,2025-01-23 10:05:00+05:30
188.75,188.75,188.4,188.5,604.0,1737607200.0,2025-01-23 10:10:00+05:30
188.5,189.55,188.5,189.05,2952.0,1737607500.0,2025-01-23 10:15:00+05:30
189.1,190.0,189.1,189.5,2648.0,1737607800.0,2025-01-23 10:20:00+05:30
189.75,189.75,188.8,188.8,1836.0,1737608100.0,2025-01-23 10:25:00+05:30
188.8,189.35,188.8,189.35,248.0,1737608400.0,2025-01-23 10:30:00+05:30
189.35,189.6,188.9,188.9,1892.0,1737608700.0,2025-01-23 10:35:00+05:30
188.95,189.3,188.95,189.25,80.0,1737609000.0,2025-01-23 10:40:00+05:30
189.2,189.3,189.15,189.3,272.0,1737609300.0,2025-01-23 10:45:00+05:30
189.3,189.3,188.75,188.75,1416.0,1737609600.0,2025-01-23 10:50:00+05:30
188.3,188.75,188.2,188.75,1860.0,1737609900.0,2025-01-23 10:55:00+05:30
188.75,188.75,188.55,188.55,8.0,1737610200.0,2025-01-23 11:00:00+05:30
188.55,188.55,188.55,188.55,84.0,1737610500.0,2025-01-23 11:05:00+05:30
188.65,188.7,188.25,188.25,1160.0,1737610800.0,2025-01-23 11:10:00+05:30
188.25,188.3,188.2,188.3,212.0,1737611100.0,2025-01-23 11:15:00+05:30
188.3,188.4,188.3,188.4,24.0,1737611400.0,2025-01-23 11:20:00+05:30
188.45,191.0,188.45,190.85,4568.0,1737611700.0,2025-01-23 11:25:00+05:30
190.6,190.6,189.25,189.35,1396.0,1737612000.0,2025-01-23 11:30:00+05:30
189.35,189.35,188.4,188.75,468.0,1737612300.0,2025-01-23 11:35:00+05:30
188.75,188.75,188.5,188.6,296.0,1737612600.0,2025-01-23 11:40:00+05:30
188.35,188.35,188.3,188.3,84.0,1737612900.0,2025-01-23 11:45:00+05:30
188.2,188.25,188.1,188.1,240.0,1737613200.0,2025-01-23 11:50:00+05:30
188.3,188.55,188.2,188.55,720.0,1737613500.0,2025-01-23 11:55:00+05:30
188.55,188.6,188.3,188.3,112.0,1737613800.0,2025-01-23 12:00:00+05:30
188.3,188.55,188.1,188.1,204.0,1737614100.0,2025-01-23 12:05:00+05:30
188.1,188.1,188.1,188.1,40.0,1737614400.0,2025-01-23 12:10:00+05:30
188.1,188.1,188.1,188.1,0.0,1737614700.0,2025-01-23 12:15:00+05:30
188.35,188.5,188.2,188.35,440.0,1737615000.0,2025-01-23 12:20:00+05:30
188.25,188.5,187.7,187.7,488.0,1737615300.0,2025-01-23 12:25:00+05:30
187.95,188.0,187.55,187.95,424.0,1737615600.0,2025-01-23 12:30:00+05:30
188.2,188.2,188.0,188.15,160.0,1737615900.0,2025-01-23 12:35:00+05:30
188.15,188.15,187.95,188.15,308.0,1737616200.0,2025-01-23 12:40:00+05:30
188.15,188.15,187.5,187.5,516.0,1737616500.0,2025-01-23 12:45:00+05:30
187.5,187.95,187.5,187.95,412.0,1737616800.0,2025-01-23 12:50:00+05:30
187.95,188.35,187.95,188.35,1764.0,1737617100.0,2025-01-23 12:55:00+05:30
188.3,188.3,187.8,187.95,760.0,1737617400.0,2025-01-23 13:00:00+05:30
188.0,188.7,188.0,188.7,1028.0,1737617700.0,2025-01-23 13:05:00+05:30
188.7,188.7,188.7,188.7,0.0,1737618000.0,2025-01-23 13:10:00+05:30
188.6,188.6,188.6,188.6,112.0,1737618300.0,2025-01-23 13:15:00+05:30
188.6,188.6,188.6,188.6,68.0,1737618600.0,2025-01-23 13:20:00+05:30
188.4,188.4,188.25,188.25,364.0,1737618900.0,2025-01-23 13:25:00+05:30
188.25,188.3,187.9,187.9,1024.0,1737619200.0,2025-01-23 13:30:00+05:30
187.7,187.95,187.7,187.95,20.0,1737619500.0,2025-01-23 13:35:00+05:30
188.05,188.2,187.25,187.5,6268.0,1737619800.0,2025-01-23 13:40:00+05:30
187.4,187.8,187.4,187.5,32.0,1737620100.0,2025-01-23 13:45:00+05:30
187.5,187.75,187.25,187.3,592.0,1737620400.0,2025-01-23 13:50:00+05:30
187.65,187.8,187.6,187.75,384.0,1737620700.0,2025-01-23 13:55:00+05:30
187.75,187.75,187.5,187.5,108.0,1737621000.0,2025-01-23 14:00:00+05:30
187.6,187.7,187.6,187.7,80.0,1737621300.0,2025-01-23 14:05:00+05:30
187.7,187.7,187.2,187.2,496.0,1737621600.0,2025-01-23 14:10:00+05:30
187.2,187.5,187.2,187.5,112.0,1737621900.0,2025-01-23 14:15:00+05:30
187.5,187.5,187.25,187.5,432.0,1737622200.0,2025-01-23 14:20:00+05:30
187.05,187.45,186.9,187.15,1932.0,1737622500.0,2025-01-23 14:25:00+05:30
186.85,187.2,186.85,187.05,412.0,1737622800.0,2025-01-23 14:30:00+05:30
187.15,187.15,186.2,186.45,6892.0,1737623100.0,2025-01-23 14:35:00+05:30
186.4,186.5,186.4,186.5,392.0,1737623400.0,2025-01-23 14:40:00+05:30
186.55,186.7,186.05,186.05,460.0,1737623700.0,2025-01-23 14:45:00+05:30
186.2,186.65,186.2,186.65,1384.0,1737624000.0,2025-01-23 14:50:00+05:30
186.6,186.6,186.15,186.15,876.0,1737624300.0,2025-01-23 14:55:00+05:30
186.45,186.55,184.9,185.4,13608.0,1737624600.0,2025-01-23 15:00:00+05:30
185.4,185.4,184.9,184.9,3300.0,1737624900.0,2025-01-23 15:05:00+05:30
184.75,185.6,184.5,185.1,4028.0,1737625200.0,2025-01-23 15:10:00+05:30
185.1,185.3,184.4,185.2,5120.0,1737625500.0,2025-01-23 15:15:00+05:30
185.2,185.3,184.55,185.3,3416.0,1737625800.0,2025-01-23 15:20:00+05:30
184.85,185.5,184.5,185.5,4516.0,1737626100.0,2025-01-23 15:25:00+05:30
187.5,187.5,185.5,186.9,6348.0,1737690300.0,2025-01-24 09:15:00+05:30
187.25,187.25,186.75,186.75,2680.0,1737690600.0,2025-01-24 09:20:00+05:30
186.6,186.95,186.55,186.55,2580.0,1737690900.0,2025-01-24 09:25:00+05:30
186.55,187.05,185.7,185.85,3572.0,1737691200.0,2025-01-24 09:30:00+05:30
185.75,186.1,185.5,185.5,1116.0,1737691500.0,2025-01-24 09:35:00+05:30
185.5,186.3,185.5,185.8,600.0,1737691800.0,2025-01-24 09:40:00+05:30
185.7,186.05,185.1,185.25,1628.0,1737692100.0,2025-01-24 09:45:00+05:30
185.15,185.6,185.05,185.15,1740.0,1737692400.0,2025-01-24 09:50:00+05:30
185.1,186.45,185.05,186.45,9436.0,1737692700.0,2025-01-24 09:55:00+05:30
186.8,186.8,185.95,186.7,1632.0,1737693000.0,2025-01-24 10:00:00+05:30
186.75,186.8,186.45,186.45,2444.0,1737693300.0,2025-01-24 10:05:00+05:30
186.4,186.9,186.4,186.75,848.0,1737693600.0,2025-01-24 10:10:00+05:30
186.9,186.9,186.4,186.65,460.0,1737693900.0,2025-01-24 10:15:00+05:30
186.6,187.35,186.6,186.9,1532.0,1737694200.0,2025-01-24 10:20:00+05:30
187.35,187.9,187.1,187.2,4752.0,1737694500.0,2025-01-24 10:25:00+05:30
187.25,187.25,187.05,187.2,1032.0,1737694800.0,2025-01-24 10:30:00+05:30
187.2,187.45,187.0,187.45,472.0,1737695100.0,2025-01-24 10:35:00+05:30
187.3,187.35,186.8,186.8,1596.0,1737695400.0,2025-01-24 10:40:00+05:30
186.8,187.2,186.8,187.0,160.0,1737695700.0,2025-01-24 10:45:00+05:30
187.0,187.25,187.0,187.05,1484.0,1737696000.0,2025-01-24 10:50:00+05:30
187.25,187.45,186.45,187.3,2912.0,1737696300.0,2025-01-24 10:55:00+05:30
187.45,187.95,187.45,187.95,1212.0,1737696600.0,2025-01-24 11:00:00+05:30
188.1,188.1,187.8,187.8,204.0,1737696900.0,2025-01-24 11:05:00+05:30
187.75,188.25,187.75,188.15,1008.0,1737697200.0,2025-01-24 11:10:00+05:30
188.1,188.3,187.75,187.8,200.0,1737697500.0,2025-01-24 11:15:00+05:30
187.9,188.0,187.8,187.9,844.0,1737697800.0,2025-01-24 11:20:00+05:30
187.8,188.75,187.8,187.9,2184.0,1737698100.0,2025-01-24 11:25:00+05:30
187.9,188.45,187.9,188.25,1044.0,1737698400.0,2025-01-24 11:30:00+05:30
188.25,188.7,188.25,188.7,164.0,1737698700.0,2025-01-24 11:35:00+05:30
188.7,189.1,188.7,189.1,996.0,1737699000.0,2025-01-24 11:40:00+05:30
189.25,189.6,188.75,188.75,4904.0,1737699300.0,2025-01-24 11:45:00+05:30
189.1,189.2,188.9,189.0,2560.0,1737699600.0,2025-01-24 11:50:00+05:30
189.2,189.2,188.65,188.65,200.0,1737699900.0,2025-01-24 11:55:00+05:30
188.8,188.8,188.25,188.25,184.0,1737700200.0,2025-01-24 12:00:00+05:30
188.25,188.45,188.25,188.25,40.0,1737700500.0,2025-01-24 12:05:00+05:30
188.6,188.6,188.35,188.35,1424.0,1737700800.0,2025-01-24 12:10:00+05:30
188.35,188.45,188.3,188.45,72.0,1737701100.0,2025-01-24 12:15:00+05:30
188.45,188.45,188.1,188.1,836.0,1737701400.0,2025-01-24 12:20:00+05:30
188.2,188.4,188.2,188.2,80.0,1737701700.0,2025-01-24 12:25:00+05:30
188.2,188.2,188.0,188.2,112.0,1737702000.0,2025-01-24 12:30:00+05:30
188.2,188.2,187.95,188.05,316.0,1737702300.0,2025-01-24 12:35:00+05:30
187.95,188.0,187.8,188.0,604.0,1737702600.0,2025-01-24 12:40:00+05:30
187.6,188.3,187.6,188.3,2524.0,1737702900.0,2025-01-24 12:45:00+05:30
188.3,188.4,188.1,188.1,228.0,1737703200.0,2025-01-24 12:50:00+05:30
188.1,188.3,188.1,188.3,192.0,1737703500.0,2025-01-24 12:55:00+05:30
188.15,188.25,188.05,188.05,952.0,1737703800.0,2025-01-24 13:00:00+05:30
188.25,188.5,188.25,188.25,448.0,1737704100.0,2025-01-24 13:05:00+05:30
188.25,188.6,188.25,188.6,172.0,1737704400.0,2025-01-24 13:10:00+05:30
188.6,188.7,188.1,188.1,2152.0,1737704700.0,2025-01-24 13:15:00+05:30
188.05,188.25,188.05,188.25,332.0,1737705000.0,2025-01-24 13:20:00+05:30
188.25,188.4,188.0,188.2,1756.0,1737705300.0,2025-01-24 13:25:00+05:30
188.2,188.2,188.0,188.2,964.0,1737705600.0,2025-01-24 13:30:00+05:30
188.2,188.25,188.2,188.25,868.0,1737705900.0,2025-01-24 13:35:00+05:30
188.45,188.5,188.15,188.5,952.0,1737706200.0,2025-01-24 13:40:00+05:30
188.5,188.55,188.2,188.3,272.0,1737706500.0,2025-01-24 13:45:00+05:30
188.55,188.55,188.1,188.55,620.0,1737706800.0,2025-01-24 13:50:00+05:30
188.3,188.6,188.25,188.45,520.0,1737707100.0,2025-01-24 13:55:00+05:30
188.4,188.4,188.05,188.15,388.0,1737707400.0,2025-01-24 14:00:00+05:30
188.15,188.65,188.15,188.4,788.0,1737707700.0,2025-01-24 14:05:00+05:30
188.2,188.4,187.75,188.1,1920.0,1737708000.0,2025-01-24 14:10:00+05:30
187.85,187.85,187.5,187.5,2772.0,1737708300.0,2025-01-24 14:15:00+05:30
187.5,188.05,187.5,188.0,3668.0,1737708600.0,2025-01-24 14:20:00+05:30
187.75,187.9,187.5,187.7,564.0,1737708900.0,2025-01-24 14:25:00+05:30
187.5,187.5,187.5,187.5,356.0,1737709200.0,2025-01-24 14:30:00+05:30
187.3,187.45,186.95,186.95,6276.0,1737709500.0,2025-01-24 14:35:00+05:30
186.95,186.95,185.5,185.8,4028.0,1737709800.0,2025-01-24 14:40:00+05:30
185.85,186.0,185.5,186.0,5560.0,1737710100.0,2025-01-24 14:45:00+05:30
186.0,186.4,185.6,186.4,2120.0,1737710400.0,2025-01-24 14:50:00+05:30
186.2,186.4,186.05,186.4,496.0,1737710700.0,2025-01-24 14:55:00+05:30
186.5,186.65,185.9,186.05,8168.0,1737711000.0,2025-01-24 15:00:00+05:30
186.05,186.1,185.75,185.9,6332.0,1737711300.0,2025-01-24 15:05:00+05:30
186.0,186.0,185.3,185.3,1236.0,1737711600.0,2025-01-24 15:10:00+05:30
185.3,185.5,185.05,185.4,5588.0,1737711900.0,2025-01-24 15:15:00+05:30
185.0,185.5,184.9,185.25,5212.0,1737712200.0,2025-01-24 15:20:00+05:30
185.25,185.5,184.75,184.95,3532.0,1737712500.0,2025-01-24 15:25:00+05:30
185.5,187.95,182.75,183.25,16652.0,1737949500.0,2025-01-27 09:15:00+05:30
183.25,184.7,182.5,183.4,13348.0,1737949800.0,2025-01-27 09:20:00+05:30
183.75,183.75,181.55,181.7,8004.0,1737950100.0,2025-01-27 09:25:00+05:30
182.0,182.1,180.65,181.45,8460.0,1737950400.0,2025-01-27 09:30:00+05:30
181.9,182.5,181.4,182.3,3356.0,1737950700.0,2025-01-27 09:35:00+05:30
182.3,182.3,181.0,181.85,5512.0,1737951000.0,2025-01-27 09:40:00+05:30
181.9,182.6,181.5,182.05,3848.0,1737951300.0,2025-01-27 09:45:00+05:30
181.7,182.2,180.3,180.3,9848.0,1737951600.0,2025-01-27 09:50:00+05:30
180.75,180.8,179.4,180.0,2948.0,1737951900.0,2025-01-27 09:55:00+05:30
179.65,180.6,179.65,180.25,4060.0,1737952200.0,2025-01-27 10:00:00+05:30
180.3,180.45,179.6,179.65,1384.0,1737952500.0,2025-01-27 10:05:00+05:30
179.55,180.25,178.8,178.8,4548.0,1737952800.0,2025-01-27 10:10:00+05:30
179.35,180.2,178.75,179.15,4068.0,1737953100.0,2025-01-27 10:15:00+05:30
178.8,179.4,178.75,179.0,2308.0,1737953400.0,2025-01-27 10:20:00+05:30
178.9,179.0,178.2,178.5,1428.0,1737953700.0,2025-01-27 10:25:00+05:30
178.5,179.25,178.3,178.85,1840.0,1737954000.0,2025-01-27 10:30:00+05:30
178.6,179.35,178.55,179.2,1964.0,1737954300.0,2025-01-27 10:35:00+05:30
179.6,180.2,179.2,179.7,1788.0,1737954600.0,2025-01-27 10:40:00+05:30
179.75,180.5,179.4,179.7,2472.0,1737954900.0,2025-01-27 10:45:00+05:30
179.6,179.6,178.9,179.05,640.0,1737955200.0,2025-01-27 10:50:00+05:30
178.9,179.3,178.75,178.75,1956.0,1737955500.0,2025-01-27 10:55:00+05:30
178.75,179.1,178.5,179.0,4084.0,1737955800.0,2025-01-27 11:00:00+05:30
179.0,179.25,179.0,179.25,724.0,1737956100.0,2025-01-27 11:05:00+05:30
179.25,180.0,178.9,179.9,1676.0,1737956400.0,2025-01-27 11:10:00+05:30
179.85,179.85,178.75,178.95,6968.0,1737956700.0,2025-01-27 11:15:00+05:30
178.95,179.35,178.9,178.95,1180.0,1737957000.0,2025-01-27 11:20:00+05:30
179.3,179.35,178.85,179.05,872.0,1737957300.0,2025-01-27 11:25:00+05:30
179.4,179.5,179.0,179.05,3032.0,1737957600.0,2025-01-27 11:30:00+05:30
179.3,179.4,178.8,178.9,1592.0,1737957900.0,2025-01-27 11:35:00+05:30
178.75,179.25,178.55,178.7,2680.0,1737958200.0,2025-01-27 11:40:00+05:30
178.9,178.9,178.2,178.75,1552.0,1737958500.0,2025-01-27 11:45:00+05:30
178.9,178.9,178.55,178.8,608.0,1737958800.0,2025-01-27 11:50:00+05:30
178.9,178.9,178.75,178.9,1436.0,1737959100.0,2025-01-27 11:55:00+05:30
178.9,179.5,178.7,179.5,2668.0,1737959400.0,2025-01-27 12:00:00+05:30
179.25,179.5,178.9,179.2,2480.0,1737959700.0,2025-01-27 12:05:00+05:30
179.2,179.2,178.65,178.85,2396.0,1737960000.0,2025-01-27 12:10:00+05:30
179.05,179.3,178.8,179.1,1104.0,1737960300.0,2025-01-27 12:15:00+05:30
178.95,180.75,178.95,180.75,38340.0,1737960600.0,2025-01-27 12:20:00+05:30
181.0,181.2,179.9,179.9,2316.0,1737960900.0,2025-01-27 12:25:00+05:30
180.0,180.6,179.9,180.3,548.0,1737961200.0,2025-01-27 12:30:00+05:30
180.35,180.35,179.75,179.8,1024.0,1737961500.0,2025-01-27 12:35:00+05:30
180.15,180.2,179.7,179.95,276.0,1737961800.0,2025-01-27 12:40:00+05:30
179.85,180.35,179.5,179.55,1604.0,1737962100.0,2025-01-27 12:45:00+05:30
180.1,180.1,179.5,180.0,1108.0,1737962400.0,2025-01-27 12:50:00+05:30
179.7,180.0,179.5,179.5,2996.0,1737962700.0,2025-01-27 12:55:00+05:30
179.65,179.85,178.9,179.6,1584.0,1737963000.0,2025-01-27 13:00:00+05:30
179.9,180.45,179.55,180.1,1344.0,1737963300.0,2025-01-27 13:05:00+05:30
180.0,180.1,179.7,180.1,712.0,1737963600.0,2025-01-27 13:10:00+05:30
179.85,180.1,179.75,180.1,1180.0,1737963900.0,2025-01-27 13:15:00+05:30
179.8,180.2,179.5,179.5,1524.0,1737964200.0,2025-01-27 13:20:00+05:30
179.85,180.0,179.4,179.4,956.0,1737964500.0,2025-01-27 13:25:00+05:30
179.55,179.55,179.05,179.4,916.0,1737964800.0,2025-01-27 13:30:00+05:30
179.4,179.45,178.9,179.0,1024.0,1737965100.0,2025-01-27 13:35:00+05:30
179.1,179.7,179.1,179.4,952.0,1737965400.0,2025-01-27 13:40:00+05:30
179.5,179.5,178.85,179.1,452.0,1737965700.0,2025-01-27 13:45:00+05:30
179.1,179.3,178.9,179.3,440.0,1737966000.0,2025-01-27 13:50:00+05:30
179.0,179.25,178.5,178.8,3616.0,1737966300.0,2025-01-27 13:55:00+05:30
178.7,178.7,178.35,178.35,520.0,1737966600.0,2025-01-27 14:00:00+05:30
178.2,178.4,177.55,177.75,2980.0,1737966900.0,2025-01-27 14:05:00+05:30
177.5,177.5,176.3,177.25,12108.0,1737967200.0,2025-01-27 14:10:00+05:30
177.0,177.75,176.3,177.6,5036.0,1737967500.0,2025-01-27 14:15:00+05:30
177.6,177.95,177.25,177.25,820.0,1737967800.0,2025-01-27 14:20:00+05:30
177.4,177.45,177.2,177.2,1400.0,1737968100.0,2025-01-27 14:25:00+05:30
177.2,177.45,176.25,177.05,8548.0,1737968400.0,2025-01-27 14:30:00+05:30
177.3,177.35,176.75,176.75,1520.0,1737968700.0,2025-01-27 14:35:00+05:30
176.85,176.95,176.6,176.8,768.0,1737969000.0,2025-01-27 14:40:00+05:30
176.8,176.95,176.3,176.3,3980.0,1737969300.0,2025-01-27 14:45:00+05:30
176.25,176.45,176.0,176.45,7904.0,1737969600.0,2025-01-27 14:50:00+05:30
176.45,176.45,176.0,176.45,3252.0,1737969900.0,2025-01-27 14:55:00+05:30
176.45,177.6,176.45,177.3,4188.0,1737970200.0,2025-01-27 15:00:00+05:30
177.25,178.25,177.25,177.8,2712.0,1737970500.0,2025-01-27 15:05:00+05:30
178.0,178.1,177.5,178.1,5392.0,1737970800.0,2025-01-27 15:10:00+05:30
177.9,178.0,177.25,177.3,9384.0,1737971100.0,2025-01-27 15:15:00+05:30
177.9,178.0,177.6,178.0,4592.0,1737971400.0,2025-01-27 15:20:00+05:30
178.0,178.45,177.5,178.4,5348.0,1737971700.0,2025-01-27 15:25:00+05:30
180.0,181.0,178.25,178.25,12120.0,1738035900.0,2025-01-28 09:15:00+05:30
178.25,178.35,176.8,177.25,3116.0,1738036200.0,2025-01-28 09:20:00+05:30
176.95,177.15,175.8,176.3,5164.0,1738036500.0,2025-01-28 09:25:00+05:30
176.3,176.55,175.25,175.25,6912.0,1738036800.0,2025-01-28 09:30:00+05:30
175.2,175.2,173.55,173.55,11408.0,1738037100.0,2025-01-28 09:35:00+05:30
173.95,174.3,173.5,173.85,2776.0,1738037400.0,2025-01-28 09:40:00+05:30
173.85,174.2,173.4,174.2,5484.0,1738037700.0,2025-01-28 09:45:00+05:30
174.35,174.35,173.25,173.9,1544.0,1738038000.0,2025-01-28 09:50:00+05:30
173.75,173.9,173.15,173.65,2720.0,1738038300.0,2025-01-28 09:55:00+05:30
174.55,176.0,174.05,174.35,6400.0,1738038600.0,2025-01-28 10:00:00+05:30
174.5,174.9,173.65,174.35,1660.0,1738038900.0,2025-01-28 10:05:00+05:30
174.35,174.4,173.25,173.3,4712.0,1738039200.0,2025-01-28 10:10:00+05:30
173.3,173.3,172.15,172.6,5288.0,1738039500.0,2025-01-28 10:15:00+05:30
172.7,173.05,171.9,172.5,5260.0,1738039800.0,2025-01-28 10:20:00+05:30
172.8,173.25,171.85,172.3,3340.0,1738040100.0,2025-01-28 10:25:00+05:30
172.45,172.65,172.25,172.55,1072.0,1738040400.0,2025-01-28 10:30:00+05:30
172.65,173.05,172.25,173.05,3800.0,1738040700.0,2025-01-28 10:35:00+05:30
173.05,173.5,172.4,172.75,2664.0,1738041000.0,2025-01-28 10:40:00+05:30
172.75,172.9,172.5,172.8,564.0,1738041300.0,2025-01-28 10:45:00+05:30
172.3,172.9,172.3,172.6,980.0,1738041600.0,2025-01-28 10:50:00+05:30
172.8,173.0,172.5,172.75,2428.0,1738041900.0,2025-01-28 10:55:00+05:30
172.75,173.3,172.0,172.9,3408.0,1738042200.0,2025-01-28 11:00:00+05:30
172.4,172.95,172.4,172.6,1444.0,1738042500.0,2025-01-28 11:05:00+05:30
172.7,172.8,172.3,172.7,1100.0,1738042800.0,2025-01-28 11:10:00+05:30
172.85,173.1,172.3,172.3,2848.0,1738043100.0,2025-01-28 11:15:00+05:30
172.85,173.3,172.45,173.3,2024.0,1738043400.0,2025-01-28 11:20:00+05:30
173.3,173.4,173.0,173.2,208.0,1738043700.0,2025-01-28 11:25:00+05:30
173.2,173.55,172.9,172.9,1932.0,1738044000.0,2025-01-28 11:30:00+05:30
172.75,173.5,172.45,173.5,2960.0,1738044300.0,2025-01-28 11:35:00+05:30
173.4,173.75,173.4,173.7,1504.0,1738044600.0,2025-01-28 11:40:00+05:30
173.7,173.75,173.4,173.75,5980.0,1738044900.0,2025-01-28 11:45:00+05:30
173.75,173.75,173.5,173.75,508.0,1738045200.0,2025-01-28 11:50:00+05:30
173.75,174.35,173.7,174.3,1640.0,1738045500.0,2025-01-28 11:55:00+05:30
174.55,175.0,174.3,174.95,1056.0,1738045800.0,2025-01-28 12:00:00+05:30
174.95,174.95,174.55,174.6,2176.0,1738046100.0,2025-01-28 12:05:00+05:30
174.6,175.5,174.55,175.5,708.0,1738046400.0,2025-01-28 12:10:00+05:30
175.1,175.4,174.9,175.4,920.0,1738046700.0,2025-01-28 12:15:00+05:30
175.4,175.4,174.2,174.2,1472.0,1738047000.0,2025-01-28 12:20:00+05:30
174.7,175.05,174.25,175.05,1264.0,1738047300.0,2025-01-28 12:25:00+05:30
174.5,174.95,174.5,174.95,228.0,1738047600.0,2025-01-28 12:30:00+05:30
174.95,175.0,174.95,175.0,124.0,1738047900.0,2025-01-28 12:35:00+05:30
175.0,175.2,174.7,175.05,996.0,1738048200.0,2025-01-28 12:40:00+05:30
175.05,175.05,174.55,174.6,552.0,1738048500.0,2025-01-28 12:45:00+05:30
174.85,174.95,174.5,174.75,912.0,1738048800.0,2025-01-28 12:50:00+05:30
174.75,175.25,174.75,175.25,812.0,1738049100.0,2025-01-28 12:55:00+05:30
175.25,175.25,174.7,174.85,964.0,1738049400.0,2025-01-28 13:00:00+05:30
174.85,175.25,174.85,175.25,476.0,1738049700.0,2025-01-28 13:05:00+05:30
175.35,175.35,175.0,175.35,176.0,1738050000.0,2025-01-28 13:10:00+05:30
175.45,175.5,175.0,175.45,4956.0,1738050300.0,2025-01-28 13:15:00+05:30
175.45,175.45,174.9,174.9,1248.0,1738050600.0,2025-01-28 13:20:00+05:30
175.05,175.05,174.65,174.8,564.0,1738050900.0,2025-01-28 13:25:00+05:30
174.5,174.5,174.3,174.3,432.0,1738051200.0,2025-01-28 13:30:00+05:30
174.5,174.55,174.3,174.3,188.0,1738051500.0,2025-01-28 13:35:00+05:30
174.35,174.7,174.0,174.0,3640.0,1738051800.0,2025-01-28 13:40:00+05:30
174.0,174.2,173.4,173.6,5116.0,1738052100.0,2025-01-28 13:45:00+05:30
173.4,173.55,173.3,173.3,588.0,1738052400.0,2025-01-28 13:50:00+05:30
173.25,173.25,172.55,172.85,2668.0,1738052700.0,2025-01-28 13:55:00+05:30
172.75,172.75,172.75,172.75,388.0,1738053000.0,2025-01-28 14:00:00+05:30
172.85,173.1,172.55,173.1,1460.0,1738053300.0,2025-01-28 14:05:00+05:30
173.35,173.8,172.8,172.8,4720.0,1738053600.0,2025-01-28 14:10:00+05:30
173.1,173.4,173.1,173.1,1852.0,1738053900.0,2025-01-28 14:15:00+05:30
173.1,173.4,173.1,173.3,892.0,1738054200.0,2025-01-28 14:20:00+05:30
173.3,173.4,173.05,173.35,272.0,1738054500.0,2025-01-28 14:25:00+05:30
173.1,173.35,172.8,172.95,4088.0,1738054800.0,2025-01-28 14:30:00+05:30
172.95,173.15,172.95,173.1,540.0,1738055100.0,2025-01-28 14:35:00+05:30
173.1,173.1,172.9,173.0,916.0,1738055400.0,2025-01-28 14:40:00+05:30
173.0,173.0,172.5,172.7,1668.0,1738055700.0,2025-01-28 14:45:00+05:30
172.7,172.75,171.9,172.2,7780.0,1738056000.0,2025-01-28 14:50:00+05:30
172.2,172.35,171.95,171.95,1972.0,1738056300.0,2025-01-28 14:55:00+05:30
171.95,172.05,170.9,171.2,5876.0,1738056600.0,2025-01-28 15:00:00+05:30
171.1,171.75,170.9,171.7,1432.0,1738056900.0,2025-01-28 15:05:00+05:30
171.75,171.8,170.5,170.95,5476.0,1738057200.0,2025-01-28 15:10:00+05:30
170.95,171.5,170.5,171.5,4472.0,1738057500.0,2025-01-28 15:15:00+05:30
171.5,175.0,171.5,174.85,50212.0,1738057800.0,2025-01-28 15:20:00+05:30
174.75,175.0,170.75,173.75,22936.0,1738058100.0,2025-01-28 15:25:00+05:30
173.75,175.4,173.75,174.75,5960.0,1738122300.0,2025-01-29 09:15:00+05:30
174.55,175.0,174.15,175.0,2088.0,1738122600.0,2025-01-29 09:20:00+05:30
174.75,174.95,174.5,174.6,1468.0,1738122900.0,2025-01-29 09:25:00+05:30
174.6,175.25,174.5,174.85,5256.0,1738123200.0,2025-01-29 09:30:00+05:30
175.25,175.25,174.4,174.4,1996.0,1738123500.0,2025-01-29 09:35:00+05:30
174.4,174.9,174.2,174.55,5880.0,1738123800.0,2025-01-29 09:40:00+05:30
174.65,174.7,174.05,174.65,2636.0,1738124100.0,2025-01-29 09:45:00+05:30
174.7,175.25,174.65,175.0,2496.0,1738124400.0,2025-01-29 09:50:00+05:30
175.25,175.25,174.35,175.05,15956.0,1738124700.0,2025-01-29 09:55:00+05:30
175.1,175.75,174.25,174.25,18088.0,1738125000.0,2025-01-29 10:00:00+05:30
174.1,174.1,173.6,174.0,2116.0,1738125300.0,2025-01-29 10:05:00+05:30
173.8,174.1,173.0,173.4,8688.0,1738125600.0,2025-01-29 10:10:00+05:30
173.4,173.9,173.15,173.55,1728.0,1738125900.0,2025-01-29 10:15:00+05:30
173.5,173.6,173.3,173.5,1800.0,1738126200.0,2025-01-29 10:20:00+05:30
173.0,173.3,171.25,171.75,19376.0,1738126500.0,2025-01-29 10:25:00+05:30
172.1,172.35,171.5,172.35,1716.0,1738126800.0,2025-01-29 10:30:00+05:30
172.35,173.35,172.15,173.15,5108.0,1738127100.0,2025-01-29 10:35:00+05:30
173.1,173.1,172.75,172.85,3676.0,1738127400.0,2025-01-29 10:40:00+05:30
173.2,173.7,173.2,173.7,1624.0,1738127700.0,2025-01-29 10:45:00+05:30
173.4,173.8,173.35,173.45,496.0,1738128000.0,2025-01-29 10:50:00+05:30
173.45,174.05,173.45,173.7,3120.0,1738128300.0,2025-01-29 10:55:00+05:30
174.0,174.55,173.7,174.35,3072.0,1738128600.0,2025-01-29 11:00:00+05:30
174.4,174.4,173.8,174.4,904.0,1738128900.0,2025-01-29 11:05:00+05:30
174.4,174.65,174.3,174.3,1252.0,1738129200.0,2025-01-29 11:10:00+05:30
174.3,174.95,174.25,174.6,6100.0,1738129500.0,2025-01-29 11:15:00+05:30
174.65,174.65,173.9,174.0,1048.0,1738129800.0,2025-01-29 11:20:00+05:30
174.05,174.3,173.6,174.25,1804.0,1738130100.0,2025-01-29 11:25:00+05:30
174.35,174.8,174.25,174.25,824.0,1738130400.0,2025-01-29 11:30:00+05:30
174.3,174.55,173.95,173.95,1392.0,1738130700.0,2025-01-29 11:35:00+05:30
174.15,174.35,173.3,173.3,5120.0,1738131000.0,2025-01-29 11:40:00+05:30
173.5,173.55,173.4,173.5,244.0,1738131300.0,2025-01-29 11:45:00+05:30
173.6,173.65,173.3,173.3,400.0,1738131600.0,2025-01-29 11:50:00+05:30
173.3,173.3,173.05,173.05,88.0,1738131900.0,2025-01-29 11:55:00+05:30
173.05,173.05,172.75,173.0,5628.0,1738132200.0,2025-01-29 12:00:00+05:30
173.0,173.0,172.5,172.85,888.0,1738132500.0,2025-01-29 12:05:00+05:30
172.85,172.95,172.85,172.95,396.0,1738132800.0,2025-01-29 12:10:00+05:30
172.95,172.95,172.8,172.95,792.0,1738133100.0,2025-01-29 12:15:00+05:30
172.95,173.0,172.95,172.95,160.0,1738133400.0,2025-01-29 12:20:00+05:30
172.95,173.0,172.75,172.95,204.0,1738133700.0,2025-01-29 12:25:00+05:30
173.0,173.05,173.0,173.0,2040.0,1738134000.0,2025-01-29 12:30:00+05:30
172.9,173.0,172.65,172.8,704.0,1738134300.0,2025-01-29 12:35:00+05:30
172.85,173.0,172.8,172.9,532.0,1738134600.0,2025-01-29 12:40:00+05:30
172.9,172.95,172.75,172.95,188.0,1738134900.0,2025-01-29 12:45:00+05:30
173.0,173.0,171.5,171.7,9224.0,1738135200.0,2025-01-29 12:50:00+05:30
171.95,172.5,171.95,172.4,1868.0,1738135500.0,2025-01-29 12:55:00+05:30
172.45,172.55,172.25,172.25,1388.0,1738135800.0,2025-01-29 13:00:00+05:30
172.4,172.5,172.15,172.25,3184.0,1738136100.0,2025-01-29 13:05:00+05:30
172.25,172.45,172.0,172.2,1696.0,1738136400.0,2025-01-29 13:10:00+05:30
172.2,172.35,172.0,172.35,292.0,1738136700.0,2025-01-29 13:15:00+05:30
172.35,172.45,172.0,172.25,1404.0,1738137000.0,2025-01-29 13:20:00+05:30
172.25,172.6,172.0,172.35,800.0,1738137300.0,2025-01-29 13:25:00+05:30
172.3,172.4,171.9,172.3,1000.0,1738137600.0,2025-01-29 13:30:00+05:30
172.2,172.3,171.9,172.3,1516.0,1738137900.0,2025-01-29 13:35:00+05:30
172.3,172.65,171.9,171.9,6312.0,1738138200.0,2025-01-29 13:40:00+05:30
172.1,172.1,171.9,172.1,316.0,1738138500.0,2025-01-29 13:45:00+05:30
172.2,172.25,171.75,171.75,1656.0,1738138800.0,2025-01-29 13:50:00+05:30
171.9,172.6,171.8,172.0,4268.0,1738139100.0,2025-01-29 13:55:00+05:30
171.85,172.5,171.85,172.15,1224.0,1738139400.0,2025-01-29 14:00:00+05:30
172.25,172.9,172.25,172.35,1116.0,1738139700.0,2025-01-29 14:05:00+05:30
172.75,172.8,172.25,172.25,552.0,1738140000.0,2025-01-29 14:10:00+05:30
172.25,172.5,172.1,172.15,900.0,1738140300.0,2025-01-29 14:15:00+05:30
172.35,172.45,172.2,172.25,456.0,1738140600.0,2025-01-29 14:20:00+05:30
172.25,172.55,172.0,172.2,400.0,1738140900.0,2025-01-29 14:25:00+05:30
172.85,172.85,171.25,171.45,11320.0,1738141200.0,2025-01-29 14:30:00+05:30
171.45,171.55,171.0,171.0,3968.0,1738141500.0,2025-01-29 14:35:00+05:30
171.5,171.5,171.2,171.25,1660.0,1738141800.0,2025-01-29 14:40:00+05:30
171.45,171.5,171.25,171.25,3104.0,1738142100.0,2025-01-29 14:45:00+05:30
171.25,171.25,170.3,170.3,14080.0,1738142400.0,2025-01-29 14:50:00+05:30
170.3,170.5,169.55,169.95,14872.0,1738142700.0,2025-01-29 14:55:00+05:30
169.95,169.95,169.5,169.75,2792.0,1738143000.0,2025-01-29 15:00:00+05:30
169.9,170.0,168.9,169.95,7548.0,1738143300.0,2025-01-29 15:05:00+05:30
169.95,169.95,169.3,169.45,12256.0,1738143600.0,2025-01-29 15:10:00+05:30
169.45,169.45,168.25,168.7,48992.0,1738143900.0,2025-01-29 15:15:00+05:30
168.75,169.7,168.1,168.75,17316.0,1738144200.0,2025-01-29 15:20:00+05:30
168.75,169.95,168.1,169.75,12848.0,1738144500.0,2025-01-29 15:25:00+05:30
171.45,171.45,168.9,169.6,5652.0,1738208700.0,2025-01-30 09:15:00+05:30
169.75,171.05,169.5,171.05,6744.0,1738209000.0,2025-01-30 09:20:00+05:30
171.2,172.5,170.15,170.55,22224.0,1738209300.0,2025-01-30 09:25:00+05:30
170.55,172.0,170.55,171.85,3796.0,1738209600.0,2025-01-30 09:30:00+05:30
172.0,173.75,171.85,173.75,9368.0,1738209900.0,2025-01-30 09:35:00+05:30
173.75,174.1,173.25,174.0,2908.0,1738210200.0,2025-01-30 09:40:00+05:30
173.75,175.0,173.7,174.0,20368.0,1738210500.0,2025-01-30 09:45:00+05:30
173.95,174.0,173.5,173.9,12104.0,1738210800.0,2025-01-30 09:50:00+05:30
173.9,174.0,172.9,173.05,6532.0,1738211100.0,2025-01-30 09:55:00+05:30
172.9,172.95,172.25,172.6,8404.0,1738211400.0,2025-01-30 10:00:00+05:30
172.6,172.75,172.4,172.7,2048.0,1738211700.0,2025-01-30 10:05:00+05:30
172.25,172.95,172.25,172.45,3340.0,1738212000.0,2025-01-30 10:10:00+05:30
172.45,172.45,171.3,171.75,3732.0,1738212300.0,2025-01-30 10:15:00+05:30
171.9,171.9,171.5,171.75,2952.0,1738212600.0,2025-01-30 10:20:00+05:30
171.75,171.75,170.95,171.65,6160.0,1738212900.0,2025-01-30 10:25:00+05:30
171.75,171.95,171.5,171.75,2144.0,1738213200.0,2025-01-30 10:30:00+05:30
171.75,171.75,170.3,170.65,3480.0,1738213500.0,2025-01-30 10:35:00+05:30
170.3,170.45,170.0,170.2,5076.0,1738213800.0,2025-01-30 10:40:00+05:30
170.25,170.25,169.25,169.6,5908.0,1738214100.0,2025-01-30 10:45:00+05:30
169.6,169.85,169.5,169.65,2848.0,1738214400.0,2025-01-30 10:50:00+05:30
169.5,169.6,169.0,169.0,5640.0,1738214700.0,2025-01-30 10:55:00+05:30
169.1,169.1,168.2,169.0,5588.0,1738215000.0,2025-01-30 11:00:00+05:30
169.0,169.1,168.75,168.75,1228.0,1738215300.0,2025-01-30 11:05:00+05:30
168.7,168.75,168.5,168.5,1108.0,1738215600.0,2025-01-30 11:10:00+05:30
168.6,168.75,168.55,168.75,4868.0,1738215900.0,2025-01-30 11:15:00+05:30
168.75,168.75,168.5,168.75,5032.0,1738216200.0,2025-01-30 11:20:00+05:30
169.3,169.5,169.0,169.0,1696.0,1738216500.0,2025-01-30 11:25:00+05:30
169.3,169.3,168.95,169.25,636.0,1738216800.0,2025-01-30 11:30:00+05:30
168.95,169.35,168.9,169.25,704.0,1738217100.0,2025-01-30 11:35:00+05:30
169.1,169.5,169.1,169.2,2876.0,1738217400.0,2025-01-30 11:40:00+05:30
169.2,169.45,168.9,169.45,3800.0,1738217700.0,2025-01-30 11:45:00+05:30
169.45,169.45,168.9,169.2,4024.0,1738218000.0,2025-01-30 11:50:00+05:30
169.2,169.45,168.9,169.35,1032.0,1738218300.0,2025-01-30 11:55:00+05:30
169.35,169.35,168.75,169.25,2948.0,1738218600.0,2025-01-30 12:00:00+05:30
169.25,169.25,168.95,169.0,916.0,1738218900.0,2025-01-30 12:05:00+05:30
169.0,169.25,169.0,169.2,332.0,1738219200.0,2025-01-30 12:10:00+05:30
169.0,169.2,168.9,169.15,1856.0,1738219500.0,2025-01-30 12:15:00+05:30
169.2,169.2,168.95,169.2,956.0,1738219800.0,2025-01-30 12:20:00+05:30
169.2,169.35,169.05,169.35,1084.0,1738220100.0,2025-01-30 12:25:00+05:30
169.25,169.25,169.05,169.2,116.0,1738220400.0,2025-01-30 12:30:00+05:30
169.2,169.2,168.4,168.55,4196.0,1738220700.0,2025-01-30 12:35:00+05:30
168.5,168.95,168.5,168.6,2316.0,1738221000.0,2025-01-30 12:40:00+05:30
168.9,168.9,168.65,168.9,408.0,1738221300.0,2025-01-30 12:45:00+05:30
168.85,169.15,168.6,168.6,3324.0,1738221600.0,2025-01-30 12:50:00+05:30
169.1,169.15,169.05,169.05,2952.0,1738221900.0,2025-01-30 12:55:00+05:30
168.8,169.15,168.8,169.15,1136.0,1738222200.0,2025-01-30 13:00:00+05:30
169.3,169.5,169.0,169.5,1044.0,1738222500.0,2025-01-30 13:05:00+05:30
169.3,169.5,169.25,169.25,3364.0,1738222800.0,2025-01-30 13:10:00+05:30
169.5,169.5,168.75,168.95,760.0,1738223100.0,2025-01-30 13:15:00+05:30
168.95,169.5,168.95,169.5,1984.0,1738223400.0,2025-01-30 13:20:00+05:30
169.5,169.5,169.0,169.3,688.0,1738223700.0,2025-01-30 13:25:00+05:30
169.4,169.5,169.0,169.5,6440.0,1738224000.0,2025-01-30 13:30:00+05:30
169.5,169.65,169.4,169.65,2616.0,1738224300.0,2025-01-30 13:35:00+05:30
169.65,169.65,169.1,169.45,1880.0,1738224600.0,2025-01-30 13:40:00+05:30
169.45,169.45,169.1,169.1,976.0,1738224900.0,2025-01-30 13:45:00+05:30
169.3,169.3,168.45,168.7,4632.0,1738225200.0,2025-01-30 13:50:00+05:30
168.55,169.0,168.55,168.6,648.0,1738225500.0,2025-01-30 13:55:00+05:30
168.55,168.9,168.5,168.7,1676.0,1738225800.0,2025-01-30 14:00:00+05:30
168.75,168.95,168.55,168.65,1612.0,1738226100.0,2025-01-30 14:05:00+05:30
168.75,169.1,168.6,168.65,2604.0,1738226400.0,2025-01-30 14:10:00+05:30
168.9,169.1,168.55,169.1,1796.0,1738226700.0,2025-01-30 14:15:00+05:30
168.75,169.55,168.7,168.75,2488.0,1738227000.0,2025-01-30 14:20:00+05:30
169.1,169.1,168.7,168.9,1140.0,1738227300.0,2025-01-30 14:25:00+05:30
168.95,168.95,168.7,168.75,180.0,1738227600.0,2025-01-30 14:30:00+05:30
168.75,168.8,168.65,168.8,884.0,1738227900.0,2025-01-30 14:35:00+05:30
168.75,168.95,168.5,168.5,4492.0,1738228200.0,2025-01-30 14:40:00+05:30
168.6,168.6,168.0,168.0,3944.0,1738228500.0,2025-01-30 14:45:00+05:30
167.9,168.0,166.55,168.0,10120.0,1738228800.0,2025-01-30 14:50:00+05:30
168.2,168.55,167.5,168.5,3636.0,1738229100.0,2025-01-30 14:55:00+05:30
168.5,168.55,168.15,168.3,1204.0,1738229400.0,2025-01-30 15:00:00+05:30
168.45,168.55,168.2,168.35,1340.0,1738229700.0,2025-01-30 15:05:00+05:30
168.4,168.75,168.0,168.75,15364.0,1738230000.0,2025-01-30 15:10:00+05:30
168.75,168.75,167.9,168.4,4148.0,1738230300.0,2025-01-30 15:15:00+05:30
168.35,168.65,168.05,168.25,10444.0,1738230600.0,2025-01-30 15:20:00+05:30
168.35,168.7,168.15,168.7,2756.0,1738230900.0,2025-01-30 15:25:00+05:30
170.75,172.5,167.65,170.0,12636.0,1738295100.0,2025-01-31 09:15:00+05:30
169.95,170.0,168.95,169.75,3484.0,1738295400.0,2025-01-31 09:20:00+05:30
169.3,169.6,169.0,169.6,2260.0,1738295700.0,2025-01-31 09:25:00+05:30
169.6,169.85,169.3,169.55,1396.0,1738296000.0,2025-01-31 09:30:00+05:30
169.4,169.8,168.8,169.4,4816.0,1738296300.0,2025-01-31 09:35:00+05:30
169.5,170.4,169.4,170.05,2228.0,1738296600.0,2025-01-31 09:40:00+05:30
170.05,170.75,169.8,170.7,3596.0,1738296900.0,2025-01-31 09:45:00+05:30
170.7,170.75,170.45,170.75,2704.0,1738297200.0,2025-01-31 09:50:00+05:30
171.0,171.25,170.75,171.05,1656.0,1738297500.0,2025-01-31 09:55:00+05:30
171.1,171.25,170.8,170.85,5696.0,1738297800.0,2025-01-31 10:00:00+05:30
170.4,170.85,169.4,170.5,12600.0,1738298100.0,2025-01-31 10:05:00+05:30
170.65,171.55,170.55,171.55,7024.0,1738298400.0,2025-01-31 10:10:00+05:30
171.5,172.75,171.3,172.3,5288.0,1738298700.0,2025-01-31 10:15:00+05:30
172.25,172.45,171.8,172.05,5192.0,1738299000.0,2025-01-31 10:20:00+05:30
172.25,172.35,170.9,172.0,5896.0,1738299300.0,2025-01-31 10:25:00+05:30
171.95,172.1,171.4,171.5,5448.0,1738299600.0,2025-01-31 10:30:00+05:30
171.7,171.75,171.4,171.45,1352.0,1738299900.0,2025-01-31 10:35:00+05:30
171.45,172.1,171.25,171.9,2952.0,1738300200.0,2025-01-31 10:40:00+05:30
171.6,172.15,171.5,172.1,1228.0,1738300500.0,2025-01-31 10:45:00+05:30
172.0,172.45,172.0,172.25,3888.0,1738300800.0,2025-01-31 10:50:00+05:30
172.0,172.25,171.1,171.25,21244.0,1738301100.0,2025-01-31 10:55:00+05:30
171.25,171.5,170.85,171.5,2168.0,1738301400.0,2025-01-31 11:00:00+05:30
171.55,172.1,171.55,171.95,1392.0,1738301700.0,2025-01-31 11:05:00+05:30
171.9,172.5,171.9,172.15,3232.0,1738302000.0,2025-01-31 11:10:00+05:30
172.4,172.5,172.1,172.25,2144.0,1738302300.0,2025-01-31 11:15:00+05:30
172.5,172.5,171.0,172.05,16232.0,1738302600.0,2025-01-31 11:20:00+05:30
172.05,172.3,172.0,172.0,1820.0,1738302900.0,2025-01-31 11:25:00+05:30
171.5,171.7,171.0,171.2,3204.0,1738303200.0,2025-01-31 11:30:00+05:30
171.2,171.2,170.95,171.0,952.0,1738303500.0,2025-01-31 11:35:00+05:30
171.0,171.3,170.9,171.3,1020.0,1738303800.0,2025-01-31 11:40:00+05:30
171.3,171.65,171.15,171.2,1612.0,1738304100.0,2025-01-31 11:45:00+05:30
171.25,171.25,170.55,171.0,10312.0,1738304400.0,2025-01-31 11:50:00+05:30
170.75,170.75,169.75,170.4,23648.0,1738304700.0,2025-01-31 11:55:00+05:30
170.4,170.4,169.55,169.95,13584.0,1738305000.0,2025-01-31 12:00:00+05:30
169.9,170.1,169.3,169.8,6428.0,1738305300.0,2025-01-31 12:05:00+05:30
169.85,169.95,169.65,169.95,804.0,1738305600.0,2025-01-31 12:10:00+05:30
169.95,170.0,169.4,169.95,2952.0,1738305900.0,2025-01-31 12:15:00+05:30
169.45,169.85,169.45,169.75,1816.0,1738306200.0,2025-01-31 12:20:00+05:30
169.75,169.8,168.55,168.9,9496.0,1738306500.0,2025-01-31 12:25:00+05:30
168.95,169.4,168.9,169.35,1444.0,1738306800.0,2025-01-31 12:30:00+05:30
169.4,169.65,169.25,169.55,3028.0,1738307100.0,2025-01-31 12:35:00+05:30
169.6,169.65,169.35,169.5,1076.0,1738307400.0,2025-01-31 12:40:00+05:30
169.4,169.6,169.4,169.5,1148.0,1738307700.0,2025-01-31 12:45:00+05:30
169.6,169.75,169.5,169.7,1012.0,1738308000.0,2025-01-31 12:50:00+05:30
169.7,169.95,168.75,168.75,15052.0,1738308300.0,2025-01-31 12:55:00+05:30
168.55,169.4,168.5,169.05,2848.0,1738308600.0,2025-01-31 13:00:00+05:30
169.2,169.2,168.6,169.1,4816.0,1738308900.0,2025-01-31 13:05:00+05:30
168.9,169.05,168.85,169.0,2308.0,1738309200.0,2025-01-31 13:10:00+05:30
169.0,169.0,168.6,168.9,2112.0,1738309500.0,2025-01-31 13:15:00+05:30
168.95,169.0,168.7,168.9,1044.0,1738309800.0,2025-01-31 13:20:00+05:30
168.8,169.0,168.75,169.0,1408.0,1738310100.0,2025-01-31 13:25:00+05:30
169.0,169.15,168.6,168.6,4504.0,1738310400.0,2025-01-31 13:30:00+05:30
168.8,168.95,168.6,168.85,4428.0,1738310700.0,2025-01-31 13:35:00+05:30
168.55,168.95,168.5,168.95,5092.0,1738311000.0,2025-01-31 13:40:00+05:30
168.95,168.95,168.5,168.85,3096.0,1738311300.0,2025-01-31 13:45:00+05:30
168.75,168.9,168.65,168.75,1520.0,1738311600.0,2025-01-31 13:50:00+05:30
168.75,168.85,168.55,168.7,1628.0,1738311900.0,2025-01-31 13:55:00+05:30
168.7,169.05,168.7,168.9,1456.0,1738312200.0,2025-01-31 14:00:00+05:30
168.85,169.1,168.5,168.75,2312.0,1738312500.0,2025-01-31 14:05:00+05:30
168.8,168.95,168.55,168.7,3500.0,1738312800.0,2025-01-31 14:10:00+05:30
169.0,169.05,168.7,168.8,2616.0,1738313100.0,2025-01-31 14:15:00+05:30
168.9,169.05,168.7,168.85,956.0,1738313400.0,2025-01-31 14:20:00+05:30
169.05,169.05,168.55,168.8,4060.0,1738313700.0,2025-01-31 14:25:00+05:30
168.55,168.85,165.25,167.95,39692.0,1738314000.0,2025-01-31 14:30:00+05:30
167.95,168.65,167.9,168.65,5140.0,1738314300.0,2025-01-31 14:35:00+05:30
168.7,168.7,168.5,168.7,1600.0,1738314600.0,2025-01-31 14:40:00+05:30
168.8,169.0,168.45,168.45,4472.0,1738314900.0,2025-01-31 14:45:00+05:30
168.5,168.85,168.4,168.5,1444.0,1738315200.0,2025-01-31 14:50:00+05:30
168.5,168.8,168.25,168.8,2696.0,1738315500.0,2025-01-31 14:55:00+05:30
168.8,169.7,168.55,168.75,28568.0,1738315800.0,2025-01-31 15:00:00+05:30
168.85,169.25,168.5,168.9,11208.0,1738316100.0,2025-01-31 15:05:00+05:30
168.75,169.05,168.55,168.75,9724.0,1738316400.0,2025-01-31 15:10:00+05:30
168.75,168.8,168.6,168.75,11312.0,1738316700.0,2025-01-31 15:15:00+05:30
168.75,168.75,168.65,168.75,8876.0,1738317000.0,2025-01-31 15:20:00+05:30
168.75,168.75,167.9,168.7,24504.0,1738317300.0,2025-01-31 15:25:00+05:30
169.5,172.35,168.8,172.0,8836.0,1738381500.0,2025-02-01 09:15:00+05:30
172.2,175.5,172.2,175.5,24616.0,1738381800.0,2025-02-01 09:20:00+05:30
175.7,176.0,171.5,172.65,25668.0,1738382100.0,2025-02-01 09:25:00+05:30
172.7,172.95,171.3,171.3,7860.0,1738382400.0,2025-02-01 09:30:00+05:30
171.5,171.5,170.3,170.65,12200.0,1738382700.0,2025-02-01 09:35:00+05:30
170.7,170.75,169.35,170.3,11464.0,1738383000.0,2025-02-01 09:40:00+05:30
170.3,170.8,170.05,170.8,3388.0,1738383300.0,2025-02-01 09:45:00+05:30
170.8,170.85,170.55,170.55,448.0,1738383600.0,2025-02-01 09:50:00+05:30
170.75,170.9,168.5,169.1,25408.0,1738383900.0,2025-02-01 09:55:00+05:30
169.1,169.35,168.7,169.2,5744.0,1738384200.0,2025-02-01 10:00:00+05:30
169.2,169.8,169.1,169.8,4828.0,1738384500.0,2025-02-01 10:05:00+05:30
168.75,169.3,168.5,168.9,7004.0,1738384800.0,2025-02-01 10:10:00+05:30
168.65,168.85,168.0,168.35,6704.0,1738385100.0,2025-02-01 10:15:00+05:30
168.3,168.3,167.85,168.15,1832.0,1738385400.0,2025-02-01 10:20:00+05:30
168.15,168.3,167.95,168.2,2152.0,1738385700.0,2025-02-01 10:25:00+05:30
168.15,168.4,167.9,168.4,2616.0,1738386000.0,2025-02-01 10:30:00+05:30
168.55,168.75,168.3,168.65,2148.0,1738386300.0,2025-02-01 10:35:00+05:30
168.6,168.75,168.5,168.75,1044.0,1738386600.0,2025-02-01 10:40:00+05:30
168.75,168.75,168.35,168.35,1124.0,1738386900.0,2025-02-01 10:45:00+05:30
168.4,169.3,168.4,168.75,2068.0,1738387200.0,2025-02-01 10:50:00+05:30
168.95,169.25,168.6,168.85,6316.0,1738387500.0,2025-02-01 10:55:00+05:30
169.0,169.0,168.2,168.55,3304.0,1738387800.0,2025-02-01 11:00:00+05:30
168.55,168.65,168.25,168.65,372.0,1738388100.0,2025-02-01 11:05:00+05:30
168.65,169.15,168.5,168.6,3088.0,1738388400.0,2025-02-01 11:10:00+05:30
168.85,172.0,168.6,171.8,47028.0,1738388700.0,2025-02-01 11:15:00+05:30
171.8,175.0,168.3,169.7,129636.0,1738389000.0,2025-02-01 11:20:00+05:30
169.7,169.85,168.2,168.9,21008.0,1738389300.0,2025-02-01 11:25:00+05:30
168.55,168.9,167.9,168.5,10660.0,1738389600.0,2025-02-01 11:30:00+05:30
168.65,168.8,168.0,168.0,6252.0,1738389900.0,2025-02-01 11:35:00+05:30
168.0,168.65,167.85,167.95,6168.0,1738390200.0,2025-02-01 11:40:00+05:30
168.4,168.4,167.65,167.65,8972.0,1738390500.0,2025-02-01 11:45:00+05:30
167.55,167.85,166.05,166.85,13184.0,1738390800.0,2025-02-01 11:50:00+05:30
167.15,169.8,166.85,168.45,17572.0,1738391100.0,2025-02-01 11:55:00+05:30
168.25,168.85,167.9,168.4,4384.0,1738391400.0,2025-02-01 12:00:00+05:30
168.35,168.7,168.2,168.5,1764.0,1738391700.0,2025-02-01 12:05:00+05:30
168.7,169.7,167.85,168.95,27156.0,1738392000.0,2025-02-01 12:10:00+05:30
168.15,169.65,168.0,169.4,6768.0,1738392300.0,2025-02-01 12:15:00+05:30
169.55,171.05,167.5,168.7,38748.0,1738392600.0,2025-02-01 12:20:00+05:30
168.65,169.0,167.5,167.5,5300.0,1738392900.0,2025-02-01 12:25:00+05:30
167.65,168.1,167.3,167.3,3028.0,1738393200.0,2025-02-01 12:30:00+05:30
167.5,167.75,166.9,167.75,7772.0,1738393500.0,2025-02-01 12:35:00+05:30
167.75,169.6,167.7,167.7,17016.0,1738393800.0,2025-02-01 12:40:00+05:30
167.5,168.75,167.5,168.7,8252.0,1738394100.0,2025-02-01 12:45:00+05:30
168.5,168.9,168.25,168.7,3104.0,1738394400.0,2025-02-01 12:50:00+05:30
168.75,173.0,168.75,172.2,43768.0,1738394700.0,2025-02-01 12:55:00+05:30
172.2,172.75,171.0,172.4,13192.0,1738395000.0,2025-02-01 13:00:00+05:30
173.0,174.45,172.8,173.6,23200.0,1738395300.0,2025-02-01 13:05:00+05:30
173.6,173.75,171.95,172.9,15020.0,1738395600.0,2025-02-01 13:10:00+05:30
172.6,172.9,172.0,172.4,3120.0,1738395900.0,2025-02-01 13:15:00+05:30
171.9,172.75,171.75,172.75,4848.0,1738396200.0,2025-02-01 13:20:00+05:30
172.75,175.4,172.75,174.6,23544.0,1738396500.0,2025-02-01 13:25:00+05:30
174.6,174.6,173.75,173.8,3076.0,1738396800.0,2025-02-01 13:30:00+05:30
174.0,174.5,173.2,174.3,3976.0,1738397100.0,2025-02-01 13:35:00+05:30
174.3,175.0,174.3,175.0,1232.0,1738397400.0,2025-02-01 13:40:00+05:30
175.0,179.6,175.0,179.6,26404.0,1738397700.0,2025-02-01 13:45:00+05:30
179.7,181.25,178.4,178.5,10384.0,1738398000.0,2025-02-01 13:50:00+05:30
178.5,181.55,178.5,180.1,9924.0,1738398300.0,2025-02-01 13:55:00+05:30
180.1,180.95,180.0,180.5,5608.0,1738398600.0,2025-02-01 14:00:00+05:30
180.5,181.2,178.65,178.7,10704.0,1738398900.0,2025-02-01 14:05:00+05:30
178.7,179.5,178.7,179.1,2788.0,1738399200.0,2025-02-01 14:10:00+05:30
179.25,179.75,178.3,178.5,6512.0,1738399500.0,2025-02-01 14:15:00+05:30
178.3,180.5,178.3,180.5,20452.0,1738399800.0,2025-02-01 14:20:00+05:30
180.25,180.55,180.0,180.0,10704.0,1738400100.0,2025-02-01 14:25:00+05:30
180.45,180.45,178.75,179.2,6532.0,1738400400.0,2025-02-01 14:30:00+05:30
179.15,180.05,178.6,179.55,4604.0,1738400700.0,2025-02-01 14:35:00+05:30
179.5,179.9,179.0,179.0,1824.0,1738401000.0,2025-02-01 14:40:00+05:30
179.2,179.95,179.2,179.95,3308.0,1738401300.0,2025-02-01 14:45:00+05:30
180.0,180.5,179.95,180.25,15124.0,1738401600.0,2025-02-01 14:50:00+05:30
180.35,180.5,179.3,180.5,5188.0,1738401900.0,2025-02-01 14:55:00+05:30
180.5,180.5,179.0,179.25,17664.0,1738402200.0,2025-02-01 15:00:00+05:30
179.25,181.35,179.0,181.35,53264.0,1738402500.0,2025-02-01 15:05:00+05:30
181.25,182.45,180.5,182.45,24444.0,1738402800.0,2025-02-01 15:10:00+05:30
182.2,183.75,181.8,183.55,20752.0,1738403100.0,2025-02-01 15:15:00+05:30
183.55,183.75,182.1,183.55,31132.0,1738403400.0,2025-02-01 15:20:00+05:30
183.55,183.55,180.3,180.5,16612.0,1738403700.0,2025-02-01 15:25:00+05:30
185.5,193.5,182.65,190.0,135592.0,1738554300.0,2025-02-03 09:15:00+05:30
190.3,192.45,189.05,190.05,96348.0,1738554600.0,2025-02-03 09:20:00+05:30
190.3,192.45,187.55,189.2,85128.0,1738554900.0,2025-02-03 09:25:00+05:30
189.2,190.7,186.5,188.2,103936.0,1738555200.0,2025-02-03 09:30:00+05:30
187.75,188.45,186.6,188.45,35180.0,1738555500.0,2025-02-03 09:35:00+05:30
188.1,188.4,185.7,187.0,38780.0,1738555800.0,2025-02-03 09:40:00+05:30
187.0,187.95,185.85,187.55,18772.0,1738556100.0,2025-02-03 09:45:00+05:30
187.45,187.75,186.5,187.55,13428.0,1738556400.0,2025-02-03 09:50:00+05:30
187.35,189.75,187.2,189.65,34576.0,1738556700.0,2025-02-03 09:55:00+05:30
189.65,189.7,187.6,187.95,35688.0,1738557000.0,2025-02-03 10:00:00+05:30
188.3,189.05,187.5,188.6,12576.0,1738557300.0,2025-02-03 10:05:00+05:30
188.75,189.1,188.15,188.9,9836.0,1738557600.0,2025-02-03 10:10:00+05:30
188.8,189.45,188.5,188.8,11124.0,1738557900.0,2025-02-03 10:15:00+05:30
188.5,188.75,187.85,188.2,9196.0,1738558200.0,2025-02-03 10:20:00+05:30
188.4,188.75,188.25,188.4,2808.0,1738558500.0,2025-02-03 10:25:00+05:30
188.7,191.85,188.5,189.8,54644.0,1738558800.0,2025-02-03 10:30:00+05:30
189.5,192.1,189.5,191.0,31996.0,1738559100.0,2025-02-03 10:35:00+05:30
191.5,191.95,190.25,191.1,21048.0,1738559400.0,2025-02-03 10:40:00+05:30
191.0,191.2,190.1,191.1,8844.0,1738559700.0,2025-02-03 10:45:00+05:30
191.1,192.2,189.7,189.7,50388.0,1738560000.0,2025-02-03 10:50:00+05:30
189.5,191.55,189.5,191.5,9896.0,1738560300.0,2025-02-03 10:55:00+05:30
191.5,191.75,190.8,191.4,10080.0,1738560600.0,2025-02-03 11:00:00+05:30
191.5,191.6,190.75,190.75,11516.0,1738560900.0,2025-02-03 11:05:00+05:30
191.05,191.25,190.7,190.8,3808.0,1738561200.0,2025-02-03 11:10:00+05:30
190.8,190.8,189.5,190.15,9568.0,1738561500.0,2025-02-03 11:15:00+05:30
189.8,190.1,189.5,190.05,5224.0,1738561800.0,2025-02-03 11:20:00+05:30
189.8,190.6,189.8,189.9,6196.0,1738562100.0,2025-02-03 11:25:00+05:30
190.0,190.75,189.75,190.3,8352.0,1738562400.0,2025-02-03 11:30:00+05:30
189.95,189.95,188.95,189.2,5848.0,1738562700.0,2025-02-03 11:35:00+05:30
188.9,189.45,188.75,188.75,5916.0,1738563000.0,2025-02-03 11:40:00+05:30
188.75,188.95,188.4,188.85,9004.0,1738563300.0,2025-02-03 11:45:00+05:30
188.85,189.1,188.4,188.95,4420.0,1738563600.0,2025-02-03 11:50:00+05:30
188.95,189.25,188.25,188.25,5916.0,1738563900.0,2025-02-03 11:55:00+05:30
188.25,188.65,187.7,188.05,14568.0,1738564200.0,2025-02-03 12:00:00+05:30
188.05,188.45,188.0,188.0,2416.0,1738564500.0,2025-02-03 12:05:00+05:30
188.25,188.5,187.65,188.05,32756.0,1738564800.0,2025-02-03 12:10:00+05:30
188.05,188.35,187.9,188.2,1360.0,1738565100.0,2025-02-03 12:15:00+05:30
188.2,188.2,187.0,187.25,15160.0,1738565400.0,2025-02-03 12:20:00+05:30
187.3,187.6,187.0,187.0,1888.0,1738565700.0,2025-02-03 12:25:00+05:30
187.0,187.4,186.15,187.15,18188.0,1738566000.0,2025-02-03 12:30:00+05:30
186.9,187.1,185.25,185.3,18236.0,1738566300.0,2025-02-03 12:35:00+05:30
184.75,185.45,184.0,184.75,24636.0,1738566600.0,2025-02-03 12:40:00+05:30
184.75,184.9,183.0,183.4,25680.0,1738566900.0,2025-02-03 12:45:00+05:30
183.4,183.55,182.65,183.5,10656.0,1738567200.0,2025-02-03 12:50:00+05:30
183.3,183.75,183.05,183.75,7440.0,1738567500.0,2025-02-03 12:55:00+05:30
183.75,183.75,182.8,183.15,8380.0,1738567800.0,2025-02-03 13:00:00+05:30
183.1,183.45,182.75,183.25,4936.0,1738568100.0,2025-02-03 13:05:00+05:30
183.4,183.45,182.65,182.75,9348.0,1738568400.0,2025-02-03 13:10:00+05:30
182.6,182.75,182.15,182.55,6460.0,1738568700.0,2025-02-03 13:15:00+05:30
182.5,183.1,182.25,183.0,11220.0,1738569000.0,2025-02-03 13:20:00+05:30
183.0,183.15,182.3,182.75,7808.0,1738569300.0,2025-02-03 13:25:00+05:30
182.55,183.0,181.25,181.7,17492.0,1738569600.0,2025-02-03 13:30:00+05:30
181.8,182.2,181.5,181.85,6512.0,1738569900.0,2025-02-03 13:35:00+05:30
181.85,182.0,181.35,181.35,13352.0,1738570200.0,2025-02-03 13:40:00+05:30
181.6,182.4,181.3,182.0,3500.0,1738570500.0,2025-02-03 13:45:00+05:30
181.95,182.5,181.75,182.1,4308.0,1738570800.0,2025-02-03 13:50:00+05:30
181.9,182.15,181.65,181.7,5260.0,1738571100.0,2025-02-03 13:55:00+05:30
181.9,183.0,181.8,182.0,13672.0,1738571400.0,2025-02-03 14:00:00+05:30
182.15,182.7,182.0,182.5,4224.0,1738571700.0,2025-02-03 14:05:00+05:30
182.5,184.25,182.3,183.9,24892.0,1738572000.0,2025-02-03 14:10:00+05:30
183.55,183.55,182.75,183.0,4912.0,1738572300.0,2025-02-03 14:15:00+05:30
183.05,183.1,182.5,183.0,8392.0,1738572600.0,2025-02-03 14:20:00+05:30
183.3,183.4,183.1,183.25,2952.0,1738572900.0,2025-02-03 14:25:00+05:30
183.4,183.4,182.25,182.5,23132.0,1738573200.0,2025-02-03 14:30:00+05:30
182.25,183.4,182.2,182.8,11052.0,1738573500.0,2025-02-03 14:35:00+05:30
182.7,183.1,182.25,183.05,10944.0,1738573800.0,2025-02-03 14:40:00+05:30
182.75,183.05,182.0,182.55,5112.0,1738574100.0,2025-02-03 14:45:00+05:30
182.5,182.75,182.05,182.25,5804.0,1738574400.0,2025-02-03 14:50:00+05:30
182.25,183.0,182.25,182.6,15596.0,1738574700.0,2025-02-03 14:55:00+05:30
182.6,182.85,181.7,182.0,22392.0,1738575000.0,2025-02-03 15:00:00+05:30
182.0,182.1,180.9,181.45,27404.0,1738575300.0,2025-02-03 15:05:00+05:30
181.7,183.05,181.7,182.5,145464.0,1738575600.0,2025-02-03 15:10:00+05:30
182.5,182.95,180.0,182.7,157636.0,1738575900.0,2025-02-03 15:15:00+05:30
182.5,182.75,179.3,179.75,148004.0,1738576200.0,2025-02-03 15:20:00+05:30
179.75,179.95,177.6,178.75,73008.0,1738576500.0,2025-02-03 15:25:00+05:30
185.95,194.7,185.0,187.0,76059.0,1738640700.0,2025-02-04 09:15:00+05:30
186.9,188.5,186.0,186.95,24372.0,1738641000.0,2025-02-04 09:20:00+05:30
187.1,188.2,186.05,188.2,10919.0,1738641300.0,2025-02-04 09:25:00+05:30
188.05,189.2,187.6,188.1,12195.0,1738641600.0,2025-02-04 09:30:00+05:30
188.45,189.8,187.7,188.0,14363.0,1738641900.0,2025-02-04 09:35:00+05:30
187.85,188.45,186.55,187.3,12504.0,1738642200.0,2025-02-04 09:40:00+05:30
187.2,188.3,186.55,187.75,12535.0,1738642500.0,2025-02-04 09:45:00+05:30
187.75,188.3,187.0,187.4,16074.0,1738642800.0,2025-02-04 09:50:00+05:30
187.35,189.0,186.55,189.0,22074.0,1738643100.0,2025-02-04 09:55:00+05:30
189.0,189.0,187.3,188.1,10054.0,1738643400.0,2025-02-04 10:00:00+05:30
188.3,188.5,187.25,187.85,8132.0,1738643700.0,2025-02-04 10:05:00+05:30
187.85,189.85,187.1,189.75,17562.0,1738644000.0,2025-02-04 10:10:00+05:30
190.15,191.5,190.0,190.95,13567.0,1738644300.0,2025-02-04 10:15:00+05:30
190.9,192.5,189.65,191.95,16703.0,1738644600.0,2025-02-04 10:20:00+05:30
191.15,192.8,191.15,192.0,20911.0,1738644900.0,2025-02-04 10:25:00+05:30
192.5,192.5,191.3,192.05,9201.0,1738645200.0,2025-02-04 10:30:00+05:30
192.0,192.3,191.1,192.0,3555.0,1738645500.0,2025-02-04 10:35:00+05:30
191.55,193.7,191.55,192.3,11189.0,1738645800.0,2025-02-04 10:40:00+05:30
192.65,194.05,191.2,193.15,27663.0,1738646100.0,2025-02-04 10:45:00+05:30
192.7,196.95,192.65,195.0,39324.0,1738646400.0,2025-02-04 10:50:00+05:30
195.0,195.0,192.85,193.6,9936.0,1738646700.0,2025-02-04 10:55:00+05:30
193.6,194.95,193.05,193.65,11101.0,1738647000.0,2025-02-04 11:00:00+05:30
193.95,194.75,193.6,194.3,3693.0,1738647300.0,2025-02-04 11:05:00+05:30
194.7,194.75,193.3,194.0,3307.0,1738647600.0,2025-02-04 11:10:00+05:30
194.0,194.3,192.4,192.7,7625.0,1738647900.0,2025-02-04 11:15:00+05:30
192.55,193.95,192.3,193.75,5880.0,1738648200.0,2025-02-04 11:20:00+05:30
193.75,194.95,193.35,194.55,3237.0,1738648500.0,2025-02-04 11:25:00+05:30
194.9,196.3,194.25,196.0,6943.0,1738648800.0,2025-02-04 11:30:00+05:30
196.25,198.0,196.0,197.0,16154.0,1738649100.0,2025-02-04 11:35:00+05:30
196.85,197.7,196.55,197.65,10764.0,1738649400.0,2025-02-04 11:40:00+05:30
197.7,198.6,197.0,197.9,15050.0,1738649700.0,2025-02-04 11:45:00+05:30
197.95,199.0,197.3,198.7,14471.0,1738650000.0,2025-02-04 11:50:00+05:30
198.15,198.75,198.05,198.5,7197.0,1738650300.0,2025-02-04 11:55:00+05:30
198.2,198.45,196.65,197.35,9924.0,1738650600.0,2025-02-04 12:00:00+05:30
197.35,197.5,196.65,197.5,7966.0,1738650900.0,2025-02-04 12:05:00+05:30
197.85,198.5,197.55,198.4,3283.0,1738651200.0,2025-02-04 12:10:00+05:30
198.0,198.5,197.85,198.0,4744.0,1738651500.0,2025-02-04 12:15:00+05:30
198.15,198.5,198.0,198.2,3144.0,1738651800.0,2025-02-04 12:20:00+05:30
198.2,199.5,197.3,199.3,17537.0,1738652100.0,2025-02-04 12:25:00+05:30
198.8,199.5,198.0,198.0,35652.0,1738652400.0,2025-02-04 12:30:00+05:30
198.0,198.55,197.05,198.55,8117.0,1738652700.0,2025-02-04 12:35:00+05:30
198.15,198.2,195.95,196.95,16126.0,1738653000.0,2025-02-04 12:40:00+05:30
197.3,197.9,196.95,197.05,4200.0,1738653300.0,2025-02-04 12:45:00+05:30
197.2,198.7,197.0,198.15,8713.0,1738653600.0,2025-02-04 12:50:00+05:30
198.15,198.3,197.75,198.1,6265.0,1738653900.0,2025-02-04 12:55:00+05:30
196.95,197.4,196.05,196.4,11574.0,1738654200.0,2025-02-04 13:00:00+05:30
196.4,196.9,196.4,196.4,3780.0,1738654500.0,2025-02-04 13:05:00+05:30
196.65,196.65,193.3,193.95,27575.0,1738654800.0,2025-02-04 13:10:00+05:30
193.75,196.2,193.0,195.75,22849.0,1738655100.0,2025-02-04 13:15:00+05:30
195.25,196.75,195.25,196.2,4161.0,1738655400.0,2025-02-04 13:20:00+05:30
196.2,198.35,196.1,196.35,11835.0,1738655700.0,2025-02-04 13:25:00+05:30
196.35,198.2,196.25,197.65,6437.0,1738656000.0,2025-02-04 13:30:00+05:30
197.95,197.95,197.05,197.45,2133.0,1738656300.0,2025-02-04 13:35:00+05:30
197.3,197.5,197.2,197.25,879.0,1738656600.0,2025-02-04 13:40:00+05:30
196.95,197.3,195.0,195.65,12269.0,1738656900.0,2025-02-04 13:45:00+05:30
196.2,196.55,194.55,194.95,4158.0,1738657200.0,2025-02-04 13:50:00+05:30
194.95,195.55,194.7,195.45,3214.0,1738657500.0,2025-02-04 13:55:00+05:30
195.0,195.5,194.75,195.1,1876.0,1738657800.0,2025-02-04 14:00:00+05:30
194.9,195.5,194.6,194.6,7015.0,1738658100.0,2025-02-04 14:05:00+05:30
194.3,194.5,193.15,193.45,9105.0,1738658400.0,2025-02-04 14:10:00+05:30
193.6,193.85,191.55,192.4,13906.0,1738658700.0,2025-02-04 14:15:00+05:30
191.35,192.35,190.9,191.95,14453.0,1738659000.0,2025-02-04 14:20:00+05:30
192.0,194.4,191.45,192.75,10202.0,1738659300.0,2025-02-04 14:25:00+05:30
192.5,194.1,192.5,193.8,7954.0,1738659600.0,2025-02-04 14:30:00+05:30
193.8,194.95,193.6,193.65,10846.0,1738659900.0,2025-02-04 14:35:00+05:30
193.75,194.55,193.1,194.05,3725.0,1738660200.0,2025-02-04 14:40:00+05:30
194.0,194.95,193.3,193.65,18804.0,1738660500.0,2025-02-04 14:45:00+05:30
193.55,193.9,192.6,192.6,8142.0,1738660800.0,2025-02-04 14:50:00+05:30
192.3,193.95,192.2,193.8,8732.0,1738661100.0,2025-02-04 14:55:00+05:30
193.8,193.8,192.3,192.45,13396.0,1738661400.0,2025-02-04 15:00:00+05:30
193.0,195.0,193.0,194.8,8294.0,1738661700.0,2025-02-04 15:05:00+05:30
194.85,195.85,193.5,193.9,6713.0,1738662000.0,2025-02-04 15:10:00+05:30
193.9,195.6,192.1,193.85,37700.0,1738662300.0,2025-02-04 15:15:00+05:30
193.85,195.45,190.35,192.05,25038.0,1738662600.0,2025-02-04 15:20:00+05:30
191.9,194.0,191.7,193.0,9671.0,1738662900.0,2025-02-04 15:25:00+05:30
190.0,190.0,184.3,185.3,47328.0,1738727100.0,2025-02-05 09:15:00+05:30
185.0,185.5,184.55,184.75,18113.0,1738727400.0,2025-02-05 09:20:00+05:30
184.85,187.5,184.55,187.4,32822.0,1738727700.0,2025-02-05 09:25:00+05:30
186.95,187.4,186.35,186.7,5248.0,1738728000.0,2025-02-05 09:30:00+05:30
186.8,187.45,186.35,186.6,7460.0,1738728300.0,2025-02-05 09:35:00+05:30
186.55,187.9,186.55,187.7,8289.0,1738728600.0,2025-02-05 09:40:00+05:30
187.9,188.45,187.0,188.0,10441.0,1738728900.0,2025-02-05 09:45:00+05:30
187.8,189.6,187.8,189.5,18839.0,1738729200.0,2025-02-05 09:50:00+05:30
189.6,190.4,189.15,190.0,8757.0,1738729500.0,2025-02-05 09:55:00+05:30
190.2,190.4,187.95,188.3,8589.0,1738729800.0,2025-02-05 10:00:00+05:30
188.0,190.0,187.85,189.5,12028.0,1738730100.0,2025-02-05 10:05:00+05:30
189.4,189.55,188.5,188.5,1486.0,1738730400.0,2025-02-05 10:10:00+05:30
188.75,189.7,188.4,189.35,4690.0,1738730700.0,2025-02-05 10:15:00+05:30
189.65,190.3,188.25,189.4,20571.0,1738731000.0,2025-02-05 10:20:00+05:30
189.65,190.0,188.5,188.65,10239.0,1738731300.0,2025-02-05 10:25:00+05:30
188.95,189.15,187.5,187.55,4723.0,1738731600.0,2025-02-05 10:30:00+05:30
187.6,188.4,187.5,187.85,10233.0,1738731900.0,2025-02-05 10:35:00+05:30
188.0,188.2,187.55,188.1,5384.0,1738732200.0,2025-02-05 10:40:00+05:30
188.1,188.7,187.65,188.15,6006.0,1738732500.0,2025-02-05 10:45:00+05:30
188.15,188.7,188.05,188.25,2033.0,1738732800.0,2025-02-05 10:50:00+05:30
188.5,188.5,187.8,188.1,2515.0,1738733100.0,2025-02-05 10:55:00+05:30
188.1,189.05,188.1,188.8,6103.0,1738733400.0,2025-02-05 11:00:00+05:30
188.8,189.0,188.8,188.8,1161.0,1738733700.0,2025-02-05 11:05:00+05:30
188.85,189.1,188.85,188.9,563.0,1738734000.0,2025-02-05 11:10:00+05:30
188.8,189.25,188.6,188.9,2932.0,1738734300.0,2025-02-05 11:15:00+05:30
189.15,189.45,189.0,189.0,396.0,1738734600.0,2025-02-05 11:20:00+05:30
189.2,189.45,188.75,188.95,1521.0,1738734900.0,2025-02-05 11:25:00+05:30
188.8,189.95,188.8,189.3,1484.0,1738735200.0,2025-02-05 11:30:00+05:30
189.3,189.5,189.2,189.25,547.0,1738735500.0,2025-02-05 11:35:00+05:30
189.45,189.5,189.05,189.1,1242.0,1738735800.0,2025-02-05 11:40:00+05:30
189.15,189.4,188.8,188.9,1443.0,1738736100.0,2025-02-05 11:45:00+05:30
189.35,189.35,189.0,189.1,646.0,1738736400.0,2025-02-05 11:50:00+05:30
189.2,189.2,188.5,188.5,1537.0,1738736700.0,2025-02-05 11:55:00+05:30
188.6,188.85,188.3,188.65,247.0,1738737000.0,2025-02-05 12:00:00+05:30
188.8,188.9,188.55,188.55,191.0,1738737300.0,2025-02-05 12:05:00+05:30
188.55,188.8,188.5,188.65,171.0,1738737600.0,2025-02-05 12:10:00+05:30
188.65,189.4,188.65,189.2,2813.0,1738737900.0,2025-02-05 12:15:00+05:30
189.1,189.4,189.0,189.05,461.0,1738738200.0,2025-02-05 12:20:00+05:30
189.05,189.4,189.05,189.25,253.0,1738738500.0,2025-02-05 12:25:00+05:30
189.3,189.4,189.05,189.3,517.0,1738738800.0,2025-02-05 12:30:00+05:30
189.3,189.5,189.0,189.2,1466.0,1738739100.0,2025-02-05 12:35:00+05:30
189.2,189.5,189.0,189.0,1723.0,1738739400.0,2025-02-05 12:40:00+05:30
189.0,189.0,188.15,188.3,4440.0,1738739700.0,2025-02-05 12:45:00+05:30
188.5,188.7,188.2,188.4,516.0,1738740000.0,2025-02-05 12:50:00+05:30
188.25,188.65,188.25,188.35,229.0,1738740300.0,2025-02-05 12:55:00+05:30
188.35,188.45,187.65,187.9,1660.0,1738740600.0,2025-02-05 13:00:00+05:30
188.1,188.1,187.55,187.9,1685.0,1738740900.0,2025-02-05 13:05:00+05:30
187.85,188.0,187.7,187.75,231.0,1738741200.0,2025-02-05 13:10:00+05:30
187.95,188.15,187.7,188.05,268.0,1738741500.0,2025-02-05 13:15:00+05:30
188.4,188.45,187.5,187.5,1790.0,1738741800.0,2025-02-05 13:20:00+05:30
187.75,187.75,187.5,187.5,1871.0,1738742100.0,2025-02-05 13:25:00+05:30
187.65,188.4,187.6,188.15,5690.0,1738742400.0,2025-02-05 13:30:00+05:30
188.5,189.15,188.3,188.6,2833.0,1738742700.0,2025-02-05 13:35:00+05:30
188.6,188.85,188.3,188.55,1102.0,1738743000.0,2025-02-05 13:40:00+05:30
188.55,188.95,188.55,188.7,794.0,1738743300.0,2025-02-05 13:45:00+05:30
188.95,188.95,188.7,188.9,594.0,1738743600.0,2025-02-05 13:50:00+05:30
188.9,189.5,188.7,188.7,1483.0,1738743900.0,2025-02-05 13:55:00+05:30
188.7,189.0,188.4,188.4,871.0,1738744200.0,2025-02-05 14:00:00+05:30
188.85,188.85,188.25,188.3,2791.0,1738744500.0,2025-02-05 14:05:00+05:30
188.5,188.85,187.4,187.4,13562.0,1738744800.0,2025-02-05 14:10:00+05:30
187.45,187.85,187.1,187.45,3699.0,1738745100.0,2025-02-05 14:15:00+05:30
187.45,187.55,186.8,187.15,4745.0,1738745400.0,2025-02-05 14:20:00+05:30
187.25,187.65,187.15,187.35,111.0,1738745700.0,2025-02-05 14:25:00+05:30
187.6,187.6,187.05,187.2,1266.0,1738746000.0,2025-02-05 14:30:00+05:30
187.2,187.85,187.2,187.65,1099.0,1738746300.0,2025-02-05 14:35:00+05:30
187.7,188.05,187.45,187.7,3291.0,1738746600.0,2025-02-05 14:40:00+05:30
187.7,188.65,187.7,188.35,1695.0,1738746900.0,2025-02-05 14:45:00+05:30
188.5,188.75,187.75,188.25,4179.0,1738747200.0,2025-02-05 14:50:00+05:30
188.15,188.5,188.15,188.3,547.0,1738747500.0,2025-02-05 14:55:00+05:30
188.4,188.65,187.75,188.1,4741.0,1738747800.0,2025-02-05 15:00:00+05:30
188.1,189.3,188.0,188.8,5528.0,1738748100.0,2025-02-05 15:05:00+05:30
188.95,190.0,188.7,189.0,12600.0,1738748400.0,2025-02-05 15:10:00+05:30
189.0,191.0,189.0,190.25,8450.0,1738748700.0,2025-02-05 15:15:00+05:30
190.05,190.85,188.35,189.5,6580.0,1738749000.0,2025-02-05 15:20:00+05:30
189.65,189.65,186.55,187.0,33690.0,1738749300.0,2025-02-05 15:25:00+05:30
184.55,186.4,182.8,183.0,26788.0,1738813500.0,2025-02-06 09:15:00+05:30
182.75,183.4,182.1,182.75,13951.0,1738813800.0,2025-02-06 09:20:00+05:30
182.9,183.6,180.95,181.7,25861.0,1738814100.0,2025-02-06 09:25:00+05:30
181.65,181.65,180.35,180.5,12875.0,1738814400.0,2025-02-06 09:30:00+05:30
180.7,180.7,179.2,179.8,17449.0,1738814700.0,2025-02-06 09:35:00+05:30
179.85,181.3,179.8,180.9,9177.0,1738815000.0,2025-02-06 09:40:00+05:30
180.85,181.3,178.75,180.0,22176.0,1738815300.0,2025-02-06 09:45:00+05:30
180.2,180.4,179.55,180.3,3174.0,1738815600.0,2025-02-06 09:50:00+05:30
180.3,180.85,179.9,180.8,2696.0,1738815900.0,2025-02-06 09:55:00+05:30
180.8,180.8,179.7,180.55,5956.0,1738816200.0,2025-02-06 10:00:00+05:30
180.65,180.9,179.9,179.9,6155.0,1738816500.0,2025-02-06 10:05:00+05:30
179.85,180.0,179.5,179.65,3956.0,1738816800.0,2025-02-06 10:10:00+05:30
179.4,180.5,179.4,180.5,6415.0,1738817100.0,2025-02-06 10:15:00+05:30
180.35,180.85,180.0,180.05,5070.0,1738817400.0,2025-02-06 10:20:00+05:30
180.0,180.0,179.15,179.15,3006.0,1738817700.0,2025-02-06 10:25:00+05:30
179.15,179.6,179.05,179.1,2521.0,1738818000.0,2025-02-06 10:30:00+05:30
179.1,180.3,179.1,180.0,4382.0,1738818300.0,2025-02-06 10:35:00+05:30
180.2,180.35,179.55,179.55,1518.0,1738818600.0,2025-02-06 10:40:00+05:30
180.0,180.0,179.35,179.45,6156.0,1738818900.0,2025-02-06 10:45:00+05:30
179.7,180.5,179.5,179.9,8007.0,1738819200.0,2025-02-06 10:50:00+05:30
179.7,179.95,179.45,179.7,1377.0,1738819500.0,2025-02-06 10:55:00+05:30
179.5,179.9,179.45,179.45,1759.0,1738819800.0,2025-02-06 11:00:00+05:30
179.45,179.6,179.35,179.4,1074.0,1738820100.0,2025-02-06 11:05:00+05:30
179.4,179.85,179.4,179.5,2618.0,1738820400.0,2025-02-06 11:10:00+05:30
179.65,179.75,179.1,179.15,4619.0,1738820700.0,2025-02-06 11:15:00+05:30
179.15,179.7,179.1,179.25,1737.0,1738821000.0,2025-02-06 11:20:00+05:30
179.4,179.7,179.1,179.6,2740.0,1738821300.0,2025-02-06 11:25:00+05:30
179.7,179.95,179.55,179.95,337.0,1738821600.0,2025-02-06 11:30:00+05:30
179.95,180.35,179.45,179.45,4360.0,1738821900.0,2025-02-06 11:35:00+05:30
179.65,179.8,179.3,179.7,1373.0,1738822200.0,2025-02-06 11:40:00+05:30
179.8,180.2,179.8,180.05,1443.0,1738822500.0,2025-02-06 11:45:00+05:30
179.8,180.2,179.55,179.65,1076.0,1738822800.0,2025-02-06 11:50:00+05:30
179.65,179.85,179.65,179.7,434.0,1738823100.0,2025-02-06 11:55:00+05:30
179.95,180.15,179.55,179.6,1650.0,1738823400.0,2025-02-06 12:00:00+05:30
179.7,179.75,179.55,179.55,444.0,1738823700.0,2025-02-06 12:05:00+05:30
179.55,180.05,179.4,179.5,1519.0,1738824000.0,2025-02-06 12:10:00+05:30
179.5,179.75,179.35,179.4,1155.0,1738824300.0,2025-02-06 12:15:00+05:30
179.6,179.9,179.5,179.7,338.0,1738824600.0,2025-02-06 12:20:00+05:30
179.7,179.9,179.6,179.6,741.0,1738824900.0,2025-02-06 12:25:00+05:30
179.6,179.8,179.45,179.75,1277.0,1738825200.0,2025-02-06 12:30:00+05:30
179.6,179.6,179.15,179.4,1378.0,1738825500.0,2025-02-06 12:35:00+05:30
179.5,179.6,179.3,179.35,263.0,1738825800.0,2025-02-06 12:40:00+05:30
179.25,179.45,179.15,179.2,382.0,1738826100.0,2025-02-06 12:45:00+05:30
179.35,179.5,178.7,179.5,6175.0,1738826400.0,2025-02-06 12:50:00+05:30
179.3,179.4,179.0,179.25,2387.0,1738826700.0,2025-02-06 12:55:00+05:30
179.25,179.35,179.0,179.05,4946.0,1738827000.0,2025-02-06 13:00:00+05:30
179.25,179.4,179.15,179.15,27.0,1738827300.0,2025-02-06 13:05:00+05:30
179.15,179.4,179.1,179.15,1402.0,1738827600.0,2025-02-06 13:10:00+05:30
179.15,180.1,178.8,179.45,15897.0,1738827900.0,2025-02-06 13:15:00+05:30
179.9,180.25,179.7,179.7,2682.0,1738828200.0,2025-02-06 13:20:00+05:30
179.65,179.9,179.55,179.75,3236.0,1738828500.0,2025-02-06 13:25:00+05:30
179.8,180.0,179.75,179.9,910.0,1738828800.0,2025-02-06 13:30:00+05:30
179.75,179.95,179.7,179.7,487.0,1738829100.0,2025-02-06 13:35:00+05:30
179.85,180.5,179.7,180.15,2072.0,1738829400.0,2025-02-06 13:40:00+05:30
180.1,180.4,180.0,180.05,694.0,1738829700.0,2025-02-06 13:45:00+05:30
180.0,180.05,179.8,179.9,10253.0,1738830000.0,2025-02-06 13:50:00+05:30
179.9,180.4,179.9,180.2,609.0,1738830300.0,2025-02-06 13:55:00+05:30
180.2,180.4,179.75,179.9,1600.0,1738830600.0,2025-02-06 14:00:00+05:30
179.95,180.1,179.8,180.0,181.0,1738830900.0,2025-02-06 14:05:00+05:30
179.8,180.15,179.7,179.9,1900.0,1738831200.0,2025-02-06 14:10:00+05:30
179.9,180.1,179.7,179.85,619.0,1738831500.0,2025-02-06 14:15:00+05:30
180.05,180.3,179.95,180.25,1381.0,1738831800.0,2025-02-06 14:20:00+05:30
180.15,180.3,180.0,180.0,339.0,1738832100.0,2025-02-06 14:25:00+05:30
180.25,180.35,179.9,180.0,1140.0,1738832400.0,2025-02-06 14:30:00+05:30
180.0,180.5,179.95,180.2,1342.0,1738832700.0,2025-02-06 14:35:00+05:30
180.1,180.4,180.0,180.0,2252.0,1738833000.0,2025-02-06 14:40:00+05:30
180.0,180.25,179.75,180.1,4334.0,1738833300.0,2025-02-06 14:45:00+05:30
180.05,182.2,180.05,181.15,20650.0,1738833600.0,2025-02-06 14:50:00+05:30
181.15,181.45,180.7,180.85,2339.0,1738833900.0,2025-02-06 14:55:00+05:30
181.0,181.95,180.9,181.5,9873.0,1738834200.0,2025-02-06 15:00:00+05:30
181.45,182.0,181.3,181.65,3967.0,1738834500.0,2025-02-06 15:05:00+05:30
181.85,181.95,181.1,181.55,4453.0,1738834800.0,2025-02-06 15:10:00+05:30
181.6,182.0,181.3,181.9,8527.0,1738835100.0,2025-02-06 15:15:00+05:30
181.9,181.95,181.25,181.3,6659.0,1738835400.0,2025-02-06 15:20:00+05:30
181.3,181.9,180.1,180.1,10596.0,1738835700.0,2025-02-06 15:25:00+05:30
179.0,179.95,176.1,176.8,17258.0,1738899900.0,2025-02-07 09:15:00+05:30
176.95,177.25,175.8,175.9,9764.0,1738900200.0,2025-02-07 09:20:00+05:30
175.8,176.7,175.35,175.75,8082.0,1738900500.0,2025-02-07 09:25:00+05:30
175.8,176.3,175.45,175.85,6650.0,1738900800.0,2025-02-07 09:30:00+05:30
175.85,175.95,175.25,175.5,8935.0,1738901100.0,2025-02-07 09:35:00+05:30
175.6,175.85,174.6,174.9,10293.0,1738901400.0,2025-02-07 09:40:00+05:30
174.75,175.05,173.6,174.65,9743.0,1738901700.0,2025-02-07 09:45:00+05:30
174.4,175.25,174.3,175.05,2629.0,1738902000.0,2025-02-07 09:50:00+05:30
175.05,175.05,174.5,174.55,3196.0,1738902300.0,2025-02-07 09:55:00+05:30
174.75,174.8,174.05,174.25,4336.0,1738902600.0,2025-02-07 10:00:00+05:30
174.3,174.7,173.5,174.5,5694.0,1738902900.0,2025-02-07 10:05:00+05:30
174.5,174.7,173.55,174.0,3775.0,1738903200.0,2025-02-07 10:10:00+05:30
174.0,174.1,172.55,172.85,11000.0,1738903500.0,2025-02-07 10:15:00+05:30
172.95,173.05,172.1,172.4,11529.0,1738903800.0,2025-02-07 10:20:00+05:30
172.55,172.55,171.65,172.1,6819.0,1738904100.0,2025-02-07 10:25:00+05:30
172.2,172.2,171.85,172.0,2081.0,1738904400.0,2025-02-07 10:30:00+05:30
172.0,172.15,171.65,172.15,6479.0,1738904700.0,2025-02-07 10:35:00+05:30
172.25,172.5,171.8,172.1,10428.0,1738905000.0,2025-02-07 10:40:00+05:30
172.45,172.75,171.8,171.95,2714.0,1738905300.0,2025-02-07 10:45:00+05:30
172.0,172.25,171.2,171.35,8136.0,1738905600.0,2025-02-07 10:50:00+05:30
171.5,171.8,171.15,171.15,6734.0,1738905900.0,2025-02-07 10:55:00+05:30
171.5,171.65,171.2,171.3,2636.0,1738906200.0,2025-02-07 11:00:00+05:30
171.35,171.6,170.75,171.55,7878.0,1738906500.0,2025-02-07 11:05:00+05:30
171.55,171.9,171.15,171.55,8690.0,1738906800.0,2025-02-07 11:10:00+05:30
171.8,172.95,171.7,172.4,4118.0,1738907100.0,2025-02-07 11:15:00+05:30
172.4,172.45,171.85,172.0,3131.0,1738907400.0,2025-02-07 11:20:00+05:30
172.0,172.05,171.55,171.8,3309.0,1738907700.0,2025-02-07 11:25:00+05:30
171.75,172.25,171.5,171.55,4326.0,1738908000.0,2025-02-07 11:30:00+05:30
171.8,172.25,171.5,171.55,6706.0,1738908300.0,2025-02-07 11:35:00+05:30
171.75,171.85,171.25,171.65,4461.0,1738908600.0,2025-02-07 11:40:00+05:30
171.7,171.7,171.25,171.25,5704.0,1738908900.0,2025-02-07 11:45:00+05:30
171.2,171.45,171.2,171.2,1908.0,1738909200.0,2025-02-07 11:50:00+05:30
171.1,171.55,170.9,171.25,9277.0,1738909500.0,2025-02-07 11:55:00+05:30
171.2,171.4,170.8,170.9,4194.0,1738909800.0,2025-02-07 12:00:00+05:30
171.15,171.15,170.6,170.85,4231.0,1738910100.0,2025-02-07 12:05:00+05:30
170.85,170.95,169.55,170.15,14806.0,1738910400.0,2025-02-07 12:10:00+05:30
170.4,170.6,169.8,170.6,2083.0,1738910700.0,2025-02-07 12:15:00+05:30
170.65,170.95,170.0,170.75,4448.0,1738911000.0,2025-02-07 12:20:00+05:30
170.7,172.0,170.6,171.5,7554.0,1738911300.0,2025-02-07 12:25:00+05:30
172.0,172.0,171.1,171.35,3505.0,1738911600.0,2025-02-07 12:30:00+05:30
171.5,171.5,171.0,171.0,2299.0,1738911900.0,2025-02-07 12:35:00+05:30
171.05,171.35,170.8,171.1,374.0,1738912200.0,2025-02-07 12:40:00+05:30
171.35,171.45,170.85,170.9,3320.0,1738912500.0,2025-02-07 12:45:00+05:30
170.85,171.25,170.6,170.6,899.0,1738912800.0,2025-02-07 12:50:00+05:30
170.6,171.1,170.55,170.75,912.0,1738913100.0,2025-02-07 12:55:00+05:30
170.75,170.75,170.25,170.55,1562.0,1738913400.0,2025-02-07 13:00:00+05:30
170.55,170.75,170.25,170.35,1385.0,1738913700.0,2025-02-07 13:05:00+05:30
170.4,170.65,170.05,170.25,1442.0,1738914000.0,2025-02-07 13:10:00+05:30
170.25,170.35,170.05,170.3,3270.0,1738914300.0,2025-02-07 13:15:00+05:30
170.45,170.7,170.25,170.4,2991.0,1738914600.0,2025-02-07 13:20:00+05:30
170.35,170.55,169.6,170.1,7332.0,1738914900.0,2025-02-07 13:25:00+05:30
170.15,170.25,169.85,169.85,2930.0,1738915200.0,2025-02-07 13:30:00+05:30
170.0,170.25,169.8,169.95,2804.0,1738915500.0,2025-02-07 13:35:00+05:30
170.05,170.15,169.75,169.8,2686.0,1738915800.0,2025-02-07 13:40:00+05:30
169.9,171.15,169.7,169.9,11138.0,1738916100.0,2025-02-07 13:45:00+05:30
169.55,169.85,169.15,169.8,1874.0,1738916400.0,2025-02-07 13:50:00+05:30
169.7,170.0,169.45,169.75,5425.0,1738916700.0,2025-02-07 13:55:00+05:30
169.6,169.9,169.55,169.8,1377.0,1738917000.0,2025-02-07 14:00:00+05:30
169.6,170.1,169.3,169.6,3939.0,1738917300.0,2025-02-07 14:05:00+05:30
169.4,169.65,169.2,169.65,3021.0,1738917600.0,2025-02-07 14:10:00+05:30
169.65,169.65,168.8,169.0,7474.0,1738917900.0,2025-02-07 14:15:00+05:30
168.85,169.5,168.8,169.4,2014.0,1738918200.0,2025-02-07 14:20:00+05:30
169.4,169.4,168.8,169.05,1968.0,1738918500.0,2025-02-07 14:25:00+05:30
169.05,169.3,168.4,169.05,4403.0,1738918800.0,2025-02-07 14:30:00+05:30
168.9,169.3,168.6,169.3,4083.0,1738919100.0,2025-02-07 14:35:00+05:30
169.35,169.35,168.55,168.85,5732.0,1738919400.0,2025-02-07 14:40:00+05:30
168.85,169.3,168.55,169.05,2292.0,1738919700.0,2025-02-07 14:45:00+05:30
169.35,169.45,168.65,168.85,6432.0,1738920000.0,2025-02-07 14:50:00+05:30
169.1,169.15,168.65,169.05,4657.0,1738920300.0,2025-02-07 14:55:00+05:30
169.0,169.7,168.9,169.2,5104.0,1738920600.0,2025-02-07 15:00:00+05:30
169.25,169.95,169.0,169.95,8056.0,1738920900.0,2025-02-07 15:05:00+05:30
170.95,170.95,168.4,168.75,11518.0,1738921200.0,2025-02-07 15:10:00+05:30
168.75,169.3,168.2,168.8,15655.0,1738921500.0,2025-02-07 15:15:00+05:30
168.75,169.25,168.55,169.2,11695.0,1738921800.0,2025-02-07 15:20:00+05:30
169.2,170.5,168.75,170.0,13297.0,1738922100.0,2025-02-07 15:25:00+05:30
169.0,169.0,165.6,166.35,13511.0,1739159100.0,2025-02-10 09:15:00+05:30
166.4,167.8,166.0,166.9,8386.0,1739159400.0,2025-02-10 09:20:00+05:30
166.6,166.85,164.75,165.0,12989.0,1739159700.0,2025-02-10 09:25:00+05:30
164.95,165.0,162.85,164.45,7964.0,1739160000.0,2025-02-10 09:30:00+05:30
164.45,165.4,164.3,165.4,8905.0,1739160300.0,2025-02-10 09:35:00+05:30
165.15,165.85,165.0,165.5,3791.0,1739160600.0,2025-02-10 09:40:00+05:30
165.5,166.4,165.2,165.65,2456.0,1739160900.0,2025-02-10 09:45:00+05:30
165.3,165.8,165.3,165.5,1511.0,1739161200.0,2025-02-10 09:50:00+05:30
165.5,165.5,164.9,164.9,3342.0,1739161500.0,2025-02-10 09:55:00+05:30
165.05,165.15,163.55,163.9,4749.0,1739161800.0,2025-02-10 10:00:00+05:30
163.9,164.2,163.55,163.95,2797.0,1739162100.0,2025-02-10 10:05:00+05:30
163.9,163.9,163.15,163.9,2581.0,1739162400.0,2025-02-10 10:10:00+05:30
163.85,163.9,163.15,163.9,4216.0,1739162700.0,2025-02-10 10:15:00+05:30
163.9,164.35,163.55,163.85,3127.0,1739163000.0,2025-02-10 10:20:00+05:30
163.95,164.4,163.65,164.25,3538.0,1739163300.0,2025-02-10 10:25:00+05:30
164.5,165.45,164.5,164.5,6700.0,1739163600.0,2025-02-10 10:30:00+05:30
164.75,165.3,163.7,165.05,9546.0,1739163900.0,2025-02-10 10:35:00+05:30
165.0,165.35,164.75,164.95,899.0,1739164200.0,2025-02-10 10:40:00+05:30
164.8,164.95,164.55,164.8,1499.0,1739164500.0,2025-02-10 10:45:00+05:30
165.05,165.45,164.85,165.3,1316.0,1739164800.0,2025-02-10 10:50:00+05:30
165.4,165.7,165.05,165.7,1190.0,1739165100.0,2025-02-10 10:55:00+05:30
165.7,165.7,164.5,164.9,4570.0,1739165400.0,2025-02-10 11:00:00+05:30
164.65,165.25,164.65,165.25,264.0,1739165700.0,2025-02-10 11:05:00+05:30
165.2,165.4,164.85,165.4,1712.0,1739166000.0,2025-02-10 11:10:00+05:30
165.4,165.55,164.9,165.55,737.0,1739166300.0,2025-02-10 11:15:00+05:30
165.6,165.6,164.45,164.75,799.0,1739166600.0,2025-02-10 11:20:00+05:30
164.7,164.7,164.35,164.4,1721.0,1739166900.0,2025-02-10 11:25:00+05:30
164.4,165.2,164.35,165.05,711.0,1739167200.0,2025-02-10 11:30:00+05:30
165.0,165.35,164.8,164.9,526.0,1739167500.0,2025-02-10 11:35:00+05:30
164.9,165.05,164.5,164.85,519.0,1739167800.0,2025-02-10 11:40:00+05:30
164.85,164.85,164.5,164.6,511.0,1739168100.0,2025-02-10 11:45:00+05:30
164.65,164.7,164.3,164.7,559.0,1739168400.0,2025-02-10 11:50:00+05:30
163.85,164.45,163.85,163.9,4691.0,1739168700.0,2025-02-10 11:55:00+05:30
163.9,164.1,163.4,163.6,341.0,1739169000.0,2025-02-10 12:00:00+05:30
163.95,163.95,163.6,163.85,809.0,1739169300.0,2025-02-10 12:05:00+05:30
163.85,164.15,163.4,163.4,2099.0,1739169600.0,2025-02-10 12:10:00+05:30
163.8,163.95,163.45,163.55,1051.0,1739169900.0,2025-02-10 12:15:00+05:30
163.5,163.95,163.5,163.8,494.0,1739170200.0,2025-02-10 12:20:00+05:30
163.8,164.4,163.45,163.65,2463.0,1739170500.0,2025-02-10 12:25:00+05:30
163.6,164.15,163.6,164.15,701.0,1739170800.0,2025-02-10 12:30:00+05:30
164.1,164.2,163.85,164.15,675.0,1739171100.0,2025-02-10 12:35:00+05:30
164.15,164.4,163.55,164.4,2736.0,1739171400.0,2025-02-10 12:40:00+05:30
164.15,164.35,163.95,164.05,441.0,1739171700.0,2025-02-10 12:45:00+05:30
163.95,164.3,163.7,164.3,962.0,1739172000.0,2025-02-10 12:50:00+05:30
164.3,164.45,164.0,164.3,2570.0,1739172300.0,2025-02-10 12:55:00+05:30
163.8,164.15,163.8,164.15,792.0,1739172600.0,2025-02-10 13:00:00+05:30
164.15,164.2,163.8,163.85,366.0,1739172900.0,2025-02-10 13:05:00+05:30
163.8,163.8,162.5,163.2,11259.0,1739173200.0,2025-02-10 13:10:00+05:30
163.2,163.2,162.5,162.6,579.0,1739173500.0,2025-02-10 13:15:00+05:30
162.7,163.55,162.7,163.0,2584.0,1739173800.0,2025-02-10 13:20:00+05:30
163.4,163.6,163.15,163.2,341.0,1739174100.0,2025-02-10 13:25:00+05:30
163.45,163.9,163.05,163.15,5472.0,1739174400.0,2025-02-10 13:30:00+05:30
163.4,163.85,163.1,163.45,2035.0,1739174700.0,2025-02-10 13:35:00+05:30
163.65,164.2,163.3,163.5,3658.0,1739175000.0,2025-02-10 13:40:00+05:30
163.8,164.1,163.65,163.85,253.0,1739175300.0,2025-02-10 13:45:00+05:30
164.05,164.2,163.65,163.95,489.0,1739175600.0,2025-02-10 13:50:00+05:30
163.95,164.3,163.7,164.3,1004.0,1739175900.0,2025-02-10 13:55:00+05:30
163.95,164.05,163.6,163.6,409.0,1739176200.0,2025-02-10 14:00:00+05:30
163.65,163.9,163.35,163.4,3985.0,1739176500.0,2025-02-10 14:05:00+05:30
163.5,163.6,163.05,163.4,852.0,1739176800.0,2025-02-10 14:10:00+05:30
163.55,164.1,163.4,163.7,1852.0,1739177100.0,2025-02-10 14:15:00+05:30
163.55,163.95,163.15,163.4,559.0,1739177400.0,2025-02-10 14:20:00+05:30
163.35,164.0,163.35,164.0,342.0,1739177700.0,2025-02-10 14:25:00+05:30
164.0,164.5,164.0,164.05,524.0,1739178000.0,2025-02-10 14:30:00+05:30
164.35,164.35,163.7,164.0,4293.0,1739178300.0,2025-02-10 14:35:00+05:30
164.0,164.0,163.75,163.9,305.0,1739178600.0,2025-02-10 14:40:00+05:30
164.0,164.05,163.5,163.85,1262.0,1739178900.0,2025-02-10 14:45:00+05:30
163.8,164.2,163.5,164.0,629.0,1739179200.0,2025-02-10 14:50:00+05:30
163.1,163.95,163.1,163.95,3026.0,1739179500.0,2025-02-10 14:55:00+05:30
163.45,163.95,163.45,163.9,553.0,1739179800.0,2025-02-10 15:00:00+05:30
163.7,164.4,163.55,164.2,4192.0,1739180100.0,2025-02-10 15:05:00+05:30
164.5,165.95,164.05,165.0,6471.0,1739180400.0,2025-02-10 15:10:00+05:30
165.0,165.05,164.25,164.5,2140.0,1739180700.0,2025-02-10 15:15:00+05:30
164.9,164.9,163.1,164.25,12515.0,1739181000.0,2025-02-10 15:20:00+05:30
164.0,164.65,163.5,164.5,5029.0,1739181300.0,2025-02-10 15:25:00+05:30
165.05,168.35,161.2,161.8,8133.0,1739245500.0,2025-02-11 09:15:00+05:30
161.8,161.8,160.5,160.65,3812.0,1739245800.0,2025-02-11 09:20:00+05:30
160.8,160.85,159.25,160.25,8314.0,1739246100.0,2025-02-11 09:25:00+05:30
160.0,160.55,159.1,159.75,8587.0,1739246400.0,2025-02-11 09:30:00+05:30
159.6,160.45,159.05,159.45,7273.0,1739246700.0,2025-02-11 09:35:00+05:30
159.5,159.8,159.0,159.5,5029.0,1739247000.0,2025-02-11 09:40:00+05:30
159.55,159.55,158.3,158.7,1256.0,1739247300.0,2025-02-11 09:45:00+05:30
158.5,159.0,158.05,158.35,4888.0,1739247600.0,2025-02-11 09:50:00+05:30
158.35,158.5,157.8,158.25,4154.0,1739247900.0,2025-02-11 09:55:00+05:30
158.3,159.0,157.8,158.75,3248.0,1739248200.0,2025-02-11 10:00:00+05:30
158.55,158.85,157.8,158.4,14313.0,1739248500.0,2025-02-11 10:05:00+05:30
158.35,158.4,156.5,157.95,6433.0,1739248800.0,2025-02-11 10:10:00+05:30
157.95,158.0,157.1,157.8,2294.0,1739249100.0,2025-02-11 10:15:00+05:30
157.55,158.95,157.55,158.75,4067.0,1739249400.0,2025-02-11 10:20:00+05:30
158.75,159.45,158.4,159.45,4529.0,1739249700.0,2025-02-11 10:25:00+05:30
159.45,159.9,159.3,159.45,1133.0,1739250000.0,2025-02-11 10:30:00+05:30
159.65,159.95,159.4,159.55,1624.0,1739250300.0,2025-02-11 10:35:00+05:30
159.85,160.5,159.35,159.95,5203.0,1739250600.0,2025-02-11 10:40:00+05:30
159.65,160.05,159.05,160.05,3478.0,1739250900.0,2025-02-11 10:45:00+05:30
160.3,160.85,160.1,160.6,3001.0,1739251200.0,2025-02-11 10:50:00+05:30
160.3,160.5,159.7,160.05,1677.0,1739251500.0,2025-02-11 10:55:00+05:30
160.0,160.15,159.05,159.95,2090.0,1739251800.0,2025-02-11 11:00:00+05:30
160.15,160.95,159.85,160.65,2862.0,1739252100.0,2025-02-11 11:05:00+05:30
160.4,160.75,159.2,159.8,8837.0,1739252400.0,2025-02-11 11:10:00+05:30
159.6,159.7,157.0,157.0,25178.0,1739252700.0,2025-02-11 11:15:00+05:30
157.0,158.3,157.0,158.05,4383.0,1739253000.0,2025-02-11 11:20:00+05:30
158.05,158.15,156.6,157.3,2773.0,1739253300.0,2025-02-11 11:25:00+05:30
157.0,157.7,156.95,157.0,3247.0,1739253600.0,2025-02-11 11:30:00+05:30
157.25,157.45,157.0,157.45,393.0,1739253900.0,2025-02-11 11:35:00+05:30
157.45,157.65,157.0,157.5,1708.0,1739254200.0,2025-02-11 11:40:00+05:30
157.5,157.7,157.2,157.5,1255.0,1739254500.0,2025-02-11 11:45:00+05:30
157.5,157.7,157.25,157.6,739.0,1739254800.0,2025-02-11 11:50:00+05:30
157.5,157.5,156.9,157.25,1333.0,1739255100.0,2025-02-11 11:55:00+05:30
157.2,157.95,157.2,157.6,1159.0,1739255400.0,2025-02-11 12:00:00+05:30
157.9,157.9,157.6,157.6,632.0,1739255700.0,2025-02-11 12:05:00+05:30
157.6,158.2,157.6,157.8,1267.0,1739256000.0,2025-02-11 12:10:00+05:30
158.15,158.65,157.75,158.45,2039.0,1739256300.0,2025-02-11 12:15:00+05:30
158.0,158.2,157.5,157.5,2228.0,1739256600.0,2025-02-11 12:20:00+05:30
157.5,158.2,157.15,157.9,2587.0,1739256900.0,2025-02-11 12:25:00+05:30
157.9,157.9,157.55,157.55,1276.0,1739257200.0,2025-02-11 12:30:00+05:30
157.5,157.7,157.5,157.65,2047.0,1739257500.0,2025-02-11 12:35:00+05:30
157.7,157.7,157.5,157.7,55.0,1739257800.0,2025-02-11 12:40:00+05:30
157.7,157.7,157.4,157.4,700.0,1739258100.0,2025-02-11 12:45:00+05:30
157.65,158.4,157.65,158.1,1837.0,1739258400.0,2025-02-11 12:50:00+05:30
158.1,158.3,157.5,157.65,1303.0,1739258700.0,2025-02-11 12:55:00+05:30
157.65,158.0,157.15,157.6,2079.0,1739259000.0,2025-02-11 13:00:00+05:30
157.6,157.65,157.0,157.4,15924.0,1739259300.0,2025-02-11 13:05:00+05:30
157.3,157.3,156.0,156.45,4210.0,1739259600.0,2025-02-11 13:10:00+05:30
156.45,157.15,156.4,156.8,1809.0,1739259900.0,2025-02-11 13:15:00+05:30
156.85,156.85,156.2,156.7,1508.0,1739260200.0,2025-02-11 13:20:00+05:30
156.8,156.8,156.1,156.35,2093.0,1739260500.0,2025-02-11 13:25:00+05:30
156.0,156.45,156.0,156.15,556.0,1739260800.0,2025-02-11 13:30:00+05:30
156.5,156.65,155.85,156.55,4623.0,1739261100.0,2025-02-11 13:35:00+05:30
156.05,156.65,155.4,156.2,6008.0,1739261400.0,2025-02-11 13:40:00+05:30
156.2,156.75,156.2,156.75,2521.0,1739261700.0,2025-02-11 13:45:00+05:30
156.75,156.95,156.0,156.0,1495.0,1739262000.0,2025-02-11 13:50:00+05:30
156.2,156.2,155.0,155.65,8747.0,1739262300.0,2025-02-11 13:55:00+05:30
155.4,155.4,155.05,155.3,815.0,1739262600.0,2025-02-11 14:00:00+05:30
155.3,155.9,155.1,155.55,1367.0,1739262900.0,2025-02-11 14:05:00+05:30
155.65,156.45,155.65,155.95,1945.0,1739263200.0,2025-02-11 14:10:00+05:30
155.85,156.05,155.5,156.05,747.0,1739263500.0,2025-02-11 14:15:00+05:30
155.85,156.05,155.55,156.0,384.0,1739263800.0,2025-02-11 14:20:00+05:30
155.8,156.15,154.95,155.7,6910.0,1739264100.0,2025-02-11 14:25:00+05:30
155.3,156.95,155.3,156.95,2870.0,1739264400.0,2025-02-11 14:30:00+05:30
156.35,165.0,156.35,165.0,93985.0,1739264700.0,2025-02-11 14:35:00+05:30
165.0,169.2,162.75,168.0,85616.0,1739265000.0,2025-02-11 14:40:00+05:30
168.0,175.7,167.55,171.5,82868.0,1739265300.0,2025-02-11 14:45:00+05:30
171.7,175.25,171.65,174.5,78614.0,1739265600.0,2025-02-11 14:50:00+05:30
174.55,174.55,170.8,173.3,46752.0,1739265900.0,2025-02-11 14:55:00+05:30
173.35,173.4,171.95,172.35,23810.0,1739266200.0,2025-02-11 15:00:00+05:30
172.7,173.35,171.8,173.0,19095.0,1739266500.0,2025-02-11 15:05:00+05:30
173.05,175.7,172.9,175.1,35050.0,1739266800.0,2025-02-11 15:10:00+05:30
175.4,177.0,174.0,175.55,48178.0,1739267100.0,2025-02-11 15:15:00+05:30
174.75,179.95,172.4,178.2,55325.0,1739267400.0,2025-02-11 15:20:00+05:30
178.2,179.75,174.7,175.9,18974.0,1739267700.0,2025-02-11 15:25:00+05:30
164.15,169.35,164.15,167.2,34746.0,1739331900.0,2025-02-12 09:15:00+05:30
168.2,168.85,166.55,167.25,16602.0,1739332200.0,2025-02-12 09:20:00+05:30
167.0,167.7,166.15,166.45,8367.0,1739332500.0,2025-02-12 09:25:00+05:30
166.4,167.5,166.15,167.5,15327.0,1739332800.0,2025-02-12 09:30:00+05:30
167.35,167.7,166.5,166.9,5836.0,1739333100.0,2025-02-12 09:35:00+05:30
167.0,167.4,166.65,166.8,3675.0,1739333400.0,2025-02-12 09:40:00+05:30
166.9,166.9,165.5,165.5,2735.0,1739333700.0,2025-02-12 09:45:00+05:30
165.5,166.5,165.5,166.15,2525.0,1739334000.0,2025-02-12 09:50:00+05:30
166.15,166.3,165.5,165.95,2432.0,1739334300.0,2025-02-12 09:55:00+05:30
165.95,167.3,165.65,166.5,4813.0,1739334600.0,2025-02-12 10:00:00+05:30
166.5,167.0,166.05,166.7,3109.0,1739334900.0,2025-02-12 10:05:00+05:30
166.6,167.9,166.6,167.2,3219.0,1739335200.0,2025-02-12 10:10:00+05:30
166.55,166.95,165.25,166.2,7179.0,1739335500.0,2025-02-12 10:15:00+05:30
166.45,166.5,164.95,165.5,4898.0,1739335800.0,2025-02-12 10:20:00+05:30
165.65,167.25,165.65,167.05,3413.0,1739336100.0,2025-02-12 10:25:00+05:30
167.05,167.65,166.45,167.65,3129.0,1739336400.0,2025-02-12 10:30:00+05:30
167.6,168.7,167.15,168.4,3201.0,1739336700.0,2025-02-12 10:35:00+05:30
168.55,168.9,166.5,167.3,3977.0,1739337000.0,2025-02-12 10:40:00+05:30
167.3,168.45,167.1,168.45,7234.0,1739337300.0,2025-02-12 10:45:00+05:30
168.1,168.85,168.1,168.2,3423.0,1739337600.0,2025-02-12 10:50:00+05:30
168.0,168.5,167.8,168.2,5946.0,1739337900.0,2025-02-12 10:55:00+05:30
168.2,168.2,167.95,168.2,949.0,1739338200.0,2025-02-12 11:00:00+05:30
168.2,169.2,168.0,169.2,2501.0,1739338500.0,2025-02-12 11:05:00+05:30
169.05,169.8,168.95,169.3,4008.0,1739338800.0,2025-02-12 11:10:00+05:30
169.3,169.3,168.65,169.05,2719.0,1739339100.0,2025-02-12 11:15:00+05:30
169.25,169.9,168.3,169.9,3035.0,1739339400.0,2025-02-12 11:20:00+05:30
169.65,169.9,169.2,169.55,2200.0,1739339700.0,2025-02-12 11:25:00+05:30
169.15,169.75,168.8,168.8,2650.0,1739340000.0,2025-02-12 11:30:00+05:30
169.05,170.9,168.1,170.9,34587.0,1739340300.0,2025-02-12 11:35:00+05:30
170.0,173.85,170.0,172.75,13824.0,1739340600.0,2025-02-12 11:40:00+05:30
172.3,174.0,172.3,173.4,9780.0,1739340900.0,2025-02-12 11:45:00+05:30
173.35,174.85,172.85,174.8,5830.0,1739341200.0,2025-02-12 11:50:00+05:30
175.15,175.15,173.3,173.4,7989.0,1739341500.0,2025-02-12 11:55:00+05:30
173.8,173.8,172.9,172.9,6319.0,1739341800.0,2025-02-12 12:00:00+05:30
172.75,173.05,170.1,170.15,18583.0,1739342100.0,2025-02-12 12:05:00+05:30
170.75,172.35,170.75,171.5,3426.0,1739342400.0,2025-02-12 12:10:00+05:30
171.85,171.9,171.25,171.5,2438.0,1739342700.0,2025-02-12 12:15:00+05:30
171.1,171.8,171.1,171.25,2758.0,1739343000.0,2025-02-12 12:20:00+05:30
171.25,171.25,170.8,171.05,713.0,1739343300.0,2025-02-12 12:25:00+05:30
171.2,172.55,171.2,172.55,7003.0,1739343600.0,2025-02-12 12:30:00+05:30
172.2,172.55,171.6,172.0,6324.0,1739343900.0,2025-02-12 12:35:00+05:30
172.1,172.3,171.6,172.15,1725.0,1739344200.0,2025-02-12 12:40:00+05:30
172.2,173.1,172.2,172.7,3338.0,1739344500.0,2025-02-12 12:45:00+05:30
172.5,173.0,172.25,172.45,1218.0,1739344800.0,2025-02-12 12:50:00+05:30
172.45,173.0,172.25,172.55,2266.0,1739345100.0,2025-02-12 12:55:00+05:30
172.8,172.9,172.35,172.75,1264.0,1739345400.0,2025-02-12 13:00:00+05:30
172.75,173.4,172.65,172.9,3328.0,1739345700.0,2025-02-12 13:05:00+05:30
173.15,173.5,172.75,173.0,4026.0,1739346000.0,2025-02-12 13:10:00+05:30
173.0,173.15,172.55,173.15,2372.0,1739346300.0,2025-02-12 13:15:00+05:30
172.85,173.1,172.35,172.8,1138.0,1739346600.0,2025-02-12 13:20:00+05:30
172.8,172.85,172.6,172.65,382.0,1739346900.0,2025-02-12 13:25:00+05:30
172.5,179.95,172.5,175.95,172324.0,1739347200.0,2025-02-12 13:30:00+05:30
175.45,175.9,169.5,170.55,67463.0,1739347500.0,2025-02-12 13:35:00+05:30
170.65,173.25,170.55,173.0,45242.0,1739347800.0,2025-02-12 13:40:00+05:30
172.75,172.85,170.9,171.4,9570.0,1739348100.0,2025-02-12 13:45:00+05:30
171.4,172.0,169.5,170.35,21260.0,1739348400.0,2025-02-12 13:50:00+05:30
170.5,170.55,168.8,169.25,13007.0,1739348700.0,2025-02-12 13:55:00+05:30
169.2,169.5,168.1,169.1,5613.0,1739349000.0,2025-02-12 14:00:00+05:30
169.2,170.75,168.9,170.35,12427.0,1739349300.0,2025-02-12 14:05:00+05:30
170.3,170.45,169.9,170.05,3224.0,1739349600.0,2025-02-12 14:10:00+05:30
169.9,170.1,169.1,169.7,6213.0,1739349900.0,2025-02-12 14:15:00+05:30
169.2,170.1,168.7,169.2,4028.0,1739350200.0,2025-02-12 14:20:00+05:30
169.0,169.05,168.3,168.4,2557.0,1739350500.0,2025-02-12 14:25:00+05:30
169.0,170.3,169.0,169.4,4512.0,1739350800.0,2025-02-12 14:30:00+05:30
169.4,169.65,168.7,168.75,5123.0,1739351100.0,2025-02-12 14:35:00+05:30
169.05,170.8,168.75,170.2,8542.0,1739351400.0,2025-02-12 14:40:00+05:30
170.1,170.45,169.75,169.95,1949.0,1739351700.0,2025-02-12 14:45:00+05:30
169.95,172.0,169.15,171.3,18903.0,1739352000.0,2025-02-12 14:50:00+05:30
171.7,172.9,171.2,172.45,11732.0,1739352300.0,2025-02-12 14:55:00+05:30
172.45,173.0,172.45,173.0,6208.0,1739352600.0,2025-02-12 15:00:00+05:30
173.0,173.0,172.45,172.9,16091.0,1739352900.0,2025-02-12 15:05:00+05:30
172.9,173.0,172.45,172.8,8007.0,1739353200.0,2025-02-12 15:10:00+05:30
172.85,172.85,170.1,170.25,10554.0,1739353500.0,2025-02-12 15:15:00+05:30
170.9,173.0,170.7,172.75,23474.0,1739353800.0,2025-02-12 15:20:00+05:30
172.7,173.0,171.75,173.0,9761.0,1739354100.0,2025-02-12 15:25:00+05:30
177.9,177.9,169.45,170.55,41549.0,1739418300.0,2025-02-13 09:15:00+05:30
170.5,171.0,168.45,168.9,26305.0,1739418600.0,2025-02-13 09:20:00+05:30
169.6,170.6,168.9,170.2,7464.0,1739418900.0,2025-02-13 09:25:00+05:30
170.4,170.6,170.15,170.3,6634.0,1739419200.0,2025-02-13 09:30:00+05:30
170.3,170.35,167.45,168.3,21987.0,1739419500.0,2025-02-13 09:35:00+05:30
167.95,168.9,167.85,168.05,8866.0,1739419800.0,2025-02-13 09:40:00+05:30
167.6,169.3,167.5,168.9,15090.0,1739420100.0,2025-02-13 09:45:00+05:30
169.0,169.4,168.05,169.4,2573.0,1739420400.0,2025-02-13 09:50:00+05:30
169.45,169.45,168.0,168.85,4259.0,1739420700.0,2025-02-13 09:55:00+05:30
168.9,169.3,168.55,169.15,1302.0,1739421000.0,2025-02-13 10:00:00+05:30
169.05,169.3,168.35,168.5,3061.0,1739421300.0,2025-02-13 10:05:00+05:30
168.6,168.65,167.65,167.9,1822.0,1739421600.0,2025-02-13 10:10:00+05:30
167.9,168.6,167.6,168.45,4803.0,1739421900.0,2025-02-13 10:15:00+05:30
168.25,168.65,166.95,167.75,7841.0,1739422200.0,2025-02-13 10:20:00+05:30
167.7,168.65,167.7,168.15,3823.0,1739422500.0,2025-02-13 10:25:00+05:30
168.25,168.7,167.65,168.25,1481.0,1739422800.0,2025-02-13 10:30:00+05:30
168.25,168.85,167.95,168.85,199.0,1739423100.0,2025-02-13 10:35:00+05:30
168.45,168.8,168.3,168.75,1566.0,1739423400.0,2025-02-13 10:40:00+05:30
168.4,168.75,167.95,168.3,2292.0,1739423700.0,2025-02-13 10:45:00+05:30
167.9,168.2,167.9,168.15,888.0,1739424000.0,2025-02-13 10:50:00+05:30
168.1,168.2,167.95,168.2,1176.0,1739424300.0,2025-02-13 10:55:00+05:30
168.35,168.65,168.25,168.6,1069.0,1739424600.0,2025-02-13 11:00:00+05:30
168.6,168.6,168.0,168.0,1647.0,1739424900.0,2025-02-13 11:05:00+05:30
167.95,168.6,167.85,168.25,3742.0,1739425200.0,2025-02-13 11:10:00+05:30
168.5,169.0,168.25,168.8,4166.0,1739425500.0,2025-02-13 11:15:00+05:30
168.7,168.9,168.5,168.65,2806.0,1739425800.0,2025-02-13 11:20:00+05:30
168.65,168.65,167.95,168.45,2678.0,1739426100.0,2025-02-13 11:25:00+05:30
168.5,168.6,168.0,168.25,769.0,1739426400.0,2025-02-13 11:30:00+05:30
168.15,168.5,168.15,168.2,629.0,1739426700.0,2025-02-13 11:35:00+05:30
168.2,168.35,168.0,168.05,1236.0,1739427000.0,2025-02-13 11:40:00+05:30
168.0,168.45,167.9,167.9,3794.0,1739427300.0,2025-02-13 11:45:00+05:30
168.05,168.75,168.05,168.5,1225.0,1739427600.0,2025-02-13 11:50:00+05:30
168.5,168.6,168.15,168.55,323.0,1739427900.0,2025-02-13 11:55:00+05:30
168.5,168.5,168.2,168.25,1232.0,1739428200.0,2025-02-13 12:00:00+05:30
168.25,168.75,168.25,168.3,3525.0,1739428500.0,2025-02-13 12:05:00+05:30
168.3,169.05,168.2,168.4,2821.0,1739428800.0,2025-02-13 12:10:00+05:30
168.45,168.8,168.45,168.8,723.0,1739429100.0,2025-02-13 12:15:00+05:30
168.45,168.55,168.0,168.55,2992.0,1739429400.0,2025-02-13 12:20:00+05:30
168.6,168.65,168.6,168.65,270.0,1739429700.0,2025-02-13 12:25:00+05:30
168.65,168.65,168.45,168.45,47.0,1739430000.0,2025-02-13 12:30:00+05:30
168.35,168.5,168.1,168.1,1518.0,1739430300.0,2025-02-13 12:35:00+05:30
168.3,168.65,168.25,168.65,1340.0,1739430600.0,2025-02-13 12:40:00+05:30
168.35,168.75,168.25,168.75,270.0,1739430900.0,2025-02-13 12:45:00+05:30
168.65,168.85,168.35,168.65,590.0,1739431200.0,2025-02-13 12:50:00+05:30
168.7,168.7,168.25,168.6,395.0,1739431500.0,2025-02-13 12:55:00+05:30
168.6,168.6,168.1,168.15,126.0,1739431800.0,2025-02-13 13:00:00+05:30
168.2,168.5,168.15,168.5,738.0,1739432100.0,2025-02-13 13:05:00+05:30
168.5,168.6,168.15,168.15,1098.0,1739432400.0,2025-02-13 13:10:00+05:30
168.05,168.4,168.05,168.1,1192.0,1739432700.0,2025-02-13 13:15:00+05:30
168.35,168.35,167.85,167.95,1852.0,1739433000.0,2025-02-13 13:20:00+05:30
167.95,167.95,167.35,167.8,1736.0,1739433300.0,2025-02-13 13:25:00+05:30
167.65,167.85,167.25,167.25,1399.0,1739433600.0,2025-02-13 13:30:00+05:30
167.2,167.7,167.1,167.6,2127.0,1739433900.0,2025-02-13 13:35:00+05:30
167.4,167.6,166.3,167.4,5476.0,1739434200.0,2025-02-13 13:40:00+05:30
167.45,167.45,167.0,167.25,397.0,1739434500.0,2025-02-13 13:45:00+05:30
167.25,167.3,166.9,167.25,398.0,1739434800.0,2025-02-13 13:50:00+05:30
167.25,167.85,167.25,167.65,1012.0,1739435100.0,2025-02-13 13:55:00+05:30
167.25,167.6,167.05,167.55,2135.0,1739435400.0,2025-02-13 14:00:00+05:30
167.55,167.6,167.0,167.25,446.0,1739435700.0,2025-02-13 14:05:00+05:30
167.3,167.55,167.0,167.55,3178.0,1739436000.0,2025-02-13 14:10:00+05:30
167.05,167.75,167.05,167.35,3341.0,1739436300.0,2025-02-13 14:15:00+05:30
167.4,167.4,167.05,167.25,754.0,1739436600.0,2025-02-13 14:20:00+05:30
167.15,167.3,166.65,167.25,573461.0,1739436900.0,2025-02-13 14:25:00+05:30
167.1,167.1,166.25,166.75,1380.0,1739437200.0,2025-02-13 14:30:00+05:30
166.75,166.85,166.5,166.5,1088.0,1739437500.0,2025-02-13 14:35:00+05:30
166.5,166.7,166.25,166.45,975.0,1739437800.0,2025-02-13 14:40:00+05:30
166.5,166.6,166.05,166.55,2061.0,1739438100.0,2025-02-13 14:45:00+05:30
166.65,166.85,166.45,166.85,1289.0,1739438400.0,2025-02-13 14:50:00+05:30
167.0,167.2,166.35,166.65,1877.0,1739438700.0,2025-02-13 14:55:00+05:30
166.65,166.65,164.4,165.15,9240.0,1739439000.0,2025-02-13 15:00:00+05:30
165.1,165.8,164.65,165.8,8617.0,1739439300.0,2025-02-13 15:05:00+05:30
168.05,168.95,166.25,166.35,22078.0,1739439600.0,2025-02-13 15:10:00+05:30
166.3,166.3,165.25,165.5,5242.0,1739439900.0,2025-02-13 15:15:00+05:30
165.55,166.0,165.05,165.55,11322.0,1739440200.0,2025-02-13 15:20:00+05:30
165.25,165.75,165.0,165.75,3998.0,1739440500.0,2025-02-13 15:25:00+05:30
166.0,166.0,161.0,163.45,12812.0,1739504700.0,2025-02-14 09:15:00+05:30
163.7,164.2,163.05,163.55,2530.0,1739505000.0,2025-02-14 09:20:00+05:30
163.75,163.75,162.05,163.3,5259.0,1739505300.0,2025-02-14 09:25:00+05:30
162.85,163.65,162.85,163.05,1071.0,1739505600.0,2025-02-14 09:30:00+05:30
162.55,163.7,162.55,163.55,2142.0,1739505900.0,2025-02-14 09:35:00+05:30
163.35,163.6,162.7,163.4,1747.0,1739506200.0,2025-02-14 09:40:00+05:30
163.05,163.6,163.05,163.05,1557.0,1739506500.0,2025-02-14 09:45:00+05:30
163.1,163.5,162.3,162.3,7041.0,1739506800.0,2025-02-14 09:50:00+05:30
162.3,163.7,162.1,163.35,7666.0,1739507100.0,2025-02-14 09:55:00+05:30
163.6,163.6,163.0,163.45,3002.0,1739507400.0,2025-02-14 10:00:00+05:30
163.4,163.7,162.9,162.95,2114.0,1739507700.0,2025-02-14 10:05:00+05:30
163.0,163.15,162.65,163.0,400.0,1739508000.0,2025-02-14 10:10:00+05:30
163.0,163.35,162.95,162.95,189.0,1739508300.0,2025-02-14 10:15:00+05:30
163.2,163.3,163.0,163.3,263.0,1739508600.0,2025-02-14 10:20:00+05:30
163.3,163.3,163.0,163.1,1216.0,1739508900.0,2025-02-14 10:25:00+05:30
162.85,162.95,162.65,162.8,460.0,1739509200.0,2025-02-14 10:30:00+05:30
162.95,163.3,161.75,162.05,14256.0,1739509500.0,2025-02-14 10:35:00+05:30
162.0,162.05,161.55,161.9,1705.0,1739509800.0,2025-02-14 10:40:00+05:30
162.0,162.1,161.55,161.95,2571.0,1739510100.0,2025-02-14 10:45:00+05:30
161.75,162.15,161.7,162.0,1269.0,1739510400.0,2025-02-14 10:50:00+05:30
162.0,162.65,161.95,162.25,2285.0,1739510700.0,2025-02-14 10:55:00+05:30
162.0,162.3,161.7,161.85,1808.0,1739511000.0,2025-02-14 11:00:00+05:30
161.85,162.2,161.25,161.55,1993.0,1739511300.0,2025-02-14 11:05:00+05:30
161.25,162.15,161.25,162.0,1624.0,1739511600.0,2025-02-14 11:10:00+05:30
162.0,162.2,161.7,161.9,818.0,1739511900.0,2025-02-14 11:15:00+05:30
161.9,162.4,161.05,161.25,3453.0,1739512200.0,2025-02-14 11:20:00+05:30
161.1,161.3,160.6,161.0,1319.0,1739512500.0,2025-02-14 11:25:00+05:30
161.0,161.35,160.8,161.15,1025.0,1739512800.0,2025-02-14 11:30:00+05:30
160.95,161.1,159.9,160.15,9832.0,1739513100.0,2025-02-14 11:35:00+05:30
160.05,161.05,160.0,161.05,3962.0,1739513400.0,2025-02-14 11:40:00+05:30
160.95,161.1,160.55,161.0,2504.0,1739513700.0,2025-02-14 11:45:00+05:30
160.8,161.45,160.8,161.0,902.0,1739514000.0,2025-02-14 11:50:00+05:30
161.35,161.4,160.7,161.35,2946.0,1739514300.0,2025-02-14 11:55:00+05:30
161.5,161.8,160.95,161.4,2841.0,1739514600.0,2025-02-14 12:00:00+05:30
161.05,161.3,159.55,160.25,11626.0,1739514900.0,2025-02-14 12:05:00+05:30
160.25,160.55,160.0,160.55,538.0,1739515200.0,2025-02-14 12:10:00+05:30
160.6,160.6,160.25,160.25,233.0,1739515500.0,2025-02-14 12:15:00+05:30
160.35,160.45,159.85,160.1,590.0,1739515800.0,2025-02-14 12:20:00+05:30
160.2,160.4,159.55,160.25,850.0,1739516100.0,2025-02-14 12:25:00+05:30
160.15,160.5,160.15,160.5,530.0,1739516400.0,2025-02-14 12:30:00+05:30
160.55,160.55,159.95,160.05,848.0,1739516700.0,2025-02-14 12:35:00+05:30
160.15,160.25,159.5,159.7,666.0,1739517000.0,2025-02-14 12:40:00+05:30
159.85,160.2,159.05,159.4,1118.0,1739517300.0,2025-02-14 12:45:00+05:30
159.7,160.0,159.45,159.55,1150.0,1739517600.0,2025-02-14 12:50:00+05:30
159.55,159.55,159.3,159.4,227.0,1739517900.0,2025-02-14 12:55:00+05:30
159.4,159.55,158.15,158.9,3005.0,1739518200.0,2025-02-14 13:00:00+05:30
159.15,159.7,158.8,159.0,3764.0,1739518500.0,2025-02-14 13:05:00+05:30
159.0,159.75,159.0,159.65,1165.0,1739518800.0,2025-02-14 13:10:00+05:30
159.65,160.0,159.15,159.55,2203.0,1739519100.0,2025-02-14 13:15:00+05:30
159.15,159.9,159.15,159.45,1213.0,1739519400.0,2025-02-14 13:20:00+05:30
159.25,159.6,159.1,159.1,786.0,1739519700.0,2025-02-14 13:25:00+05:30
159.25,159.3,158.95,159.3,1648.0,1739520000.0,2025-02-14 13:30:00+05:30
159.3,159.3,158.65,158.75,1107.0,1739520300.0,2025-02-14 13:35:00+05:30
158.95,159.3,158.9,159.0,294.0,1739520600.0,2025-02-14 13:40:00+05:30
159.35,159.4,159.0,159.05,378.0,1739520900.0,2025-02-14 13:45:00+05:30
159.25,159.3,158.1,158.65,4462.0,1739521200.0,2025-02-14 13:50:00+05:30
158.65,159.15,158.5,158.6,1712.0,1739521500.0,2025-02-14 13:55:00+05:30
158.6,158.75,158.2,158.2,2508.0,1739521800.0,2025-02-14 14:00:00+05:30
158.3,158.7,158.25,158.3,1780.0,1739522100.0,2025-02-14 14:05:00+05:30
158.5,158.6,157.3,158.0,4820.0,1739522400.0,2025-02-14 14:10:00+05:30
158.0,158.65,157.75,158.65,5415.0,1739522700.0,2025-02-14 14:15:00+05:30
158.65,158.9,158.15,158.25,1587.0,1739523000.0,2025-02-14 14:20:00+05:30
158.15,158.55,157.95,158.15,1679.0,1739523300.0,2025-02-14 14:25:00+05:30
158.05,158.65,157.75,158.4,3274.0,1739523600.0,2025-02-14 14:30:00+05:30
158.4,159.6,158.4,159.3,5232.0,1739523900.0,2025-02-14 14:35:00+05:30
159.35,159.8,158.8,159.05,3028.0,1739524200.0,2025-02-14 14:40:00+05:30
159.45,159.7,158.9,159.4,1564.0,1739524500.0,2025-02-14 14:45:00+05:30
159.5,159.6,158.95,159.55,909.0,1739524800.0,2025-02-14 14:50:00+05:30
159.55,159.55,158.7,159.35,1892.0,1739525100.0,2025-02-14 14:55:00+05:30
159.4,159.65,159.05,159.1,349.0,1739525400.0,2025-02-14 15:00:00+05:30
159.15,159.55,157.65,158.45,6597.0,1739525700.0,2025-02-14 15:05:00+05:30
158.95,159.0,158.0,158.7,5825.0,1739526000.0,2025-02-14 15:10:00+05:30
158.65,159.0,158.0,158.45,3871.0,1739526300.0,2025-02-14 15:15:00+05:30
158.6,158.75,157.7,158.15,6718.0,1739526600.0,2025-02-14 15:20:00+05:30
158.2,158.5,157.0,158.0,5990.0,1739526900.0,2025-02-14 15:25:00+05:30
157.0,159.0,153.3,158.25,11012.0,1739763900.0,2025-02-17 09:15:00+05:30
158.45,161.5,158.3,160.8,11800.0,1739764200.0,2025-02-17 09:20:00+05:30
160.55,161.75,159.3,161.7,12498.0,1739764500.0,2025-02-17 09:25:00+05:30
161.75,161.95,156.8,159.35,8355.0,1739764800.0,2025-02-17 09:30:00+05:30
159.1,159.8,157.95,159.6,55745.0,1739765100.0,2025-02-17 09:35:00+05:30
159.3,161.3,159.0,160.8,7559.0,1739765400.0,2025-02-17 09:40:00+05:30
160.95,161.45,159.1,160.1,4287.0,1739765700.0,2025-02-17 09:45:00+05:30
160.55,160.55,159.0,159.0,2902.0,1739766000.0,2025-02-17 09:50:00+05:30
159.05,160.65,158.2,160.25,6672.0,1739766300.0,2025-02-17 09:55:00+05:30
160.05,160.05,158.0,158.65,3188.0,1739766600.0,2025-02-17 10:00:00+05:30
158.7,160.2,158.7,159.85,6528.0,1739766900.0,2025-02-17 10:05:00+05:30
160.15,160.15,157.35,157.75,4049.0,1739767200.0,2025-02-17 10:10:00+05:30
157.85,158.2,157.2,157.25,1823.0,1739767500.0,2025-02-17 10:15:00+05:30
157.1,159.15,157.1,158.35,5168.0,1739767800.0,2025-02-17 10:20:00+05:30
158.05,159.0,157.8,159.0,1275.0,1739768100.0,2025-02-17 10:25:00+05:30
159.0,160.45,159.0,160.45,4033.0,1739768400.0,2025-02-17 10:30:00+05:30
160.4,161.35,160.35,161.05,1613.0,1739768700.0,2025-02-17 10:35:00+05:30
160.75,162.3,160.75,162.1,9509.0,1739769000.0,2025-02-17 10:40:00+05:30
162.1,162.4,161.25,161.25,4291.0,1739769300.0,2025-02-17 10:45:00+05:30
161.55,161.65,161.15,161.55,1495.0,1739769600.0,2025-02-17 10:50:00+05:30
161.3,161.6,160.5,160.9,1662.0,1739769900.0,2025-02-17 10:55:00+05:30
161.0,161.2,160.5,160.55,2116.0,1739770200.0,2025-02-17 11:00:00+05:30
160.5,160.5,159.75,160.3,1353.0,1739770500.0,2025-02-17 11:05:00+05:30
159.9,159.95,159.05,159.15,2011.0,1739770800.0,2025-02-17 11:10:00+05:30
159.15,159.4,158.8,159.0,2572.0,1739771100.0,2025-02-17 11:15:00+05:30
159.0,159.75,158.8,159.3,488.0,1739771400.0,2025-02-17 11:20:00+05:30
159.4,159.65,158.05,158.55,2996.0,1739771700.0,2025-02-17 11:25:00+05:30
158.7,158.85,158.15,158.45,622.0,1739772000.0,2025-02-17 11:30:00+05:30
158.05,158.15,156.8,157.25,4011.0,1739772300.0,2025-02-17 11:35:00+05:30
157.2,157.6,156.6,157.55,5507.0,1739772600.0,2025-02-17 11:40:00+05:30
157.35,157.95,157.0,157.6,1247.0,1739772900.0,2025-02-17 11:45:00+05:30
157.6,157.6,157.1,157.25,845.0,1739773200.0,2025-02-17 11:50:00+05:30
157.25,157.85,157.25,157.8,1164.0,1739773500.0,2025-02-17 11:55:00+05:30
157.85,158.85,155.4,156.55,28846.0,1739773800.0,2025-02-17 12:00:00+05:30
156.55,156.7,156.1,156.15,1208.0,1739774100.0,2025-02-17 12:05:00+05:30
156.45,156.45,156.0,156.0,377.0,1739774400.0,2025-02-17 12:10:00+05:30
155.8,156.1,155.5,155.5,1464.0,1739774700.0,2025-02-17 12:15:00+05:30
155.55,155.75,155.05,155.6,2497.0,1739775000.0,2025-02-17 12:20:00+05:30
155.6,155.6,155.4,155.4,58.0,1739775300.0,2025-02-17 12:25:00+05:30
155.65,155.85,155.45,155.65,543.0,1739775600.0,2025-02-17 12:30:00+05:30
155.65,155.7,155.25,155.7,639.0,1739775900.0,2025-02-17 12:35:00+05:30
155.7,155.7,155.0,155.15,3036.0,1739776200.0,2025-02-17 12:40:00+05:30
155.15,155.7,154.8,155.6,9131.0,1739776500.0,2025-02-17 12:45:00+05:30
155.65,156.25,155.35,156.25,1015.0,1739776800.0,2025-02-17 12:50:00+05:30
155.65,156.45,155.65,156.45,1753.0,1739777100.0,2025-02-17 12:55:00+05:30
156.45,156.6,156.2,156.4,771.0,1739777400.0,2025-02-17 13:00:00+05:30
155.75,156.05,155.65,155.75,193.0,1739777700.0,2025-02-17 13:05:00+05:30
155.95,155.95,155.45,155.45,1004.0,1739778000.0,2025-02-17 13:10:00+05:30
155.7,155.9,155.15,155.65,1328.0,1739778300.0,2025-02-17 13:15:00+05:30
155.65,156.7,155.65,156.7,2589.0,1739778600.0,2025-02-17 13:20:00+05:30
156.65,157.0,156.65,156.9,1557.0,1739778900.0,2025-02-17 13:25:00+05:30
156.9,157.05,156.1,157.05,1070.0,1739779200.0,2025-02-17 13:30:00+05:30
157.05,157.6,156.45,157.6,3991.0,1739779500.0,2025-02-17 13:35:00+05:30
157.2,157.75,156.6,157.7,882.0,1739779800.0,2025-02-17 13:40:00+05:30
157.7,157.7,157.3,157.3,548.0,1739780100.0,2025-02-17 13:45:00+05:30
157.3,157.3,156.6,157.0,1607.0,1739780400.0,2025-02-17 13:50:00+05:30
156.8,156.85,156.2,156.2,776.0,1739780700.0,2025-02-17 13:55:00+05:30
156.7,156.8,155.65,155.95,412.0,1739781000.0,2025-02-17 14:00:00+05:30
155.9,156.5,155.85,156.15,1532.0,1739781300.0,2025-02-17 14:05:00+05:30
156.15,156.35,155.55,155.55,369.0,1739781600.0,2025-02-17 14:10:00+05:30
156.0,156.45,155.9,156.45,1456.0,1739781900.0,2025-02-17 14:15:00+05:30
156.5,156.7,155.7,156.6,1921.0,1739782200.0,2025-02-17 14:20:00+05:30
156.25,156.5,155.95,156.45,5515.0,1739782500.0,2025-02-17 14:25:00+05:30
156.45,156.55,155.55,155.95,669.0,1739782800.0,2025-02-17 14:30:00+05:30
155.55,155.85,154.7,155.05,7588.0,1739783100.0,2025-02-17 14:35:00+05:30
155.35,156.05,155.3,155.65,698.0,1739783400.0,2025-02-17 14:40:00+05:30
155.65,156.15,155.65,155.8,262.0,1739783700.0,2025-02-17 14:45:00+05:30
156.0,156.3,155.75,156.25,3101.0,1739784000.0,2025-02-17 14:50:00+05:30
156.25,157.2,156.25,157.15,1276.0,1739784300.0,2025-02-17 14:55:00+05:30
157.45,157.7,156.45,156.65,5060.0,1739784600.0,2025-02-17 15:00:00+05:30
156.65,157.15,155.6,156.95,8453.0,1739784900.0,2025-02-17 15:05:00+05:30
156.75,157.35,156.45,157.25,3733.0,1739785200.0,2025-02-17 15:10:00+05:30
157.65,157.75,157.1,157.3,2152.0,1739785500.0,2025-02-17 15:15:00+05:30
157.15,157.45,156.6,157.15,7415.0,1739785800.0,2025-02-17 15:20:00+05:30
157.2,157.95,156.0,157.95,4416.0,1739786100.0,2025-02-17 15:25:00+05:30
156.95,161.1,156.05,159.65,7031.0,1739850300.0,2025-02-18 09:15:00+05:30
159.65,160.15,158.5,158.75,5775.0,1739850600.0,2025-02-18 09:20:00+05:30
158.6,159.05,157.25,157.35,2849.0,1739850900.0,2025-02-18 09:25:00+05:30
157.15,157.25,156.25,156.6,6668.0,1739851200.0,2025-02-18 09:30:00+05:30
156.85,159.75,156.7,158.15,6159.0,1739851500.0,2025-02-18 09:35:00+05:30
157.8,158.0,157.2,157.3,1706.0,1739851800.0,2025-02-18 09:40:00+05:30
157.6,157.7,156.85,157.35,1754.0,1739852100.0,2025-02-18 09:45:00+05:30
157.15,157.75,156.3,156.6,2923.0,1739852400.0,2025-02-18 09:50:00+05:30
156.6,157.2,156.3,156.6,1763.0,1739852700.0,2025-02-18 09:55:00+05:30
156.45,156.95,156.45,156.9,229.0,1739853000.0,2025-02-18 10:00:00+05:30
156.9,156.9,156.35,156.35,560.0,1739853300.0,2025-02-18 10:05:00+05:30
156.25,157.0,156.25,156.8,2550.0,1739853600.0,2025-02-18 10:10:00+05:30
156.55,156.8,155.2,155.3,3488.0,1739853900.0,2025-02-18 10:15:00+05:30
155.05,155.3,154.05,154.7,4718.0,1739854200.0,2025-02-18 10:20:00+05:30
154.85,154.85,154.1,154.5,1080.0,1739854500.0,2025-02-18 10:25:00+05:30
154.75,155.45,154.5,154.6,1692.0,1739854800.0,2025-02-18 10:30:00+05:30
154.55,155.05,154.3,154.3,2461.0,1739855100.0,2025-02-18 10:35:00+05:30
154.7,155.2,154.4,154.8,1546.0,1739855400.0,2025-02-18 10:40:00+05:30
154.85,155.45,154.1,155.05,2293.0,1739855700.0,2025-02-18 10:45:00+05:30
155.3,155.3,154.5,154.5,7175.0,1739856000.0,2025-02-18 10:50:00+05:30
155.2,155.2,154.55,154.7,4208.0,1739856300.0,2025-02-18 10:55:00+05:30
154.65,154.65,154.05,154.1,1472.0,1739856600.0,2025-02-18 11:00:00+05:30
154.1,154.55,154.1,154.55,419.0,1739856900.0,2025-02-18 11:05:00+05:30
154.75,154.75,154.1,154.45,655.0,1739857200.0,2025-02-18 11:10:00+05:30
154.45,154.9,154.4,154.4,1065.0,1739857500.0,2025-02-18 11:15:00+05:30
154.4,155.0,154.4,154.7,716.0,1739857800.0,2025-02-18 11:20:00+05:30
154.7,154.7,154.4,154.55,702.0,1739858100.0,2025-02-18 11:25:00+05:30
154.3,154.6,154.2,154.45,274.0,1739858400.0,2025-02-18 11:30:00+05:30
154.45,154.5,153.55,153.8,5282.0,1739858700.0,2025-02-18 11:35:00+05:30
153.8,153.95,153.1,153.85,1634.0,1739859000.0,2025-02-18 11:40:00+05:30
153.85,154.55,153.55,154.0,2840.0,1739859300.0,2025-02-18 11:45:00+05:30
153.6,153.95,153.6,153.85,160.0,1739859600.0,2025-02-18 11:50:00+05:30
153.6,153.95,153.55,153.55,844.0,1739859900.0,2025-02-18 11:55:00+05:30
153.5,153.65,153.25,153.4,1477.0,1739860200.0,2025-02-18 12:00:00+05:30
153.4,153.8,153.2,153.4,1135.0,1739860500.0,2025-02-18 12:05:00+05:30
153.35,153.9,153.35,153.65,464.0,1739860800.0,2025-02-18 12:10:00+05:30
153.65,153.65,152.4,152.8,6224.0,1739861100.0,2025-02-18 12:15:00+05:30
153.0,153.0,152.75,152.85,975.0,1739861400.0,2025-02-18 12:20:00+05:30
153.0,153.35,153.0,153.2,234.0,1739861700.0,2025-02-18 12:25:00+05:30
153.2,153.85,153.0,153.6,1161.0,1739862000.0,2025-02-18 12:30:00+05:30
153.55,153.65,153.2,153.2,155.0,1739862300.0,2025-02-18 12:35:00+05:30
153.2,153.25,153.05,153.25,310.0,1739862600.0,2025-02-18 12:40:00+05:30
153.25,153.45,153.15,153.25,508.0,1739862900.0,2025-02-18 12:45:00+05:30
153.1,153.35,153.0,153.15,3984.0,1739863200.0,2025-02-18 12:50:00+05:30
153.0,153.1,152.75,153.1,647.0,1739863500.0,2025-02-18 12:55:00+05:30
152.9,153.05,152.75,153.0,185.0,1739863800.0,2025-02-18 13:00:00+05:30
153.0,153.15,152.3,153.15,3486.0,1739864100.0,2025-02-18 13:05:00+05:30
153.15,153.4,152.85,153.4,719.0,1739864400.0,2025-02-18 13:10:00+05:30
153.4,153.6,153.4,153.5,118.0,1739864700.0,2025-02-18 13:15:00+05:30
153.55,153.75,153.4,153.4,465.0,1739865000.0,2025-02-18 13:20:00+05:30
153.5,153.5,153.25,153.4,26.0,1739865300.0,2025-02-18 13:25:00+05:30
153.4,153.65,153.1,153.65,286.0,1739865600.0,2025-02-18 13:30:00+05:30
153.6,153.65,153.35,153.65,574.0,1739865900.0,2025-02-18 13:35:00+05:30
153.6,153.9,153.4,153.75,998.0,1739866200.0,2025-02-18 13:40:00+05:30
153.25,153.85,153.25,153.7,1039.0,1739866500.0,2025-02-18 13:45:00+05:30
153.85,153.85,153.55,153.85,624.0,1739866800.0,2025-02-18 13:50:00+05:30
154.35,154.45,154.0,154.2,2498.0,1739867100.0,2025-02-18 13:55:00+05:30
153.55,154.05,153.55,154.0,1741.0,1739867400.0,2025-02-18 14:00:00+05:30
153.55,154.0,153.55,153.9,308.0,1739867700.0,2025-02-18 14:05:00+05:30
154.0,154.3,153.85,153.9,827.0,1739868000.0,2025-02-18 14:10:00+05:30
153.95,153.95,153.4,153.75,2643.0,1739868300.0,2025-02-18 14:15:00+05:30
153.8,153.8,153.55,153.7,479.0,1739868600.0,2025-02-18 14:20:00+05:30
153.85,154.0,153.55,153.95,900.0,1739868900.0,2025-02-18 14:25:00+05:30
154.1,154.25,153.55,153.55,649.0,1739869200.0,2025-02-18 14:30:00+05:30
153.8,153.85,153.4,153.7,489.0,1739869500.0,2025-02-18 14:35:00+05:30
153.7,153.9,153.7,153.9,1175.0,1739869800.0,2025-02-18 14:40:00+05:30
153.9,154.1,153.45,154.0,1290.0,1739870100.0,2025-02-18 14:45:00+05:30
153.65,154.0,153.6,153.75,639.0,1739870400.0,2025-02-18 14:50:00+05:30
153.75,153.85,153.55,153.75,725.0,1739870700.0,2025-02-18 14:55:00+05:30
153.95,154.1,153.85,153.85,515.0,1739871000.0,2025-02-18 15:00:00+05:30
154.0,154.75,153.8,154.1,4536.0,1739871300.0,2025-02-18 15:05:00+05:30
154.85,155.85,154.85,155.65,8589.0,1739871600.0,2025-02-18 15:10:00+05:30
155.8,155.9,153.85,154.2,5594.0,1739871900.0,2025-02-18 15:15:00+05:30
153.85,154.5,150.55,152.8,13597.0,1739872200.0,2025-02-18 15:20:00+05:30
152.8,154.5,151.5,152.1,6114.0,1739872500.0,2025-02-18 15:25:00+05:30
152.9,154.6,150.9,154.2,5027.0,1739936700.0,2025-02-19 09:15:00+05:30
154.2,156.15,154.0,154.9,5138.0,1739937000.0,2025-02-19 09:20:00+05:30
154.95,155.9,154.65,155.45,1238.0,1739937300.0,2025-02-19 09:25:00+05:30
155.7,156.45,155.15,156.05,3061.0,1739937600.0,2025-02-19 09:30:00+05:30
155.6,156.2,154.1,155.85,5234.0,1739937900.0,2025-02-19 09:35:00+05:30
155.95,156.2,155.05,155.5,551.0,1739938200.0,2025-02-19 09:40:00+05:30
155.75,157.2,155.75,157.1,3482.0,1739938500.0,2025-02-19 09:45:00+05:30
157.1,157.15,156.15,156.5,4568.0,1739938800.0,2025-02-19 09:50:00+05:30
156.35,156.7,155.8,156.4,3388.0,1739939100.0,2025-02-19 09:55:00+05:30
156.4,156.7,155.8,156.2,1168.0,1739939400.0,2025-02-19 10:00:00+05:30
156.15,156.6,155.75,156.45,3355.0,1739939700.0,2025-02-19 10:05:00+05:30
156.4,157.4,156.3,156.3,5599.0,1739940000.0,2025-02-19 10:10:00+05:30
156.6,157.25,156.3,157.05,1956.0,1739940300.0,2025-02-19 10:15:00+05:30
157.3,157.95,157.3,157.85,5229.0,1739940600.0,2025-02-19 10:20:00+05:30
157.85,158.0,157.35,157.75,1472.0,1739940900.0,2025-02-19 10:25:00+05:30
158.0,158.7,158.0,158.15,2970.0,1739941200.0,2025-02-19 10:30:00+05:30
158.15,158.15,157.2,157.7,1955.0,1739941500.0,2025-02-19 10:35:00+05:30
157.75,157.9,156.65,156.85,2446.0,1739941800.0,2025-02-19 10:40:00+05:30
156.85,156.85,155.65,156.4,2427.0,1739942100.0,2025-02-19 10:45:00+05:30
156.45,156.45,154.6,155.1,3879.0,1739942400.0,2025-02-19 10:50:00+05:30
154.65,154.75,154.2,154.7,3367.0,1739942700.0,2025-02-19 10:55:00+05:30
154.75,155.15,154.75,154.8,832.0,1739943000.0,2025-02-19 11:00:00+05:30
154.6,154.95,154.6,154.95,706.0,1739943300.0,2025-02-19 11:05:00+05:30
154.95,154.95,154.6,154.75,2305.0,1739943600.0,2025-02-19 11:10:00+05:30
154.75,155.65,154.75,155.55,1833.0,1739943900.0,2025-02-19 11:15:00+05:30
155.6,156.65,155.4,156.3,1688.0,1739944200.0,2025-02-19 11:20:00+05:30
156.3,156.4,155.8,156.15,535.0,1739944500.0,2025-02-19 11:25:00+05:30
156.0,156.6,155.85,156.2,480.0,1739944800.0,2025-02-19 11:30:00+05:30
156.45,156.7,155.65,156.1,1830.0,1739945100.0,2025-02-19 11:35:00+05:30
156.0,156.1,156.0,156.0,134.0,1739945400.0,2025-02-19 11:40:00+05:30
155.75,156.0,155.55,155.9,958.0,1739945700.0,2025-02-19 11:45:00+05:30
155.9,156.5,155.85,156.5,1071.0,1739946000.0,2025-02-19 11:50:00+05:30
155.85,156.5,155.85,156.5,1175.0,1739946300.0,2025-02-19 11:55:00+05:30
156.5,157.35,156.35,157.35,468.0,1739946600.0,2025-02-19 12:00:00+05:30
157.4,157.4,156.75,157.0,2881.0,1739946900.0,2025-02-19 12:05:00+05:30
156.7,157.05,156.7,157.05,906.0,1739947200.0,2025-02-19 12:10:00+05:30
157.05,157.25,156.5,156.5,965.0,1739947500.0,2025-02-19 12:15:00+05:30
156.6,156.6,156.5,156.6,642.0,1739947800.0,2025-02-19 12:20:00+05:30
156.6,156.7,156.1,156.1,400.0,1739948100.0,2025-02-19 12:25:00+05:30
156.0,156.0,155.95,156.0,57.0,1739948400.0,2025-02-19 12:30:00+05:30
156.0,156.1,155.8,155.9,292.0,1739948700.0,2025-02-19 12:35:00+05:30
156.05,156.1,155.1,156.1,2004.0,1739949000.0,2025-02-19 12:40:00+05:30
155.95,156.35,155.8,155.8,825.0,1739949300.0,2025-02-19 12:45:00+05:30
156.0,156.1,155.8,155.8,207.0,1739949600.0,2025-02-19 12:50:00+05:30
155.8,155.8,155.55,155.55,83.0,1739949900.0,2025-02-19 12:55:00+05:30
155.8,156.0,155.8,156.0,722.0,1739950200.0,2025-02-19 13:00:00+05:30
156.0,156.0,155.5,155.5,19.0,1739950500.0,2025-02-19 13:05:00+05:30
155.5,155.5,155.05,155.35,572.0,1739950800.0,2025-02-19 13:10:00+05:30
155.6,155.9,155.35,155.35,189.0,1739951100.0,2025-02-19 13:15:00+05:30
155.55,155.55,155.1,155.25,637.0,1739951400.0,2025-02-19 13:20:00+05:30
155.45,155.5,155.15,155.5,125.0,1739951700.0,2025-02-19 13:25:00+05:30
155.5,155.7,155.5,155.6,269.0,1739952000.0,2025-02-19 13:30:00+05:30
155.6,155.7,155.2,155.7,247.0,1739952300.0,2025-02-19 13:35:00+05:30
155.7,156.0,155.7,156.0,318.0,1739952600.0,2025-02-19 13:40:00+05:30
155.7,156.5,155.5,156.3,1786.0,1739952900.0,2025-02-19 13:45:00+05:30
156.35,156.35,155.45,155.7,1015.0,1739953200.0,2025-02-19 13:50:00+05:30
155.5,156.1,155.4,156.1,604.0,1739953500.0,2025-02-19 13:55:00+05:30
156.05,161.05,155.8,160.7,28939.0,1739953800.0,2025-02-19 14:00:00+05:30
160.7,160.7,158.8,159.2,4371.0,1739954100.0,2025-02-19 14:05:00+05:30
159.7,161.0,159.7,160.25,3746.0,1739954400.0,2025-02-19 14:10:00+05:30
160.25,160.5,159.1,159.1,3079.0,1739954700.0,2025-02-19 14:15:00+05:30
159.25,160.0,159.25,159.65,1189.0,1739955000.0,2025-02-19 14:20:00+05:30
159.55,160.0,158.8,159.2,1901.0,1739955300.0,2025-02-19 14:25:00+05:30
159.35,159.45,158.5,158.8,1335.0,1739955600.0,2025-02-19 14:30:00+05:30
158.8,159.1,158.45,158.7,1013.0,1739955900.0,2025-02-19 14:35:00+05:30
158.7,158.95,158.55,158.95,501.0,1739956200.0,2025-02-19 14:40:00+05:30
158.95,159.55,158.9,159.15,789.0,1739956500.0,2025-02-19 14:45:00+05:30
159.05,159.55,158.8,159.05,2361.0,1739956800.0,2025-02-19 14:50:00+05:30
159.0,159.7,159.0,159.65,633.0,1739957100.0,2025-02-19 14:55:00+05:30
159.2,159.9,159.2,159.5,1840.0,1739957400.0,2025-02-19 15:00:00+05:30
159.35,159.75,159.35,159.75,1293.0,1739957700.0,2025-02-19 15:05:00+05:30
159.75,162.15,159.5,161.5,12024.0,1739958000.0,2025-02-19 15:10:00+05:30
162.15,162.15,160.75,161.0,5658.0,1739958300.0,2025-02-19 15:15:00+05:30
161.35,161.95,160.85,161.5,8006.0,1739958600.0,2025-02-19 15:20:00+05:30
161.95,161.95,161.5,161.9,10710.0,1739958900.0,2025-02-19 15:25:00+05:30
160.0,163.8,159.8,162.4,6019.0,1740023100.0,2025-02-20 09:15:00+05:30
162.4,162.65,161.45,161.8,1878.0,1740023400.0,2025-02-20 09:20:00+05:30
161.8,161.95,161.1,161.75,2160.0,1740023700.0,2025-02-20 09:25:00+05:30
161.3,163.15,161.3,162.6,2744.0,1740024000.0,2025-02-20 09:30:00+05:30
162.6,162.95,162.1,162.9,573.0,1740024300.0,2025-02-20 09:35:00+05:30
162.9,163.2,162.55,163.2,910.0,1740024600.0,2025-02-20 09:40:00+05:30
163.2,163.2,162.15,162.8,2860.0,1740024900.0,2025-02-20 09:45:00+05:30
162.8,163.45,162.8,163.45,2251.0,1740025200.0,2025-02-20 09:50:00+05:30
163.4,163.4,162.85,162.9,206.0,1740025500.0,2025-02-20 09:55:00+05:30
162.85,163.0,162.35,162.5,1952.0,1740025800.0,2025-02-20 10:00:00+05:30
162.3,162.55,162.2,162.55,164.0,1740026100.0,2025-02-20 10:05:00+05:30
162.6,162.75,162.2,162.75,594.0,1740026400.0,2025-02-20 10:10:00+05:30
162.5,162.9,162.45,162.75,317.0,1740026700.0,2025-02-20 10:15:00+05:30
162.75,163.1,162.4,162.6,613.0,1740027000.0,2025-02-20 10:20:00+05:30
162.7,163.0,162.25,162.6,1030.0,1740027300.0,2025-02-20 10:25:00+05:30
162.15,163.4,162.15,163.3,2674.0,1740027600.0,2025-02-20 10:30:00+05:30
162.95,163.3,162.95,163.25,1111.0,1740027900.0,2025-02-20 10:35:00+05:30
162.9,163.5,162.9,163.1,1865.0,1740028200.0,2025-02-20 10:40:00+05:30
163.1,163.3,163.05,163.3,533.0,1740028500.0,2025-02-20 10:45:00+05:30
163.4,163.45,163.15,163.15,2359.0,1740028800.0,2025-02-20 10:50:00+05:30
163.0,163.55,163.0,163.1,842.0,1740029100.0,2025-02-20 10:55:00+05:30
163.4,164.0,163.4,163.75,790.0,1740029400.0,2025-02-20 11:00:00+05:30
163.4,163.75,163.4,163.7,648.0,1740029700.0,2025-02-20 11:05:00+05:30
161.95,161.95,161.45,161.65,9299.0,1740030000.0,2025-02-20 11:10:00+05:30
161.9,161.9,161.05,161.7,1295.0,1740030300.0,2025-02-20 11:15:00+05:30
161.35,161.6,161.0,161.15,1335.0,1740030600.0,2025-02-20 11:20:00+05:30
161.15,161.4,161.05,161.35,344.0,1740030900.0,2025-02-20 11:25:00+05:30
161.7,161.75,161.35,161.65,1529.0,1740031200.0,2025-02-20 11:30:00+05:30
161.65,161.75,161.45,161.75,36.0,1740031500.0,2025-02-20 11:35:00+05:30
161.75,161.75,161.45,161.7,143.0,1740031800.0,2025-02-20 11:40:00+05:30
161.5,161.65,161.35,161.6,688.0,1740032100.0,2025-02-20 11:45:00+05:30
161.6,161.6,161.25,161.5,613.0,1740032400.0,2025-02-20 11:50:00+05:30
161.5,161.6,161.0,161.35,1250.0,1740032700.0,2025-02-20 11:55:00+05:30
161.05,161.05,159.45,160.1,10315.0,1740033000.0,2025-02-20 12:00:00+05:30
160.15,160.35,159.95,160.3,1092.0,1740033300.0,2025-02-20 12:05:00+05:30
160.3,160.3,160.0,160.2,547.0,1740033600.0,2025-02-20 12:10:00+05:30
160.2,160.2,159.8,160.15,2069.0,1740033900.0,2025-02-20 12:15:00+05:30
160.15,160.5,160.15,160.3,1199.0,1740034200.0,2025-02-20 12:20:00+05:30
160.3,160.5,160.3,160.5,561.0,1740034500.0,2025-02-20 12:25:00+05:30
160.5,160.5,158.9,159.75,15214.0,1740034800.0,2025-02-20 12:30:00+05:30
160.1,160.25,158.55,159.95,15216.0,1740035100.0,2025-02-20 12:35:00+05:30
160.15,160.4,159.25,159.5,3051.0,1740035400.0,2025-02-20 12:40:00+05:30
159.6,159.75,159.3,159.65,1237.0,1740035700.0,2025-02-20 12:45:00+05:30
159.45,159.75,159.45,159.75,740.0,1740036000.0,2025-02-20 12:50:00+05:30
159.3,159.55,159.3,159.55,286.0,1740036300.0,2025-02-20 12:55:00+05:30
159.55,159.55,159.25,159.5,280.0,1740036600.0,2025-02-20 13:00:00+05:30
159.5,159.5,159.5,159.5,407.0,1740036900.0,2025-02-20 13:05:00+05:30
159.5,159.55,159.25,159.55,741.0,1740037200.0,2025-02-20 13:10:00+05:30
159.05,159.3,159.0,159.05,835.0,1740037500.0,2025-02-20 13:15:00+05:30
159.05,159.3,159.05,159.2,320.0,1740037800.0,2025-02-20 13:20:00+05:30
159.05,159.1,158.55,158.55,1675.0,1740038100.0,2025-02-20 13:25:00+05:30
158.95,158.95,158.6,158.8,272.0,1740038400.0,2025-02-20 13:30:00+05:30
158.8,159.1,158.65,158.8,2436.0,1740038700.0,2025-02-20 13:35:00+05:30
159.05,159.1,158.75,158.8,80.0,1740039000.0,2025-02-20 13:40:00+05:30
158.9,158.9,158.65,158.8,734.0,1740039300.0,2025-02-20 13:45:00+05:30
158.8,159.35,158.55,159.2,1381.0,1740039600.0,2025-02-20 13:50:00+05:30
158.85,159.15,158.5,158.55,1048.0,1740039900.0,2025-02-20 13:55:00+05:30
158.95,159.05,158.75,159.05,552.0,1740040200.0,2025-02-20 14:00:00+05:30
159.0,159.05,158.75,158.75,582.0,1740040500.0,2025-02-20 14:05:00+05:30
158.7,158.85,158.6,158.85,1783.0,1740040800.0,2025-02-20 14:10:00+05:30
158.9,159.35,158.65,159.35,1395.0,1740041100.0,2025-02-20 14:15:00+05:30
158.95,159.5,158.95,159.1,1718.0,1740041400.0,2025-02-20 14:20:00+05:30
159.2,159.25,158.65,159.1,1988.0,1740041700.0,2025-02-20 14:25:00+05:30
159.1,159.1,158.65,158.75,902.0,1740042000.0,2025-02-20 14:30:00+05:30
159.15,159.7,158.95,159.3,1858.0,1740042300.0,2025-02-20 14:35:00+05:30
159.55,160.05,159.2,159.2,3174.0,1740042600.0,2025-02-20 14:40:00+05:30
159.1,159.8,159.1,159.8,1057.0,1740042900.0,2025-02-20 14:45:00+05:30
159.8,159.8,159.15,159.7,2174.0,1740043200.0,2025-02-20 14:50:00+05:30
159.7,159.85,159.4,159.55,888.0,1740043500.0,2025-02-20 14:55:00+05:30
159.35,160.0,159.3,159.6,1539.0,1740043800.0,2025-02-20 15:00:00+05:30
159.55,159.6,159.05,159.35,1147.0,1740044100.0,2025-02-20 15:05:00+05:30
159.2,159.6,158.95,159.15,3846.0,1740044400.0,2025-02-20 15:10:00+05:30
159.15,159.45,158.8,159.35,5109.0,1740044700.0,2025-02-20 15:15:00+05:30
159.35,159.35,158.15,158.9,6376.0,1740045000.0,2025-02-20 15:20:00+05:30
159.15,160.0,158.5,159.15,6433.0,1740045300.0,2025-02-20 15:25:00+05:30
158.05,162.7,158.05,161.15,11709.0,1740109500.0,2025-02-21 09:15:00+05:30
161.55,162.9,160.65,162.6,4228.0,1740109800.0,2025-02-21 09:20:00+05:30
162.75,164.7,162.25,163.25,4126.0,1740110100.0,2025-02-21 09:25:00+05:30
163.3,163.75,162.65,163.2,1774.0,1740110400.0,2025-02-21 09:30:00+05:30
163.45,164.2,163.25,163.65,2867.0,1740110700.0,2025-02-21 09:35:00+05:30
163.35,163.35,161.8,162.2,4005.0,1740111000.0,2025-02-21 09:40:00+05:30
162.2,163.2,162.2,162.6,969.0,1740111300.0,2025-02-21 09:45:00+05:30
162.35,162.65,162.0,162.0,954.0,1740111600.0,2025-02-21 09:50:00+05:30
162.05,162.4,161.65,161.65,584.0,1740111900.0,2025-02-21 09:55:00+05:30
161.55,162.15,161.4,161.45,1011.0,1740112200.0,2025-02-21 10:00:00+05:30
161.35,161.85,161.1,161.25,1083.0,1740112500.0,2025-02-21 10:05:00+05:30
161.0,161.1,159.85,160.4,3065.0,1740112800.0,2025-02-21 10:10:00+05:30
160.05,160.35,159.65,160.15,4994.0,1740113100.0,2025-02-21 10:15:00+05:30
160.0,160.25,159.3,159.5,3336.0,1740113400.0,2025-02-21 10:20:00+05:30
159.85,160.3,159.55,159.95,3974.0,1740113700.0,2025-02-21 10:25:00+05:30
159.95,160.3,159.8,159.8,899.0,1740114000.0,2025-02-21 10:30:00+05:30
159.8,160.45,159.8,160.0,2451.0,1740114300.0,2025-02-21 10:35:00+05:30
160.3,160.3,159.3,159.9,2103.0,1740114600.0,2025-02-21 10:40:00+05:30
160.0,160.0,159.35,159.65,1069.0,1740114900.0,2025-02-21 10:45:00+05:30
159.95,159.95,158.3,159.15,5274.0,1740115200.0,2025-02-21 10:50:00+05:30
159.0,159.65,159.0,159.05,524.0,1740115500.0,2025-02-21 10:55:00+05:30
159.05,159.5,158.85,159.45,757.0,1740115800.0,2025-02-21 11:00:00+05:30
159.15,159.35,158.8,158.8,558.0,1740116100.0,2025-02-21 11:05:00+05:30
159.1,159.25,158.9,158.9,434.0,1740116400.0,2025-02-21 11:10:00+05:30
159.2,159.2,158.8,158.8,330.0,1740116700.0,2025-02-21 11:15:00+05:30
158.8,159.25,158.8,158.95,357.0,1740117000.0,2025-02-21 11:20:00+05:30
158.95,159.1,157.05,158.35,11260.0,1740117300.0,2025-02-21 11:25:00+05:30
158.3,158.65,158.0,158.65,1043.0,1740117600.0,2025-02-21 11:30:00+05:30
158.65,159.2,158.65,159.2,690.0,1740117900.0,2025-02-21 11:35:00+05:30
159.0,159.3,158.95,158.95,922.0,1740118200.0,2025-02-21 11:40:00+05:30
158.9,159.15,158.35,158.95,1181.0,1740118500.0,2025-02-21 11:45:00+05:30
159.05,159.2,158.15,158.15,896.0,1740118800.0,2025-02-21 11:50:00+05:30
158.4,158.5,158.15,158.2,567.0,1740119100.0,2025-02-21 11:55:00+05:30
158.2,158.5,158.2,158.5,173.0,1740119400.0,2025-02-21 12:00:00+05:30
158.5,158.5,158.5,158.5,30.0,1740119700.0,2025-02-21 12:05:00+05:30
158.5,158.8,158.5,158.8,287.0,1740120000.0,2025-02-21 12:10:00+05:30
158.6,158.6,158.5,158.5,35.0,1740120300.0,2025-02-21 12:15:00+05:30
158.5,158.65,158.15,158.4,267.0,1740120600.0,2025-02-21 12:20:00+05:30
158.7,158.85,158.3,158.65,846.0,1740120900.0,2025-02-21 12:25:00+05:30
158.95,159.3,158.95,159.0,451.0,1740121200.0,2025-02-21 12:30:00+05:30
159.15,159.15,158.9,159.05,78.0,1740121500.0,2025-02-21 12:35:00+05:30
159.05,159.35,158.85,158.85,606.0,1740121800.0,2025-02-21 12:40:00+05:30
158.85,159.25,158.85,159.25,81.0,1740122100.0,2025-02-21 12:45:00+05:30
159.25,159.8,159.25,159.45,2357.0,1740122400.0,2025-02-21 12:50:00+05:30
159.15,159.45,159.15,159.25,39.0,1740122700.0,2025-02-21 12:55:00+05:30
159.15,159.2,158.55,159.15,916.0,1740123000.0,2025-02-21 13:00:00+05:30
159.0,159.2,159.0,159.0,277.0,1740123300.0,2025-02-21 13:05:00+05:30
159.0,159.15,159.0,159.05,428.0,1740123600.0,2025-02-21 13:10:00+05:30
159.05,159.15,159.05,159.15,39.0,1740123900.0,2025-02-21 13:15:00+05:30
159.15,159.35,158.85,159.2,610.0,1740124200.0,2025-02-21 13:20:00+05:30
159.05,159.35,158.8,159.05,525.0,1740124500.0,2025-02-21 13:25:00+05:30
159.05,159.15,159.0,159.05,86.0,1740124800.0,2025-02-21 13:30:00+05:30
158.8,159.35,158.6,158.75,1381.0,1740125100.0,2025-02-21 13:35:00+05:30
158.7,158.95,158.45,158.45,771.0,1740125400.0,2025-02-21 13:40:00+05:30
158.45,158.95,158.45,158.9,33.0,1740125700.0,2025-02-21 13:45:00+05:30
158.65,159.3,158.65,159.05,2638.0,1740126000.0,2025-02-21 13:50:00+05:30
159.1,159.1,158.7,158.9,336.0,1740126300.0,2025-02-21 13:55:00+05:30
158.9,159.0,158.4,158.5,2420.0,1740126600.0,2025-02-21 14:00:00+05:30
158.5,158.95,158.25,158.95,354.0,1740126900.0,2025-02-21 14:05:00+05:30
158.7,159.15,158.7,159.15,438.0,1740127200.0,2025-02-21 14:10:00+05:30
159.15,159.45,159.15,159.3,179.0,1740127500.0,2025-02-21 14:15:00+05:30
159.4,159.4,158.4,158.7,949.0,1740127800.0,2025-02-21 14:20:00+05:30
158.9,159.05,158.7,158.85,474.0,1740128100.0,2025-02-21 14:25:00+05:30
158.85,159.05,158.75,158.8,192.0,1740128400.0,2025-02-21 14:30:00+05:30
158.8,158.85,158.8,158.85,103.0,1740128700.0,2025-02-21 14:35:00+05:30
158.6,158.65,158.5,158.55,890.0,1740129000.0,2025-02-21 14:40:00+05:30
158.55,158.7,158.2,158.65,1021.0,1740129300.0,2025-02-21 14:45:00+05:30
158.8,159.05,158.6,158.9,213.0,1740129600.0,2025-02-21 14:50:00+05:30
158.7,158.9,158.6,158.6,455.0,1740129900.0,2025-02-21 14:55:00+05:30
158.8,159.3,158.55,159.25,1264.0,1740130200.0,2025-02-21 15:00:00+05:30
159.3,161.55,159.25,160.0,10140.0,1740130500.0,2025-02-21 15:05:00+05:30
160.5,161.0,159.8,160.15,1082.0,1740130800.0,2025-02-21 15:10:00+05:30
160.15,160.4,159.4,159.65,1918.0,1740131100.0,2025-02-21 15:15:00+05:30
159.4,159.9,159.4,159.7,4190.0,1740131400.0,2025-02-21 15:20:00+05:30
159.85,162.4,159.85,160.0,3409.0,1740131700.0,2025-02-21 15:25:00+05:30
160.15,160.15,156.05,156.75,5968.0,1740368700.0,2025-02-24 09:15:00+05:30
156.15,157.7,156.0,156.55,2815.0,1740369000.0,2025-02-24 09:20:00+05:30
156.9,157.9,156.25,156.9,1609.0,1740369300.0,2025-02-24 09:25:00+05:30
157.15,158.25,157.05,157.95,3182.0,1740369600.0,2025-02-24 09:30:00+05:30
158.0,159.2,158.0,159.2,1459.0,1740369900.0,2025-02-24 09:35:00+05:30
159.2,159.2,158.35,158.55,1597.0,1740370200.0,2025-02-24 09:40:00+05:30
158.65,159.3,158.05,158.95,3358.0,1740370500.0,2025-02-24 09:45:00+05:30
158.9,160.25,158.9,160.25,4144.0,1740370800.0,2025-02-24 09:50:00+05:30
160.05,161.3,159.8,161.0,4543.0,1740371100.0,2025-02-24 09:55:00+05:30
160.65,161.95,160.65,161.95,1094.0,1740371400.0,2025-02-24 10:00:00+05:30
161.95,162.8,161.25,162.15,3104.0,1740371700.0,2025-02-24 10:05:00+05:30
162.5,163.25,162.0,162.35,1871.0,1740372000.0,2025-02-24 10:10:00+05:30
162.35,163.0,162.25,162.85,1316.0,1740372300.0,2025-02-24 10:15:00+05:30
162.85,163.65,161.85,162.05,9191.0,1740372600.0,2025-02-24 10:20:00+05:30
161.85,162.55,161.65,162.55,1879.0,1740372900.0,2025-02-24 10:25:00+05:30
162.55,163.7,162.25,162.6,3432.0,1740373200.0,2025-02-24 10:30:00+05:30
162.7,162.75,161.85,162.0,1815.0,1740373500.0,2025-02-24 10:35:00+05:30
162.05,162.9,161.95,162.75,814.0,1740373800.0,2025-02-24 10:40:00+05:30
162.45,162.8,162.3,162.3,1584.0,1740374100.0,2025-02-24 10:45:00+05:30
162.1,162.5,162.1,162.4,518.0,1740374400.0,2025-02-24 10:50:00+05:30
162.2,162.6,162.2,162.6,977.0,1740374700.0,2025-02-24 10:55:00+05:30
162.7,162.85,162.3,162.45,1489.0,1740375000.0,2025-02-24 11:00:00+05:30
162.35,162.9,162.2,162.8,643.0,1740375300.0,2025-02-24 11:05:00+05:30
162.8,162.9,162.65,162.85,21.0,1740375600.0,2025-02-24 11:10:00+05:30
162.9,162.95,162.4,162.95,698.0,1740375900.0,2025-02-24 11:15:00+05:30
162.9,162.9,162.5,162.75,1178.0,1740376200.0,2025-02-24 11:20:00+05:30
162.9,163.0,162.75,162.75,454.0,1740376500.0,2025-02-24 11:25:00+05:30
162.75,162.95,162.3,162.5,3498.0,1740376800.0,2025-02-24 11:30:00+05:30
162.55,162.75,162.35,162.7,1350.0,1740377100.0,2025-02-24 11:35:00+05:30
162.7,163.3,162.4,163.3,1333.0,1740377400.0,2025-02-24 11:40:00+05:30
163.25,163.75,162.95,163.65,1038.0,1740377700.0,2025-02-24 11:45:00+05:30
163.6,163.75,163.35,163.75,452.0,1740378000.0,2025-02-24 11:50:00+05:30
163.45,163.65,163.25,163.45,990.0,1740378300.0,2025-02-24 11:55:00+05:30
163.0,163.25,162.6,162.7,1227.0,1740378600.0,2025-02-24 12:00:00+05:30
162.7,162.7,162.15,162.55,417.0,1740378900.0,2025-02-24 12:05:00+05:30
162.85,163.0,162.4,162.4,933.0,1740379200.0,2025-02-24 12:10:00+05:30
162.55,163.35,162.3,163.35,1433.0,1740379500.0,2025-02-24 12:15:00+05:30
163.15,163.25,162.85,162.9,540.0,1740379800.0,2025-02-24 12:20:00+05:30
162.9,163.2,162.4,162.95,1411.0,1740380100.0,2025-02-24 12:25:00+05:30
163.25,163.35,163.0,163.0,540.0,1740380400.0,2025-02-24 12:30:00+05:30
163.0,163.45,162.95,163.0,709.0,1740380700.0,2025-02-24 12:35:00+05:30
163.0,163.25,162.7,162.7,860.0,1740381000.0,2025-02-24 12:40:00+05:30
162.4,162.6,162.35,162.6,712.0,1740381300.0,2025-02-24 12:45:00+05:30
162.6,162.8,162.3,162.3,258.0,1740381600.0,2025-02-24 12:50:00+05:30
162.35,163.2,162.35,163.2,295.0,1740381900.0,2025-02-24 12:55:00+05:30
162.95,163.0,162.35,162.75,759.0,1740382200.0,2025-02-24 13:00:00+05:30
162.95,163.2,162.7,162.95,582.0,1740382500.0,2025-02-24 13:05:00+05:30
162.95,162.95,162.45,162.6,119.0,1740382800.0,2025-02-24 13:10:00+05:30
162.6,162.75,162.15,162.65,248.0,1740383100.0,2025-02-24 13:15:00+05:30
162.8,162.85,162.45,162.85,405.0,1740383400.0,2025-02-24 13:20:00+05:30
162.45,162.9,162.1,162.9,339.0,1740383700.0,2025-02-24 13:25:00+05:30
162.9,162.9,162.3,162.9,199.0,1740384000.0,2025-02-24 13:30:00+05:30
162.45,162.6,162.0,162.0,1458.0,1740384300.0,2025-02-24 13:35:00+05:30
162.0,162.7,162.0,162.4,1592.0,1740384600.0,2025-02-24 13:40:00+05:30
162.3,162.4,161.45,161.45,1611.0,1740384900.0,2025-02-24 13:45:00+05:30
161.45,161.8,161.45,161.55,1010.0,1740385200.0,2025-02-24 13:50:00+05:30
161.55,162.35,161.55,162.1,2181.0,1740385500.0,2025-02-24 13:55:00+05:30
162.1,162.45,162.1,162.2,160.0,1740385800.0,2025-02-24 14:00:00+05:30
162.3,162.45,162.05,162.2,485.0,1740386100.0,2025-02-24 14:05:00+05:30
162.2,162.3,162.05,162.05,299.0,1740386400.0,2025-02-24 14:10:00+05:30
162.05,162.45,162.05,162.4,820.0,1740386700.0,2025-02-24 14:15:00+05:30
162.4,162.4,160.5,160.55,3416.0,1740387000.0,2025-02-24 14:20:00+05:30
160.4,160.7,159.3,159.3,2089.0,1740387300.0,2025-02-24 14:25:00+05:30
158.85,160.0,158.85,159.95,3725.0,1740387600.0,2025-02-24 14:30:00+05:30
160.05,160.75,160.0,160.4,2963.0,1740387900.0,2025-02-24 14:35:00+05:30
160.4,160.5,159.85,160.15,629.0,1740388200.0,2025-02-24 14:40:00+05:30
160.0,160.0,159.1,159.1,3364.0,1740388500.0,2025-02-24 14:45:00+05:30
159.1,159.5,158.2,159.4,3355.0,1740388800.0,2025-02-24 14:50:00+05:30
159.25,159.8,159.25,159.3,2288.0,1740389100.0,2025-02-24 14:55:00+05:30
159.0,159.45,159.0,159.45,1174.0,1740389400.0,2025-02-24 15:00:00+05:30
159.3,159.45,159.05,159.4,2564.0,1740389700.0,2025-02-24 15:05:00+05:30
159.45,159.6,159.0,159.35,4277.0,1740390000.0,2025-02-24 15:10:00+05:30
159.55,159.55,158.55,158.55,8424.0,1740390300.0,2025-02-24 15:15:00+05:30
158.8,159.3,158.6,159.2,3591.0,1740390600.0,2025-02-24 15:20:00+05:30
159.2,160.25,159.0,160.2,3229.0,1740390900.0,2025-02-24 15:25:00+05:30
160.05,162.0,159.6,160.95,4630.0,1740455100.0,2025-02-25 09:15:00+05:30
160.5,160.7,159.85,159.9,1449.0,1740455400.0,2025-02-25 09:20:00+05:30
159.65,160.6,159.3,160.1,2746.0,1740455700.0,2025-02-25 09:25:00+05:30
160.2,161.7,159.75,161.25,3038.0,1740456000.0,2025-02-25 09:30:00+05:30
161.25,161.25,160.75,161.05,2700.0,1740456300.0,2025-02-25 09:35:00+05:30
161.2,161.75,161.2,161.4,588.0,1740456600.0,2025-02-25 09:40:00+05:30
161.05,161.25,160.5,160.7,1613.0,1740456900.0,2025-02-25 09:45:00+05:30
160.95,161.15,160.35,160.75,3531.0,1740457200.0,2025-02-25 09:50:00+05:30
160.75,161.15,160.55,160.95,1078.0,1740457500.0,2025-02-25 09:55:00+05:30
161.0,161.25,160.65,160.65,173.0,1740457800.0,2025-02-25 10:00:00+05:30
160.55,160.7,160.25,160.45,417.0,1740458100.0,2025-02-25 10:05:00+05:30
160.45,160.45,160.25,160.35,250.0,1740458400.0,2025-02-25 10:10:00+05:30
160.35,160.35,159.95,160.25,4423.0,1740458700.0,2025-02-25 10:15:00+05:30
160.05,160.3,159.6,159.8,983.0,1740459000.0,2025-02-25 10:20:00+05:30
159.8,159.9,159.6,159.85,326.0,1740459300.0,2025-02-25 10:25:00+05:30
159.6,160.2,159.6,160.2,3824.0,1740459600.0,2025-02-25 10:30:00+05:30
160.35,160.8,159.75,159.8,1031.0,1740459900.0,2025-02-25 10:35:00+05:30
160.05,160.2,159.7,160.2,238.0,1740460200.0,2025-02-25 10:40:00+05:30
159.9,159.95,159.65,159.9,297.0,1740460500.0,2025-02-25 10:45:00+05:30
159.6,159.65,159.4,159.4,1150.0,1740460800.0,2025-02-25 10:50:00+05:30
159.65,159.7,159.45,159.45,837.0,1740461100.0,2025-02-25 10:55:00+05:30
159.5,159.75,159.4,159.75,720.0,1740461400.0,2025-02-25 11:00:00+05:30
160.0,160.0,159.4,159.85,910.0,1740461700.0,2025-02-25 11:05:00+05:30
159.85,159.95,159.7,159.7,236.0,1740462000.0,2025-02-25 11:10:00+05:30
159.7,159.9,159.35,159.4,412.0,1740462300.0,2025-02-25 11:15:00+05:30
159.35,159.35,159.15,159.15,1115.0,1740462600.0,2025-02-25 11:20:00+05:30
158.9,159.55,158.8,159.55,645.0,1740462900.0,2025-02-25 11:25:00+05:30
159.35,159.45,159.1,159.4,369.0,1740463200.0,2025-02-25 11:30:00+05:30
159.35,159.8,159.15,159.5,536.0,1740463500.0,2025-02-25 11:35:00+05:30
159.45,159.45,159.2,159.2,257.0,1740463800.0,2025-02-25 11:40:00+05:30
159.2,159.35,159.05,159.05,210.0,1740464100.0,2025-02-25 11:45:00+05:30
159.25,159.25,158.85,159.05,352.0,1740464400.0,2025-02-25 11:50:00+05:30
159.05,159.05,158.9,158.9,63.0,1740464700.0,2025-02-25 11:55:00+05:30
159.0,159.0,158.6,158.6,455.0,1740465000.0,2025-02-25 12:00:00+05:30
158.85,159.45,158.85,159.2,585.0,1740465300.0,2025-02-25 12:05:00+05:30
159.2,159.45,159.2,159.45,126.0,1740465600.0,2025-02-25 12:10:00+05:30
159.2,159.35,158.7,159.35,1194.0,1740465900.0,2025-02-25 12:15:00+05:30
159.35,159.4,159.05,159.1,165.0,1740466200.0,2025-02-25 12:20:00+05:30
159.1,159.35,159.1,159.15,111.0,1740466500.0,2025-02-25 12:25:00+05:30
159.1,159.1,158.8,158.9,673.0,1740466800.0,2025-02-25 12:30:00+05:30
158.95,159.0,158.9,158.9,147.0,1740467100.0,2025-02-25 12:35:00+05:30
158.9,159.05,158.9,159.05,189.0,1740467400.0,2025-02-25 12:40:00+05:30
159.05,159.15,158.8,159.15,303.0,1740467700.0,2025-02-25 12:45:00+05:30
159.15,159.15,158.85,158.95,320.0,1740468000.0,2025-02-25 12:50:00+05:30
158.65,158.95,158.6,158.95,698.0,1740468300.0,2025-02-25 12:55:00+05:30
159.0,159.0,158.75,158.85,160.0,1740468600.0,2025-02-25 13:00:00+05:30
158.9,159.0,158.75,159.0,786.0,1740468900.0,2025-02-25 13:05:00+05:30
159.0,159.3,159.0,159.3,15.0,1740469200.0,2025-02-25 13:10:00+05:30
159.05,159.05,158.85,158.85,596.0,1740469500.0,2025-02-25 13:15:00+05:30
158.75,159.35,158.75,159.1,1177.0,1740469800.0,2025-02-25 13:20:00+05:30
159.1,159.35,159.1,159.3,490.0,1740470100.0,2025-02-25 13:25:00+05:30
159.3,159.8,159.3,159.8,1272.0,1740470400.0,2025-02-25 13:30:00+05:30
159.8,159.8,159.35,159.4,281.0,1740470700.0,2025-02-25 13:35:00+05:30
159.4,159.4,159.4,159.4,28.0,1740471000.0,2025-02-25 13:40:00+05:30
159.15,159.45,159.05,159.45,1191.0,1740471300.0,2025-02-25 13:45:00+05:30
159.15,159.15,159.0,159.0,165.0,1740471600.0,2025-02-25 13:50:00+05:30
158.9,159.1,158.9,159.0,102.0,1740471900.0,2025-02-25 13:55:00+05:30
159.0,159.2,159.0,159.2,268.0,1740472200.0,2025-02-25 14:00:00+05:30
159.2,159.7,159.2,159.7,528.0,1740472500.0,2025-02-25 14:05:00+05:30
159.2,159.8,159.2,159.25,1241.0,1740472800.0,2025-02-25 14:10:00+05:30
159.45,159.85,159.45,159.85,349.0,1740473100.0,2025-02-25 14:15:00+05:30
159.85,159.85,159.25,159.6,751.0,1740473400.0,2025-02-25 14:20:00+05:30
159.4,159.65,159.15,159.35,818.0,1740473700.0,2025-02-25 14:25:00+05:30
159.2,159.45,159.0,159.35,1361.0,1740474000.0,2025-02-25 14:30:00+05:30
159.4,159.6,159.0,159.05,2314.0,1740474300.0,2025-02-25 14:35:00+05:30
159.35,159.35,159.05,159.3,345.0,1740474600.0,2025-02-25 14:40:00+05:30
159.3,159.3,159.15,159.25,478.0,1740474900.0,2025-02-25 14:45:00+05:30
159.1,159.2,159.0,159.2,1128.0,1740475200.0,2025-02-25 14:50:00+05:30
159.2,159.2,159.0,159.05,324.0,1740475500.0,2025-02-25 14:55:00+05:30
159.1,159.15,159.0,159.15,1026.0,1740475800.0,2025-02-25 15:00:00+05:30
159.0,159.45,159.0,159.25,1150.0,1740476100.0,2025-02-25 15:05:00+05:30
159.95,159.95,159.0,159.25,1713.0,1740476400.0,2025-02-25 15:10:00+05:30
159.05,159.85,159.0,159.7,1919.0,1740476700.0,2025-02-25 15:15:00+05:30
159.15,159.4,159.0,159.25,2658.0,1740477000.0,2025-02-25 15:20:00+05:30
159.3,159.3,159.0,159.0,4649.0,1740477300.0,2025-02-25 15:25:00+05:30
160.0,161.15,158.1,158.15,7673.0,1740627900.0,2025-02-27 09:15:00+05:30
158.35,159.0,158.1,158.65,1617.0,1740628200.0,2025-02-27 09:20:00+05:30
159.1,159.65,158.95,159.3,1257.0,1740628500.0,2025-02-27 09:25:00+05:30
159.2,159.55,158.95,159.1,873.0,1740628800.0,2025-02-27 09:30:00+05:30
159.35,159.4,158.4,158.45,608.0,1740629100.0,2025-02-27 09:35:00+05:30
158.45,158.95,158.45,158.9,409.0,1740629400.0,2025-02-27 09:40:00+05:30
158.85,159.7,158.75,159.65,1958.0,1740629700.0,2025-02-27 09:45:00+05:30
159.75,159.75,159.35,159.75,1085.0,1740630000.0,2025-02-27 09:50:00+05:30
159.8,159.8,158.8,159.35,2459.0,1740630300.0,2025-02-27 09:55:00+05:30
159.35,159.7,159.25,159.4,639.0,1740630600.0,2025-02-27 10:00:00+05:30
159.55,159.9,159.3,159.7,1804.0,1740630900.0,2025-02-27 10:05:00+05:30
159.7,159.9,159.45,159.45,1432.0,1740631200.0,2025-02-27 10:10:00+05:30
159.6,160.0,159.6,160.0,1242.0,1740631500.0,2025-02-27 10:15:00+05:30
160.25,160.7,159.2,159.2,7950.0,1740631800.0,2025-02-27 10:20:00+05:30
159.3,159.8,159.15,159.75,1042.0,1740632100.0,2025-02-27 10:25:00+05:30
159.95,160.45,159.75,159.75,628.0,1740632400.0,2025-02-27 10:30:00+05:30
159.75,160.0,159.35,159.65,2342.0,1740632700.0,2025-02-27 10:35:00+05:30
159.65,159.65,159.6,159.65,641.0,1740633000.0,2025-02-27 10:40:00+05:30
159.45,159.65,159.3,159.5,905.0,1740633300.0,2025-02-27 10:45:00+05:30
159.65,159.65,159.0,159.45,2838.0,1740633600.0,2025-02-27 10:50:00+05:30
159.45,159.45,159.0,159.3,505.0,1740633900.0,2025-02-27 10:55:00+05:30
159.35,159.4,158.9,158.9,1114.0,1740634200.0,2025-02-27 11:00:00+05:30
158.9,158.9,158.5,158.6,685.0,1740634500.0,2025-02-27 11:05:00+05:30
158.95,158.95,158.15,158.25,807.0,1740634800.0,2025-02-27 11:10:00+05:30
158.5,158.55,157.8,158.25,4453.0,1740635100.0,2025-02-27 11:15:00+05:30
157.9,158.25,157.75,157.75,462.0,1740635400.0,2025-02-27 11:20:00+05:30
157.5,158.15,157.5,157.6,915.0,1740635700.0,2025-02-27 11:25:00+05:30
157.6,157.9,157.6,157.9,105.0,1740636000.0,2025-02-27 11:30:00+05:30
157.9,158.05,157.8,157.95,316.0,1740636300.0,2025-02-27 11:35:00+05:30
157.65,158.0,157.5,158.0,1298.0,1740636600.0,2025-02-27 11:40:00+05:30
158.0,158.0,157.8,157.8,103.0,1740636900.0,2025-02-27 11:45:00+05:30
158.0,158.15,157.6,157.9,289.0,1740637200.0,2025-02-27 11:50:00+05:30
157.9,157.9,157.05,157.85,2020.0,1740637500.0,2025-02-27 11:55:00+05:30
157.85,157.85,157.15,157.15,371.0,1740637800.0,2025-02-27 12:00:00+05:30
157.6,157.6,157.1,157.1,142.0,1740638100.0,2025-02-27 12:05:00+05:30
157.5,158.15,156.45,156.45,4175.0,1740638400.0,2025-02-27 12:10:00+05:30
157.1,157.1,156.3,156.75,313.0,1740638700.0,2025-02-27 12:15:00+05:30
156.4,157.0,156.4,156.7,244.0,1740639000.0,2025-02-27 12:20:00+05:30
156.8,156.8,156.7,156.7,114.0,1740639300.0,2025-02-27 12:25:00+05:30
156.7,156.85,156.3,156.3,3725.0,1740639600.0,2025-02-27 12:30:00+05:30
156.3,156.7,156.3,156.65,144.0,1740639900.0,2025-02-27 12:35:00+05:30
156.9,157.0,156.65,156.7,465.0,1740640200.0,2025-02-27 12:40:00+05:30
156.7,156.9,156.35,156.35,595.0,1740640500.0,2025-02-27 12:45:00+05:30
156.35,156.9,156.35,156.55,357.0,1740640800.0,2025-02-27 12:50:00+05:30
156.55,156.55,156.45,156.45,32.0,1740641100.0,2025-02-27 12:55:00+05:30
156.45,156.7,156.05,156.05,579.0,1740641400.0,2025-02-27 13:00:00+05:30
156.4,156.4,156.0,156.2,231.0,1740641700.0,2025-02-27 13:05:00+05:30
156.2,156.4,156.05,156.05,115.0,1740642000.0,2025-02-27 13:10:00+05:30
156.0,156.4,155.7,156.4,591.0,1740642300.0,2025-02-27 13:15:00+05:30
156.15,156.15,155.7,155.7,344.0,1740642600.0,2025-02-27 13:20:00+05:30
155.7,155.85,155.7,155.8,14.0,1740642900.0,2025-02-27 13:25:00+05:30
155.8,156.0,155.65,155.75,127.0,1740643200.0,2025-02-27 13:30:00+05:30
156.0,156.0,155.35,155.35,477.0,1740643500.0,2025-02-27 13:35:00+05:30
155.55,155.7,155.3,155.3,336.0,1740643800.0,2025-02-27 13:40:00+05:30
155.6,155.7,155.0,155.0,1633.0,1740644100.0,2025-02-27 13:45:00+05:30
154.9,154.9,154.3,154.9,594.0,1740644400.0,2025-02-27 13:50:00+05:30
154.9,154.95,154.2,154.95,2159.0,1740644700.0,2025-02-27 13:55:00+05:30
154.95,154.95,154.5,154.65,325.0,1740645000.0,2025-02-27 14:00:00+05:30
154.4,154.65,154.2,154.5,136.0,1740645300.0,2025-02-27 14:05:00+05:30
154.5,154.65,153.85,154.45,2245.0,1740645600.0,2025-02-27 14:10:00+05:30
154.25,155.45,154.2,154.85,2925.0,1740645900.0,2025-02-27 14:15:00+05:30
154.95,155.0,153.6,154.0,7951.0,1740646200.0,2025-02-27 14:20:00+05:30
154.0,154.35,154.0,154.35,635.0,1740646500.0,2025-02-27 14:25:00+05:30
154.4,154.5,153.65,154.2,1695.0,1740646800.0,2025-02-27 14:30:00+05:30
154.35,154.35,154.0,154.0,1159.0,1740647100.0,2025-02-27 14:35:00+05:30
154.35,154.35,154.0,154.3,363.0,1740647400.0,2025-02-27 14:40:00+05:30
154.25,154.75,154.05,154.75,1321.0,1740647700.0,2025-02-27 14:45:00+05:30
155.05,155.05,153.15,153.95,8525.0,1740648000.0,2025-02-27 14:50:00+05:30
153.95,153.95,153.55,153.9,1386.0,1740648300.0,2025-02-27 14:55:00+05:30
153.95,154.0,153.55,153.9,1097.0,1740648600.0,2025-02-27 15:00:00+05:30
153.95,153.95,153.4,153.75,962.0,1740648900.0,2025-02-27 15:05:00+05:30
153.9,153.95,153.4,153.95,1205.0,1740649200.0,2025-02-27 15:10:00+05:30
153.95,153.95,151.5,151.6,17069.0,1740649500.0,2025-02-27 15:15:00+05:30
151.9,152.4,151.45,151.9,13036.0,1740649800.0,2025-02-27 15:20:00+05:30
152.0,152.05,149.1,150.0,49603.0,1740650100.0,2025-02-27 15:25:00+05:30
150.85,150.85,146.4,147.0,11102.0,1740714300.0,2025-02-28 09:15:00+05:30
148.0,151.5,147.7,151.3,11009.0,1740714600.0,2025-02-28 09:20:00+05:30
151.0,151.25,150.2,150.45,3291.0,1740714900.0,2025-02-28 09:25:00+05:30
150.4,150.4,147.4,147.95,6367.0,1740715200.0,2025-02-28 09:30:00+05:30
148.15,149.4,148.0,149.4,1966.0,1740715500.0,2025-02-28 09:35:00+05:30
149.35,149.35,148.55,148.9,1379.0,1740715800.0,2025-02-28 09:40:00+05:30
149.25,149.5,148.45,148.5,5579.0,1740716100.0,2025-02-28 09:45:00+05:30
148.8,149.9,148.55,149.7,3503.0,1740716400.0,2025-02-28 09:50:00+05:30
149.65,149.65,148.05,148.75,8261.0,1740716700.0,2025-02-28 09:55:00+05:30
148.9,148.9,148.3,148.5,606.0,1740717000.0,2025-02-28 10:00:00+05:30
148.7,148.75,148.0,148.5,2995.0,1740717300.0,2025-02-28 10:05:00+05:30
148.2,148.7,148.05,148.3,6484.0,1740717600.0,2025-02-28 10:10:00+05:30
148.2,148.4,147.55,148.4,3328.0,1740717900.0,2025-02-28 10:15:00+05:30
148.0,148.0,147.55,147.8,1109.0,1740718200.0,2025-02-28 10:20:00+05:30
147.95,148.0,147.4,147.8,1357.0,1740718500.0,2025-02-28 10:25:00+05:30
147.9,148.0,146.5,146.5,9628.0,1740718800.0,2025-02-28 10:30:00+05:30
147.0,147.4,146.45,147.1,2128.0,1740719100.0,2025-02-28 10:35:00+05:30
147.05,147.5,146.55,147.05,5064.0,1740719400.0,2025-02-28 10:40:00+05:30
147.05,147.5,146.75,147.05,2936.0,1740719700.0,2025-02-28 10:45:00+05:30
146.65,146.85,146.45,146.8,745.0,1740720000.0,2025-02-28 10:50:00+05:30
146.7,147.15,146.3,146.3,3670.0,1740720300.0,2025-02-28 10:55:00+05:30
146.8,147.1,146.05,147.1,5502.0,1740720600.0,2025-02-28 11:00:00+05:30
146.85,147.0,146.5,146.85,584.0,1740720900.0,2025-02-28 11:05:00+05:30
146.75,146.75,145.75,146.05,8286.0,1740721200.0,2025-02-28 11:10:00+05:30
146.0,146.7,145.5,146.25,2804.0,1740721500.0,2025-02-28 11:15:00+05:30
146.05,146.55,145.55,145.9,5922.0,1740721800.0,2025-02-28 11:20:00+05:30
146.05,146.05,145.2,145.2,2958.0,1740722100.0,2025-02-28 11:25:00+05:30
145.55,146.1,145.55,145.95,1589.0,1740722400.0,2025-02-28 11:30:00+05:30
145.95,146.0,145.0,145.5,5775.0,1740722700.0,2025-02-28 11:35:00+05:30
145.7,145.7,144.4,145.0,2560.0,1740723000.0,2025-02-28 11:40:00+05:30
145.0,145.05,144.5,144.65,3209.0,1740723300.0,2025-02-28 11:45:00+05:30
144.9,145.15,144.75,144.95,870.0,1740723600.0,2025-02-28 11:50:00+05:30
144.95,144.95,144.9,144.95,306.0,1740723900.0,2025-02-28 11:55:00+05:30
145.0,145.1,144.1,144.45,3927.0,1740724200.0,2025-02-28 12:00:00+05:30
144.65,144.95,144.25,144.95,523.0,1740724500.0,2025-02-28 12:05:00+05:30
145.0,145.05,144.7,144.95,831.0,1740724800.0,2025-02-28 12:10:00+05:30
144.95,145.0,144.6,144.8,455.0,1740725100.0,2025-02-28 12:15:00+05:30
144.8,145.0,144.05,144.4,2308.0,1740725400.0,2025-02-28 12:20:00+05:30
144.4,144.75,144.25,144.6,478.0,1740725700.0,2025-02-28 12:25:00+05:30
144.7,144.9,143.75,144.0,4357.0,1740726000.0,2025-02-28 12:30:00+05:30
144.15,144.45,144.0,144.2,1449.0,1740726300.0,2025-02-28 12:35:00+05:30
144.3,144.7,144.0,144.55,1475.0,1740726600.0,2025-02-28 12:40:00+05:30
144.55,144.6,144.45,144.5,589.0,1740726900.0,2025-02-28 12:45:00+05:30
144.5,144.9,144.5,144.7,1880.0,1740727200.0,2025-02-28 12:50:00+05:30
144.35,144.9,144.35,144.8,788.0,1740727500.0,2025-02-28 12:55:00+05:30
144.65,145.2,144.65,145.05,1141.0,1740727800.0,2025-02-28 13:00:00+05:30
145.05,145.45,144.7,145.0,1476.0,1740728100.0,2025-02-28 13:05:00+05:30
144.7,145.25,144.7,145.2,573.0,1740728400.0,2025-02-28 13:10:00+05:30
145.1,145.4,144.65,145.25,1351.0,1740728700.0,2025-02-28 13:15:00+05:30
145.2,145.35,143.45,144.75,13582.0,1740729000.0,2025-02-28 13:20:00+05:30
145.0,145.5,144.45,145.1,5282.0,1740729300.0,2025-02-28 13:25:00+05:30
145.15,145.15,144.65,144.9,665.0,1740729600.0,2025-02-28 13:30:00+05:30
144.7,144.9,144.6,144.9,578.0,1740729900.0,2025-02-28 13:35:00+05:30
144.55,145.5,144.55,145.0,14522.0,1740730200.0,2025-02-28 13:40:00+05:30
145.05,145.05,144.5,144.85,2182.0,1740730500.0,2025-02-28 13:45:00+05:30
145.0,145.0,144.6,144.9,1674.0,1740730800.0,2025-02-28 13:50:00+05:30
144.95,145.0,144.6,144.9,1067.0,1740731100.0,2025-02-28 13:55:00+05:30
145.0,145.1,144.8,144.9,304.0,1740731400.0,2025-02-28 14:00:00+05:30
144.9,145.55,144.9,145.55,1522.0,1740731700.0,2025-02-28 14:05:00+05:30
145.45,145.45,145.2,145.2,359.0,1740732000.0,2025-02-28 14:10:00+05:30
145.15,145.5,145.1,145.2,1577.0,1740732300.0,2025-02-28 14:15:00+05:30
145.45,145.85,145.0,145.35,17399.0,1740732600.0,2025-02-28 14:20:00+05:30
144.95,145.45,144.65,144.65,1846.0,1740732900.0,2025-02-28 14:25:00+05:30
145.0,145.45,144.85,145.2,2739.0,1740733200.0,2025-02-28 14:30:00+05:30
145.2,145.2,145.0,145.2,1005.0,1740733500.0,2025-02-28 14:35:00+05:30
145.25,145.5,145.05,145.5,848.0,1740733800.0,2025-02-28 14:40:00+05:30
145.5,145.9,145.3,145.9,6391.0,1740734100.0,2025-02-28 14:45:00+05:30
145.95,146.0,145.0,145.5,3249.0,1740734400.0,2025-02-28 14:50:00+05:30
145.5,145.8,145.0,145.25,7549.0,1740734700.0,2025-02-28 14:55:00+05:30
145.2,145.25,144.25,144.85,8556.0,1740735000.0,2025-02-28 15:00:00+05:30
144.9,145.4,144.6,145.15,8756.0,1740735300.0,2025-02-28 15:05:00+05:30
145.4,145.4,144.05,144.95,18767.0,1740735600.0,2025-02-28 15:10:00+05:30
144.9,145.0,144.35,145.0,14145.0,1740735900.0,2025-02-28 15:15:00+05:30
145.0,145.0,144.6,144.8,9258.0,1740736200.0,2025-02-28 15:20:00+05:30
144.8,145.25,144.5,144.9,16246.0,1740736500.0,2025-02-28 15:25:00+05:30
144.89,150.0,144.89,145.2,14987.0,1740973500.0,2025-03-03 09:15:00+05:30
145.85,146.19,143.94,143.94,9774.0,1740973800.0,2025-03-03 09:20:00+05:30
143.92,144.53,142.58,142.68,3308.0,1740974100.0,2025-03-03 09:25:00+05:30
142.41,142.55,141.55,142.0,5260.0,1740974400.0,2025-03-03 09:30:00+05:30
141.77,142.18,140.01,140.55,16438.0,1740974700.0,2025-03-03 09:35:00+05:30
140.76,140.86,139.21,139.95,9964.0,1740975000.0,2025-03-03 09:40:00+05:30
140.14,140.41,139.5,140.0,25030.0,1740975300.0,2025-03-03 09:45:00+05:30
140.0,140.02,138.65,138.65,9065.0,1740975600.0,2025-03-03 09:50:00+05:30
138.65,139.24,138.37,138.75,5678.0,1740975900.0,2025-03-03 09:55:00+05:30
138.75,138.92,137.77,138.64,10254.0,1740976200.0,2025-03-03 10:00:00+05:30
138.67,138.67,137.77,137.92,2133.0,1740976500.0,2025-03-03 10:05:00+05:30
137.92,138.58,137.92,138.45,2956.0,1740976800.0,2025-03-03 10:10:00+05:30
138.45,138.61,137.75,138.1,4106.0,1740977100.0,2025-03-03 10:15:00+05:30
137.88,138.11,137.39,137.9,4099.0,1740977400.0,2025-03-03 10:20:00+05:30
137.89,139.14,137.79,138.7,10603.0,1740977700.0,2025-03-03 10:25:00+05:30
138.7,138.76,137.87,138.39,7774.0,1740978000.0,2025-03-03 10:30:00+05:30
138.02,138.41,137.56,138.03,3043.0,1740978300.0,2025-03-03 10:35:00+05:30
137.95,137.97,137.1,137.97,4436.0,1740978600.0,2025-03-03 10:40:00+05:30
138.05,138.05,137.0,137.71,6199.0,1740978900.0,2025-03-03 10:45:00+05:30
137.5,137.5,136.4,136.5,4331.0,1740979200.0,2025-03-03 10:50:00+05:30
136.5,136.73,135.27,136.69,11285.0,1740979500.0,2025-03-03 10:55:00+05:30
136.72,137.09,135.95,135.95,4461.0,1740979800.0,2025-03-03 11:00:00+05:30
136.22,136.91,135.2,136.9,7102.0,1740980100.0,2025-03-03 11:05:00+05:30
136.7,136.7,135.0,136.2,8153.0,1740980400.0,2025-03-03 11:10:00+05:30
136.34,136.78,135.71,136.07,4039.0,1740980700.0,2025-03-03 11:15:00+05:30
136.31,136.51,135.05,135.53,5862.0,1740981000.0,2025-03-03 11:20:00+05:30
135.75,136.2,135.07,135.67,3755.0,1740981300.0,2025-03-03 11:25:00+05:30
135.69,135.91,134.53,134.75,14229.0,1740981600.0,2025-03-03 11:30:00+05:30
134.75,134.75,134.0,134.3,4396.0,1740981900.0,2025-03-03 11:35:00+05:30
134.54,134.57,134.0,134.11,5483.0,1740982200.0,2025-03-03 11:40:00+05:30
134.11,134.5,132.66,132.92,22838.0,1740982500.0,2025-03-03 11:45:00+05:30
133.3,134.19,133.01,133.81,4728.0,1740982800.0,2025-03-03 11:50:00+05:30
133.81,134.23,133.6,133.96,4675.0,1740983100.0,2025-03-03 11:55:00+05:30
134.19,134.46,133.93,134.43,10028.0,1740983400.0,2025-03-03 12:00:00+05:30
134.39,135.09,134.04,134.29,10079.0,1740983700.0,2025-03-03 12:05:00+05:30
134.29,134.5,134.02,134.5,641.0,1740984000.0,2025-03-03 12:10:00+05:30
134.52,134.92,134.3,134.85,1420.0,1740984300.0,2025-03-03 12:15:00+05:30
134.67,135.5,134.67,135.49,4067.0,1740984600.0,2025-03-03 12:20:00+05:30
135.4,135.64,135.06,135.06,2032.0,1740984900.0,2025-03-03 12:25:00+05:30
135.22,135.75,135.04,135.41,2047.0,1740985200.0,2025-03-03 12:30:00+05:30
135.73,135.8,135.53,135.6,676.0,1740985500.0,2025-03-03 12:35:00+05:30
135.79,136.18,135.41,135.79,14608.0,1740985800.0,2025-03-03 12:40:00+05:30
136.13,136.62,135.74,136.5,14296.0,1740986100.0,2025-03-03 12:45:00+05:30
136.5,136.53,135.56,136.3,8158.0,1740986400.0,2025-03-03 12:50:00+05:30
136.46,136.8,136.19,136.5,9346.0,1740986700.0,2025-03-03 12:55:00+05:30
136.5,136.5,136.17,136.5,14451.0,1740987000.0,2025-03-03 13:00:00+05:30
136.8,137.33,136.78,136.98,3553.0,1740987300.0,2025-03-03 13:05:00+05:30
136.98,137.33,136.98,137.33,1047.0,1740987600.0,2025-03-03 13:10:00+05:30
137.33,137.61,136.54,136.54,6160.0,1740987900.0,2025-03-03 13:15:00+05:30
136.78,136.78,136.11,136.39,1218.0,1740988200.0,2025-03-03 13:20:00+05:30
136.39,136.39,136.0,136.0,1252.0,1740988500.0,2025-03-03 13:25:00+05:30
136.27,136.36,135.78,136.36,8758.0,1740988800.0,2025-03-03 13:30:00+05:30
136.36,136.59,136.23,136.59,650.0,1740989100.0,2025-03-03 13:35:00+05:30
136.58,136.86,136.44,136.46,954.0,1740989400.0,2025-03-03 13:40:00+05:30
136.91,136.91,136.56,136.78,1769.0,1740989700.0,2025-03-03 13:45:00+05:30
136.85,136.9,136.59,136.77,1148.0,1740990000.0,2025-03-03 13:50:00+05:30
136.77,136.77,136.23,136.23,1387.0,1740990300.0,2025-03-03 13:55:00+05:30
136.49,136.99,136.34,136.99,1029.0,1740990600.0,2025-03-03 14:00:00+05:30
136.99,136.99,136.4,136.77,741.0,1740990900.0,2025-03-03 14:05:00+05:30
136.64,137.0,136.64,136.76,781.0,1740991200.0,2025-03-03 14:10:00+05:30
136.96,136.97,136.44,136.74,2178.0,1740991500.0,2025-03-03 14:15:00+05:30
136.57,136.79,136.48,136.48,4915.0,1740991800.0,2025-03-03 14:20:00+05:30
136.5,136.95,136.5,136.89,4776.0,1740992100.0,2025-03-03 14:25:00+05:30
136.62,136.76,136.4,136.6,1599.0,1740992400.0,2025-03-03 14:30:00+05:30
136.53,136.7,136.17,136.31,7657.0,1740992700.0,2025-03-03 14:35:00+05:30
136.62,137.0,136.39,136.5,6389.0,1740993000.0,2025-03-03 14:40:00+05:30
136.5,137.0,136.5,136.61,2042.0,1740993300.0,2025-03-03 14:45:00+05:30
136.89,136.96,135.4,136.49,5311.0,1740993600.0,2025-03-03 14:50:00+05:30
136.49,136.9,136.23,136.4,2427.0,1740993900.0,2025-03-03 14:55:00+05:30
136.44,136.5,135.65,135.96,5456.0,1740994200.0,2025-03-03 15:00:00+05:30
135.9,136.0,135.11,135.3,20248.0,1740994500.0,2025-03-03 15:05:00+05:30
135.16,135.5,135.16,135.5,10894.0,1740994800.0,2025-03-03 15:10:00+05:30
135.5,135.66,134.93,135.5,31222.0,1740995100.0,2025-03-03 15:15:00+05:30
135.24,135.73,134.93,135.73,9746.0,1740995400.0,2025-03-03 15:20:00+05:30
135.53,135.99,134.25,135.3,9858.0,1740995700.0,2025-03-03 15:25:00+05:30
135.1,135.3,132.01,133.19,25059.0,1741059900.0,2025-03-04 09:15:00+05:30
133.17,134.0,131.91,133.58,12616.0,1741060200.0,2025-03-04 09:20:00+05:30
133.79,135.0,133.05,135.0,8520.0,1741060500.0,2025-03-04 09:25:00+05:30
134.8,135.54,133.5,134.77,7824.0,1741060800.0,2025-03-04 09:30:00+05:30
134.54,135.19,134.1,135.0,12826.0,1741061100.0,2025-03-04 09:35:00+05:30
134.6,135.37,134.2,135.28,5178.0,1741061400.0,2025-03-04 09:40:00+05:30
135.3,136.4,135.23,136.4,3822.0,1741061700.0,2025-03-04 09:45:00+05:30
136.45,137.29,135.62,136.5,13341.0,1741062000.0,2025-03-04 09:50:00+05:30
136.3,136.49,134.81,136.26,15077.0,1741062300.0,2025-03-04 09:55:00+05:30
136.25,136.6,135.57,135.82,6418.0,1741062600.0,2025-03-04 10:00:00+05:30
135.49,135.73,134.52,134.52,1916.0,1741062900.0,2025-03-04 10:05:00+05:30
134.5,135.79,134.5,135.57,8012.0,1741063200.0,2025-03-04 10:10:00+05:30
135.75,136.31,135.7,136.25,5365.0,1741063500.0,2025-03-04 10:15:00+05:30
136.36,136.42,136.03,136.03,632.0,1741063800.0,2025-03-04 10:20:00+05:30
135.73,135.94,135.53,135.53,3656.0,1741064100.0,2025-03-04 10:25:00+05:30
135.1,135.35,134.44,134.91,6694.0,1741064400.0,2025-03-04 10:30:00+05:30
134.94,134.99,134.5,134.85,2810.0,1741064700.0,2025-03-04 10:35:00+05:30
134.91,135.08,134.54,134.54,4861.0,1741065000.0,2025-03-04 10:40:00+05:30
134.93,135.58,134.93,135.4,3982.0,1741065300.0,2025-03-04 10:45:00+05:30
135.09,135.67,134.74,135.47,3146.0,1741065600.0,2025-03-04 10:50:00+05:30
135.35,135.35,134.47,134.47,7552.0,1741065900.0,2025-03-04 10:55:00+05:30
134.7,135.0,134.48,134.8,9984.0,1741066200.0,2025-03-04 11:00:00+05:30
134.6,134.97,134.11,134.27,7881.0,1741066500.0,2025-03-04 11:05:00+05:30
134.0,134.0,133.78,134.0,6749.0,1741066800.0,2025-03-04 11:10:00+05:30
134.33,134.33,132.98,133.0,16475.0,1741067100.0,2025-03-04 11:15:00+05:30
133.0,133.5,133.0,133.42,2658.0,1741067400.0,2025-03-04 11:20:00+05:30
133.51,133.98,133.35,133.66,1266.0,1741067700.0,2025-03-04 11:25:00+05:30
133.66,133.95,133.26,133.64,2942.0,1741068000.0,2025-03-04 11:30:00+05:30
133.39,133.61,133.32,133.61,1990.0,1741068300.0,2025-03-04 11:35:00+05:30
133.45,133.49,132.8,132.8,5580.0,1741068600.0,2025-03-04 11:40:00+05:30
132.89,133.4,132.04,132.34,12397.0,1741068900.0,2025-03-04 11:45:00+05:30
132.44,132.82,132.26,132.62,711.0,1741069200.0,2025-03-04 11:50:00+05:30
132.64,133.03,132.51,132.51,2425.0,1741069500.0,2025-03-04 11:55:00+05:30
132.64,132.68,132.07,132.42,2586.0,1741069800.0,2025-03-04 12:00:00+05:30
132.22,132.34,131.55,132.13,12729.0,1741070100.0,2025-03-04 12:05:00+05:30
131.99,132.32,131.96,132.32,1629.0,1741070400.0,2025-03-04 12:10:00+05:30
132.59,132.59,132.14,132.5,3148.0,1741070700.0,2025-03-04 12:15:00+05:30
132.5,132.66,132.35,132.66,1206.0,1741071000.0,2025-03-04 12:20:00+05:30
132.9,132.9,132.4,132.51,723.0,1741071300.0,2025-03-04 12:25:00+05:30
132.51,133.1,132.51,132.7,1245.0,1741071600.0,2025-03-04 12:30:00+05:30
132.7,133.79,132.62,133.24,9428.0,1741071900.0,2025-03-04 12:35:00+05:30
133.04,133.1,132.66,132.83,2832.0,1741072200.0,2025-03-04 12:40:00+05:30
133.03,133.16,133.0,133.04,824.0,1741072500.0,2025-03-04 12:45:00+05:30
133.1,133.94,133.1,133.8,1634.0,1741072800.0,2025-03-04 12:50:00+05:30
133.8,134.39,133.49,134.39,2755.0,1741073100.0,2025-03-04 12:55:00+05:30
134.41,134.5,134.25,134.5,1763.0,1741073400.0,2025-03-04 13:00:00+05:30
134.25,134.36,134.0,134.22,287.0,1741073700.0,2025-03-04 13:05:00+05:30
134.26,134.26,134.03,134.06,167.0,1741074000.0,2025-03-04 13:10:00+05:30
134.01,134.38,134.0,134.38,1492.0,1741074300.0,2025-03-04 13:15:00+05:30
134.38,134.39,134.05,134.39,945.0,1741074600.0,2025-03-04 13:20:00+05:30
134.43,134.45,134.21,134.21,2501.0,1741074900.0,2025-03-04 13:25:00+05:30
134.24,134.42,134.2,134.2,206.0,1741075200.0,2025-03-04 13:30:00+05:30
134.2,134.3,134.03,134.2,1786.0,1741075500.0,2025-03-04 13:35:00+05:30
134.38,134.9,134.0,134.65,6916.0,1741075800.0,2025-03-04 13:40:00+05:30
134.66,134.77,134.31,134.77,1936.0,1741076100.0,2025-03-04 13:45:00+05:30
134.78,135.29,134.5,135.0,7026.0,1741076400.0,2025-03-04 13:50:00+05:30
135.09,135.09,134.67,134.94,951.0,1741076700.0,2025-03-04 13:55:00+05:30
134.93,134.94,134.23,134.6,2117.0,1741077000.0,2025-03-04 14:00:00+05:30
134.48,135.39,133.99,134.0,24531.0,1741077300.0,2025-03-04 14:05:00+05:30
134.1,134.65,133.8,133.8,4732.0,1741077600.0,2025-03-04 14:10:00+05:30
134.0,134.0,133.5,133.81,11376.0,1741077900.0,2025-03-04 14:15:00+05:30
133.96,134.67,133.58,134.53,3205.0,1741078200.0,2025-03-04 14:20:00+05:30
134.78,134.99,134.49,134.88,3414.0,1741078500.0,2025-03-04 14:25:00+05:30
134.95,134.96,134.56,134.76,1862.0,1741078800.0,2025-03-04 14:30:00+05:30
135.31,135.4,134.87,135.09,8786.0,1741079100.0,2025-03-04 14:35:00+05:30
135.5,135.5,135.0,135.07,1446.0,1741079400.0,2025-03-04 14:40:00+05:30
135.01,135.34,135.01,135.32,3385.0,1741079700.0,2025-03-04 14:45:00+05:30
135.32,135.47,135.16,135.47,1235.0,1741080000.0,2025-03-04 14:50:00+05:30
135.47,135.5,135.3,135.35,695.0,1741080300.0,2025-03-04 14:55:00+05:30
135.46,135.59,134.03,134.33,22588.0,1741080600.0,2025-03-04 15:00:00+05:30
134.31,134.49,133.83,134.49,9426.0,1741080900.0,2025-03-04 15:05:00+05:30
134.49,134.49,134.0,134.3,9853.0,1741081200.0,2025-03-04 15:10:00+05:30
134.3,134.69,132.1,134.5,48709.0,1741081500.0,2025-03-04 15:15:00+05:30
134.42,135.49,132.1,135.0,29050.0,1741081800.0,2025-03-04 15:20:00+05:30
135.0,135.2,134.5,134.8,9532.0,1741082100.0,2025-03-04 15:25:00+05:30
137.01,142.0,136.41,136.93,15583.0,1741146300.0,2025-03-05 09:15:00+05:30
137.4,139.9,137.17,138.38,14970.0,1741146600.0,2025-03-05 09:20:00+05:30
138.41,139.99,137.76,139.99,15278.0,1741146900.0,2025-03-05 09:25:00+05:30
139.28,139.65,138.22,139.03,8593.0,1741147200.0,2025-03-05 09:30:00+05:30
139.02,140.4,139.02,140.24,9729.0,1741147500.0,2025-03-05 09:35:00+05:30
139.73,141.38,139.59,141.1,11779.0,1741147800.0,2025-03-05 09:40:00+05:30
140.65,141.28,139.93,140.63,5594.0,1741148100.0,2025-03-05 09:45:00+05:30
140.56,140.91,140.01,140.91,3594.0,1741148400.0,2025-03-05 09:50:00+05:30
140.9,141.2,140.8,140.8,2112.0,1741148700.0,2025-03-05 09:55:00+05:30
140.94,140.99,139.89,140.45,4733.0,1741149000.0,2025-03-05 10:00:00+05:30
140.53,140.9,140.0,140.16,1551.0,1741149300.0,2025-03-05 10:05:00+05:30
140.16,140.16,139.11,139.83,2940.0,1741149600.0,2025-03-05 10:10:00+05:30
139.83,139.83,138.8,139.08,2971.0,1741149900.0,2025-03-05 10:15:00+05:30
138.87,139.59,138.87,139.59,1062.0,1741150200.0,2025-03-05 10:20:00+05:30
139.56,140.29,139.31,139.88,6238.0,1741150500.0,2025-03-05 10:25:00+05:30
139.71,140.15,139.71,139.91,1648.0,1741150800.0,2025-03-05 10:30:00+05:30
140.09,141.03,139.88,140.8,5470.0,1741151100.0,2025-03-05 10:35:00+05:30
141.1,141.5,139.83,139.83,6068.0,1741151400.0,2025-03-05 10:40:00+05:30
139.95,140.5,139.68,139.72,1026.0,1741151700.0,2025-03-05 10:45:00+05:30
139.54,139.8,139.43,139.5,1822.0,1741152000.0,2025-03-05 10:50:00+05:30
139.72,140.1,139.43,139.82,1437.0,1741152300.0,2025-03-05 10:55:00+05:30
140.18,140.46,139.25,139.52,8354.0,1741152600.0,2025-03-05 11:00:00+05:30
139.48,139.5,139.02,139.25,2111.0,1741152900.0,2025-03-05 11:05:00+05:30
139.25,139.38,138.99,139.21,1349.0,1741153200.0,2025-03-05 11:10:00+05:30
139.01,139.51,138.99,139.33,526.0,1741153500.0,2025-03-05 11:15:00+05:30
139.33,139.39,138.99,139.39,643.0,1741153800.0,2025-03-05 11:20:00+05:30
139.36,139.36,139.04,139.04,751.0,1741154100.0,2025-03-05 11:25:00+05:30
139.25,139.35,139.1,139.1,327.0,1741154400.0,2025-03-05 11:30:00+05:30
139.25,139.53,137.78,137.79,13699.0,1741154700.0,2025-03-05 11:35:00+05:30
137.56,137.87,137.56,137.83,1894.0,1741155000.0,2025-03-05 11:40:00+05:30
137.78,137.79,137.73,137.73,331.0,1741155300.0,2025-03-05 11:45:00+05:30
137.73,137.81,137.44,137.44,1766.0,1741155600.0,2025-03-05 11:50:00+05:30
137.71,137.77,137.0,137.45,3884.0,1741155900.0,2025-03-05 11:55:00+05:30
137.45,137.79,137.45,137.79,4778.0,1741156200.0,2025-03-05 12:00:00+05:30
137.84,137.84,137.55,137.74,746.0,1741156500.0,2025-03-05 12:05:00+05:30
137.86,137.86,137.29,137.44,3045.0,1741156800.0,2025-03-05 12:10:00+05:30
137.15,137.77,137.15,137.48,2333.0,1741157100.0,2025-03-05 12:15:00+05:30
137.48,137.62,137.06,137.36,909.0,1741157400.0,2025-03-05 12:20:00+05:30
137.36,137.63,137.31,137.62,2183.0,1741157700.0,2025-03-05 12:25:00+05:30
137.62,137.62,137.44,137.44,718.0,1741158000.0,2025-03-05 12:30:00+05:30
137.44,137.68,137.44,137.68,503.0,1741158300.0,2025-03-05 12:35:00+05:30
137.68,137.7,137.32,137.4,1580.0,1741158600.0,2025-03-05 12:40:00+05:30
137.4,137.4,137.17,137.18,598.0,1741158900.0,2025-03-05 12:45:00+05:30
137.58,137.58,137.21,137.48,795.0,1741159200.0,2025-03-05 12:50:00+05:30
137.58,137.58,137.14,137.51,2233.0,1741159500.0,2025-03-05 12:55:00+05:30
137.32,137.49,137.15,137.15,428.0,1741159800.0,2025-03-05 13:00:00+05:30
137.2,137.4,137.06,137.09,1674.0,1741160100.0,2025-03-05 13:05:00+05:30
137.12,137.12,136.9,136.97,2792.0,1741160400.0,2025-03-05 13:10:00+05:30
137.04,137.1,136.6,136.99,4383.0,1741160700.0,2025-03-05 13:15:00+05:30
136.5,137.38,136.5,137.05,2226.0,1741161000.0,2025-03-05 13:20:00+05:30
137.08,137.48,137.05,137.29,417.0,1741161300.0,2025-03-05 13:25:00+05:30
137.3,137.62,137.18,137.62,904.0,1741161600.0,2025-03-05 13:30:00+05:30
137.32,137.62,134.91,135.96,40423.0,1741161900.0,2025-03-05 13:35:00+05:30
135.96,136.0,135.11,135.59,2948.0,1741162200.0,2025-03-05 13:40:00+05:30
135.59,136.2,135.59,136.16,2145.0,1741162500.0,2025-03-05 13:45:00+05:30
136.27,136.49,135.84,136.09,1925.0,1741162800.0,2025-03-05 13:50:00+05:30
136.05,136.26,135.64,135.65,5102.0,1741163100.0,2025-03-05 13:55:00+05:30
135.63,135.99,135.63,135.7,295.0,1741163400.0,2025-03-05 14:00:00+05:30
135.85,136.0,135.63,136.0,914.0,1741163700.0,2025-03-05 14:05:00+05:30
136.06,136.17,135.75,135.9,708.0,1741164000.0,2025-03-05 14:10:00+05:30
135.75,136.08,135.35,135.85,3737.0,1741164300.0,2025-03-05 14:15:00+05:30
135.85,135.85,135.62,135.81,424.0,1741164600.0,2025-03-05 14:20:00+05:30
135.81,136.07,135.69,135.71,531.0,1741164900.0,2025-03-05 14:25:00+05:30
135.99,136.22,135.99,136.19,3103.0,1741165200.0,2025-03-05 14:30:00+05:30
136.11,136.94,136.01,136.76,4553.0,1741165500.0,2025-03-05 14:35:00+05:30
136.77,136.99,136.71,136.99,1084.0,1741165800.0,2025-03-05 14:40:00+05:30
136.88,137.38,136.67,136.86,6259.0,1741166100.0,2025-03-05 14:45:00+05:30
136.86,137.28,136.57,137.28,6247.0,1741166400.0,2025-03-05 14:50:00+05:30
137.28,138.1,136.99,137.5,6804.0,1741166700.0,2025-03-05 14:55:00+05:30
137.74,138.5,137.53,138.5,13123.0,1741167000.0,2025-03-05 15:00:00+05:30
138.89,139.09,138.15,138.96,6973.0,1741167300.0,2025-03-05 15:05:00+05:30
138.99,139.29,138.23,139.29,5297.0,1741167600.0,2025-03-05 15:10:00+05:30
139.29,139.47,138.9,138.93,3584.0,1741167900.0,2025-03-05 15:15:00+05:30
139.16,139.18,138.1,138.98,11602.0,1741168200.0,2025-03-05 15:20:00+05:30
138.81,139.48,138.81,139.3,6760.0,1741168500.0,2025-03-05 15:25:00+05:30
141.99,144.47,140.13,143.7,17253.0,1741232700.0,2025-03-06 09:15:00+05:30
143.89,143.89,141.03,141.98,8351.0,1741233000.0,2025-03-06 09:20:00+05:30
141.89,143.88,141.89,142.58,5307.0,1741233300.0,2025-03-06 09:25:00+05:30
142.61,142.99,140.65,141.56,8642.0,1741233600.0,2025-03-06 09:30:00+05:30
141.88,142.45,141.61,141.94,5513.0,1741233900.0,2025-03-06 09:35:00+05:30
141.64,142.88,141.64,142.0,6288.0,1741234200.0,2025-03-06 09:40:00+05:30
142.24,142.56,141.2,141.28,1757.0,1741234500.0,2025-03-06 09:45:00+05:30
141.28,141.76,141.0,141.53,3090.0,1741234800.0,2025-03-06 09:50:00+05:30
141.53,141.72,140.92,141.2,2440.0,1741235100.0,2025-03-06 09:55:00+05:30
141.49,141.78,141.0,141.42,1861.0,1741235400.0,2025-03-06 10:00:00+05:30
141.45,142.38,141.45,141.48,3185.0,1741235700.0,2025-03-06 10:05:00+05:30
141.77,142.7,141.77,142.5,7956.0,1741236000.0,2025-03-06 10:10:00+05:30
142.6,143.48,142.6,143.48,2097.0,1741236300.0,2025-03-06 10:15:00+05:30
143.4,143.5,142.76,143.34,2845.0,1741236600.0,2025-03-06 10:20:00+05:30
143.11,143.9,143.11,143.6,1719.0,1741236900.0,2025-03-06 10:25:00+05:30
143.85,143.85,143.2,143.2,3368.0,1741237200.0,2025-03-06 10:30:00+05:30
143.45,143.73,143.27,143.4,1979.0,1741237500.0,2025-03-06 10:35:00+05:30
143.77,143.93,143.54,143.87,857.0,1741237800.0,2025-03-06 10:40:00+05:30
143.75,143.87,143.25,143.58,2118.0,1741238100.0,2025-03-06 10:45:00+05:30
143.58,144.39,143.5,144.19,2905.0,1741238400.0,2025-03-06 10:50:00+05:30
144.2,144.63,144.2,144.4,1368.0,1741238700.0,2025-03-06 10:55:00+05:30
144.89,145.18,144.49,145.01,6407.0,1741239000.0,2025-03-06 11:00:00+05:30
145.01,145.6,144.94,145.11,1371.0,1741239300.0,2025-03-06 11:05:00+05:30
145.16,145.32,144.52,145.25,685.0,1741239600.0,2025-03-06 11:10:00+05:30
145.09,145.39,144.74,145.35,2664.0,1741239900.0,2025-03-06 11:15:00+05:30
145.15,145.44,144.67,145.11,1966.0,1741240200.0,2025-03-06 11:20:00+05:30
144.93,144.93,144.3,144.59,1085.0,1741240500.0,2025-03-06 11:25:00+05:30
144.38,145.0,144.38,144.65,1944.0,1741240800.0,2025-03-06 11:30:00+05:30
144.89,145.43,144.81,145.3,2279.0,1741241100.0,2025-03-06 11:35:00+05:30
144.95,145.6,144.95,145.59,1970.0,1741241400.0,2025-03-06 11:40:00+05:30
145.59,145.66,145.18,145.35,1910.0,1741241700.0,2025-03-06 11:45:00+05:30
145.33,145.59,145.1,145.31,1888.0,1741242000.0,2025-03-06 11:50:00+05:30
145.3,145.58,145.15,145.35,1278.0,1741242300.0,2025-03-06 11:55:00+05:30
145.35,145.37,145.12,145.32,618.0,1741242600.0,2025-03-06 12:00:00+05:30
145.15,145.48,145.01,145.21,2692.0,1741242900.0,2025-03-06 12:05:00+05:30
144.88,145.18,144.57,145.18,3467.0,1741243200.0,2025-03-06 12:10:00+05:30
145.15,145.52,144.93,145.52,1650.0,1741243500.0,2025-03-06 12:15:00+05:30
145.59,145.78,145.33,145.75,2908.0,1741243800.0,2025-03-06 12:20:00+05:30
145.54,145.73,145.4,145.69,632.0,1741244100.0,2025-03-06 12:25:00+05:30
145.75,145.98,145.75,145.84,851.0,1741244400.0,2025-03-06 12:30:00+05:30
145.83,145.85,145.5,145.5,1343.0,1741244700.0,2025-03-06 12:35:00+05:30
145.67,145.97,145.67,145.84,989.0,1741245000.0,2025-03-06 12:40:00+05:30
146.0,146.29,145.65,146.2,1569.0,1741245300.0,2025-03-06 12:45:00+05:30
145.97,146.09,145.71,145.82,5196.0,1741245600.0,2025-03-06 12:50:00+05:30
145.66,145.88,145.17,145.42,942.0,1741245900.0,2025-03-06 12:55:00+05:30
145.42,146.18,145.42,146.18,1343.0,1741246200.0,2025-03-06 13:00:00+05:30
146.15,146.49,146.11,146.14,876.0,1741246500.0,2025-03-06 13:05:00+05:30
146.1,146.29,145.88,146.24,2894.0,1741246800.0,2025-03-06 13:10:00+05:30
146.07,146.33,146.03,146.13,232.0,1741247100.0,2025-03-06 13:15:00+05:30
146.33,146.33,145.69,146.0,837.0,1741247400.0,2025-03-06 13:20:00+05:30
145.71,145.93,145.71,145.93,217.0,1741247700.0,2025-03-06 13:25:00+05:30
145.93,146.0,145.6,146.0,1333.0,1741248000.0,2025-03-06 13:30:00+05:30
146.0,146.12,145.77,146.04,300.0,1741248300.0,2025-03-06 13:35:00+05:30
146.04,146.1,145.65,145.96,1851.0,1741248600.0,2025-03-06 13:40:00+05:30
145.75,145.95,145.75,145.95,143.0,1741248900.0,2025-03-06 13:45:00+05:30
145.95,146.0,145.95,146.0,452.0,1741249200.0,2025-03-06 13:50:00+05:30
145.81,146.66,145.7,146.66,2748.0,1741249500.0,2025-03-06 13:55:00+05:30
146.61,146.8,146.23,146.23,5368.0,1741249800.0,2025-03-06 14:00:00+05:30
146.23,146.41,146.0,146.26,1170.0,1741250100.0,2025-03-06 14:05:00+05:30
146.11,146.4,146.08,146.35,565.0,1741250400.0,2025-03-06 14:10:00+05:30
146.35,146.74,146.35,146.39,1918.0,1741250700.0,2025-03-06 14:15:00+05:30
146.39,146.75,146.29,146.56,1670.0,1741251000.0,2025-03-06 14:20:00+05:30
146.75,147.47,146.49,147.47,8902.0,1741251300.0,2025-03-06 14:25:00+05:30
147.47,148.0,147.0,147.0,7431.0,1741251600.0,2025-03-06 14:30:00+05:30
146.69,147.02,146.51,146.71,3536.0,1741251900.0,2025-03-06 14:35:00+05:30
146.56,147.0,146.56,147.0,781.0,1741252200.0,2025-03-06 14:40:00+05:30
147.11,147.11,146.0,146.59,4761.0,1741252500.0,2025-03-06 14:45:00+05:30
146.89,146.99,146.68,146.87,740.0,1741252800.0,2025-03-06 14:50:00+05:30
146.87,146.93,146.5,146.89,1900.0,1741253100.0,2025-03-06 14:55:00+05:30
146.9,147.16,146.8,146.8,1887.0,1741253400.0,2025-03-06 15:00:00+05:30
146.69,146.98,146.57,146.9,7113.0,1741253700.0,2025-03-06 15:05:00+05:30
146.65,146.65,139.11,142.5,130889.0,1741254000.0,2025-03-06 15:10:00+05:30
142.69,142.9,141.26,142.75,24319.0,1741254300.0,2025-03-06 15:15:00+05:30
142.72,142.72,141.19,141.88,13335.0,1741254600.0,2025-03-06 15:20:00+05:30
141.8,142.6,141.62,142.3,7694.0,1741254900.0,2025-03-06 15:25:00+05:30
142.5,143.49,140.51,142.5,11480.0,1741319100.0,2025-03-07 09:15:00+05:30
142.5,143.69,142.24,142.58,9354.0,1741319400.0,2025-03-07 09:20:00+05:30
142.86,144.49,142.86,144.49,5024.0,1741319700.0,2025-03-07 09:25:00+05:30
144.12,144.4,143.15,144.0,3645.0,1741320000.0,2025-03-07 09:30:00+05:30
144.08,144.19,143.39,143.69,3754.0,1741320300.0,2025-03-07 09:35:00+05:30
143.68,144.69,143.68,144.52,4938.0,1741320600.0,2025-03-07 09:40:00+05:30
144.62,144.62,143.82,143.84,2329.0,1741320900.0,2025-03-07 09:45:00+05:30
144.14,145.0,143.85,144.5,3839.0,1741321200.0,2025-03-07 09:50:00+05:30
144.28,144.49,144.22,144.4,894.0,1741321500.0,2025-03-07 09:55:00+05:30
144.23,144.55,143.5,144.55,4272.0,1741321800.0,2025-03-07 10:00:00+05:30
144.32,144.7,143.62,144.24,4447.0,1741322100.0,2025-03-07 10:05:00+05:30
144.49,144.98,144.45,144.67,3329.0,1741322400.0,2025-03-07 10:10:00+05:30
144.9,145.8,144.9,145.54,5964.0,1741322700.0,2025-03-07 10:15:00+05:30
145.35,145.75,145.0,145.0,3136.0,1741323000.0,2025-03-07 10:20:00+05:30
145.09,145.82,145.09,145.82,1117.0,1741323300.0,2025-03-07 10:25:00+05:30
145.82,146.28,145.31,146.14,4396.0,1741323600.0,2025-03-07 10:30:00+05:30
146.0,146.12,145.02,145.91,8609.0,1741323900.0,2025-03-07 10:35:00+05:30
145.95,147.0,145.95,146.53,5008.0,1741324200.0,2025-03-07 10:40:00+05:30
146.5,147.28,146.17,147.28,2790.0,1741324500.0,2025-03-07 10:45:00+05:30
147.48,147.58,146.5,146.51,1893.0,1741324800.0,2025-03-07 10:50:00+05:30
146.57,146.98,146.24,146.98,3024.0,1741325100.0,2025-03-07 10:55:00+05:30
146.71,147.0,146.43,147.0,2030.0,1741325400.0,2025-03-07 11:00:00+05:30
147.04,147.35,146.78,147.15,1179.0,1741325700.0,2025-03-07 11:05:00+05:30
147.15,147.4,147.15,147.4,555.0,1741326000.0,2025-03-07 11:10:00+05:30
147.26,148.19,147.15,147.15,4910.0,1741326300.0,2025-03-07 11:15:00+05:30
147.39,147.45,147.15,147.39,640.0,1741326600.0,2025-03-07 11:20:00+05:30
147.24,147.44,147.0,147.44,750.0,1741326900.0,2025-03-07 11:25:00+05:30
147.29,147.66,146.71,147.49,5102.0,1741327200.0,2025-03-07 11:30:00+05:30
147.27,147.79,147.27,147.79,1348.0,1741327500.0,2025-03-07 11:35:00+05:30
147.65,147.84,147.56,147.73,1140.0,1741327800.0,2025-03-07 11:40:00+05:30
147.73,147.73,147.13,147.13,1217.0,1741328100.0,2025-03-07 11:45:00+05:30
147.07,147.54,147.05,147.23,2996.0,1741328400.0,2025-03-07 11:50:00+05:30
147.23,147.53,146.87,147.05,7845.0,1741328700.0,2025-03-07 11:55:00+05:30
147.0,147.04,146.28,146.64,1709.0,1741329000.0,2025-03-07 12:00:00+05:30
146.64,146.86,146.62,146.79,896.0,1741329300.0,2025-03-07 12:05:00+05:30
146.55,146.55,145.95,146.32,3467.0,1741329600.0,2025-03-07 12:10:00+05:30
146.32,146.32,145.69,145.77,3197.0,1741329900.0,2025-03-07 12:15:00+05:30
145.77,146.09,144.95,145.04,9963.0,1741330200.0,2025-03-07 12:20:00+05:30
145.04,145.7,144.5,145.3,6798.0,1741330500.0,2025-03-07 12:25:00+05:30
145.51,146.24,145.26,146.24,2764.0,1741330800.0,2025-03-07 12:30:00+05:30
145.92,146.21,145.79,146.04,5146.0,1741331100.0,2025-03-07 12:35:00+05:30
146.32,146.53,145.35,146.15,4225.0,1741331400.0,2025-03-07 12:40:00+05:30
146.0,146.0,145.35,145.9,825.0,1741331700.0,2025-03-07 12:45:00+05:30
145.9,145.9,145.78,145.78,246.0,1741332000.0,2025-03-07 12:50:00+05:30
145.78,145.87,145.78,145.83,162.0,1741332300.0,2025-03-07 12:55:00+05:30
145.83,145.83,145.47,145.64,214.0,1741332600.0,2025-03-07 13:00:00+05:30
145.64,145.84,145.63,145.65,2519.0,1741332900.0,2025-03-07 13:05:00+05:30
145.86,145.95,145.5,145.95,1035.0,1741333200.0,2025-03-07 13:10:00+05:30
145.95,146.39,145.95,146.1,1560.0,1741333500.0,2025-03-07 13:15:00+05:30
146.1,146.28,145.9,146.23,844.0,1741333800.0,2025-03-07 13:20:00+05:30
146.02,146.02,145.51,145.58,1694.0,1741334100.0,2025-03-07 13:25:00+05:30
145.63,145.86,145.5,145.6,600.0,1741334400.0,2025-03-07 13:30:00+05:30
145.86,146.2,145.83,145.85,919.0,1741334700.0,2025-03-07 13:35:00+05:30
145.83,145.99,145.42,145.72,1621.0,1741335000.0,2025-03-07 13:40:00+05:30
145.72,145.75,145.51,145.56,324.0,1741335300.0,2025-03-07 13:45:00+05:30
145.51,145.63,145.37,145.43,764.0,1741335600.0,2025-03-07 13:50:00+05:30
145.31,145.61,145.31,145.31,1030.0,1741335900.0,2025-03-07 13:55:00+05:30
145.62,145.62,145.34,145.4,772.0,1741336200.0,2025-03-07 14:00:00+05:30
145.55,145.57,145.46,145.46,230.0,1741336500.0,2025-03-07 14:05:00+05:30
145.36,145.8,145.11,145.6,2718.0,1741336800.0,2025-03-07 14:10:00+05:30
145.6,145.68,145.42,145.63,603.0,1741337100.0,2025-03-07 14:15:00+05:30
145.72,145.94,145.5,145.94,2096.0,1741337400.0,2025-03-07 14:20:00+05:30
146.09,146.26,145.84,145.84,1400.0,1741337700.0,2025-03-07 14:25:00+05:30
146.11,146.11,145.84,146.09,1965.0,1741338000.0,2025-03-07 14:30:00+05:30
146.16,146.2,145.7,146.2,3698.0,1741338300.0,2025-03-07 14:35:00+05:30
146.2,146.78,145.41,146.78,8715.0,1741338600.0,2025-03-07 14:40:00+05:30
146.54,146.66,146.21,146.32,1801.0,1741338900.0,2025-03-07 14:45:00+05:30
146.3,146.36,145.72,145.73,4797.0,1741339200.0,2025-03-07 14:50:00+05:30
145.94,145.98,145.69,145.93,2889.0,1741339500.0,2025-03-07 14:55:00+05:30
145.75,145.91,144.53,145.16,6611.0,1741339800.0,2025-03-07 15:00:00+05:30
145.34,145.69,144.72,145.25,11848.0,1741340100.0,2025-03-07 15:05:00+05:30
145.05,145.44,144.61,144.89,6074.0,1741340400.0,2025-03-07 15:10:00+05:30
144.83,145.0,144.42,144.56,9195.0,1741340700.0,2025-03-07 15:15:00+05:30
144.42,144.81,144.1,144.6,13158.0,1741341000.0,2025-03-07 15:20:00+05:30
144.47,144.69,144.11,144.6,10627.0,1741341300.0,2025-03-07 15:25:00+05:30
146.17,146.85,143.11,145.31,11644.0,1741578300.0,2025-03-10 09:15:00+05:30
146.4,146.4,142.66,142.67,6365.0,1741578600.0,2025-03-10 09:20:00+05:30
142.67,143.3,141.15,141.8,6299.0,1741578900.0,2025-03-10 09:25:00+05:30
141.61,142.16,140.5,141.06,13686.0,1741579200.0,2025-03-10 09:30:00+05:30
141.05,142.29,141.05,141.64,3750.0,1741579500.0,2025-03-10 09:35:00+05:30
141.68,142.4,141.52,141.68,2842.0,1741579800.0,2025-03-10 09:40:00+05:30
141.73,141.97,141.37,141.5,3933.0,1741580100.0,2025-03-10 09:45:00+05:30
141.37,142.5,141.37,142.5,6396.0,1741580400.0,2025-03-10 09:50:00+05:30
142.68,142.68,141.8,141.8,1415.0,1741580700.0,2025-03-10 09:55:00+05:30
141.83,142.05,140.67,141.15,4540.0,1741581000.0,2025-03-10 10:00:00+05:30
140.83,141.92,140.83,141.92,1976.0,1741581300.0,2025-03-10 10:05:00+05:30
142.0,142.0,141.39,141.96,738.0,1741581600.0,2025-03-10 10:10:00+05:30
141.96,142.34,141.61,142.28,1236.0,1741581900.0,2025-03-10 10:15:00+05:30
142.21,142.33,141.67,141.99,793.0,1741582200.0,2025-03-10 10:20:00+05:30
141.99,141.99,141.44,141.44,623.0,1741582500.0,2025-03-10 10:25:00+05:30
141.44,141.94,141.21,141.65,2251.0,1741582800.0,2025-03-10 10:30:00+05:30
141.61,141.87,141.48,141.87,212.0,1741583100.0,2025-03-10 10:35:00+05:30
141.94,141.94,141.08,141.32,3108.0,1741583400.0,2025-03-10 10:40:00+05:30
141.5,141.5,141.25,141.44,379.0,1741583700.0,2025-03-10 10:45:00+05:30
141.41,141.44,141.18,141.35,152.0,1741584000.0,2025-03-10 10:50:00+05:30
141.35,141.38,141.01,141.03,988.0,1741584300.0,2025-03-10 10:55:00+05:30
141.3,141.3,140.88,140.88,3899.0,1741584600.0,2025-03-10 11:00:00+05:30
141.17,141.17,140.67,140.83,2341.0,1741584900.0,2025-03-10 11:05:00+05:30
140.61,141.08,140.61,140.92,594.0,1741585200.0,2025-03-10 11:10:00+05:30
141.29,141.39,141.14,141.29,546.0,1741585500.0,2025-03-10 11:15:00+05:30
141.29,141.29,140.97,141.12,532.0,1741585800.0,2025-03-10 11:20:00+05:30
141.13,141.13,140.83,140.95,1194.0,1741586100.0,2025-03-10 11:25:00+05:30
140.95,141.49,140.95,141.31,1658.0,1741586400.0,2025-03-10 11:30:00+05:30
141.31,141.38,141.15,141.32,149.0,1741586700.0,2025-03-10 11:35:00+05:30
141.49,141.49,140.92,140.92,909.0,1741587000.0,2025-03-10 11:40:00+05:30
140.92,140.99,140.61,140.89,1554.0,1741587300.0,2025-03-10 11:45:00+05:30
140.89,141.5,140.89,141.05,7378.0,1741587600.0,2025-03-10 11:50:00+05:30
141.05,141.48,141.05,141.28,95.0,1741587900.0,2025-03-10 11:55:00+05:30
141.49,141.49,141.07,141.33,2190.0,1741588200.0,2025-03-10 12:00:00+05:30
141.09,141.47,141.01,141.39,967.0,1741588500.0,2025-03-10 12:05:00+05:30
141.21,141.5,141.01,141.01,794.0,1741588800.0,2025-03-10 12:10:00+05:30
141.05,141.09,140.9,140.96,651.0,1741589100.0,2025-03-10 12:15:00+05:30
141.08,141.18,140.72,140.82,3022.0,1741589400.0,2025-03-10 12:20:00+05:30
140.82,140.85,140.49,140.49,2233.0,1741589700.0,2025-03-10 12:25:00+05:30
140.49,140.59,140.15,140.59,740.0,1741590000.0,2025-03-10 12:30:00+05:30
140.59,140.59,140.31,140.31,888.0,1741590300.0,2025-03-10 12:35:00+05:30
140.31,140.53,140.31,140.51,718.0,1741590600.0,2025-03-10 12:40:00+05:30
140.49,140.6,140.13,140.34,2586.0,1741590900.0,2025-03-10 12:45:00+05:30
140.42,140.44,140.42,140.44,63.0,1741591200.0,2025-03-10 12:50:00+05:30
140.4,140.57,140.4,140.57,97.0,1741591500.0,2025-03-10 12:55:00+05:30
140.25,140.51,139.8,139.98,6904.0,1741591800.0,2025-03-10 13:00:00+05:30
139.7,140.02,139.5,139.61,1025.0,1741592100.0,2025-03-10 13:05:00+05:30
139.61,140.22,139.5,140.11,998.0,1741592400.0,2025-03-10 13:10:00+05:30
140.11,140.11,139.46,139.46,1460.0,1741592700.0,2025-03-10 13:15:00+05:30
139.46,139.72,139.25,139.72,742.0,1741593000.0,2025-03-10 13:20:00+05:30
139.72,140.11,139.31,139.33,1746.0,1741593300.0,2025-03-10 13:25:00+05:30
139.54,139.68,139.21,139.44,1718.0,1741593600.0,2025-03-10 13:30:00+05:30
139.48,139.57,139.25,139.46,885.0,1741593900.0,2025-03-10 13:35:00+05:30
139.49,139.49,139.13,139.18,981.0,1741594200.0,2025-03-10 13:40:00+05:30
139.4,139.43,138.61,138.91,6431.0,1741594500.0,2025-03-10 13:45:00+05:30
139.24,139.24,138.15,139.07,7541.0,1741594800.0,2025-03-10 13:50:00+05:30
138.84,139.29,138.69,138.95,1698.0,1741595100.0,2025-03-10 13:55:00+05:30
138.95,140.01,138.7,139.24,8388.0,1741595400.0,2025-03-10 14:00:00+05:30
139.07,139.21,138.91,139.13,1021.0,1741595700.0,2025-03-10 14:05:00+05:30
139.13,139.24,138.8,138.81,773.0,1741596000.0,2025-03-10 14:10:00+05:30
138.82,138.97,138.5,138.57,845.0,1741596300.0,2025-03-10 14:15:00+05:30
138.55,138.61,137.72,138.18,7758.0,1741596600.0,2025-03-10 14:20:00+05:30
138.55,138.86,138.04,138.32,1000.0,1741596900.0,2025-03-10 14:25:00+05:30
138.1,138.49,138.0,138.48,2631.0,1741597200.0,2025-03-10 14:30:00+05:30
138.48,138.49,138.11,138.19,1877.0,1741597500.0,2025-03-10 14:35:00+05:30
138.33,138.35,138.0,138.09,945.0,1741597800.0,2025-03-10 14:40:00+05:30
138.0,138.89,137.99,138.57,2026.0,1741598100.0,2025-03-10 14:45:00+05:30
138.57,139.85,138.4,139.85,2735.0,1741598400.0,2025-03-10 14:50:00+05:30
139.81,139.81,138.56,139.05,4349.0,1741598700.0,2025-03-10 14:55:00+05:30
139.0,139.49,138.78,138.81,754.0,1741599000.0,2025-03-10 15:00:00+05:30
138.8,139.24,138.57,139.09,2688.0,1741599300.0,2025-03-10 15:05:00+05:30
139.13,139.5,137.51,138.0,15682.0,1741599600.0,2025-03-10 15:10:00+05:30
137.98,138.25,137.05,137.31,12736.0,1741599900.0,2025-03-10 15:15:00+05:30
137.93,138.2,136.2,137.35,15597.0,1741600200.0,2025-03-10 15:20:00+05:30
137.35,137.35,135.0,136.0,19364.0,1741600500.0,2025-03-10 15:25:00+05:30
136.89,136.89,134.15,135.99,13531.0,1741664700.0,2025-03-11 09:15:00+05:30
135.8,135.89,134.2,134.55,5930.0,1741665000.0,2025-03-11 09:20:00+05:30
134.99,136.38,134.6,135.81,9858.0,1741665300.0,2025-03-11 09:25:00+05:30
135.65,135.99,133.72,135.87,8873.0,1741665600.0,2025-03-11 09:30:00+05:30
135.53,136.36,135.01,135.58,9815.0,1741665900.0,2025-03-11 09:35:00+05:30
135.74,135.98,135.01,135.98,3364.0,1741666200.0,2025-03-11 09:40:00+05:30
135.98,136.34,135.28,136.34,7003.0,1741666500.0,2025-03-11 09:45:00+05:30
136.13,136.16,135.5,136.14,16095.0,1741666800.0,2025-03-11 09:50:00+05:30
135.89,136.9,135.89,136.9,4052.0,1741667100.0,2025-03-11 09:55:00+05:30
137.31,137.62,136.7,137.03,2499.0,1741667400.0,2025-03-11 10:00:00+05:30
137.03,137.03,136.5,136.9,1398.0,1741667700.0,2025-03-11 10:05:00+05:30
136.64,137.2,136.64,137.2,3408.0,1741668000.0,2025-03-11 10:10:00+05:30
137.39,137.49,136.65,137.15,4149.0,1741668300.0,2025-03-11 10:15:00+05:30
137.16,137.47,137.14,137.4,5789.0,1741668600.0,2025-03-11 10:20:00+05:30
137.1,137.37,136.91,137.08,505.0,1741668900.0,2025-03-11 10:25:00+05:30
137.2,137.26,136.71,137.02,1514.0,1741669200.0,2025-03-11 10:30:00+05:30
136.67,137.49,136.51,137.48,1363.0,1741669500.0,2025-03-11 10:35:00+05:30
137.49,137.88,137.49,137.88,1850.0,1741669800.0,2025-03-11 10:40:00+05:30
137.89,137.89,137.12,137.5,1808.0,1741670100.0,2025-03-11 10:45:00+05:30
137.6,138.8,137.6,138.8,5655.0,1741670400.0,2025-03-11 10:50:00+05:30
139.0,139.5,138.71,139.46,7081.0,1741670700.0,2025-03-11 10:55:00+05:30
139.57,139.72,139.11,139.3,2159.0,1741671000.0,2025-03-11 11:00:00+05:30
139.31,139.43,138.98,139.05,6135.0,1741671300.0,2025-03-11 11:05:00+05:30
139.05,139.05,138.62,138.74,803.0,1741671600.0,2025-03-11 11:10:00+05:30
138.84,138.88,138.41,138.64,595.0,1741671900.0,2025-03-11 11:15:00+05:30
138.64,138.77,138.39,138.69,619.0,1741672200.0,2025-03-11 11:20:00+05:30
138.68,138.81,138.12,138.12,419.0,1741672500.0,2025-03-11 11:25:00+05:30
138.12,138.44,138.12,138.44,103.0,1741672800.0,2025-03-11 11:30:00+05:30
138.26,138.37,138.12,138.31,183.0,1741673100.0,2025-03-11 11:35:00+05:30
138.31,138.34,137.76,138.0,3830.0,1741673400.0,2025-03-11 11:40:00+05:30
137.94,137.96,137.5,137.96,1247.0,1741673700.0,2025-03-11 11:45:00+05:30
138.04,138.07,137.61,138.07,1086.0,1741674000.0,2025-03-11 11:50:00+05:30
138.0,138.0,137.69,137.92,156.0,1741674300.0,2025-03-11 11:55:00+05:30
137.92,137.92,137.75,137.77,940.0,1741674600.0,2025-03-11 12:00:00+05:30
137.79,137.87,136.85,137.25,14402.0,1741674900.0,2025-03-11 12:05:00+05:30
137.57,137.77,137.5,137.5,1528.0,1741675200.0,2025-03-11 12:10:00+05:30
137.5,137.73,137.4,137.68,126.0,1741675500.0,2025-03-11 12:15:00+05:30
137.64,137.64,137.5,137.52,68.0,1741675800.0,2025-03-11 12:20:00+05:30
137.52,137.67,137.2,137.33,1033.0,1741676100.0,2025-03-11 12:25:00+05:30
137.23,137.48,137.23,137.48,16.0,1741676400.0,2025-03-11 12:30:00+05:30
137.47,137.64,137.0,137.0,5078.0,1741676700.0,2025-03-11 12:35:00+05:30
136.39,137.01,135.62,136.95,21520.0,1741677000.0,2025-03-11 12:40:00+05:30
136.94,137.16,135.99,137.0,46682.0,1741677300.0,2025-03-11 12:45:00+05:30
137.0,137.5,136.51,137.5,56765.0,1741677600.0,2025-03-11 12:50:00+05:30
137.45,138.82,137.07,137.24,66130.0,1741677900.0,2025-03-11 12:55:00+05:30
137.31,138.69,137.0,137.32,37081.0,1741678200.0,2025-03-11 13:00:00+05:30
137.32,137.45,137.19,137.45,67.0,1741678500.0,2025-03-11 13:05:00+05:30
137.45,137.45,137.26,137.26,190.0,1741678800.0,2025-03-11 13:10:00+05:30
137.24,137.37,137.0,137.3,837.0,1741679100.0,2025-03-11 13:15:00+05:30
137.3,137.36,137.3,137.36,90.0,1741679400.0,2025-03-11 13:20:00+05:30
137.43,138.26,137.34,138.26,3545.0,1741679700.0,2025-03-11 13:25:00+05:30
138.3,138.3,137.47,137.58,3903.0,1741680000.0,2025-03-11 13:30:00+05:30
137.58,138.0,137.56,137.56,6060.0,1741680300.0,2025-03-11 13:35:00+05:30
137.69,137.92,137.51,137.92,858.0,1741680600.0,2025-03-11 13:40:00+05:30
138.28,138.39,137.99,137.99,889.0,1741680900.0,2025-03-11 13:45:00+05:30
137.71,138.25,137.71,138.03,1513.0,1741681200.0,2025-03-11 13:50:00+05:30
138.03,138.24,138.0,138.0,1594.0,1741681500.0,2025-03-11 13:55:00+05:30
138.0,138.0,137.53,137.53,743.0,1741681800.0,2025-03-11 14:00:00+05:30
137.42,137.78,137.0,137.35,10604.0,1741682100.0,2025-03-11 14:05:00+05:30
137.35,137.49,137.35,137.36,294.0,1741682400.0,2025-03-11 14:10:00+05:30
137.36,137.68,137.35,137.35,1267.0,1741682700.0,2025-03-11 14:15:00+05:30
137.35,137.59,136.99,136.99,4244.0,1741683000.0,2025-03-11 14:20:00+05:30
136.99,137.43,136.99,137.43,8019.0,1741683300.0,2025-03-11 14:25:00+05:30
137.2,137.41,137.1,137.16,135.0,1741683600.0,2025-03-11 14:30:00+05:30
137.39,137.39,136.79,136.79,2363.0,1741683900.0,2025-03-11 14:35:00+05:30
136.98,136.98,136.13,136.67,1356.0,1741684200.0,2025-03-11 14:40:00+05:30
136.67,137.2,136.67,137.2,2710.0,1741684500.0,2025-03-11 14:45:00+05:30
137.37,137.37,136.32,136.63,5564.0,1741684800.0,2025-03-11 14:50:00+05:30
136.69,137.0,136.43,136.99,2089.0,1741685100.0,2025-03-11 14:55:00+05:30
136.99,136.99,136.62,136.99,1204.0,1741685400.0,2025-03-11 15:00:00+05:30
137.0,137.58,136.8,137.05,8359.0,1741685700.0,2025-03-11 15:05:00+05:30
136.96,137.92,136.55,137.7,3198.0,1741686000.0,2025-03-11 15:10:00+05:30
137.12,138.0,137.12,138.0,3701.0,1741686300.0,2025-03-11 15:15:00+05:30
137.6,138.1,137.35,138.0,4576.0,1741686600.0,2025-03-11 15:20:00+05:30
137.99,137.99,136.36,137.0,7425.0,1741686900.0,2025-03-11 15:25:00+05:30
139.0,139.28,137.25,139.04,20630.0,1741751100.0,2025-03-12 09:15:00+05:30
139.3,141.39,138.79,141.39,33625.0,1741751400.0,2025-03-12 09:20:00+05:30
141.38,141.39,140.44,140.64,8910.0,1741751700.0,2025-03-12 09:25:00+05:30
140.95,144.8,140.41,144.66,52943.0,1741752000.0,2025-03-12 09:30:00+05:30
144.66,150.0,144.13,149.49,83712.0,1741752300.0,2025-03-12 09:35:00+05:30
148.42,148.92,146.27,146.78,61439.0,1741752600.0,2025-03-12 09:40:00+05:30
146.78,149.12,145.91,148.1,43254.0,1741752900.0,2025-03-12 09:45:00+05:30
148.89,148.95,146.87,146.9,23795.0,1741753200.0,2025-03-12 09:50:00+05:30
146.67,147.84,146.53,147.33,21735.0,1741753500.0,2025-03-12 09:55:00+05:30
147.5,147.65,146.3,146.96,15079.0,1741753800.0,2025-03-12 10:00:00+05:30
146.56,147.35,146.22,146.56,23811.0,1741754100.0,2025-03-12 10:05:00+05:30
146.54,146.7,146.0,146.2,10578.0,1741754400.0,2025-03-12 10:10:00+05:30
146.02,147.6,146.02,146.86,22409.0,1741754700.0,2025-03-12 10:15:00+05:30
146.99,147.18,146.63,146.81,2968.0,1741755000.0,2025-03-12 10:20:00+05:30
146.81,147.2,144.23,144.7,22505.0,1741755300.0,2025-03-12 10:25:00+05:30
144.71,145.75,144.06,145.11,13355.0,1741755600.0,2025-03-12 10:30:00+05:30
145.11,147.03,145.01,147.03,5933.0,1741755900.0,2025-03-12 10:35:00+05:30
146.88,147.13,145.87,146.65,12949.0,1741756200.0,2025-03-12 10:40:00+05:30
146.7,147.0,145.26,145.84,8315.0,1741756500.0,2025-03-12 10:45:00+05:30
145.9,146.22,144.31,144.89,21162.0,1741756800.0,2025-03-12 10:50:00+05:30
144.99,145.53,144.0,145.0,7749.0,1741757100.0,2025-03-12 10:55:00+05:30
145.29,145.55,144.85,145.22,3739.0,1741757400.0,2025-03-12 11:00:00+05:30
144.72,145.37,144.32,144.91,4066.0,1741757700.0,2025-03-12 11:05:00+05:30
145.17,145.31,144.93,145.2,3655.0,1741758000.0,2025-03-12 11:10:00+05:30
144.97,145.16,143.93,144.36,5795.0,1741758300.0,2025-03-12 11:15:00+05:30
144.73,145.08,144.35,144.43,4328.0,1741758600.0,2025-03-12 11:20:00+05:30
144.43,144.7,144.11,144.26,3655.0,1741758900.0,2025-03-12 11:25:00+05:30
144.26,144.48,143.85,144.48,5044.0,1741759200.0,2025-03-12 11:30:00+05:30
144.22,144.49,143.6,144.09,11098.0,1741759500.0,2025-03-12 11:35:00+05:30
144.0,147.8,143.5,146.34,59980.0,1741759800.0,2025-03-12 11:40:00+05:30
146.19,147.0,146.0,146.74,11756.0,1741760100.0,2025-03-12 11:45:00+05:30
146.67,147.8,146.5,146.76,13921.0,1741760400.0,2025-03-12 11:50:00+05:30
147.34,147.55,146.0,146.0,9155.0,1741760700.0,2025-03-12 11:55:00+05:30
146.11,146.58,146.01,146.1,3927.0,1741761000.0,2025-03-12 12:00:00+05:30
146.1,146.8,146.04,146.5,5954.0,1741761300.0,2025-03-12 12:05:00+05:30
146.5,146.91,146.17,146.6,9938.0,1741761600.0,2025-03-12 12:10:00+05:30
146.44,146.79,146.0,146.48,7636.0,1741761900.0,2025-03-12 12:15:00+05:30
146.5,147.39,146.0,147.39,30512.0,1741762200.0,2025-03-12 12:20:00+05:30
147.4,149.84,147.13,149.0,98762.0,1741762500.0,2025-03-12 12:25:00+05:30
148.62,149.31,148.05,148.5,12809.0,1741762800.0,2025-03-12 12:30:00+05:30
148.5,148.7,148.35,148.37,4495.0,1741763100.0,2025-03-12 12:35:00+05:30
148.37,148.38,147.55,147.82,9190.0,1741763400.0,2025-03-12 12:40:00+05:30
147.82,149.49,147.0,148.69,26368.0,1741763700.0,2025-03-12 12:45:00+05:30
148.74,149.15,147.8,148.7,7390.0,1741764000.0,2025-03-12 12:50:00+05:30
148.17,149.4,148.17,149.1,9860.0,1741764300.0,2025-03-12 12:55:00+05:30
149.0,149.85,149.0,149.56,21656.0,1741764600.0,2025-03-12 13:00:00+05:30
149.58,149.84,148.12,148.7,17092.0,1741764900.0,2025-03-12 13:05:00+05:30
148.99,148.99,148.03,148.03,9309.0,1741765200.0,2025-03-12 13:10:00+05:30
148.45,148.95,148.05,148.56,11679.0,1741765500.0,2025-03-12 13:15:00+05:30
148.72,148.72,147.33,147.96,11506.0,1741765800.0,2025-03-12 13:20:00+05:30
148.0,148.67,148.0,148.18,9810.0,1741766100.0,2025-03-12 13:25:00+05:30
148.11,148.41,147.95,147.95,2394.0,1741766400.0,2025-03-12 13:30:00+05:30
147.95,148.89,147.9,148.26,4210.0,1741766700.0,2025-03-12 13:35:00+05:30
148.32,148.43,148.0,148.43,3188.0,1741767000.0,2025-03-12 13:40:00+05:30
148.2,148.2,146.66,147.34,18998.0,1741767300.0,2025-03-12 13:45:00+05:30
147.34,147.55,146.02,147.5,22906.0,1741767600.0,2025-03-12 13:50:00+05:30
147.5,148.98,147.5,148.39,20004.0,1741767900.0,2025-03-12 13:55:00+05:30
148.89,149.4,148.89,149.02,17408.0,1741768200.0,2025-03-12 14:00:00+05:30
148.7,149.38,148.41,149.33,18000.0,1741768500.0,2025-03-12 14:05:00+05:30
149.11,155.53,149.11,153.76,192452.0,1741768800.0,2025-03-12 14:10:00+05:30
153.9,154.5,152.5,153.95,84500.0,1741769100.0,2025-03-12 14:15:00+05:30
154.01,157.67,153.68,155.59,185249.0,1741769400.0,2025-03-12 14:20:00+05:30
155.62,155.99,153.92,155.05,84227.0,1741769700.0,2025-03-12 14:25:00+05:30
155.05,155.06,153.5,154.3,42610.0,1741770000.0,2025-03-12 14:30:00+05:30
154.3,154.74,153.7,154.3,18583.0,1741770300.0,2025-03-12 14:35:00+05:30
154.3,156.9,154.29,155.88,79527.0,1741770600.0,2025-03-12 14:40:00+05:30
155.86,155.86,154.15,154.72,45988.0,1741770900.0,2025-03-12 14:45:00+05:30
154.2,155.79,153.9,154.04,62297.0,1741771200.0,2025-03-12 14:50:00+05:30
154.04,154.34,153.1,153.63,57451.0,1741771500.0,2025-03-12 14:55:00+05:30
153.85,157.0,153.5,155.83,90604.0,1741771800.0,2025-03-12 15:00:00+05:30
155.87,156.08,155.15,155.49,27346.0,1741772100.0,2025-03-12 15:05:00+05:30
155.5,155.99,153.77,155.66,55124.0,1741772400.0,2025-03-12 15:10:00+05:30
155.66,156.8,151.53,152.63,127602.0,1741772700.0,2025-03-12 15:15:00+05:30
152.6,153.9,152.05,152.77,39272.0,1741773000.0,2025-03-12 15:20:00+05:30
152.6,152.75,151.5,151.5,17932.0,1741773300.0,2025-03-12 15:25:00+05:30
151.0,151.9,148.5,150.23,81968.0,1741837500.0,2025-03-13 09:15:00+05:30
150.07,150.71,149.64,150.61,25634.0,1741837800.0,2025-03-13 09:20:00+05:30
150.49,150.99,149.61,150.06,9389.0,1741838100.0,2025-03-13 09:25:00+05:30
150.09,151.99,150.03,151.99,7847.0,1741838400.0,2025-03-13 09:30:00+05:30
152.0,152.87,151.64,151.75,25538.0,1741838700.0,2025-03-13 09:35:00+05:30
151.65,152.46,151.13,151.21,10123.0,1741839000.0,2025-03-13 09:40:00+05:30
151.61,151.75,151.21,151.38,10879.0,1741839300.0,2025-03-13 09:45:00+05:30
151.5,152.3,151.2,151.86,9834.0,1741839600.0,2025-03-13 09:50:00+05:30
151.76,152.75,151.64,152.61,8095.0,1741839900.0,2025-03-13 09:55:00+05:30
152.73,153.18,152.5,152.95,7543.0,1741840200.0,2025-03-13 10:00:00+05:30
152.73,154.8,152.67,153.64,100740.0,1741840500.0,2025-03-13 10:05:00+05:30
153.75,153.81,152.5,152.77,42485.0,1741840800.0,2025-03-13 10:10:00+05:30
152.56,152.71,151.55,151.7,7909.0,1741841100.0,2025-03-13 10:15:00+05:30
152.39,152.39,151.15,151.15,5913.0,1741841400.0,2025-03-13 10:20:00+05:30
151.37,151.59,151.0,151.0,5623.0,1741841700.0,2025-03-13 10:25:00+05:30
150.99,151.08,149.71,150.75,23293.0,1741842000.0,2025-03-13 10:30:00+05:30
150.89,151.87,150.89,151.32,5495.0,1741842300.0,2025-03-13 10:35:00+05:30
151.39,151.45,150.75,150.75,5215.0,1741842600.0,2025-03-13 10:40:00+05:30
150.95,150.98,150.42,150.76,2524.0,1741842900.0,2025-03-13 10:45:00+05:30
150.73,151.25,150.62,150.8,3034.0,1741843200.0,2025-03-13 10:50:00+05:30
150.8,151.2,150.41,150.9,9012.0,1741843500.0,2025-03-13 10:55:00+05:30
150.9,151.09,150.0,150.42,4212.0,1741843800.0,2025-03-13 11:00:00+05:30
150.42,150.78,150.42,150.73,1991.0,1741844100.0,2025-03-13 11:05:00+05:30
150.73,151.0,150.42,150.7,1204.0,1741844400.0,2025-03-13 11:10:00+05:30
150.61,150.83,150.61,150.83,332.0,1741844700.0,2025-03-13 11:15:00+05:30
150.71,150.9,150.61,150.84,696.0,1741845000.0,2025-03-13 11:20:00+05:30
150.84,150.84,150.49,150.57,1709.0,1741845300.0,2025-03-13 11:25:00+05:30
150.63,151.05,150.63,150.75,8634.0,1741845600.0,2025-03-13 11:30:00+05:30
150.72,150.74,150.17,150.38,1200.0,1741845900.0,2025-03-13 11:35:00+05:30
150.17,150.76,150.17,150.73,1234.0,1741846200.0,2025-03-13 11:40:00+05:30
150.52,151.69,150.52,151.62,31833.0,1741846500.0,2025-03-13 11:45:00+05:30
151.22,152.01,151.22,151.65,9382.0,1741846800.0,2025-03-13 11:50:00+05:30
151.65,151.79,151.65,151.66,729.0,1741847100.0,2025-03-13 11:55:00+05:30
151.79,152.01,151.66,151.99,2406.0,1741847400.0,2025-03-13 12:00:00+05:30
152.0,152.04,151.83,151.88,585.0,1741847700.0,2025-03-13 12:05:00+05:30
151.87,152.06,151.71,151.8,1144.0,1741848000.0,2025-03-13 12:10:00+05:30
151.79,151.95,151.66,151.76,124.0,1741848300.0,2025-03-13 12:15:00+05:30
151.95,152.09,151.8,152.0,1073.0,1741848600.0,2025-03-13 12:20:00+05:30
152.0,152.93,151.61,152.93,6376.0,1741848900.0,2025-03-13 12:25:00+05:30
152.63,154.62,152.56,154.53,18441.0,1741849200.0,2025-03-13 12:30:00+05:30
154.3,154.35,153.04,153.24,7744.0,1741849500.0,2025-03-13 12:35:00+05:30
153.78,154.77,153.78,154.74,8671.0,1741849800.0,2025-03-13 12:40:00+05:30
154.42,156.58,154.42,156.04,26617.0,1741850100.0,2025-03-13 12:45:00+05:30
156.38,156.83,155.58,156.14,37913.0,1741850400.0,2025-03-13 12:50:00+05:30
156.0,160.0,156.0,157.7,41136.0,1741850700.0,2025-03-13 12:55:00+05:30
157.39,157.7,156.0,156.3,14227.0,1741851000.0,2025-03-13 13:00:00+05:30
156.3,156.37,155.5,155.9,9616.0,1741851300.0,2025-03-13 13:05:00+05:30
155.91,156.5,155.84,156.44,3029.0,1741851600.0,2025-03-13 13:10:00+05:30
156.4,156.4,155.55,155.9,5813.0,1741851900.0,2025-03-13 13:15:00+05:30
155.61,156.02,155.61,155.97,3093.0,1741852200.0,2025-03-13 13:20:00+05:30
155.8,156.07,155.66,155.83,1560.0,1741852500.0,2025-03-13 13:25:00+05:30
155.67,156.12,155.55,156.12,2050.0,1741852800.0,2025-03-13 13:30:00+05:30
155.92,156.64,155.89,156.08,9493.0,1741853100.0,2025-03-13 13:35:00+05:30
156.0,156.1,155.92,155.93,2072.0,1741853400.0,2025-03-13 13:40:00+05:30
156.1,156.31,155.92,155.92,355.0,1741853700.0,2025-03-13 13:45:00+05:30
155.92,155.92,155.17,155.2,5082.0,1741854000.0,2025-03-13 13:50:00+05:30
155.4,155.49,155.2,155.46,302.0,1741854300.0,2025-03-13 13:55:00+05:30
155.23,155.4,154.7,155.29,10826.0,1741854600.0,2025-03-13 14:00:00+05:30
155.05,155.06,154.23,154.75,4524.0,1741854900.0,2025-03-13 14:05:00+05:30
154.59,154.59,153.79,154.0,7096.0,1741855200.0,2025-03-13 14:10:00+05:30
154.0,154.17,153.45,153.45,3353.0,1741855500.0,2025-03-13 14:15:00+05:30
153.46,153.79,153.16,153.16,3418.0,1741855800.0,2025-03-13 14:20:00+05:30
153.36,153.8,153.36,153.54,3025.0,1741856100.0,2025-03-13 14:25:00+05:30
153.54,154.98,153.53,154.75,9856.0,1741856400.0,2025-03-13 14:30:00+05:30
153.9,153.99,153.48,153.75,12614.0,1741856700.0,2025-03-13 14:35:00+05:30
153.75,153.75,153.3,153.3,3246.0,1741857000.0,2025-03-13 14:40:00+05:30
153.5,154.17,153.5,153.79,5747.0,1741857300.0,2025-03-13 14:45:00+05:30
153.56,154.21,153.56,154.2,1159.0,1741857600.0,2025-03-13 14:50:00+05:30
154.25,154.25,153.6,153.6,13230.0,1741857900.0,2025-03-13 14:55:00+05:30
153.6,153.69,151.99,151.99,16922.0,1741858200.0,2025-03-13 15:00:00+05:30
151.99,153.0,151.85,152.86,4999.0,1741858500.0,2025-03-13 15:05:00+05:30
152.86,155.0,152.72,154.2,33156.0,1741858800.0,2025-03-13 15:10:00+05:30
155.0,155.0,152.27,152.93,17799.0,1741859100.0,2025-03-13 15:15:00+05:30
152.7,155.0,152.47,152.75,22305.0,1741859400.0,2025-03-13 15:20:00+05:30
152.71,154.47,152.0,153.0,11809.0,1741859700.0,2025-03-13 15:25:00+05:30
156.99,156.99,154.0,154.28,22161.0,1742183100.0,2025-03-17 09:15:00+05:30
154.27,154.3,151.78,152.37,21194.0,1742183400.0,2025-03-17 09:20:00+05:30
152.11,154.73,152.11,153.66,26526.0,1742183700.0,2025-03-17 09:25:00+05:30
153.9,154.22,153.49,153.83,3347.0,1742184000.0,2025-03-17 09:30:00+05:30
154.06,154.71,153.3,153.3,4767.0,1742184300.0,2025-03-17 09:35:00+05:30
153.16,153.3,151.51,151.9,17703.0,1742184600.0,2025-03-17 09:40:00+05:30
151.69,151.89,151.0,151.6,5252.0,1742184900.0,2025-03-17 09:45:00+05:30
151.55,151.65,151.0,151.1,4693.0,1742185200.0,2025-03-17 09:50:00+05:30
150.76,151.43,150.76,151.19,4641.0,1742185500.0,2025-03-17 09:55:00+05:30
151.34,151.56,151.0,151.25,1689.0,1742185800.0,2025-03-17 10:00:00+05:30
151.37,152.0,151.13,151.46,4591.0,1742186100.0,2025-03-17 10:05:00+05:30
151.46,152.09,151.39,151.62,3999.0,1742186400.0,2025-03-17 10:10:00+05:30
151.69,151.69,150.96,151.5,3725.0,1742186700.0,2025-03-17 10:15:00+05:30
151.45,152.11,151.45,151.72,3387.0,1742187000.0,2025-03-17 10:20:00+05:30
151.66,152.4,151.43,151.89,4744.0,1742187300.0,2025-03-17 10:25:00+05:30
152.25,152.45,151.79,151.87,2299.0,1742187600.0,2025-03-17 10:30:00+05:30
151.87,152.34,151.87,151.9,6400.0,1742187900.0,2025-03-17 10:35:00+05:30
151.78,152.24,151.78,152.07,2037.0,1742188200.0,2025-03-17 10:40:00+05:30
152.24,153.18,151.97,152.81,1998.0,1742188500.0,2025-03-17 10:45:00+05:30
153.01,153.22,152.8,152.93,1028.0,1742188800.0,2025-03-17 10:50:00+05:30
153.19,153.75,153.18,153.51,1057.0,1742189100.0,2025-03-17 10:55:00+05:30
153.18,153.4,152.65,152.65,1694.0,1742189400.0,2025-03-17 11:00:00+05:30
152.6,152.66,152.11,152.65,3203.0,1742189700.0,2025-03-17 11:05:00+05:30
152.86,153.1,152.42,152.94,1441.0,1742190000.0,2025-03-17 11:10:00+05:30
153.02,153.2,152.57,152.84,5215.0,1742190300.0,2025-03-17 11:15:00+05:30
152.84,152.84,152.49,152.49,328.0,1742190600.0,2025-03-17 11:20:00+05:30
152.83,153.48,152.83,153.15,2594.0,1742190900.0,2025-03-17 11:25:00+05:30
153.14,153.14,152.86,153.0,145.0,1742191200.0,2025-03-17 11:30:00+05:30
153.06,153.43,152.71,153.19,1813.0,1742191500.0,2025-03-17 11:35:00+05:30
153.19,153.19,152.9,153.1,171.0,1742191800.0,2025-03-17 11:40:00+05:30
153.1,153.21,152.74,152.76,502.0,1742192100.0,2025-03-17 11:45:00+05:30
152.75,152.98,152.6,152.85,1073.0,1742192400.0,2025-03-17 11:50:00+05:30
152.7,153.2,152.6,152.95,1989.0,1742192700.0,2025-03-17 11:55:00+05:30
152.95,153.01,152.75,152.97,655.0,1742193000.0,2025-03-17 12:00:00+05:30
152.8,153.0,152.52,153.0,651.0,1742193300.0,2025-03-17 12:05:00+05:30
153.0,153.0,152.79,152.79,110.0,1742193600.0,2025-03-17 12:10:00+05:30
152.94,152.94,152.36,152.51,1854.0,1742193900.0,2025-03-17 12:15:00+05:30
152.51,152.78,152.21,152.21,540.0,1742194200.0,2025-03-17 12:20:00+05:30
152.21,152.61,152.2,152.61,172.0,1742194500.0,2025-03-17 12:25:00+05:30
152.54,152.54,151.6,151.6,6302.0,1742194800.0,2025-03-17 12:30:00+05:30
151.79,152.4,151.79,152.14,1033.0,1742195100.0,2025-03-17 12:35:00+05:30
152.01,155.19,152.0,155.0,44005.0,1742195400.0,2025-03-17 12:40:00+05:30
154.77,155.2,153.63,153.68,2719.0,1742195700.0,2025-03-17 12:45:00+05:30
153.88,154.37,153.88,153.97,826.0,1742196000.0,2025-03-17 12:50:00+05:30
153.98,154.0,153.45,153.45,8653.0,1742196300.0,2025-03-17 12:55:00+05:30
153.55,153.55,153.02,153.32,1828.0,1742196600.0,2025-03-17 13:00:00+05:30
153.49,153.49,152.2,152.26,2793.0,1742196900.0,2025-03-17 13:05:00+05:30
152.49,154.34,152.49,154.3,26096.0,1742197200.0,2025-03-17 13:10:00+05:30
156.94,158.39,154.92,155.15,30064.0,1742197500.0,2025-03-17 13:15:00+05:30
154.81,155.7,154.81,155.7,6725.0,1742197800.0,2025-03-17 13:20:00+05:30
155.7,155.94,155.1,155.52,1076.0,1742198100.0,2025-03-17 13:25:00+05:30
155.6,155.84,155.26,155.59,859.0,1742198400.0,2025-03-17 13:30:00+05:30
155.62,155.8,154.76,154.76,6902.0,1742198700.0,2025-03-17 13:35:00+05:30
154.96,155.5,154.34,155.5,2692.0,1742199000.0,2025-03-17 13:40:00+05:30
155.59,156.68,155.5,156.43,4073.0,1742199300.0,2025-03-17 13:45:00+05:30
156.2,157.32,155.98,156.57,9481.0,1742199600.0,2025-03-17 13:50:00+05:30
156.86,157.1,156.06,156.71,15140.0,1742199900.0,2025-03-17 13:55:00+05:30
156.51,157.01,156.45,156.8,2572.0,1742200200.0,2025-03-17 14:00:00+05:30
156.8,156.8,156.31,156.5,1874.0,1742200500.0,2025-03-17 14:05:00+05:30
156.69,157.49,156.5,157.29,5691.0,1742200800.0,2025-03-17 14:10:00+05:30
157.06,157.6,156.86,157.36,7834.0,1742201100.0,2025-03-17 14:15:00+05:30
157.32,157.33,156.47,157.07,3008.0,1742201400.0,2025-03-17 14:20:00+05:30
157.0,157.11,156.33,156.95,2203.0,1742201700.0,2025-03-17 14:25:00+05:30
156.92,157.0,156.16,156.16,1663.0,1742202000.0,2025-03-17 14:30:00+05:30
156.53,157.56,156.53,157.54,6380.0,1742202300.0,2025-03-17 14:35:00+05:30
157.24,157.56,156.81,156.92,2482.0,1742202600.0,2025-03-17 14:40:00+05:30
157.21,157.3,156.79,157.3,1107.0,1742202900.0,2025-03-17 14:45:00+05:30
157.3,157.75,157.12,157.36,17687.0,1742203200.0,2025-03-17 14:50:00+05:30
157.38,158.99,157.24,158.4,12552.0,1742203500.0,2025-03-17 14:55:00+05:30
158.23,159.0,157.97,158.3,3293.0,1742203800.0,2025-03-17 15:00:00+05:30
158.37,158.75,157.81,158.3,3108.0,1742204100.0,2025-03-17 15:05:00+05:30
158.17,158.75,157.5,157.64,4866.0,1742204400.0,2025-03-17 15:10:00+05:30
157.62,157.62,156.5,156.8,18360.0,1742204700.0,2025-03-17 15:15:00+05:30
156.7,157.99,156.0,156.45,12441.0,1742205000.0,2025-03-17 15:20:00+05:30
156.3,156.99,155.55,156.05,4739.0,1742205300.0,2025-03-17 15:25:00+05:30
156.0,159.1,156.0,158.69,21694.0,1742269500.0,2025-03-18 09:15:00+05:30
158.8,160.88,158.26,159.63,14722.0,1742269800.0,2025-03-18 09:20:00+05:30
159.7,159.95,159.01,159.05,1616.0,1742270100.0,2025-03-18 09:25:00+05:30
159.06,159.56,158.57,159.34,2022.0,1742270400.0,2025-03-18 09:30:00+05:30
159.21,159.83,159.0,159.83,3118.0,1742270700.0,2025-03-18 09:35:00+05:30
159.7,160.2,159.5,159.65,4186.0,1742271000.0,2025-03-18 09:40:00+05:30
159.81,160.09,159.4,159.59,3163.0,1742271300.0,2025-03-18 09:45:00+05:30
159.39,159.7,158.01,158.44,13320.0,1742271600.0,2025-03-18 09:50:00+05:30
158.75,159.48,158.75,158.77,2498.0,1742271900.0,2025-03-18 09:55:00+05:30
158.98,159.0,158.45,158.79,3283.0,1742272200.0,2025-03-18 10:00:00+05:30
158.51,158.72,158.21,158.7,990.0,1742272500.0,2025-03-18 10:05:00+05:30
158.76,158.76,158.16,158.5,358.0,1742272800.0,2025-03-18 10:10:00+05:30
158.31,158.8,158.31,158.76,714.0,1742273100.0,2025-03-18 10:15:00+05:30
158.76,159.35,158.45,158.93,6031.0,1742273400.0,2025-03-18 10:20:00+05:30
158.88,159.1,158.31,158.82,743.0,1742273700.0,2025-03-18 10:25:00+05:30
158.71,158.82,158.6,158.73,463.0,1742274000.0,2025-03-18 10:30:00+05:30
158.73,158.78,158.51,158.67,1042.0,1742274300.0,2025-03-18 10:35:00+05:30
158.61,158.66,158.61,158.63,474.0,1742274600.0,2025-03-18 10:40:00+05:30
158.67,158.67,158.02,158.57,2169.0,1742274900.0,2025-03-18 10:45:00+05:30
158.36,158.54,158.36,158.54,225.0,1742275200.0,2025-03-18 10:50:00+05:30
158.36,158.56,158.11,158.4,1148.0,1742275500.0,2025-03-18 10:55:00+05:30
158.38,158.48,158.21,158.48,496.0,1742275800.0,2025-03-18 11:00:00+05:30
158.22,158.64,158.22,158.64,295.0,1742276100.0,2025-03-18 11:05:00+05:30
158.65,158.65,158.0,158.01,1025.0,1742276400.0,2025-03-18 11:10:00+05:30
157.83,158.29,157.83,158.19,486.0,1742276700.0,2025-03-18 11:15:00+05:30
158.19,158.21,157.74,157.84,1404.0,1742277000.0,2025-03-18 11:20:00+05:30
157.99,158.0,157.99,158.0,159.0,1742277300.0,2025-03-18 11:25:00+05:30
157.83,158.39,157.77,158.06,5314.0,1742277600.0,2025-03-18 11:30:00+05:30
158.38,158.47,158.38,158.47,393.0,1742277900.0,2025-03-18 11:35:00+05:30
158.45,158.58,158.25,158.51,3411.0,1742278200.0,2025-03-18 11:40:00+05:30
158.51,158.51,158.32,158.32,38.0,1742278500.0,2025-03-18 11:45:00+05:30
158.32,158.44,158.21,158.44,485.0,1742278800.0,2025-03-18 11:50:00+05:30
158.29,158.34,157.91,158.2,1906.0,1742279100.0,2025-03-18 11:55:00+05:30
157.72,158.01,157.72,157.79,1045.0,1742279400.0,2025-03-18 12:00:00+05:30
157.79,157.82,157.79,157.82,147.0,1742279700.0,2025-03-18 12:05:00+05:30
157.82,157.98,157.71,157.97,358.0,1742280000.0,2025-03-18 12:10:00+05:30
157.71,157.92,157.71,157.92,247.0,1742280300.0,2025-03-18 12:15:00+05:30
157.92,157.97,157.92,157.97,1.0,1742280600.0,2025-03-18 12:20:00+05:30
157.97,158.01,157.7,157.7,878.0,1742280900.0,2025-03-18 12:25:00+05:30
157.7,157.72,157.15,157.37,1108.0,1742281200.0,2025-03-18 12:30:00+05:30
157.38,157.49,157.38,157.38,399.0,1742281500.0,2025-03-18 12:35:00+05:30
157.59,157.67,157.33,157.33,1215.0,1742281800.0,2025-03-18 12:40:00+05:30
157.42,157.63,157.35,157.35,157.0,1742282100.0,2025-03-18 12:45:00+05:30
157.35,157.61,157.32,157.61,829.0,1742282400.0,2025-03-18 12:50:00+05:30
157.61,157.63,157.56,157.56,3656.0,1742282700.0,2025-03-18 12:55:00+05:30
157.55,157.69,157.55,157.69,228.0,1742283000.0,2025-03-18 13:00:00+05:30
157.5,157.68,157.5,157.68,191.0,1742283300.0,2025-03-18 13:05:00+05:30
157.68,157.72,157.44,157.64,240.0,1742283600.0,2025-03-18 13:10:00+05:30
157.44,157.72,157.44,157.47,91.0,1742283900.0,2025-03-18 13:15:00+05:30
157.47,157.48,157.47,157.48,68.0,1742284200.0,2025-03-18 13:20:00+05:30
157.48,157.7,157.48,157.68,1281.0,1742284500.0,2025-03-18 13:25:00+05:30
157.65,157.85,156.8,156.93,5787.0,1742284800.0,2025-03-18 13:30:00+05:30
156.93,156.99,156.42,156.5,1406.0,1742285100.0,2025-03-18 13:35:00+05:30
156.67,156.67,156.32,156.32,453.0,1742285400.0,2025-03-18 13:40:00+05:30
156.26,156.6,155.5,156.37,10378.0,1742285700.0,2025-03-18 13:45:00+05:30
156.59,156.74,156.31,156.74,2833.0,1742286000.0,2025-03-18 13:50:00+05:30
156.67,156.99,156.39,156.99,3089.0,1742286300.0,2025-03-18 13:55:00+05:30
157.0,157.34,157.0,157.34,2231.0,1742286600.0,2025-03-18 14:00:00+05:30
157.34,157.35,157.25,157.25,1547.0,1742286900.0,2025-03-18 14:05:00+05:30
157.25,157.35,156.63,156.63,4825.0,1742287200.0,2025-03-18 14:10:00+05:30
156.89,157.08,156.58,156.59,1240.0,1742287500.0,2025-03-18 14:15:00+05:30
156.59,156.74,156.46,156.74,400.0,1742287800.0,2025-03-18 14:20:00+05:30
156.75,156.8,156.21,156.8,2288.0,1742288100.0,2025-03-18 14:25:00+05:30
156.8,156.8,156.22,156.62,1805.0,1742288400.0,2025-03-18 14:30:00+05:30
156.62,157.08,156.56,157.08,410.0,1742288700.0,2025-03-18 14:35:00+05:30
157.08,157.2,157.0,157.0,1230.0,1742289000.0,2025-03-18 14:40:00+05:30
157.0,157.85,157.0,157.59,1311.0,1742289300.0,2025-03-18 14:45:00+05:30
157.67,157.83,157.42,157.42,2320.0,1742289600.0,2025-03-18 14:50:00+05:30
157.42,158.62,157.25,158.23,4411.0,1742289900.0,2025-03-18 14:55:00+05:30
158.23,158.28,157.71,158.28,1489.0,1742290200.0,2025-03-18 15:00:00+05:30
158.37,158.38,157.46,158.03,2391.0,1742290500.0,2025-03-18 15:05:00+05:30
157.85,157.97,157.12,157.28,2988.0,1742290800.0,2025-03-18 15:10:00+05:30
157.15,157.37,156.26,156.82,9713.0,1742291100.0,2025-03-18 15:15:00+05:30
156.98,157.59,156.71,157.24,5292.0,1742291400.0,2025-03-18 15:20:00+05:30
157.2,157.25,156.42,156.73,5062.0,1742291700.0,2025-03-18 15:25:00+05:30
158.37,161.4,158.2,160.54,24036.0,1742355900.0,2025-03-19 09:15:00+05:30
160.54,162.62,160.2,161.67,28973.0,1742356200.0,2025-03-19 09:20:00+05:30
161.67,162.03,160.38,161.0,9171.0,1742356500.0,2025-03-19 09:25:00+05:30
161.69,162.4,161.34,161.89,17368.0,1742356800.0,2025-03-19 09:30:00+05:30
161.81,162.85,161.81,161.94,10697.0,1742357100.0,2025-03-19 09:35:00+05:30
162.35,162.48,161.58,162.17,4769.0,1742357400.0,2025-03-19 09:40:00+05:30
162.17,162.49,161.66,162.46,12223.0,1742357700.0,2025-03-19 09:45:00+05:30
162.0,162.38,161.7,161.7,1974.0,1742358000.0,2025-03-19 09:50:00+05:30
162.07,162.36,161.51,162.34,5156.0,1742358300.0,2025-03-19 09:55:00+05:30
162.34,162.5,161.71,162.14,1964.0,1742358600.0,2025-03-19 10:00:00+05:30
161.55,162.24,161.55,161.75,8268.0,1742358900.0,2025-03-19 10:05:00+05:30
161.75,161.75,160.02,160.5,18566.0,1742359200.0,2025-03-19 10:10:00+05:30
160.5,161.46,160.5,161.2,5677.0,1742359500.0,2025-03-19 10:15:00+05:30
161.35,161.35,160.2,160.2,2266.0,1742359800.0,2025-03-19 10:20:00+05:30
160.2,160.41,160.08,160.1,1092.0,1742360100.0,2025-03-19 10:25:00+05:30
160.08,160.58,159.96,160.58,1334.0,1742360400.0,2025-03-19 10:30:00+05:30
160.31,161.55,160.31,161.14,4181.0,1742360700.0,2025-03-19 10:35:00+05:30
160.85,161.39,160.85,161.19,2035.0,1742361000.0,2025-03-19 10:40:00+05:30
161.06,161.6,161.01,161.28,764.0,1742361300.0,2025-03-19 10:45:00+05:30
161.12,161.24,160.91,160.96,516.0,1742361600.0,2025-03-19 10:50:00+05:30
160.96,161.03,160.41,161.01,3163.0,1742361900.0,2025-03-19 10:55:00+05:30
161.0,161.2,160.79,160.79,789.0,1742362200.0,2025-03-19 11:00:00+05:30
160.86,160.98,160.61,160.95,329.0,1742362500.0,2025-03-19 11:05:00+05:30
161.08,161.1,160.7,160.95,1370.0,1742362800.0,2025-03-19 11:10:00+05:30
160.95,161.19,160.78,160.99,585.0,1742363100.0,2025-03-19 11:15:00+05:30
160.85,160.99,160.76,160.91,424.0,1742363400.0,2025-03-19 11:20:00+05:30
160.94,160.95,160.61,160.63,194.0,1742363700.0,2025-03-19 11:25:00+05:30
160.75,161.48,160.64,161.48,677.0,1742364000.0,2025-03-19 11:30:00+05:30
161.48,161.55,161.35,161.55,302.0,1742364300.0,2025-03-19 11:35:00+05:30
161.66,161.66,160.0,160.3,26772.0,1742364600.0,2025-03-19 11:40:00+05:30
160.3,162.18,159.7,160.29,67700.0,1742364900.0,2025-03-19 11:45:00+05:30
160.2,161.78,160.16,161.51,47466.0,1742365200.0,2025-03-19 11:50:00+05:30
161.15,161.36,159.62,160.19,81015.0,1742365500.0,2025-03-19 11:55:00+05:30
160.25,160.61,159.96,160.28,13618.0,1742365800.0,2025-03-19 12:00:00+05:30
160.25,160.3,159.31,159.46,4751.0,1742366100.0,2025-03-19 12:05:00+05:30
159.0,159.11,158.36,158.99,3650.0,1742366400.0,2025-03-19 12:10:00+05:30
158.87,159.0,158.87,159.0,1041.0,1742366700.0,2025-03-19 12:15:00+05:30
159.0,159.69,159.0,159.69,1099.0,1742367000.0,2025-03-19 12:20:00+05:30
159.4,159.44,159.16,159.4,1211.0,1742367300.0,2025-03-19 12:25:00+05:30
159.4,159.43,158.87,159.15,2211.0,1742367600.0,2025-03-19 12:30:00+05:30
159.21,159.55,158.86,159.26,7922.0,1742367900.0,2025-03-19 12:35:00+05:30
159.25,159.53,159.25,159.38,235.0,1742368200.0,2025-03-19 12:40:00+05:30
159.07,159.39,159.07,159.34,1525.0,1742368500.0,2025-03-19 12:45:00+05:30
159.42,159.53,159.05,159.05,1172.0,1742368800.0,2025-03-19 12:50:00+05:30
159.45,159.45,159.13,159.43,738.0,1742369100.0,2025-03-19 12:55:00+05:30
159.47,159.47,158.86,159.0,2102.0,1742369400.0,2025-03-19 13:00:00+05:30
158.63,158.93,158.4,158.4,1635.0,1742369700.0,2025-03-19 13:05:00+05:30
158.67,158.89,158.49,158.89,872.0,1742370000.0,2025-03-19 13:10:00+05:30
158.66,159.07,158.66,158.81,1492.0,1742370300.0,2025-03-19 13:15:00+05:30
158.99,159.38,158.99,159.32,1277.0,1742370600.0,2025-03-19 13:20:00+05:30
159.31,160.39,159.18,160.21,6794.0,1742370900.0,2025-03-19 13:25:00+05:30
160.85,162.85,160.26,162.85,14120.0,1742371200.0,2025-03-19 13:30:00+05:30
162.85,163.79,162.18,163.12,16017.0,1742371500.0,2025-03-19 13:35:00+05:30
163.5,163.5,162.17,162.66,2796.0,1742371800.0,2025-03-19 13:40:00+05:30
162.86,163.0,162.52,162.6,4213.0,1742372100.0,2025-03-19 13:45:00+05:30
162.6,162.8,162.04,162.04,4213.0,1742372400.0,2025-03-19 13:50:00+05:30
161.63,162.39,161.39,162.39,3310.0,1742372700.0,2025-03-19 13:55:00+05:30
162.11,162.5,161.8,161.99,1480.0,1742373000.0,2025-03-19 14:00:00+05:30
162.06,162.17,161.8,162.17,175.0,1742373300.0,2025-03-19 14:05:00+05:30
162.15,162.27,161.95,162.21,354.0,1742373600.0,2025-03-19 14:10:00+05:30
162.2,162.4,161.8,162.4,1784.0,1742373900.0,2025-03-19 14:15:00+05:30
162.34,162.34,161.61,161.71,5243.0,1742374200.0,2025-03-19 14:20:00+05:30
162.2,162.75,161.96,161.96,2954.0,1742374500.0,2025-03-19 14:25:00+05:30
161.92,162.25,161.72,162.14,1355.0,1742374800.0,2025-03-19 14:30:00+05:30
162.14,162.26,161.95,162.0,828.0,1742375100.0,2025-03-19 14:35:00+05:30
161.95,162.26,161.95,162.19,2299.0,1742375400.0,2025-03-19 14:40:00+05:30
162.01,162.19,161.99,162.18,1186.0,1742375700.0,2025-03-19 14:45:00+05:30
162.19,162.19,161.69,161.97,4600.0,1742376000.0,2025-03-19 14:50:00+05:30
161.53,162.02,161.49,161.97,2011.0,1742376300.0,2025-03-19 14:55:00+05:30
162.23,162.23,161.7,161.9,2087.0,1742376600.0,2025-03-19 15:00:00+05:30
161.9,162.26,161.9,162.26,2661.0,1742376900.0,2025-03-19 15:05:00+05:30
162.26,162.26,161.83,162.0,5317.0,1742377200.0,2025-03-19 15:10:00+05:30
161.87,162.0,161.11,161.11,6031.0,1742377500.0,2025-03-19 15:15:00+05:30
161.31,161.34,160.77,161.25,13734.0,1742377800.0,2025-03-19 15:20:00+05:30
161.0,162.3,160.11,161.5,17316.0,1742378100.0,2025-03-19 15:25:00+05:30
163.6,164.99,163.2,164.11,23170.0,1742442300.0,2025-03-20 09:15:00+05:30
164.0,164.93,163.6,164.82,10796.0,1742442600.0,2025-03-20 09:20:00+05:30
164.6,166.1,164.26,166.0,9088.0,1742442900.0,2025-03-20 09:25:00+05:30
165.97,165.97,165.2,165.76,6071.0,1742443200.0,2025-03-20 09:30:00+05:30
165.69,165.99,165.0,165.22,3936.0,1742443500.0,2025-03-20 09:35:00+05:30
165.03,165.89,165.02,165.85,2573.0,1742443800.0,2025-03-20 09:40:00+05:30
165.56,165.88,164.68,164.72,6126.0,1742444100.0,2025-03-20 09:45:00+05:30
163.79,164.0,163.0,163.94,24689.0,1742444400.0,2025-03-20 09:50:00+05:30
164.1,164.32,163.67,163.99,3778.0,1742444700.0,2025-03-20 09:55:00+05:30
163.77,164.01,163.23,163.6,3092.0,1742445000.0,2025-03-20 10:00:00+05:30
163.73,163.73,162.71,163.11,5495.0,1742445300.0,2025-03-20 10:05:00+05:30
163.38,163.78,162.99,163.43,3720.0,1742445600.0,2025-03-20 10:10:00+05:30
163.31,163.64,163.15,163.24,3087.0,1742445900.0,2025-03-20 10:15:00+05:30
163.43,163.43,162.87,163.36,2616.0,1742446200.0,2025-03-20 10:20:00+05:30
163.32,163.97,163.32,163.97,1080.0,1742446500.0,2025-03-20 10:25:00+05:30
164.0,164.22,164.0,164.15,2333.0,1742446800.0,2025-03-20 10:30:00+05:30
164.07,164.19,164.0,164.0,151.0,1742447100.0,2025-03-20 10:35:00+05:30
163.85,163.85,163.53,163.73,2158.0,1742447400.0,2025-03-20 10:40:00+05:30
163.6,163.62,163.45,163.45,910.0,1742447700.0,2025-03-20 10:45:00+05:30
163.61,163.7,162.62,162.93,2252.0,1742448000.0,2025-03-20 10:50:00+05:30
163.2,163.2,162.8,162.8,2036.0,1742448300.0,2025-03-20 10:55:00+05:30
162.52,162.71,162.49,162.71,1194.0,1742448600.0,2025-03-20 11:00:00+05:30
162.71,162.74,162.53,162.7,1385.0,1742448900.0,2025-03-20 11:05:00+05:30
162.69,162.87,162.49,162.78,2305.0,1742449200.0,2025-03-20 11:10:00+05:30
162.88,163.42,162.82,162.85,7539.0,1742449500.0,2025-03-20 11:15:00+05:30
162.85,163.08,162.79,163.0,2078.0,1742449800.0,2025-03-20 11:20:00+05:30
163.0,163.35,163.0,163.35,1241.0,1742450100.0,2025-03-20 11:25:00+05:30
163.33,163.33,162.78,162.78,763.0,1742450400.0,2025-03-20 11:30:00+05:30
162.78,163.1,162.78,162.99,245.0,1742450700.0,2025-03-20 11:35:00+05:30
163.04,163.26,162.92,162.93,3958.0,1742451000.0,2025-03-20 11:40:00+05:30
162.93,163.15,162.93,163.15,150.0,1742451300.0,2025-03-20 11:45:00+05:30
162.99,163.22,162.78,162.78,476.0,1742451600.0,2025-03-20 11:50:00+05:30
162.91,162.92,162.69,162.87,440.0,1742451900.0,2025-03-20 11:55:00+05:30
162.89,162.89,162.7,162.73,879.0,1742452200.0,2025-03-20 12:00:00+05:30
162.64,162.85,162.53,162.85,250.0,1742452500.0,2025-03-20 12:05:00+05:30
162.6,162.79,162.5,162.79,1295.0,1742452800.0,2025-03-20 12:10:00+05:30
162.79,162.83,162.6,162.6,526.0,1742453100.0,2025-03-20 12:15:00+05:30
162.75,162.85,162.75,162.85,350.0,1742453400.0,2025-03-20 12:20:00+05:30
162.85,162.86,162.85,162.86,36.0,1742453700.0,2025-03-20 12:25:00+05:30
162.85,162.85,162.7,162.75,503.0,1742454000.0,2025-03-20 12:30:00+05:30
162.75,162.75,162.75,162.75,2015.0,1742454300.0,2025-03-20 12:35:00+05:30
162.85,163.27,162.85,163.27,1921.0,1742454600.0,2025-03-20 12:40:00+05:30
163.29,163.55,162.99,163.55,2394.0,1742454900.0,2025-03-20 12:45:00+05:30
163.57,163.57,163.15,163.28,308.0,1742455200.0,2025-03-20 12:50:00+05:30
163.45,163.69,163.18,163.18,2002.0,1742455500.0,2025-03-20 12:55:00+05:30
162.96,163.25,162.84,162.84,896.0,1742455800.0,2025-03-20 13:00:00+05:30
162.85,162.85,162.5,162.5,2841.0,1742456100.0,2025-03-20 13:05:00+05:30
162.5,162.87,162.5,162.87,199.0,1742456400.0,2025-03-20 13:10:00+05:30
162.99,162.99,161.32,162.08,18928.0,1742456700.0,2025-03-20 13:15:00+05:30
161.91,162.03,161.91,162.03,2384.0,1742457000.0,2025-03-20 13:20:00+05:30
162.0,162.0,161.42,161.42,2265.0,1742457300.0,2025-03-20 13:25:00+05:30
161.39,161.65,160.0,160.91,15521.0,1742457600.0,2025-03-20 13:30:00+05:30
160.73,160.95,160.54,160.54,1448.0,1742457900.0,2025-03-20 13:35:00+05:30
160.65,160.87,160.65,160.82,433.0,1742458200.0,2025-03-20 13:40:00+05:30
160.82,160.82,160.4,160.69,1317.0,1742458500.0,2025-03-20 13:45:00+05:30
160.65,160.83,160.61,160.73,877.0,1742458800.0,2025-03-20 13:50:00+05:30
160.7,160.83,160.53,160.8,2350.0,1742459100.0,2025-03-20 13:55:00+05:30
160.7,160.7,160.5,160.68,2041.0,1742459400.0,2025-03-20 14:00:00+05:30
160.53,161.49,160.53,161.2,4361.0,1742459700.0,2025-03-20 14:05:00+05:30
161.17,161.4,161.15,161.19,834.0,1742460000.0,2025-03-20 14:10:00+05:30
161.14,161.19,160.77,161.01,1253.0,1742460300.0,2025-03-20 14:15:00+05:30
160.77,160.98,160.77,160.98,776.0,1742460600.0,2025-03-20 14:20:00+05:30
160.98,161.2,160.98,161.2,1454.0,1742460900.0,2025-03-20 14:25:00+05:30
161.07,161.28,161.03,161.28,1882.0,1742461200.0,2025-03-20 14:30:00+05:30
161.28,161.41,160.44,160.44,3332.0,1742461500.0,2025-03-20 14:35:00+05:30
160.65,160.99,160.26,160.99,4820.0,1742461800.0,2025-03-20 14:40:00+05:30
160.99,160.99,160.76,160.92,689.0,1742462100.0,2025-03-20 14:45:00+05:30
160.92,161.0,160.86,160.93,1254.0,1742462400.0,2025-03-20 14:50:00+05:30
161.0,161.0,160.92,161.0,761.0,1742462700.0,2025-03-20 14:55:00+05:30
161.14,161.29,160.52,160.52,5387.0,1742463000.0,2025-03-20 15:00:00+05:30
160.73,161.16,160.34,160.53,6759.0,1742463300.0,2025-03-20 15:05:00+05:30
160.76,160.98,160.55,160.94,1236.0,1742463600.0,2025-03-20 15:10:00+05:30
160.7,160.97,159.71,160.24,11010.0,1742463900.0,2025-03-20 15:15:00+05:30
160.25,160.51,159.92,160.5,9060.0,1742464200.0,2025-03-20 15:20:00+05:30
160.21,161.15,159.11,159.21,10801.0,1742464500.0,2025-03-20 15:25:00+05:30
161.9,161.9,160.35,161.0,6332.0,1742528700.0,2025-03-21 09:15:00+05:30
160.99,161.49,160.89,161.39,1846.0,1742529000.0,2025-03-21 09:20:00+05:30
161.13,162.19,161.13,161.8,3245.0,1742529300.0,2025-03-21 09:25:00+05:30
161.71,162.31,161.61,162.2,3680.0,1742529600.0,2025-03-21 09:30:00+05:30
162.54,162.8,161.9,162.8,4780.0,1742529900.0,2025-03-21 09:35:00+05:30
163.0,163.11,161.94,161.94,14131.0,1742530200.0,2025-03-21 09:40:00+05:30
162.15,162.19,161.99,162.19,1642.0,1742530500.0,2025-03-21 09:45:00+05:30
162.01,162.36,161.61,161.61,1574.0,1742530800.0,2025-03-21 09:50:00+05:30
161.78,161.87,161.3,161.5,1314.0,1742531100.0,2025-03-21 09:55:00+05:30
161.51,161.73,161.43,161.64,4446.0,1742531400.0,2025-03-21 10:00:00+05:30
161.86,162.16,161.51,161.81,3854.0,1742531700.0,2025-03-21 10:05:00+05:30
161.65,161.69,161.27,161.42,2197.0,1742532000.0,2025-03-21 10:10:00+05:30
161.42,162.12,161.18,162.12,1367.0,1742532300.0,2025-03-21 10:15:00+05:30
162.13,162.13,161.81,161.81,341.0,1742532600.0,2025-03-21 10:20:00+05:30
161.81,162.0,161.61,161.84,1191.0,1742532900.0,2025-03-21 10:25:00+05:30
161.61,161.76,161.5,161.5,556.0,1742533200.0,2025-03-21 10:30:00+05:30
161.5,161.65,161.26,161.65,1700.0,1742533500.0,2025-03-21 10:35:00+05:30
161.65,161.75,161.65,161.74,674.0,1742533800.0,2025-03-21 10:40:00+05:30
161.74,161.74,161.56,161.72,439.0,1742534100.0,2025-03-21 10:45:00+05:30
161.72,162.66,161.72,162.12,2615.0,1742534400.0,2025-03-21 10:50:00+05:30
162.12,162.42,162.12,162.25,1297.0,1742534700.0,2025-03-21 10:55:00+05:30
162.28,162.4,162.15,162.36,404.0,1742535000.0,2025-03-21 11:00:00+05:30
162.36,162.95,162.36,162.52,2501.0,1742535300.0,2025-03-21 11:05:00+05:30
162.52,162.61,162.2,162.61,9417.0,1742535600.0,2025-03-21 11:10:00+05:30
162.34,162.34,161.52,161.52,4056.0,1742535900.0,2025-03-21 11:15:00+05:30
161.64,162.38,161.57,162.35,2164.0,1742536200.0,2025-03-21 11:20:00+05:30
162.11,162.11,161.7,161.7,992.0,1742536500.0,2025-03-21 11:25:00+05:30
161.7,161.92,161.63,161.71,933.0,1742536800.0,2025-03-21 11:30:00+05:30
161.71,162.03,161.71,161.81,368.0,1742537100.0,2025-03-21 11:35:00+05:30
161.8,161.93,161.73,161.89,554.0,1742537400.0,2025-03-21 11:40:00+05:30
161.89,162.11,161.71,162.11,1129.0,1742537700.0,2025-03-21 11:45:00+05:30
161.86,162.02,161.84,161.93,213.0,1742538000.0,2025-03-21 11:50:00+05:30
161.65,161.68,161.32,161.62,2627.0,1742538300.0,2025-03-21 11:55:00+05:30
161.74,161.74,161.45,161.64,2388.0,1742538600.0,2025-03-21 12:00:00+05:30
161.7,161.77,161.6,161.68,584.0,1742538900.0,2025-03-21 12:05:00+05:30
161.68,161.68,161.42,161.63,442.0,1742539200.0,2025-03-21 12:10:00+05:30
161.42,161.66,161.42,161.66,371.0,1742539500.0,2025-03-21 12:15:00+05:30
161.56,161.78,161.56,161.78,141.0,1742539800.0,2025-03-21 12:20:00+05:30
161.53,161.93,161.53,161.89,264.0,1742540100.0,2025-03-21 12:25:00+05:30
161.62,161.75,161.42,161.59,1349.0,1742540400.0,2025-03-21 12:30:00+05:30
161.05,161.4,161.0,161.4,4258.0,1742540700.0,2025-03-21 12:35:00+05:30
161.3,161.35,161.2,161.35,224.0,1742541000.0,2025-03-21 12:40:00+05:30
161.35,161.43,161.03,161.14,460.0,1742541300.0,2025-03-21 12:45:00+05:30
161.14,161.14,161.14,161.14,0.0,1742541600.0,2025-03-21 12:50:00+05:30
161.14,161.39,161.11,161.39,654.0,1742541900.0,2025-03-21 12:55:00+05:30
161.36,161.36,160.88,160.88,2142.0,1742542200.0,2025-03-21 13:00:00+05:30
160.88,161.1,160.88,161.1,175.0,1742542500.0,2025-03-21 13:05:00+05:30
161.13,161.19,160.71,160.71,1293.0,1742542800.0,2025-03-21 13:10:00+05:30
160.71,160.86,160.6,160.85,510.0,1742543100.0,2025-03-21 13:15:00+05:30
160.87,161.05,160.87,161.05,32.0,1742543400.0,2025-03-21 13:20:00+05:30
160.8,161.02,160.8,161.02,134.0,1742543700.0,2025-03-21 13:25:00+05:30
160.78,160.85,160.3,160.3,2437.0,1742544000.0,2025-03-21 13:30:00+05:30
160.15,160.38,160.15,160.21,1334.0,1742544300.0,2025-03-21 13:35:00+05:30
160.13,160.38,160.13,160.38,1249.0,1742544600.0,2025-03-21 13:40:00+05:30
160.13,160.37,160.0,160.0,3474.0,1742544900.0,2025-03-21 13:45:00+05:30
159.7,159.8,159.44,159.65,588.0,1742545200.0,2025-03-21 13:50:00+05:30
159.73,160.19,159.73,159.8,2472.0,1742545500.0,2025-03-21 13:55:00+05:30
160.16,160.54,160.16,160.54,2466.0,1742545800.0,2025-03-21 14:00:00+05:30
160.67,160.79,160.3,160.79,391.0,1742546100.0,2025-03-21 14:05:00+05:30
160.79,161.06,160.63,160.63,962.0,1742546400.0,2025-03-21 14:10:00+05:30
160.86,161.64,160.85,161.36,1952.0,1742546700.0,2025-03-21 14:15:00+05:30
161.21,161.39,161.1,161.39,299.0,1742547000.0,2025-03-21 14:20:00+05:30
161.36,162.2,161.36,162.2,4831.0,1742547300.0,2025-03-21 14:25:00+05:30
162.45,163.36,162.11,162.5,4293.0,1742547600.0,2025-03-21 14:30:00+05:30
162.5,162.53,162.22,162.53,2342.0,1742547900.0,2025-03-21 14:35:00+05:30
162.53,162.67,162.5,162.55,681.0,1742548200.0,2025-03-21 14:40:00+05:30
162.55,162.92,162.55,162.91,1953.0,1742548500.0,2025-03-21 14:45:00+05:30
162.91,162.95,162.73,162.9,881.0,1742548800.0,2025-03-21 14:50:00+05:30
162.8,162.82,162.59,162.79,1305.0,1742549100.0,2025-03-21 14:55:00+05:30
162.83,163.31,162.79,162.91,9250.0,1742549400.0,2025-03-21 15:00:00+05:30
162.65,162.99,159.31,160.97,44751.0,1742549700.0,2025-03-21 15:05:00+05:30
160.94,161.48,160.61,161.32,9557.0,1742550000.0,2025-03-21 15:10:00+05:30
161.18,161.2,160.79,161.1,4514.0,1742550300.0,2025-03-21 15:15:00+05:30
161.04,161.52,160.5,161.32,15817.0,1742550600.0,2025-03-21 15:20:00+05:30
161.24,163.01,160.55,161.5,14848.0,1742550900.0,2025-03-21 15:25:00+05:30
163.9,165.7,163.12,164.71,10571.0,1742787900.0,2025-03-24 09:15:00+05:30
164.54,164.75,163.64,163.75,7490.0,1742788200.0,2025-03-24 09:20:00+05:30
163.61,164.09,162.7,163.12,6195.0,1742788500.0,2025-03-24 09:25:00+05:30
163.02,163.29,162.55,162.69,3157.0,1742788800.0,2025-03-24 09:30:00+05:30
162.68,162.88,162.07,162.55,2559.0,1742789100.0,2025-03-24 09:35:00+05:30
162.25,162.84,162.11,162.84,1871.0,1742789400.0,2025-03-24 09:40:00+05:30
162.63,162.63,162.07,162.32,1360.0,1742789700.0,2025-03-24 09:45:00+05:30
162.1,162.4,161.6,161.83,3251.0,1742790000.0,2025-03-24 09:50:00+05:30
161.6,161.97,161.6,161.62,2390.0,1742790300.0,2025-03-24 09:55:00+05:30
161.66,161.79,161.5,161.7,2160.0,1742790600.0,2025-03-24 10:00:00+05:30
161.66,161.66,161.29,161.43,1128.0,1742790900.0,2025-03-24 10:05:00+05:30
161.56,161.79,161.42,161.6,1592.0,1742791200.0,2025-03-24 10:10:00+05:30
161.6,161.76,161.26,161.76,1489.0,1742791500.0,2025-03-24 10:15:00+05:30
161.58,161.98,161.58,161.64,1284.0,1742791800.0,2025-03-24 10:20:00+05:30
161.64,161.78,161.51,161.68,2280.0,1742792100.0,2025-03-24 10:25:00+05:30
161.68,161.9,161.68,161.9,397.0,1742792400.0,2025-03-24 10:30:00+05:30
161.75,161.85,161.52,161.52,208.0,1742792700.0,2025-03-24 10:35:00+05:30
161.53,161.79,161.5,161.77,2805.0,1742793000.0,2025-03-24 10:40:00+05:30
161.77,161.77,161.51,161.76,349.0,1742793300.0,2025-03-24 10:45:00+05:30
161.79,161.79,161.62,161.78,531.0,1742793600.0,2025-03-24 10:50:00+05:30
161.77,161.77,161.51,161.75,588.0,1742793900.0,2025-03-24 10:55:00+05:30
161.75,161.78,161.75,161.78,718.0,1742794200.0,2025-03-24 11:00:00+05:30
161.78,161.79,161.75,161.79,1095.0,1742794500.0,2025-03-24 11:05:00+05:30
161.77,162.19,161.77,162.19,2132.0,1742794800.0,2025-03-24 11:10:00+05:30
162.2,162.45,162.16,162.21,1662.0,1742795100.0,2025-03-24 11:15:00+05:30
162.28,162.28,161.8,161.8,614.0,1742795400.0,2025-03-24 11:20:00+05:30
162.22,164.23,162.17,164.23,23163.0,1742795700.0,2025-03-24 11:25:00+05:30
164.54,164.54,163.75,163.75,10405.0,1742796000.0,2025-03-24 11:30:00+05:30
163.72,163.98,163.6,163.8,1829.0,1742796300.0,2025-03-24 11:35:00+05:30
163.8,164.02,163.52,163.71,1327.0,1742796600.0,2025-03-24 11:40:00+05:30
163.71,163.85,163.71,163.75,605.0,1742796900.0,2025-03-24 11:45:00+05:30
163.61,163.61,163.26,163.26,2739.0,1742797200.0,2025-03-24 11:50:00+05:30
163.33,163.41,163.13,163.13,513.0,1742797500.0,2025-03-24 11:55:00+05:30
163.13,164.49,162.25,163.71,25934.0,1742797800.0,2025-03-24 12:00:00+05:30
163.76,163.91,162.64,163.3,112387.0,1742798100.0,2025-03-24 12:05:00+05:30
163.46,163.46,162.31,162.88,14698.0,1742798400.0,2025-03-24 12:10:00+05:30
162.85,163.05,162.6,163.03,6140.0,1742798700.0,2025-03-24 12:15:00+05:30
162.99,163.48,162.81,163.35,3068.0,1742799000.0,2025-03-24 12:20:00+05:30
163.25,163.37,163.2,163.37,433.0,1742799300.0,2025-03-24 12:25:00+05:30
163.22,163.6,163.0,163.49,6509.0,1742799600.0,2025-03-24 12:30:00+05:30
163.49,163.49,163.31,163.48,118.0,1742799900.0,2025-03-24 12:35:00+05:30
163.48,163.49,163.01,163.29,1447.0,1742800200.0,2025-03-24 12:40:00+05:30
163.03,163.27,163.03,163.18,183.0,1742800500.0,2025-03-24 12:45:00+05:30
163.18,163.38,163.1,163.38,406.0,1742800800.0,2025-03-24 12:50:00+05:30
163.38,163.38,163.21,163.25,124.0,1742801100.0,2025-03-24 12:55:00+05:30
163.22,163.24,163.06,163.23,370.0,1742801400.0,2025-03-24 13:00:00+05:30
163.23,163.24,163.06,163.06,6263.0,1742801700.0,2025-03-24 13:05:00+05:30
163.06,163.06,162.6,162.6,2891.0,1742802000.0,2025-03-24 13:10:00+05:30
162.8,162.99,162.51,162.51,902.0,1742802300.0,2025-03-24 13:15:00+05:30
162.51,162.74,162.51,162.55,61.0,1742802600.0,2025-03-24 13:20:00+05:30
162.55,162.68,162.51,162.68,207.0,1742802900.0,2025-03-24 13:25:00+05:30
162.44,162.64,162.4,162.4,192.0,1742803200.0,2025-03-24 13:30:00+05:30
162.4,162.66,162.4,162.52,635.0,1742803500.0,2025-03-24 13:35:00+05:30
162.52,162.73,162.52,162.55,643.0,1742803800.0,2025-03-24 13:40:00+05:30
162.55,162.57,162.33,162.57,893.0,1742804100.0,2025-03-24 13:45:00+05:30
162.59,162.6,162.31,162.44,577.0,1742804400.0,2025-03-24 13:50:00+05:30
162.44,162.71,162.36,162.71,820.0,1742804700.0,2025-03-24 13:55:00+05:30
162.71,162.72,162.31,162.31,1163.0,1742805000.0,2025-03-24 14:00:00+05:30
162.31,162.49,162.31,162.49,1.0,1742805300.0,2025-03-24 14:05:00+05:30
162.49,162.54,162.25,162.25,1069.0,1742805600.0,2025-03-24 14:10:00+05:30
162.48,162.68,162.4,162.4,1414.0,1742805900.0,2025-03-24 14:15:00+05:30
162.4,162.48,162.26,162.31,456.0,1742806200.0,2025-03-24 14:20:00+05:30
162.59,162.89,162.59,162.88,415.0,1742806500.0,2025-03-24 14:25:00+05:30
162.88,162.89,162.7,162.7,452.0,1742806800.0,2025-03-24 14:30:00+05:30
162.7,162.94,162.7,162.94,2645.0,1742807100.0,2025-03-24 14:35:00+05:30
163.19,163.35,163.0,163.11,2600.0,1742807400.0,2025-03-24 14:40:00+05:30
163.28,163.28,162.82,163.0,307.0,1742807700.0,2025-03-24 14:45:00+05:30
162.86,163.21,162.86,163.18,793.0,1742808000.0,2025-03-24 14:50:00+05:30
163.03,163.13,162.89,162.89,1183.0,1742808300.0,2025-03-24 14:55:00+05:30
163.19,163.19,162.85,163.15,2875.0,1742808600.0,2025-03-24 15:00:00+05:30
163.19,164.41,163.19,164.41,3713.0,1742808900.0,2025-03-24 15:05:00+05:30
164.08,164.25,163.88,164.13,8192.0,1742809200.0,2025-03-24 15:10:00+05:30
164.13,164.64,163.97,164.0,5521.0,1742809500.0,2025-03-24 15:15:00+05:30
164.1,164.29,164.1,164.14,4581.0,1742809800.0,2025-03-24 15:20:00+05:30
164.2,165.0,164.2,164.5,9030.0,1742810100.0,2025-03-24 15:25:00+05:30
167.97,167.97,164.27,164.27,8249.0,1742874300.0,2025-03-25 09:15:00+05:30
164.51,164.51,161.67,162.02,16603.0,1742874600.0,2025-03-25 09:20:00+05:30
161.96,161.96,160.8,161.4,4687.0,1742874900.0,2025-03-25 09:25:00+05:30
161.48,161.85,161.21,161.68,1295.0,1742875200.0,2025-03-25 09:30:00+05:30
161.48,162.24,161.23,161.75,5208.0,1742875500.0,2025-03-25 09:35:00+05:30
161.43,162.0,161.4,161.44,5906.0,1742875800.0,2025-03-25 09:40:00+05:30
161.3,161.44,161.1,161.31,3344.0,1742876100.0,2025-03-25 09:45:00+05:30
161.15,161.38,160.83,161.08,4322.0,1742876400.0,2025-03-25 09:50:00+05:30
161.05,161.33,160.66,161.31,3709.0,1742876700.0,2025-03-25 09:55:00+05:30
161.31,161.31,160.32,160.64,4639.0,1742877000.0,2025-03-25 10:00:00+05:30
160.57,160.6,159.66,160.0,4469.0,1742877300.0,2025-03-25 10:05:00+05:30
160.15,160.19,159.67,159.95,909.0,1742877600.0,2025-03-25 10:10:00+05:30
159.89,160.09,159.71,160.05,3355.0,1742877900.0,2025-03-25 10:15:00+05:30
160.12,160.21,159.98,160.12,4130.0,1742878200.0,2025-03-25 10:20:00+05:30
160.1,160.57,160.1,160.46,813.0,1742878500.0,2025-03-25 10:25:00+05:30
160.58,160.85,160.21,160.5,4224.0,1742878800.0,2025-03-25 10:30:00+05:30
160.4,160.62,159.99,160.52,1790.0,1742879100.0,2025-03-25 10:35:00+05:30
160.56,160.88,160.35,160.55,412.0,1742879400.0,2025-03-25 10:40:00+05:30
160.65,160.67,160.11,160.52,798.0,1742879700.0,2025-03-25 10:45:00+05:30
160.68,160.8,160.41,160.8,1497.0,1742880000.0,2025-03-25 10:50:00+05:30
160.64,160.64,159.93,160.25,4688.0,1742880300.0,2025-03-25 10:55:00+05:30
160.36,160.67,160.13,160.26,663.0,1742880600.0,2025-03-25 11:00:00+05:30
160.22,160.68,160.22,160.38,1753.0,1742880900.0,2025-03-25 11:05:00+05:30
160.37,160.42,160.15,160.2,1059.0,1742881200.0,2025-03-25 11:10:00+05:30
160.44,160.51,160.29,160.29,1210.0,1742881500.0,2025-03-25 11:15:00+05:30
160.1,160.3,160.1,160.13,971.0,1742881800.0,2025-03-25 11:20:00+05:30
160.29,160.36,160.0,160.0,3381.0,1742882100.0,2025-03-25 11:25:00+05:30
160.0,160.5,160.0,160.22,603.0,1742882400.0,2025-03-25 11:30:00+05:30
160.3,160.3,160.0,160.07,2715.0,1742882700.0,2025-03-25 11:35:00+05:30
160.0,160.0,159.18,159.18,3673.0,1742883000.0,2025-03-25 11:40:00+05:30
159.12,159.56,158.96,159.3,4230.0,1742883300.0,2025-03-25 11:45:00+05:30
159.32,159.81,159.26,159.74,2646.0,1742883600.0,2025-03-25 11:50:00+05:30
159.96,160.35,159.92,160.35,2237.0,1742883900.0,2025-03-25 11:55:00+05:30
160.3,160.59,160.21,160.5,2252.0,1742884200.0,2025-03-25 12:00:00+05:30
160.5,160.73,160.34,160.65,331.0,1742884500.0,2025-03-25 12:05:00+05:30
160.61,160.73,160.23,160.35,415.0,1742884800.0,2025-03-25 12:10:00+05:30
160.21,160.35,160.0,160.01,5376.0,1742885100.0,2025-03-25 12:15:00+05:30
160.02,160.19,160.02,160.15,278.0,1742885400.0,2025-03-25 12:20:00+05:30
160.03,160.5,160.03,160.31,875.0,1742885700.0,2025-03-25 12:25:00+05:30
160.27,160.4,160.2,160.28,326.0,1742886000.0,2025-03-25 12:30:00+05:30
160.28,160.39,160.03,160.03,1126.0,1742886300.0,2025-03-25 12:35:00+05:30
160.01,161.16,160.01,160.96,6071.0,1742886600.0,2025-03-25 12:40:00+05:30
160.98,161.19,160.98,161.06,435.0,1742886900.0,2025-03-25 12:45:00+05:30
160.95,161.07,160.62,160.62,199.0,1742887200.0,2025-03-25 12:50:00+05:30
160.82,160.97,160.71,160.8,210.0,1742887500.0,2025-03-25 12:55:00+05:30
161.0,161.04,160.8,161.04,395.0,1742887800.0,2025-03-25 13:00:00+05:30
160.78,161.17,160.67,161.17,400.0,1742888100.0,2025-03-25 13:05:00+05:30
161.12,161.23,161.09,161.23,1117.0,1742888400.0,2025-03-25 13:10:00+05:30
161.25,161.25,160.42,160.42,2491.0,1742888700.0,2025-03-25 13:15:00+05:30
160.42,161.08,160.42,160.92,1050.0,1742889000.0,2025-03-25 13:20:00+05:30
160.92,160.92,160.59,160.62,80.0,1742889300.0,2025-03-25 13:25:00+05:30
160.62,161.07,160.62,161.06,203.0,1742889600.0,2025-03-25 13:30:00+05:30
160.81,161.25,160.71,161.11,749.0,1742889900.0,2025-03-25 13:35:00+05:30
161.12,161.25,160.85,161.01,559.0,1742890200.0,2025-03-25 13:40:00+05:30
161.06,161.51,160.85,161.5,8840.0,1742890500.0,2025-03-25 13:45:00+05:30
161.4,161.6,160.71,160.71,2924.0,1742890800.0,2025-03-25 13:50:00+05:30
160.73,161.25,160.72,160.96,265.0,1742891100.0,2025-03-25 13:55:00+05:30
161.0,161.12,161.0,161.09,130.0,1742891400.0,2025-03-25 14:00:00+05:30
161.0,161.16,160.8,160.8,908.0,1742891700.0,2025-03-25 14:05:00+05:30
160.81,161.19,160.81,160.95,207.0,1742892000.0,2025-03-25 14:10:00+05:30
160.82,161.19,160.82,160.93,527.0,1742892300.0,2025-03-25 14:15:00+05:30
160.94,161.25,160.93,160.99,841.0,1742892600.0,2025-03-25 14:20:00+05:30
160.99,161.25,160.92,161.01,5915.0,1742892900.0,2025-03-25 14:25:00+05:30
161.05,161.64,161.01,161.29,2711.0,1742893200.0,2025-03-25 14:30:00+05:30
161.4,161.4,160.75,160.95,2323.0,1742893500.0,2025-03-25 14:35:00+05:30
160.95,161.48,160.91,161.48,1920.0,1742893800.0,2025-03-25 14:40:00+05:30
161.26,161.39,160.41,160.74,6678.0,1742894100.0,2025-03-25 14:45:00+05:30
160.74,161.2,160.7,160.7,1272.0,1742894400.0,2025-03-25 14:50:00+05:30
161.03,161.09,160.84,160.84,1142.0,1742894700.0,2025-03-25 14:55:00+05:30
160.9,161.1,160.77,161.09,2038.0,1742895000.0,2025-03-25 15:00:00+05:30
161.15,161.69,161.05,161.4,1680.0,1742895300.0,2025-03-25 15:05:00+05:30
161.4,161.47,160.46,160.46,4540.0,1742895600.0,2025-03-25 15:10:00+05:30
160.51,160.72,160.04,160.4,7753.0,1742895900.0,2025-03-25 15:15:00+05:30
160.35,160.79,160.23,160.44,8110.0,1742896200.0,2025-03-25 15:20:00+05:30
160.72,160.95,159.1,159.5,6281.0,1742896500.0,2025-03-25 15:25:00+05:30
161.9,161.9,159.94,160.32,7208.0,1742960700.0,2025-03-26 09:15:00+05:30
160.29,160.3,159.73,160.0,2213.0,1742961000.0,2025-03-26 09:20:00+05:30
160.0,160.79,160.0,160.5,1271.0,1742961300.0,2025-03-26 09:25:00+05:30
160.58,161.0,159.49,159.53,4056.0,1742961600.0,2025-03-26 09:30:00+05:30
159.2,159.57,158.33,158.63,6670.0,1742961900.0,2025-03-26 09:35:00+05:30
158.27,158.48,157.4,157.71,7874.0,1742962200.0,2025-03-26 09:40:00+05:30
157.82,157.82,156.58,157.16,6184.0,1742962500.0,2025-03-26 09:45:00+05:30
157.15,157.36,156.9,157.13,3783.0,1742962800.0,2025-03-26 09:50:00+05:30
157.39,157.49,157.0,157.39,3155.0,1742963100.0,2025-03-26 09:55:00+05:30
157.32,157.59,157.18,157.59,577.0,1742963400.0,2025-03-26 10:00:00+05:30
157.54,157.54,157.1,157.36,951.0,1742963700.0,2025-03-26 10:05:00+05:30
157.42,157.7,157.32,157.63,2271.0,1742964000.0,2025-03-26 10:10:00+05:30
157.63,158.05,157.32,157.91,1317.0,1742964300.0,2025-03-26 10:15:00+05:30
158.03,158.05,157.57,157.69,1528.0,1742964600.0,2025-03-26 10:20:00+05:30
157.44,157.61,157.22,157.52,2151.0,1742964900.0,2025-03-26 10:25:00+05:30
157.44,157.6,157.04,157.6,202.0,1742965200.0,2025-03-26 10:30:00+05:30
157.79,157.81,157.41,157.52,334.0,1742965500.0,2025-03-26 10:35:00+05:30
157.51,157.51,157.14,157.41,653.0,1742965800.0,2025-03-26 10:40:00+05:30
157.41,157.6,157.24,157.6,803.0,1742966100.0,2025-03-26 10:45:00+05:30
157.43,157.69,157.31,157.5,1073.0,1742966400.0,2025-03-26 10:50:00+05:30
157.4,157.45,156.62,157.09,2464.0,1742966700.0,2025-03-26 10:55:00+05:30
156.78,157.76,156.71,157.53,9755.0,1742967000.0,2025-03-26 11:00:00+05:30
157.53,157.58,157.07,157.07,200.0,1742967300.0,2025-03-26 11:05:00+05:30
157.07,157.73,157.07,157.73,2566.0,1742967600.0,2025-03-26 11:10:00+05:30
157.74,157.74,157.17,157.67,949.0,1742967900.0,2025-03-26 11:15:00+05:30
157.62,157.75,157.36,157.59,671.0,1742968200.0,2025-03-26 11:20:00+05:30
157.44,157.75,157.44,157.75,2920.0,1742968500.0,2025-03-26 11:25:00+05:30
157.75,158.0,157.75,158.0,738.0,1742968800.0,2025-03-26 11:30:00+05:30
158.07,158.09,157.75,157.97,2544.0,1742969100.0,2025-03-26 11:35:00+05:30
157.97,157.98,157.75,157.93,2899.0,1742969400.0,2025-03-26 11:40:00+05:30
157.93,157.93,157.91,157.91,100.0,1742969700.0,2025-03-26 11:45:00+05:30
157.91,158.3,157.91,158.13,1704.0,1742970000.0,2025-03-26 11:50:00+05:30
158.13,158.29,158.11,158.11,46.0,1742970300.0,2025-03-26 11:55:00+05:30
158.0,158.18,158.0,158.18,464.0,1742970600.0,2025-03-26 12:00:00+05:30
158.18,158.52,158.02,158.52,1995.0,1742970900.0,2025-03-26 12:05:00+05:30
158.21,158.4,158.21,158.4,549.0,1742971200.0,2025-03-26 12:10:00+05:30
158.4,158.4,158.11,158.11,70.0,1742971500.0,2025-03-26 12:15:00+05:30
158.11,158.98,158.01,158.61,8505.0,1742971800.0,2025-03-26 12:20:00+05:30
158.61,158.86,158.13,158.47,972.0,1742972100.0,2025-03-26 12:25:00+05:30
158.47,158.64,158.01,158.37,5716.0,1742972400.0,2025-03-26 12:30:00+05:30
158.37,158.43,157.92,157.92,10010.0,1742972700.0,2025-03-26 12:35:00+05:30
157.92,157.99,157.92,157.92,774.0,1742973000.0,2025-03-26 12:40:00+05:30
157.92,158.0,157.92,158.0,346.0,1742973300.0,2025-03-26 12:45:00+05:30
158.0,158.0,157.92,157.92,1119.0,1742973600.0,2025-03-26 12:50:00+05:30
157.92,158.0,157.92,157.99,226.0,1742973900.0,2025-03-26 12:55:00+05:30
157.92,157.92,157.2,157.38,2332.0,1742974200.0,2025-03-26 13:00:00+05:30
157.2,157.2,156.21,156.56,2576.0,1742974500.0,2025-03-26 13:05:00+05:30
156.53,157.0,156.34,156.81,1447.0,1742974800.0,2025-03-26 13:10:00+05:30
156.79,156.79,156.42,156.6,183.0,1742975100.0,2025-03-26 13:15:00+05:30
156.09,156.43,155.83,156.21,5484.0,1742975400.0,2025-03-26 13:20:00+05:30
156.2,156.22,155.84,156.07,608.0,1742975700.0,2025-03-26 13:25:00+05:30
155.89,156.39,155.89,156.39,1233.0,1742976000.0,2025-03-26 13:30:00+05:30
156.32,156.5,156.3,156.49,775.0,1742976300.0,2025-03-26 13:35:00+05:30
156.49,156.49,156.13,156.42,511.0,1742976600.0,2025-03-26 13:40:00+05:30
156.21,156.39,156.1,156.3,742.0,1742976900.0,2025-03-26 13:45:00+05:30
156.31,156.33,155.45,155.57,4677.0,1742977200.0,2025-03-26 13:50:00+05:30
155.65,155.65,155.5,155.5,545.0,1742977500.0,2025-03-26 13:55:00+05:30
155.61,155.88,155.61,155.88,609.0,1742977800.0,2025-03-26 14:00:00+05:30
155.97,156.0,155.7,155.83,5120.0,1742978100.0,2025-03-26 14:05:00+05:30
155.88,155.88,155.47,155.64,302.0,1742978400.0,2025-03-26 14:10:00+05:30
155.75,155.76,155.4,155.4,366.0,1742978700.0,2025-03-26 14:15:00+05:30
155.4,155.69,155.4,155.6,834.0,1742979000.0,2025-03-26 14:20:00+05:30
155.55,155.73,155.28,155.73,892.0,1742979300.0,2025-03-26 14:25:00+05:30
155.73,155.78,155.4,155.4,621.0,1742979600.0,2025-03-26 14:30:00+05:30
155.4,155.55,154.75,154.93,7675.0,1742979900.0,2025-03-26 14:35:00+05:30
154.94,154.99,154.6,154.77,1467.0,1742980200.0,2025-03-26 14:40:00+05:30
154.88,155.46,154.81,155.27,6288.0,1742980500.0,2025-03-26 14:45:00+05:30
155.27,155.27,154.34,154.64,5055.0,1742980800.0,2025-03-26 14:50:00+05:30
154.56,154.59,154.2,154.49,1672.0,1742981100.0,2025-03-26 14:55:00+05:30
154.53,154.73,154.31,154.45,2326.0,1742981400.0,2025-03-26 15:00:00+05:30
154.59,154.76,154.46,154.46,1532.0,1742981700.0,2025-03-26 15:05:00+05:30
154.68,154.75,154.34,154.34,1329.0,1742982000.0,2025-03-26 15:10:00+05:30
154.58,154.59,154.0,154.0,5110.0,1742982300.0,2025-03-26 15:15:00+05:30
154.0,154.2,153.85,153.86,9190.0,1742982600.0,2025-03-26 15:20:00+05:30
153.79,154.0,153.1,153.7,7390.0,1742982900.0,2025-03-26 15:25:00+05:30
153.97,153.97,151.47,152.26,8710.0,1743047100.0,2025-03-27 09:15:00+05:30
152.0,153.8,152.0,153.5,4933.0,1743047400.0,2025-03-27 09:20:00+05:30
153.76,153.76,152.51,152.51,5140.0,1743047700.0,2025-03-27 09:25:00+05:30
152.5,152.6,151.21,151.8,14894.0,1743048000.0,2025-03-27 09:30:00+05:30
151.75,152.78,151.26,152.67,3289.0,1743048300.0,2025-03-27 09:35:00+05:30
152.43,152.8,152.12,152.16,1840.0,1743048600.0,2025-03-27 09:40:00+05:30
152.11,152.52,151.6,151.9,13722.0,1743048900.0,2025-03-27 09:45:00+05:30
151.79,151.79,151.31,151.79,3069.0,1743049200.0,2025-03-27 09:50:00+05:30
151.74,151.82,151.25,151.65,4863.0,1743049500.0,2025-03-27 09:55:00+05:30
151.65,151.7,151.01,151.15,5448.0,1743049800.0,2025-03-27 10:00:00+05:30
151.15,151.39,150.81,151.14,10970.0,1743050100.0,2025-03-27 10:05:00+05:30
151.24,151.24,150.9,151.0,2418.0,1743050400.0,2025-03-27 10:10:00+05:30
151.28,151.45,150.6,150.87,6317.0,1743050700.0,2025-03-27 10:15:00+05:30
150.87,151.08,150.85,150.99,1167.0,1743051000.0,2025-03-27 10:20:00+05:30
150.81,152.06,150.54,150.99,27755.0,1743051300.0,2025-03-27 10:25:00+05:30
150.78,151.3,150.78,151.25,2860.0,1743051600.0,2025-03-27 10:30:00+05:30
151.21,151.42,151.16,151.16,876.0,1743051900.0,2025-03-27 10:35:00+05:30
151.25,151.74,151.25,151.5,2500.0,1743052200.0,2025-03-27 10:40:00+05:30
151.59,151.97,151.59,151.68,1432.0,1743052500.0,2025-03-27 10:45:00+05:30
151.5,152.19,151.35,152.17,3611.0,1743052800.0,2025-03-27 10:50:00+05:30
151.92,151.92,151.32,151.44,1306.0,1743053100.0,2025-03-27 10:55:00+05:30
151.4,151.77,151.4,151.77,1770.0,1743053400.0,2025-03-27 11:00:00+05:30
151.85,152.29,151.51,151.99,5689.0,1743053700.0,2025-03-27 11:05:00+05:30
152.08,152.08,151.19,151.33,4759.0,1743054000.0,2025-03-27 11:10:00+05:30
151.3,151.44,151.1,151.1,1319.0,1743054300.0,2025-03-27 11:15:00+05:30
151.0,151.0,150.1,150.26,8598.0,1743054600.0,2025-03-27 11:20:00+05:30
150.28,150.35,150.2,150.35,724.0,1743054900.0,2025-03-27 11:25:00+05:30
150.37,150.41,150.1,150.2,1073.0,1743055200.0,2025-03-27 11:30:00+05:30
150.81,150.81,150.3,150.49,6204.0,1743055500.0,2025-03-27 11:35:00+05:30
150.55,150.63,150.38,150.38,524.0,1743055800.0,2025-03-27 11:40:00+05:30
150.69,150.78,149.9,150.09,6556.0,1743056100.0,2025-03-27 11:45:00+05:30
150.13,150.53,150.13,150.26,720.0,1743056400.0,2025-03-27 11:50:00+05:30
150.46,150.46,149.1,149.46,5381.0,1743056700.0,2025-03-27 11:55:00+05:30
149.35,149.99,149.2,149.79,7627.0,1743057000.0,2025-03-27 12:00:00+05:30
149.79,149.99,149.79,149.99,797.0,1743057300.0,2025-03-27 12:05:00+05:30
150.01,150.19,149.31,149.31,11709.0,1743057600.0,2025-03-27 12:10:00+05:30
149.4,149.5,149.14,149.14,3002.0,1743057900.0,2025-03-27 12:15:00+05:30
149.31,149.43,149.12,149.4,953.0,1743058200.0,2025-03-27 12:20:00+05:30
149.22,149.37,149.11,149.37,2032.0,1743058500.0,2025-03-27 12:25:00+05:30
149.37,149.38,149.13,149.29,313.0,1743058800.0,2025-03-27 12:30:00+05:30
149.0,149.3,148.91,149.11,3984.0,1743059100.0,2025-03-27 12:35:00+05:30
149.2,149.2,148.8,148.99,2142.0,1743059400.0,2025-03-27 12:40:00+05:30
148.97,149.5,148.83,149.5,5490.0,1743059700.0,2025-03-27 12:45:00+05:30
149.43,149.43,148.51,148.74,11393.0,1743060000.0,2025-03-27 12:50:00+05:30
148.7,148.81,148.5,148.75,1292.0,1743060300.0,2025-03-27 12:55:00+05:30
148.56,148.94,148.56,148.65,14858.0,1743060600.0,2025-03-27 13:00:00+05:30
148.9,149.09,148.01,148.28,9990.0,1743060900.0,2025-03-27 13:05:00+05:30
148.38,148.38,147.6,148.35,4733.0,1743061200.0,2025-03-27 13:10:00+05:30
148.11,148.33,147.76,147.8,24991.0,1743061500.0,2025-03-27 13:15:00+05:30
147.89,148.4,147.7,148.4,4458.0,1743061800.0,2025-03-27 13:20:00+05:30
148.49,149.3,148.25,148.91,11786.0,1743062100.0,2025-03-27 13:25:00+05:30
148.94,149.17,148.9,149.0,3208.0,1743062400.0,2025-03-27 13:30:00+05:30
149.01,149.39,148.9,149.25,4171.0,1743062700.0,2025-03-27 13:35:00+05:30
149.29,149.36,149.17,149.17,2135.0,1743063000.0,2025-03-27 13:40:00+05:30
149.34,149.85,149.16,149.5,11925.0,1743063300.0,2025-03-27 13:45:00+05:30
149.38,149.85,149.38,149.85,4482.0,1743063600.0,2025-03-27 13:50:00+05:30
149.84,149.84,149.44,149.44,725.0,1743063900.0,2025-03-27 13:55:00+05:30
149.68,149.74,149.43,149.54,1025.0,1743064200.0,2025-03-27 14:00:00+05:30
149.7,149.7,149.31,149.55,951.0,1743064500.0,2025-03-27 14:05:00+05:30
149.55,149.55,148.5,148.78,7657.0,1743064800.0,2025-03-27 14:10:00+05:30
149.01,149.6,148.86,148.91,13594.0,1743065100.0,2025-03-27 14:15:00+05:30
148.9,149.32,148.51,148.87,5172.0,1743065400.0,2025-03-27 14:20:00+05:30
148.87,149.1,148.47,148.82,7330.0,1743065700.0,2025-03-27 14:25:00+05:30
148.86,148.99,148.52,148.59,2703.0,1743066000.0,2025-03-27 14:30:00+05:30
148.76,149.0,148.67,149.0,5384.0,1743066300.0,2025-03-27 14:35:00+05:30
149.0,149.67,148.89,149.3,7713.0,1743066600.0,2025-03-27 14:40:00+05:30
149.35,150.0,149.35,149.44,9372.0,1743066900.0,2025-03-27 14:45:00+05:30
149.5,149.71,149.32,149.68,4255.0,1743067200.0,2025-03-27 14:50:00+05:30
149.51,149.61,148.82,149.23,8447.0,1743067500.0,2025-03-27 14:55:00+05:30
149.05,149.22,148.82,149.05,7362.0,1743067800.0,2025-03-27 15:00:00+05:30
148.91,148.91,146.97,147.84,69535.0,1743068100.0,2025-03-27 15:05:00+05:30
148.0,148.39,147.84,148.22,13261.0,1743068400.0,2025-03-27 15:10:00+05:30
148.36,148.57,147.82,147.82,26450.0,1743068700.0,2025-03-27 15:15:00+05:30
148.39,148.5,147.53,148.06,19090.0,1743069000.0,2025-03-27 15:20:00+05:30
147.9,150.0,147.1,150.0,25215.0,1743069300.0,2025-03-27 15:25:00+05:30
148.04,152.38,147.44,151.19,9489.0,1743133500.0,2025-03-28 09:15:00+05:30
151.45,152.24,150.62,150.78,5489.0,1743133800.0,2025-03-28 09:20:00+05:30
150.99,151.19,150.12,150.66,5823.0,1743134100.0,2025-03-28 09:25:00+05:30
150.65,151.4,150.26,150.54,4354.0,1743134400.0,2025-03-28 09:30:00+05:30
150.51,150.78,150.17,150.2,3055.0,1743134700.0,2025-03-28 09:35:00+05:30
150.15,150.68,150.12,150.41,1585.0,1743135000.0,2025-03-28 09:40:00+05:30
150.35,150.68,150.1,150.11,2425.0,1743135300.0,2025-03-28 09:45:00+05:30
150.1,150.59,149.92,150.39,11521.0,1743135600.0,2025-03-28 09:50:00+05:30
150.44,150.64,150.08,150.43,2260.0,1743135900.0,2025-03-28 09:55:00+05:30
150.15,150.81,149.9,150.8,3090.0,1743136200.0,2025-03-28 10:00:00+05:30
150.64,151.64,150.63,151.37,3669.0,1743136500.0,2025-03-28 10:05:00+05:30
151.15,151.73,151.1,151.42,1559.0,1743136800.0,2025-03-28 10:10:00+05:30
151.5,151.62,151.18,151.18,2851.0,1743137100.0,2025-03-28 10:15:00+05:30
151.34,151.42,150.73,151.0,4248.0,1743137400.0,2025-03-28 10:20:00+05:30
151.0,151.38,150.82,150.82,1441.0,1743137700.0,2025-03-28 10:25:00+05:30
150.84,151.31,150.76,150.97,1716.0,1743138000.0,2025-03-28 10:30:00+05:30
151.22,151.79,150.61,151.74,4975.0,1743138300.0,2025-03-28 10:35:00+05:30
151.53,151.74,151.22,151.43,316.0,1743138600.0,2025-03-28 10:40:00+05:30
151.44,151.66,151.3,151.49,272.0,1743138900.0,2025-03-28 10:45:00+05:30
151.66,151.84,151.44,151.84,916.0,1743139200.0,2025-03-28 10:50:00+05:30
151.84,151.84,151.42,151.42,387.0,1743139500.0,2025-03-28 10:55:00+05:30
151.38,151.4,151.11,151.13,1041.0,1743139800.0,2025-03-28 11:00:00+05:30
151.13,151.58,151.09,151.41,708.0,1743140100.0,2025-03-28 11:05:00+05:30
151.56,151.79,151.41,151.76,506.0,1743140400.0,2025-03-28 11:10:00+05:30
151.76,151.79,151.46,151.49,553.0,1743140700.0,2025-03-28 11:15:00+05:30
151.44,151.66,151.42,151.66,518.0,1743141000.0,2025-03-28 11:20:00+05:30
151.66,151.66,151.3,151.3,2217.0,1743141300.0,2025-03-28 11:25:00+05:30
151.3,151.3,151.0,151.0,126.0,1743141600.0,2025-03-28 11:30:00+05:30
151.0,151.4,151.0,151.16,282.0,1743141900.0,2025-03-28 11:35:00+05:30
151.2,151.38,151.2,151.22,165.0,1743142200.0,2025-03-28 11:40:00+05:30
151.16,151.16,150.73,150.75,5618.0,1743142500.0,2025-03-28 11:45:00+05:30
150.98,151.0,150.73,151.0,351.0,1743142800.0,2025-03-28 11:50:00+05:30
150.69,150.96,150.5,150.96,1162.0,1743143100.0,2025-03-28 11:55:00+05:30
150.96,150.98,150.61,150.98,5781.0,1743143400.0,2025-03-28 12:00:00+05:30
151.01,151.01,150.33,150.59,3479.0,1743143700.0,2025-03-28 12:05:00+05:30
150.59,150.61,150.34,150.56,2214.0,1743144000.0,2025-03-28 12:10:00+05:30
150.3,150.52,150.1,150.1,3193.0,1743144300.0,2025-03-28 12:15:00+05:30
150.1,150.37,150.06,150.37,3080.0,1743144600.0,2025-03-28 12:20:00+05:30
150.43,150.43,150.09,150.15,4607.0,1743144900.0,2025-03-28 12:25:00+05:30
149.95,149.95,149.5,149.74,1960.0,1743145200.0,2025-03-28 12:30:00+05:30
149.71,149.83,149.36,149.59,4620.0,1743145500.0,2025-03-28 12:35:00+05:30
149.58,149.99,149.58,149.99,1729.0,1743145800.0,2025-03-28 12:40:00+05:30
149.99,150.0,149.75,149.84,776.0,1743146100.0,2025-03-28 12:45:00+05:30
149.9,150.15,149.53,149.74,966.0,1743146400.0,2025-03-28 12:50:00+05:30
149.74,150.19,149.52,150.01,5451.0,1743146700.0,2025-03-28 12:55:00+05:30
149.95,149.99,149.4,149.4,2692.0,1743147000.0,2025-03-28 13:00:00+05:30
149.49,149.7,149.11,149.7,4047.0,1743147300.0,2025-03-28 13:05:00+05:30
149.78,150.23,149.78,150.23,2395.0,1743147600.0,2025-03-28 13:10:00+05:30
150.02,150.02,149.98,149.98,33.0,1743147900.0,2025-03-28 13:15:00+05:30
149.79,149.98,149.57,149.57,1121.0,1743148200.0,2025-03-28 13:20:00+05:30
149.66,150.06,149.51,149.78,9035.0,1743148500.0,2025-03-28 13:25:00+05:30
149.78,149.86,149.72,149.72,301.0,1743148800.0,2025-03-28 13:30:00+05:30
149.73,149.78,149.73,149.78,628.0,1743149100.0,2025-03-28 13:35:00+05:30
149.78,149.78,149.26,149.48,3009.0,1743149400.0,2025-03-28 13:40:00+05:30
149.29,149.54,149.23,149.23,526.0,1743149700.0,2025-03-28 13:45:00+05:30
149.11,149.23,149.0,149.23,6636.0,1743150000.0,2025-03-28 13:50:00+05:30
149.22,149.69,149.22,149.46,1300.0,1743150300.0,2025-03-28 13:55:00+05:30
149.3,149.3,149.22,149.22,142.0,1743150600.0,2025-03-28 14:00:00+05:30
149.22,149.35,149.11,149.35,231.0,1743150900.0,2025-03-28 14:05:00+05:30
149.13,149.3,149.0,149.25,3731.0,1743151200.0,2025-03-28 14:10:00+05:30
149.1,149.1,148.41,148.65,21024.0,1743151500.0,2025-03-28 14:15:00+05:30
148.66,148.75,148.45,148.45,2260.0,1743151800.0,2025-03-28 14:20:00+05:30
148.0,148.31,146.35,146.82,17889.0,1743152100.0,2025-03-28 14:25:00+05:30
146.65,147.77,146.65,147.63,19686.0,1743152400.0,2025-03-28 14:30:00+05:30
147.67,147.99,147.1,147.67,3549.0,1743152700.0,2025-03-28 14:35:00+05:30
147.66,147.66,146.77,146.89,2553.0,1743153000.0,2025-03-28 14:40:00+05:30
146.99,147.19,146.4,146.7,3348.0,1743153300.0,2025-03-28 14:45:00+05:30
146.79,147.16,146.66,147.16,5990.0,1743153600.0,2025-03-28 14:50:00+05:30
147.16,147.17,146.05,146.92,5005.0,1743153900.0,2025-03-28 14:55:00+05:30
146.92,146.98,146.43,146.6,3257.0,1743154200.0,2025-03-28 15:00:00+05:30
146.61,146.88,146.5,146.76,2090.0,1743154500.0,2025-03-28 15:05:00+05:30
146.63,146.75,146.0,146.15,4809.0,1743154800.0,2025-03-28 15:10:00+05:30
146.15,146.39,145.38,145.84,9206.0,1743155100.0,2025-03-28 15:15:00+05:30
146.02,147.41,145.62,146.76,13690.0,1743155400.0,2025-03-28 15:20:00+05:30
146.61,146.76,145.1,146.5,15898.0,1743155700.0,2025-03-28 15:25:00+05:30
147.99,147.99,145.76,146.33,6857.0,1743479100.0,2025-04-01 09:15:00+05:30
146.3,146.79,145.7,145.7,2991.0,1743479400.0,2025-04-01 09:20:00+05:30
145.58,146.5,145.3,146.26,3170.0,1743479700.0,2025-04-01 09:25:00+05:30
146.29,147.72,146.29,147.72,2261.0,1743480000.0,2025-04-01 09:30:00+05:30
147.75,148.83,147.75,148.47,2818.0,1743480300.0,2025-04-01 09:35:00+05:30
148.47,149.0,148.27,149.0,3009.0,1743480600.0,2025-04-01 09:40:00+05:30
148.81,149.8,148.81,149.38,5310.0,1743480900.0,2025-04-01 09:45:00+05:30
149.38,149.99,149.38,149.73,1308.0,1743481200.0,2025-04-01 09:50:00+05:30
149.52,149.69,149.23,149.46,3442.0,1743481500.0,2025-04-01 09:55:00+05:30
149.4,150.23,149.39,150.15,2049.0,1743481800.0,2025-04-01 10:00:00+05:30
150.4,150.76,149.72,150.01,3870.0,1743482100.0,2025-04-01 10:05:00+05:30
149.82,150.07,149.4,149.57,1154.0,1743482400.0,2025-04-01 10:10:00+05:30
149.31,149.64,149.31,149.38,586.0,1743482700.0,2025-04-01 10:15:00+05:30
149.38,149.57,148.54,148.54,1392.0,1743483000.0,2025-04-01 10:20:00+05:30
148.65,149.04,148.65,148.66,3038.0,1743483300.0,2025-04-01 10:25:00+05:30
148.83,148.83,148.55,148.78,479.0,1743483600.0,2025-04-01 10:30:00+05:30
148.63,148.75,145.81,145.95,38087.0,1743483900.0,2025-04-01 10:35:00+05:30
146.14,146.14,144.8,145.6,20001.0,1743484200.0,2025-04-01 10:40:00+05:30
145.84,146.12,144.74,145.0,25227.0,1743484500.0,2025-04-01 10:45:00+05:30
144.8,145.51,144.8,145.49,3380.0,1743484800.0,2025-04-01 10:50:00+05:30
145.31,145.48,144.96,145.01,4246.0,1743485100.0,2025-04-01 10:55:00+05:30
145.22,145.4,144.91,145.27,1713.0,1743485400.0,2025-04-01 11:00:00+05:30
145.11,145.36,144.79,145.24,1606.0,1743485700.0,2025-04-01 11:05:00+05:30
145.25,145.25,144.69,144.92,1964.0,1743486000.0,2025-04-01 11:10:00+05:30
144.0,144.46,143.71,144.34,15308.0,1743486300.0,2025-04-01 11:15:00+05:30
144.42,144.66,144.16,144.43,4080.0,1743486600.0,2025-04-01 11:20:00+05:30
144.33,144.46,144.16,144.4,1720.0,1743486900.0,2025-04-01 11:25:00+05:30
144.41,144.41,143.4,144.0,8243.0,1743487200.0,2025-04-01 11:30:00+05:30
143.95,144.06,143.61,143.75,557.0,1743487500.0,2025-04-01 11:35:00+05:30
143.71,143.78,143.49,143.49,988.0,1743487800.0,2025-04-01 11:40:00+05:30
143.56,143.75,143.4,143.67,720.0,1743488100.0,2025-04-01 11:45:00+05:30
143.78,143.94,143.68,143.8,530.0,1743488400.0,2025-04-01 11:50:00+05:30
143.67,143.84,143.2,143.56,1212.0,1743488700.0,2025-04-01 11:55:00+05:30
143.56,143.69,143.41,143.57,1249.0,1743489000.0,2025-04-01 12:00:00+05:30
143.6,144.2,143.6,144.2,1454.0,1743489300.0,2025-04-01 12:05:00+05:30
144.21,144.48,144.21,144.39,1952.0,1743489600.0,2025-04-01 12:10:00+05:30
144.39,144.43,144.21,144.37,431.0,1743489900.0,2025-04-01 12:15:00+05:30
144.42,144.5,144.2,144.42,3595.0,1743490200.0,2025-04-01 12:20:00+05:30
144.47,144.95,144.42,144.72,4687.0,1743490500.0,2025-04-01 12:25:00+05:30
144.84,144.92,144.68,144.89,322.0,1743490800.0,2025-04-01 12:30:00+05:30
144.89,145.2,144.89,145.2,6507.0,1743491100.0,2025-04-01 12:35:00+05:30
145.2,145.34,145.2,145.34,865.0,1743491400.0,2025-04-01 12:40:00+05:30
145.34,145.49,145.17,145.39,2181.0,1743491700.0,2025-04-01 12:45:00+05:30
145.49,145.49,144.85,144.99,1264.0,1743492000.0,2025-04-01 12:50:00+05:30
144.99,145.4,144.96,145.35,562.0,1743492300.0,2025-04-01 12:55:00+05:30
145.2,145.5,145.2,145.5,364.0,1743492600.0,2025-04-01 13:00:00+05:30
145.5,145.7,145.47,145.7,1241.0,1743492900.0,2025-04-01 13:05:00+05:30
145.73,145.89,145.56,145.69,1517.0,1743493200.0,2025-04-01 13:10:00+05:30
145.69,145.72,145.42,145.42,341.0,1743493500.0,2025-04-01 13:15:00+05:30
145.64,145.64,145.18,145.5,597.0,1743493800.0,2025-04-01 13:20:00+05:30
145.29,145.48,145.29,145.48,190.0,1743494100.0,2025-04-01 13:25:00+05:30
145.53,145.89,145.37,145.71,736.0,1743494400.0,2025-04-01 13:30:00+05:30
145.71,145.78,145.49,145.78,467.0,1743494700.0,2025-04-01 13:35:00+05:30
145.77,145.77,145.53,145.77,583.0,1743495000.0,2025-04-01 13:40:00+05:30
145.56,145.74,145.5,145.74,548.0,1743495300.0,2025-04-01 13:45:00+05:30
145.74,145.99,145.6,145.9,967.0,1743495600.0,2025-04-01 13:50:00+05:30
145.89,145.99,145.44,145.44,10372.0,1743495900.0,2025-04-01 13:55:00+05:30
145.59,146.15,145.44,146.15,5437.0,1743496200.0,2025-04-01 14:00:00+05:30
146.45,146.94,146.3,146.36,1982.0,1743496500.0,2025-04-01 14:05:00+05:30
146.32,146.32,146.15,146.3,601.0,1743496800.0,2025-04-01 14:10:00+05:30
146.3,146.41,146.15,146.41,624.0,1743497100.0,2025-04-01 14:15:00+05:30
146.23,146.67,146.13,146.47,2639.0,1743497400.0,2025-04-01 14:20:00+05:30
146.65,146.82,146.54,146.54,674.0,1743497700.0,2025-04-01 14:25:00+05:30
146.54,146.54,146.22,146.4,1463.0,1743498000.0,2025-04-01 14:30:00+05:30
146.4,146.4,145.64,145.89,11180.0,1743498300.0,2025-04-01 14:35:00+05:30
145.89,146.12,145.64,146.03,2672.0,1743498600.0,2025-04-01 14:40:00+05:30
146.14,146.21,145.71,145.81,5549.0,1743498900.0,2025-04-01 14:45:00+05:30
145.93,146.09,145.73,145.99,692.0,1743499200.0,2025-04-01 14:50:00+05:30
145.98,146.39,145.98,146.35,6142.0,1743499500.0,2025-04-01 14:55:00+05:30
146.35,146.35,145.8,145.8,1970.0,1743499800.0,2025-04-01 15:00:00+05:30
145.95,145.98,145.81,145.98,236.0,1743500100.0,2025-04-01 15:05:00+05:30
145.98,146.0,145.54,145.95,1371.0,1743500400.0,2025-04-01 15:10:00+05:30
145.87,146.19,145.61,146.16,3792.0,1743500700.0,2025-04-01 15:15:00+05:30
146.3,146.3,145.6,145.9,9068.0,1743501000.0,2025-04-01 15:20:00+05:30
145.6,146.8,145.22,145.5,7424.0,1743501300.0,2025-04-01 15:25:00+05:30
147.44,147.44,142.02,143.49,25896.0,1743565500.0,2025-04-02 09:15:00+05:30
143.1,143.1,140.59,142.13,33712.0,1743565800.0,2025-04-02 09:20:00+05:30
141.85,143.78,141.85,143.28,10578.0,1743566100.0,2025-04-02 09:25:00+05:30
143.13,144.54,142.87,144.54,5798.0,1743566400.0,2025-04-02 09:30:00+05:30
144.43,144.5,143.76,143.98,4350.0,1743566700.0,2025-04-02 09:35:00+05:30
144.13,144.5,143.79,144.08,4339.0,1743567000.0,2025-04-02 09:40:00+05:30
143.89,144.08,142.81,143.66,9546.0,1743567300.0,2025-04-02 09:45:00+05:30
143.8,144.15,143.62,143.87,4709.0,1743567600.0,2025-04-02 09:50:00+05:30
143.65,144.18,143.01,143.04,4061.0,1743567900.0,2025-04-02 09:55:00+05:30
143.25,143.62,143.14,143.41,2164.0,1743568200.0,2025-04-02 10:00:00+05:30
143.22,143.49,142.7,142.72,6201.0,1743568500.0,2025-04-02 10:05:00+05:30
142.98,144.5,142.82,144.25,43380.0,1743568800.0,2025-04-02 10:10:00+05:30
144.35,145.75,144.3,145.75,36122.0,1743569100.0,2025-04-02 10:15:00+05:30
145.55,146.45,144.9,146.26,55934.0,1743569400.0,2025-04-02 10:20:00+05:30
146.23,146.23,142.21,142.94,128239.0,1743569700.0,2025-04-02 10:25:00+05:30
143.06,143.23,142.58,142.93,2818.0,1743570000.0,2025-04-02 10:30:00+05:30
142.79,143.49,142.79,143.4,3378.0,1743570300.0,2025-04-02 10:35:00+05:30
143.42,144.48,143.37,144.37,13677.0,1743570600.0,2025-04-02 10:40:00+05:30
144.54,144.9,144.42,144.9,1383.0,1743570900.0,2025-04-02 10:45:00+05:30
144.9,145.31,144.61,145.0,7399.0,1743571200.0,2025-04-02 10:50:00+05:30
145.16,146.39,144.74,146.28,14792.0,1743571500.0,2025-04-02 10:55:00+05:30
146.45,146.45,145.25,145.69,9212.0,1743571800.0,2025-04-02 11:00:00+05:30
145.69,145.77,145.35,145.35,1360.0,1743572100.0,2025-04-02 11:05:00+05:30
145.42,145.8,145.21,145.41,1147.0,1743572400.0,2025-04-02 11:10:00+05:30
145.21,145.21,144.62,144.96,1895.0,1743572700.0,2025-04-02 11:15:00+05:30
145.0,145.22,144.62,145.0,1829.0,1743573000.0,2025-04-02 11:20:00+05:30
145.0,145.61,145.0,145.27,729.0,1743573300.0,2025-04-02 11:25:00+05:30
145.43,146.01,145.33,146.01,2661.0,1743573600.0,2025-04-02 11:30:00+05:30
145.86,146.44,145.64,145.92,1717.0,1743573900.0,2025-04-02 11:35:00+05:30
146.08,146.12,145.38,145.56,2099.0,1743574200.0,2025-04-02 11:40:00+05:30
145.79,145.98,145.61,145.87,1225.0,1743574500.0,2025-04-02 11:45:00+05:30
145.87,145.87,145.32,145.67,847.0,1743574800.0,2025-04-02 11:50:00+05:30
145.69,145.93,145.55,145.59,845.0,1743575100.0,2025-04-02 11:55:00+05:30
145.67,147.25,145.23,147.01,5319.0,1743575400.0,2025-04-02 12:00:00+05:30
146.79,146.99,146.14,146.14,2485.0,1743575700.0,2025-04-02 12:05:00+05:30
146.28,146.46,146.04,146.34,759.0,1743576000.0,2025-04-02 12:10:00+05:30
146.14,146.43,146.14,146.29,1638.0,1743576300.0,2025-04-02 12:15:00+05:30
146.12,146.33,146.12,146.33,286.0,1743576600.0,2025-04-02 12:20:00+05:30
146.33,146.5,146.09,146.5,1117.0,1743576900.0,2025-04-02 12:25:00+05:30
146.5,146.5,146.13,146.5,1364.0,1743577200.0,2025-04-02 12:30:00+05:30
146.63,147.21,146.49,147.21,3847.0,1743577500.0,2025-04-02 12:35:00+05:30
147.05,147.43,146.96,147.19,3164.0,1743577800.0,2025-04-02 12:40:00+05:30
147.37,147.58,147.19,147.19,1829.0,1743578100.0,2025-04-02 12:45:00+05:30
147.2,147.24,146.8,146.9,2138.0,1743578400.0,2025-04-02 12:50:00+05:30
147.0,147.28,146.8,147.28,785.0,1743578700.0,2025-04-02 12:55:00+05:30
147.28,147.39,147.18,147.18,3585.0,1743579000.0,2025-04-02 13:00:00+05:30
147.31,147.48,147.04,147.19,1110.0,1743579300.0,2025-04-02 13:05:00+05:30
147.19,147.3,146.97,147.01,1113.0,1743579600.0,2025-04-02 13:10:00+05:30
147.01,147.02,146.6,147.0,951.0,1743579900.0,2025-04-02 13:15:00+05:30
146.98,146.99,146.73,146.73,410.0,1743580200.0,2025-04-02 13:20:00+05:30
146.69,147.0,146.69,146.85,573.0,1743580500.0,2025-04-02 13:25:00+05:30
147.02,147.02,146.67,146.67,579.0,1743580800.0,2025-04-02 13:30:00+05:30
146.63,146.8,146.51,146.74,447.0,1743581100.0,2025-04-02 13:35:00+05:30
146.57,146.77,146.41,146.77,984.0,1743581400.0,2025-04-02 13:40:00+05:30
146.8,146.8,146.49,146.57,409.0,1743581700.0,2025-04-02 13:45:00+05:30
146.49,146.63,146.49,146.6,384.0,1743582000.0,2025-04-02 13:50:00+05:30
146.6,147.1,146.46,147.1,1533.0,1743582300.0,2025-04-02 13:55:00+05:30
147.1,147.57,147.1,147.23,3206.0,1743582600.0,2025-04-02 14:00:00+05:30
147.11,147.39,147.09,147.39,1167.0,1743582900.0,2025-04-02 14:05:00+05:30
147.24,147.32,146.92,146.97,1218.0,1743583200.0,2025-04-02 14:10:00+05:30
146.98,147.21,146.98,147.21,1486.0,1743583500.0,2025-04-02 14:15:00+05:30
147.36,147.36,146.94,146.94,812.0,1743583800.0,2025-04-02 14:20:00+05:30
147.08,147.28,147.03,147.21,993.0,1743584100.0,2025-04-02 14:25:00+05:30
147.2,147.77,147.2,147.58,6427.0,1743584400.0,2025-04-02 14:30:00+05:30
147.63,147.63,147.22,147.28,1220.0,1743584700.0,2025-04-02 14:35:00+05:30
147.49,147.55,147.0,147.55,6050.0,1743585000.0,2025-04-02 14:40:00+05:30
147.6,147.94,147.42,147.42,2055.0,1743585300.0,2025-04-02 14:45:00+05:30
147.55,147.72,147.3,147.43,3509.0,1743585600.0,2025-04-02 14:50:00+05:30
147.53,147.87,147.29,147.46,4667.0,1743585900.0,2025-04-02 14:55:00+05:30
147.4,147.76,147.16,147.71,3327.0,1743586200.0,2025-04-02 15:00:00+05:30
147.72,147.73,147.39,147.53,1883.0,1743586500.0,2025-04-02 15:05:00+05:30
147.59,147.59,147.25,147.42,5466.0,1743586800.0,2025-04-02 15:10:00+05:30
147.41,147.68,147.06,147.57,8054.0,1743587100.0,2025-04-02 15:15:00+05:30
147.21,147.58,147.01,147.45,11549.0,1743587400.0,2025-04-02 15:20:00+05:30
147.3,147.94,146.11,146.15,8786.0,1743587700.0,2025-04-02 15:25:00+05:30
144.0,147.68,144.0,147.68,9862.0,1743651900.0,2025-04-03 09:15:00+05:30
147.56,149.45,147.4,148.01,12231.0,1743652200.0,2025-04-03 09:20:00+05:30
148.65,148.95,147.57,147.87,7596.0,1743652500.0,2025-04-03 09:25:00+05:30
147.86,147.86,146.0,146.26,5336.0,1743652800.0,2025-04-03 09:30:00+05:30
146.55,147.28,146.35,146.66,3090.0,1743653100.0,2025-04-03 09:35:00+05:30
146.69,147.65,146.53,147.65,2260.0,1743653400.0,2025-04-03 09:40:00+05:30
147.64,147.94,146.34,146.34,2247.0,1743653700.0,2025-04-03 09:45:00+05:30
146.34,146.86,146.11,146.15,1741.0,1743654000.0,2025-04-03 09:50:00+05:30
146.1,146.55,145.63,146.55,2375.0,1743654300.0,2025-04-03 09:55:00+05:30
146.55,146.59,146.23,146.59,132.0,1743654600.0,2025-04-03 10:00:00+05:30
146.7,147.41,146.7,146.98,2450.0,1743654900.0,2025-04-03 10:05:00+05:30
146.77,146.78,146.59,146.62,447.0,1743655200.0,2025-04-03 10:10:00+05:30
146.85,146.85,146.36,146.63,714.0,1743655500.0,2025-04-03 10:15:00+05:30
146.84,147.0,146.77,147.0,310.0,1743655800.0,2025-04-03 10:20:00+05:30
147.0,147.0,146.42,146.42,1438.0,1743656100.0,2025-04-03 10:25:00+05:30
146.71,147.34,146.7,147.34,1010.0,1743656400.0,2025-04-03 10:30:00+05:30
147.45,147.61,147.16,147.52,1086.0,1743656700.0,2025-04-03 10:35:00+05:30
147.52,147.7,147.21,147.24,1320.0,1743657000.0,2025-04-03 10:40:00+05:30
147.44,147.48,147.1,147.37,1326.0,1743657300.0,2025-04-03 10:45:00+05:30
147.37,147.51,147.11,147.39,500.0,1743657600.0,2025-04-03 10:50:00+05:30
147.39,147.62,147.38,147.54,430.0,1743657900.0,2025-04-03 10:55:00+05:30
147.54,147.84,147.53,147.69,1040.0,1743658200.0,2025-04-03 11:00:00+05:30
147.56,147.56,146.63,146.9,3882.0,1743658500.0,2025-04-03 11:05:00+05:30
146.9,147.15,146.69,146.84,603.0,1743658800.0,2025-04-03 11:10:00+05:30
146.91,147.23,146.51,146.61,6041.0,1743659100.0,2025-04-03 11:15:00+05:30
146.61,146.86,146.31,146.51,1018.0,1743659400.0,2025-04-03 11:20:00+05:30
146.57,147.28,146.4,146.84,1365.0,1743659700.0,2025-04-03 11:25:00+05:30
147.05,147.1,146.8,147.1,301.0,1743660000.0,2025-04-03 11:30:00+05:30
147.39,147.39,147.04,147.04,1970.0,1743660300.0,2025-04-03 11:35:00+05:30
147.04,147.47,147.04,147.26,552.0,1743660600.0,2025-04-03 11:40:00+05:30
147.18,147.53,147.18,147.49,362.0,1743660900.0,2025-04-03 11:45:00+05:30
147.3,147.53,147.01,147.36,911.0,1743661200.0,2025-04-03 11:50:00+05:30
147.11,147.25,146.83,147.0,1119.0,1743661500.0,2025-04-03 11:55:00+05:30
147.18,147.18,146.75,147.18,3627.0,1743661800.0,2025-04-03 12:00:00+05:30
146.88,147.18,146.88,147.1,892.0,1743662100.0,2025-04-03 12:05:00+05:30
146.91,146.96,146.69,146.69,632.0,1743662400.0,2025-04-03 12:10:00+05:30
146.69,147.0,146.56,146.8,4896.0,1743662700.0,2025-04-03 12:15:00+05:30
146.8,146.9,146.28,146.28,6800.0,1743663000.0,2025-04-03 12:20:00+05:30
146.27,146.36,146.02,146.36,2501.0,1743663300.0,2025-04-03 12:25:00+05:30
146.33,146.46,146.17,146.19,300.0,1743663600.0,2025-04-03 12:30:00+05:30
146.55,146.57,146.29,146.31,2382.0,1743663900.0,2025-04-03 12:35:00+05:30
146.53,146.6,146.33,146.6,2230.0,1743664200.0,2025-04-03 12:40:00+05:30
146.31,146.33,145.82,145.82,3949.0,1743664500.0,2025-04-03 12:45:00+05:30
145.68,145.96,145.68,145.91,269.0,1743664800.0,2025-04-03 12:50:00+05:30
145.91,145.91,145.51,145.54,1066.0,1743665100.0,2025-04-03 12:55:00+05:30
145.73,145.77,145.65,145.65,109.0,1743665400.0,2025-04-03 13:00:00+05:30
145.65,145.85,145.58,145.81,2314.0,1743665700.0,2025-04-03 13:05:00+05:30
145.84,145.91,145.6,145.91,2007.0,1743666000.0,2025-04-03 13:10:00+05:30
145.9,145.9,145.41,145.41,667.0,1743666300.0,2025-04-03 13:15:00+05:30
145.23,145.48,145.23,145.48,213.0,1743666600.0,2025-04-03 13:20:00+05:30
145.48,145.8,145.48,145.71,423.0,1743666900.0,2025-04-03 13:25:00+05:30
145.71,145.79,145.51,145.65,1522.0,1743667200.0,2025-04-03 13:30:00+05:30
145.51,145.7,145.5,145.59,4093.0,1743667500.0,2025-04-03 13:35:00+05:30
145.59,146.06,145.59,145.93,3497.0,1743667800.0,2025-04-03 13:40:00+05:30
145.8,145.9,145.7,145.73,1187.0,1743668100.0,2025-04-03 13:45:00+05:30
145.54,145.89,145.54,145.89,782.0,1743668400.0,2025-04-03 13:50:00+05:30
145.89,146.02,145.89,146.0,127.0,1743668700.0,2025-04-03 13:55:00+05:30
145.8,146.0,145.8,145.82,2629.0,1743669000.0,2025-04-03 14:00:00+05:30
146.0,146.15,145.88,146.04,4214.0,1743669300.0,2025-04-03 14:05:00+05:30
146.07,146.15,146.05,146.05,1348.0,1743669600.0,2025-04-03 14:10:00+05:30
146.05,146.1,145.88,146.07,1188.0,1743669900.0,2025-04-03 14:15:00+05:30
145.91,146.03,145.81,146.03,1628.0,1743670200.0,2025-04-03 14:20:00+05:30
146.03,146.03,145.67,145.92,5914.0,1743670500.0,2025-04-03 14:25:00+05:30
145.76,145.97,145.7,145.94,711.0,1743670800.0,2025-04-03 14:30:00+05:30
145.94,145.95,145.5,145.69,1197.0,1743671100.0,2025-04-03 14:35:00+05:30
145.6,145.86,145.6,145.8,796.0,1743671400.0,2025-04-03 14:40:00+05:30
145.77,145.77,145.62,145.63,392.0,1743671700.0,2025-04-03 14:45:00+05:30
145.67,145.96,145.67,145.8,561.0,1743672000.0,2025-04-03 14:50:00+05:30
145.77,145.89,145.73,145.76,136.0,1743672300.0,2025-04-03 14:55:00+05:30
145.89,145.99,145.74,145.83,884.0,1743672600.0,2025-04-03 15:00:00+05:30
145.97,146.51,145.75,146.44,6829.0,1743672900.0,2025-04-03 15:05:00+05:30
146.38,146.83,146.11,146.55,3126.0,1743673200.0,2025-04-03 15:10:00+05:30
146.66,146.94,146.49,146.94,2489.0,1743673500.0,2025-04-03 15:15:00+05:30
146.94,147.0,146.21,146.21,6265.0,1743673800.0,2025-04-03 15:20:00+05:30
146.21,147.0,146.0,146.5,4737.0,1743674100.0,2025-04-03 15:25:00+05:30
145.65,146.48,143.0,143.28,6523.0,1743738300.0,2025-04-04 09:15:00+05:30
143.1,143.39,142.5,142.82,9157.0,1743738600.0,2025-04-04 09:20:00+05:30
142.81,143.23,142.47,142.74,4458.0,1743738900.0,2025-04-04 09:25:00+05:30
143.04,143.48,142.71,143.26,4328.0,1743739200.0,2025-04-04 09:30:00+05:30
143.25,144.07,143.23,143.85,4681.0,1743739500.0,2025-04-04 09:35:00+05:30
143.98,144.18,143.85,143.85,1192.0,1743739800.0,2025-04-04 09:40:00+05:30
143.65,143.8,142.9,142.9,3207.0,1743740100.0,2025-04-04 09:45:00+05:30
142.8,142.84,142.01,142.24,4561.0,1743740400.0,2025-04-04 09:50:00+05:30
142.22,142.86,142.2,142.77,4013.0,1743740700.0,2025-04-04 09:55:00+05:30
142.71,142.8,142.2,142.48,2037.0,1743741000.0,2025-04-04 10:00:00+05:30
142.46,142.98,142.32,142.61,1817.0,1743741300.0,2025-04-04 10:05:00+05:30
142.44,142.84,142.0,142.0,4820.0,1743741600.0,2025-04-04 10:10:00+05:30
141.8,142.44,141.6,142.26,2920.0,1743741900.0,2025-04-04 10:15:00+05:30
142.14,142.24,141.5,141.65,2739.0,1743742200.0,2025-04-04 10:20:00+05:30
141.51,141.63,141.42,141.59,895.0,1743742500.0,2025-04-04 10:25:00+05:30
141.47,142.01,141.47,141.85,4358.0,1743742800.0,2025-04-04 10:30:00+05:30
141.7,142.23,141.6,142.08,3601.0,1743743100.0,2025-04-04 10:35:00+05:30
142.05,142.51,141.95,142.51,2218.0,1743743400.0,2025-04-04 10:40:00+05:30
142.47,142.59,142.17,142.22,958.0,1743743700.0,2025-04-04 10:45:00+05:30
142.3,142.9,142.3,142.76,7310.0,1743744000.0,2025-04-04 10:50:00+05:30
142.88,143.11,142.75,142.75,2032.0,1743744300.0,2025-04-04 10:55:00+05:30
142.75,142.98,142.42,142.86,1126.0,1743744600.0,2025-04-04 11:00:00+05:30
142.86,142.86,142.13,142.39,1145.0,1743744900.0,2025-04-04 11:05:00+05:30
142.38,142.42,142.28,142.28,1637.0,1743745200.0,2025-04-04 11:10:00+05:30
142.31,142.48,142.15,142.17,830.0,1743745500.0,2025-04-04 11:15:00+05:30
142.16,142.16,141.8,141.83,2292.0,1743745800.0,2025-04-04 11:20:00+05:30
141.84,141.91,141.65,141.9,790.0,1743746100.0,2025-04-04 11:25:00+05:30
141.89,141.99,141.76,141.99,247.0,1743746400.0,2025-04-04 11:30:00+05:30
142.0,142.0,141.7,141.7,2756.0,1743746700.0,2025-04-04 11:35:00+05:30
141.7,142.16,141.7,142.16,6601.0,1743747000.0,2025-04-04 11:40:00+05:30
142.15,142.5,142.15,142.26,666.0,1743747300.0,2025-04-04 11:45:00+05:30
142.4,142.4,142.11,142.23,2063.0,1743747600.0,2025-04-04 11:50:00+05:30
142.29,142.51,142.25,142.25,158.0,1743747900.0,2025-04-04 11:55:00+05:30
142.23,142.35,142.06,142.06,201.0,1743748200.0,2025-04-04 12:00:00+05:30
142.06,142.37,142.06,142.37,647.0,1743748500.0,2025-04-04 12:05:00+05:30
142.37,142.41,142.11,142.11,1195.0,1743748800.0,2025-04-04 12:10:00+05:30
142.23,142.56,142.23,142.55,967.0,1743749100.0,2025-04-04 12:15:00+05:30
142.38,142.69,142.29,142.29,2530.0,1743749400.0,2025-04-04 12:20:00+05:30
142.29,142.45,142.29,142.45,210.0,1743749700.0,2025-04-04 12:25:00+05:30
142.45,142.45,142.11,142.11,653.0,1743750000.0,2025-04-04 12:30:00+05:30
142.11,142.21,141.9,142.21,1293.0,1743750300.0,2025-04-04 12:35:00+05:30
142.45,142.45,142.2,142.2,794.0,1743750600.0,2025-04-04 12:40:00+05:30
142.16,142.19,141.39,141.45,5660.0,1743750900.0,2025-04-04 12:45:00+05:30
141.44,141.44,141.1,141.35,689.0,1743751200.0,2025-04-04 12:50:00+05:30
141.04,141.31,141.0,141.01,3847.0,1743751500.0,2025-04-04 12:55:00+05:30
141.25,141.25,140.91,141.18,277.0,1743751800.0,2025-04-04 13:00:00+05:30
141.18,141.18,141.15,141.15,283.0,1743752100.0,2025-04-04 13:05:00+05:30
140.89,141.15,140.8,140.92,939.0,1743752400.0,2025-04-04 13:10:00+05:30
140.68,141.19,140.68,141.04,1976.0,1743752700.0,2025-04-04 13:15:00+05:30
141.0,141.34,140.92,141.26,1999.0,1743753000.0,2025-04-04 13:20:00+05:30
141.27,141.29,141.14,141.2,659.0,1743753300.0,2025-04-04 13:25:00+05:30
141.2,141.51,141.2,141.45,401.0,1743753600.0,2025-04-04 13:30:00+05:30
141.51,141.51,141.17,141.3,1219.0,1743753900.0,2025-04-04 13:35:00+05:30
141.38,141.38,140.7,140.89,1117.0,1743754200.0,2025-04-04 13:40:00+05:30
140.72,140.79,140.54,140.74,660.0,1743754500.0,2025-04-04 13:45:00+05:30
140.82,141.39,140.69,140.85,2544.0,1743754800.0,2025-04-04 13:50:00+05:30
140.85,140.85,140.0,140.25,9398.0,1743755100.0,2025-04-04 13:55:00+05:30
140.25,140.25,139.77,139.77,8790.0,1743755400.0,2025-04-04 14:00:00+05:30
139.98,140.2,139.72,139.74,2236.0,1743755700.0,2025-04-04 14:05:00+05:30
139.72,140.01,139.51,140.01,1416.0,1743756000.0,2025-04-04 14:10:00+05:30
140.15,140.18,139.81,139.93,2519.0,1743756300.0,2025-04-04 14:15:00+05:30
139.78,139.93,139.56,139.76,2255.0,1743756600.0,2025-04-04 14:20:00+05:30
139.76,139.99,139.61,139.97,1984.0,1743756900.0,2025-04-04 14:25:00+05:30
139.92,139.97,139.9,139.94,1045.0,1743757200.0,2025-04-04 14:30:00+05:30
139.9,140.01,139.51,139.58,2730.0,1743757500.0,2025-04-04 14:35:00+05:30
139.51,139.61,139.38,139.38,1780.0,1743757800.0,2025-04-04 14:40:00+05:30
139.51,140.25,139.35,140.25,2482.0,1743758100.0,2025-04-04 14:45:00+05:30
140.5,141.08,140.45,140.86,1434.0,1743758400.0,2025-04-04 14:50:00+05:30
140.91,141.27,140.88,141.17,2745.0,1743758700.0,2025-04-04 14:55:00+05:30
141.07,141.34,139.61,139.93,6639.0,1743759000.0,2025-04-04 15:00:00+05:30
139.86,140.45,139.86,140.29,3264.0,1743759300.0,2025-04-04 15:05:00+05:30
140.4,140.68,139.98,140.4,2163.0,1743759600.0,2025-04-04 15:10:00+05:30
140.51,140.96,140.0,140.35,7897.0,1743759900.0,2025-04-04 15:15:00+05:30
140.35,140.68,140.11,140.55,6883.0,1743760200.0,2025-04-04 15:20:00+05:30
140.15,140.55,140.0,140.55,12070.0,1743760500.0,2025-04-04 15:25:00+05:30
130.0,132.19,125.55,129.82,22671.0,1743997500.0,2025-04-07 09:15:00+05:30
128.76,134.09,128.76,133.16,15087.0,1743997800.0,2025-04-07 09:20:00+05:30
132.72,134.55,132.72,134.1,7104.0,1743998100.0,2025-04-07 09:25:00+05:30
133.51,133.79,131.82,132.0,17746.0,1743998400.0,2025-04-07 09:30:00+05:30
132.22,132.69,130.83,132.5,9054.0,1743998700.0,2025-04-07 09:35:00+05:30
132.48,132.48,129.41,130.57,30675.0,1743999000.0,2025-04-07 09:40:00+05:30
130.53,131.19,130.0,130.89,4799.0,1743999300.0,2025-04-07 09:45:00+05:30
131.22,131.88,130.47,131.17,7449.0,1743999600.0,2025-04-07 09:50:00+05:30
131.17,131.2,129.95,131.2,10177.0,1743999900.0,2025-04-07 09:55:00+05:30
131.2,131.95,130.86,131.49,7237.0,1744000200.0,2025-04-07 10:00:00+05:30
131.22,131.83,130.76,131.22,9246.0,1744000500.0,2025-04-07 10:05:00+05:30
131.48,131.64,130.05,130.78,4796.0,1744000800.0,2025-04-07 10:10:00+05:30
130.97,131.0,130.21,130.57,4069.0,1744001100.0,2025-04-07 10:15:00+05:30
130.77,130.99,130.39,130.51,3298.0,1744001400.0,2025-04-07 10:20:00+05:30
130.51,131.0,130.08,130.84,4734.0,1744001700.0,2025-04-07 10:25:00+05:30
130.91,130.94,130.15,130.57,4714.0,1744002000.0,2025-04-07 10:30:00+05:30
130.6,130.63,130.0,130.59,4366.0,1744002300.0,2025-04-07 10:35:00+05:30
130.59,131.47,130.35,131.47,1502.0,1744002600.0,2025-04-07 10:40:00+05:30
131.3,131.73,130.66,131.73,3092.0,1744002900.0,2025-04-07 10:45:00+05:30
131.79,131.99,131.4,131.73,3331.0,1744003200.0,2025-04-07 10:50:00+05:30
131.79,132.07,131.14,131.48,2507.0,1744003500.0,2025-04-07 10:55:00+05:30
131.56,131.61,131.2,131.54,1784.0,1744003800.0,2025-04-07 11:00:00+05:30
131.5,132.0,131.5,132.0,1164.0,1744004100.0,2025-04-07 11:05:00+05:30
132.0,132.5,131.56,132.5,10101.0,1744004400.0,2025-04-07 11:10:00+05:30
132.81,132.83,132.41,132.64,1342.0,1744004700.0,2025-04-07 11:15:00+05:30
132.49,132.63,131.62,131.77,4784.0,1744005000.0,2025-04-07 11:20:00+05:30
131.7,132.57,131.7,132.55,1325.0,1744005300.0,2025-04-07 11:25:00+05:30
132.55,132.87,132.07,132.87,3501.0,1744005600.0,2025-04-07 11:30:00+05:30
133.0,133.59,133.0,133.2,1686.0,1744005900.0,2025-04-07 11:35:00+05:30
133.21,133.46,132.53,132.53,1777.0,1744006200.0,2025-04-07 11:40:00+05:30
132.7,132.77,132.27,132.59,768.0,1744006500.0,2025-04-07 11:45:00+05:30
132.46,132.58,132.2,132.56,487.0,1744006800.0,2025-04-07 11:50:00+05:30
132.37,132.49,131.81,132.14,2265.0,1744007100.0,2025-04-07 11:55:00+05:30
132.05,132.27,131.81,131.93,1523.0,1744007400.0,2025-04-07 12:00:00+05:30
131.93,132.28,131.61,132.04,883.0,1744007700.0,2025-04-07 12:05:00+05:30
132.05,132.24,131.73,131.95,1905.0,1744008000.0,2025-04-07 12:10:00+05:30
132.09,132.2,131.51,131.53,3189.0,1744008300.0,2025-04-07 12:15:00+05:30
131.7,131.79,131.31,131.31,812.0,1744008600.0,2025-04-07 12:20:00+05:30
131.4,131.71,131.0,131.53,2958.0,1744008900.0,2025-04-07 12:25:00+05:30
131.46,131.52,131.19,131.19,1174.0,1744009200.0,2025-04-07 12:30:00+05:30
131.3,131.99,131.08,131.99,2557.0,1744009500.0,2025-04-07 12:35:00+05:30
132.01,132.06,131.84,132.06,678.0,1744009800.0,2025-04-07 12:40:00+05:30
132.14,132.5,132.14,132.45,1734.0,1744010100.0,2025-04-07 12:45:00+05:30
132.45,132.54,132.32,132.41,572.0,1744010400.0,2025-04-07 12:50:00+05:30
132.15,132.32,132.02,132.31,652.0,1744010700.0,2025-04-07 12:55:00+05:30
132.2,132.55,131.89,132.09,4822.0,1744011000.0,2025-04-07 13:00:00+05:30
132.17,132.75,132.17,132.71,1814.0,1744011300.0,2025-04-07 13:05:00+05:30
132.99,132.99,132.64,132.99,425.0,1744011600.0,2025-04-07 13:10:00+05:30
132.81,133.08,132.8,133.01,439.0,1744011900.0,2025-04-07 13:15:00+05:30
133.0,133.61,132.99,133.58,3416.0,1744012200.0,2025-04-07 13:20:00+05:30
133.64,134.19,133.64,134.19,2039.0,1744012500.0,2025-04-07 13:25:00+05:30
134.15,134.48,133.94,134.05,2336.0,1744012800.0,2025-04-07 13:30:00+05:30
134.19,134.43,133.84,134.43,1822.0,1744013100.0,2025-04-07 13:35:00+05:30
134.45,134.79,134.01,134.43,6591.0,1744013400.0,2025-04-07 13:40:00+05:30
134.44,135.0,134.2,134.61,2921.0,1744013700.0,2025-04-07 13:45:00+05:30
134.55,135.0,134.41,134.76,898.0,1744014000.0,2025-04-07 13:50:00+05:30
134.77,135.33,134.56,135.25,2564.0,1744014300.0,2025-04-07 13:55:00+05:30
135.32,135.49,135.13,135.41,1501.0,1744014600.0,2025-04-07 14:00:00+05:30
135.5,135.9,135.42,135.6,2904.0,1744014900.0,2025-04-07 14:05:00+05:30
135.86,135.98,135.45,135.74,990.0,1744015200.0,2025-04-07 14:10:00+05:30
135.75,136.54,135.68,136.21,4932.0,1744015500.0,2025-04-07 14:15:00+05:30
136.21,136.48,136.18,136.33,965.0,1744015800.0,2025-04-07 14:20:00+05:30
136.33,136.52,136.01,136.51,1267.0,1744016100.0,2025-04-07 14:25:00+05:30
136.51,137.59,136.51,137.27,4180.0,1744016400.0,2025-04-07 14:30:00+05:30
137.23,137.35,136.41,136.73,3244.0,1744016700.0,2025-04-07 14:35:00+05:30
136.74,137.39,136.74,137.18,2506.0,1744017000.0,2025-04-07 14:40:00+05:30
137.19,137.38,136.84,137.15,5093.0,1744017300.0,2025-04-07 14:45:00+05:30
136.97,137.15,136.73,137.07,3052.0,1744017600.0,2025-04-07 14:50:00+05:30
136.86,138.19,136.74,137.5,9131.0,1744017900.0,2025-04-07 14:55:00+05:30
137.61,138.67,137.61,138.51,3664.0,1744018200.0,2025-04-07 15:00:00+05:30
138.41,138.69,138.11,138.45,3211.0,1744018500.0,2025-04-07 15:05:00+05:30
138.31,138.88,138.07,138.73,5339.0,1744018800.0,2025-04-07 15:10:00+05:30
138.52,138.67,137.44,138.19,11788.0,1744019100.0,2025-04-07 15:15:00+05:30
138.22,138.45,137.07,137.95,8839.0,1744019400.0,2025-04-07 15:20:00+05:30
137.95,138.2,137.26,138.2,9196.0,1744019700.0,2025-04-07 15:25:00+05:30
137.91,141.67,137.89,140.28,24849.0,1744083900.0,2025-04-08 09:15:00+05:30
140.27,140.68,139.03,139.54,5758.0,1744084200.0,2025-04-08 09:20:00+05:30
139.31,140.36,139.0,140.01,1637.0,1744084500.0,2025-04-08 09:25:00+05:30
140.08,140.2,139.52,139.57,2647.0,1744084800.0,2025-04-08 09:30:00+05:30
139.38,139.62,139.01,139.5,1684.0,1744085100.0,2025-04-08 09:35:00+05:30
139.62,139.62,138.61,138.98,3099.0,1744085400.0,2025-04-08 09:40:00+05:30
138.99,140.5,138.99,140.34,9378.0,1744085700.0,2025-04-08 09:45:00+05:30
140.49,140.49,140.03,140.22,396.0,1744086000.0,2025-04-08 09:50:00+05:30
139.94,140.29,139.62,139.98,1345.0,1744086300.0,2025-04-08 09:55:00+05:30
140.18,140.18,139.98,140.14,3042.0,1744086600.0,2025-04-08 10:00:00+05:30
140.19,140.26,139.96,140.07,1199.0,1744086900.0,2025-04-08 10:05:00+05:30
140.19,140.28,139.97,140.08,2390.0,1744087200.0,2025-04-08 10:10:00+05:30
140.17,140.34,139.85,140.26,4421.0,1744087500.0,2025-04-08 10:15:00+05:30
140.38,140.4,140.19,140.4,163.0,1744087800.0,2025-04-08 10:20:00+05:30
140.45,140.77,140.39,140.77,2492.0,1744088100.0,2025-04-08 10:25:00+05:30
140.78,140.95,140.54,140.65,1007.0,1744088400.0,2025-04-08 10:30:00+05:30
140.65,140.65,139.8,139.8,2596.0,1744088700.0,2025-04-08 10:35:00+05:30
139.98,140.17,139.81,139.81,300.0,1744089000.0,2025-04-08 10:40:00+05:30
139.81,139.81,139.26,139.54,911.0,1744089300.0,2025-04-08 10:45:00+05:30
139.31,139.47,138.56,139.19,7135.0,1744089600.0,2025-04-08 10:50:00+05:30
139.39,139.5,139.21,139.29,1458.0,1744089900.0,2025-04-08 10:55:00+05:30
139.29,139.55,139.13,139.13,94.0,1744090200.0,2025-04-08 11:00:00+05:30
139.2,139.64,139.19,139.64,1231.0,1744090500.0,2025-04-08 11:05:00+05:30
139.45,139.45,138.9,139.18,648.0,1744090800.0,2025-04-08 11:10:00+05:30
139.1,139.11,138.67,138.94,2016.0,1744091100.0,2025-04-08 11:15:00+05:30
138.94,139.05,138.64,139.05,368.0,1744091400.0,2025-04-08 11:20:00+05:30
139.05,139.05,138.76,138.91,235.0,1744091700.0,2025-04-08 11:25:00+05:30
139.19,139.46,139.16,139.34,1697.0,1744092000.0,2025-04-08 11:30:00+05:30
139.34,139.35,139.02,139.07,2004.0,1744092300.0,2025-04-08 11:35:00+05:30
138.72,138.74,138.32,138.4,5337.0,1744092600.0,2025-04-08 11:40:00+05:30
138.12,138.81,138.12,138.17,1317.0,1744092900.0,2025-04-08 11:45:00+05:30
138.2,138.29,137.63,137.98,3315.0,1744093200.0,2025-04-08 11:50:00+05:30
137.98,137.98,137.86,137.96,156.0,1744093500.0,2025-04-08 11:55:00+05:30
137.96,139.11,137.96,138.95,6835.0,1744093800.0,2025-04-08 12:00:00+05:30
138.95,139.59,138.89,139.0,1668.0,1744094100.0,2025-04-08 12:05:00+05:30
139.07,139.69,139.07,139.69,3157.0,1744094400.0,2025-04-08 12:10:00+05:30
139.69,139.69,139.41,139.59,294.0,1744094700.0,2025-04-08 12:15:00+05:30
139.68,139.99,139.68,139.88,4198.0,1744095000.0,2025-04-08 12:20:00+05:30
139.99,139.99,139.85,139.99,34.0,1744095300.0,2025-04-08 12:25:00+05:30
139.99,140.62,139.99,140.54,3824.0,1744095600.0,2025-04-08 12:30:00+05:30
140.54,140.74,140.23,140.23,1228.0,1744095900.0,2025-04-08 12:35:00+05:30
140.19,140.19,140.0,140.0,349.0,1744096200.0,2025-04-08 12:40:00+05:30
140.35,140.45,140.05,140.16,441.0,1744096500.0,2025-04-08 12:45:00+05:30
140.45,140.47,140.21,140.21,208.0,1744096800.0,2025-04-08 12:50:00+05:30
140.37,140.37,140.15,140.27,27.0,1744097100.0,2025-04-08 12:55:00+05:30
140.22,140.5,140.05,140.5,623.0,1744097400.0,2025-04-08 13:00:00+05:30
140.42,140.43,140.21,140.21,248.0,1744097700.0,2025-04-08 13:05:00+05:30
140.27,140.71,140.27,140.58,1443.0,1744098000.0,2025-04-08 13:10:00+05:30
140.58,140.63,140.17,140.35,366.0,1744098300.0,2025-04-08 13:15:00+05:30
140.36,140.56,140.36,140.42,156.0,1744098600.0,2025-04-08 13:20:00+05:30
140.21,140.56,140.01,140.01,2740.0,1744098900.0,2025-04-08 13:25:00+05:30
140.45,140.45,140.29,140.29,369.0,1744099200.0,2025-04-08 13:30:00+05:30
140.15,140.31,139.68,140.01,2178.0,1744099500.0,2025-04-08 13:35:00+05:30
139.92,140.01,139.75,139.8,950.0,1744099800.0,2025-04-08 13:40:00+05:30
139.96,139.96,139.34,139.34,199.0,1744100100.0,2025-04-08 13:45:00+05:30
139.59,139.59,139.41,139.41,314.0,1744100400.0,2025-04-08 13:50:00+05:30
139.41,139.5,139.41,139.42,3.0,1744100700.0,2025-04-08 13:55:00+05:30
139.5,139.81,139.5,139.5,664.0,1744101000.0,2025-04-08 14:00:00+05:30
139.12,139.6,139.12,139.6,739.0,1744101300.0,2025-04-08 14:05:00+05:30
139.72,140.0,139.72,140.0,452.0,1744101600.0,2025-04-08 14:10:00+05:30
139.74,140.0,139.74,139.99,1014.0,1744101900.0,2025-04-08 14:15:00+05:30
139.99,140.03,139.86,140.03,1217.0,1744102200.0,2025-04-08 14:20:00+05:30
140.1,140.48,140.02,140.48,655.0,1744102500.0,2025-04-08 14:25:00+05:30
140.48,140.48,139.95,140.18,2099.0,1744102800.0,2025-04-08 14:30:00+05:30
140.08,140.23,139.94,140.01,4713.0,1744103100.0,2025-04-08 14:35:00+05:30
140.01,140.59,140.01,140.4,3188.0,1744103400.0,2025-04-08 14:40:00+05:30
140.36,140.59,140.06,140.22,1910.0,1744103700.0,2025-04-08 14:45:00+05:30
140.36,140.79,140.24,140.79,2860.0,1744104000.0,2025-04-08 14:50:00+05:30
140.65,140.65,140.28,140.42,684.0,1744104300.0,2025-04-08 14:55:00+05:30
140.31,140.45,140.15,140.23,212.0,1744104600.0,2025-04-08 15:00:00+05:30
140.23,140.5,140.12,140.29,3559.0,1744104900.0,2025-04-08 15:05:00+05:30
140.23,140.49,140.22,140.22,2887.0,1744105200.0,2025-04-08 15:10:00+05:30
140.23,140.49,140.08,140.29,10228.0,1744105500.0,2025-04-08 15:15:00+05:30
140.28,140.31,139.51,139.61,6292.0,1744105800.0,2025-04-08 15:20:00+05:30
139.61,140.07,139.4,139.74,5289.0,1744106100.0,2025-04-08 15:25:00+05:30
139.7,139.95,137.95,138.38,8403.0,1744170300.0,2025-04-09 09:15:00+05:30
138.37,138.37,137.17,137.18,2650.0,1744170600.0,2025-04-09 09:20:00+05:30
137.04,137.43,136.49,137.28,2842.0,1744170900.0,2025-04-09 09:25:00+05:30
137.23,137.46,136.98,137.24,3870.0,1744171200.0,2025-04-09 09:30:00+05:30
137.43,137.57,137.03,137.03,824.0,1744171500.0,2025-04-09 09:35:00+05:30
137.2,137.94,137.11,137.94,1228.0,1744171800.0,2025-04-09 09:40:00+05:30
137.96,138.33,137.96,138.14,805.0,1744172100.0,2025-04-09 09:45:00+05:30
138.26,138.28,137.91,138.28,1324.0,1744172400.0,2025-04-09 09:50:00+05:30
138.28,138.35,137.98,138.23,986.0,1744172700.0,2025-04-09 09:55:00+05:30
138.28,138.28,138.03,138.26,393.0,1744173000.0,2025-04-09 10:00:00+05:30
138.11,138.35,138.11,138.35,125.0,1744173300.0,2025-04-09 10:05:00+05:30
138.2,138.2,137.78,138.15,734.0,1744173600.0,2025-04-09 10:10:00+05:30
138.19,138.29,137.88,138.29,637.0,1744173900.0,2025-04-09 10:15:00+05:30
138.29,138.34,138.29,138.34,41.0,1744174200.0,2025-04-09 10:20:00+05:30
138.34,138.35,138.24,138.35,117.0,1744174500.0,2025-04-09 10:25:00+05:30
138.24,138.79,138.24,138.49,4612.0,1744174800.0,2025-04-09 10:30:00+05:30
138.56,138.56,138.24,138.32,297.0,1744175100.0,2025-04-09 10:35:00+05:30
138.32,138.7,138.13,138.13,3305.0,1744175400.0,2025-04-09 10:40:00+05:30
138.13,138.22,137.82,137.82,6599.0,1744175700.0,2025-04-09 10:45:00+05:30
137.82,138.0,137.69,137.83,396.0,1744176000.0,2025-04-09 10:50:00+05:30
137.85,137.99,137.85,137.87,61.0,1744176300.0,2025-04-09 10:55:00+05:30
137.99,138.2,137.99,138.08,445.0,1744176600.0,2025-04-09 11:00:00+05:30
138.08,138.08,137.64,137.81,498.0,1744176900.0,2025-04-09 11:05:00+05:30
137.8,137.8,137.48,137.56,951.0,1744177200.0,2025-04-09 11:10:00+05:30
137.64,137.64,137.02,137.21,3971.0,1744177500.0,2025-04-09 11:15:00+05:30
137.07,137.21,137.07,137.21,44.0,1744177800.0,2025-04-09 11:20:00+05:30
137.21,137.33,137.09,137.33,739.0,1744178100.0,2025-04-09 11:25:00+05:30
137.36,137.49,137.25,137.49,640.0,1744178400.0,2025-04-09 11:30:00+05:30
137.54,137.73,137.4,137.73,598.0,1744178700.0,2025-04-09 11:35:00+05:30
137.73,137.75,137.56,137.56,130.0,1744179000.0,2025-04-09 11:40:00+05:30
137.56,137.75,137.56,137.75,6.0,1744179300.0,2025-04-09 11:45:00+05:30
137.75,137.96,137.15,137.79,5123.0,1744179600.0,2025-04-09 11:50:00+05:30
137.79,137.82,137.69,137.79,158.0,1744179900.0,2025-04-09 11:55:00+05:30
137.79,137.85,137.65,137.68,182.0,1744180200.0,2025-04-09 12:00:00+05:30
137.68,137.73,137.57,137.57,80.0,1744180500.0,2025-04-09 12:05:00+05:30
137.57,137.75,137.52,137.75,55.0,1744180800.0,2025-04-09 12:10:00+05:30
137.79,139.3,137.79,138.69,3667.0,1744181100.0,2025-04-09 12:15:00+05:30
138.44,138.8,138.44,138.8,480.0,1744181400.0,2025-04-09 12:20:00+05:30
138.7,138.8,138.68,138.8,483.0,1744181700.0,2025-04-09 12:25:00+05:30
138.8,139.07,138.8,139.07,1572.0,1744182000.0,2025-04-09 12:30:00+05:30
139.1,139.25,138.93,138.93,354.0,1744182300.0,2025-04-09 12:35:00+05:30
139.04,139.27,138.76,138.96,1115.0,1744182600.0,2025-04-09 12:40:00+05:30
138.96,139.22,138.9,139.22,1026.0,1744182900.0,2025-04-09 12:45:00+05:30
139.28,139.28,138.81,138.97,1215.0,1744183200.0,2025-04-09 12:50:00+05:30
138.96,138.96,138.58,138.77,784.0,1744183500.0,2025-04-09 12:55:00+05:30
138.77,138.83,138.63,138.63,120.0,1744183800.0,2025-04-09 13:00:00+05:30
138.62,138.95,138.52,138.76,7880.0,1744184100.0,2025-04-09 13:05:00+05:30
138.76,138.76,138.64,138.64,313.0,1744184400.0,2025-04-09 13:10:00+05:30
138.64,138.76,138.64,138.76,26.0,1744184700.0,2025-04-09 13:15:00+05:30
138.76,138.8,138.58,138.78,267.0,1744185000.0,2025-04-09 13:20:00+05:30
138.78,138.78,138.35,138.54,1179.0,1744185300.0,2025-04-09 13:25:00+05:30
138.54,138.54,138.12,138.25,720.0,1744185600.0,2025-04-09 13:30:00+05:30
138.31,138.31,137.75,137.77,2101.0,1744185900.0,2025-04-09 13:35:00+05:30
137.76,138.02,137.76,138.02,4233.0,1744186200.0,2025-04-09 13:40:00+05:30
138.02,138.49,138.02,138.33,653.0,1744186500.0,2025-04-09 13:45:00+05:30
138.26,138.26,138.11,138.24,286.0,1744186800.0,2025-04-09 13:50:00+05:30
138.24,138.39,138.24,138.35,87.0,1744187100.0,2025-04-09 13:55:00+05:30
138.35,138.68,138.35,138.46,471.0,1744187400.0,2025-04-09 14:00:00+05:30
138.46,138.51,138.46,138.51,1.0,1744187700.0,2025-04-09 14:05:00+05:30
138.49,138.59,138.33,138.33,543.0,1744188000.0,2025-04-09 14:10:00+05:30
138.24,138.5,138.24,138.5,554.0,1744188300.0,2025-04-09 14:15:00+05:30
138.5,138.5,138.49,138.5,293.0,1744188600.0,2025-04-09 14:20:00+05:30
138.49,138.5,138.49,138.5,2.0,1744188900.0,2025-04-09 14:25:00+05:30
138.5,138.5,138.24,138.39,463.0,1744189200.0,2025-04-09 14:30:00+05:30
138.39,138.79,138.39,138.79,842.0,1744189500.0,2025-04-09 14:35:00+05:30
138.79,138.87,138.51,138.68,3729.0,1744189800.0,2025-04-09 14:40:00+05:30
138.68,138.71,138.68,138.71,119.0,1744190100.0,2025-04-09 14:45:00+05:30
138.63,138.65,138.44,138.44,1050.0,1744190400.0,2025-04-09 14:50:00+05:30
138.31,138.72,138.31,138.72,472.0,1744190700.0,2025-04-09 14:55:00+05:30
138.69,138.85,138.5,138.75,1157.0,1744191000.0,2025-04-09 15:00:00+05:30
138.6,138.6,138.49,138.49,580.0,1744191300.0,2025-04-09 15:05:00+05:30
138.64,138.96,138.59,138.77,512.0,1744191600.0,2025-04-09 15:10:00+05:30
138.94,138.95,138.4,138.4,3321.0,1744191900.0,2025-04-09 15:15:00+05:30
138.25,138.49,138.1,138.47,2744.0,1744192200.0,2025-04-09 15:20:00+05:30
138.6,140.0,136.8,138.0,11632.0,1744192500.0,2025-04-09 15:25:00+05:30
141.65,143.48,141.6,142.87,10561.0,1744343100.0,2025-04-11 09:15:00+05:30
142.31,143.93,142.31,143.62,3593.0,1744343400.0,2025-04-11 09:20:00+05:30
143.93,144.79,143.46,143.5,4417.0,1744343700.0,2025-04-11 09:25:00+05:30
143.35,143.95,143.31,143.95,12719.0,1744344000.0,2025-04-11 09:30:00+05:30
143.95,144.21,143.49,143.53,3934.0,1744344300.0,2025-04-11 09:35:00+05:30
143.71,143.71,142.88,142.88,3255.0,1744344600.0,2025-04-11 09:40:00+05:30
143.06,143.25,142.8,142.89,2377.0,1744344900.0,2025-04-11 09:45:00+05:30
142.8,143.0,142.79,142.93,2097.0,1744345200.0,2025-04-11 09:50:00+05:30
142.93,142.93,142.08,142.3,1014.0,1744345500.0,2025-04-11 09:55:00+05:30
142.32,142.47,142.2,142.28,342.0,1744345800.0,2025-04-11 10:00:00+05:30
142.28,142.47,142.05,142.47,3663.0,1744346100.0,2025-04-11 10:05:00+05:30
142.44,142.57,142.31,142.48,461.0,1744346400.0,2025-04-11 10:10:00+05:30
142.27,142.36,142.13,142.34,1041.0,1744346700.0,2025-04-11 10:15:00+05:30
142.34,142.43,142.31,142.31,864.0,1744347000.0,2025-04-11 10:20:00+05:30
142.21,142.23,142.07,142.07,689.0,1744347300.0,2025-04-11 10:25:00+05:30
142.16,142.48,142.02,142.02,4373.0,1744347600.0,2025-04-11 10:30:00+05:30
142.0,142.0,141.67,141.86,1050.0,1744347900.0,2025-04-11 10:35:00+05:30
141.86,142.0,141.69,141.71,7223.0,1744348200.0,2025-04-11 10:40:00+05:30
141.76,142.26,141.67,142.08,2318.0,1744348500.0,2025-04-11 10:45:00+05:30
142.08,142.11,141.98,142.11,203.0,1744348800.0,2025-04-11 10:50:00+05:30
142.15,142.2,142.15,142.2,94.0,1744349100.0,2025-04-11 10:55:00+05:30
142.39,142.41,142.23,142.36,969.0,1744349400.0,2025-04-11 11:00:00+05:30
142.39,142.72,142.39,142.72,408.0,1744349700.0,2025-04-11 11:05:00+05:30
142.7,142.7,142.65,142.69,180.0,1744350000.0,2025-04-11 11:10:00+05:30
142.6,142.81,142.57,142.57,791.0,1744350300.0,2025-04-11 11:15:00+05:30
142.66,143.41,142.65,143.2,3135.0,1744350600.0,2025-04-11 11:20:00+05:30
143.2,143.2,142.71,142.72,1153.0,1744350900.0,2025-04-11 11:25:00+05:30
142.72,142.96,142.71,142.96,214.0,1744351200.0,2025-04-11 11:30:00+05:30
143.01,143.13,142.99,142.99,398.0,1744351500.0,2025-04-11 11:35:00+05:30
142.88,143.6,142.88,143.21,3051.0,1744351800.0,2025-04-11 11:40:00+05:30
143.24,143.44,143.24,143.44,385.0,1744352100.0,2025-04-11 11:45:00+05:30
143.43,143.56,143.15,143.15,469.0,1744352400.0,2025-04-11 11:50:00+05:30
143.12,143.32,143.12,143.23,327.0,1744352700.0,2025-04-11 11:55:00+05:30
143.32,143.32,143.22,143.26,328.0,1744353000.0,2025-04-11 12:00:00+05:30
143.26,143.59,143.18,143.44,1911.0,1744353300.0,2025-04-11 12:05:00+05:30
143.44,143.6,143.3,143.4,992.0,1744353600.0,2025-04-11 12:10:00+05:30
143.56,143.77,143.29,143.77,1273.0,1744353900.0,2025-04-11 12:15:00+05:30
143.77,143.77,143.59,143.59,214.0,1744354200.0,2025-04-11 12:20:00+05:30
143.53,143.53,143.32,143.5,353.0,1744354500.0,2025-04-11 12:25:00+05:30
143.5,143.5,143.34,143.47,110.0,1744354800.0,2025-04-11 12:30:00+05:30
143.47,143.51,143.36,143.51,320.0,1744355100.0,2025-04-11 12:35:00+05:30
143.51,143.87,143.47,143.59,1057.0,1744355400.0,2025-04-11 12:40:00+05:30
143.45,143.57,143.4,143.57,995.0,1744355700.0,2025-04-11 12:45:00+05:30
143.7,143.8,143.68,143.7,1945.0,1744356000.0,2025-04-11 12:50:00+05:30
143.7,143.84,143.62,143.62,210.0,1744356300.0,2025-04-11 12:55:00+05:30
143.8,143.8,143.59,143.59,565.0,1744356600.0,2025-04-11 13:00:00+05:30
143.66,143.77,143.58,143.65,557.0,1744356900.0,2025-04-11 13:05:00+05:30
143.79,143.96,143.79,143.93,851.0,1744357200.0,2025-04-11 13:10:00+05:30
143.93,143.93,143.64,143.64,402.0,1744357500.0,2025-04-11 13:15:00+05:30
143.58,143.58,143.36,143.44,745.0,1744357800.0,2025-04-11 13:20:00+05:30
143.44,143.71,143.44,143.54,782.0,1744358100.0,2025-04-11 13:25:00+05:30
143.34,143.49,143.34,143.39,1796.0,1744358400.0,2025-04-11 13:30:00+05:30
143.39,143.68,143.29,143.63,2626.0,1744358700.0,2025-04-11 13:35:00+05:30
143.52,143.58,143.42,143.46,95.0,1744359000.0,2025-04-11 13:40:00+05:30
143.62,143.62,143.48,143.48,124.0,1744359300.0,2025-04-11 13:45:00+05:30
143.51,143.68,143.21,143.21,1938.0,1744359600.0,2025-04-11 13:50:00+05:30
143.33,143.33,143.2,143.2,73.0,1744359900.0,2025-04-11 13:55:00+05:30
143.22,143.32,143.14,143.31,422.0,1744360200.0,2025-04-11 14:00:00+05:30
143.31,143.31,143.24,143.24,24.0,1744360500.0,2025-04-11 14:05:00+05:30
143.11,143.36,143.11,143.32,801.0,1744360800.0,2025-04-11 14:10:00+05:30
143.39,143.39,143.19,143.35,2250.0,1744361100.0,2025-04-11 14:15:00+05:30
143.26,143.26,143.26,143.26,87.0,1744361400.0,2025-04-11 14:20:00+05:30
143.25,143.37,143.09,143.09,333.0,1744361700.0,2025-04-11 14:25:00+05:30
143.0,143.37,143.0,143.06,1522.0,1744362000.0,2025-04-11 14:30:00+05:30
143.24,143.27,143.1,143.1,553.0,1744362300.0,2025-04-11 14:35:00+05:30
143.07,143.3,143.07,143.3,739.0,1744362600.0,2025-04-11 14:40:00+05:30
143.08,143.5,143.08,143.5,1075.0,1744362900.0,2025-04-11 14:45:00+05:30
143.5,143.65,143.49,143.65,342.0,1744363200.0,2025-04-11 14:50:00+05:30
143.6,143.64,142.81,143.28,4039.0,1744363500.0,2025-04-11 14:55:00+05:30
143.28,143.4,142.96,143.23,1870.0,1744363800.0,2025-04-11 15:00:00+05:30
143.23,144.39,143.23,144.0,10016.0,1744364100.0,2025-04-11 15:05:00+05:30
144.12,144.39,144.01,144.17,1984.0,1744364400.0,2025-04-11 15:10:00+05:30
144.14,144.4,144.0,144.0,6129.0,1744364700.0,2025-04-11 15:15:00+05:30
144.01,144.5,143.85,143.85,9990.0,1744365000.0,2025-04-11 15:20:00+05:30
143.85,144.5,142.2,142.2,4779.0,1744365300.0,2025-04-11 15:25:00+05:30
147.0,147.14,145.03,145.89,15338.0,1744688700.0,2025-04-15 09:15:00+05:30
145.71,146.0,145.11,145.65,10727.0,1744689000.0,2025-04-15 09:20:00+05:30
145.88,145.88,144.69,145.11,7094.0,1744689300.0,2025-04-15 09:25:00+05:30
145.11,145.92,144.89,145.39,2768.0,1744689600.0,2025-04-15 09:30:00+05:30
145.53,146.0,145.45,145.71,2807.0,1744689900.0,2025-04-15 09:35:00+05:30
145.58,145.94,145.51,145.61,1429.0,1744690200.0,2025-04-15 09:40:00+05:30
145.6,146.5,145.59,146.22,3001.0,1744690500.0,2025-04-15 09:45:00+05:30
146.36,146.91,146.31,146.59,4482.0,1744690800.0,2025-04-15 09:50:00+05:30
146.38,146.55,146.02,146.04,3825.0,1744691100.0,2025-04-15 09:55:00+05:30
146.29,147.19,146.29,146.78,6967.0,1744691400.0,2025-04-15 10:00:00+05:30
146.94,147.0,146.65,146.67,1388.0,1744691700.0,2025-04-15 10:05:00+05:30
146.83,146.96,146.44,146.44,2365.0,1744692000.0,2025-04-15 10:10:00+05:30
146.6,146.68,146.11,146.24,1690.0,1744692300.0,2025-04-15 10:15:00+05:30
146.16,146.16,146.0,146.13,2089.0,1744692600.0,2025-04-15 10:20:00+05:30
146.1,146.24,145.89,145.99,2367.0,1744692900.0,2025-04-15 10:25:00+05:30
146.15,146.41,145.47,145.47,4945.0,1744693200.0,2025-04-15 10:30:00+05:30
145.65,146.02,145.65,146.01,1734.0,1744693500.0,2025-04-15 10:35:00+05:30
145.82,146.28,144.76,144.84,13347.0,1744693800.0,2025-04-15 10:40:00+05:30
145.01,145.19,144.94,145.15,340.0,1744694100.0,2025-04-15 10:45:00+05:30
145.15,145.24,145.01,145.22,328.0,1744694400.0,2025-04-15 10:50:00+05:30
145.25,145.48,145.03,145.4,1536.0,1744694700.0,2025-04-15 10:55:00+05:30
145.22,145.47,145.05,145.47,989.0,1744695000.0,2025-04-15 11:00:00+05:30
145.31,145.4,145.06,145.2,472.0,1744695300.0,2025-04-15 11:05:00+05:30
145.2,145.21,144.84,145.06,1489.0,1744695600.0,2025-04-15 11:10:00+05:30
145.0,145.19,144.89,145.19,1017.0,1744695900.0,2025-04-15 11:15:00+05:30
145.19,145.35,145.03,145.27,3004.0,1744696200.0,2025-04-15 11:20:00+05:30
145.13,145.76,145.13,145.59,9308.0,1744696500.0,2025-04-15 11:25:00+05:30
145.54,145.68,145.03,145.2,2036.0,1744696800.0,2025-04-15 11:30:00+05:30
144.91,145.61,144.81,145.55,4538.0,1744697100.0,2025-04-15 11:35:00+05:30
145.6,145.6,145.16,145.38,1469.0,1744697400.0,2025-04-15 11:40:00+05:30
145.9,146.56,145.9,146.31,9743.0,1744697700.0,2025-04-15 11:45:00+05:30
146.51,146.72,145.92,146.46,3392.0,1744698000.0,2025-04-15 11:50:00+05:30
146.17,146.77,146.17,146.6,1141.0,1744698300.0,2025-04-15 11:55:00+05:30
146.57,146.99,146.31,146.83,3296.0,1744698600.0,2025-04-15 12:00:00+05:30
146.6,146.75,146.39,146.63,341.0,1744698900.0,2025-04-15 12:05:00+05:30
146.44,146.9,146.4,146.67,1143.0,1744699200.0,2025-04-15 12:10:00+05:30
146.67,146.67,146.43,146.59,291.0,1744699500.0,2025-04-15 12:15:00+05:30
146.43,147.47,146.43,147.24,5908.0,1744699800.0,2025-04-15 12:20:00+05:30
147.34,147.95,147.15,147.91,2451.0,1744700100.0,2025-04-15 12:25:00+05:30
147.89,147.89,147.72,147.8,277.0,1744700400.0,2025-04-15 12:30:00+05:30
147.8,147.8,147.46,147.64,1347.0,1744700700.0,2025-04-15 12:35:00+05:30
147.54,147.54,147.15,147.17,2274.0,1744701000.0,2025-04-15 12:40:00+05:30
147.2,147.64,147.2,147.31,3348.0,1744701300.0,2025-04-15 12:45:00+05:30
147.51,147.54,147.11,147.27,705.0,1744701600.0,2025-04-15 12:50:00+05:30
147.31,147.8,147.19,147.75,1728.0,1744701900.0,2025-04-15 12:55:00+05:30
147.21,147.64,147.21,147.64,861.0,1744702200.0,2025-04-15 13:00:00+05:30
147.41,147.62,147.26,147.41,1059.0,1744702500.0,2025-04-15 13:05:00+05:30
147.6,147.75,147.41,147.41,699.0,1744702800.0,2025-04-15 13:10:00+05:30
147.41,147.85,147.4,147.81,1455.0,1744703100.0,2025-04-15 13:15:00+05:30
147.65,147.85,147.65,147.81,807.0,1744703400.0,2025-04-15 13:20:00+05:30
147.81,148.9,147.65,148.89,7561.0,1744703700.0,2025-04-15 13:25:00+05:30
148.81,148.81,148.39,148.39,580.0,1744704000.0,2025-04-15 13:30:00+05:30
148.41,148.75,148.41,148.73,475.0,1744704300.0,2025-04-15 13:35:00+05:30
148.44,148.57,146.64,147.03,10551.0,1744704600.0,2025-04-15 13:40:00+05:30
147.09,147.29,146.97,146.97,1110.0,1744704900.0,2025-04-15 13:45:00+05:30
146.95,146.99,146.71,146.99,336.0,1744705200.0,2025-04-15 13:50:00+05:30
146.99,147.1,146.12,146.12,8073.0,1744705500.0,2025-04-15 13:55:00+05:30
146.2,146.84,146.0,146.64,6907.0,1744705800.0,2025-04-15 14:00:00+05:30
146.64,146.99,146.64,146.99,126.0,1744706100.0,2025-04-15 14:05:00+05:30
146.99,147.03,146.69,147.03,2034.0,1744706400.0,2025-04-15 14:10:00+05:30
147.05,147.05,146.66,146.66,1738.0,1744706700.0,2025-04-15 14:15:00+05:30
146.63,146.75,146.6,146.75,933.0,1744707000.0,2025-04-15 14:20:00+05:30
146.75,146.81,146.6,146.73,34.0,1744707300.0,2025-04-15 14:25:00+05:30
146.79,146.86,146.6,146.6,728.0,1744707600.0,2025-04-15 14:30:00+05:30
146.78,147.16,146.52,147.12,4267.0,1744707900.0,2025-04-15 14:35:00+05:30
147.13,147.78,146.86,147.6,4225.0,1744708200.0,2025-04-15 14:40:00+05:30
147.62,148.01,147.42,148.01,3998.0,1744708500.0,2025-04-15 14:45:00+05:30
148.01,148.01,147.64,147.98,318.0,1744708800.0,2025-04-15 14:50:00+05:30
148.0,148.4,147.98,148.11,2768.0,1744709100.0,2025-04-15 14:55:00+05:30
148.11,148.35,147.88,147.98,6141.0,1744709400.0,2025-04-15 15:00:00+05:30
147.86,148.39,147.86,148.25,1167.0,1744709700.0,2025-04-15 15:05:00+05:30
148.14,148.81,147.9,148.39,4815.0,1744710000.0,2025-04-15 15:10:00+05:30
148.48,149.14,148.45,148.95,4304.0,1744710300.0,2025-04-15 15:15:00+05:30
148.83,151.0,148.83,150.79,22152.0,1744710600.0,2025-04-15 15:20:00+05:30
150.39,150.5,149.01,150.0,4413.0,1744710900.0,2025-04-15 15:25:00+05:30
149.29,150.42,147.91,149.7,9777.0,1744775100.0,2025-04-16 09:15:00+05:30
149.89,149.99,149.1,149.22,4926.0,1744775400.0,2025-04-16 09:20:00+05:30
149.37,149.48,148.64,148.64,19044.0,1744775700.0,2025-04-16 09:25:00+05:30
148.7,148.97,147.53,147.8,16808.0,1744776000.0,2025-04-16 09:30:00+05:30
147.8,147.88,146.79,146.92,12366.0,1744776300.0,2025-04-16 09:35:00+05:30
146.91,146.96,146.59,146.89,3738.0,1744776600.0,2025-04-16 09:40:00+05:30
146.78,146.99,146.45,146.71,6456.0,1744776900.0,2025-04-16 09:45:00+05:30
146.3,146.44,146.12,146.44,6276.0,1744777200.0,2025-04-16 09:50:00+05:30
146.44,146.49,146.11,146.45,5151.0,1744777500.0,2025-04-16 09:55:00+05:30
146.27,146.27,145.5,145.77,8119.0,1744777800.0,2025-04-16 10:00:00+05:30
145.78,145.88,144.79,145.25,15169.0,1744778100.0,2025-04-16 10:05:00+05:30
145.1,145.35,145.09,145.1,5542.0,1744778400.0,2025-04-16 10:10:00+05:30
145.24,145.29,144.51,144.77,8124.0,1744778700.0,2025-04-16 10:15:00+05:30
144.65,144.86,144.45,144.84,8604.0,1744779000.0,2025-04-16 10:20:00+05:30
144.67,145.55,144.67,144.95,15553.0,1744779300.0,2025-04-16 10:25:00+05:30
144.99,145.64,144.7,145.53,10209.0,1744779600.0,2025-04-16 10:30:00+05:30
145.53,145.7,144.75,144.75,12994.0,1744779900.0,2025-04-16 10:35:00+05:30
144.85,145.35,144.58,144.89,16320.0,1744780200.0,2025-04-16 10:40:00+05:30
144.9,144.9,144.58,144.58,3024.0,1744780500.0,2025-04-16 10:45:00+05:30
144.75,144.96,144.5,144.9,2086.0,1744780800.0,2025-04-16 10:50:00+05:30
144.81,144.93,144.58,144.7,1164.0,1744781100.0,2025-04-16 10:55:00+05:30
144.73,144.78,144.55,144.77,607.0,1744781400.0,2025-04-16 11:00:00+05:30
144.75,144.92,144.71,144.92,1068.0,1744781700.0,2025-04-16 11:05:00+05:30
144.81,144.87,144.61,144.81,233.0,1744782000.0,2025-04-16 11:10:00+05:30
144.66,144.99,144.66,144.97,1979.0,1744782300.0,2025-04-16 11:15:00+05:30
144.95,145.45,144.85,145.45,25571.0,1744782600.0,2025-04-16 11:20:00+05:30
145.45,145.9,145.35,145.82,8538.0,1744782900.0,2025-04-16 11:25:00+05:30
145.7,145.7,145.31,145.36,6652.0,1744783200.0,2025-04-16 11:30:00+05:30
145.44,145.81,145.31,145.31,5332.0,1744783500.0,2025-04-16 11:35:00+05:30
145.21,145.64,145.21,145.5,2041.0,1744783800.0,2025-04-16 11:40:00+05:30
145.5,145.5,145.2,145.21,1563.0,1744784100.0,2025-04-16 11:45:00+05:30
145.37,145.42,145.2,145.34,2599.0,1744784400.0,2025-04-16 11:50:00+05:30
145.16,145.16,144.82,144.88,2070.0,1744784700.0,2025-04-16 11:55:00+05:30
144.91,144.99,144.83,144.99,244.0,1744785000.0,2025-04-16 12:00:00+05:30
144.99,144.99,144.81,144.92,1285.0,1744785300.0,2025-04-16 12:05:00+05:30
144.92,144.99,144.81,144.99,1198.0,1744785600.0,2025-04-16 12:10:00+05:30
144.99,145.0,144.85,144.99,438.0,1744785900.0,2025-04-16 12:15:00+05:30
144.99,145.0,144.9,144.9,1704.0,1744786200.0,2025-04-16 12:20:00+05:30
144.9,144.99,144.84,144.89,946.0,1744786500.0,2025-04-16 12:25:00+05:30
144.89,144.95,144.8,144.89,760.0,1744786800.0,2025-04-16 12:30:00+05:30
144.89,144.98,144.74,144.74,1649.0,1744787100.0,2025-04-16 12:35:00+05:30
144.9,144.99,144.74,144.76,1861.0,1744787400.0,2025-04-16 12:40:00+05:30
144.89,144.94,144.75,144.9,555.0,1744787700.0,2025-04-16 12:45:00+05:30
144.9,144.93,144.7,144.9,717.0,1744788000.0,2025-04-16 12:50:00+05:30
144.9,144.9,144.88,144.89,434.0,1744788300.0,2025-04-16 12:55:00+05:30
144.9,145.0,144.7,144.9,5542.0,1744788600.0,2025-04-16 13:00:00+05:30
144.93,145.0,144.8,144.95,905.0,1744788900.0,2025-04-16 13:05:00+05:30
144.93,145.0,144.8,145.0,755.0,1744789200.0,2025-04-16 13:10:00+05:30
144.85,144.98,144.78,144.96,1070.0,1744789500.0,2025-04-16 13:15:00+05:30
144.96,144.96,144.6,144.69,2764.0,1744789800.0,2025-04-16 13:20:00+05:30
144.88,144.88,144.68,144.68,1516.0,1744790100.0,2025-04-16 13:25:00+05:30
144.63,144.81,144.63,144.66,2922.0,1744790400.0,2025-04-16 13:30:00+05:30
144.79,144.79,144.64,144.79,593.0,1744790700.0,2025-04-16 13:35:00+05:30
144.65,144.8,144.65,144.72,839.0,1744791000.0,2025-04-16 13:40:00+05:30
144.8,144.8,144.65,144.8,709.0,1744791300.0,2025-04-16 13:45:00+05:30
144.65,144.98,144.65,144.98,1026.0,1744791600.0,2025-04-16 13:50:00+05:30
144.97,145.08,144.75,144.83,4552.0,1744791900.0,2025-04-16 13:55:00+05:30
144.8,144.99,144.8,144.97,3417.0,1744792200.0,2025-04-16 14:00:00+05:30
144.97,145.0,144.84,145.0,2615.0,1744792500.0,2025-04-16 14:05:00+05:30
145.0,145.0,144.9,145.0,544.0,1744792800.0,2025-04-16 14:10:00+05:30
145.0,145.05,144.9,145.0,2976.0,1744793100.0,2025-04-16 14:15:00+05:30
145.0,145.0,144.95,144.95,78.0,1744793400.0,2025-04-16 14:20:00+05:30
145.04,145.15,144.98,145.15,1903.0,1744793700.0,2025-04-16 14:25:00+05:30
145.15,145.32,145.0,145.29,9544.0,1744794000.0,2025-04-16 14:30:00+05:30
145.29,145.34,145.0,145.32,5387.0,1744794300.0,2025-04-16 14:35:00+05:30
145.37,145.51,144.87,144.97,7446.0,1744794600.0,2025-04-16 14:40:00+05:30
144.98,145.0,144.82,144.98,1251.0,1744794900.0,2025-04-16 14:45:00+05:30
145.0,145.0,144.82,145.0,1692.0,1744795200.0,2025-04-16 14:50:00+05:30
145.0,145.0,144.89,144.99,2447.0,1744795500.0,2025-04-16 14:55:00+05:30
144.98,145.0,144.95,144.95,786.0,1744795800.0,2025-04-16 15:00:00+05:30
145.0,145.0,144.87,145.0,2159.0,1744796100.0,2025-04-16 15:05:00+05:30
145.0,145.0,144.87,145.0,3225.0,1744796400.0,2025-04-16 15:10:00+05:30
144.97,144.99,144.8,144.8,7222.0,1744796700.0,2025-04-16 15:15:00+05:30
144.81,144.97,144.8,144.89,7679.0,1744797000.0,2025-04-16 15:20:00+05:30
144.8,144.94,144.41,144.5,15550.0,1744797300.0,2025-04-16 15:25:00+05:30
144.0,148.4,143.99,144.46,9976.0,1744861500.0,2025-04-17 09:15:00+05:30
144.46,144.73,143.58,143.58,15375.0,1744861800.0,2025-04-17 09:20:00+05:30
143.7,144.65,143.7,144.39,2183.0,1744862100.0,2025-04-17 09:25:00+05:30
144.43,145.0,144.43,144.75,5108.0,1744862400.0,2025-04-17 09:30:00+05:30
144.16,144.59,143.76,144.35,27573.0,1744862700.0,2025-04-17 09:35:00+05:30
144.25,144.37,144.12,144.37,370.0,1744863000.0,2025-04-17 09:40:00+05:30
144.24,144.24,143.66,144.01,6334.0,1744863300.0,2025-04-17 09:45:00+05:30
144.16,144.58,144.09,144.4,5970.0,1744863600.0,2025-04-17 09:50:00+05:30
144.37,144.54,144.24,144.47,350.0,1744863900.0,2025-04-17 09:55:00+05:30
144.47,144.48,144.29,144.29,359.0,1744864200.0,2025-04-17 10:00:00+05:30
144.29,144.31,144.05,144.05,1011.0,1744864500.0,2025-04-17 10:05:00+05:30
144.18,144.19,143.93,143.93,1441.0,1744864800.0,2025-04-17 10:10:00+05:30
144.11,144.34,143.9,144.34,1472.0,1744865100.0,2025-04-17 10:15:00+05:30
144.34,144.5,144.26,144.5,619.0,1744865400.0,2025-04-17 10:20:00+05:30
144.7,144.79,144.62,144.75,1021.0,1744865700.0,2025-04-17 10:25:00+05:30
144.74,144.85,144.71,144.73,191.0,1744866000.0,2025-04-17 10:30:00+05:30
144.73,144.87,144.73,144.78,312.0,1744866300.0,2025-04-17 10:35:00+05:30
144.78,144.79,144.73,144.73,1815.0,1744866600.0,2025-04-17 10:40:00+05:30
144.73,144.73,144.55,144.72,228.0,1744866900.0,2025-04-17 10:45:00+05:30
144.72,145.0,144.72,144.95,7714.0,1744867200.0,2025-04-17 10:50:00+05:30
144.95,144.95,144.53,144.53,1982.0,1744867500.0,2025-04-17 10:55:00+05:30
144.72,144.81,144.43,144.58,663.0,1744867800.0,2025-04-17 11:00:00+05:30
144.58,144.63,144.5,144.5,1580.0,1744868100.0,2025-04-17 11:05:00+05:30
144.5,144.64,144.34,144.62,334.0,1744868400.0,2025-04-17 11:10:00+05:30
144.6,144.63,144.0,144.2,1891.0,1744868700.0,2025-04-17 11:15:00+05:30
144.0,144.53,144.0,144.19,1548.0,1744869000.0,2025-04-17 11:20:00+05:30
144.28,144.5,144.27,144.27,693.0,1744869300.0,2025-04-17 11:25:00+05:30
144.5,144.64,144.38,144.64,2042.0,1744869600.0,2025-04-17 11:30:00+05:30
144.81,144.81,144.41,144.63,6989.0,1744869900.0,2025-04-17 11:35:00+05:30
144.63,144.64,144.5,144.51,72.0,1744870200.0,2025-04-17 11:40:00+05:30
144.62,144.65,144.51,144.62,155.0,1744870500.0,2025-04-17 11:45:00+05:30
144.62,144.62,144.31,144.31,773.0,1744870800.0,2025-04-17 11:50:00+05:30
144.3,144.54,144.27,144.36,385.0,1744871100.0,2025-04-17 11:55:00+05:30
144.36,144.36,144.3,144.3,1175.0,1744871400.0,2025-04-17 12:00:00+05:30
144.3,144.69,144.3,144.58,626.0,1744871700.0,2025-04-17 12:05:00+05:30
144.58,144.7,144.5,144.63,177.0,1744872000.0,2025-04-17 12:10:00+05:30
144.6,144.64,144.5,144.64,463.0,1744872300.0,2025-04-17 12:15:00+05:30
144.64,144.7,144.6,144.62,533.0,1744872600.0,2025-04-17 12:20:00+05:30
144.7,144.8,144.67,144.8,1368.0,1744872900.0,2025-04-17 12:25:00+05:30
144.8,144.87,144.71,144.71,329.0,1744873200.0,2025-04-17 12:30:00+05:30
144.8,144.8,144.61,144.75,1593.0,1744873500.0,2025-04-17 12:35:00+05:30
144.75,144.75,144.75,144.75,111.0,1744873800.0,2025-04-17 12:40:00+05:30
144.8,144.99,144.67,144.76,2212.0,1744874100.0,2025-04-17 12:45:00+05:30
144.93,145.0,144.81,144.87,942.0,1744874400.0,2025-04-17 12:50:00+05:30
144.81,145.0,144.7,145.0,1453.0,1744874700.0,2025-04-17 12:55:00+05:30
145.0,145.08,144.95,145.0,5189.0,1744875000.0,2025-04-17 13:00:00+05:30
145.07,145.07,144.75,144.75,2480.0,1744875300.0,2025-04-17 13:05:00+05:30
144.96,145.06,144.96,145.06,7752.0,1744875600.0,2025-04-17 13:10:00+05:30
145.06,145.06,144.99,145.0,3377.0,1744875900.0,2025-04-17 13:15:00+05:30
144.82,145.0,144.77,144.79,510.0,1744876200.0,2025-04-17 13:20:00+05:30
144.81,145.0,144.78,144.78,1032.0,1744876500.0,2025-04-17 13:25:00+05:30
144.78,144.89,144.6,144.7,1154.0,1744876800.0,2025-04-17 13:30:00+05:30
144.7,144.86,144.64,144.81,536.0,1744877100.0,2025-04-17 13:35:00+05:30
144.81,144.96,144.77,144.77,140.0,1744877400.0,2025-04-17 13:40:00+05:30
144.73,144.89,144.6,144.73,1638.0,1744877700.0,2025-04-17 13:45:00+05:30
144.73,145.0,144.7,144.87,9102.0,1744878000.0,2025-04-17 13:50:00+05:30
145.0,145.0,144.74,144.9,3929.0,1744878300.0,2025-04-17 13:55:00+05:30
144.9,144.9,144.67,144.71,484.0,1744878600.0,2025-04-17 14:00:00+05:30
144.9,145.0,144.74,145.0,2681.0,1744878900.0,2025-04-17 14:05:00+05:30
144.84,144.99,144.8,144.8,1804.0,1744879200.0,2025-04-17 14:10:00+05:30
144.77,145.0,144.67,144.84,2442.0,1744879500.0,2025-04-17 14:15:00+05:30
144.85,144.99,144.8,144.85,1819.0,1744879800.0,2025-04-17 14:20:00+05:30
144.85,144.99,144.79,144.79,1648.0,1744880100.0,2025-04-17 14:25:00+05:30
144.65,144.8,144.58,144.8,539.0,1744880400.0,2025-04-17 14:30:00+05:30
144.8,144.85,144.6,144.6,5323.0,1744880700.0,2025-04-17 14:35:00+05:30
144.6,144.68,144.43,144.64,1247.0,1744881000.0,2025-04-17 14:40:00+05:30
144.65,144.65,144.45,144.65,860.0,1744881300.0,2025-04-17 14:45:00+05:30
144.65,144.7,144.51,144.7,1730.0,1744881600.0,2025-04-17 14:50:00+05:30
144.69,144.75,144.6,144.69,1361.0,1744881900.0,2025-04-17 14:55:00+05:30
144.7,144.7,144.52,144.53,431.0,1744882200.0,2025-04-17 15:00:00+05:30
144.6,144.6,144.21,144.38,3651.0,1744882500.0,2025-04-17 15:05:00+05:30
144.4,144.4,144.26,144.26,6197.0,1744882800.0,2025-04-17 15:10:00+05:30
144.3,144.35,143.73,143.73,17410.0,1744883100.0,2025-04-17 15:15:00+05:30
143.82,144.16,143.68,143.95,5798.0,1744883400.0,2025-04-17 15:20:00+05:30
143.96,144.0,143.5,143.99,7503.0,1744883700.0,2025-04-17 15:25:00+05:30
144.58,144.89,143.56,143.71,7881.0,1745207100.0,2025-04-21 09:15:00+05:30
143.97,144.45,143.17,144.0,9457.0,1745207400.0,2025-04-21 09:20:00+05:30
143.86,144.01,143.26,144.01,5438.0,1745207700.0,2025-04-21 09:25:00+05:30
144.23,144.74,144.2,144.74,2391.0,1745208000.0,2025-04-21 09:30:00+05:30
144.75,145.31,144.6,144.81,6940.0,1745208300.0,2025-04-21 09:35:00+05:30
144.74,144.79,144.42,144.74,785.0,1745208600.0,2025-04-21 09:40:00+05:30
144.63,145.09,144.62,145.05,8755.0,1745208900.0,2025-04-21 09:45:00+05:30
145.25,145.3,144.9,145.0,5220.0,1745209200.0,2025-04-21 09:50:00+05:30
144.88,144.99,144.73,144.98,3219.0,1745209500.0,2025-04-21 09:55:00+05:30
144.99,145.0,144.6,144.66,2621.0,1745209800.0,2025-04-21 10:00:00+05:30
144.66,144.97,144.49,144.97,1943.0,1745210100.0,2025-04-21 10:05:00+05:30
144.97,145.0,144.73,144.85,2355.0,1745210400.0,2025-04-21 10:10:00+05:30
144.75,144.98,144.72,144.78,2913.0,1745210700.0,2025-04-21 10:15:00+05:30
144.93,145.0,144.7,144.72,1890.0,1745211000.0,2025-04-21 10:20:00+05:30
144.72,144.98,144.51,144.98,2001.0,1745211300.0,2025-04-21 10:25:00+05:30
144.98,144.99,144.76,144.77,500.0,1745211600.0,2025-04-21 10:30:00+05:30
144.75,144.98,144.68,144.94,4261.0,1745211900.0,2025-04-21 10:35:00+05:30
144.97,144.98,144.8,144.81,1149.0,1745212200.0,2025-04-21 10:40:00+05:30
144.95,144.95,144.8,144.82,2460.0,1745212500.0,2025-04-21 10:45:00+05:30
144.94,144.94,144.7,144.7,2971.0,1745212800.0,2025-04-21 10:50:00+05:30
144.7,144.89,144.7,144.88,745.0,1745213100.0,2025-04-21 10:55:00+05:30
144.87,144.9,144.7,144.87,2330.0,1745213400.0,2025-04-21 11:00:00+05:30
144.87,144.87,144.51,144.78,1956.0,1745213700.0,2025-04-21 11:05:00+05:30
144.59,144.96,144.59,144.96,5502.0,1745214000.0,2025-04-21 11:10:00+05:30
144.97,144.99,144.86,144.99,740.0,1745214300.0,2025-04-21 11:15:00+05:30
144.9,144.99,144.82,144.82,8922.0,1745214600.0,2025-04-21 11:20:00+05:30
144.9,144.93,144.72,144.9,473.0,1745214900.0,2025-04-21 11:25:00+05:30
144.9,145.17,144.64,144.64,16951.0,1745215200.0,2025-04-21 11:30:00+05:30
144.82,144.82,144.6,144.74,1567.0,1745215500.0,2025-04-21 11:35:00+05:30
144.74,144.74,144.5,144.54,324.0,1745215800.0,2025-04-21 11:40:00+05:30
144.5,144.54,144.45,144.45,1530.0,1745216100.0,2025-04-21 11:45:00+05:30
144.45,144.5,144.4,144.4,257.0,1745216400.0,2025-04-21 11:50:00+05:30
144.5,144.64,144.5,144.57,606.0,1745216700.0,2025-04-21 11:55:00+05:30
144.57,144.73,144.56,144.68,1185.0,1745217000.0,2025-04-21 12:00:00+05:30
144.61,144.61,144.35,144.55,1561.0,1745217300.0,2025-04-21 12:05:00+05:30
144.55,144.71,144.51,144.71,754.0,1745217600.0,2025-04-21 12:10:00+05:30
144.6,144.8,144.09,144.4,5301.0,1745217900.0,2025-04-21 12:15:00+05:30
144.12,144.53,144.12,144.36,1042.0,1745218200.0,2025-04-21 12:20:00+05:30
144.5,144.53,144.0,144.33,3461.0,1745218500.0,2025-04-21 12:25:00+05:30
144.33,144.4,144.18,144.21,271.0,1745218800.0,2025-04-21 12:30:00+05:30
144.32,144.34,144.21,144.21,404.0,1745219100.0,2025-04-21 12:35:00+05:30
144.21,144.21,143.89,143.92,4797.0,1745219400.0,2025-04-21 12:40:00+05:30
144.15,144.27,144.15,144.25,971.0,1745219700.0,2025-04-21 12:45:00+05:30
144.26,144.26,143.97,144.26,627.0,1745220000.0,2025-04-21 12:50:00+05:30
144.26,144.26,144.13,144.13,493.0,1745220300.0,2025-04-21 12:55:00+05:30
144.13,144.18,143.91,144.18,520.0,1745220600.0,2025-04-21 13:00:00+05:30
144.18,144.27,144.06,144.06,998.0,1745220900.0,2025-04-21 13:05:00+05:30
144.19,144.24,144.06,144.06,1766.0,1745221200.0,2025-04-21 13:10:00+05:30
144.2,144.2,143.91,144.06,1582.0,1745221500.0,2025-04-21 13:15:00+05:30
144.06,144.06,143.72,143.9,1443.0,1745221800.0,2025-04-21 13:20:00+05:30
144.04,144.23,143.9,144.13,1420.0,1745222100.0,2025-04-21 13:25:00+05:30
144.13,144.22,144.0,144.22,1490.0,1745222400.0,2025-04-21 13:30:00+05:30
144.22,144.27,144.0,144.0,630.0,1745222700.0,2025-04-21 13:35:00+05:30
144.1,144.3,144.05,144.12,3804.0,1745223000.0,2025-04-21 13:40:00+05:30
144.0,144.12,144.0,144.12,456.0,1745223300.0,2025-04-21 13:45:00+05:30
144.12,144.26,144.0,144.26,1040.0,1745223600.0,2025-04-21 13:50:00+05:30
144.35,144.37,144.17,144.22,168.0,1745223900.0,2025-04-21 13:55:00+05:30
144.22,144.39,144.22,144.35,710.0,1745224200.0,2025-04-21 14:00:00+05:30
144.23,144.3,144.03,144.3,1082.0,1745224500.0,2025-04-21 14:05:00+05:30
144.17,144.37,144.14,144.37,432.0,1745224800.0,2025-04-21 14:10:00+05:30
144.37,144.37,143.96,143.96,4575.0,1745225100.0,2025-04-21 14:15:00+05:30
144.19,144.39,144.0,144.33,3240.0,1745225400.0,2025-04-21 14:20:00+05:30
144.33,144.39,144.14,144.33,1192.0,1745225700.0,2025-04-21 14:25:00+05:30
144.4,144.52,144.24,144.52,1408.0,1745226000.0,2025-04-21 14:30:00+05:30
144.52,144.52,144.2,144.33,872.0,1745226300.0,2025-04-21 14:35:00+05:30
144.18,144.27,144.0,144.04,795.0,1745226600.0,2025-04-21 14:40:00+05:30
144.1,144.5,144.06,144.47,2671.0,1745226900.0,2025-04-21 14:45:00+05:30
144.47,144.52,144.19,144.42,6801.0,1745227200.0,2025-04-21 14:50:00+05:30
144.49,144.49,144.01,144.11,2465.0,1745227500.0,2025-04-21 14:55:00+05:30
144.22,144.77,144.05,144.51,8501.0,1745227800.0,2025-04-21 15:00:00+05:30
144.63,144.78,144.57,144.7,4085.0,1745228100.0,2025-04-21 15:05:00+05:30
144.79,144.8,144.44,144.44,887.0,1745228400.0,2025-04-21 15:10:00+05:30
144.63,145.09,144.32,145.03,24326.0,1745228700.0,2025-04-21 15:15:00+05:30
144.96,145.0,144.57,144.95,7613.0,1745229000.0,2025-04-21 15:20:00+05:30
144.93,145.0,144.6,144.97,10884.0,1745229300.0,2025-04-21 15:25:00+05:30
144.35,144.9,143.1,143.4,42158.0,1745293500.0,2025-04-22 09:15:00+05:30
143.41,143.99,143.15,143.74,3226.0,1745293800.0,2025-04-22 09:20:00+05:30
143.83,144.0,143.7,143.97,3250.0,1745294100.0,2025-04-22 09:25:00+05:30
143.97,144.1,143.79,143.99,12428.0,1745294400.0,2025-04-22 09:30:00+05:30
144.05,144.1,143.79,143.94,3990.0,1745294700.0,2025-04-22 09:35:00+05:30
143.99,144.0,143.8,144.0,2676.0,1745295000.0,2025-04-22 09:40:00+05:30
144.0,144.0,143.65,143.71,3358.0,1745295300.0,2025-04-22 09:45:00+05:30
143.93,143.93,143.71,143.87,1901.0,1745295600.0,2025-04-22 09:50:00+05:30
143.82,143.9,143.61,143.85,2677.0,1745295900.0,2025-04-22 09:55:00+05:30
143.84,144.0,143.5,143.73,7639.0,1745296200.0,2025-04-22 10:00:00+05:30
143.73,143.97,143.7,143.8,560.0,1745296500.0,2025-04-22 10:05:00+05:30
143.8,143.99,143.5,143.5,8188.0,1745296800.0,2025-04-22 10:10:00+05:30
143.77,143.8,143.61,143.7,333.0,1745297100.0,2025-04-22 10:15:00+05:30
143.8,143.8,143.5,143.8,1941.0,1745297400.0,2025-04-22 10:20:00+05:30
143.63,143.8,143.54,143.69,2694.0,1745297700.0,2025-04-22 10:25:00+05:30
143.69,143.78,143.69,143.78,274.0,1745298000.0,2025-04-22 10:30:00+05:30
143.78,143.8,143.55,143.79,567.0,1745298300.0,2025-04-22 10:35:00+05:30
143.78,143.79,143.56,143.67,1246.0,1745298600.0,2025-04-22 10:40:00+05:30
143.68,143.91,143.68,143.9,3097.0,1745298900.0,2025-04-22 10:45:00+05:30
143.9,143.9,143.6,143.8,3104.0,1745299200.0,2025-04-22 10:50:00+05:30
143.8,143.8,143.69,143.8,2908.0,1745299500.0,2025-04-22 10:55:00+05:30
143.79,143.85,143.68,143.85,1465.0,1745299800.0,2025-04-22 11:00:00+05:30
143.85,143.93,143.85,143.89,1281.0,1745300100.0,2025-04-22 11:05:00+05:30
143.89,144.1,143.85,143.91,9968.0,1745300400.0,2025-04-22 11:10:00+05:30
144.0,144.0,143.86,143.86,3079.0,1745300700.0,2025-04-22 11:15:00+05:30
143.86,143.99,143.85,143.85,4187.0,1745301000.0,2025-04-22 11:20:00+05:30
143.8,143.86,143.66,143.86,1480.0,1745301300.0,2025-04-22 11:25:00+05:30
143.88,143.88,143.54,143.54,989.0,1745301600.0,2025-04-22 11:30:00+05:30
143.5,143.65,143.5,143.65,2205.0,1745301900.0,2025-04-22 11:35:00+05:30
143.63,143.63,142.9,143.0,15684.0,1745302200.0,2025-04-22 11:40:00+05:30
143.0,143.1,142.98,143.1,878.0,1745302500.0,2025-04-22 11:45:00+05:30
143.1,143.1,143.04,143.1,846.0,1745302800.0,2025-04-22 11:50:00+05:30
143.01,143.3,143.01,143.3,1200.0,1745303100.0,2025-04-22 11:55:00+05:30
143.3,143.3,143.18,143.18,486.0,1745303400.0,2025-04-22 12:00:00+05:30
143.26,143.3,143.13,143.3,345.0,1745303700.0,2025-04-22 12:05:00+05:30
143.3,143.3,143.2,143.22,672.0,1745304000.0,2025-04-22 12:10:00+05:30
143.3,143.3,143.23,143.3,803.0,1745304300.0,2025-04-22 12:15:00+05:30
143.22,143.3,143.05,143.05,2161.0,1745304600.0,2025-04-22 12:20:00+05:30
143.05,143.3,142.88,143.3,12034.0,1745304900.0,2025-04-22 12:25:00+05:30
143.3,143.5,143.25,143.5,5775.0,1745305200.0,2025-04-22 12:30:00+05:30
143.5,143.69,143.5,143.66,2089.0,1745305500.0,2025-04-22 12:35:00+05:30
143.66,143.91,143.66,143.71,2142.0,1745305800.0,2025-04-22 12:40:00+05:30
143.94,144.0,143.84,143.84,4946.0,1745306100.0,2025-04-22 12:45:00+05:30
143.98,144.0,143.85,144.0,1918.0,1745306400.0,2025-04-22 12:50:00+05:30
143.99,143.99,143.82,143.82,164.0,1745306700.0,2025-04-22 12:55:00+05:30
143.82,143.82,143.82,143.82,1043.0,1745307000.0,2025-04-22 13:00:00+05:30
143.75,143.82,143.7,143.7,543.0,1745307300.0,2025-04-22 13:05:00+05:30
143.8,143.8,143.8,143.8,494.0,1745307600.0,2025-04-22 13:10:00+05:30
143.8,143.89,143.57,143.89,571.0,1745307900.0,2025-04-22 13:15:00+05:30
143.89,143.89,143.54,143.74,1404.0,1745308200.0,2025-04-22 13:20:00+05:30
143.74,143.74,143.74,143.74,0.0,1745308500.0,2025-04-22 13:25:00+05:30
143.74,143.86,143.7,143.86,1703.0,1745308800.0,2025-04-22 13:30:00+05:30
143.86,143.86,143.57,143.73,353.0,1745309100.0,2025-04-22 13:35:00+05:30
143.73,143.73,143.6,143.6,748.0,1745309400.0,2025-04-22 13:40:00+05:30
143.73,143.73,143.65,143.65,755.0,1745309700.0,2025-04-22 13:45:00+05:30
143.65,143.9,143.65,143.81,3008.0,1745310000.0,2025-04-22 13:50:00+05:30
143.92,143.92,143.44,143.6,5364.0,1745310300.0,2025-04-22 13:55:00+05:30
143.6,143.7,143.26,143.6,939.0,1745310600.0,2025-04-22 14:00:00+05:30
143.4,143.55,143.32,143.54,587.0,1745310900.0,2025-04-22 14:05:00+05:30
143.56,143.84,143.55,143.84,914.0,1745311200.0,2025-04-22 14:10:00+05:30
143.84,143.84,143.58,143.68,257.0,1745311500.0,2025-04-22 14:15:00+05:30
143.66,143.66,143.5,143.6,39.0,1745311800.0,2025-04-22 14:20:00+05:30
143.6,143.7,143.39,143.7,935.0,1745312100.0,2025-04-22 14:25:00+05:30
143.79,143.92,143.78,143.89,1658.0,1745312400.0,2025-04-22 14:30:00+05:30
143.68,143.87,143.52,143.75,2773.0,1745312700.0,2025-04-22 14:35:00+05:30
143.75,144.04,143.75,143.94,15395.0,1745313000.0,2025-04-22 14:40:00+05:30
143.77,143.79,143.54,143.57,396.0,1745313300.0,2025-04-22 14:45:00+05:30
143.7,143.82,143.57,143.74,429.0,1745313600.0,2025-04-22 14:50:00+05:30
143.74,143.74,143.63,143.7,930.0,1745313900.0,2025-04-22 14:55:00+05:30
143.8,143.8,143.71,143.71,828.0,1745314200.0,2025-04-22 15:00:00+05:30
143.8,143.89,143.7,143.79,2245.0,1745314500.0,2025-04-22 15:05:00+05:30
143.78,143.8,143.71,143.75,1973.0,1745314800.0,2025-04-22 15:10:00+05:30
143.71,143.99,143.71,143.97,5199.0,1745315100.0,2025-04-22 15:15:00+05:30
143.97,144.0,143.8,143.87,17519.0,1745315400.0,2025-04-22 15:20:00+05:30
143.96,143.97,143.63,143.9,12309.0,1745315700.0,2025-04-22 15:25:00+05:30
143.2,144.29,142.8,143.18,31084.0,1745379900.0,2025-04-23 09:15:00+05:30
142.95,143.89,142.8,143.45,7019.0,1745380200.0,2025-04-23 09:20:00+05:30
143.53,143.53,143.1,143.31,3988.0,1745380500.0,2025-04-23 09:25:00+05:30
143.37,143.41,142.8,143.06,8429.0,1745380800.0,2025-04-23 09:30:00+05:30
142.9,143.06,142.8,142.9,3042.0,1745381100.0,2025-04-23 09:35:00+05:30
142.9,142.9,142.12,142.8,9899.0,1745381400.0,2025-04-23 09:40:00+05:30
142.8,142.98,142.58,142.77,958.0,1745381700.0,2025-04-23 09:45:00+05:30
142.77,142.93,142.5,142.56,2623.0,1745382000.0,2025-04-23 09:50:00+05:30
142.68,142.75,142.5,142.68,5243.0,1745382300.0,2025-04-23 09:55:00+05:30
142.47,142.53,142.24,142.48,4351.0,1745382600.0,2025-04-23 10:00:00+05:30
142.32,142.32,141.6,141.76,8918.0,1745382900.0,2025-04-23 10:05:00+05:30
141.76,141.76,141.03,141.21,4046.0,1745383200.0,2025-04-23 10:10:00+05:30
141.25,141.66,141.0,141.66,3919.0,1745383500.0,2025-04-23 10:15:00+05:30
141.71,141.71,141.12,141.3,1237.0,1745383800.0,2025-04-23 10:20:00+05:30
141.3,141.59,141.0,141.45,7266.0,1745384100.0,2025-04-23 10:25:00+05:30
141.55,141.7,141.33,141.34,10064.0,1745384400.0,2025-04-23 10:30:00+05:30
141.45,141.67,141.23,141.55,2210.0,1745384700.0,2025-04-23 10:35:00+05:30
141.4,141.62,141.4,141.62,315.0,1745385000.0,2025-04-23 10:40:00+05:30
141.4,141.75,141.4,141.45,4450.0,1745385300.0,2025-04-23 10:45:00+05:30
141.45,141.59,141.2,141.2,3327.0,1745385600.0,2025-04-23 10:50:00+05:30
141.27,141.27,140.59,140.84,5408.0,1745385900.0,2025-04-23 10:55:00+05:30
140.82,141.14,140.61,141.05,2082.0,1745386200.0,2025-04-23 11:00:00+05:30
141.19,141.49,141.01,141.25,2098.0,1745386500.0,2025-04-23 11:05:00+05:30
141.25,141.5,141.25,141.25,6311.0,1745386800.0,2025-04-23 11:10:00+05:30
141.31,141.31,140.9,141.02,6519.0,1745387100.0,2025-04-23 11:15:00+05:30
141.23,141.28,141.0,141.0,6510.0,1745387400.0,2025-04-23 11:20:00+05:30
141.04,141.23,140.76,140.95,942.0,1745387700.0,2025-04-23 11:25:00+05:30
141.05,141.49,141.03,141.49,2045.0,1745388000.0,2025-04-23 11:30:00+05:30
141.29,141.73,141.21,141.73,2161.0,1745388300.0,2025-04-23 11:35:00+05:30
141.74,142.27,141.51,142.05,11765.0,1745388600.0,2025-04-23 11:40:00+05:30
142.05,142.16,141.93,142.1,688.0,1745388900.0,2025-04-23 11:45:00+05:30
142.01,142.73,141.85,142.62,5188.0,1745389200.0,2025-04-23 11:50:00+05:30
142.6,142.88,142.32,142.67,5749.0,1745389500.0,2025-04-23 11:55:00+05:30
142.74,142.74,142.47,142.64,463.0,1745389800.0,2025-04-23 12:00:00+05:30
142.75,142.9,142.58,142.6,2361.0,1745390100.0,2025-04-23 12:05:00+05:30
143.0,143.27,142.61,142.76,14427.0,1745390400.0,2025-04-23 12:10:00+05:30
142.99,142.99,142.8,142.8,163.0,1745390700.0,2025-04-23 12:15:00+05:30
142.83,143.81,142.8,143.81,14599.0,1745391000.0,2025-04-23 12:20:00+05:30
143.79,144.05,143.46,144.0,12056.0,1745391300.0,2025-04-23 12:25:00+05:30
143.91,144.44,143.91,143.95,22148.0,1745391600.0,2025-04-23 12:30:00+05:30
144.0,144.28,143.91,144.12,4948.0,1745391900.0,2025-04-23 12:35:00+05:30
144.1,144.12,143.41,143.56,7817.0,1745392200.0,2025-04-23 12:40:00+05:30
143.66,143.85,143.65,143.73,1487.0,1745392500.0,2025-04-23 12:45:00+05:30
143.73,143.87,143.51,143.68,640.0,1745392800.0,2025-04-23 12:50:00+05:30
143.72,143.75,143.51,143.68,538.0,1745393100.0,2025-04-23 12:55:00+05:30
143.68,143.97,143.65,143.89,3217.0,1745393400.0,2025-04-23 13:00:00+05:30
143.89,143.91,143.67,143.77,1607.0,1745393700.0,2025-04-23 13:05:00+05:30
143.93,143.99,143.61,143.86,1762.0,1745394000.0,2025-04-23 13:10:00+05:30
143.86,143.89,143.57,143.7,2246.0,1745394300.0,2025-04-23 13:15:00+05:30
143.7,143.85,143.59,143.67,821.0,1745394600.0,2025-04-23 13:20:00+05:30
143.67,146.2,143.67,145.41,110511.0,1745394900.0,2025-04-23 13:25:00+05:30
145.5,145.5,143.5,143.51,59694.0,1745395200.0,2025-04-23 13:30:00+05:30
143.6,144.61,143.6,144.4,62217.0,1745395500.0,2025-04-23 13:35:00+05:30
144.46,144.52,144.15,144.3,19415.0,1745395800.0,2025-04-23 13:40:00+05:30
144.0,144.3,143.3,143.32,22497.0,1745396100.0,2025-04-23 13:45:00+05:30
143.33,143.47,143.01,143.29,9375.0,1745396400.0,2025-04-23 13:50:00+05:30
143.29,143.41,143.21,143.21,1356.0,1745396700.0,2025-04-23 13:55:00+05:30
143.17,143.2,143.1,143.15,1272.0,1745397000.0,2025-04-23 14:00:00+05:30
143.15,143.25,143.1,143.17,8361.0,1745397300.0,2025-04-23 14:05:00+05:30
143.18,143.36,143.17,143.27,4731.0,1745397600.0,2025-04-23 14:10:00+05:30
143.29,143.38,143.25,143.3,2395.0,1745397900.0,2025-04-23 14:15:00+05:30
143.25,143.43,143.25,143.32,8191.0,1745398200.0,2025-04-23 14:20:00+05:30
143.32,143.33,142.8,142.95,9587.0,1745398500.0,2025-04-23 14:25:00+05:30
142.83,144.09,142.75,143.97,19686.0,1745398800.0,2025-04-23 14:30:00+05:30
144.0,144.08,143.42,143.42,46540.0,1745399100.0,2025-04-23 14:35:00+05:30
143.71,144.03,143.71,143.99,19796.0,1745399400.0,2025-04-23 14:40:00+05:30
143.92,144.09,143.8,144.0,23354.0,1745399700.0,2025-04-23 14:45:00+05:30
143.93,144.12,143.85,144.0,34378.0,1745400000.0,2025-04-23 14:50:00+05:30
144.12,144.27,144.0,144.19,2595.0,1745400300.0,2025-04-23 14:55:00+05:30
144.11,144.68,143.55,143.55,113981.0,1745400600.0,2025-04-23 15:00:00+05:30
143.64,144.14,143.55,144.14,140146.0,1745400900.0,2025-04-23 15:05:00+05:30
144.15,144.22,143.5,144.07,117197.0,1745401200.0,2025-04-23 15:10:00+05:30
144.0,145.25,143.7,144.94,22918.0,1745401500.0,2025-04-23 15:15:00+05:30
145.36,147.48,144.0,144.0,40554.0,1745401800.0,2025-04-23 15:20:00+05:30
144.0,144.27,143.0,143.98,22401.0,1745402100.0,2025-04-23 15:25:00+05:30
144.0,144.29,143.02,143.76,15117.0,1745466300.0,2025-04-24 09:15:00+05:30
143.9,144.0,142.74,143.04,11420.0,1745466600.0,2025-04-24 09:20:00+05:30
143.14,143.25,142.21,142.72,8570.0,1745466900.0,2025-04-24 09:25:00+05:30
142.94,143.23,142.56,143.23,6861.0,1745467200.0,2025-04-24 09:30:00+05:30
143.03,143.4,143.03,143.4,4804.0,1745467500.0,2025-04-24 09:35:00+05:30
143.26,143.49,143.16,143.25,2472.0,1745467800.0,2025-04-24 09:40:00+05:30
143.2,143.26,142.6,142.81,9154.0,1745468100.0,2025-04-24 09:45:00+05:30
142.86,143.47,142.86,143.31,5355.0,1745468400.0,2025-04-24 09:50:00+05:30
143.31,143.56,143.29,143.56,3065.0,1745468700.0,2025-04-24 09:55:00+05:30
143.35,143.6,143.06,143.47,5918.0,1745469000.0,2025-04-24 10:00:00+05:30
143.59,143.6,143.1,143.3,1651.0,1745469300.0,2025-04-24 10:05:00+05:30
143.3,143.6,143.15,143.6,2267.0,1745469600.0,2025-04-24 10:10:00+05:30
143.62,143.64,143.32,143.61,2512.0,1745469900.0,2025-04-24 10:15:00+05:30
143.76,143.79,143.7,143.79,3139.0,1745470200.0,2025-04-24 10:20:00+05:30
143.7,143.9,143.61,143.79,973.0,1745470500.0,2025-04-24 10:25:00+05:30
143.89,143.93,143.73,143.73,2078.0,1745470800.0,2025-04-24 10:30:00+05:30
143.73,143.86,143.73,143.85,193.0,1745471100.0,2025-04-24 10:35:00+05:30
143.8,143.95,143.73,143.88,657.0,1745471400.0,2025-04-24 10:40:00+05:30
143.89,144.09,143.6,143.7,12142.0,1745471700.0,2025-04-24 10:45:00+05:30
143.5,143.63,143.39,143.63,298.0,1745472000.0,2025-04-24 10:50:00+05:30
143.74,143.94,143.65,143.9,634.0,1745472300.0,2025-04-24 10:55:00+05:30
143.9,143.96,143.73,143.73,2199.0,1745472600.0,2025-04-24 11:00:00+05:30
143.72,143.86,143.65,143.66,884.0,1745472900.0,2025-04-24 11:05:00+05:30
143.65,143.93,143.65,143.93,246.0,1745473200.0,2025-04-24 11:10:00+05:30
143.95,143.95,143.8,143.94,396.0,1745473500.0,2025-04-24 11:15:00+05:30
143.94,143.95,143.7,143.7,339.0,1745473800.0,2025-04-24 11:20:00+05:30
143.7,143.9,143.65,143.82,1750.0,1745474100.0,2025-04-24 11:25:00+05:30
143.82,143.82,143.65,143.65,307.0,1745474400.0,2025-04-24 11:30:00+05:30
143.7,143.7,143.7,143.7,115.0,1745474700.0,2025-04-24 11:35:00+05:30
143.7,143.9,143.7,143.8,201.0,1745475000.0,2025-04-24 11:40:00+05:30
143.8,143.8,143.8,143.8,47.0,1745475300.0,2025-04-24 11:45:00+05:30
143.8,143.8,143.8,143.8,5.0,1745475600.0,2025-04-24 11:50:00+05:30
143.8,143.8,143.65,143.65,549.0,1745475900.0,2025-04-24 11:55:00+05:30
143.65,143.7,143.46,143.7,1193.0,1745476200.0,2025-04-24 12:00:00+05:30
143.7,143.7,143.28,143.28,1922.0,1745476500.0,2025-04-24 12:05:00+05:30
143.26,143.39,143.17,143.17,424.0,1745476800.0,2025-04-24 12:10:00+05:30
143.17,143.39,143.17,143.39,234.0,1745477100.0,2025-04-24 12:15:00+05:30
143.3,143.78,143.3,143.68,2075.0,1745477400.0,2025-04-24 12:20:00+05:30
143.68,143.68,143.3,143.3,276.0,1745477700.0,2025-04-24 12:25:00+05:30
143.48,143.81,143.3,143.81,1198.0,1745478000.0,2025-04-24 12:30:00+05:30
143.65,143.65,143.31,143.31,311.0,1745478300.0,2025-04-24 12:35:00+05:30
143.31,143.5,143.31,143.5,385.0,1745478600.0,2025-04-24 12:40:00+05:30
143.49,143.5,143.4,143.4,280.0,1745478900.0,2025-04-24 12:45:00+05:30
143.35,143.45,143.27,143.45,212.0,1745479200.0,2025-04-24 12:50:00+05:30
143.45,143.45,143.3,143.3,398.0,1745479500.0,2025-04-24 12:55:00+05:30
143.3,143.47,143.3,143.47,455.0,1745479800.0,2025-04-24 13:00:00+05:30
143.47,143.48,143.17,143.17,904.0,1745480100.0,2025-04-24 13:05:00+05:30
143.17,143.24,143.14,143.14,271.0,1745480400.0,2025-04-24 13:10:00+05:30
143.36,143.4,143.0,143.0,2343.0,1745480700.0,2025-04-24 13:15:00+05:30
143.0,143.1,142.83,142.99,1914.0,1745481000.0,2025-04-24 13:20:00+05:30
142.99,143.0,142.82,142.82,151.0,1745481300.0,2025-04-24 13:25:00+05:30
142.97,143.0,142.79,143.0,1315.0,1745481600.0,2025-04-24 13:30:00+05:30
143.06,143.06,142.52,142.8,3140.0,1745481900.0,2025-04-24 13:35:00+05:30
142.38,142.72,142.38,142.69,4250.0,1745482200.0,2025-04-24 13:40:00+05:30
142.69,142.78,142.64,142.73,520.0,1745482500.0,2025-04-24 13:45:00+05:30
142.73,142.73,142.5,142.68,412.0,1745482800.0,2025-04-24 13:50:00+05:30
142.6,142.6,142.45,142.57,1279.0,1745483100.0,2025-04-24 13:55:00+05:30
142.5,142.59,142.4,142.48,1214.0,1745483400.0,2025-04-24 14:00:00+05:30
142.35,142.51,142.25,142.48,2455.0,1745483700.0,2025-04-24 14:05:00+05:30
142.31,142.84,142.27,142.54,2597.0,1745484000.0,2025-04-24 14:10:00+05:30
142.54,142.7,142.54,142.59,35.0,1745484300.0,2025-04-24 14:15:00+05:30
142.71,142.94,142.7,142.71,2077.0,1745484600.0,2025-04-24 14:20:00+05:30
142.83,143.12,142.83,142.88,9065.0,1745484900.0,2025-04-24 14:25:00+05:30
142.9,142.9,142.72,142.72,934.0,1745485200.0,2025-04-24 14:30:00+05:30
142.72,142.87,142.72,142.85,541.0,1745485500.0,2025-04-24 14:35:00+05:30
142.83,142.91,142.83,142.91,27.0,1745485800.0,2025-04-24 14:40:00+05:30
142.95,143.2,142.73,142.91,2387.0,1745486100.0,2025-04-24 14:45:00+05:30
143.12,143.14,142.75,142.75,653.0,1745486400.0,2025-04-24 14:50:00+05:30
142.66,142.89,142.66,142.89,312.0,1745486700.0,2025-04-24 14:55:00+05:30
142.89,143.16,142.89,143.15,1226.0,1745487000.0,2025-04-24 15:00:00+05:30
143.1,143.19,142.72,143.03,3507.0,1745487300.0,2025-04-24 15:05:00+05:30
143.2,143.2,142.81,142.89,4075.0,1745487600.0,2025-04-24 15:10:00+05:30
142.91,142.92,141.7,141.93,18837.0,1745487900.0,2025-04-24 15:15:00+05:30
141.92,142.65,141.92,142.58,9203.0,1745488200.0,2025-04-24 15:20:00+05:30
142.48,142.63,142.0,142.63,5509.0,1745488500.0,2025-04-24 15:25:00+05:30
142.86,143.98,141.22,141.22,17673.0,1745552700.0,2025-04-25 09:15:00+05:30
141.57,141.79,141.37,141.57,5416.0,1745553000.0,2025-04-25 09:20:00+05:30
141.57,141.87,141.25,141.51,5494.0,1745553300.0,2025-04-25 09:25:00+05:30
141.66,141.66,140.74,140.74,14729.0,1745553600.0,2025-04-25 09:30:00+05:30
140.6,141.04,140.4,140.57,5697.0,1745553900.0,2025-04-25 09:35:00+05:30
140.5,140.5,139.76,140.15,20525.0,1745554200.0,2025-04-25 09:40:00+05:30
140.14,140.5,140.01,140.01,1816.0,1745554500.0,2025-04-25 09:45:00+05:30
140.0,140.25,139.8,139.8,3206.0,1745554800.0,2025-04-25 09:50:00+05:30
139.8,139.8,139.02,139.06,5327.0,1745555100.0,2025-04-25 09:55:00+05:30
139.15,139.26,138.68,139.18,3774.0,1745555400.0,2025-04-25 10:00:00+05:30
139.16,139.67,138.97,139.62,6287.0,1745555700.0,2025-04-25 10:05:00+05:30
139.62,140.21,139.31,139.86,6325.0,1745556000.0,2025-04-25 10:10:00+05:30
139.86,140.29,139.68,140.07,4615.0,1745556300.0,2025-04-25 10:15:00+05:30
139.98,140.18,139.8,139.88,2289.0,1745556600.0,2025-04-25 10:20:00+05:30
139.89,139.89,139.39,139.39,1076.0,1745556900.0,2025-04-25 10:25:00+05:30
139.39,139.94,139.39,139.5,2090.0,1745557200.0,2025-04-25 10:30:00+05:30
139.41,139.84,139.3,139.59,2177.0,1745557500.0,2025-04-25 10:35:00+05:30
139.66,140.32,139.21,140.32,4223.0,1745557800.0,2025-04-25 10:40:00+05:30
140.32,140.34,140.17,140.23,1530.0,1745558100.0,2025-04-25 10:45:00+05:30
140.23,140.23,139.88,140.01,1600.0,1745558400.0,2025-04-25 10:50:00+05:30
140.03,140.03,139.5,139.71,1882.0,1745558700.0,2025-04-25 10:55:00+05:30
139.71,139.81,139.45,139.45,1501.0,1745559000.0,2025-04-25 11:00:00+05:30
139.42,139.76,139.42,139.53,3280.0,1745559300.0,2025-04-25 11:05:00+05:30
139.54,139.82,139.0,139.0,13402.0,1745559600.0,2025-04-25 11:10:00+05:30
139.15,139.35,138.8,138.88,5876.0,1745559900.0,2025-04-25 11:15:00+05:30
138.8,138.9,138.26,138.49,786.0,1745560200.0,2025-04-25 11:20:00+05:30
138.53,138.8,138.46,138.8,504.0,1745560500.0,2025-04-25 11:25:00+05:30
138.8,138.8,138.2,138.2,1253.0,1745560800.0,2025-04-25 11:30:00+05:30
138.14,138.62,138.13,138.62,788.0,1745561100.0,2025-04-25 11:35:00+05:30
138.53,138.73,138.35,138.35,1115.0,1745561400.0,2025-04-25 11:40:00+05:30
138.2,138.36,137.57,137.8,8258.0,1745561700.0,2025-04-25 11:45:00+05:30
137.65,138.19,137.65,138.16,1747.0,1745562000.0,2025-04-25 11:50:00+05:30
138.19,138.8,138.19,138.76,4465.0,1745562300.0,2025-04-25 11:55:00+05:30
138.63,138.68,138.31,138.44,1319.0,1745562600.0,2025-04-25 12:00:00+05:30
138.48,139.25,138.48,139.25,1111.0,1745562900.0,2025-04-25 12:05:00+05:30
139.1,140.13,139.1,139.72,4747.0,1745563200.0,2025-04-25 12:10:00+05:30
139.62,139.89,139.02,139.89,22225.0,1745563500.0,2025-04-25 12:15:00+05:30
139.83,139.99,139.09,139.12,5895.0,1745563800.0,2025-04-25 12:20:00+05:30
139.1,139.1,138.76,138.78,364.0,1745564100.0,2025-04-25 12:25:00+05:30
138.77,139.19,138.75,139.03,1753.0,1745564400.0,2025-04-25 12:30:00+05:30
138.95,139.2,138.84,139.2,610.0,1745564700.0,2025-04-25 12:35:00+05:30
139.08,139.18,138.83,138.88,385.0,1745565000.0,2025-04-25 12:40:00+05:30
138.85,139.2,138.85,138.97,457.0,1745565300.0,2025-04-25 12:45:00+05:30
138.88,139.05,138.8,138.81,693.0,1745565600.0,2025-04-25 12:50:00+05:30
138.81,139.2,138.81,139.17,1791.0,1745565900.0,2025-04-25 12:55:00+05:30
138.97,139.12,138.37,138.66,2838.0,1745566200.0,2025-04-25 13:00:00+05:30
138.67,139.09,138.45,138.81,4159.0,1745566500.0,2025-04-25 13:05:00+05:30
138.96,139.18,138.54,138.8,4003.0,1745566800.0,2025-04-25 13:10:00+05:30
138.92,139.11,138.81,139.03,1114.0,1745567100.0,2025-04-25 13:15:00+05:30
138.93,139.09,138.84,139.03,464.0,1745567400.0,2025-04-25 13:20:00+05:30
138.85,138.94,138.31,138.48,3392.0,1745567700.0,2025-04-25 13:25:00+05:30
138.53,138.91,138.53,138.78,1507.0,1745568000.0,2025-04-25 13:30:00+05:30
138.73,138.91,138.36,138.52,5481.0,1745568300.0,2025-04-25 13:35:00+05:30
138.64,138.64,138.26,138.44,1174.0,1745568600.0,2025-04-25 13:40:00+05:30
138.61,138.7,138.23,138.44,5998.0,1745568900.0,2025-04-25 13:45:00+05:30
138.47,138.6,138.25,138.5,1189.0,1745569200.0,2025-04-25 13:50:00+05:30
138.3,138.63,138.27,138.54,810.0,1745569500.0,2025-04-25 13:55:00+05:30
138.48,138.69,138.48,138.6,643.0,1745569800.0,2025-04-25 14:00:00+05:30
138.52,138.64,138.07,138.07,2391.0,1745570100.0,2025-04-25 14:05:00+05:30
138.08,138.28,137.87,137.88,4472.0,1745570400.0,2025-04-25 14:10:00+05:30
137.89,138.4,137.89,138.18,1161.0,1745570700.0,2025-04-25 14:15:00+05:30
138.05,138.49,138.01,138.35,2789.0,1745571000.0,2025-04-25 14:20:00+05:30
138.15,138.27,138.01,138.18,1053.0,1745571300.0,2025-04-25 14:25:00+05:30
138.22,138.38,138.0,138.0,2794.0,1745571600.0,2025-04-25 14:30:00+05:30
138.02,138.2,137.87,138.13,2708.0,1745571900.0,2025-04-25 14:35:00+05:30
138.03,138.13,137.85,137.9,634.0,1745572200.0,2025-04-25 14:40:00+05:30
137.88,138.08,137.85,138.08,589.0,1745572500.0,2025-04-25 14:45:00+05:30
138.06,138.24,138.01,138.17,1464.0,1745572800.0,2025-04-25 14:50:00+05:30
138.02,138.18,137.87,138.1,1862.0,1745573100.0,2025-04-25 14:55:00+05:30
138.1,138.29,137.98,138.09,1121.0,1745573400.0,2025-04-25 15:00:00+05:30
138.08,138.81,137.9,138.43,4341.0,1745573700.0,2025-04-25 15:05:00+05:30
138.89,138.89,138.48,138.7,2901.0,1745574000.0,2025-04-25 15:10:00+05:30
138.66,138.98,138.0,138.2,5266.0,1745574300.0,2025-04-25 15:15:00+05:30
138.19,138.71,138.01,138.69,6774.0,1745574600.0,2025-04-25 15:20:00+05:30
138.68,138.69,137.92,138.5,7424.0,1745574900.0,2025-04-25 15:25:00+05:30
137.0,139.78,135.1,138.96,10021.0,1745811900.0,2025-04-28 09:15:00+05:30
138.74,138.74,136.98,137.06,12422.0,1745812200.0,2025-04-28 09:20:00+05:30
137.0,137.89,136.6,137.73,9775.0,1745812500.0,2025-04-28 09:25:00+05:30
137.78,137.9,137.51,137.75,4398.0,1745812800.0,2025-04-28 09:30:00+05:30
137.68,137.99,137.6,137.8,6092.0,1745813100.0,2025-04-28 09:35:00+05:30
137.71,138.31,137.55,138.04,15682.0,1745813400.0,2025-04-28 09:40:00+05:30
138.12,138.69,138.12,138.54,2116.0,1745813700.0,2025-04-28 09:45:00+05:30
138.63,138.7,138.09,138.55,2361.0,1745814000.0,2025-04-28 09:50:00+05:30
138.55,138.76,138.55,138.76,967.0,1745814300.0,2025-04-28 09:55:00+05:30
138.95,139.26,138.71,139.11,2113.0,1745814600.0,2025-04-28 10:00:00+05:30
139.08,139.4,139.06,139.28,3009.0,1745814900.0,2025-04-28 10:05:00+05:30
139.22,139.58,139.22,139.58,1687.0,1745815200.0,2025-04-28 10:10:00+05:30
139.6,139.98,139.5,139.65,3799.0,1745815500.0,2025-04-28 10:15:00+05:30
139.65,139.96,139.58,139.58,1161.0,1745815800.0,2025-04-28 10:20:00+05:30
139.51,139.8,139.4,139.63,1932.0,1745816100.0,2025-04-28 10:25:00+05:30
139.79,140.0,139.67,139.9,4342.0,1745816400.0,2025-04-28 10:30:00+05:30
140.08,140.62,140.08,140.54,4155.0,1745816700.0,2025-04-28 10:35:00+05:30
140.46,140.91,140.37,140.72,2878.0,1745817000.0,2025-04-28 10:40:00+05:30
140.72,140.94,140.6,140.61,1930.0,1745817300.0,2025-04-28 10:45:00+05:30
140.74,140.8,140.5,140.65,3127.0,1745817600.0,2025-04-28 10:50:00+05:30
140.66,140.83,140.43,140.43,996.0,1745817900.0,2025-04-28 10:55:00+05:30
140.32,140.32,140.13,140.3,936.0,1745818200.0,2025-04-28 11:00:00+05:30
140.3,140.75,140.21,140.75,652.0,1745818500.0,2025-04-28 11:05:00+05:30
140.65,140.71,140.26,140.26,1385.0,1745818800.0,2025-04-28 11:10:00+05:30
140.17,140.33,139.61,139.9,2031.0,1745819100.0,2025-04-28 11:15:00+05:30
139.95,140.1,139.75,139.96,1996.0,1745819400.0,2025-04-28 11:20:00+05:30
139.96,140.25,139.89,140.01,1538.0,1745819700.0,2025-04-28 11:25:00+05:30
140.01,140.01,139.23,139.58,7529.0,1745820000.0,2025-04-28 11:30:00+05:30
139.84,139.84,139.75,139.77,2690.0,1745820300.0,2025-04-28 11:35:00+05:30
139.79,139.8,139.78,139.79,282.0,1745820600.0,2025-04-28 11:40:00+05:30
139.77,139.84,139.7,139.83,407.0,1745820900.0,2025-04-28 11:45:00+05:30
139.79,139.82,139.71,139.82,560.0,1745821200.0,2025-04-28 11:50:00+05:30
139.57,139.64,139.57,139.6,1020.0,1745821500.0,2025-04-28 11:55:00+05:30
139.6,139.79,139.6,139.71,196.0,1745821800.0,2025-04-28 12:00:00+05:30
139.7,139.84,139.58,139.58,1262.0,1745822100.0,2025-04-28 12:05:00+05:30
139.59,139.59,139.14,139.34,2893.0,1745822400.0,2025-04-28 12:10:00+05:30
139.35,139.49,139.35,139.49,594.0,1745822700.0,2025-04-28 12:15:00+05:30
139.49,139.49,139.04,139.4,5199.0,1745823000.0,2025-04-28 12:20:00+05:30
139.44,139.91,139.4,139.51,3012.0,1745823300.0,2025-04-28 12:25:00+05:30
139.51,139.59,139.25,139.27,880.0,1745823600.0,2025-04-28 12:30:00+05:30
139.39,139.55,139.39,139.42,1276.0,1745823900.0,2025-04-28 12:35:00+05:30
139.42,139.48,139.42,139.48,909.0,1745824200.0,2025-04-28 12:40:00+05:30
139.49,139.57,139.39,139.51,345.0,1745824500.0,2025-04-28 12:45:00+05:30
139.5,139.54,139.5,139.52,522.0,1745824800.0,2025-04-28 12:50:00+05:30
139.4,139.43,139.36,139.4,145.0,1745825100.0,2025-04-28 12:55:00+05:30
139.44,139.94,139.22,139.63,10475.0,1745825400.0,2025-04-28 13:00:00+05:30
139.47,139.64,139.43,139.43,51.0,1745825700.0,2025-04-28 13:05:00+05:30
139.43,139.61,139.43,139.58,203.0,1745826000.0,2025-04-28 13:10:00+05:30
139.58,139.59,139.4,139.4,1313.0,1745826300.0,2025-04-28 13:15:00+05:30
139.48,139.51,139.12,139.51,1915.0,1745826600.0,2025-04-28 13:20:00+05:30
139.55,139.55,139.31,139.46,517.0,1745826900.0,2025-04-28 13:25:00+05:30
139.38,139.44,139.21,139.29,441.0,1745827200.0,2025-04-28 13:30:00+05:30
139.29,139.61,139.29,139.6,230.0,1745827500.0,2025-04-28 13:35:00+05:30
139.46,139.63,139.46,139.63,68.0,1745827800.0,2025-04-28 13:40:00+05:30
139.48,139.58,139.48,139.58,143.0,1745828100.0,2025-04-28 13:45:00+05:30
139.59,139.59,139.53,139.53,4.0,1745828400.0,2025-04-28 13:50:00+05:30
139.53,139.53,139.36,139.36,162.0,1745828700.0,2025-04-28 13:55:00+05:30
139.47,139.63,139.32,139.55,1258.0,1745829000.0,2025-04-28 14:00:00+05:30
139.55,139.55,139.43,139.43,602.0,1745829300.0,2025-04-28 14:05:00+05:30
139.43,139.43,139.43,139.43,47.0,1745829600.0,2025-04-28 14:10:00+05:30
139.59,139.59,139.43,139.43,326.0,1745829900.0,2025-04-28 14:15:00+05:30
139.43,139.5,139.18,139.18,400.0,1745830200.0,2025-04-28 14:20:00+05:30
139.35,139.35,138.88,139.06,1713.0,1745830500.0,2025-04-28 14:25:00+05:30
139.06,139.41,139.06,139.41,1231.0,1745830800.0,2025-04-28 14:30:00+05:30
139.27,139.35,139.11,139.28,832.0,1745831100.0,2025-04-28 14:35:00+05:30
139.28,139.35,139.05,139.21,611.0,1745831400.0,2025-04-28 14:40:00+05:30
139.21,139.31,138.88,139.04,6589.0,1745831700.0,2025-04-28 14:45:00+05:30
138.99,138.99,138.8,138.97,3027.0,1745832000.0,2025-04-28 14:50:00+05:30
138.82,139.4,138.68,139.4,10383.0,1745832300.0,2025-04-28 14:55:00+05:30
139.2,139.34,139.13,139.2,1456.0,1745832600.0,2025-04-28 15:00:00+05:30
139.05,139.19,139.0,139.04,1999.0,1745832900.0,2025-04-28 15:05:00+05:30
139.09,139.17,139.05,139.16,824.0,1745833200.0,2025-04-28 15:10:00+05:30
139.08,139.6,139.08,139.5,3919.0,1745833500.0,2025-04-28 15:15:00+05:30
139.26,140.8,139.26,140.04,8697.0,1745833800.0,2025-04-28 15:20:00+05:30
140.05,140.09,139.11,139.11,5658.0,1745834100.0,2025-04-28 15:25:00+05:30
140.03,141.81,140.03,140.21,9014.0,1745898300.0,2025-04-29 09:15:00+05:30
140.6,140.64,139.54,139.87,4129.0,1745898600.0,2025-04-29 09:20:00+05:30
139.75,140.87,139.36,139.89,11372.0,1745898900.0,2025-04-29 09:25:00+05:30
139.81,140.0,139.2,139.86,6698.0,1745899200.0,2025-04-29 09:30:00+05:30
139.89,140.0,139.28,139.3,4493.0,1745899500.0,2025-04-29 09:35:00+05:30
139.57,139.57,138.51,138.93,2581.0,1745899800.0,2025-04-29 09:40:00+05:30
138.98,139.61,138.93,139.55,1702.0,1745900100.0,2025-04-29 09:45:00+05:30
139.37,139.56,139.12,139.54,281.0,1745900400.0,2025-04-29 09:50:00+05:30
139.65,139.94,139.33,139.88,705.0,1745900700.0,2025-04-29 09:55:00+05:30
139.95,139.95,139.8,139.8,362.0,1745901000.0,2025-04-29 10:00:00+05:30
139.68,139.74,139.46,139.46,175.0,1745901300.0,2025-04-29 10:05:00+05:30
139.46,139.82,139.46,139.82,119.0,1745901600.0,2025-04-29 10:10:00+05:30
139.58,139.68,139.29,139.45,626.0,1745901900.0,2025-04-29 10:15:00+05:30
139.27,139.5,139.21,139.21,1228.0,1745902200.0,2025-04-29 10:20:00+05:30
139.27,139.27,138.69,138.75,5285.0,1745902500.0,2025-04-29 10:25:00+05:30
138.6,139.1,138.5,138.7,1086.0,1745902800.0,2025-04-29 10:30:00+05:30
138.59,139.0,138.59,138.88,445.0,1745903100.0,2025-04-29 10:35:00+05:30
138.85,138.9,138.85,138.89,203.0,1745903400.0,2025-04-29 10:40:00+05:30
138.8,138.95,138.8,138.82,1792.0,1745903700.0,2025-04-29 10:45:00+05:30
138.9,138.9,138.59,138.9,2228.0,1745904000.0,2025-04-29 10:50:00+05:30
138.74,138.92,138.74,138.75,1701.0,1745904300.0,2025-04-29 10:55:00+05:30
138.76,139.0,138.73,138.73,403.0,1745904600.0,2025-04-29 11:00:00+05:30
138.72,138.94,138.72,138.89,159.0,1745904900.0,2025-04-29 11:05:00+05:30
138.89,138.99,138.72,138.89,652.0,1745905200.0,2025-04-29 11:10:00+05:30
138.78,138.8,138.78,138.8,219.0,1745905500.0,2025-04-29 11:15:00+05:30
138.8,138.8,138.8,138.8,0.0,1745905800.0,2025-04-29 11:20:00+05:30
138.8,138.8,138.71,138.71,245.0,1745906100.0,2025-04-29 11:25:00+05:30
138.99,138.99,138.7,138.73,739.0,1745906400.0,2025-04-29 11:30:00+05:30
138.73,138.73,138.64,138.72,66.0,1745906700.0,2025-04-29 11:35:00+05:30
138.15,138.48,138.15,138.45,5596.0,1745907000.0,2025-04-29 11:40:00+05:30
138.49,138.49,138.15,138.34,599.0,1745907300.0,2025-04-29 11:45:00+05:30
138.35,138.49,138.16,138.16,744.0,1745907600.0,2025-04-29 11:50:00+05:30
138.15,138.25,138.0,138.0,4702.0,1745907900.0,2025-04-29 11:55:00+05:30
137.99,138.05,137.83,138.0,107.0,1745908200.0,2025-04-29 12:00:00+05:30
138.0,138.36,137.85,137.85,2313.0,1745908500.0,2025-04-29 12:05:00+05:30
137.91,138.13,137.85,138.13,252.0,1745908800.0,2025-04-29 12:10:00+05:30
138.13,138.13,137.95,137.95,1102.0,1745909100.0,2025-04-29 12:15:00+05:30
138.08,138.13,137.92,137.92,720.0,1745909400.0,2025-04-29 12:20:00+05:30
137.84,138.02,137.84,138.01,83.0,1745909700.0,2025-04-29 12:25:00+05:30
137.9,138.2,137.9,138.2,130.0,1745910000.0,2025-04-29 12:30:00+05:30
138.25,138.25,138.07,138.1,6358.0,1745910300.0,2025-04-29 12:35:00+05:30
138.07,138.29,138.07,138.09,3706.0,1745910600.0,2025-04-29 12:40:00+05:30
138.25,138.25,138.24,138.25,157.0,1745910900.0,2025-04-29 12:45:00+05:30
138.25,138.25,138.08,138.19,858.0,1745911200.0,2025-04-29 12:50:00+05:30
138.09,138.34,138.09,138.3,1954.0,1745911500.0,2025-04-29 12:55:00+05:30
138.3,138.54,138.3,138.54,3116.0,1745911800.0,2025-04-29 13:00:00+05:30
138.52,138.64,138.35,138.46,1928.0,1745912100.0,2025-04-29 13:05:00+05:30
138.46,138.65,138.3,138.46,4575.0,1745912400.0,2025-04-29 13:10:00+05:30
138.46,138.75,138.46,138.61,2651.0,1745912700.0,2025-04-29 13:15:00+05:30
138.46,138.71,138.46,138.54,1360.0,1745913000.0,2025-04-29 13:20:00+05:30
138.54,138.72,138.54,138.72,208.0,1745913300.0,2025-04-29 13:25:00+05:30
138.72,138.81,138.72,138.8,167.0,1745913600.0,2025-04-29 13:30:00+05:30
138.86,138.86,138.7,138.7,1826.0,1745913900.0,2025-04-29 13:35:00+05:30
138.69,138.83,138.61,138.73,411.0,1745914200.0,2025-04-29 13:40:00+05:30
138.73,138.87,138.61,138.73,568.0,1745914500.0,2025-04-29 13:45:00+05:30
139.0,139.0,138.75,138.8,1873.0,1745914800.0,2025-04-29 13:50:00+05:30
138.7,138.84,138.61,138.66,1160.0,1745915100.0,2025-04-29 13:55:00+05:30
138.83,138.83,138.55,138.55,1251.0,1745915400.0,2025-04-29 14:00:00+05:30
138.42,138.54,138.42,138.54,3397.0,1745915700.0,2025-04-29 14:05:00+05:30
138.54,138.54,138.54,138.54,157.0,1745916000.0,2025-04-29 14:10:00+05:30
138.54,138.55,138.42,138.42,714.0,1745916300.0,2025-04-29 14:15:00+05:30
138.55,138.55,138.54,138.54,266.0,1745916600.0,2025-04-29 14:20:00+05:30
138.4,138.49,138.23,138.29,2012.0,1745916900.0,2025-04-29 14:25:00+05:30
138.29,138.4,138.09,138.4,1332.0,1745917200.0,2025-04-29 14:30:00+05:30
138.4,138.4,138.4,138.4,81.0,1745917500.0,2025-04-29 14:35:00+05:30
138.28,138.28,138.22,138.22,163.0,1745917800.0,2025-04-29 14:40:00+05:30
138.35,138.35,138.22,138.22,31.0,1745918100.0,2025-04-29 14:45:00+05:30
138.2,138.52,137.85,137.86,9096.0,1745918400.0,2025-04-29 14:50:00+05:30
137.96,138.19,137.8,138.12,3987.0,1745918700.0,2025-04-29 14:55:00+05:30
137.96,137.96,137.67,137.92,1683.0,1745919000.0,2025-04-29 15:00:00+05:30
137.93,138.39,137.83,138.31,3480.0,1745919300.0,2025-04-29 15:05:00+05:30
138.9,138.9,137.99,138.0,3224.0,1745919600.0,2025-04-29 15:10:00+05:30
137.95,138.1,137.8,138.04,3139.0,1745919900.0,2025-04-29 15:15:00+05:30
137.97,138.14,137.5,138.02,5921.0,1745920200.0,2025-04-29 15:20:00+05:30
138.02,138.39,138.0,138.0,1337.0,1745920500.0,2025-04-29 15:25:00+05:30
138.0,139.12,135.83,137.04,11813.0,1745984700.0,2025-04-30 09:15:00+05:30
137.12,137.29,136.1,136.18,4495.0,1745985000.0,2025-04-30 09:20:00+05:30
136.1,136.1,135.29,135.77,5674.0,1745985300.0,2025-04-30 09:25:00+05:30
135.92,136.16,135.5,135.9,8137.0,1745985600.0,2025-04-30 09:30:00+05:30
135.87,135.87,135.1,135.41,9212.0,1745985900.0,2025-04-30 09:35:00+05:30
135.41,135.7,135.05,135.3,3871.0,1745986200.0,2025-04-30 09:40:00+05:30
135.43,135.85,135.35,135.75,887.0,1745986500.0,2025-04-30 09:45:00+05:30
135.84,136.0,135.78,135.98,4337.0,1745986800.0,2025-04-30 09:50:00+05:30
135.98,135.98,135.51,135.61,1230.0,1745987100.0,2025-04-30 09:55:00+05:30
135.63,135.79,135.45,135.58,3782.0,1745987400.0,2025-04-30 10:00:00+05:30
135.58,135.85,135.58,135.74,1363.0,1745987700.0,2025-04-30 10:05:00+05:30
135.85,135.9,135.66,135.68,1126.0,1745988000.0,2025-04-30 10:10:00+05:30
135.66,135.9,135.66,135.9,1253.0,1745988300.0,2025-04-30 10:15:00+05:30
135.78,135.9,135.56,135.71,3492.0,1745988600.0,2025-04-30 10:20:00+05:30
135.56,136.0,135.56,135.72,2595.0,1745988900.0,2025-04-30 10:25:00+05:30
135.84,135.84,135.6,135.67,2217.0,1745989200.0,2025-04-30 10:30:00+05:30
135.6,135.6,135.35,135.57,5540.0,1745989500.0,2025-04-30 10:35:00+05:30
135.56,135.87,135.3,135.77,2502.0,1745989800.0,2025-04-30 10:40:00+05:30
135.77,135.77,135.42,135.72,477.0,1745990100.0,2025-04-30 10:45:00+05:30
135.78,135.85,135.57,135.79,349.0,1745990400.0,2025-04-30 10:50:00+05:30
135.72,135.79,135.72,135.79,82.0,1745990700.0,2025-04-30 10:55:00+05:30
135.79,135.83,135.79,135.83,322.0,1745991000.0,2025-04-30 11:00:00+05:30
135.8,135.8,135.65,135.65,301.0,1745991300.0,2025-04-30 11:05:00+05:30
135.64,135.68,135.5,135.68,520.0,1745991600.0,2025-04-30 11:10:00+05:30
135.67,135.7,135.54,135.7,1242.0,1745991900.0,2025-04-30 11:15:00+05:30
135.7,135.7,135.51,135.63,669.0,1745992200.0,2025-04-30 11:20:00+05:30
135.63,135.63,134.64,134.84,17349.0,1745992500.0,2025-04-30 11:25:00+05:30
134.84,134.84,134.5,134.69,5429.0,1745992800.0,2025-04-30 11:30:00+05:30
134.69,134.88,134.69,134.88,622.0,1745993100.0,2025-04-30 11:35:00+05:30
134.92,134.92,134.71,134.75,299.0,1745993400.0,2025-04-30 11:40:00+05:30
134.71,134.85,134.69,134.69,2513.0,1745993700.0,2025-04-30 11:45:00+05:30
134.82,134.91,134.51,134.59,4175.0,1745994000.0,2025-04-30 11:50:00+05:30
134.67,134.67,134.5,134.5,689.0,1745994300.0,2025-04-30 11:55:00+05:30
134.71,134.81,134.63,134.65,680.0,1745994600.0,2025-04-30 12:00:00+05:30
134.66,134.84,134.66,134.75,2894.0,1745994900.0,2025-04-30 12:05:00+05:30
134.65,134.86,134.63,134.86,3113.0,1745995200.0,2025-04-30 12:10:00+05:30
134.72,134.84,134.7,134.76,803.0,1745995500.0,2025-04-30 12:15:00+05:30
134.73,134.73,134.55,134.64,1125.0,1745995800.0,2025-04-30 12:20:00+05:30
134.64,134.74,134.58,134.72,759.0,1745996100.0,2025-04-30 12:25:00+05:30
134.75,134.75,134.68,134.7,409.0,1745996400.0,2025-04-30 12:30:00+05:30
134.7,134.7,134.69,134.69,264.0,1745996700.0,2025-04-30 12:35:00+05:30
134.69,134.7,134.57,134.68,411.0,1745997000.0,2025-04-30 12:40:00+05:30
134.68,134.7,134.3,134.36,3082.0,1745997300.0,2025-04-30 12:45:00+05:30
134.36,134.36,134.25,134.3,1825.0,1745997600.0,2025-04-30 12:50:00+05:30
134.3,134.3,134.21,134.21,571.0,1745997900.0,2025-04-30 12:55:00+05:30
134.2,134.33,134.16,134.33,1467.0,1745998200.0,2025-04-30 13:00:00+05:30
134.22,134.43,133.56,133.69,6196.0,1745998500.0,2025-04-30 13:05:00+05:30
133.24,133.77,133.24,133.65,5003.0,1745998800.0,2025-04-30 13:10:00+05:30
133.6,133.61,133.17,133.36,5018.0,1745999100.0,2025-04-30 13:15:00+05:30
133.36,133.38,133.11,133.27,1452.0,1745999400.0,2025-04-30 13:20:00+05:30
133.45,133.61,133.1,133.1,5932.0,1745999700.0,2025-04-30 13:25:00+05:30
133.26,133.26,132.7,132.74,8326.0,1746000000.0,2025-04-30 13:30:00+05:30
132.81,133.0,132.75,133.0,2470.0,1746000300.0,2025-04-30 13:35:00+05:30
133.0,133.24,132.93,133.16,2808.0,1746000600.0,2025-04-30 13:40:00+05:30
132.99,133.06,132.75,132.81,1935.0,1746000900.0,2025-04-30 13:45:00+05:30
132.79,132.79,132.57,132.64,1606.0,1746001200.0,2025-04-30 13:50:00+05:30
132.64,132.81,132.64,132.7,823.0,1746001500.0,2025-04-30 13:55:00+05:30
132.69,132.7,132.59,132.59,1320.0,1746001800.0,2025-04-30 14:00:00+05:30
132.55,132.7,132.55,132.69,1440.0,1746002100.0,2025-04-30 14:05:00+05:30
132.7,132.81,132.51,132.81,3299.0,1746002400.0,2025-04-30 14:10:00+05:30
132.81,132.81,131.59,131.79,11481.0,1746002700.0,2025-04-30 14:15:00+05:30
131.79,132.32,131.79,132.32,2041.0,1746003000.0,2025-04-30 14:20:00+05:30
132.23,132.37,132.14,132.3,1371.0,1746003300.0,2025-04-30 14:25:00+05:30
132.29,132.39,132.16,132.3,838.0,1746003600.0,2025-04-30 14:30:00+05:30
132.3,132.3,131.83,132.05,2959.0,1746003900.0,2025-04-30 14:35:00+05:30
132.04,132.29,132.04,132.24,397.0,1746004200.0,2025-04-30 14:40:00+05:30
132.24,132.24,132.12,132.18,979.0,1746004500.0,2025-04-30 14:45:00+05:30
132.05,132.5,131.86,132.0,9965.0,1746004800.0,2025-04-30 14:50:00+05:30
132.0,132.23,131.78,132.15,3638.0,1746005100.0,2025-04-30 14:55:00+05:30
132.3,132.31,131.81,132.0,4785.0,1746005400.0,2025-04-30 15:00:00+05:30
132.0,132.26,131.65,132.26,11949.0,1746005700.0,2025-04-30 15:05:00+05:30
131.94,132.06,131.66,131.8,7482.0,1746006000.0,2025-04-30 15:10:00+05:30
131.77,131.85,131.4,131.4,8637.0,1746006300.0,2025-04-30 15:15:00+05:30
131.23,131.75,131.0,131.75,17709.0,1746006600.0,2025-04-30 15:20:00+05:30
131.74,131.92,131.48,131.6,7100.0,1746006900.0,2025-04-30 15:25:00+05:30
132.0,133.93,131.81,132.7,13722.0,1746157500.0,2025-05-02 09:15:00+05:30
132.48,132.51,130.24,130.76,11899.0,1746157800.0,2025-05-02 09:20:00+05:30
130.92,131.86,130.57,131.33,11733.0,1746158100.0,2025-05-02 09:25:00+05:30
131.3,132.33,131.3,132.08,2761.0,1746158400.0,2025-05-02 09:30:00+05:30
132.07,132.34,131.76,131.76,3360.0,1746158700.0,2025-05-02 09:35:00+05:30
131.75,131.98,131.45,131.68,2810.0,1746159000.0,2025-05-02 09:40:00+05:30
131.84,132.25,131.66,132.02,3412.0,1746159300.0,2025-05-02 09:45:00+05:30
131.98,132.72,131.81,132.61,4935.0,1746159600.0,2025-05-02 09:50:00+05:30
132.76,132.85,132.45,132.77,7426.0,1746159900.0,2025-05-02 09:55:00+05:30
132.66,132.82,132.48,132.59,2739.0,1746160200.0,2025-05-02 10:00:00+05:30
132.59,132.81,132.4,132.68,3123.0,1746160500.0,2025-05-02 10:05:00+05:30
132.71,132.98,132.65,132.91,3443.0,1746160800.0,2025-05-02 10:10:00+05:30
132.85,133.01,132.54,132.81,1845.0,1746161100.0,2025-05-02 10:15:00+05:30
132.87,132.92,132.58,132.65,927.0,1746161400.0,2025-05-02 10:20:00+05:30
132.65,132.84,132.5,132.63,801.0,1746161700.0,2025-05-02 10:25:00+05:30
132.5,132.63,132.19,132.55,448.0,1746162000.0,2025-05-02 10:30:00+05:30
132.44,133.22,132.3,133.22,2028.0,1746162300.0,2025-05-02 10:35:00+05:30
133.2,133.55,133.13,133.13,2688.0,1746162600.0,2025-05-02 10:40:00+05:30
133.15,133.15,132.51,132.51,1941.0,1746162900.0,2025-05-02 10:45:00+05:30
132.51,132.63,131.86,131.89,1564.0,1746163200.0,2025-05-02 10:50:00+05:30
131.8,132.15,131.8,132.05,373.0,1746163500.0,2025-05-02 10:55:00+05:30
132.26,132.3,132.07,132.2,781.0,1746163800.0,2025-05-02 11:00:00+05:30
132.2,132.26,132.0,132.19,616.0,1746164100.0,2025-05-02 11:05:00+05:30
132.02,132.2,131.97,132.01,329.0,1746164400.0,2025-05-02 11:10:00+05:30
132.12,132.22,131.9,131.9,375.0,1746164700.0,2025-05-02 11:15:00+05:30
131.9,131.9,131.56,131.74,1159.0,1746165000.0,2025-05-02 11:20:00+05:30
131.74,131.8,131.5,131.67,1112.0,1746165300.0,2025-05-02 11:25:00+05:30
131.7,131.8,131.51,131.52,2526.0,1746165600.0,2025-05-02 11:30:00+05:30
131.59,131.8,131.35,131.67,1469.0,1746165900.0,2025-05-02 11:35:00+05:30
131.76,132.38,131.6,131.84,5120.0,1746166200.0,2025-05-02 11:40:00+05:30
131.87,132.11,131.74,131.95,410.0,1746166500.0,2025-05-02 11:45:00+05:30
132.03,132.06,131.85,132.03,957.0,1746166800.0,2025-05-02 11:50:00+05:30
132.26,132.49,132.16,132.41,1171.0,1746167100.0,2025-05-02 11:55:00+05:30
132.25,132.25,131.99,132.02,339.0,1746167400.0,2025-05-02 12:00:00+05:30
131.97,131.97,131.61,131.81,1741.0,1746167700.0,2025-05-02 12:05:00+05:30
131.96,131.98,131.81,131.81,463.0,1746168000.0,2025-05-02 12:10:00+05:30
131.74,131.94,131.07,131.22,6047.0,1746168300.0,2025-05-02 12:15:00+05:30
131.47,131.55,131.1,131.11,1872.0,1746168600.0,2025-05-02 12:20:00+05:30
131.39,131.39,130.75,130.78,4711.0,1746168900.0,2025-05-02 12:25:00+05:30
130.88,131.17,130.79,131.07,862.0,1746169200.0,2025-05-02 12:30:00+05:30
131.06,131.48,131.01,131.19,754.0,1746169500.0,2025-05-02 12:35:00+05:30
131.14,131.35,131.07,131.25,279.0,1746169800.0,2025-05-02 12:40:00+05:30
131.3,131.49,131.28,131.49,146.0,1746170100.0,2025-05-02 12:45:00+05:30
131.49,131.66,131.49,131.51,115.0,1746170400.0,2025-05-02 12:50:00+05:30
131.69,131.69,131.4,131.5,797.0,1746170700.0,2025-05-02 12:55:00+05:30
131.5,131.65,131.4,131.65,1533.0,1746171000.0,2025-05-02 13:00:00+05:30
131.65,131.65,131.41,131.62,732.0,1746171300.0,2025-05-02 13:05:00+05:30
131.45,131.45,131.17,131.32,2157.0,1746171600.0,2025-05-02 13:10:00+05:30
131.11,131.3,131.02,131.2,893.0,1746171900.0,2025-05-02 13:15:00+05:30
131.21,131.32,131.0,131.06,1651.0,1746172200.0,2025-05-02 13:20:00+05:30
131.22,131.35,131.1,131.35,225.0,1746172500.0,2025-05-02 13:25:00+05:30
131.2,131.51,131.2,131.38,953.0,1746172800.0,2025-05-02 13:30:00+05:30
131.37,131.44,131.1,131.28,786.0,1746173100.0,2025-05-02 13:35:00+05:30
131.35,131.49,131.11,131.2,446.0,1746173400.0,2025-05-02 13:40:00+05:30
131.17,131.39,131.17,131.22,144.0,1746173700.0,2025-05-02 13:45:00+05:30
131.22,131.39,131.1,131.15,778.0,1746174000.0,2025-05-02 13:50:00+05:30
131.27,131.44,131.17,131.44,154.0,1746174300.0,2025-05-02 13:55:00+05:30
131.28,131.44,131.05,131.31,1432.0,1746174600.0,2025-05-02 14:00:00+05:30
131.19,131.26,130.86,131.02,5632.0,1746174900.0,2025-05-02 14:05:00+05:30
131.02,131.29,131.02,131.26,414.0,1746175200.0,2025-05-02 14:10:00+05:30
131.25,131.29,131.06,131.19,288.0,1746175500.0,2025-05-02 14:15:00+05:30
131.17,131.19,130.73,130.89,1204.0,1746175800.0,2025-05-02 14:20:00+05:30
130.89,130.89,130.36,130.51,6345.0,1746176100.0,2025-05-02 14:25:00+05:30
130.39,130.59,130.38,130.4,559.0,1746176400.0,2025-05-02 14:30:00+05:30
130.55,130.68,130.38,130.51,2376.0,1746176700.0,2025-05-02 14:35:00+05:30
130.64,130.7,130.51,130.51,2770.0,1746177000.0,2025-05-02 14:40:00+05:30
130.66,131.0,130.48,131.0,798.0,1746177300.0,2025-05-02 14:45:00+05:30
131.0,131.19,130.9,131.12,1007.0,1746177600.0,2025-05-02 14:50:00+05:30
130.98,131.43,130.97,131.43,1517.0,1746177900.0,2025-05-02 14:55:00+05:30
131.41,131.41,130.8,130.8,3809.0,1746178200.0,2025-05-02 15:00:00+05:30
130.87,130.96,130.71,130.95,2533.0,1746178500.0,2025-05-02 15:05:00+05:30
131.12,131.12,130.7,130.77,2080.0,1746178800.0,2025-05-02 15:10:00+05:30
130.77,130.77,130.24,130.35,7470.0,1746179100.0,2025-05-02 15:15:00+05:30
130.35,130.37,130.0,130.2,9777.0,1746179400.0,2025-05-02 15:20:00+05:30
130.2,134.26,129.92,134.26,17811.0,1746179700.0,2025-05-02 15:25:00+05:30
132.0,133.99,130.9,131.1,9303.0,1746416700.0,2025-05-05 09:15:00+05:30
131.36,131.36,129.82,130.26,5534.0,1746417000.0,2025-05-05 09:20:00+05:30
130.23,130.64,130.06,130.49,8041.0,1746417300.0,2025-05-05 09:25:00+05:30
130.25,130.75,130.14,130.5,1940.0,1746417600.0,2025-05-05 09:30:00+05:30
130.52,130.95,130.41,130.57,6109.0,1746417900.0,2025-05-05 09:35:00+05:30
130.75,131.27,130.71,131.08,4463.0,1746418200.0,2025-05-05 09:40:00+05:30
131.09,131.8,131.03,131.8,4954.0,1746418500.0,2025-05-05 09:45:00+05:30
131.65,131.66,131.5,131.6,3246.0,1746418800.0,2025-05-05 09:50:00+05:30
131.57,131.65,131.5,131.55,5597.0,1746419100.0,2025-05-05 09:55:00+05:30
131.55,131.68,131.51,131.61,1439.0,1746419400.0,2025-05-05 10:00:00+05:30
131.64,131.65,131.5,131.64,2244.0,1746419700.0,2025-05-05 10:05:00+05:30
131.65,131.65,131.5,131.62,670.0,1746420000.0,2025-05-05 10:10:00+05:30
131.64,131.65,131.52,131.53,1632.0,1746420300.0,2025-05-05 10:15:00+05:30
131.54,131.74,131.53,131.63,627.0,1746420600.0,2025-05-05 10:20:00+05:30
131.53,131.95,131.5,131.51,4955.0,1746420900.0,2025-05-05 10:25:00+05:30
131.51,131.65,131.5,131.65,1680.0,1746421200.0,2025-05-05 10:30:00+05:30
131.55,131.7,131.5,131.62,2072.0,1746421500.0,2025-05-05 10:35:00+05:30
131.51,131.62,131.51,131.52,67.0,1746421800.0,2025-05-05 10:40:00+05:30
131.53,131.53,131.35,131.38,700.0,1746422100.0,2025-05-05 10:45:00+05:30
131.31,131.48,131.26,131.46,1824.0,1746422400.0,2025-05-05 10:50:00+05:30
131.32,131.4,131.25,131.37,1506.0,1746422700.0,2025-05-05 10:55:00+05:30
131.33,131.4,131.25,131.37,78.0,1746423000.0,2025-05-05 11:00:00+05:30
131.4,131.4,130.85,130.96,13498.0,1746423300.0,2025-05-05 11:05:00+05:30
131.11,131.23,130.97,131.2,436.0,1746423600.0,2025-05-05 11:10:00+05:30
131.22,131.28,131.11,131.2,9003.0,1746423900.0,2025-05-05 11:15:00+05:30
131.2,131.2,130.89,130.95,1794.0,1746424200.0,2025-05-05 11:20:00+05:30
131.09,131.1,130.84,130.94,198.0,1746424500.0,2025-05-05 11:25:00+05:30
130.99,131.0,130.95,131.0,2283.0,1746424800.0,2025-05-05 11:30:00+05:30
130.95,131.06,130.86,130.93,1411.0,1746425100.0,2025-05-05 11:35:00+05:30
131.08,131.14,130.86,130.86,2003.0,1746425400.0,2025-05-05 11:40:00+05:30
131.04,131.1,130.91,131.0,407.0,1746425700.0,2025-05-05 11:45:00+05:30
131.0,131.1,131.0,131.0,57.0,1746426000.0,2025-05-05 11:50:00+05:30
131.1,131.1,130.9,130.9,1570.0,1746426300.0,2025-05-05 11:55:00+05:30
131.01,131.09,131.01,131.09,496.0,1746426600.0,2025-05-05 12:00:00+05:30
131.09,131.1,131.0,131.1,842.0,1746426900.0,2025-05-05 12:05:00+05:30
131.1,131.1,131.0,131.08,234.0,1746427200.0,2025-05-05 12:10:00+05:30
131.0,131.1,131.0,131.1,964.0,1746427500.0,2025-05-05 12:15:00+05:30
131.1,131.54,131.1,131.54,1942.0,1746427800.0,2025-05-05 12:20:00+05:30
131.54,132.4,131.53,132.4,4158.0,1746428100.0,2025-05-05 12:25:00+05:30
132.55,133.1,132.41,133.1,3411.0,1746428400.0,2025-05-05 12:30:00+05:30
133.21,133.21,132.22,132.45,6308.0,1746428700.0,2025-05-05 12:35:00+05:30
132.66,132.87,132.47,132.65,1648.0,1746429000.0,2025-05-05 12:40:00+05:30
132.64,132.64,132.2,132.2,739.0,1746429300.0,2025-05-05 12:45:00+05:30
132.36,132.38,132.04,132.26,713.0,1746429600.0,2025-05-05 12:50:00+05:30
132.29,132.4,132.29,132.38,817.0,1746429900.0,2025-05-05 12:55:00+05:30
132.38,132.38,132.02,132.11,38.0,1746430200.0,2025-05-05 13:00:00+05:30
132.12,132.25,131.93,132.25,2073.0,1746430500.0,2025-05-05 13:05:00+05:30
132.08,132.24,131.87,132.09,684.0,1746430800.0,2025-05-05 13:10:00+05:30
131.9,132.26,131.9,132.0,7634.0,1746431100.0,2025-05-05 13:15:00+05:30
131.99,132.5,131.48,132.2,8037.0,1746431400.0,2025-05-05 13:20:00+05:30
132.2,133.0,132.2,132.95,4746.0,1746431700.0,2025-05-05 13:25:00+05:30
132.9,133.1,132.49,132.62,3016.0,1746432000.0,2025-05-05 13:30:00+05:30
132.7,132.9,132.61,132.9,871.0,1746432300.0,2025-05-05 13:35:00+05:30
132.9,132.9,132.61,132.72,599.0,1746432600.0,2025-05-05 13:40:00+05:30
132.61,132.8,132.5,132.6,1939.0,1746432900.0,2025-05-05 13:45:00+05:30
132.51,132.8,132.51,132.79,606.0,1746433200.0,2025-05-05 13:50:00+05:30
132.79,132.97,132.75,132.94,884.0,1746433500.0,2025-05-05 13:55:00+05:30
132.95,133.2,132.85,132.95,9927.0,1746433800.0,2025-05-05 14:00:00+05:30
132.87,132.87,132.63,132.63,475.0,1746434100.0,2025-05-05 14:05:00+05:30
132.75,132.82,132.52,132.52,554.0,1746434400.0,2025-05-05 14:10:00+05:30
132.52,132.65,132.52,132.53,74.0,1746434700.0,2025-05-05 14:15:00+05:30
132.55,132.65,132.42,132.42,1013.0,1746435000.0,2025-05-05 14:20:00+05:30
132.58,132.65,132.53,132.64,189.0,1746435300.0,2025-05-05 14:25:00+05:30
132.65,133.06,132.65,133.06,3394.0,1746435600.0,2025-05-05 14:30:00+05:30
133.06,133.09,132.78,133.07,811.0,1746435900.0,2025-05-05 14:35:00+05:30
133.07,133.11,132.9,132.99,1341.0,1746436200.0,2025-05-05 14:40:00+05:30
132.99,133.17,132.91,133.17,989.0,1746436500.0,2025-05-05 14:45:00+05:30
133.16,133.9,133.16,133.7,5039.0,1746436800.0,2025-05-05 14:50:00+05:30
133.92,133.92,132.66,133.21,6159.0,1746437100.0,2025-05-05 14:55:00+05:30
133.55,133.75,133.25,133.25,2634.0,1746437400.0,2025-05-05 15:00:00+05:30
133.39,133.67,133.35,133.4,1354.0,1746437700.0,2025-05-05 15:05:00+05:30
133.38,133.52,133.28,133.48,1597.0,1746438000.0,2025-05-05 15:10:00+05:30
133.47,133.83,133.47,133.74,3786.0,1746438300.0,2025-05-05 15:15:00+05:30
133.76,134.39,133.76,134.36,6922.0,1746438600.0,2025-05-05 15:20:00+05:30
134.35,134.37,134.0,134.3,5535.0,1746438900.0,2025-05-05 15:25:00+05:30
134.57,134.64,132.54,132.54,8063.0,1746503100.0,2025-05-06 09:15:00+05:30
132.72,133.07,132.09,132.09,2171.0,1746503400.0,2025-05-06 09:20:00+05:30
131.89,132.83,131.71,132.74,3781.0,1746503700.0,2025-05-06 09:25:00+05:30
132.75,132.94,132.46,132.9,905.0,1746504000.0,2025-05-06 09:30:00+05:30
133.15,133.25,132.98,133.01,863.0,1746504300.0,2025-05-06 09:35:00+05:30
132.98,133.23,132.87,133.05,520.0,1746504600.0,2025-05-06 09:40:00+05:30
133.11,133.25,133.0,133.07,1001.0,1746504900.0,2025-05-06 09:45:00+05:30
132.88,133.05,132.73,132.73,481.0,1746505200.0,2025-05-06 09:50:00+05:30
132.41,132.89,132.31,132.54,2661.0,1746505500.0,2025-05-06 09:55:00+05:30
132.6,133.01,132.6,132.99,1908.0,1746505800.0,2025-05-06 10:00:00+05:30
132.98,132.99,132.35,132.43,2340.0,1746506100.0,2025-05-06 10:05:00+05:30
132.18,132.69,132.18,132.28,851.0,1746506400.0,2025-05-06 10:10:00+05:30
132.28,132.45,132.02,132.41,968.0,1746506700.0,2025-05-06 10:15:00+05:30
132.41,132.54,132.41,132.54,136.0,1746507000.0,2025-05-06 10:20:00+05:30
132.6,132.78,132.55,132.78,2793.0,1746507300.0,2025-05-06 10:25:00+05:30
132.78,132.84,132.61,132.61,208.0,1746507600.0,2025-05-06 10:30:00+05:30
132.77,133.24,132.61,132.96,861.0,1746507900.0,2025-05-06 10:35:00+05:30
133.17,133.66,133.05,133.66,1137.0,1746508200.0,2025-05-06 10:40:00+05:30
133.49,133.69,133.45,133.52,1758.0,1746508500.0,2025-05-06 10:45:00+05:30
133.73,133.73,133.32,133.55,1349.0,1746508800.0,2025-05-06 10:50:00+05:30
133.6,134.26,133.42,133.92,6820.0,1746509100.0,2025-05-06 10:55:00+05:30
134.07,134.11,133.83,133.87,192.0,1746509400.0,2025-05-06 11:00:00+05:30
133.85,133.95,133.82,133.82,98.0,1746509700.0,2025-05-06 11:05:00+05:30
133.91,133.98,133.57,133.57,3228.0,1746510000.0,2025-05-06 11:10:00+05:30
133.75,133.75,133.62,133.68,121.0,1746510300.0,2025-05-06 11:15:00+05:30
133.68,133.68,133.5,133.5,23.0,1746510600.0,2025-05-06 11:20:00+05:30
133.5,133.5,133.23,133.46,1025.0,1746510900.0,2025-05-06 11:25:00+05:30
133.32,133.59,133.31,133.55,647.0,1746511200.0,2025-05-06 11:30:00+05:30
133.33,133.42,133.33,133.42,162.0,1746511500.0,2025-05-06 11:35:00+05:30
133.28,133.39,133.2,133.2,259.0,1746511800.0,2025-05-06 11:40:00+05:30
133.2,133.76,133.2,133.39,3218.0,1746512100.0,2025-05-06 11:45:00+05:30
133.4,133.5,133.4,133.5,130.0,1746512400.0,2025-05-06 11:50:00+05:30
133.46,133.47,133.33,133.47,558.0,1746512700.0,2025-05-06 11:55:00+05:30
133.32,133.5,133.29,133.5,352.0,1746513000.0,2025-05-06 12:00:00+05:30
133.5,133.69,133.5,133.69,499.0,1746513300.0,2025-05-06 12:05:00+05:30
133.69,133.69,133.53,133.6,121.0,1746513600.0,2025-05-06 12:10:00+05:30
133.58,133.6,133.41,133.46,289.0,1746513900.0,2025-05-06 12:15:00+05:30
133.32,133.56,133.32,133.39,1427.0,1746514200.0,2025-05-06 12:20:00+05:30
133.39,133.41,133.37,133.39,143.0,1746514500.0,2025-05-06 12:25:00+05:30
133.39,133.39,133.32,133.32,188.0,1746514800.0,2025-05-06 12:30:00+05:30
133.32,133.32,133.24,133.24,88.0,1746515100.0,2025-05-06 12:35:00+05:30
133.24,133.24,132.05,132.05,6012.0,1746515400.0,2025-05-06 12:40:00+05:30
132.52,133.0,132.52,132.92,5422.0,1746515700.0,2025-05-06 12:45:00+05:30
132.73,132.83,132.29,132.63,2818.0,1746516000.0,2025-05-06 12:50:00+05:30
132.63,132.65,132.63,132.65,72.0,1746516300.0,2025-05-06 12:55:00+05:30
132.57,132.59,132.42,132.42,226.0,1746516600.0,2025-05-06 13:00:00+05:30
132.4,132.4,132.4,132.4,115.0,1746516900.0,2025-05-06 13:05:00+05:30
132.4,132.4,132.2,132.2,10.0,1746517200.0,2025-05-06 13:10:00+05:30
132.36,132.36,132.14,132.28,769.0,1746517500.0,2025-05-06 13:15:00+05:30
132.35,132.35,131.89,132.0,4099.0,1746517800.0,2025-05-06 13:20:00+05:30
132.0,132.04,131.7,131.98,984.0,1746518100.0,2025-05-06 13:25:00+05:30
131.97,132.03,131.8,131.8,615.0,1746518400.0,2025-05-06 13:30:00+05:30
131.77,131.88,131.52,131.86,475.0,1746518700.0,2025-05-06 13:35:00+05:30
131.7,131.86,131.4,131.44,3189.0,1746519000.0,2025-05-06 13:40:00+05:30
131.56,131.73,131.53,131.73,390.0,1746519300.0,2025-05-06 13:45:00+05:30
131.73,131.86,131.55,131.82,990.0,1746519600.0,2025-05-06 13:50:00+05:30
131.87,131.95,131.83,131.83,152.0,1746519900.0,2025-05-06 13:55:00+05:30
131.83,131.98,131.79,131.85,788.0,1746520200.0,2025-05-06 14:00:00+05:30
131.84,131.84,131.58,131.83,475.0,1746520500.0,2025-05-06 14:05:00+05:30
131.55,131.75,131.34,131.34,3152.0,1746520800.0,2025-05-06 14:10:00+05:30
131.32,131.45,131.17,131.33,745.0,1746521100.0,2025-05-06 14:15:00+05:30
131.37,131.37,131.1,131.24,1635.0,1746521400.0,2025-05-06 14:20:00+05:30
131.3,131.3,130.72,131.0,6759.0,1746521700.0,2025-05-06 14:25:00+05:30
131.1,131.1,130.84,130.97,997.0,1746522000.0,2025-05-06 14:30:00+05:30
130.88,131.0,130.73,131.0,2611.0,1746522300.0,2025-05-06 14:35:00+05:30
131.0,131.3,131.0,131.26,1823.0,1746522600.0,2025-05-06 14:40:00+05:30
131.18,131.64,131.18,131.35,1949.0,1746522900.0,2025-05-06 14:45:00+05:30
131.45,131.53,131.0,131.0,1612.0,1746523200.0,2025-05-06 14:50:00+05:30
131.13,131.13,130.2,130.49,4380.0,1746523500.0,2025-05-06 14:55:00+05:30
130.59,130.91,130.45,130.91,1056.0,1746523800.0,2025-05-06 15:00:00+05:30
130.91,131.49,130.91,131.49,3060.0,1746524100.0,2025-05-06 15:05:00+05:30
131.63,131.85,131.41,131.63,2224.0,1746524400.0,2025-05-06 15:10:00+05:30
131.62,132.06,131.46,132.0,6464.0,1746524700.0,2025-05-06 15:15:00+05:30
132.0,132.0,131.04,131.04,7005.0,1746525000.0,2025-05-06 15:20:00+05:30
131.05,131.64,130.0,130.0,7593.0,1746525300.0,2025-05-06 15:25:00+05:30
129.0,131.39,128.94,131.39,18795.0,1746589500.0,2025-05-07 09:15:00+05:30
131.13,131.4,129.71,129.96,12457.0,1746589800.0,2025-05-07 09:20:00+05:30
130.13,131.89,130.05,131.25,9522.0,1746590100.0,2025-05-07 09:25:00+05:30
131.53,131.76,130.69,131.09,9705.0,1746590400.0,2025-05-07 09:30:00+05:30
130.96,131.13,130.2,130.2,2202.0,1746590700.0,2025-05-07 09:35:00+05:30
130.17,130.5,129.75,129.96,7746.0,1746591000.0,2025-05-07 09:40:00+05:30
130.0,130.0,129.0,129.2,4944.0,1746591300.0,2025-05-07 09:45:00+05:30
129.36,129.58,128.9,129.11,6237.0,1746591600.0,2025-05-07 09:50:00+05:30
129.31,130.04,129.23,129.87,3060.0,1746591900.0,2025-05-07 09:55:00+05:30
129.77,129.97,129.66,129.77,4213.0,1746592200.0,2025-05-07 10:00:00+05:30
129.77,129.89,129.5,129.59,1896.0,1746592500.0,2025-05-07 10:05:00+05:30
129.59,129.7,129.21,129.44,862.0,1746592800.0,2025-05-07 10:10:00+05:30
129.44,129.59,129.39,129.47,328.0,1746593100.0,2025-05-07 10:15:00+05:30
129.47,130.05,129.2,130.05,1637.0,1746593400.0,2025-05-07 10:20:00+05:30
129.91,130.08,129.91,130.08,779.0,1746593700.0,2025-05-07 10:25:00+05:30
130.16,130.58,130.16,130.5,1619.0,1746594000.0,2025-05-07 10:30:00+05:30
130.75,130.88,130.5,130.8,827.0,1746594300.0,2025-05-07 10:35:00+05:30
130.75,130.98,130.75,130.75,1165.0,1746594600.0,2025-05-07 10:40:00+05:30
130.67,131.09,130.62,131.09,1279.0,1746594900.0,2025-05-07 10:45:00+05:30
131.09,131.09,130.54,130.59,779.0,1746595200.0,2025-05-07 10:50:00+05:30
130.4,130.65,130.21,130.37,366.0,1746595500.0,2025-05-07 10:55:00+05:30
130.48,130.72,130.48,130.72,94.0,1746595800.0,2025-05-07 11:00:00+05:30
130.72,130.77,130.57,130.77,3572.0,1746596100.0,2025-05-07 11:05:00+05:30
130.77,131.19,130.68,131.19,1201.0,1746596400.0,2025-05-07 11:10:00+05:30
131.13,131.67,131.13,131.54,551.0,1746596700.0,2025-05-07 11:15:00+05:30
131.7,131.7,131.3,131.3,544.0,1746597000.0,2025-05-07 11:20:00+05:30
131.29,131.54,131.29,131.38,653.0,1746597300.0,2025-05-07 11:25:00+05:30
131.38,132.26,131.38,132.15,4419.0,1746597600.0,2025-05-07 11:30:00+05:30
132.2,132.2,131.73,131.78,1361.0,1746597900.0,2025-05-07 11:35:00+05:30
131.79,131.93,131.7,131.93,98.0,1746598200.0,2025-05-07 11:40:00+05:30
131.9,132.0,131.5,131.5,5028.0,1746598500.0,2025-05-07 11:45:00+05:30
131.51,131.63,131.32,131.52,541.0,1746598800.0,2025-05-07 11:50:00+05:30
131.61,132.0,131.61,132.0,948.0,1746599100.0,2025-05-07 11:55:00+05:30
132.0,132.02,131.82,131.82,1372.0,1746599400.0,2025-05-07 12:00:00+05:30
131.82,132.02,131.82,132.02,139.0,1746599700.0,2025-05-07 12:05:00+05:30
132.03,132.03,131.82,131.84,495.0,1746600000.0,2025-05-07 12:10:00+05:30
132.03,132.7,132.03,132.56,5172.0,1746600300.0,2025-05-07 12:15:00+05:30
132.58,132.58,132.32,132.5,1315.0,1746600600.0,2025-05-07 12:20:00+05:30
132.47,132.49,132.47,132.49,20.0,1746600900.0,2025-05-07 12:25:00+05:30
132.18,132.47,132.18,132.26,472.0,1746601200.0,2025-05-07 12:30:00+05:30
132.42,132.46,131.96,132.12,2276.0,1746601500.0,2025-05-07 12:35:00+05:30
132.12,132.35,132.12,132.35,230.0,1746601800.0,2025-05-07 12:40:00+05:30
132.5,132.5,132.49,132.49,151.0,1746602100.0,2025-05-07 12:45:00+05:30
132.5,132.7,132.49,132.7,2143.0,1746602400.0,2025-05-07 12:50:00+05:30
132.54,132.54,132.33,132.33,1662.0,1746602700.0,2025-05-07 12:55:00+05:30
132.47,132.55,131.92,131.92,4165.0,1746603000.0,2025-05-07 13:00:00+05:30
131.87,132.06,131.64,131.69,3457.0,1746603300.0,2025-05-07 13:05:00+05:30
131.69,131.92,131.69,131.73,396.0,1746603600.0,2025-05-07 13:10:00+05:30
131.73,131.92,131.73,131.75,631.0,1746603900.0,2025-05-07 13:15:00+05:30
131.71,132.03,131.71,131.98,113.0,1746604200.0,2025-05-07 13:20:00+05:30
132.01,132.1,131.69,131.77,601.0,1746604500.0,2025-05-07 13:25:00+05:30
131.61,131.9,131.61,131.68,962.0,1746604800.0,2025-05-07 13:30:00+05:30
131.68,131.68,131.22,131.22,1104.0,1746605100.0,2025-05-07 13:35:00+05:30
131.26,131.45,131.26,131.45,1439.0,1746605400.0,2025-05-07 13:40:00+05:30
131.45,131.81,131.45,131.81,128.0,1746605700.0,2025-05-07 13:45:00+05:30
131.66,131.79,131.54,131.77,64.0,1746606000.0,2025-05-07 13:50:00+05:30
131.77,131.78,131.46,131.46,149.0,1746606300.0,2025-05-07 13:55:00+05:30
131.64,131.8,131.6,131.63,293.0,1746606600.0,2025-05-07 14:00:00+05:30
131.8,131.91,131.67,131.91,386.0,1746606900.0,2025-05-07 14:05:00+05:30
131.79,132.02,131.75,132.0,443.0,1746607200.0,2025-05-07 14:10:00+05:30
131.86,131.86,131.85,131.85,66.0,1746607500.0,2025-05-07 14:15:00+05:30
131.84,131.91,131.62,131.62,317.0,1746607800.0,2025-05-07 14:20:00+05:30
131.79,131.79,131.66,131.76,1046.0,1746608100.0,2025-05-07 14:25:00+05:30
131.94,131.98,131.84,131.98,52.0,1746608400.0,2025-05-07 14:30:00+05:30
131.98,131.98,131.83,131.83,712.0,1746608700.0,2025-05-07 14:35:00+05:30
131.6,131.69,131.4,131.54,930.0,1746609000.0,2025-05-07 14:40:00+05:30
131.82,131.82,131.59,131.63,1204.0,1746609300.0,2025-05-07 14:45:00+05:30
131.98,132.0,131.97,131.99,697.0,1746609600.0,2025-05-07 14:50:00+05:30
131.81,132.28,131.3,131.91,4719.0,1746609900.0,2025-05-07 14:55:00+05:30
132.03,132.5,132.03,132.45,1373.0,1746610200.0,2025-05-07 15:00:00+05:30
132.53,134.04,132.53,133.74,14388.0,1746610500.0,2025-05-07 15:05:00+05:30
133.74,133.75,133.26,133.75,8405.0,1746610800.0,2025-05-07 15:10:00+05:30
133.81,134.15,133.81,134.0,3863.0,1746611100.0,2025-05-07 15:15:00+05:30
134.0,137.0,133.99,136.36,19124.0,1746611400.0,2025-05-07 15:20:00+05:30
136.36,136.41,133.75,133.75,7168.0,1746611700.0,2025-05-07 15:25:00+05:30
134.32,136.0,134.0,134.41,20210.0,1746675900.0,2025-05-08 09:15:00+05:30
134.1,135.02,134.1,134.83,5017.0,1746676200.0,2025-05-08 09:20:00+05:30
134.83,135.74,134.6,135.47,4167.0,1746676500.0,2025-05-08 09:25:00+05:30
135.22,135.98,135.22,135.73,2160.0,1746676800.0,2025-05-08 09:30:00+05:30
135.73,136.5,135.73,136.13,3735.0,1746677100.0,2025-05-08 09:35:00+05:30
136.44,136.44,136.04,136.04,1840.0,1746677400.0,2025-05-08 09:40:00+05:30
136.04,136.14,135.95,135.99,2105.0,1746677700.0,2025-05-08 09:45:00+05:30
135.97,136.49,135.73,136.25,4282.0,1746678000.0,2025-05-08 09:50:00+05:30
136.27,136.5,136.25,136.41,924.0,1746678300.0,2025-05-08 09:55:00+05:30
136.5,136.69,136.17,136.68,1671.0,1746678600.0,2025-05-08 10:00:00+05:30
136.54,136.7,136.4,136.7,1906.0,1746678900.0,2025-05-08 10:05:00+05:30
136.6,136.78,136.6,136.61,124.0,1746679200.0,2025-05-08 10:10:00+05:30
136.75,136.75,136.49,136.55,568.0,1746679500.0,2025-05-08 10:15:00+05:30
136.61,136.98,136.41,136.41,7374.0,1746679800.0,2025-05-08 10:20:00+05:30
136.41,136.73,136.41,136.73,81.0,1746680100.0,2025-05-08 10:25:00+05:30
136.73,136.73,135.76,136.32,6895.0,1746680400.0,2025-05-08 10:30:00+05:30
136.32,136.32,135.8,135.91,1534.0,1746680700.0,2025-05-08 10:35:00+05:30
135.91,136.09,135.82,136.0,2162.0,1746681000.0,2025-05-08 10:40:00+05:30
136.08,136.08,135.7,135.7,955.0,1746681300.0,2025-05-08 10:45:00+05:30
135.94,136.09,135.84,136.09,696.0,1746681600.0,2025-05-08 10:50:00+05:30
136.09,136.09,135.44,135.6,12527.0,1746681900.0,2025-05-08 10:55:00+05:30
135.5,135.64,135.5,135.5,31.0,1746682200.0,2025-05-08 11:00:00+05:30
135.68,136.08,135.68,136.08,4480.0,1746682500.0,2025-05-08 11:05:00+05:30
136.08,136.11,135.74,135.99,1093.0,1746682800.0,2025-05-08 11:10:00+05:30
135.99,135.99,135.81,135.9,187.0,1746683100.0,2025-05-08 11:15:00+05:30
136.0,136.01,135.6,135.6,2090.0,1746683400.0,2025-05-08 11:20:00+05:30
135.6,135.6,135.6,135.6,779.0,1746683700.0,2025-05-08 11:25:00+05:30
135.6,135.6,135.3,135.36,825.0,1746684000.0,2025-05-08 11:30:00+05:30
135.3,135.61,135.3,135.6,415.0,1746684300.0,2025-05-08 11:35:00+05:30
135.6,135.61,135.31,135.39,883.0,1746684600.0,2025-05-08 11:40:00+05:30
135.4,135.4,135.19,135.19,532.0,1746684900.0,2025-05-08 11:45:00+05:30
135.19,135.42,135.11,135.33,1142.0,1746685200.0,2025-05-08 11:50:00+05:30
135.32,135.54,135.2,135.54,1488.0,1746685500.0,2025-05-08 11:55:00+05:30
135.54,135.54,135.31,135.31,345.0,1746685800.0,2025-05-08 12:00:00+05:30
135.23,135.59,135.23,135.59,1070.0,1746686100.0,2025-05-08 12:05:00+05:30
135.6,135.6,135.6,135.6,39.0,1746686400.0,2025-05-08 12:10:00+05:30
135.6,135.67,135.51,135.51,409.0,1746686700.0,2025-05-08 12:15:00+05:30
135.51,135.66,135.48,135.48,599.0,1746687000.0,2025-05-08 12:20:00+05:30
135.29,135.29,134.81,134.96,4227.0,1746687300.0,2025-05-08 12:25:00+05:30
135.12,135.19,135.12,135.15,241.0,1746687600.0,2025-05-08 12:30:00+05:30
135.15,135.17,135.11,135.11,4.0,1746687900.0,2025-05-08 12:35:00+05:30
135.11,135.17,135.11,135.17,8.0,1746688200.0,2025-05-08 12:40:00+05:30
135.17,135.22,134.95,134.95,599.0,1746688500.0,2025-05-08 12:45:00+05:30
134.95,134.95,134.64,134.76,1130.0,1746688800.0,2025-05-08 12:50:00+05:30
134.6,134.6,134.42,134.53,4949.0,1746689100.0,2025-05-08 12:55:00+05:30
134.57,134.57,134.38,134.38,594.0,1746689400.0,2025-05-08 13:00:00+05:30
134.38,134.38,134.0,134.0,1338.0,1746689700.0,2025-05-08 13:05:00+05:30
134.0,134.15,134.0,134.08,630.0,1746690000.0,2025-05-08 13:10:00+05:30
134.12,134.12,133.61,133.88,1601.0,1746690300.0,2025-05-08 13:15:00+05:30
133.88,133.88,132.92,133.23,10907.0,1746690600.0,2025-05-08 13:20:00+05:30
133.23,133.24,133.04,133.04,330.0,1746690900.0,2025-05-08 13:25:00+05:30
133.09,133.18,133.01,133.01,145.0,1746691200.0,2025-05-08 13:30:00+05:30
132.98,133.23,132.27,132.46,2693.0,1746691500.0,2025-05-08 13:35:00+05:30
132.46,132.66,132.42,132.51,653.0,1746691800.0,2025-05-08 13:40:00+05:30
132.42,133.12,132.3,132.8,3740.0,1746692100.0,2025-05-08 13:45:00+05:30
132.8,132.8,132.48,132.74,625.0,1746692400.0,2025-05-08 13:50:00+05:30
132.54,132.54,131.61,132.11,3412.0,1746692700.0,2025-05-08 13:55:00+05:30
132.18,132.18,132.01,132.15,80.0,1746693000.0,2025-05-08 14:00:00+05:30
132.1,132.19,131.6,132.01,1618.0,1746693300.0,2025-05-08 14:05:00+05:30
132.0,132.08,131.9,132.08,826.0,1746693600.0,2025-05-08 14:10:00+05:30
131.94,132.4,131.94,132.28,1160.0,1746693900.0,2025-05-08 14:15:00+05:30
132.08,132.26,131.89,132.14,551.0,1746694200.0,2025-05-08 14:20:00+05:30
132.18,132.29,132.0,132.0,654.0,1746694500.0,2025-05-08 14:25:00+05:30
132.0,132.4,132.0,132.11,539.0,1746694800.0,2025-05-08 14:30:00+05:30
132.28,132.37,132.28,132.29,794.0,1746695100.0,2025-05-08 14:35:00+05:30
132.29,132.38,132.25,132.38,763.0,1746695400.0,2025-05-08 14:40:00+05:30
132.5,132.5,132.14,132.14,1518.0,1746695700.0,2025-05-08 14:45:00+05:30
132.24,132.44,132.13,132.3,1279.0,1746696000.0,2025-05-08 14:50:00+05:30
132.3,132.3,131.3,131.43,4748.0,1746696300.0,2025-05-08 14:55:00+05:30
131.42,131.48,131.0,131.33,2127.0,1746696600.0,2025-05-08 15:00:00+05:30
131.34,131.51,131.0,131.44,2229.0,1746696900.0,2025-05-08 15:05:00+05:30
131.16,131.3,130.7,130.8,1307.0,1746697200.0,2025-05-08 15:10:00+05:30
130.89,130.99,129.99,130.56,11350.0,1746697500.0,2025-05-08 15:15:00+05:30
130.53,131.49,130.0,130.65,7348.0,1746697800.0,2025-05-08 15:20:00+05:30
130.61,130.85,129.69,130.4,4443.0,1746698100.0,2025-05-08 15:25:00+05:30
128.52,130.27,128.42,129.67,14727.0,1746762300.0,2025-05-09 09:15:00+05:30
130.0,130.2,128.89,129.06,10487.0,1746762600.0,2025-05-09 09:20:00+05:30
129.08,129.95,129.02,129.5,3234.0,1746762900.0,2025-05-09 09:25:00+05:30
129.51,130.19,129.11,129.69,3708.0,1746763200.0,2025-05-09 09:30:00+05:30
129.78,130.3,129.69,130.26,2058.0,1746763500.0,2025-05-09 09:35:00+05:30
130.31,130.92,130.06,130.06,3840.0,1746763800.0,2025-05-09 09:40:00+05:30
130.17,130.17,129.14,129.14,3767.0,1746764100.0,2025-05-09 09:45:00+05:30
129.12,129.6,128.72,128.85,2708.0,1746764400.0,2025-05-09 09:50:00+05:30
128.94,129.5,128.8,129.29,5892.0,1746764700.0,2025-05-09 09:55:00+05:30
129.36,129.36,129.0,129.0,2763.0,1746765000.0,2025-05-09 10:00:00+05:30
129.12,129.57,128.88,129.4,1280.0,1746765300.0,2025-05-09 10:05:00+05:30
129.39,130.13,129.39,130.13,892.0,1746765600.0,2025-05-09 10:10:00+05:30
130.05,130.07,129.58,129.58,2555.0,1746765900.0,2025-05-09 10:15:00+05:30
129.65,129.65,129.33,129.65,808.0,1746766200.0,2025-05-09 10:20:00+05:30
129.7,129.7,129.5,129.64,669.0,1746766500.0,2025-05-09 10:25:00+05:30
129.77,129.83,129.63,129.69,976.0,1746766800.0,2025-05-09 10:30:00+05:30
129.77,130.2,129.77,129.77,1054.0,1746767100.0,2025-05-09 10:35:00+05:30
129.55,129.87,129.55,129.74,530.0,1746767400.0,2025-05-09 10:40:00+05:30
129.74,129.81,129.61,129.61,283.0,1746767700.0,2025-05-09 10:45:00+05:30
129.75,129.83,129.15,129.15,764.0,1746768000.0,2025-05-09 10:50:00+05:30
129.33,129.33,128.76,128.82,7591.0,1746768300.0,2025-05-09 10:55:00+05:30
128.83,129.27,128.83,129.0,914.0,1746768600.0,2025-05-09 11:00:00+05:30
129.14,129.44,129.14,129.42,684.0,1746768900.0,2025-05-09 11:05:00+05:30
129.14,129.31,129.0,129.2,226.0,1746769200.0,2025-05-09 11:10:00+05:30
129.22,129.29,128.99,129.2,1443.0,1746769500.0,2025-05-09 11:15:00+05:30
129.23,129.26,129.2,129.26,629.0,1746769800.0,2025-05-09 11:20:00+05:30
129.39,129.61,129.34,129.61,249.0,1746770100.0,2025-05-09 11:25:00+05:30
129.62,129.62,129.42,129.42,1293.0,1746770400.0,2025-05-09 11:30:00+05:30
129.26,129.56,129.26,129.26,765.0,1746770700.0,2025-05-09 11:35:00+05:30
129.41,129.62,129.24,129.38,552.0,1746771000.0,2025-05-09 11:40:00+05:30
129.38,129.62,129.38,129.39,467.0,1746771300.0,2025-05-09 11:45:00+05:30
129.5,129.78,129.5,129.78,550.0,1746771600.0,2025-05-09 11:50:00+05:30
129.78,129.95,129.71,129.95,763.0,1746771900.0,2025-05-09 11:55:00+05:30
129.95,129.99,129.67,129.99,247.0,1746772200.0,2025-05-09 12:00:00+05:30
129.77,130.26,129.77,130.26,1978.0,1746772500.0,2025-05-09 12:05:00+05:30
130.07,130.5,129.98,130.5,2542.0,1746772800.0,2025-05-09 12:10:00+05:30
130.68,130.8,130.68,130.8,656.0,1746773100.0,2025-05-09 12:15:00+05:30
130.51,130.65,130.41,130.64,2341.0,1746773400.0,2025-05-09 12:20:00+05:30
130.65,130.98,130.65,130.96,444.0,1746773700.0,2025-05-09 12:25:00+05:30
130.96,130.96,130.65,130.65,586.0,1746774000.0,2025-05-09 12:30:00+05:30
130.65,131.05,130.65,130.89,358.0,1746774300.0,2025-05-09 12:35:00+05:30
130.95,131.1,130.9,130.91,655.0,1746774600.0,2025-05-09 12:40:00+05:30
130.83,131.1,130.83,131.09,323.0,1746774900.0,2025-05-09 12:45:00+05:30
131.1,131.29,130.95,130.95,2697.0,1746775200.0,2025-05-09 12:50:00+05:30
131.0,131.0,130.37,130.57,2430.0,1746775500.0,2025-05-09 12:55:00+05:30
130.57,130.7,130.53,130.53,474.0,1746775800.0,2025-05-09 13:00:00+05:30
130.53,130.53,129.86,130.01,1481.0,1746776100.0,2025-05-09 13:05:00+05:30
130.01,130.42,130.01,130.42,126.0,1746776400.0,2025-05-09 13:10:00+05:30
130.42,130.47,130.34,130.47,401.0,1746776700.0,2025-05-09 13:15:00+05:30
130.47,130.48,130.01,130.01,687.0,1746777000.0,2025-05-09 13:20:00+05:30
130.0,130.11,129.9,130.09,490.0,1746777300.0,2025-05-09 13:25:00+05:30
130.09,130.36,130.0,130.19,369.0,1746777600.0,2025-05-09 13:30:00+05:30
130.19,130.29,130.19,130.29,2.0,1746777900.0,2025-05-09 13:35:00+05:30
130.29,130.29,130.11,130.23,122.0,1746778200.0,2025-05-09 13:40:00+05:30
130.17,130.17,130.0,130.0,1321.0,1746778500.0,2025-05-09 13:45:00+05:30
130.0,130.31,130.0,130.04,586.0,1746778800.0,2025-05-09 13:50:00+05:30
130.04,130.33,130.04,130.28,1779.0,1746779100.0,2025-05-09 13:55:00+05:30
130.73,130.73,130.36,130.61,2971.0,1746779400.0,2025-05-09 14:00:00+05:30
130.61,130.68,130.48,130.65,1056.0,1746779700.0,2025-05-09 14:05:00+05:30
130.79,130.79,130.35,130.6,795.0,1746780000.0,2025-05-09 14:10:00+05:30
130.74,131.29,130.61,131.29,1158.0,1746780300.0,2025-05-09 14:15:00+05:30
131.29,131.58,131.27,131.27,2650.0,1746780600.0,2025-05-09 14:20:00+05:30
130.99,131.18,130.38,130.56,3208.0,1746780900.0,2025-05-09 14:25:00+05:30
130.56,130.72,130.52,130.69,33.0,1746781200.0,2025-05-09 14:30:00+05:30
130.71,131.05,130.71,131.05,506.0,1746781500.0,2025-05-09 14:35:00+05:30
131.04,131.2,130.86,130.9,653.0,1746781800.0,2025-05-09 14:40:00+05:30
130.9,131.13,130.87,131.13,1258.0,1746782100.0,2025-05-09 14:45:00+05:30
131.27,131.52,131.06,131.49,1763.0,1746782400.0,2025-05-09 14:50:00+05:30
131.49,131.71,131.35,131.49,1250.0,1746782700.0,2025-05-09 14:55:00+05:30
131.61,131.89,131.6,131.79,1264.0,1746783000.0,2025-05-09 15:00:00+05:30
131.79,132.72,131.65,132.24,7769.0,1746783300.0,2025-05-09 15:05:00+05:30
132.23,133.65,132.14,133.56,3458.0,1746783600.0,2025-05-09 15:10:00+05:30
133.74,134.58,133.47,133.47,5098.0,1746783900.0,2025-05-09 15:15:00+05:30
133.43,134.77,133.19,133.51,15521.0,1746784200.0,2025-05-09 15:20:00+05:30
134.11,134.11,133.13,134.0,3789.0,1746784500.0,2025-05-09 15:25:00+05:30
136.25,138.0,136.25,137.15,15286.0,1747021500.0,2025-05-12 09:15:00+05:30
137.19,138.08,137.1,137.36,11470.0,1747021800.0,2025-05-12 09:20:00+05:30
137.5,138.1,137.5,138.0,10542.0,1747022100.0,2025-05-12 09:25:00+05:30
138.0,138.0,137.4,137.95,2931.0,1747022400.0,2025-05-12 09:30:00+05:30
137.94,139.0,137.5,138.95,11402.0,1747022700.0,2025-05-12 09:35:00+05:30
138.75,138.75,137.78,138.16,3035.0,1747023000.0,2025-05-12 09:40:00+05:30
138.12,138.74,138.03,138.54,4917.0,1747023300.0,2025-05-12 09:45:00+05:30
138.32,139.5,138.3,139.42,15335.0,1747023600.0,2025-05-12 09:50:00+05:30
139.22,139.75,139.02,139.6,7727.0,1747023900.0,2025-05-12 09:55:00+05:30
139.6,139.75,139.3,139.42,2067.0,1747024200.0,2025-05-12 10:00:00+05:30
139.5,139.64,139.19,139.33,1031.0,1747024500.0,2025-05-12 10:05:00+05:30
139.49,139.49,139.2,139.2,1740.0,1747024800.0,2025-05-12 10:10:00+05:30
139.3,140.48,139.06,140.27,13237.0,1747025100.0,2025-05-12 10:15:00+05:30
140.49,140.5,139.54,139.54,2573.0,1747025400.0,2025-05-12 10:20:00+05:30
139.59,139.78,139.33,139.33,466.0,1747025700.0,2025-05-12 10:25:00+05:30
139.0,139.08,138.3,138.3,1944.0,1747026000.0,2025-05-12 10:30:00+05:30
138.3,138.57,138.0,138.0,694.0,1747026300.0,2025-05-12 10:35:00+05:30
138.19,138.71,138.19,138.5,1021.0,1747026600.0,2025-05-12 10:40:00+05:30
138.5,138.7,138.23,138.6,1153.0,1747026900.0,2025-05-12 10:45:00+05:30
138.44,138.7,138.24,138.44,991.0,1747027200.0,2025-05-12 10:50:00+05:30
138.3,138.69,137.35,137.5,4247.0,1747027500.0,2025-05-12 10:55:00+05:30
137.37,137.75,137.1,137.24,2486.0,1747027800.0,2025-05-12 11:00:00+05:30
137.4,137.67,137.13,137.27,1803.0,1747028100.0,2025-05-12 11:05:00+05:30
137.27,137.44,137.11,137.14,3024.0,1747028400.0,2025-05-12 11:10:00+05:30
137.5,138.0,137.5,138.0,2231.0,1747028700.0,2025-05-12 11:15:00+05:30
138.0,138.0,137.61,137.72,1131.0,1747029000.0,2025-05-12 11:20:00+05:30
137.72,137.89,137.72,137.89,22.0,1747029300.0,2025-05-12 11:25:00+05:30
137.95,138.0,137.6,137.6,7206.0,1747029600.0,2025-05-12 11:30:00+05:30
137.6,137.6,137.21,137.21,3061.0,1747029900.0,2025-05-12 11:35:00+05:30
137.3,137.43,137.16,137.36,447.0,1747030200.0,2025-05-12 11:40:00+05:30
137.24,137.51,137.24,137.41,461.0,1747030500.0,2025-05-12 11:45:00+05:30
137.4,137.41,137.18,137.29,5055.0,1747030800.0,2025-05-12 11:50:00+05:30
137.29,137.36,137.1,137.26,726.0,1747031100.0,2025-05-12 11:55:00+05:30
137.34,137.34,137.16,137.16,145.0,1747031400.0,2025-05-12 12:00:00+05:30
137.16,137.83,137.16,137.7,2477.0,1747031700.0,2025-05-12 12:05:00+05:30
137.7,137.72,137.5,137.5,330.0,1747032000.0,2025-05-12 12:10:00+05:30
137.63,137.79,137.4,137.4,1264.0,1747032300.0,2025-05-12 12:15:00+05:30
137.4,137.59,137.4,137.5,390.0,1747032600.0,2025-05-12 12:20:00+05:30
137.54,137.6,137.4,137.41,3174.0,1747032900.0,2025-05-12 12:25:00+05:30
137.41,137.44,137.22,137.22,105.0,1747033200.0,2025-05-12 12:30:00+05:30
137.38,137.69,137.21,137.34,1113.0,1747033500.0,2025-05-12 12:35:00+05:30
137.34,137.74,137.34,137.34,840.0,1747033800.0,2025-05-12 12:40:00+05:30
137.34,137.34,137.22,137.22,159.0,1747034100.0,2025-05-12 12:45:00+05:30
137.38,137.5,137.27,137.27,255.0,1747034400.0,2025-05-12 12:50:00+05:30
137.3,137.3,137.18,137.18,81.0,1747034700.0,2025-05-12 12:55:00+05:30
137.4,137.44,137.11,137.17,832.0,1747035000.0,2025-05-12 13:00:00+05:30
137.36,137.49,137.23,137.47,355.0,1747035300.0,2025-05-12 13:05:00+05:30
137.47,137.5,137.47,137.5,4748.0,1747035600.0,2025-05-12 13:10:00+05:30
137.5,137.5,137.01,137.31,1509.0,1747035900.0,2025-05-12 13:15:00+05:30
137.31,137.31,137.06,137.21,26.0,1747036200.0,2025-05-12 13:20:00+05:30
137.07,137.25,137.07,137.25,1661.0,1747036500.0,2025-05-12 13:25:00+05:30
137.25,137.3,137.07,137.26,375.0,1747036800.0,2025-05-12 13:30:00+05:30
137.26,137.26,137.07,137.23,368.0,1747037100.0,2025-05-12 13:35:00+05:30
137.3,137.3,137.15,137.15,18.0,1747037400.0,2025-05-12 13:40:00+05:30
137.22,137.25,137.06,137.18,335.0,1747037700.0,2025-05-12 13:45:00+05:30
137.05,137.1,136.55,136.84,6286.0,1747038000.0,2025-05-12 13:50:00+05:30
136.7,137.01,136.7,137.01,297.0,1747038300.0,2025-05-12 13:55:00+05:30
137.01,137.22,136.98,137.21,908.0,1747038600.0,2025-05-12 14:00:00+05:30
137.21,137.3,137.21,137.29,552.0,1747038900.0,2025-05-12 14:05:00+05:30
137.29,137.31,137.03,137.03,1307.0,1747039200.0,2025-05-12 14:10:00+05:30
137.15,137.29,137.1,137.1,362.0,1747039500.0,2025-05-12 14:15:00+05:30
137.31,137.99,137.12,137.87,4188.0,1747039800.0,2025-05-12 14:20:00+05:30
137.7,137.79,137.25,137.25,900.0,1747040100.0,2025-05-12 14:25:00+05:30
137.26,137.78,137.26,137.56,501.0,1747040400.0,2025-05-12 14:30:00+05:30
137.7,137.74,137.61,137.61,277.0,1747040700.0,2025-05-12 14:35:00+05:30
137.75,137.8,137.69,137.8,626.0,1747041000.0,2025-05-12 14:40:00+05:30
137.8,138.4,137.61,138.4,6931.0,1747041300.0,2025-05-12 14:45:00+05:30
138.6,138.69,138.6,138.6,1350.0,1747041600.0,2025-05-12 14:50:00+05:30
138.62,138.95,138.45,138.95,2052.0,1747041900.0,2025-05-12 14:55:00+05:30
139.0,140.0,138.94,139.44,11361.0,1747042200.0,2025-05-12 15:00:00+05:30
139.44,139.57,138.81,138.99,3405.0,1747042500.0,2025-05-12 15:05:00+05:30
139.03,139.1,138.6,138.6,1072.0,1747042800.0,2025-05-12 15:10:00+05:30
138.6,139.45,138.57,139.1,5633.0,1747043100.0,2025-05-12 15:15:00+05:30
139.11,140.1,139.11,140.1,12300.0,1747043400.0,2025-05-12 15:20:00+05:30
140.0,140.2,139.14,139.52,12706.0,1747043700.0,2025-05-12 15:25:00+05:30
140.0,140.0,136.55,138.8,11404.0,1747107900.0,2025-05-13 09:15:00+05:30
138.84,140.3,138.84,139.06,21398.0,1747108200.0,2025-05-13 09:20:00+05:30
139.06,140.0,138.92,139.94,3676.0,1747108500.0,2025-05-13 09:25:00+05:30
139.79,140.0,139.12,139.56,7455.0,1747108800.0,2025-05-13 09:30:00+05:30
139.56,139.77,139.3,139.57,7583.0,1747109100.0,2025-05-13 09:35:00+05:30
139.57,140.09,139.42,139.42,12436.0,1747109400.0,2025-05-13 09:40:00+05:30
139.35,139.42,139.0,139.35,1774.0,1747109700.0,2025-05-13 09:45:00+05:30
139.3,139.3,138.52,138.75,5261.0,1747110000.0,2025-05-13 09:50:00+05:30
138.9,139.05,138.68,139.03,2900.0,1747110300.0,2025-05-13 09:55:00+05:30
138.98,139.07,138.98,139.07,444.0,1747110600.0,2025-05-13 10:00:00+05:30
139.0,139.4,138.71,139.16,9524.0,1747110900.0,2025-05-13 10:05:00+05:30
139.16,139.35,139.16,139.35,126.0,1747111200.0,2025-05-13 10:10:00+05:30
139.33,139.51,139.11,139.23,1033.0,1747111500.0,2025-05-13 10:15:00+05:30
139.31,139.5,138.95,139.4,2379.0,1747111800.0,2025-05-13 10:20:00+05:30
139.4,139.4,139.13,139.13,90.0,1747112100.0,2025-05-13 10:25:00+05:30
139.13,139.4,139.01,139.11,577.0,1747112400.0,2025-05-13 10:30:00+05:30
139.5,139.67,139.3,139.67,6520.0,1747112700.0,2025-05-13 10:35:00+05:30
139.68,140.0,139.47,139.94,1515.0,1747113000.0,2025-05-13 10:40:00+05:30
139.94,139.94,139.37,139.37,1892.0,1747113300.0,2025-05-13 10:45:00+05:30
139.37,139.58,139.37,139.55,460.0,1747113600.0,2025-05-13 10:50:00+05:30
139.55,139.55,139.33,139.52,233.0,1747113900.0,2025-05-13 10:55:00+05:30
139.54,139.55,139.54,139.54,905.0,1747114200.0,2025-05-13 11:00:00+05:30
139.54,139.54,139.33,139.33,1286.0,1747114500.0,2025-05-13 11:05:00+05:30
139.39,139.39,139.15,139.15,103.0,1747114800.0,2025-05-13 11:10:00+05:30
139.15,139.85,139.0,139.85,4547.0,1747115100.0,2025-05-13 11:15:00+05:30
139.89,139.89,139.5,139.66,1125.0,1747115400.0,2025-05-13 11:20:00+05:30
139.74,139.8,139.61,139.61,310.0,1747115700.0,2025-05-13 11:25:00+05:30
139.65,139.76,139.49,139.67,529.0,1747116000.0,2025-05-13 11:30:00+05:30
139.67,139.67,139.45,139.62,2507.0,1747116300.0,2025-05-13 11:35:00+05:30
139.56,139.76,139.53,139.7,289.0,1747116600.0,2025-05-13 11:40:00+05:30
139.8,139.8,139.61,139.61,680.0,1747116900.0,2025-05-13 11:45:00+05:30
139.55,139.98,139.36,139.8,2217.0,1747117200.0,2025-05-13 11:50:00+05:30
139.94,140.0,139.47,139.96,4493.0,1747117500.0,2025-05-13 11:55:00+05:30
139.95,139.99,139.49,139.68,1661.0,1747117800.0,2025-05-13 12:00:00+05:30
139.43,139.66,139.43,139.64,814.0,1747118100.0,2025-05-13 12:05:00+05:30
139.64,140.0,139.64,140.0,1979.0,1747118400.0,2025-05-13 12:10:00+05:30
140.0,140.0,139.51,139.96,5066.0,1747118700.0,2025-05-13 12:15:00+05:30
139.96,140.0,139.65,139.95,6946.0,1747119000.0,2025-05-13 12:20:00+05:30
140.0,140.0,139.51,139.51,743.0,1747119300.0,2025-05-13 12:25:00+05:30
139.63,139.63,139.42,139.46,1029.0,1747119600.0,2025-05-13 12:30:00+05:30
139.41,139.57,139.35,139.57,1172.0,1747119900.0,2025-05-13 12:35:00+05:30
139.31,139.51,138.99,139.0,4632.0,1747120200.0,2025-05-13 12:40:00+05:30
138.98,139.16,138.98,139.0,551.0,1747120500.0,2025-05-13 12:45:00+05:30
139.16,139.31,139.06,139.29,247.0,1747120800.0,2025-05-13 12:50:00+05:30
139.11,139.28,139.11,139.11,656.0,1747121100.0,2025-05-13 12:55:00+05:30
139.11,139.11,138.75,138.83,1366.0,1747121400.0,2025-05-13 13:00:00+05:30
138.83,139.0,138.83,139.0,184.0,1747121700.0,2025-05-13 13:05:00+05:30
139.08,139.13,138.89,139.13,260.0,1747122000.0,2025-05-13 13:10:00+05:30
139.19,139.19,138.61,138.94,3308.0,1747122300.0,2025-05-13 13:15:00+05:30
138.94,138.94,138.84,138.84,66.0,1747122600.0,2025-05-13 13:20:00+05:30
138.75,138.85,138.75,138.85,587.0,1747122900.0,2025-05-13 13:25:00+05:30
138.85,138.88,138.75,138.75,119.0,1747123200.0,2025-05-13 13:30:00+05:30
138.75,138.93,138.63,138.93,359.0,1747123500.0,2025-05-13 13:35:00+05:30
138.8,138.99,138.8,138.82,275.0,1747123800.0,2025-05-13 13:40:00+05:30
138.94,139.0,138.94,139.0,187.0,1747124100.0,2025-05-13 13:45:00+05:30
138.9,138.97,138.6,138.6,637.0,1747124400.0,2025-05-13 13:50:00+05:30
138.6,138.6,138.6,138.6,0.0,1747124700.0,2025-05-13 13:55:00+05:30
138.6,138.7,138.53,138.7,133.0,1747125000.0,2025-05-13 14:00:00+05:30
138.7,138.8,138.7,138.79,700.0,1747125300.0,2025-05-13 14:05:00+05:30
138.83,138.97,138.6,138.97,769.0,1747125600.0,2025-05-13 14:10:00+05:30
138.79,138.93,138.79,138.93,335.0,1747125900.0,2025-05-13 14:15:00+05:30
138.93,138.93,138.89,138.91,94.0,1747126200.0,2025-05-13 14:20:00+05:30
138.91,138.96,138.91,138.96,761.0,1747126500.0,2025-05-13 14:25:00+05:30
138.97,138.97,138.6,138.88,852.0,1747126800.0,2025-05-13 14:30:00+05:30
138.52,138.66,138.0,138.66,5823.0,1747127100.0,2025-05-13 14:35:00+05:30
138.66,138.71,138.15,138.58,4086.0,1747127400.0,2025-05-13 14:40:00+05:30
138.58,139.46,138.58,139.19,1035.0,1747127700.0,2025-05-13 14:45:00+05:30
139.02,139.46,139.02,139.45,2894.0,1747128000.0,2025-05-13 14:50:00+05:30
139.45,139.45,139.16,139.36,3310.0,1747128300.0,2025-05-13 14:55:00+05:30
139.38,139.5,139.05,139.24,3376.0,1747128600.0,2025-05-13 15:00:00+05:30
139.28,139.44,139.28,139.44,203.0,1747128900.0,2025-05-13 15:05:00+05:30
139.28,139.7,139.2,139.67,2486.0,1747129200.0,2025-05-13 15:10:00+05:30
139.66,140.04,139.2,139.2,10416.0,1747129500.0,2025-05-13 15:15:00+05:30
139.92,139.99,139.51,139.7,4609.0,1747129800.0,2025-05-13 15:20:00+05:30
139.95,140.0,139.14,140.0,5797.0,1747130100.0,2025-05-13 15:25:00+05:30
140.69,140.9,139.73,140.1,4202.0,1747194300.0,2025-05-14 09:15:00+05:30
140.26,140.9,140.26,140.62,1982.0,1747194600.0,2025-05-14 09:20:00+05:30
140.62,141.2,140.5,140.5,3097.0,1747194900.0,2025-05-14 09:25:00+05:30
140.61,140.98,140.34,140.34,2077.0,1747195200.0,2025-05-14 09:30:00+05:30
140.56,141.0,140.5,140.9,1559.0,1747195500.0,2025-05-14 09:35:00+05:30
141.11,141.62,139.38,139.38,19635.0,1747195800.0,2025-05-14 09:40:00+05:30
139.58,139.9,139.54,139.76,2456.0,1747196100.0,2025-05-14 09:45:00+05:30
139.57,139.77,139.54,139.77,1734.0,1747196400.0,2025-05-14 09:50:00+05:30
139.94,139.94,139.75,139.75,792.0,1747196700.0,2025-05-14 09:55:00+05:30
139.71,139.94,139.6,139.71,3687.0,1747197000.0,2025-05-14 10:00:00+05:30
139.73,139.77,139.54,139.75,961.0,1747197300.0,2025-05-14 10:05:00+05:30
139.75,139.81,139.62,139.69,174.0,1747197600.0,2025-05-14 10:10:00+05:30
139.84,139.84,139.4,139.4,970.0,1747197900.0,2025-05-14 10:15:00+05:30
139.5,139.58,138.99,139.25,5091.0,1747198200.0,2025-05-14 10:20:00+05:30
139.2,139.54,139.05,139.27,5743.0,1747198500.0,2025-05-14 10:25:00+05:30
139.41,139.69,139.37,139.69,859.0,1747198800.0,2025-05-14 10:30:00+05:30
139.6,139.7,139.4,139.4,1443.0,1747199100.0,2025-05-14 10:35:00+05:30
139.68,139.78,139.31,139.61,3206.0,1747199400.0,2025-05-14 10:40:00+05:30
139.33,139.63,139.33,139.61,752.0,1747199700.0,2025-05-14 10:45:00+05:30
139.6,139.6,139.0,139.28,3273.0,1747200000.0,2025-05-14 10:50:00+05:30
139.04,139.27,139.04,139.2,140.0,1747200300.0,2025-05-14 10:55:00+05:30
139.2,139.25,139.05,139.24,491.0,1747200600.0,2025-05-14 11:00:00+05:30
139.24,139.24,138.86,138.88,2391.0,1747200900.0,2025-05-14 11:05:00+05:30
138.88,138.94,138.8,138.94,561.0,1747201200.0,2025-05-14 11:10:00+05:30
138.94,139.0,138.8,139.0,1451.0,1747201500.0,2025-05-14 11:15:00+05:30
139.0,139.3,139.0,139.3,85.0,1747201800.0,2025-05-14 11:20:00+05:30
139.44,139.58,139.3,139.58,6213.0,1747202100.0,2025-05-14 11:25:00+05:30
139.56,139.62,139.13,139.13,715.0,1747202400.0,2025-05-14 11:30:00+05:30
139.34,139.45,139.19,139.44,249.0,1747202700.0,2025-05-14 11:35:00+05:30
139.42,139.56,139.38,139.41,130.0,1747203000.0,2025-05-14 11:40:00+05:30
139.43,139.45,139.29,139.38,532.0,1747203300.0,2025-05-14 11:45:00+05:30
139.18,139.39,139.17,139.35,372.0,1747203600.0,2025-05-14 11:50:00+05:30
138.13,138.73,137.83,138.61,21034.0,1747203900.0,2025-05-14 11:55:00+05:30
138.68,139.0,138.62,138.87,1500.0,1747204200.0,2025-05-14 12:00:00+05:30
138.88,138.96,138.83,138.95,561.0,1747204500.0,2025-05-14 12:05:00+05:30
138.95,139.36,138.95,139.19,725.0,1747204800.0,2025-05-14 12:10:00+05:30
139.33,139.37,138.8,139.28,11982.0,1747205100.0,2025-05-14 12:15:00+05:30
139.26,139.3,139.26,139.3,779.0,1747205400.0,2025-05-14 12:20:00+05:30
139.3,139.58,139.2,139.48,1270.0,1747205700.0,2025-05-14 12:25:00+05:30
139.48,139.59,139.48,139.59,838.0,1747206000.0,2025-05-14 12:30:00+05:30
139.54,139.59,139.35,139.45,399.0,1747206300.0,2025-05-14 12:35:00+05:30
139.45,139.45,139.2,139.36,233.0,1747206600.0,2025-05-14 12:40:00+05:30
139.43,139.45,139.22,139.22,555.0,1747206900.0,2025-05-14 12:45:00+05:30
139.2,139.2,138.59,138.88,2345.0,1747207200.0,2025-05-14 12:50:00+05:30
138.88,139.08,138.85,139.08,1828.0,1747207500.0,2025-05-14 12:55:00+05:30
139.19,139.19,138.81,139.06,2280.0,1747207800.0,2025-05-14 13:00:00+05:30
139.05,139.07,138.88,139.07,4414.0,1747208100.0,2025-05-14 13:05:00+05:30
139.19,139.35,139.19,139.35,572.0,1747208400.0,2025-05-14 13:10:00+05:30
139.2,139.33,139.2,139.32,910.0,1747208700.0,2025-05-14 13:15:00+05:30
139.34,139.34,139.1,139.1,225.0,1747209000.0,2025-05-14 13:20:00+05:30
139.19,139.39,139.11,139.39,2311.0,1747209300.0,2025-05-14 13:25:00+05:30
139.39,139.39,139.32,139.35,214.0,1747209600.0,2025-05-14 13:30:00+05:30
139.35,139.36,139.16,139.25,192.0,1747209900.0,2025-05-14 13:35:00+05:30
139.24,139.33,139.13,139.17,474.0,1747210200.0,2025-05-14 13:40:00+05:30
139.1,139.41,139.1,139.25,428.0,1747210500.0,2025-05-14 13:45:00+05:30
139.25,139.43,139.25,139.43,217.0,1747210800.0,2025-05-14 13:50:00+05:30
139.38,139.47,139.2,139.37,1186.0,1747211100.0,2025-05-14 13:55:00+05:30
139.37,139.37,139.1,139.28,1989.0,1747211400.0,2025-05-14 14:00:00+05:30
139.28,139.49,139.27,139.49,304.0,1747211700.0,2025-05-14 14:05:00+05:30
139.49,139.5,139.3,139.3,2653.0,1747212000.0,2025-05-14 14:10:00+05:30
139.3,139.3,139.14,139.14,407.0,1747212300.0,2025-05-14 14:15:00+05:30
139.01,139.35,139.01,139.04,3079.0,1747212600.0,2025-05-14 14:20:00+05:30
139.22,139.47,139.17,139.25,3252.0,1747212900.0,2025-05-14 14:25:00+05:30
139.47,139.62,139.4,139.5,1806.0,1747213200.0,2025-05-14 14:30:00+05:30
139.5,139.83,139.5,139.6,274.0,1747213500.0,2025-05-14 14:35:00+05:30
139.6,139.87,139.6,139.87,3033.0,1747213800.0,2025-05-14 14:40:00+05:30
139.87,139.87,139.34,139.57,1101.0,1747214100.0,2025-05-14 14:45:00+05:30
139.57,139.6,139.16,139.44,1459.0,1747214400.0,2025-05-14 14:50:00+05:30
139.21,139.69,139.21,139.69,2561.0,1747214700.0,2025-05-14 14:55:00+05:30
139.69,140.0,139.69,139.87,2312.0,1747215000.0,2025-05-14 15:00:00+05:30
139.86,140.0,139.8,139.94,7220.0,1747215300.0,2025-05-14 15:05:00+05:30
139.88,140.0,139.82,139.93,1381.0,1747215600.0,2025-05-14 15:10:00+05:30
139.82,139.89,139.8,139.84,1342.0,1747215900.0,2025-05-14 15:15:00+05:30
139.85,139.89,139.75,139.89,6998.0,1747216200.0,2025-05-14 15:20:00+05:30
139.93,140.0,139.15,139.98,16832.0,1747216500.0,2025-05-14 15:25:00+05:30
139.91,140.92,139.91,140.0,2852.0,1747280700.0,2025-05-15 09:15:00+05:30
139.91,140.09,139.3,139.61,6408.0,1747281000.0,2025-05-15 09:20:00+05:30
139.41,139.99,139.13,139.48,1170.0,1747281300.0,2025-05-15 09:25:00+05:30
139.3,139.45,139.0,139.45,1862.0,1747281600.0,2025-05-15 09:30:00+05:30
139.33,139.39,138.32,138.32,4242.0,1747281900.0,2025-05-15 09:35:00+05:30
138.41,138.85,138.4,138.83,1249.0,1747282200.0,2025-05-15 09:40:00+05:30
138.67,139.25,138.45,138.97,1286.0,1747282500.0,2025-05-15 09:45:00+05:30
139.15,139.25,138.66,139.25,2687.0,1747282800.0,2025-05-15 09:50:00+05:30
139.24,139.24,138.63,139.0,1064.0,1747283100.0,2025-05-15 09:55:00+05:30
139.0,139.59,139.0,139.59,2678.0,1747283400.0,2025-05-15 10:00:00+05:30
139.54,139.54,139.26,139.41,3327.0,1747283700.0,2025-05-15 10:05:00+05:30
139.55,139.72,139.42,139.72,3387.0,1747284000.0,2025-05-15 10:10:00+05:30
139.72,139.97,139.72,139.72,2273.0,1747284300.0,2025-05-15 10:15:00+05:30
139.51,139.68,139.51,139.66,118.0,1747284600.0,2025-05-15 10:20:00+05:30
139.66,139.69,139.47,139.47,471.0,1747284900.0,2025-05-15 10:25:00+05:30
139.69,139.69,139.47,139.62,1431.0,1747285200.0,2025-05-15 10:30:00+05:30
139.62,139.88,139.62,139.88,503.0,1747285500.0,2025-05-15 10:35:00+05:30
139.9,139.99,139.42,139.88,14791.0,1747285800.0,2025-05-15 10:40:00+05:30
139.88,140.28,139.62,140.28,15565.0,1747286100.0,2025-05-15 10:45:00+05:30
140.28,140.91,139.86,139.97,14510.0,1747286400.0,2025-05-15 10:50:00+05:30
139.97,140.09,139.49,139.49,2685.0,1747286700.0,2025-05-15 10:55:00+05:30
139.42,139.53,139.3,139.35,671.0,1747287000.0,2025-05-15 11:00:00+05:30
139.35,139.46,138.97,139.01,5706.0,1747287300.0,2025-05-15 11:05:00+05:30
139.13,139.13,138.75,138.94,291.0,1747287600.0,2025-05-15 11:10:00+05:30
138.94,138.94,138.42,138.8,4444.0,1747287900.0,2025-05-15 11:15:00+05:30
138.88,138.88,138.41,138.65,1126.0,1747288200.0,2025-05-15 11:20:00+05:30
138.77,139.2,138.51,138.74,3534.0,1747288500.0,2025-05-15 11:25:00+05:30
138.74,138.93,138.74,138.74,522.0,1747288800.0,2025-05-15 11:30:00+05:30
138.75,138.99,138.58,138.9,714.0,1747289100.0,2025-05-15 11:35:00+05:30
138.9,138.95,138.75,138.75,706.0,1747289400.0,2025-05-15 11:40:00+05:30
138.9,138.9,138.75,138.89,27.0,1747289700.0,2025-05-15 11:45:00+05:30
138.75,138.99,138.72,138.72,1491.0,1747290000.0,2025-05-15 11:50:00+05:30
138.5,138.98,138.5,138.77,3226.0,1747290300.0,2025-05-15 11:55:00+05:30
138.77,138.99,138.62,138.69,1064.0,1747290600.0,2025-05-15 12:00:00+05:30
138.91,139.04,138.69,138.97,694.0,1747290900.0,2025-05-15 12:05:00+05:30
138.86,138.94,138.77,138.8,894.0,1747291200.0,2025-05-15 12:10:00+05:30
138.93,138.93,138.51,138.51,1532.0,1747291500.0,2025-05-15 12:15:00+05:30
138.79,139.41,138.59,139.41,2891.0,1747291800.0,2025-05-15 12:20:00+05:30
139.4,139.45,139.2,139.32,789.0,1747292100.0,2025-05-15 12:25:00+05:30
139.38,139.49,139.35,139.49,466.0,1747292400.0,2025-05-15 12:30:00+05:30
139.47,139.53,139.32,139.53,1781.0,1747292700.0,2025-05-15 12:35:00+05:30
139.32,139.52,139.32,139.49,769.0,1747293000.0,2025-05-15 12:40:00+05:30
139.49,139.49,139.26,139.48,762.0,1747293300.0,2025-05-15 12:45:00+05:30
139.48,139.55,139.48,139.55,2492.0,1747293600.0,2025-05-15 12:50:00+05:30
139.55,139.55,139.55,139.55,0.0,1747293900.0,2025-05-15 12:55:00+05:30
139.55,139.87,139.48,139.54,1214.0,1747294200.0,2025-05-15 13:00:00+05:30
139.67,139.67,139.48,139.48,100.0,1747294500.0,2025-05-15 13:05:00+05:30
139.48,139.65,139.28,139.55,1673.0,1747294800.0,2025-05-15 13:10:00+05:30
139.56,139.78,139.55,139.65,522.0,1747295100.0,2025-05-15 13:15:00+05:30
139.53,139.67,139.37,139.53,765.0,1747295400.0,2025-05-15 13:20:00+05:30
139.63,139.63,139.39,139.4,796.0,1747295700.0,2025-05-15 13:25:00+05:30
139.47,139.59,139.39,139.46,1422.0,1747296000.0,2025-05-15 13:30:00+05:30
139.52,140.05,139.27,139.7,17132.0,1747296300.0,2025-05-15 13:35:00+05:30
139.85,139.85,139.64,139.69,1081.0,1747296600.0,2025-05-15 13:40:00+05:30
139.65,139.8,139.5,139.5,675.0,1747296900.0,2025-05-15 13:45:00+05:30
139.66,139.74,139.5,139.7,1849.0,1747297200.0,2025-05-15 13:50:00+05:30
139.7,140.09,139.55,139.55,2940.0,1747297500.0,2025-05-15 13:55:00+05:30
139.38,139.68,139.15,139.68,1568.0,1747297800.0,2025-05-15 14:00:00+05:30
139.67,139.71,139.4,139.42,788.0,1747298100.0,2025-05-15 14:05:00+05:30
139.42,139.71,139.42,139.43,387.0,1747298400.0,2025-05-15 14:10:00+05:30
139.63,139.63,139.41,139.57,791.0,1747298700.0,2025-05-15 14:15:00+05:30
139.57,139.97,139.56,139.75,1818.0,1747299000.0,2025-05-15 14:20:00+05:30
139.74,140.0,139.67,139.68,6442.0,1747299300.0,2025-05-15 14:25:00+05:30
139.68,139.81,139.61,139.81,379.0,1747299600.0,2025-05-15 14:30:00+05:30
139.88,139.88,139.61,139.61,217.0,1747299900.0,2025-05-15 14:35:00+05:30
139.61,139.8,139.6,139.61,2706.0,1747300200.0,2025-05-15 14:40:00+05:30
139.8,139.8,139.8,139.8,656.0,1747300500.0,2025-05-15 14:45:00+05:30
139.8,139.95,139.8,139.81,2496.0,1747300800.0,2025-05-15 14:50:00+05:30
139.95,140.0,139.8,139.8,15218.0,1747301100.0,2025-05-15 14:55:00+05:30
139.95,140.91,139.71,139.82,14256.0,1747301400.0,2025-05-15 15:00:00+05:30
139.85,140.0,139.78,139.79,2590.0,1747301700.0,2025-05-15 15:05:00+05:30
139.78,139.9,139.66,139.71,1157.0,1747302000.0,2025-05-15 15:10:00+05:30
139.71,140.28,139.67,140.0,18632.0,1747302300.0,2025-05-15 15:15:00+05:30
140.04,140.65,140.03,140.4,8703.0,1747302600.0,2025-05-15 15:20:00+05:30
140.35,140.59,139.67,140.0,13754.0,1747302900.0,2025-05-15 15:25:00+05:30
140.07,140.08,138.66,139.26,8131.0,1747367100.0,2025-05-16 09:15:00+05:30
139.45,140.15,139.04,139.83,8087.0,1747367400.0,2025-05-16 09:20:00+05:30
140.09,140.55,139.64,140.0,10400.0,1747367700.0,2025-05-16 09:25:00+05:30
139.98,140.03,139.68,139.74,9193.0,1747368000.0,2025-05-16 09:30:00+05:30
139.73,139.86,139.52,139.52,468.0,1747368300.0,2025-05-16 09:35:00+05:30
139.5,139.79,139.11,139.52,2945.0,1747368600.0,2025-05-16 09:40:00+05:30
139.53,139.9,139.53,139.9,1799.0,1747368900.0,2025-05-16 09:45:00+05:30
139.88,139.97,139.61,139.63,544.0,1747369200.0,2025-05-16 09:50:00+05:30
139.71,139.79,139.5,139.5,698.0,1747369500.0,2025-05-16 09:55:00+05:30
139.51,139.85,139.51,139.77,510.0,1747369800.0,2025-05-16 10:00:00+05:30
139.79,139.9,139.55,139.55,639.0,1747370100.0,2025-05-16 10:05:00+05:30
139.54,139.75,139.23,139.75,5869.0,1747370400.0,2025-05-16 10:10:00+05:30
139.7,139.96,139.4,139.73,11918.0,1747370700.0,2025-05-16 10:15:00+05:30
139.62,139.62,139.14,139.44,3871.0,1747371000.0,2025-05-16 10:20:00+05:30
139.6,139.67,139.19,139.38,755.0,1747371300.0,2025-05-16 10:25:00+05:30
139.38,139.44,139.14,139.44,1379.0,1747371600.0,2025-05-16 10:30:00+05:30
139.44,139.51,139.2,139.4,342.0,1747371900.0,2025-05-16 10:35:00+05:30
139.4,139.46,139.14,139.4,1118.0,1747372200.0,2025-05-16 10:40:00+05:30
139.22,139.55,139.22,139.55,571.0,1747372500.0,2025-05-16 10:45:00+05:30
139.55,139.56,139.14,139.33,2386.0,1747372800.0,2025-05-16 10:50:00+05:30
139.3,139.65,139.16,139.6,4919.0,1747373100.0,2025-05-16 10:55:00+05:30
139.81,140.0,139.6,140.0,7302.0,1747373400.0,2025-05-16 11:00:00+05:30
139.89,139.99,139.68,139.68,884.0,1747373700.0,2025-05-16 11:05:00+05:30
139.68,139.95,139.56,139.57,2217.0,1747374000.0,2025-05-16 11:10:00+05:30
139.74,139.8,139.61,139.8,192.0,1747374300.0,2025-05-16 11:15:00+05:30
139.8,139.8,139.58,139.8,1128.0,1747374600.0,2025-05-16 11:20:00+05:30
139.8,139.8,139.61,139.65,509.0,1747374900.0,2025-05-16 11:25:00+05:30
139.8,139.8,139.41,139.8,1289.0,1747375200.0,2025-05-16 11:30:00+05:30
139.8,140.05,139.7,140.05,5101.0,1747375500.0,2025-05-16 11:35:00+05:30
140.0,140.0,139.76,140.0,1400.0,1747375800.0,2025-05-16 11:40:00+05:30
139.85,139.98,139.8,139.96,260.0,1747376100.0,2025-05-16 11:45:00+05:30
139.83,139.83,139.54,139.79,1676.0,1747376400.0,2025-05-16 11:50:00+05:30
139.8,139.99,139.51,139.51,1179.0,1747376700.0,2025-05-16 11:55:00+05:30
139.51,140.0,139.5,139.8,1273.0,1747377000.0,2025-05-16 12:00:00+05:30
139.99,140.0,139.8,139.82,1937.0,1747377300.0,2025-05-16 12:05:00+05:30
139.82,139.99,139.8,139.96,1001.0,1747377600.0,2025-05-16 12:10:00+05:30
139.8,140.0,139.8,140.0,1719.0,1747377900.0,2025-05-16 12:15:00+05:30
140.0,140.0,139.73,139.73,1548.0,1747378200.0,2025-05-16 12:20:00+05:30
139.95,139.95,139.63,139.86,476.0,1747378500.0,2025-05-16 12:25:00+05:30
139.77,139.77,139.65,139.65,164.0,1747378800.0,2025-05-16 12:30:00+05:30
139.51,139.65,139.5,139.55,613.0,1747379100.0,2025-05-16 12:35:00+05:30
139.55,139.64,139.51,139.55,1310.0,1747379400.0,2025-05-16 12:40:00+05:30
139.63,139.95,139.63,139.95,1968.0,1747379700.0,2025-05-16 12:45:00+05:30
140.05,141.19,140.05,140.16,31987.0,1747380000.0,2025-05-16 12:50:00+05:30
139.84,139.88,139.7,139.88,3474.0,1747380300.0,2025-05-16 12:55:00+05:30
139.92,140.09,139.75,139.93,1169.0,1747380600.0,2025-05-16 13:00:00+05:30
139.85,140.0,139.85,140.0,796.0,1747380900.0,2025-05-16 13:05:00+05:30
139.93,140.0,139.88,140.0,1482.0,1747381200.0,2025-05-16 13:10:00+05:30
140.0,140.0,139.7,139.7,3831.0,1747381500.0,2025-05-16 13:15:00+05:30
139.85,139.88,139.65,139.7,1050.0,1747381800.0,2025-05-16 13:20:00+05:30
139.69,139.86,139.62,139.77,1477.0,1747382100.0,2025-05-16 13:25:00+05:30
139.6,139.86,139.6,139.83,1356.0,1747382400.0,2025-05-16 13:30:00+05:30
139.8,139.89,139.52,139.79,1141.0,1747382700.0,2025-05-16 13:35:00+05:30
139.88,140.0,139.67,139.99,2511.0,1747383000.0,2025-05-16 13:40:00+05:30
139.85,140.0,139.83,139.86,189.0,1747383300.0,2025-05-16 13:45:00+05:30
139.86,139.9,139.86,139.9,412.0,1747383600.0,2025-05-16 13:50:00+05:30
139.9,139.97,139.52,139.8,2841.0,1747383900.0,2025-05-16 13:55:00+05:30
139.52,139.78,139.52,139.69,3405.0,1747384200.0,2025-05-16 14:00:00+05:30
139.88,140.0,139.85,140.0,940.0,1747384500.0,2025-05-16 14:05:00+05:30
139.99,140.0,139.85,139.97,1106.0,1747384800.0,2025-05-16 14:10:00+05:30
140.0,140.0,139.86,140.0,1430.0,1747385100.0,2025-05-16 14:15:00+05:30
140.0,140.1,139.68,140.0,4563.0,1747385400.0,2025-05-16 14:20:00+05:30
140.0,140.19,139.8,139.8,1049.0,1747385700.0,2025-05-16 14:25:00+05:30
139.72,140.0,139.7,140.0,1716.0,1747386000.0,2025-05-16 14:30:00+05:30
139.99,139.99,139.77,139.9,1009.0,1747386300.0,2025-05-16 14:35:00+05:30
139.99,140.0,139.82,139.82,2091.0,1747386600.0,2025-05-16 14:40:00+05:30
139.9,140.08,139.8,139.9,4879.0,1747386900.0,2025-05-16 14:45:00+05:30
139.9,140.0,139.85,139.85,1018.0,1747387200.0,2025-05-16 14:50:00+05:30
139.99,140.0,139.99,139.99,504.0,1747387500.0,2025-05-16 14:55:00+05:30
139.98,140.0,139.71,139.95,2848.0,1747387800.0,2025-05-16 15:00:00+05:30
139.95,140.16,139.84,139.84,4772.0,1747388100.0,2025-05-16 15:05:00+05:30
139.72,139.97,139.72,139.76,1541.0,1747388400.0,2025-05-16 15:10:00+05:30
139.96,140.08,139.72,140.08,3350.0,1747388700.0,2025-05-16 15:15:00+05:30
140.15,140.53,139.9,140.0,5397.0,1747389000.0,2025-05-16 15:20:00+05:30
140.0,140.5,139.75,140.11,13906.0,1747389300.0,2025-05-16 15:25:00+05:30
140.04,144.0,140.04,142.87,16577.0,1747626300.0,2025-05-19 09:15:00+05:30
142.89,143.3,142.45,143.21,9006.0,1747626600.0,2025-05-19 09:20:00+05:30
142.93,144.8,142.93,144.25,39498.0,1747626900.0,2025-05-19 09:25:00+05:30
144.49,144.77,144.04,144.59,6117.0,1747627200.0,2025-05-19 09:30:00+05:30
144.5,145.5,144.0,144.18,35352.0,1747627500.0,2025-05-19 09:35:00+05:30
144.21,146.85,144.0,146.74,22449.0,1747627800.0,2025-05-19 09:40:00+05:30
146.83,148.29,146.5,147.19,34966.0,1747628100.0,2025-05-19 09:45:00+05:30
147.04,147.74,145.62,146.35,13417.0,1747628400.0,2025-05-19 09:50:00+05:30
146.35,146.55,145.54,145.8,11124.0,1747628700.0,2025-05-19 09:55:00+05:30
145.89,146.0,145.17,145.63,4275.0,1747629000.0,2025-05-19 10:00:00+05:30
145.5,146.09,145.05,145.38,9070.0,1747629300.0,2025-05-19 10:05:00+05:30
145.45,145.88,145.21,145.5,8909.0,1747629600.0,2025-05-19 10:10:00+05:30
145.49,145.71,145.19,145.28,11944.0,1747629900.0,2025-05-19 10:15:00+05:30
145.5,145.5,145.0,145.25,6733.0,1747630200.0,2025-05-19 10:20:00+05:30
145.2,146.06,144.7,146.0,12977.0,1747630500.0,2025-05-19 10:25:00+05:30
146.0,147.0,145.89,146.85,11307.0,1747630800.0,2025-05-19 10:30:00+05:30
146.89,147.27,146.7,146.98,3393.0,1747631100.0,2025-05-19 10:35:00+05:30
147.03,147.09,146.67,146.85,2699.0,1747631400.0,2025-05-19 10:40:00+05:30
147.0,147.7,146.59,147.43,7636.0,1747631700.0,2025-05-19 10:45:00+05:30
147.6,147.6,147.0,147.52,6423.0,1747632000.0,2025-05-19 10:50:00+05:30
147.41,147.69,147.4,147.41,8659.0,1747632300.0,2025-05-19 10:55:00+05:30
147.5,148.0,147.5,147.7,11534.0,1747632600.0,2025-05-19 11:00:00+05:30
147.73,148.0,146.52,147.02,34370.0,1747632900.0,2025-05-19 11:05:00+05:30
146.99,146.99,146.04,146.04,2974.0,1747633200.0,2025-05-19 11:10:00+05:30
146.24,146.39,146.09,146.38,2119.0,1747633500.0,2025-05-19 11:15:00+05:30
146.35,146.61,146.22,146.22,3452.0,1747633800.0,2025-05-19 11:20:00+05:30
146.22,146.46,146.22,146.44,1546.0,1747634100.0,2025-05-19 11:25:00+05:30
146.33,146.48,145.71,145.97,7411.0,1747634400.0,2025-05-19 11:30:00+05:30
146.02,146.49,145.97,146.19,6271.0,1747634700.0,2025-05-19 11:35:00+05:30
146.21,146.5,146.01,146.26,2035.0,1747635000.0,2025-05-19 11:40:00+05:30
146.26,146.26,146.06,146.16,129.0,1747635300.0,2025-05-19 11:45:00+05:30
146.24,146.34,146.05,146.34,6495.0,1747635600.0,2025-05-19 11:50:00+05:30
146.34,146.95,146.34,146.77,1503.0,1747635900.0,2025-05-19 11:55:00+05:30
146.65,147.28,146.5,147.12,6612.0,1747636200.0,2025-05-19 12:00:00+05:30
147.13,147.32,147.0,147.04,2260.0,1747636500.0,2025-05-19 12:05:00+05:30
147.04,147.1,146.82,147.08,406.0,1747636800.0,2025-05-19 12:10:00+05:30
146.99,146.99,146.51,146.62,1122.0,1747637100.0,2025-05-19 12:15:00+05:30
146.73,147.05,146.61,146.83,917.0,1747637400.0,2025-05-19 12:20:00+05:30
146.98,147.25,146.98,147.25,1679.0,1747637700.0,2025-05-19 12:25:00+05:30
147.38,147.38,146.82,146.92,3501.0,1747638000.0,2025-05-19 12:30:00+05:30
147.09,147.09,146.23,146.41,5657.0,1747638300.0,2025-05-19 12:35:00+05:30
146.45,146.62,146.4,146.4,545.0,1747638600.0,2025-05-19 12:40:00+05:30
146.39,146.47,146.31,146.33,1948.0,1747638900.0,2025-05-19 12:45:00+05:30
146.4,146.65,146.33,146.59,512.0,1747639200.0,2025-05-19 12:50:00+05:30
146.44,146.58,146.34,146.34,1225.0,1747639500.0,2025-05-19 12:55:00+05:30
146.47,146.6,146.47,146.58,1496.0,1747639800.0,2025-05-19 13:00:00+05:30
146.58,146.6,146.34,146.59,1784.0,1747640100.0,2025-05-19 13:05:00+05:30
146.59,146.94,146.59,146.94,3017.0,1747640400.0,2025-05-19 13:10:00+05:30
146.95,146.95,146.4,146.69,1799.0,1747640700.0,2025-05-19 13:15:00+05:30
146.39,146.46,146.18,146.18,3265.0,1747641000.0,2025-05-19 13:20:00+05:30
146.37,146.6,146.11,146.33,7220.0,1747641300.0,2025-05-19 13:25:00+05:30
146.47,146.47,146.25,146.43,272.0,1747641600.0,2025-05-19 13:30:00+05:30
146.25,146.25,145.92,145.97,899.0,1747641900.0,2025-05-19 13:35:00+05:30
146.03,146.35,146.0,146.35,366.0,1747642200.0,2025-05-19 13:40:00+05:30
146.22,146.46,145.94,145.94,2120.0,1747642500.0,2025-05-19 13:45:00+05:30
145.84,146.35,145.83,146.2,1291.0,1747642800.0,2025-05-19 13:50:00+05:30
146.09,146.47,146.06,146.3,2236.0,1747643100.0,2025-05-19 13:55:00+05:30
146.3,146.3,145.6,145.67,1956.0,1747643400.0,2025-05-19 14:00:00+05:30
145.76,146.16,145.66,146.16,928.0,1747643700.0,2025-05-19 14:05:00+05:30
145.97,145.97,145.02,145.21,3238.0,1747644000.0,2025-05-19 14:10:00+05:30
145.26,145.95,145.26,145.9,1228.0,1747644300.0,2025-05-19 14:15:00+05:30
145.9,146.0,145.7,145.88,1504.0,1747644600.0,2025-05-19 14:20:00+05:30
145.88,146.09,145.83,145.97,1500.0,1747644900.0,2025-05-19 14:25:00+05:30
145.84,145.94,145.5,145.5,2599.0,1747645200.0,2025-05-19 14:30:00+05:30
145.5,145.59,145.17,145.22,3695.0,1747645500.0,2025-05-19 14:35:00+05:30
145.2,145.58,145.0,145.58,3922.0,1747645800.0,2025-05-19 14:40:00+05:30
145.9,145.9,145.35,145.35,1075.0,1747646100.0,2025-05-19 14:45:00+05:30
145.31,145.51,145.21,145.44,370.0,1747646400.0,2025-05-19 14:50:00+05:30
145.53,146.39,145.45,146.2,11963.0,1747646700.0,2025-05-19 14:55:00+05:30
146.26,146.27,145.4,145.54,10701.0,1747647000.0,2025-05-19 15:00:00+05:30
145.41,146.0,145.41,145.87,4623.0,1747647300.0,2025-05-19 15:05:00+05:30
145.8,145.83,145.3,145.49,4171.0,1747647600.0,2025-05-19 15:10:00+05:30
145.52,145.74,145.42,145.44,3194.0,1747647900.0,2025-05-19 15:15:00+05:30
145.44,145.45,145.03,145.36,8494.0,1747648200.0,2025-05-19 15:20:00+05:30
145.23,146.2,145.2,145.95,8078.0,1747648500.0,2025-05-19 15:25:00+05:30
146.28,148.29,144.15,144.43,16577.0,1747712700.0,2025-05-20 09:15:00+05:30
144.5,145.76,144.13,145.2,9026.0,1747713000.0,2025-05-20 09:20:00+05:30
145.37,145.5,145.05,145.33,3441.0,1747713300.0,2025-05-20 09:25:00+05:30
145.19,145.39,144.25,145.39,8264.0,1747713600.0,2025-05-20 09:30:00+05:30
145.39,146.27,145.26,146.0,8896.0,1747713900.0,2025-05-20 09:35:00+05:30
145.98,146.69,145.79,146.31,4447.0,1747714200.0,2025-05-20 09:40:00+05:30
146.11,146.33,145.21,145.67,12657.0,1747714500.0,2025-05-20 09:45:00+05:30
145.21,146.0,145.21,146.0,3924.0,1747714800.0,2025-05-20 09:50:00+05:30
146.0,146.45,145.99,146.45,782.0,1747715100.0,2025-05-20 09:55:00+05:30
146.43,146.54,145.23,145.43,3846.0,1747715400.0,2025-05-20 10:00:00+05:30
145.64,145.88,145.64,145.82,469.0,1747715700.0,2025-05-20 10:05:00+05:30
145.64,146.19,145.6,146.19,648.0,1747716000.0,2025-05-20 10:10:00+05:30
146.19,146.39,145.41,145.54,824.0,1747716300.0,2025-05-20 10:15:00+05:30
145.74,145.81,145.4,145.81,708.0,1747716600.0,2025-05-20 10:20:00+05:30
145.81,145.93,145.75,145.91,509.0,1747716900.0,2025-05-20 10:25:00+05:30
145.81,145.81,145.27,145.27,1583.0,1747717200.0,2025-05-20 10:30:00+05:30
145.41,145.71,145.41,145.71,330.0,1747717500.0,2025-05-20 10:35:00+05:30
145.7,145.71,145.31,145.31,782.0,1747717800.0,2025-05-20 10:40:00+05:30
145.42,145.79,145.42,145.65,219.0,1747718100.0,2025-05-20 10:45:00+05:30
145.54,145.63,145.52,145.63,219.0,1747718400.0,2025-05-20 10:50:00+05:30
145.6,145.99,145.6,145.79,1668.0,1747718700.0,2025-05-20 10:55:00+05:30
145.71,146.0,145.67,145.95,4966.0,1747719000.0,2025-05-20 11:00:00+05:30
145.78,146.58,145.78,146.14,6112.0,1747719300.0,2025-05-20 11:05:00+05:30
146.4,146.4,146.3,146.38,1137.0,1747719600.0,2025-05-20 11:10:00+05:30
146.38,146.38,145.94,145.94,3498.0,1747719900.0,2025-05-20 11:15:00+05:30
145.87,145.87,145.35,145.57,974.0,1747720200.0,2025-05-20 11:20:00+05:30
145.57,145.83,145.46,145.46,1518.0,1747720500.0,2025-05-20 11:25:00+05:30
145.71,145.9,145.56,145.59,2592.0,1747720800.0,2025-05-20 11:30:00+05:30
145.59,145.89,145.53,145.53,1361.0,1747721100.0,2025-05-20 11:35:00+05:30
145.53,145.53,145.46,145.47,17.0,1747721400.0,2025-05-20 11:40:00+05:30
145.66,145.73,145.45,145.45,601.0,1747721700.0,2025-05-20 11:45:00+05:30
145.45,145.45,145.0,145.0,1361.0,1747722000.0,2025-05-20 11:50:00+05:30
145.0,145.04,144.4,144.57,4039.0,1747722300.0,2025-05-20 11:55:00+05:30
144.69,144.82,144.69,144.69,924.0,1747722600.0,2025-05-20 12:00:00+05:30
144.69,144.69,144.55,144.55,30.0,1747722900.0,2025-05-20 12:05:00+05:30
144.49,144.73,144.45,144.6,504.0,1747723200.0,2025-05-20 12:10:00+05:30
144.65,144.72,144.48,144.59,1327.0,1747723500.0,2025-05-20 12:15:00+05:30
144.6,144.6,144.21,144.36,1701.0,1747723800.0,2025-05-20 12:20:00+05:30
144.36,144.52,144.36,144.48,137.0,1747724100.0,2025-05-20 12:25:00+05:30
144.33,144.5,144.3,144.39,126.0,1747724400.0,2025-05-20 12:30:00+05:30
144.43,144.43,144.0,144.05,3884.0,1747724700.0,2025-05-20 12:35:00+05:30
144.05,144.18,144.0,144.18,294.0,1747725000.0,2025-05-20 12:40:00+05:30
144.18,144.18,144.0,144.08,5005.0,1747725300.0,2025-05-20 12:45:00+05:30
144.1,144.1,144.0,144.0,1585.0,1747725600.0,2025-05-20 12:50:00+05:30
144.0,144.0,143.5,143.5,1517.0,1747725900.0,2025-05-20 12:55:00+05:30
143.35,143.35,143.11,143.29,2002.0,1747726200.0,2025-05-20 13:00:00+05:30
143.17,143.3,143.17,143.3,321.0,1747726500.0,2025-05-20 13:05:00+05:30
143.3,143.65,143.3,143.65,448.0,1747726800.0,2025-05-20 13:10:00+05:30
143.57,143.57,143.3,143.38,2060.0,1747727100.0,2025-05-20 13:15:00+05:30
143.43,143.43,142.72,142.91,2829.0,1747727400.0,2025-05-20 13:20:00+05:30
142.91,143.12,142.91,143.09,53.0,1747727700.0,2025-05-20 13:25:00+05:30
143.12,143.26,143.08,143.26,236.0,1747728000.0,2025-05-20 13:30:00+05:30
143.0,143.16,143.0,143.16,1125.0,1747728300.0,2025-05-20 13:35:00+05:30
143.0,143.02,142.55,142.55,2117.0,1747728600.0,2025-05-20 13:40:00+05:30
142.55,142.95,142.55,142.95,1300.0,1747728900.0,2025-05-20 13:45:00+05:30
142.95,143.19,142.95,143.07,869.0,1747729200.0,2025-05-20 13:50:00+05:30
143.06,143.06,142.82,143.01,391.0,1747729500.0,2025-05-20 13:55:00+05:30
143.01,143.02,142.7,142.7,349.0,1747729800.0,2025-05-20 14:00:00+05:30
142.7,142.73,142.2,142.31,786.0,1747730100.0,2025-05-20 14:05:00+05:30
142.44,142.44,142.11,142.11,495.0,1747730400.0,2025-05-20 14:10:00+05:30
142.11,142.31,142.01,142.09,1653.0,1747730700.0,2025-05-20 14:15:00+05:30
142.13,142.13,141.5,142.1,3441.0,1747731000.0,2025-05-20 14:20:00+05:30
141.9,142.29,141.67,141.86,2073.0,1747731300.0,2025-05-20 14:25:00+05:30
141.9,141.9,141.0,141.7,10113.0,1747731600.0,2025-05-20 14:30:00+05:30
141.62,141.7,141.29,141.7,1704.0,1747731900.0,2025-05-20 14:35:00+05:30
141.92,141.92,141.2,141.22,7849.0,1747732200.0,2025-05-20 14:40:00+05:30
141.22,141.84,141.21,141.52,1303.0,1747732500.0,2025-05-20 14:45:00+05:30
141.67,142.05,141.47,141.54,1013.0,1747732800.0,2025-05-20 14:50:00+05:30
141.57,141.57,141.0,141.55,4711.0,1747733100.0,2025-05-20 14:55:00+05:30
141.55,141.93,141.49,141.52,1040.0,1747733400.0,2025-05-20 15:00:00+05:30
141.5,141.53,141.29,141.53,2009.0,1747733700.0,2025-05-20 15:05:00+05:30
141.85,141.97,141.46,141.83,2268.0,1747734000.0,2025-05-20 15:10:00+05:30
141.83,141.88,141.29,141.63,6205.0,1747734300.0,2025-05-20 15:15:00+05:30
141.65,143.0,141.29,141.71,9207.0,1747734600.0,2025-05-20 15:20:00+05:30
141.5,142.99,141.11,141.11,6713.0,1747734900.0,2025-05-20 15:25:00+05:30
138.01,140.99,138.01,140.4,9421.0,1747799100.0,2025-05-21 09:15:00+05:30
140.48,141.22,140.2,140.5,4841.0,1747799400.0,2025-05-21 09:20:00+05:30
140.57,140.95,140.12,140.4,5826.0,1747799700.0,2025-05-21 09:25:00+05:30
140.49,140.93,140.4,140.71,6516.0,1747800000.0,2025-05-21 09:30:00+05:30
140.74,141.9,140.52,141.53,11987.0,1747800300.0,2025-05-21 09:35:00+05:30
141.89,143.3,141.73,143.27,6718.0,1747800600.0,2025-05-21 09:40:00+05:30
143.92,144.36,143.62,143.75,14009.0,1747800900.0,2025-05-21 09:45:00+05:30
143.93,144.18,143.79,144.0,1023.0,1747801200.0,2025-05-21 09:50:00+05:30
143.9,144.17,143.51,143.99,8043.0,1747801500.0,2025-05-21 09:55:00+05:30
144.02,144.8,143.83,144.53,2412.0,1747801800.0,2025-05-21 10:00:00+05:30
144.31,144.31,143.2,143.2,8449.0,1747802100.0,2025-05-21 10:05:00+05:30
143.06,143.5,143.01,143.45,1566.0,1747802400.0,2025-05-21 10:10:00+05:30
143.39,143.72,143.08,143.72,2350.0,1747802700.0,2025-05-21 10:15:00+05:30
143.72,143.81,143.51,143.76,1630.0,1747803000.0,2025-05-21 10:20:00+05:30
143.71,143.71,143.51,143.63,1015.0,1747803300.0,2025-05-21 10:25:00+05:30
143.51,143.86,143.31,143.58,2145.0,1747803600.0,2025-05-21 10:30:00+05:30
143.56,143.62,143.21,143.38,471.0,1747803900.0,2025-05-21 10:35:00+05:30
143.36,143.5,143.08,143.08,903.0,1747804200.0,2025-05-21 10:40:00+05:30
143.2,143.41,143.2,143.36,472.0,1747804500.0,2025-05-21 10:45:00+05:30
143.4,143.4,143.23,143.25,352.0,1747804800.0,2025-05-21 10:50:00+05:30
143.25,143.25,143.0,143.1,126.0,1747805100.0,2025-05-21 10:55:00+05:30
143.1,143.28,142.67,142.73,1879.0,1747805400.0,2025-05-21 11:00:00+05:30
142.96,143.12,142.33,142.98,596.0,1747805700.0,2025-05-21 11:05:00+05:30
142.98,143.74,142.98,143.21,1377.0,1747806000.0,2025-05-21 11:10:00+05:30
143.21,143.59,143.21,143.59,1016.0,1747806300.0,2025-05-21 11:15:00+05:30
143.21,143.37,142.69,142.69,3199.0,1747806600.0,2025-05-21 11:20:00+05:30
142.91,143.02,142.91,143.02,158.0,1747806900.0,2025-05-21 11:25:00+05:30
143.02,143.02,142.59,142.59,128.0,1747807200.0,2025-05-21 11:30:00+05:30
142.82,143.13,142.52,143.13,832.0,1747807500.0,2025-05-21 11:35:00+05:30
143.02,143.49,142.96,143.2,1904.0,1747807800.0,2025-05-21 11:40:00+05:30
143.07,143.12,142.81,142.81,39.0,1747808100.0,2025-05-21 11:45:00+05:30
142.81,143.43,142.81,143.32,1356.0,1747808400.0,2025-05-21 11:50:00+05:30
143.18,143.18,143.05,143.17,46.0,1747808700.0,2025-05-21 11:55:00+05:30
143.2,143.7,142.85,142.85,3499.0,1747809000.0,2025-05-21 12:00:00+05:30
142.92,143.02,142.71,143.02,1778.0,1747809300.0,2025-05-21 12:05:00+05:30
143.0,143.04,142.56,142.68,963.0,1747809600.0,2025-05-21 12:10:00+05:30
142.05,142.55,142.01,142.38,3745.0,1747809900.0,2025-05-21 12:15:00+05:30
142.43,142.97,142.33,142.69,4875.0,1747810200.0,2025-05-21 12:20:00+05:30
142.69,142.69,142.31,142.68,674.0,1747810500.0,2025-05-21 12:25:00+05:30
142.48,142.62,142.43,142.45,244.0,1747810800.0,2025-05-21 12:30:00+05:30
142.45,142.53,142.45,142.45,118.0,1747811100.0,2025-05-21 12:35:00+05:30
142.57,142.66,142.21,142.59,1319.0,1747811400.0,2025-05-21 12:40:00+05:30
142.59,142.7,142.48,142.7,46.0,1747811700.0,2025-05-21 12:45:00+05:30
142.72,142.72,142.54,142.54,64.0,1747812000.0,2025-05-21 12:50:00+05:30
142.5,142.89,142.31,142.89,1822.0,1747812300.0,2025-05-21 12:55:00+05:30
142.6,142.94,142.6,142.94,13.0,1747812600.0,2025-05-21 13:00:00+05:30
142.8,142.8,142.65,142.65,36.0,1747812900.0,2025-05-21 13:05:00+05:30
142.65,143.07,142.65,143.07,476.0,1747813200.0,2025-05-21 13:10:00+05:30
143.07,143.07,142.79,142.79,9.0,1747813500.0,2025-05-21 13:15:00+05:30
142.79,142.79,142.79,142.79,21.0,1747813800.0,2025-05-21 13:20:00+05:30
142.79,143.0,142.6,142.6,381.0,1747814100.0,2025-05-21 13:25:00+05:30
142.64,144.9,142.64,143.22,16093.0,1747814400.0,2025-05-21 13:30:00+05:30
143.22,143.32,142.93,143.15,353.0,1747814700.0,2025-05-21 13:35:00+05:30
143.15,143.15,143.12,143.12,50.0,1747815000.0,2025-05-21 13:40:00+05:30
143.13,145.0,143.13,144.6,4628.0,1747815300.0,2025-05-21 13:45:00+05:30
144.46,144.46,143.7,143.7,1070.0,1747815600.0,2025-05-21 13:50:00+05:30
143.82,143.82,143.3,143.3,274.0,1747815900.0,2025-05-21 13:55:00+05:30
143.5,143.59,142.99,143.41,1409.0,1747816200.0,2025-05-21 14:00:00+05:30
143.16,143.19,142.84,142.84,522.0,1747816500.0,2025-05-21 14:05:00+05:30
142.84,142.96,142.81,142.9,1122.0,1747816800.0,2025-05-21 14:10:00+05:30
142.9,142.9,142.74,142.79,530.0,1747817100.0,2025-05-21 14:15:00+05:30
142.79,143.02,142.7,142.71,249.0,1747817400.0,2025-05-21 14:20:00+05:30
143.03,143.03,142.7,142.85,1398.0,1747817700.0,2025-05-21 14:25:00+05:30
142.82,143.13,142.71,142.85,4507.0,1747818000.0,2025-05-21 14:30:00+05:30
142.8,143.24,142.71,142.71,1238.0,1747818300.0,2025-05-21 14:35:00+05:30
142.79,142.98,142.6,142.6,1750.0,1747818600.0,2025-05-21 14:40:00+05:30
142.65,142.86,142.65,142.8,2458.0,1747818900.0,2025-05-21 14:45:00+05:30
142.79,142.93,142.71,142.71,4329.0,1747819200.0,2025-05-21 14:50:00+05:30
142.71,142.75,142.65,142.69,666.0,1747819500.0,2025-05-21 14:55:00+05:30
142.7,142.84,142.45,142.75,4504.0,1747819800.0,2025-05-21 15:00:00+05:30
142.82,142.85,142.76,142.76,1107.0,1747820100.0,2025-05-21 15:05:00+05:30
142.76,143.0,142.76,143.0,7049.0,1747820400.0,2025-05-21 15:10:00+05:30
143.13,144.39,143.13,144.26,4900.0,1747820700.0,2025-05-21 15:15:00+05:30
144.26,144.52,143.88,144.04,10092.0,1747821000.0,2025-05-21 15:20:00+05:30
144.06,144.6,143.57,144.6,2256.0,1747821300.0,2025-05-21 15:25:00+05:30
144.28,145.19,143.6,144.08,6639.0,1747885500.0,2025-05-22 09:15:00+05:30
144.17,144.22,143.12,143.38,2432.0,1747885800.0,2025-05-22 09:20:00+05:30
143.39,144.0,143.1,143.98,3237.0,1747886100.0,2025-05-22 09:25:00+05:30
143.84,144.03,143.49,143.92,2129.0,1747886400.0,2025-05-22 09:30:00+05:30
143.89,143.89,143.42,143.42,513.0,1747886700.0,2025-05-22 09:35:00+05:30
143.42,144.12,143.22,144.07,4633.0,1747887000.0,2025-05-22 09:40:00+05:30
144.03,144.46,143.76,144.46,3488.0,1747887300.0,2025-05-22 09:45:00+05:30
144.14,144.75,144.14,144.7,2004.0,1747887600.0,2025-05-22 09:50:00+05:30
144.6,144.92,144.5,144.63,1724.0,1747887900.0,2025-05-22 09:55:00+05:30
144.77,145.15,144.5,145.0,2343.0,1747888200.0,2025-05-22 10:00:00+05:30
145.29,145.43,144.0,144.34,18937.0,1747888500.0,2025-05-22 10:05:00+05:30
144.34,144.63,144.1,144.41,5325.0,1747888800.0,2025-05-22 10:10:00+05:30
144.41,145.45,144.41,145.37,12539.0,1747889100.0,2025-05-22 10:15:00+05:30
145.37,145.7,145.16,145.7,771.0,1747889400.0,2025-05-22 10:20:00+05:30
145.75,146.18,145.47,145.88,3706.0,1747889700.0,2025-05-22 10:25:00+05:30
145.97,146.2,145.65,145.65,3300.0,1747890000.0,2025-05-22 10:30:00+05:30
145.64,146.18,145.64,146.18,3217.0,1747890300.0,2025-05-22 10:35:00+05:30
146.18,146.34,145.71,145.71,1753.0,1747890600.0,2025-05-22 10:40:00+05:30
145.63,145.94,145.41,145.41,3452.0,1747890900.0,2025-05-22 10:45:00+05:30
145.35,145.9,145.35,145.76,298.0,1747891200.0,2025-05-22 10:50:00+05:30
145.51,145.84,145.51,145.8,298.0,1747891500.0,2025-05-22 10:55:00+05:30
145.49,145.49,144.81,144.81,3291.0,1747891800.0,2025-05-22 11:00:00+05:30
144.81,145.18,144.81,145.18,2344.0,1747892100.0,2025-05-22 11:05:00+05:30
145.1,145.23,145.1,145.2,120.0,1747892400.0,2025-05-22 11:10:00+05:30
145.2,145.22,144.93,144.93,207.0,1747892700.0,2025-05-22 11:15:00+05:30
144.93,145.07,144.5,144.57,8250.0,1747893000.0,2025-05-22 11:20:00+05:30
144.73,145.02,144.73,145.02,410.0,1747893300.0,2025-05-22 11:25:00+05:30
144.82,145.02,144.66,144.66,502.0,1747893600.0,2025-05-22 11:30:00+05:30
144.79,144.79,144.13,144.43,655.0,1747893900.0,2025-05-22 11:35:00+05:30
144.23,144.45,144.1,144.45,414.0,1747894200.0,2025-05-22 11:40:00+05:30
144.08,144.22,143.55,143.55,3356.0,1747894500.0,2025-05-22 11:45:00+05:30
143.76,143.84,143.53,143.63,301.0,1747894800.0,2025-05-22 11:50:00+05:30
143.63,143.7,143.53,143.54,938.0,1747895100.0,2025-05-22 11:55:00+05:30
143.68,143.8,143.68,143.75,1526.0,1747895400.0,2025-05-22 12:00:00+05:30
143.75,143.8,143.6,143.8,360.0,1747895700.0,2025-05-22 12:05:00+05:30
143.8,143.8,143.59,143.74,803.0,1747896000.0,2025-05-22 12:10:00+05:30
143.77,143.87,143.72,143.72,225.0,1747896300.0,2025-05-22 12:15:00+05:30
143.73,143.88,143.54,143.6,1718.0,1747896600.0,2025-05-22 12:20:00+05:30
143.6,143.85,143.6,143.84,223.0,1747896900.0,2025-05-22 12:25:00+05:30
143.67,143.88,143.66,143.75,201.0,1747897200.0,2025-05-22 12:30:00+05:30
143.75,143.87,143.52,143.52,2168.0,1747897500.0,2025-05-22 12:35:00+05:30
143.52,143.52,143.52,143.52,24.0,1747897800.0,2025-05-22 12:40:00+05:30
143.69,143.83,143.0,143.06,5660.0,1747898100.0,2025-05-22 12:45:00+05:30
143.11,143.28,143.11,143.28,7.0,1747898400.0,2025-05-22 12:50:00+05:30
143.28,143.28,142.6,142.81,1807.0,1747898700.0,2025-05-22 12:55:00+05:30
142.8,142.83,142.26,142.77,2940.0,1747899000.0,2025-05-22 13:00:00+05:30
142.77,142.77,142.77,142.77,271.0,1747899300.0,2025-05-22 13:05:00+05:30
142.85,143.08,142.35,142.97,4927.0,1747899600.0,2025-05-22 13:10:00+05:30
142.97,142.97,142.63,142.67,308.0,1747899900.0,2025-05-22 13:15:00+05:30
142.82,142.94,142.67,142.93,432.0,1747900200.0,2025-05-22 13:20:00+05:30
142.93,142.93,142.71,142.74,239.0,1747900500.0,2025-05-22 13:25:00+05:30
142.91,143.06,142.91,143.04,258.0,1747900800.0,2025-05-22 13:30:00+05:30
143.04,143.37,143.03,143.37,644.0,1747901100.0,2025-05-22 13:35:00+05:30
143.24,143.24,142.95,142.95,327.0,1747901400.0,2025-05-22 13:40:00+05:30
143.11,143.12,142.72,142.74,1176.0,1747901700.0,2025-05-22 13:45:00+05:30
142.67,142.75,142.61,142.72,163.0,1747902000.0,2025-05-22 13:50:00+05:30
142.72,142.91,142.72,142.8,23.0,1747902300.0,2025-05-22 13:55:00+05:30
142.93,143.01,142.4,142.57,2264.0,1747902600.0,2025-05-22 14:00:00+05:30
142.57,142.61,142.3,142.61,1030.0,1747902900.0,2025-05-22 14:05:00+05:30
142.61,142.62,142.4,142.59,236.0,1747903200.0,2025-05-22 14:10:00+05:30
142.58,142.65,142.0,142.0,2200.0,1747903500.0,2025-05-22 14:15:00+05:30
142.04,142.08,141.51,141.99,4006.0,1747903800.0,2025-05-22 14:20:00+05:30
141.7,141.91,141.7,141.91,1058.0,1747904100.0,2025-05-22 14:25:00+05:30
141.89,141.89,141.7,141.85,91.0,1747904400.0,2025-05-22 14:30:00+05:30
141.85,141.97,141.37,141.97,2046.0,1747904700.0,2025-05-22 14:35:00+05:30
141.97,142.25,141.97,142.12,889.0,1747905000.0,2025-05-22 14:40:00+05:30
142.12,142.22,141.75,142.22,486.0,1747905300.0,2025-05-22 14:45:00+05:30
142.22,142.51,142.12,142.51,469.0,1747905600.0,2025-05-22 14:50:00+05:30
142.5,143.0,142.31,143.0,1875.0,1747905900.0,2025-05-22 14:55:00+05:30
143.04,143.84,143.0,143.55,3394.0,1747906200.0,2025-05-22 15:00:00+05:30
143.55,144.5,143.55,144.5,4980.0,1747906500.0,2025-05-22 15:05:00+05:30
144.22,144.29,143.94,144.0,3316.0,1747906800.0,2025-05-22 15:10:00+05:30
144.0,144.0,143.71,144.0,3226.0,1747907100.0,2025-05-22 15:15:00+05:30
144.07,144.5,144.03,144.29,4329.0,1747907400.0,2025-05-22 15:20:00+05:30
144.46,144.5,142.11,143.8,5631.0,1747907700.0,2025-05-22 15:25:00+05:30
143.99,145.19,141.77,142.18,8900.0,1747971900.0,2025-05-23 09:15:00+05:30
142.06,143.73,142.06,143.73,3612.0,1747972200.0,2025-05-23 09:20:00+05:30
143.73,143.78,143.43,143.43,2657.0,1747972500.0,2025-05-23 09:25:00+05:30
143.44,143.79,143.44,143.59,819.0,1747972800.0,2025-05-23 09:30:00+05:30
143.59,143.89,143.36,143.71,2299.0,1747973100.0,2025-05-23 09:35:00+05:30
143.49,144.7,143.49,144.4,3581.0,1747973400.0,2025-05-23 09:40:00+05:30
144.26,144.36,144.15,144.35,183.0,1747973700.0,2025-05-23 09:45:00+05:30
144.19,144.66,144.19,144.42,854.0,1747974000.0,2025-05-23 09:50:00+05:30
144.42,144.43,144.11,144.43,1191.0,1747974300.0,2025-05-23 09:55:00+05:30
144.43,144.56,144.15,144.25,1464.0,1747974600.0,2025-05-23 10:00:00+05:30
144.25,144.54,143.93,143.93,761.0,1747974900.0,2025-05-23 10:05:00+05:30
144.1,144.49,144.02,144.35,3118.0,1747975200.0,2025-05-23 10:10:00+05:30
144.5,144.86,144.4,144.4,3306.0,1747975500.0,2025-05-23 10:15:00+05:30
146.04,146.77,144.92,146.69,26458.0,1747975800.0,2025-05-23 10:20:00+05:30
146.37,146.8,146.22,146.36,9515.0,1747976100.0,2025-05-23 10:25:00+05:30
146.36,146.7,146.1,146.12,5107.0,1747976400.0,2025-05-23 10:30:00+05:30
146.12,146.43,146.06,146.28,3462.0,1747976700.0,2025-05-23 10:35:00+05:30
146.09,146.37,146.01,146.01,1717.0,1747977000.0,2025-05-23 10:40:00+05:30
146.0,146.14,145.6,145.73,4937.0,1747977300.0,2025-05-23 10:45:00+05:30
145.72,146.42,145.68,146.1,5683.0,1747977600.0,2025-05-23 10:50:00+05:30
146.11,146.34,146.11,146.16,652.0,1747977900.0,2025-05-23 10:55:00+05:30
145.97,146.22,145.97,146.15,557.0,1747978200.0,2025-05-23 11:00:00+05:30
146.2,146.2,145.75,145.99,2424.0,1747978500.0,2025-05-23 11:05:00+05:30
146.0,146.0,145.71,146.0,3008.0,1747978800.0,2025-05-23 11:10:00+05:30
146.0,146.04,145.7,145.87,2441.0,1747979100.0,2025-05-23 11:15:00+05:30
145.57,145.85,145.5,145.69,1298.0,1747979400.0,2025-05-23 11:20:00+05:30
145.69,146.1,145.43,146.1,672.0,1747979700.0,2025-05-23 11:25:00+05:30
146.1,146.5,146.1,146.43,2623.0,1747980000.0,2025-05-23 11:30:00+05:30
146.43,146.43,146.12,146.13,294.0,1747980300.0,2025-05-23 11:35:00+05:30
146.31,146.31,145.65,145.73,2773.0,1747980600.0,2025-05-23 11:40:00+05:30
146.03,146.03,145.8,145.83,346.0,1747980900.0,2025-05-23 11:45:00+05:30
145.66,145.77,145.45,145.77,944.0,1747981200.0,2025-05-23 11:50:00+05:30
145.83,146.08,145.79,146.0,1482.0,1747981500.0,2025-05-23 11:55:00+05:30
146.0,146.01,145.7,145.87,886.0,1747981800.0,2025-05-23 12:00:00+05:30
145.87,145.97,145.75,145.97,387.0,1747982100.0,2025-05-23 12:05:00+05:30
145.97,145.97,145.86,145.97,15.0,1747982400.0,2025-05-23 12:10:00+05:30
146.02,146.04,145.88,146.04,47.0,1747982700.0,2025-05-23 12:15:00+05:30
146.04,146.06,145.97,145.98,473.0,1747983000.0,2025-05-23 12:20:00+05:30
145.8,145.99,145.8,145.99,181.0,1747983300.0,2025-05-23 12:25:00+05:30
145.99,145.99,145.81,145.81,14.0,1747983600.0,2025-05-23 12:30:00+05:30
145.81,145.97,145.73,145.73,790.0,1747983900.0,2025-05-23 12:35:00+05:30
145.9,145.9,145.81,145.81,208.0,1747984200.0,2025-05-23 12:40:00+05:30
146.4,146.68,146.4,146.66,2069.0,1747984500.0,2025-05-23 12:45:00+05:30
146.51,147.5,146.51,147.38,16932.0,1747984800.0,2025-05-23 12:50:00+05:30
147.38,147.43,146.9,147.43,10770.0,1747985100.0,2025-05-23 12:55:00+05:30
147.43,147.43,146.96,147.25,1591.0,1747985400.0,2025-05-23 13:00:00+05:30
147.26,147.4,147.15,147.4,2540.0,1747985700.0,2025-05-23 13:05:00+05:30
147.15,147.17,146.71,147.0,2845.0,1747986000.0,2025-05-23 13:10:00+05:30
146.92,146.92,146.54,146.81,3787.0,1747986300.0,2025-05-23 13:15:00+05:30
146.8,147.14,146.8,147.14,587.0,1747986600.0,2025-05-23 13:20:00+05:30
147.23,147.23,146.71,146.71,1409.0,1747986900.0,2025-05-23 13:25:00+05:30
146.71,147.33,146.71,147.33,2712.0,1747987200.0,2025-05-23 13:30:00+05:30
147.43,147.45,147.05,147.05,2856.0,1747987500.0,2025-05-23 13:35:00+05:30
147.14,147.45,147.06,147.13,1453.0,1747987800.0,2025-05-23 13:40:00+05:30
147.13,147.39,146.7,147.08,3430.0,1747988100.0,2025-05-23 13:45:00+05:30
147.24,147.72,147.13,147.23,6899.0,1747988400.0,2025-05-23 13:50:00+05:30
147.23,147.23,147.2,147.2,434.0,1747988700.0,2025-05-23 13:55:00+05:30
147.2,147.31,147.0,147.25,479.0,1747989000.0,2025-05-23 14:00:00+05:30
147.2,147.5,147.08,147.36,1712.0,1747989300.0,2025-05-23 14:05:00+05:30
147.35,147.55,147.2,147.31,1067.0,1747989600.0,2025-05-23 14:10:00+05:30
147.3,147.49,147.04,147.06,2050.0,1747989900.0,2025-05-23 14:15:00+05:30
147.06,147.35,146.85,146.85,2314.0,1747990200.0,2025-05-23 14:20:00+05:30
147.0,147.21,147.0,147.2,3913.0,1747990500.0,2025-05-23 14:25:00+05:30
147.25,147.25,147.01,147.2,1152.0,1747990800.0,2025-05-23 14:30:00+05:30
147.04,147.04,146.77,146.77,1620.0,1747991100.0,2025-05-23 14:35:00+05:30
146.5,146.76,146.19,146.41,3612.0,1747991400.0,2025-05-23 14:40:00+05:30
146.41,146.54,146.39,146.5,1102.0,1747991700.0,2025-05-23 14:45:00+05:30
146.56,146.67,145.94,145.94,6800.0,1747992000.0,2025-05-23 14:50:00+05:30
145.92,146.3,145.92,146.29,1559.0,1747992300.0,2025-05-23 14:55:00+05:30
146.29,146.34,146.12,146.28,416.0,1747992600.0,2025-05-23 15:00:00+05:30
146.34,146.58,146.23,146.31,1879.0,1747992900.0,2025-05-23 15:05:00+05:30
146.34,146.34,146.15,146.15,2895.0,1747993200.0,2025-05-23 15:10:00+05:30
146.19,146.57,146.05,146.36,3932.0,1747993500.0,2025-05-23 15:15:00+05:30
146.36,146.57,146.17,146.34,4676.0,1747993800.0,2025-05-23 15:20:00+05:30
146.51,146.76,146.05,146.7,5045.0,1747994100.0,2025-05-23 15:25:00+05:30
146.3,146.73,144.61,146.73,8576.0,1748231100.0,2025-05-26 09:15:00+05:30
146.5,147.54,146.01,146.3,13490.0,1748231400.0,2025-05-26 09:20:00+05:30
146.2,146.5,146.05,146.29,4142.0,1748231700.0,2025-05-26 09:25:00+05:30
146.05,146.26,145.59,145.89,15170.0,1748232000.0,2025-05-26 09:30:00+05:30
145.66,146.0,145.58,145.87,5127.0,1748232300.0,2025-05-26 09:35:00+05:30
146.0,146.0,145.61,145.78,7360.0,1748232600.0,2025-05-26 09:40:00+05:30
145.78,145.78,145.12,145.12,10754.0,1748232900.0,2025-05-26 09:45:00+05:30
145.12,145.41,145.05,145.37,2788.0,1748233200.0,2025-05-26 09:50:00+05:30
145.54,145.59,145.0,145.05,8381.0,1748233500.0,2025-05-26 09:55:00+05:30
145.05,145.31,145.0,145.06,3751.0,1748233800.0,2025-05-26 10:00:00+05:30
145.06,145.57,145.05,145.54,2665.0,1748234100.0,2025-05-26 10:05:00+05:30
145.22,145.5,145.06,145.21,2207.0,1748234400.0,2025-05-26 10:10:00+05:30
145.21,145.49,145.05,145.31,2913.0,1748234700.0,2025-05-26 10:15:00+05:30
145.11,145.12,145.05,145.06,1272.0,1748235000.0,2025-05-26 10:20:00+05:30
145.06,145.25,144.99,145.21,6402.0,1748235300.0,2025-05-26 10:25:00+05:30
145.0,145.59,145.0,145.24,3692.0,1748235600.0,2025-05-26 10:30:00+05:30
145.02,145.24,145.0,145.0,1554.0,1748235900.0,2025-05-26 10:35:00+05:30
145.0,145.48,145.0,145.25,1823.0,1748236200.0,2025-05-26 10:40:00+05:30
144.99,145.02,144.75,144.8,5842.0,1748236500.0,2025-05-26 10:45:00+05:30
144.8,145.14,144.8,144.97,1599.0,1748236800.0,2025-05-26 10:50:00+05:30
144.8,145.03,144.8,144.97,1432.0,1748237100.0,2025-05-26 10:55:00+05:30
144.8,145.05,144.68,144.68,3194.0,1748237400.0,2025-05-26 11:00:00+05:30
144.56,144.75,144.5,144.57,1321.0,1748237700.0,2025-05-26 11:05:00+05:30
144.57,144.69,144.36,144.36,1158.0,1748238000.0,2025-05-26 11:10:00+05:30
144.3,144.49,144.06,144.3,1570.0,1748238300.0,2025-05-26 11:15:00+05:30
144.4,145.18,144.01,144.26,5887.0,1748238600.0,2025-05-26 11:20:00+05:30
144.01,144.01,143.5,143.75,3258.0,1748238900.0,2025-05-26 11:25:00+05:30
143.56,143.78,143.51,143.51,1249.0,1748239200.0,2025-05-26 11:30:00+05:30
143.51,143.73,143.5,143.5,1521.0,1748239500.0,2025-05-26 11:35:00+05:30
143.5,143.5,143.11,143.11,2262.0,1748239800.0,2025-05-26 11:40:00+05:30
143.11,143.44,143.11,143.22,1956.0,1748240100.0,2025-05-26 11:45:00+05:30
143.22,143.33,143.0,143.0,2334.0,1748240400.0,2025-05-26 11:50:00+05:30
143.0,143.08,142.5,142.61,3244.0,1748240700.0,2025-05-26 11:55:00+05:30
142.61,143.32,142.61,143.32,2994.0,1748241000.0,2025-05-26 12:00:00+05:30
143.33,143.87,143.32,143.55,4010.0,1748241300.0,2025-05-26 12:05:00+05:30
143.55,143.55,143.09,143.33,1620.0,1748241600.0,2025-05-26 12:10:00+05:30
143.12,143.33,143.11,143.33,1480.0,1748241900.0,2025-05-26 12:15:00+05:30
143.11,143.39,143.09,143.24,1522.0,1748242200.0,2025-05-26 12:20:00+05:30
143.06,143.45,143.06,143.37,1400.0,1748242500.0,2025-05-26 12:25:00+05:30
143.37,143.61,143.3,143.3,2124.0,1748242800.0,2025-05-26 12:30:00+05:30
143.3,144.74,143.3,144.41,5724.0,1748243100.0,2025-05-26 12:35:00+05:30
144.14,144.39,143.8,143.95,5194.0,1748243400.0,2025-05-26 12:40:00+05:30
143.88,144.09,143.64,143.8,1643.0,1748243700.0,2025-05-26 12:45:00+05:30
143.8,143.89,143.5,143.58,1894.0,1748244000.0,2025-05-26 12:50:00+05:30
143.58,143.7,143.4,143.61,2173.0,1748244300.0,2025-05-26 12:55:00+05:30
143.61,143.79,143.43,143.79,1900.0,1748244600.0,2025-05-26 13:00:00+05:30
143.46,143.6,143.4,143.4,1208.0,1748244900.0,2025-05-26 13:05:00+05:30
143.4,143.66,143.4,143.44,1750.0,1748245200.0,2025-05-26 13:10:00+05:30
143.44,143.67,143.4,143.6,1448.0,1748245500.0,2025-05-26 13:15:00+05:30
143.6,143.68,143.4,143.4,2411.0,1748245800.0,2025-05-26 13:20:00+05:30
143.4,143.73,143.4,143.45,1958.0,1748246100.0,2025-05-26 13:25:00+05:30
143.45,143.88,143.44,143.46,1732.0,1748246400.0,2025-05-26 13:30:00+05:30
143.43,143.89,143.43,143.5,3063.0,1748246700.0,2025-05-26 13:35:00+05:30
143.5,143.77,143.43,143.6,1687.0,1748247000.0,2025-05-26 13:40:00+05:30
143.43,143.85,143.43,143.62,2614.0,1748247300.0,2025-05-26 13:45:00+05:30
143.62,144.1,143.62,143.82,1624.0,1748247600.0,2025-05-26 13:50:00+05:30
143.71,144.03,143.61,143.64,1432.0,1748247900.0,2025-05-26 13:55:00+05:30
143.64,144.22,143.54,143.65,2355.0,1748248200.0,2025-05-26 14:00:00+05:30
143.65,143.99,143.65,143.8,2552.0,1748248500.0,2025-05-26 14:05:00+05:30
143.8,143.93,143.65,143.71,1613.0,1748248800.0,2025-05-26 14:10:00+05:30
143.71,144.08,143.66,143.7,2979.0,1748249100.0,2025-05-26 14:15:00+05:30
143.7,143.9,143.61,143.62,2047.0,1748249400.0,2025-05-26 14:20:00+05:30
143.62,143.84,143.62,143.62,1572.0,1748249700.0,2025-05-26 14:25:00+05:30
143.62,143.93,143.62,143.72,2505.0,1748250000.0,2025-05-26 14:30:00+05:30
143.72,144.22,143.62,143.94,2692.0,1748250300.0,2025-05-26 14:35:00+05:30
143.94,144.68,143.94,144.26,5922.0,1748250600.0,2025-05-26 14:40:00+05:30
144.26,144.53,143.9,144.04,2451.0,1748250900.0,2025-05-26 14:45:00+05:30
144.04,145.83,144.01,145.82,11317.0,1748251200.0,2025-05-26 14:50:00+05:30
145.75,145.83,144.75,144.75,7235.0,1748251500.0,2025-05-26 14:55:00+05:30
144.89,144.95,144.41,144.95,4330.0,1748251800.0,2025-05-26 15:00:00+05:30
144.89,144.98,144.69,144.97,2154.0,1748252100.0,2025-05-26 15:05:00+05:30
144.78,145.83,144.71,145.23,7948.0,1748252400.0,2025-05-26 15:10:00+05:30
145.25,145.36,145.0,145.11,3406.0,1748252700.0,2025-05-26 15:15:00+05:30
145.29,145.76,145.1,145.49,15354.0,1748253000.0,2025-05-26 15:20:00+05:30
145.49,145.59,145.35,145.45,3749.0,1748253300.0,2025-05-26 15:25:00+05:30
145.22,146.7,145.22,145.65,4133.0,1748317500.0,2025-05-27 09:15:00+05:30
145.99,146.44,145.11,145.35,6586.0,1748317800.0,2025-05-27 09:20:00+05:30
145.12,145.28,144.34,144.34,1689.0,1748318100.0,2025-05-27 09:25:00+05:30
144.65,146.0,144.2,145.75,6265.0,1748318400.0,2025-05-27 09:30:00+05:30
145.44,145.82,145.26,145.82,1236.0,1748318700.0,2025-05-27 09:35:00+05:30
146.0,146.34,145.72,146.19,4880.0,1748319000.0,2025-05-27 09:40:00+05:30
146.34,147.38,145.93,147.38,5480.0,1748319300.0,2025-05-27 09:45:00+05:30
147.1,147.4,146.21,146.37,4219.0,1748319600.0,2025-05-27 09:50:00+05:30
146.0,146.59,145.81,145.96,2749.0,1748319900.0,2025-05-27 09:55:00+05:30
145.96,146.63,145.78,146.63,1338.0,1748320200.0,2025-05-27 10:00:00+05:30
146.63,146.89,145.97,146.37,1876.0,1748320500.0,2025-05-27 10:05:00+05:30
146.37,147.0,146.3,146.76,2587.0,1748320800.0,2025-05-27 10:10:00+05:30
146.63,147.0,146.47,147.0,3439.0,1748321100.0,2025-05-27 10:15:00+05:30
147.0,147.0,146.67,146.67,1533.0,1748321400.0,2025-05-27 10:20:00+05:30
146.6,146.7,146.4,146.4,2609.0,1748321700.0,2025-05-27 10:25:00+05:30
146.4,146.93,146.4,146.65,545.0,1748322000.0,2025-05-27 10:30:00+05:30
146.6,148.5,146.6,147.85,17130.0,1748322300.0,2025-05-27 10:35:00+05:30
147.85,148.35,147.74,147.75,2671.0,1748322600.0,2025-05-27 10:40:00+05:30
147.79,148.0,147.6,147.98,1650.0,1748322900.0,2025-05-27 10:45:00+05:30
148.35,148.69,148.0,148.3,15266.0,1748323200.0,2025-05-27 10:50:00+05:30
148.49,148.5,148.0,148.27,6247.0,1748323500.0,2025-05-27 10:55:00+05:30
148.36,148.5,148.0,148.34,7664.0,1748323800.0,2025-05-27 11:00:00+05:30
148.42,148.8,148.41,148.6,8271.0,1748324100.0,2025-05-27 11:05:00+05:30
148.48,149.8,148.48,149.8,22513.0,1748324400.0,2025-05-27 11:10:00+05:30
149.65,153.66,149.56,151.85,81650.0,1748324700.0,2025-05-27 11:15:00+05:30
151.83,152.86,151.7,152.86,19330.0,1748325000.0,2025-05-27 11:20:00+05:30
152.56,152.8,151.24,151.49,14721.0,1748325300.0,2025-05-27 11:25:00+05:30
151.38,151.92,150.66,151.78,18765.0,1748325600.0,2025-05-27 11:30:00+05:30
151.55,151.78,151.19,151.3,6751.0,1748325900.0,2025-05-27 11:35:00+05:30
151.3,151.3,150.53,150.8,3455.0,1748326200.0,2025-05-27 11:40:00+05:30
150.83,151.99,150.83,151.14,9862.0,1748326500.0,2025-05-27 11:45:00+05:30
151.1,151.14,150.5,151.0,5160.0,1748326800.0,2025-05-27 11:50:00+05:30
151.0,151.39,150.99,151.16,2730.0,1748327100.0,2025-05-27 11:55:00+05:30
150.98,151.05,150.59,150.79,8618.0,1748327400.0,2025-05-27 12:00:00+05:30
150.59,152.0,150.3,151.49,15727.0,1748327700.0,2025-05-27 12:05:00+05:30
151.64,152.08,151.5,151.95,3199.0,1748328000.0,2025-05-27 12:10:00+05:30
151.84,151.84,151.0,151.02,2496.0,1748328300.0,2025-05-27 12:15:00+05:30
151.03,151.27,150.17,150.17,11635.0,1748328600.0,2025-05-27 12:20:00+05:30
150.52,150.95,150.5,150.54,2682.0,1748328900.0,2025-05-27 12:25:00+05:30
150.55,150.84,150.5,150.7,1147.0,1748329200.0,2025-05-27 12:30:00+05:30
151.28,151.29,150.63,151.27,6799.0,1748329500.0,2025-05-27 12:35:00+05:30
151.0,151.22,150.93,151.22,886.0,1748329800.0,2025-05-27 12:40:00+05:30
151.35,151.74,151.03,151.41,4052.0,1748330100.0,2025-05-27 12:45:00+05:30
151.42,151.67,151.26,151.26,1319.0,1748330400.0,2025-05-27 12:50:00+05:30
151.11,151.33,151.0,151.01,3988.0,1748330700.0,2025-05-27 12:55:00+05:30
151.0,151.78,151.0,151.75,10026.0,1748331000.0,2025-05-27 13:00:00+05:30
151.71,151.89,151.71,151.89,1883.0,1748331300.0,2025-05-27 13:05:00+05:30
151.8,152.26,151.08,151.09,10506.0,1748331600.0,2025-05-27 13:10:00+05:30
151.08,151.5,151.0,151.34,7151.0,1748331900.0,2025-05-27 13:15:00+05:30
151.34,151.49,151.11,151.11,320.0,1748332200.0,2025-05-27 13:20:00+05:30
151.11,151.54,151.0,151.4,5521.0,1748332500.0,2025-05-27 13:25:00+05:30
151.36,151.54,151.29,151.49,694.0,1748332800.0,2025-05-27 13:30:00+05:30
151.49,152.11,151.37,151.37,4787.0,1748333100.0,2025-05-27 13:35:00+05:30
151.48,151.97,151.48,151.75,859.0,1748333400.0,2025-05-27 13:40:00+05:30
151.75,151.94,151.57,151.6,1471.0,1748333700.0,2025-05-27 13:45:00+05:30
151.8,151.8,151.27,151.47,1782.0,1748334000.0,2025-05-27 13:50:00+05:30
151.32,151.69,151.0,151.19,6682.0,1748334300.0,2025-05-27 13:55:00+05:30
151.33,151.33,150.17,150.38,10259.0,1748334600.0,2025-05-27 14:00:00+05:30
150.37,150.78,149.4,149.4,11197.0,1748334900.0,2025-05-27 14:05:00+05:30
149.64,150.01,148.7,149.14,11457.0,1748335200.0,2025-05-27 14:10:00+05:30
149.11,149.65,148.5,148.94,14198.0,1748335500.0,2025-05-27 14:15:00+05:30
148.9,149.4,148.56,149.4,2755.0,1748335800.0,2025-05-27 14:20:00+05:30
149.27,149.4,149.11,149.35,3771.0,1748336100.0,2025-05-27 14:25:00+05:30
149.4,149.59,149.4,149.4,1139.0,1748336400.0,2025-05-27 14:30:00+05:30
149.5,149.64,149.4,149.55,1847.0,1748336700.0,2025-05-27 14:35:00+05:30
149.61,150.03,149.55,150.03,3372.0,1748337000.0,2025-05-27 14:40:00+05:30
149.72,150.28,149.6,149.6,3398.0,1748337300.0,2025-05-27 14:45:00+05:30
149.75,150.23,149.45,150.0,3460.0,1748337600.0,2025-05-27 14:50:00+05:30
149.99,150.0,149.84,149.9,737.0,1748337900.0,2025-05-27 14:55:00+05:30
150.0,150.3,149.71,149.84,6699.0,1748338200.0,2025-05-27 15:00:00+05:30
149.86,150.3,149.7,149.99,7405.0,1748338500.0,2025-05-27 15:05:00+05:30
149.85,150.04,149.6,149.8,2896.0,1748338800.0,2025-05-27 15:10:00+05:30
149.53,149.86,148.56,149.01,20468.0,1748339100.0,2025-05-27 15:15:00+05:30
149.31,151.0,149.17,150.99,13547.0,1748339400.0,2025-05-27 15:20:00+05:30
150.9,152.24,150.84,151.95,25733.0,1748339700.0,2025-05-27 15:25:00+05:30
140.1,143.49,138.0,139.4,243484.0,1748403900.0,2025-05-28 09:15:00+05:30
139.73,141.45,139.4,141.17,139630.0,1748404200.0,2025-05-28 09:20:00+05:30
141.13,141.35,141.0,141.24,21069.0,1748404500.0,2025-05-28 09:25:00+05:30
141.3,141.87,140.65,141.59,51231.0,1748404800.0,2025-05-28 09:30:00+05:30
141.68,143.0,141.39,141.65,45578.0,1748405100.0,2025-05-28 09:35:00+05:30
141.75,142.28,141.7,141.82,21751.0,1748405400.0,2025-05-28 09:40:00+05:30
141.9,142.11,141.39,142.11,17807.0,1748405700.0,2025-05-28 09:45:00+05:30
141.98,142.5,141.7,141.91,15911.0,1748406000.0,2025-05-28 09:50:00+05:30
141.91,142.55,141.85,142.36,13223.0,1748406300.0,2025-05-28 09:55:00+05:30
142.36,142.44,141.81,142.0,4251.0,1748406600.0,2025-05-28 10:00:00+05:30
142.0,142.02,141.8,141.8,5435.0,1748406900.0,2025-05-28 10:05:00+05:30
141.75,141.86,141.51,141.63,12626.0,1748407200.0,2025-05-28 10:10:00+05:30
141.63,141.94,141.12,141.8,10876.0,1748407500.0,2025-05-28 10:15:00+05:30
141.95,142.0,141.4,141.8,7180.0,1748407800.0,2025-05-28 10:20:00+05:30
141.8,141.8,141.27,141.59,2853.0,1748408100.0,2025-05-28 10:25:00+05:30
141.61,141.78,141.47,141.65,7481.0,1748408400.0,2025-05-28 10:30:00+05:30
141.65,142.3,141.4,142.0,10428.0,1748408700.0,2025-05-28 10:35:00+05:30
142.21,143.2,142.18,143.2,22220.0,1748409000.0,2025-05-28 10:40:00+05:30
143.0,143.89,143.0,143.32,21621.0,1748409300.0,2025-05-28 10:45:00+05:30
143.16,143.45,142.74,143.17,5691.0,1748409600.0,2025-05-28 10:50:00+05:30
143.38,143.43,143.02,143.17,3216.0,1748409900.0,2025-05-28 10:55:00+05:30
143.0,143.33,142.94,143.33,6116.0,1748410200.0,2025-05-28 11:00:00+05:30
143.33,143.77,143.0,143.21,11218.0,1748410500.0,2025-05-28 11:05:00+05:30
143.25,143.66,143.24,143.39,5165.0,1748410800.0,2025-05-28 11:10:00+05:30
143.29,143.39,143.0,143.19,4162.0,1748411100.0,2025-05-28 11:15:00+05:30
143.26,143.29,143.0,143.0,18345.0,1748411400.0,2025-05-28 11:20:00+05:30
143.0,143.17,143.0,143.01,7199.0,1748411700.0,2025-05-28 11:25:00+05:30
143.15,143.27,143.0,143.18,15961.0,1748412000.0,2025-05-28 11:30:00+05:30
143.21,143.21,142.11,142.24,11973.0,1748412300.0,2025-05-28 11:35:00+05:30
142.27,142.69,142.06,142.69,7714.0,1748412600.0,2025-05-28 11:40:00+05:30
142.55,142.76,142.1,142.5,5258.0,1748412900.0,2025-05-28 11:45:00+05:30
142.5,142.64,142.01,142.33,7282.0,1748413200.0,2025-05-28 11:50:00+05:30
142.26,142.26,142.01,142.1,1435.0,1748413500.0,2025-05-28 11:55:00+05:30
142.1,142.16,141.73,142.16,5680.0,1748413800.0,2025-05-28 12:00:00+05:30
142.2,142.38,142.01,142.13,1478.0,1748414100.0,2025-05-28 12:05:00+05:30
142.25,142.4,142.01,142.36,6778.0,1748414400.0,2025-05-28 12:10:00+05:30
142.15,142.28,141.6,141.8,53270.0,1748414700.0,2025-05-28 12:15:00+05:30
141.81,142.0,141.6,141.89,12103.0,1748415000.0,2025-05-28 12:20:00+05:30
141.75,141.89,141.5,141.66,7619.0,1748415300.0,2025-05-28 12:25:00+05:30
141.54,141.86,141.48,141.52,9426.0,1748415600.0,2025-05-28 12:30:00+05:30
142.25,142.67,141.98,142.65,43160.0,1748415900.0,2025-05-28 12:35:00+05:30
142.5,142.89,142.5,142.78,2517.0,1748416200.0,2025-05-28 12:40:00+05:30
142.77,142.78,142.59,142.76,6239.0,1748416500.0,2025-05-28 12:45:00+05:30
142.66,142.89,142.51,142.89,3481.0,1748416800.0,2025-05-28 12:50:00+05:30
142.89,142.99,142.61,142.91,7288.0,1748417100.0,2025-05-28 12:55:00+05:30
143.0,143.09,142.7,142.95,13853.0,1748417400.0,2025-05-28 13:00:00+05:30
142.71,142.94,142.56,142.8,2462.0,1748417700.0,2025-05-28 13:05:00+05:30
142.8,143.0,142.79,142.82,2335.0,1748418000.0,2025-05-28 13:10:00+05:30
142.7,143.04,142.7,142.75,2955.0,1748418300.0,2025-05-28 13:15:00+05:30
142.61,142.86,142.5,142.56,2156.0,1748418600.0,2025-05-28 13:20:00+05:30
142.61,142.62,142.33,142.56,903.0,1748418900.0,2025-05-28 13:25:00+05:30
142.56,142.8,142.55,142.75,504.0,1748419200.0,2025-05-28 13:30:00+05:30
142.7,142.7,142.41,142.5,5151.0,1748419500.0,2025-05-28 13:35:00+05:30
142.41,142.71,142.41,142.53,454.0,1748419800.0,2025-05-28 13:40:00+05:30
142.72,142.72,142.1,142.15,5746.0,1748420100.0,2025-05-28 13:45:00+05:30
142.06,142.28,142.01,142.17,2665.0,1748420400.0,2025-05-28 13:50:00+05:30
142.17,142.26,142.12,142.26,339.0,1748420700.0,2025-05-28 13:55:00+05:30
142.26,142.34,142.11,142.34,2007.0,1748421000.0,2025-05-28 14:00:00+05:30
142.29,142.65,142.15,142.41,1642.0,1748421300.0,2025-05-28 14:05:00+05:30
142.5,142.6,142.34,142.4,1633.0,1748421600.0,2025-05-28 14:10:00+05:30
142.4,142.57,142.21,142.38,6321.0,1748421900.0,2025-05-28 14:15:00+05:30
142.4,142.5,142.29,142.5,1603.0,1748422200.0,2025-05-28 14:20:00+05:30
142.49,142.5,142.14,142.5,1872.0,1748422500.0,2025-05-28 14:25:00+05:30
142.23,142.5,142.0,142.25,13895.0,1748422800.0,2025-05-28 14:30:00+05:30
142.32,142.49,142.1,142.24,6134.0,1748423100.0,2025-05-28 14:35:00+05:30
142.24,142.3,142.01,142.01,2993.0,1748423400.0,2025-05-28 14:40:00+05:30
142.16,142.49,142.01,142.06,6550.0,1748423700.0,2025-05-28 14:45:00+05:30
142.37,142.49,142.32,142.47,4809.0,1748424000.0,2025-05-28 14:50:00+05:30
142.47,142.88,142.47,142.79,30123.0,1748424300.0,2025-05-28 14:55:00+05:30
142.74,142.74,142.1,142.12,19068.0,1748424600.0,2025-05-28 15:00:00+05:30
142.2,142.55,141.99,142.0,16511.0,1748424900.0,2025-05-28 15:05:00+05:30
141.88,141.88,139.58,139.99,124494.0,1748425200.0,2025-05-28 15:10:00+05:30
139.81,140.45,139.31,140.29,25497.0,1748425500.0,2025-05-28 15:15:00+05:30
140.41,140.41,139.6,140.05,25183.0,1748425800.0,2025-05-28 15:20:00+05:30
140.0,140.29,139.9,140.29,20631.0,1748426100.0,2025-05-28 15:25:00+05:30
140.0,142.95,139.99,140.61,25814.0,1748490300.0,2025-05-29 09:15:00+05:30
141.11,141.82,140.61,141.79,19106.0,1748490600.0,2025-05-29 09:20:00+05:30
141.6,142.0,140.93,141.92,71350.0,1748490900.0,2025-05-29 09:25:00+05:30
141.97,142.16,141.3,142.05,23626.0,1748491200.0,2025-05-29 09:30:00+05:30
142.05,142.26,142.05,142.08,1506.0,1748491500.0,2025-05-29 09:35:00+05:30
142.07,142.25,141.9,142.2,6632.0,1748491800.0,2025-05-29 09:40:00+05:30
142.19,142.19,142.1,142.1,1746.0,1748492100.0,2025-05-29 09:45:00+05:30
142.1,142.18,141.21,142.1,15558.0,1748492400.0,2025-05-29 09:50:00+05:30
142.05,142.73,142.05,142.73,8358.0,1748492700.0,2025-05-29 09:55:00+05:30
142.56,142.68,142.33,142.5,9489.0,1748493000.0,2025-05-29 10:00:00+05:30
142.5,142.81,139.98,140.36,124681.0,1748493300.0,2025-05-29 10:05:00+05:30
140.33,141.0,140.33,141.0,8276.0,1748493600.0,2025-05-29 10:10:00+05:30
141.0,141.2,140.74,140.9,7947.0,1748493900.0,2025-05-29 10:15:00+05:30
140.89,141.0,140.53,140.95,7171.0,1748494200.0,2025-05-29 10:20:00+05:30
140.93,140.99,140.08,140.51,11588.0,1748494500.0,2025-05-29 10:25:00+05:30
140.64,140.64,140.24,140.29,2341.0,1748494800.0,2025-05-29 10:30:00+05:30
140.55,140.56,140.24,140.24,2488.0,1748495100.0,2025-05-29 10:35:00+05:30
140.46,140.67,140.4,140.67,6338.0,1748495400.0,2025-05-29 10:40:00+05:30
140.89,140.99,140.25,140.39,14413.0,1748495700.0,2025-05-29 10:45:00+05:30
140.39,140.63,140.39,140.59,3094.0,1748496000.0,2025-05-29 10:50:00+05:30
140.45,140.67,140.37,140.4,1440.0,1748496300.0,2025-05-29 10:55:00+05:30
140.4,140.65,140.25,140.27,1911.0,1748496600.0,2025-05-29 11:00:00+05:30
140.46,140.55,140.05,140.13,10417.0,1748496900.0,2025-05-29 11:05:00+05:30
140.19,140.4,140.14,140.38,1266.0,1748497200.0,2025-05-29 11:10:00+05:30
140.3,140.38,140.15,140.23,477.0,1748497500.0,2025-05-29 11:15:00+05:30
140.24,140.37,140.16,140.33,2091.0,1748497800.0,2025-05-29 11:20:00+05:30
140.13,140.25,139.95,140.0,13648.0,1748498100.0,2025-05-29 11:25:00+05:30
139.9,140.22,139.9,140.22,780.0,1748498400.0,2025-05-29 11:30:00+05:30
140.23,140.24,140.04,140.24,659.0,1748498700.0,2025-05-29 11:35:00+05:30
140.24,140.5,140.24,140.41,1459.0,1748499000.0,2025-05-29 11:40:00+05:30
140.41,140.49,140.2,140.36,1266.0,1748499300.0,2025-05-29 11:45:00+05:30
140.15,140.33,140.14,140.33,233.0,1748499600.0,2025-05-29 11:50:00+05:30
140.2,140.44,140.2,140.36,1005.0,1748499900.0,2025-05-29 11:55:00+05:30
140.5,140.77,140.4,140.6,2522.0,1748500200.0,2025-05-29 12:00:00+05:30
140.58,140.64,140.45,140.55,578.0,1748500500.0,2025-05-29 12:05:00+05:30
140.2,140.52,140.2,140.51,1345.0,1748500800.0,2025-05-29 12:10:00+05:30
140.5,140.5,140.13,140.27,972.0,1748501100.0,2025-05-29 12:15:00+05:30
140.41,140.49,140.25,140.25,1503.0,1748501400.0,2025-05-29 12:20:00+05:30
140.2,140.44,140.16,140.16,628.0,1748501700.0,2025-05-29 12:25:00+05:30
140.28,140.28,140.14,140.2,1991.0,1748502000.0,2025-05-29 12:30:00+05:30
140.28,140.49,140.21,140.49,1295.0,1748502300.0,2025-05-29 12:35:00+05:30
140.49,140.8,139.65,139.99,14871.0,1748502600.0,2025-05-29 12:40:00+05:30
139.94,139.94,139.62,139.93,1078.0,1748502900.0,2025-05-29 12:45:00+05:30
139.99,140.08,139.9,140.08,5857.0,1748503200.0,2025-05-29 12:50:00+05:30
140.08,140.3,140.08,140.15,533.0,1748503500.0,2025-05-29 12:55:00+05:30
140.2,140.2,139.9,139.9,442.0,1748503800.0,2025-05-29 13:00:00+05:30
140.25,140.25,139.9,140.21,1402.0,1748504100.0,2025-05-29 13:05:00+05:30
140.1,140.1,139.8,139.8,1075.0,1748504400.0,2025-05-29 13:10:00+05:30
140.01,140.3,140.0,140.0,3222.0,1748504700.0,2025-05-29 13:15:00+05:30
140.3,140.3,140.0,140.1,916.0,1748505000.0,2025-05-29 13:20:00+05:30
140.05,140.09,139.82,139.86,1527.0,1748505300.0,2025-05-29 13:25:00+05:30
139.88,140.37,139.86,140.24,4714.0,1748505600.0,2025-05-29 13:30:00+05:30
140.16,140.24,140.0,140.01,1453.0,1748505900.0,2025-05-29 13:35:00+05:30
140.01,140.01,139.77,139.77,2610.0,1748506200.0,2025-05-29 13:40:00+05:30
139.82,139.91,139.71,139.91,562.0,1748506500.0,2025-05-29 13:45:00+05:30
139.74,139.95,139.7,139.8,1174.0,1748506800.0,2025-05-29 13:50:00+05:30
139.9,139.9,139.8,139.9,1793.0,1748507100.0,2025-05-29 13:55:00+05:30
139.8,139.95,139.8,139.92,1849.0,1748507400.0,2025-05-29 14:00:00+05:30
139.7,139.95,139.61,139.66,8277.0,1748507700.0,2025-05-29 14:05:00+05:30
139.78,139.78,139.4,139.5,3268.0,1748508000.0,2025-05-29 14:10:00+05:30
139.5,139.57,139.4,139.57,1553.0,1748508300.0,2025-05-29 14:15:00+05:30
139.44,139.6,139.44,139.6,847.0,1748508600.0,2025-05-29 14:20:00+05:30
139.6,139.6,139.57,139.6,1268.0,1748508900.0,2025-05-29 14:25:00+05:30
139.6,139.94,139.6,139.94,6231.0,1748509200.0,2025-05-29 14:30:00+05:30
139.76,139.94,139.76,139.82,371.0,1748509500.0,2025-05-29 14:35:00+05:30
139.82,139.94,139.59,139.7,2014.0,1748509800.0,2025-05-29 14:40:00+05:30
139.86,139.95,139.86,139.9,1440.0,1748510100.0,2025-05-29 14:45:00+05:30
139.9,139.9,139.65,139.67,1372.0,1748510400.0,2025-05-29 14:50:00+05:30
139.67,139.85,138.89,139.0,16092.0,1748510700.0,2025-05-29 14:55:00+05:30
138.9,139.37,138.8,139.25,8119.0,1748511000.0,2025-05-29 15:00:00+05:30
139.35,139.74,139.32,139.7,6211.0,1748511300.0,2025-05-29 15:05:00+05:30
139.74,139.78,139.41,139.68,3222.0,1748511600.0,2025-05-29 15:10:00+05:30
139.68,139.68,139.25,139.29,11736.0,1748511900.0,2025-05-29 15:15:00+05:30
139.5,139.55,139.08,139.51,21084.0,1748512200.0,2025-05-29 15:20:00+05:30
139.56,139.99,139.4,139.8,9215.0,1748512500.0,2025-05-29 15:25:00+05:30
139.8,140.4,137.85,138.15,24239.0,1748576700.0,2025-05-30 09:15:00+05:30
138.15,138.45,138.0,138.08,4486.0,1748577000.0,2025-05-30 09:20:00+05:30
138.21,138.21,137.6,137.65,11592.0,1748577300.0,2025-05-30 09:25:00+05:30
137.65,137.77,137.5,137.57,6914.0,1748577600.0,2025-05-30 09:30:00+05:30
137.75,137.82,137.5,137.67,5793.0,1748577900.0,2025-05-30 09:35:00+05:30
137.67,137.84,137.5,137.51,4128.0,1748578200.0,2025-05-30 09:40:00+05:30
137.51,137.65,137.2,137.2,4065.0,1748578500.0,2025-05-30 09:45:00+05:30
137.25,137.54,137.25,137.34,2001.0,1748578800.0,2025-05-30 09:50:00+05:30
137.34,137.47,137.25,137.3,3728.0,1748579100.0,2025-05-30 09:55:00+05:30
137.3,137.46,136.3,136.63,37460.0,1748579400.0,2025-05-30 10:00:00+05:30
136.59,136.76,136.5,136.56,2656.0,1748579700.0,2025-05-30 10:05:00+05:30
136.5,136.89,136.5,136.66,6941.0,1748580000.0,2025-05-30 10:10:00+05:30
136.65,136.76,136.45,136.46,3493.0,1748580300.0,2025-05-30 10:15:00+05:30
136.46,136.59,136.41,136.45,2175.0,1748580600.0,2025-05-30 10:20:00+05:30
136.43,136.55,136.21,136.21,2857.0,1748580900.0,2025-05-30 10:25:00+05:30
136.2,136.33,135.6,135.69,15943.0,1748581200.0,2025-05-30 10:30:00+05:30
135.6,135.6,135.0,135.38,21136.0,1748581500.0,2025-05-30 10:35:00+05:30
135.43,135.69,135.12,135.4,5670.0,1748581800.0,2025-05-30 10:40:00+05:30
135.36,135.51,135.3,135.48,2624.0,1748582100.0,2025-05-30 10:45:00+05:30
135.37,135.56,135.35,135.48,6495.0,1748582400.0,2025-05-30 10:50:00+05:30
135.56,135.72,135.38,135.57,3715.0,1748582700.0,2025-05-30 10:55:00+05:30
135.57,135.82,135.54,135.67,3612.0,1748583000.0,2025-05-30 11:00:00+05:30
135.71,135.81,135.57,135.65,4426.0,1748583300.0,2025-05-30 11:05:00+05:30
135.78,135.89,135.6,135.79,3417.0,1748583600.0,2025-05-30 11:10:00+05:30
135.79,135.99,135.75,135.75,2494.0,1748583900.0,2025-05-30 11:15:00+05:30
135.75,135.75,134.86,135.0,37346.0,1748584200.0,2025-05-30 11:20:00+05:30
135.0,135.49,134.95,135.16,3877.0,1748584500.0,2025-05-30 11:25:00+05:30
135.17,135.5,135.17,135.25,3659.0,1748584800.0,2025-05-30 11:30:00+05:30
135.26,135.5,135.23,135.24,4684.0,1748585100.0,2025-05-30 11:35:00+05:30
135.36,135.44,135.2,135.21,5019.0,1748585400.0,2025-05-30 11:40:00+05:30
135.25,135.64,135.23,135.53,5987.0,1748585700.0,2025-05-30 11:45:00+05:30
135.42,135.9,135.42,135.63,8414.0,1748586000.0,2025-05-30 11:50:00+05:30
135.6,135.79,135.55,135.61,4586.0,1748586300.0,2025-05-30 11:55:00+05:30
135.62,135.71,135.38,135.44,1770.0,1748586600.0,2025-05-30 12:00:00+05:30
135.44,135.67,135.42,135.52,2606.0,1748586900.0,2025-05-30 12:05:00+05:30
135.52,135.67,135.52,135.56,1848.0,1748587200.0,2025-05-30 12:10:00+05:30
135.64,135.66,135.31,135.35,7102.0,1748587500.0,2025-05-30 12:15:00+05:30
135.34,135.47,135.31,135.33,1436.0,1748587800.0,2025-05-30 12:20:00+05:30
135.37,135.48,135.31,135.32,2531.0,1748588100.0,2025-05-30 12:25:00+05:30
135.32,135.64,135.27,135.41,4105.0,1748588400.0,2025-05-30 12:30:00+05:30
135.39,135.62,135.34,135.4,5267.0,1748588700.0,2025-05-30 12:35:00+05:30
135.34,135.54,135.3,135.32,2768.0,1748589000.0,2025-05-30 12:40:00+05:30
135.31,135.45,135.17,135.17,4224.0,1748589300.0,2025-05-30 12:45:00+05:30
135.31,135.49,135.18,135.35,1609.0,1748589600.0,2025-05-30 12:50:00+05:30
135.35,135.49,135.33,135.33,1762.0,1748589900.0,2025-05-30 12:55:00+05:30
135.33,135.5,135.31,135.35,2238.0,1748590200.0,2025-05-30 13:00:00+05:30
135.31,135.48,135.25,135.46,2132.0,1748590500.0,2025-05-30 13:05:00+05:30
135.3,135.52,135.28,135.37,1599.0,1748590800.0,2025-05-30 13:10:00+05:30
135.36,135.46,135.3,135.3,1411.0,1748591100.0,2025-05-30 13:15:00+05:30
135.4,135.44,135.25,135.25,1431.0,1748591400.0,2025-05-30 13:20:00+05:30
135.26,135.47,135.22,135.32,1342.0,1748591700.0,2025-05-30 13:25:00+05:30
135.42,135.49,135.24,135.3,2046.0,1748592000.0,2025-05-30 13:30:00+05:30
135.29,135.41,135.22,135.25,2125.0,1748592300.0,2025-05-30 13:35:00+05:30
135.23,135.49,135.23,135.35,4496.0,1748592600.0,2025-05-30 13:40:00+05:30
135.33,135.75,135.22,135.5,17157.0,1748592900.0,2025-05-30 13:45:00+05:30
135.5,135.55,135.28,135.35,1800.0,1748593200.0,2025-05-30 13:50:00+05:30
135.34,135.5,135.34,135.41,2548.0,1748593500.0,2025-05-30 13:55:00+05:30
135.41,135.59,135.34,135.42,7827.0,1748593800.0,2025-05-30 14:00:00+05:30
135.42,135.53,135.4,135.4,2022.0,1748594100.0,2025-05-30 14:05:00+05:30
135.4,135.65,135.23,135.23,6104.0,1748594400.0,2025-05-30 14:10:00+05:30
135.42,135.46,135.22,135.28,3657.0,1748594700.0,2025-05-30 14:15:00+05:30
135.26,135.58,134.5,134.64,87610.0,1748595000.0,2025-05-30 14:20:00+05:30
134.63,134.89,134.51,134.52,8038.0,1748595300.0,2025-05-30 14:25:00+05:30
134.61,134.8,134.53,134.71,4462.0,1748595600.0,2025-05-30 14:30:00+05:30
134.63,134.86,134.45,134.68,4060.0,1748595900.0,2025-05-30 14:35:00+05:30
134.68,135.1,134.65,134.8,8940.0,1748596200.0,2025-05-30 14:40:00+05:30
134.8,135.13,134.7,134.73,2427.0,1748596500.0,2025-05-30 14:45:00+05:30
134.73,135.18,134.71,134.97,6817.0,1748596800.0,2025-05-30 14:50:00+05:30
135.14,135.49,134.93,134.95,11681.0,1748597100.0,2025-05-30 14:55:00+05:30
135.0,135.36,135.0,135.21,3253.0,1748597400.0,2025-05-30 15:00:00+05:30
135.21,135.38,135.2,135.29,4481.0,1748597700.0,2025-05-30 15:05:00+05:30
135.23,135.5,135.23,135.41,7757.0,1748598000.0,2025-05-30 15:10:00+05:30
135.41,135.65,135.1,135.1,12859.0,1748598300.0,2025-05-30 15:15:00+05:30
135.1,135.33,133.0,133.68,105406.0,1748598600.0,2025-05-30 15:20:00+05:30
133.65,134.9,133.5,134.9,28221.0,1748598900.0,2025-05-30 15:25:00+05:30
134.0,134.0,130.23,131.38,33511.0,1748835900.0,2025-06-02 09:15:00+05:30
131.38,132.27,131.13,131.84,10979.0,1748836200.0,2025-06-02 09:20:00+05:30
131.97,132.5,131.84,132.28,7360.0,1748836500.0,2025-06-02 09:25:00+05:30
132.28,132.5,132.0,132.07,11062.0,1748836800.0,2025-06-02 09:30:00+05:30
132.1,132.33,131.5,131.76,17271.0,1748837100.0,2025-06-02 09:35:00+05:30
131.75,132.15,131.69,132.15,11802.0,1748837400.0,2025-06-02 09:40:00+05:30
132.14,132.32,131.85,132.06,8123.0,1748837700.0,2025-06-02 09:45:00+05:30
132.06,132.3,132.0,132.15,3128.0,1748838000.0,2025-06-02 09:50:00+05:30
132.02,132.3,132.0,132.07,5282.0,1748838300.0,2025-06-02 09:55:00+05:30
132.08,132.09,131.27,131.4,16102.0,1748838600.0,2025-06-02 10:00:00+05:30
131.4,131.58,131.25,131.28,10326.0,1748838900.0,2025-06-02 10:05:00+05:30
131.45,131.48,131.25,131.26,3160.0,1748839200.0,2025-06-02 10:10:00+05:30
131.25,131.72,131.25,131.47,13572.0,1748839500.0,2025-06-02 10:15:00+05:30
131.63,131.63,131.32,131.5,2843.0,1748839800.0,2025-06-02 10:20:00+05:30
131.37,131.6,131.15,131.15,6831.0,1748840100.0,2025-06-02 10:25:00+05:30
131.21,131.45,131.16,131.22,4308.0,1748840400.0,2025-06-02 10:30:00+05:30
131.37,131.4,131.2,131.26,2548.0,1748840700.0,2025-06-02 10:35:00+05:30
131.26,131.42,131.18,131.21,4877.0,1748841000.0,2025-06-02 10:40:00+05:30
131.21,131.49,131.21,131.35,3066.0,1748841300.0,2025-06-02 10:45:00+05:30
131.35,131.5,131.3,131.32,7228.0,1748841600.0,2025-06-02 10:50:00+05:30
131.32,131.78,131.3,131.41,4794.0,1748841900.0,2025-06-02 10:55:00+05:30
131.4,131.73,131.38,131.49,3718.0,1748842200.0,2025-06-02 11:00:00+05:30
131.64,131.7,131.44,131.5,3979.0,1748842500.0,2025-06-02 11:05:00+05:30
131.5,131.72,131.45,131.72,2576.0,1748842800.0,2025-06-02 11:10:00+05:30
131.66,132.0,131.4,131.4,11681.0,1748843100.0,2025-06-02 11:15:00+05:30
131.44,131.52,131.37,131.4,3464.0,1748843400.0,2025-06-02 11:20:00+05:30
131.4,131.55,131.37,131.37,1772.0,1748843700.0,2025-06-02 11:25:00+05:30
131.35,131.56,131.01,131.07,11969.0,1748844000.0,2025-06-02 11:30:00+05:30
131.07,131.31,131.07,131.17,3512.0,1748844300.0,2025-06-02 11:35:00+05:30
131.17,131.3,131.02,131.06,6493.0,1748844600.0,2025-06-02 11:40:00+05:30
131.15,131.27,131.06,131.12,4247.0,1748844900.0,2025-06-02 11:45:00+05:30
131.15,131.26,131.07,131.07,2794.0,1748845200.0,2025-06-02 11:50:00+05:30
131.11,131.25,131.11,131.11,4914.0,1748845500.0,2025-06-02 11:55:00+05:30
131.11,131.25,131.1,131.13,4919.0,1748845800.0,2025-06-02 12:00:00+05:30
131.12,131.41,131.12,131.21,4576.0,1748846100.0,2025-06-02 12:05:00+05:30
131.21,131.35,131.12,131.12,1821.0,1748846400.0,2025-06-02 12:10:00+05:30
131.16,131.32,131.1,131.1,3920.0,1748846700.0,2025-06-02 12:15:00+05:30
131.1,131.4,131.1,131.21,1619.0,1748847000.0,2025-06-02 12:20:00+05:30
131.23,131.37,131.18,131.21,2565.0,1748847300.0,2025-06-02 12:25:00+05:30
131.21,131.4,131.21,131.22,1826.0,1748847600.0,2025-06-02 12:30:00+05:30
131.22,131.49,131.22,131.33,3205.0,1748847900.0,2025-06-02 12:35:00+05:30
131.5,131.56,131.21,131.23,5714.0,1748848200.0,2025-06-02 12:40:00+05:30
131.38,131.54,131.23,131.34,3749.0,1748848500.0,2025-06-02 12:45:00+05:30
131.34,131.5,131.3,131.4,1614.0,1748848800.0,2025-06-02 12:50:00+05:30
131.45,131.45,131.24,131.26,3185.0,1748849100.0,2025-06-02 12:55:00+05:30
131.25,131.37,131.21,131.3,3277.0,1748849400.0,2025-06-02 13:00:00+05:30
131.33,131.35,131.2,131.21,2817.0,1748849700.0,2025-06-02 13:05:00+05:30
131.2,131.45,131.2,131.26,4842.0,1748850000.0,2025-06-02 13:10:00+05:30
131.26,131.45,131.26,131.28,3034.0,1748850300.0,2025-06-02 13:15:00+05:30
131.28,131.61,131.26,131.26,6104.0,1748850600.0,2025-06-02 13:20:00+05:30
131.34,131.46,131.26,131.3,2913.0,1748850900.0,2025-06-02 13:25:00+05:30
131.3,131.42,131.26,131.32,3438.0,1748851200.0,2025-06-02 13:30:00+05:30
131.42,131.57,131.3,131.36,4518.0,1748851500.0,2025-06-02 13:35:00+05:30
131.38,131.43,131.25,131.25,1220.0,1748851800.0,2025-06-02 13:40:00+05:30
131.42,131.42,131.26,131.29,7166.0,1748852100.0,2025-06-02 13:45:00+05:30
131.29,131.49,131.28,131.28,2046.0,1748852400.0,2025-06-02 13:50:00+05:30
131.29,131.46,131.28,131.28,3140.0,1748852700.0,2025-06-02 13:55:00+05:30
131.28,131.47,131.22,131.22,1771.0,1748853000.0,2025-06-02 14:00:00+05:30
131.22,131.35,131.22,131.35,3285.0,1748853300.0,2025-06-02 14:05:00+05:30
131.33,131.45,131.2,131.2,6108.0,1748853600.0,2025-06-02 14:10:00+05:30
131.29,131.29,131.15,131.15,2874.0,1748853900.0,2025-06-02 14:15:00+05:30
131.15,131.29,131.13,131.17,2077.0,1748854200.0,2025-06-02 14:20:00+05:30
131.17,131.25,131.17,131.18,3466.0,1748854500.0,2025-06-02 14:25:00+05:30
131.18,131.25,131.1,131.1,4987.0,1748854800.0,2025-06-02 14:30:00+05:30
131.1,131.18,131.01,131.02,2535.0,1748855100.0,2025-06-02 14:35:00+05:30
131.01,131.15,130.95,130.95,18802.0,1748855400.0,2025-06-02 14:40:00+05:30
130.91,131.16,130.8,131.05,13796.0,1748855700.0,2025-06-02 14:45:00+05:30
131.05,131.5,131.05,131.32,5483.0,1748856000.0,2025-06-02 14:50:00+05:30
131.28,131.7,131.21,131.61,7134.0,1748856300.0,2025-06-02 14:55:00+05:30
131.56,131.79,131.3,131.44,5641.0,1748856600.0,2025-06-02 15:00:00+05:30
131.42,131.77,131.42,131.64,10683.0,1748856900.0,2025-06-02 15:05:00+05:30
131.61,131.83,131.5,131.5,9915.0,1748857200.0,2025-06-02 15:10:00+05:30
131.62,137.0,131.51,131.88,52521.0,1748857500.0,2025-06-02 15:15:00+05:30
132.37,132.88,132.09,132.7,13676.0,1748857800.0,2025-06-02 15:20:00+05:30
132.86,134.0,132.11,133.01,20145.0,1748858100.0,2025-06-02 15:25:00+05:30
133.35,136.5,133.35,133.98,32747.0,1748922300.0,2025-06-03 09:15:00+05:30
133.69,135.0,133.69,134.6,8714.0,1748922600.0,2025-06-03 09:20:00+05:30
134.59,137.8,134.59,135.34,52448.0,1748922900.0,2025-06-03 09:25:00+05:30
135.3,135.44,134.51,135.13,8402.0,1748923200.0,2025-06-03 09:30:00+05:30
135.13,135.25,135.04,135.13,2362.0,1748923500.0,2025-06-03 09:35:00+05:30
135.11,135.4,135.0,135.39,5377.0,1748923800.0,2025-06-03 09:40:00+05:30
135.5,135.82,135.39,135.42,1823.0,1748924100.0,2025-06-03 09:45:00+05:30
135.39,135.6,135.3,135.51,2237.0,1748924400.0,2025-06-03 09:50:00+05:30
135.51,135.6,135.25,135.6,1642.0,1748924700.0,2025-06-03 09:55:00+05:30
135.6,135.8,135.29,135.69,6211.0,1748925000.0,2025-06-03 10:00:00+05:30
135.7,135.8,135.66,135.8,873.0,1748925300.0,2025-06-03 10:05:00+05:30
135.81,135.85,135.76,135.85,2034.0,1748925600.0,2025-06-03 10:10:00+05:30
135.85,136.25,135.56,135.56,19103.0,1748925900.0,2025-06-03 10:15:00+05:30
135.83,135.85,135.49,135.58,3803.0,1748926200.0,2025-06-03 10:20:00+05:30
135.59,135.8,135.5,135.8,2112.0,1748926500.0,2025-06-03 10:25:00+05:30
135.8,136.16,135.8,136.15,6000.0,1748926800.0,2025-06-03 10:30:00+05:30
136.15,136.19,135.86,135.87,2606.0,1748927100.0,2025-06-03 10:35:00+05:30
136.09,136.09,135.86,135.88,1681.0,1748927400.0,2025-06-03 10:40:00+05:30
136.0,136.01,135.89,135.91,641.0,1748927700.0,2025-06-03 10:45:00+05:30
135.91,136.16,135.91,135.98,2816.0,1748928000.0,2025-06-03 10:50:00+05:30
136.14,136.15,135.96,136.02,2166.0,1748928300.0,2025-06-03 10:55:00+05:30
136.15,136.15,135.0,135.18,44241.0,1748928600.0,2025-06-03 11:00:00+05:30
135.29,135.29,135.06,135.06,254.0,1748928900.0,2025-06-03 11:05:00+05:30
135.2,135.22,135.0,135.0,1759.0,1748929200.0,2025-06-03 11:10:00+05:30
134.95,134.95,134.58,134.58,1627.0,1748929500.0,2025-06-03 11:15:00+05:30
134.76,134.94,134.63,134.76,2722.0,1748929800.0,2025-06-03 11:20:00+05:30
134.84,134.84,134.6,134.66,514.0,1748930100.0,2025-06-03 11:25:00+05:30
134.75,134.79,134.5,134.65,2599.0,1748930400.0,2025-06-03 11:30:00+05:30
134.77,134.77,134.45,134.45,372.0,1748930700.0,2025-06-03 11:35:00+05:30
134.45,134.7,134.41,134.43,2158.0,1748931000.0,2025-06-03 11:40:00+05:30
134.45,134.76,134.45,134.53,1413.0,1748931300.0,2025-06-03 11:45:00+05:30
134.59,134.81,134.59,134.81,593.0,1748931600.0,2025-06-03 11:50:00+05:30
134.81,134.81,134.48,134.63,1799.0,1748931900.0,2025-06-03 11:55:00+05:30
134.76,135.0,134.76,134.86,4252.0,1748932200.0,2025-06-03 12:00:00+05:30
134.81,134.81,134.45,134.71,1230.0,1748932500.0,2025-06-03 12:05:00+05:30
134.47,134.64,134.21,134.56,3088.0,1748932800.0,2025-06-03 12:10:00+05:30
134.67,134.68,134.31,134.51,734.0,1748933100.0,2025-06-03 12:15:00+05:30
134.45,134.45,134.17,134.44,1113.0,1748933400.0,2025-06-03 12:20:00+05:30
134.41,134.42,134.39,134.42,249.0,1748933700.0,2025-06-03 12:25:00+05:30
134.42,134.45,134.26,134.33,2038.0,1748934000.0,2025-06-03 12:30:00+05:30
134.3,134.49,134.3,134.49,1334.0,1748934300.0,2025-06-03 12:35:00+05:30
134.49,134.5,134.41,134.44,1186.0,1748934600.0,2025-06-03 12:40:00+05:30
134.66,135.0,134.66,135.0,5318.0,1748934900.0,2025-06-03 12:45:00+05:30
134.83,135.0,134.63,134.72,452.0,1748935200.0,2025-06-03 12:50:00+05:30
134.72,134.72,134.53,134.65,408.0,1748935500.0,2025-06-03 12:55:00+05:30
134.65,134.68,134.53,134.53,127.0,1748935800.0,2025-06-03 13:00:00+05:30
134.54,134.56,134.0,134.0,4251.0,1748936100.0,2025-06-03 13:05:00+05:30
134.0,134.0,133.77,133.9,632.0,1748936400.0,2025-06-03 13:10:00+05:30
133.9,133.93,133.9,133.93,527.0,1748936700.0,2025-06-03 13:15:00+05:30
133.9,134.0,133.85,133.9,3050.0,1748937000.0,2025-06-03 13:20:00+05:30
133.8,133.9,133.62,133.67,953.0,1748937300.0,2025-06-03 13:25:00+05:30
133.8,133.89,133.8,133.85,2872.0,1748937600.0,2025-06-03 13:30:00+05:30
133.85,133.85,133.7,133.84,949.0,1748937900.0,2025-06-03 13:35:00+05:30
133.72,133.84,133.25,133.63,4311.0,1748938200.0,2025-06-03 13:40:00+05:30
133.63,133.65,133.52,133.65,480.0,1748938500.0,2025-06-03 13:45:00+05:30
133.65,133.65,133.56,133.56,1049.0,1748938800.0,2025-06-03 13:50:00+05:30
133.56,133.8,133.56,133.8,2598.0,1748939100.0,2025-06-03 13:55:00+05:30
133.78,133.8,133.7,133.8,364.0,1748939400.0,2025-06-03 14:00:00+05:30
133.8,133.8,133.71,133.8,576.0,1748939700.0,2025-06-03 14:05:00+05:30
133.8,133.94,133.75,133.93,1287.0,1748940000.0,2025-06-03 14:10:00+05:30
133.93,133.95,133.8,133.8,946.0,1748940300.0,2025-06-03 14:15:00+05:30
133.8,133.85,133.8,133.85,1203.0,1748940600.0,2025-06-03 14:20:00+05:30
133.85,133.85,133.73,133.85,163.0,1748940900.0,2025-06-03 14:25:00+05:30
133.85,133.85,133.85,133.85,113.0,1748941200.0,2025-06-03 14:30:00+05:30
133.85,133.85,133.8,133.85,142.0,1748941500.0,2025-06-03 14:35:00+05:30
133.85,134.05,133.85,133.92,2062.0,1748941800.0,2025-06-03 14:40:00+05:30
134.0,134.0,133.87,134.0,179.0,1748942100.0,2025-06-03 14:45:00+05:30
133.98,134.0,133.71,133.71,8002.0,1748942400.0,2025-06-03 14:50:00+05:30
133.71,134.0,133.43,133.61,4130.0,1748942700.0,2025-06-03 14:55:00+05:30
133.61,133.82,133.61,133.7,702.0,1748943000.0,2025-06-03 15:00:00+05:30
133.7,133.73,133.7,133.73,610.0,1748943300.0,2025-06-03 15:05:00+05:30
133.69,133.79,133.54,133.79,971.0,1748943600.0,2025-06-03 15:10:00+05:30
133.71,133.78,133.51,133.68,6106.0,1748943900.0,2025-06-03 15:15:00+05:30
133.52,133.9,133.5,133.78,10916.0,1748944200.0,2025-06-03 15:20:00+05:30
133.74,135.0,133.74,135.0,5326.0,1748944500.0,2025-06-03 15:25:00+05:30
135.0,135.5,132.0,133.36,39050.0,1749008700.0,2025-06-04 09:15:00+05:30
133.4,133.52,132.52,133.3,6128.0,1749009000.0,2025-06-04 09:20:00+05:30
133.4,133.5,133.11,133.28,1427.0,1749009300.0,2025-06-04 09:25:00+05:30
133.27,133.6,133.08,133.25,11813.0,1749009600.0,2025-06-04 09:30:00+05:30
133.08,133.81,132.77,133.81,12146.0,1749009900.0,2025-06-04 09:35:00+05:30
133.77,133.79,133.14,133.79,5448.0,1749010200.0,2025-06-04 09:40:00+05:30
133.87,133.87,133.35,133.59,2767.0,1749010500.0,2025-06-04 09:45:00+05:30
133.58,133.58,132.55,132.76,4383.0,1749010800.0,2025-06-04 09:50:00+05:30
132.98,132.99,132.49,132.99,20956.0,1749011100.0,2025-06-04 09:55:00+05:30
132.99,133.04,132.79,133.03,970.0,1749011400.0,2025-06-04 10:00:00+05:30
132.82,133.0,132.79,133.0,697.0,1749011700.0,2025-06-04 10:05:00+05:30
133.04,133.18,132.87,133.18,1502.0,1749012000.0,2025-06-04 10:10:00+05:30
133.0,133.15,132.8,133.15,1782.0,1749012300.0,2025-06-04 10:15:00+05:30
132.97,133.29,132.97,133.29,835.0,1749012600.0,2025-06-04 10:20:00+05:30
133.25,133.37,133.25,133.3,370.0,1749012900.0,2025-06-04 10:25:00+05:30
133.3,133.31,133.0,133.1,1188.0,1749013200.0,2025-06-04 10:30:00+05:30
133.1,133.1,133.0,133.1,54.0,1749013500.0,2025-06-04 10:35:00+05:30
133.18,133.26,133.1,133.26,335.0,1749013800.0,2025-06-04 10:40:00+05:30
133.15,133.6,133.13,133.5,3307.0,1749014100.0,2025-06-04 10:45:00+05:30
133.5,133.5,133.45,133.48,4.0,1749014400.0,2025-06-04 10:50:00+05:30
133.48,133.54,133.4,133.4,120.0,1749014700.0,2025-06-04 10:55:00+05:30
133.38,133.7,133.38,133.6,851.0,1749015000.0,2025-06-04 11:00:00+05:30
133.6,133.71,133.58,133.58,192.0,1749015300.0,2025-06-04 11:05:00+05:30
133.71,133.89,133.71,133.89,219.0,1749015600.0,2025-06-04 11:10:00+05:30
133.89,133.98,133.5,133.5,1159.0,1749015900.0,2025-06-04 11:15:00+05:30
133.75,133.78,133.49,133.5,845.0,1749016200.0,2025-06-04 11:20:00+05:30
133.27,133.65,133.26,133.65,6950.0,1749016500.0,2025-06-04 11:25:00+05:30
133.65,133.89,133.65,133.89,1626.0,1749016800.0,2025-06-04 11:30:00+05:30
133.89,133.92,133.6,133.6,2994.0,1749017100.0,2025-06-04 11:35:00+05:30
133.76,133.82,133.6,133.77,1082.0,1749017400.0,2025-06-04 11:40:00+05:30
133.77,133.77,133.65,133.71,1163.0,1749017700.0,2025-06-04 11:45:00+05:30
133.8,133.8,133.5,133.68,1387.0,1749018000.0,2025-06-04 11:50:00+05:30
133.69,133.75,133.69,133.75,123.0,1749018300.0,2025-06-04 11:55:00+05:30
133.75,133.85,133.57,133.85,853.0,1749018600.0,2025-06-04 12:00:00+05:30
133.63,133.9,133.63,133.9,659.0,1749018900.0,2025-06-04 12:05:00+05:30
133.9,133.9,133.75,133.76,85.0,1749019200.0,2025-06-04 12:10:00+05:30
133.7,134.0,133.7,133.93,2810.0,1749019500.0,2025-06-04 12:15:00+05:30
133.92,133.92,132.99,132.99,7019.0,1749019800.0,2025-06-04 12:20:00+05:30
132.98,133.03,131.88,132.0,29132.0,1749020100.0,2025-06-04 12:25:00+05:30
132.43,132.47,132.26,132.26,2267.0,1749020400.0,2025-06-04 12:30:00+05:30
132.35,132.83,132.35,132.82,4913.0,1749020700.0,2025-06-04 12:35:00+05:30
132.82,132.82,132.6,132.69,1497.0,1749021000.0,2025-06-04 12:40:00+05:30
132.73,132.91,132.61,132.77,2113.0,1749021300.0,2025-06-04 12:45:00+05:30
132.81,132.81,132.68,132.8,659.0,1749021600.0,2025-06-04 12:50:00+05:30
132.66,132.93,132.66,132.78,1570.0,1749021900.0,2025-06-04 12:55:00+05:30
132.78,132.84,132.72,132.83,740.0,1749022200.0,2025-06-04 13:00:00+05:30
132.8,132.9,132.8,132.81,383.0,1749022500.0,2025-06-04 13:05:00+05:30
132.89,132.9,132.8,132.84,1876.0,1749022800.0,2025-06-04 13:10:00+05:30
132.84,132.84,132.5,132.69,1418.0,1749023100.0,2025-06-04 13:15:00+05:30
132.69,132.8,132.69,132.75,3179.0,1749023400.0,2025-06-04 13:20:00+05:30
132.75,132.99,132.65,132.99,1911.0,1749023700.0,2025-06-04 13:25:00+05:30
132.99,133.0,132.72,132.93,1329.0,1749024000.0,2025-06-04 13:30:00+05:30
132.93,132.93,132.7,132.7,313.0,1749024300.0,2025-06-04 13:35:00+05:30
132.85,132.85,132.64,132.64,317.0,1749024600.0,2025-06-04 13:40:00+05:30
132.65,132.83,132.64,132.82,1619.0,1749024900.0,2025-06-04 13:45:00+05:30
132.7,132.85,132.5,132.7,3510.0,1749025200.0,2025-06-04 13:50:00+05:30
132.7,132.8,132.56,132.75,5449.0,1749025500.0,2025-06-04 13:55:00+05:30
132.65,132.78,132.55,132.55,411.0,1749025800.0,2025-06-04 14:00:00+05:30
132.76,132.77,132.55,132.71,1079.0,1749026100.0,2025-06-04 14:05:00+05:30
132.73,132.74,132.34,132.34,3081.0,1749026400.0,2025-06-04 14:10:00+05:30
132.25,132.41,132.23,132.27,1103.0,1749026700.0,2025-06-04 14:15:00+05:30
132.27,132.41,132.27,132.27,806.0,1749027000.0,2025-06-04 14:20:00+05:30
132.27,132.41,132.23,132.25,2188.0,1749027300.0,2025-06-04 14:25:00+05:30
132.29,132.4,132.23,132.25,1410.0,1749027600.0,2025-06-04 14:30:00+05:30
132.25,132.48,132.25,132.31,4325.0,1749027900.0,2025-06-04 14:35:00+05:30
132.43,132.47,132.28,132.43,1270.0,1749028200.0,2025-06-04 14:40:00+05:30
132.43,132.8,132.43,132.58,7817.0,1749028500.0,2025-06-04 14:45:00+05:30
132.58,132.8,132.5,132.6,3798.0,1749028800.0,2025-06-04 14:50:00+05:30
132.6,132.6,132.25,132.37,4458.0,1749029100.0,2025-06-04 14:55:00+05:30
132.48,132.48,132.0,132.08,5865.0,1749029400.0,2025-06-04 15:00:00+05:30
132.19,132.4,132.0,132.3,13784.0,1749029700.0,2025-06-04 15:05:00+05:30
132.16,132.29,132.05,132.05,2281.0,1749030000.0,2025-06-04 15:10:00+05:30
132.0,132.59,132.0,132.2,10863.0,1749030300.0,2025-06-04 15:15:00+05:30
132.06,132.49,132.0,132.0,7923.0,1749030600.0,2025-06-04 15:20:00+05:30
132.0,132.5,131.98,132.44,12646.0,1749030900.0,2025-06-04 15:25:00+05:30
132.12,134.69,132.12,132.79,5801.0,1749095100.0,2025-06-05 09:15:00+05:30
132.88,133.2,132.66,133.1,4467.0,1749095400.0,2025-06-05 09:20:00+05:30
132.97,133.04,132.7,133.0,3054.0,1749095700.0,2025-06-05 09:25:00+05:30
132.86,133.0,132.51,132.71,2548.0,1749096000.0,2025-06-05 09:30:00+05:30
132.75,133.48,132.75,133.37,14177.0,1749096300.0,2025-06-05 09:35:00+05:30
133.38,133.38,132.97,133.0,2691.0,1749096600.0,2025-06-05 09:40:00+05:30
133.0,133.18,133.0,133.07,2611.0,1749096900.0,2025-06-05 09:45:00+05:30
132.85,133.41,132.85,133.18,4901.0,1749097200.0,2025-06-05 09:50:00+05:30
133.19,133.39,133.0,133.12,8627.0,1749097500.0,2025-06-05 09:55:00+05:30
133.1,133.22,133.0,133.22,2186.0,1749097800.0,2025-06-05 10:00:00+05:30
133.28,133.36,132.9,132.9,1071.0,1749098100.0,2025-06-05 10:05:00+05:30
132.9,133.15,132.9,132.96,1019.0,1749098400.0,2025-06-05 10:10:00+05:30
132.96,133.43,132.96,133.39,2288.0,1749098700.0,2025-06-05 10:15:00+05:30
133.39,133.39,133.2,133.37,950.0,1749099000.0,2025-06-05 10:20:00+05:30
133.48,133.49,133.19,133.3,999.0,1749099300.0,2025-06-05 10:25:00+05:30
133.31,133.48,133.3,133.31,3426.0,1749099600.0,2025-06-05 10:30:00+05:30
133.52,133.52,133.2,133.2,1427.0,1749099900.0,2025-06-05 10:35:00+05:30
133.29,133.49,133.2,133.34,435.0,1749100200.0,2025-06-05 10:40:00+05:30
133.48,133.79,133.25,133.69,4982.0,1749100500.0,2025-06-05 10:45:00+05:30
133.81,133.88,133.5,133.65,1859.0,1749100800.0,2025-06-05 10:50:00+05:30
133.55,133.68,133.38,133.38,556.0,1749101100.0,2025-06-05 10:55:00+05:30
133.22,133.5,133.22,133.5,817.0,1749101400.0,2025-06-05 11:00:00+05:30
133.49,133.54,133.36,133.5,1137.0,1749101700.0,2025-06-05 11:05:00+05:30
133.5,133.5,133.1,133.4,2937.0,1749102000.0,2025-06-05 11:10:00+05:30
133.3,133.32,133.19,133.19,534.0,1749102300.0,2025-06-05 11:15:00+05:30
133.1,133.29,133.1,133.25,433.0,1749102600.0,2025-06-05 11:20:00+05:30
133.25,133.35,133.16,133.16,649.0,1749102900.0,2025-06-05 11:25:00+05:30
133.39,133.39,133.26,133.36,738.0,1749103200.0,2025-06-05 11:30:00+05:30
133.36,133.36,133.1,133.1,1966.0,1749103500.0,2025-06-05 11:35:00+05:30
132.96,133.14,132.71,133.14,6801.0,1749103800.0,2025-06-05 11:40:00+05:30
133.14,133.14,133.0,133.13,492.0,1749104100.0,2025-06-05 11:45:00+05:30
133.13,133.19,133.02,133.19,674.0,1749104400.0,2025-06-05 11:50:00+05:30
133.21,133.24,133.1,133.1,181.0,1749104700.0,2025-06-05 11:55:00+05:30
133.1,133.1,132.81,132.9,1092.0,1749105000.0,2025-06-05 12:00:00+05:30
133.0,133.08,133.0,133.07,927.0,1749105300.0,2025-06-05 12:05:00+05:30
133.07,133.2,133.07,133.19,153.0,1749105600.0,2025-06-05 12:10:00+05:30
133.19,133.2,132.98,133.2,1904.0,1749105900.0,2025-06-05 12:15:00+05:30
132.95,133.14,132.95,133.07,336.0,1749106200.0,2025-06-05 12:20:00+05:30
132.96,132.99,132.55,132.6,4859.0,1749106500.0,2025-06-05 12:25:00+05:30
132.5,133.4,132.5,132.97,6089.0,1749106800.0,2025-06-05 12:30:00+05:30
132.97,132.97,132.97,132.97,0.0,1749107100.0,2025-06-05 12:35:00+05:30
133.19,133.37,133.08,133.2,3539.0,1749107400.0,2025-06-05 12:40:00+05:30
133.2,133.2,132.95,133.17,1997.0,1749107700.0,2025-06-05 12:45:00+05:30
133.18,133.18,132.9,132.97,923.0,1749108000.0,2025-06-05 12:50:00+05:30
132.98,132.99,132.67,132.88,1199.0,1749108300.0,2025-06-05 12:55:00+05:30
132.96,132.97,132.95,132.97,98.0,1749108600.0,2025-06-05 13:00:00+05:30
132.97,132.99,132.72,132.88,830.0,1749108900.0,2025-06-05 13:05:00+05:30
132.88,132.88,132.85,132.88,188.0,1749109200.0,2025-06-05 13:10:00+05:30
132.77,132.83,132.7,132.83,1811.0,1749109500.0,2025-06-05 13:15:00+05:30
132.97,133.0,132.8,133.0,1731.0,1749109800.0,2025-06-05 13:20:00+05:30
133.0,133.0,132.85,132.85,347.0,1749110100.0,2025-06-05 13:25:00+05:30
132.85,133.0,132.71,132.84,801.0,1749110400.0,2025-06-05 13:30:00+05:30
132.95,133.0,132.61,132.69,1679.0,1749110700.0,2025-06-05 13:35:00+05:30
132.79,132.95,132.79,132.82,5127.0,1749111000.0,2025-06-05 13:40:00+05:30
133.0,133.25,132.99,133.25,1694.0,1749111300.0,2025-06-05 13:45:00+05:30
133.1,133.25,133.05,133.05,730.0,1749111600.0,2025-06-05 13:50:00+05:30
133.05,133.05,133.0,133.0,703.0,1749111900.0,2025-06-05 13:55:00+05:30
133.11,133.11,133.09,133.09,127.0,1749112200.0,2025-06-05 14:00:00+05:30
133.03,133.25,133.03,133.13,335.0,1749112500.0,2025-06-05 14:05:00+05:30
133.13,133.25,133.13,133.25,788.0,1749112800.0,2025-06-05 14:10:00+05:30
133.24,133.24,133.03,133.03,578.0,1749113100.0,2025-06-05 14:15:00+05:30
133.19,133.25,133.13,133.13,479.0,1749113400.0,2025-06-05 14:20:00+05:30
133.0,133.0,132.78,132.78,880.0,1749113700.0,2025-06-05 14:25:00+05:30
132.59,132.92,132.59,132.92,3999.0,1749114000.0,2025-06-05 14:30:00+05:30
132.91,132.96,132.76,132.96,2437.0,1749114300.0,2025-06-05 14:35:00+05:30
132.96,132.96,132.59,132.65,2273.0,1749114600.0,2025-06-05 14:40:00+05:30
132.68,132.8,132.59,132.65,703.0,1749114900.0,2025-06-05 14:45:00+05:30
132.65,132.88,132.5,132.54,4075.0,1749115200.0,2025-06-05 14:50:00+05:30
132.54,132.63,132.54,132.54,805.0,1749115500.0,2025-06-05 14:55:00+05:30
132.57,132.58,132.5,132.5,2227.0,1749115800.0,2025-06-05 15:00:00+05:30
132.5,132.87,132.37,132.81,2922.0,1749116100.0,2025-06-05 15:05:00+05:30
132.81,132.81,132.5,132.5,1095.0,1749116400.0,2025-06-05 15:10:00+05:30
132.68,132.69,132.5,132.5,3432.0,1749116700.0,2025-06-05 15:15:00+05:30
132.55,132.84,132.55,132.83,5403.0,1749117000.0,2025-06-05 15:20:00+05:30
132.7,132.99,132.15,132.5,6895.0,1749117300.0,2025-06-05 15:25:00+05:30
132.6,133.45,132.58,132.85,13788.0,1749181500.0,2025-06-06 09:15:00+05:30
132.93,132.93,132.2,132.48,5191.0,1749181800.0,2025-06-06 09:20:00+05:30
132.27,132.38,132.01,132.34,3381.0,1749182100.0,2025-06-06 09:25:00+05:30
132.23,132.34,132.08,132.23,3442.0,1749182400.0,2025-06-06 09:30:00+05:30
132.24,132.28,132.0,132.24,3090.0,1749182700.0,2025-06-06 09:35:00+05:30
132.14,132.34,132.14,132.2,2530.0,1749183000.0,2025-06-06 09:40:00+05:30
132.2,132.4,132.09,132.24,3044.0,1749183300.0,2025-06-06 09:45:00+05:30
132.24,132.24,132.15,132.2,740.0,1749183600.0,2025-06-06 09:50:00+05:30
132.12,132.26,132.12,132.26,308.0,1749183900.0,2025-06-06 09:55:00+05:30
132.26,132.55,132.26,132.31,767.0,1749184200.0,2025-06-06 10:00:00+05:30
132.29,132.88,132.29,132.88,760.0,1749184500.0,2025-06-06 10:05:00+05:30
132.93,132.98,132.71,132.98,1903.0,1749184800.0,2025-06-06 10:10:00+05:30
132.98,132.98,132.93,132.93,93.0,1749185100.0,2025-06-06 10:15:00+05:30
132.92,132.92,132.71,132.88,2212.0,1749185400.0,2025-06-06 10:20:00+05:30
132.87,132.88,132.75,132.85,288.0,1749185700.0,2025-06-06 10:25:00+05:30
132.86,132.88,132.86,132.88,249.0,1749186000.0,2025-06-06 10:30:00+05:30
132.88,132.88,132.88,132.88,281.0,1749186300.0,2025-06-06 10:35:00+05:30
132.88,133.31,132.88,133.19,2166.0,1749186600.0,2025-06-06 10:40:00+05:30
133.02,133.35,133.0,133.34,1533.0,1749186900.0,2025-06-06 10:45:00+05:30
133.2,133.22,132.78,132.94,1289.0,1749187200.0,2025-06-06 10:50:00+05:30
132.96,133.1,132.82,132.92,1833.0,1749187500.0,2025-06-06 10:55:00+05:30
132.93,132.93,132.82,132.93,48.0,1749187800.0,2025-06-06 11:00:00+05:30
132.93,133.06,132.93,133.04,171.0,1749188100.0,2025-06-06 11:05:00+05:30
132.45,132.72,132.4,132.59,7383.0,1749188400.0,2025-06-06 11:10:00+05:30
132.59,132.71,132.44,132.71,3629.0,1749188700.0,2025-06-06 11:15:00+05:30
132.76,133.0,132.69,132.73,3854.0,1749189000.0,2025-06-06 11:20:00+05:30
132.73,132.89,132.73,132.79,600.0,1749189300.0,2025-06-06 11:25:00+05:30
132.72,132.72,132.68,132.7,618.0,1749189600.0,2025-06-06 11:30:00+05:30
132.72,132.84,132.68,132.68,153.0,1749189900.0,2025-06-06 11:35:00+05:30
132.68,132.9,132.68,132.83,1869.0,1749190200.0,2025-06-06 11:40:00+05:30
132.83,132.96,132.77,132.83,256.0,1749190500.0,2025-06-06 11:45:00+05:30
132.83,132.95,132.83,132.95,115.0,1749190800.0,2025-06-06 11:50:00+05:30
132.95,133.09,132.95,133.05,3320.0,1749191100.0,2025-06-06 11:55:00+05:30
132.96,133.0,132.95,133.0,120.0,1749191400.0,2025-06-06 12:00:00+05:30
133.07,133.09,133.0,133.0,180.0,1749191700.0,2025-06-06 12:05:00+05:30
133.0,133.0,132.88,132.9,1229.0,1749192000.0,2025-06-06 12:10:00+05:30
132.81,133.08,132.81,133.05,643.0,1749192300.0,2025-06-06 12:15:00+05:30
133.0,133.1,132.71,132.94,1960.0,1749192600.0,2025-06-06 12:20:00+05:30
132.97,133.04,132.97,133.04,132.0,1749192900.0,2025-06-06 12:25:00+05:30
133.0,133.2,132.97,133.2,2456.0,1749193200.0,2025-06-06 12:30:00+05:30
133.1,133.1,132.9,132.97,1999.0,1749193500.0,2025-06-06 12:35:00+05:30
132.97,132.99,132.92,132.99,426.0,1749193800.0,2025-06-06 12:40:00+05:30
133.0,133.0,132.71,132.83,868.0,1749194100.0,2025-06-06 12:45:00+05:30
132.83,132.91,132.5,132.68,4076.0,1749194400.0,2025-06-06 12:50:00+05:30
132.53,132.68,132.4,132.42,2864.0,1749194700.0,2025-06-06 12:55:00+05:30
132.62,132.79,132.49,132.49,1738.0,1749195000.0,2025-06-06 13:00:00+05:30
132.66,132.82,132.64,132.82,499.0,1749195300.0,2025-06-06 13:05:00+05:30
132.82,132.98,132.82,132.98,409.0,1749195600.0,2025-06-06 13:10:00+05:30
132.98,132.98,132.78,132.95,1048.0,1749195900.0,2025-06-06 13:15:00+05:30
132.76,132.94,132.75,132.9,502.0,1749196200.0,2025-06-06 13:20:00+05:30
132.96,132.97,132.81,132.95,733.0,1749196500.0,2025-06-06 13:25:00+05:30
132.79,132.85,132.79,132.85,249.0,1749196800.0,2025-06-06 13:30:00+05:30
132.86,132.95,132.84,132.92,1525.0,1749197100.0,2025-06-06 13:35:00+05:30
132.92,132.95,132.64,132.64,479.0,1749197400.0,2025-06-06 13:40:00+05:30
132.84,132.84,132.81,132.81,345.0,1749197700.0,2025-06-06 13:45:00+05:30
132.94,132.97,132.94,132.97,1991.0,1749198000.0,2025-06-06 13:50:00+05:30
132.99,132.99,132.99,132.99,1065.0,1749198300.0,2025-06-06 13:55:00+05:30
132.99,133.0,132.99,132.99,215.0,1749198600.0,2025-06-06 14:00:00+05:30
132.99,132.99,132.8,132.83,1122.0,1749198900.0,2025-06-06 14:05:00+05:30
132.83,133.2,132.83,132.98,3140.0,1749199200.0,2025-06-06 14:10:00+05:30
133.2,133.2,133.1,133.1,237.0,1749199500.0,2025-06-06 14:15:00+05:30
133.05,133.05,132.8,132.82,453.0,1749199800.0,2025-06-06 14:20:00+05:30
132.82,132.9,132.67,132.69,860.0,1749200100.0,2025-06-06 14:25:00+05:30
132.69,132.69,132.6,132.6,3324.0,1749200400.0,2025-06-06 14:30:00+05:30
132.65,132.75,132.57,132.75,857.0,1749200700.0,2025-06-06 14:35:00+05:30
132.75,133.0,132.66,133.0,3207.0,1749201000.0,2025-06-06 14:40:00+05:30
133.0,133.0,132.85,132.99,2906.0,1749201300.0,2025-06-06 14:45:00+05:30
132.99,133.0,132.82,132.92,4053.0,1749201600.0,2025-06-06 14:50:00+05:30
133.0,133.1,133.0,133.1,5561.0,1749201900.0,2025-06-06 14:55:00+05:30
133.1,133.3,133.0,133.3,9788.0,1749202200.0,2025-06-06 15:00:00+05:30
133.25,133.78,133.25,133.5,7049.0,1749202500.0,2025-06-06 15:05:00+05:30
133.48,133.5,133.35,133.5,1621.0,1749202800.0,2025-06-06 15:10:00+05:30
133.5,133.5,133.03,133.42,5663.0,1749203100.0,2025-06-06 15:15:00+05:30
133.41,133.56,133.25,133.32,3185.0,1749203400.0,2025-06-06 15:20:00+05:30
133.32,134.0,133.13,133.46,7256.0,1749203700.0,2025-06-06 15:25:00+05:30
133.1,135.59,133.1,134.2,19101.0,1749440700.0,2025-06-09 09:15:00+05:30
134.57,134.57,133.7,133.72,4026.0,1749441000.0,2025-06-09 09:20:00+05:30
133.72,134.52,133.36,134.52,9175.0,1749441300.0,2025-06-09 09:25:00+05:30
134.53,134.79,133.96,134.19,3930.0,1749441600.0,2025-06-09 09:30:00+05:30
134.34,134.8,134.26,134.8,4085.0,1749441900.0,2025-06-09 09:35:00+05:30
134.58,134.79,134.34,134.51,3201.0,1749442200.0,2025-06-09 09:40:00+05:30
134.35,135.0,134.16,134.82,4098.0,1749442500.0,2025-06-09 09:45:00+05:30
134.82,135.5,134.73,135.05,12946.0,1749442800.0,2025-06-09 09:50:00+05:30
134.98,135.41,134.98,135.14,4315.0,1749443100.0,2025-06-09 09:55:00+05:30
135.26,135.5,134.64,134.82,12247.0,1749443400.0,2025-06-09 10:00:00+05:30
134.82,135.11,134.64,134.64,5547.0,1749443700.0,2025-06-09 10:05:00+05:30
134.86,134.9,134.68,134.89,1048.0,1749444000.0,2025-06-09 10:10:00+05:30
135.0,135.0,134.22,134.69,12477.0,1749444300.0,2025-06-09 10:15:00+05:30
134.69,134.89,134.65,134.72,1711.0,1749444600.0,2025-06-09 10:20:00+05:30
134.65,134.76,134.56,134.74,910.0,1749444900.0,2025-06-09 10:25:00+05:30
134.61,134.75,134.5,134.67,4255.0,1749445200.0,2025-06-09 10:30:00+05:30
134.34,134.68,134.34,134.68,2965.0,1749445500.0,2025-06-09 10:35:00+05:30
134.68,134.68,134.55,134.68,432.0,1749445800.0,2025-06-09 10:40:00+05:30
134.81,134.84,134.55,134.72,4506.0,1749446100.0,2025-06-09 10:45:00+05:30
134.7,134.73,134.31,134.53,4756.0,1749446400.0,2025-06-09 10:50:00+05:30
134.51,134.51,134.18,134.33,1089.0,1749446700.0,2025-06-09 10:55:00+05:30
134.4,134.47,134.2,134.3,1574.0,1749447000.0,2025-06-09 11:00:00+05:30
134.24,134.44,134.24,134.42,308.0,1749447300.0,2025-06-09 11:05:00+05:30
134.42,134.46,134.2,134.2,1688.0,1749447600.0,2025-06-09 11:10:00+05:30
134.2,134.43,134.2,134.43,336.0,1749447900.0,2025-06-09 11:15:00+05:30
134.49,134.49,134.34,134.42,2286.0,1749448200.0,2025-06-09 11:20:00+05:30
134.23,134.23,134.08,134.22,3111.0,1749448500.0,2025-06-09 11:25:00+05:30
134.22,134.4,134.22,134.4,1646.0,1749448800.0,2025-06-09 11:30:00+05:30
134.41,134.79,134.41,134.54,2459.0,1749449100.0,2025-06-09 11:35:00+05:30
134.68,134.79,134.47,134.71,11613.0,1749449400.0,2025-06-09 11:40:00+05:30
134.71,135.3,134.71,134.95,4207.0,1749449700.0,2025-06-09 11:45:00+05:30
134.87,134.94,134.8,134.83,580.0,1749450000.0,2025-06-09 11:50:00+05:30
134.96,135.05,134.86,134.86,1769.0,1749450300.0,2025-06-09 11:55:00+05:30
134.99,135.0,134.81,134.81,1528.0,1749450600.0,2025-06-09 12:00:00+05:30
134.81,135.0,134.55,134.99,3246.0,1749450900.0,2025-06-09 12:05:00+05:30
135.0,135.0,133.88,133.99,20402.0,1749451200.0,2025-06-09 12:10:00+05:30
134.01,134.02,133.8,133.88,1577.0,1749451500.0,2025-06-09 12:15:00+05:30
133.89,133.89,133.15,133.15,13305.0,1749451800.0,2025-06-09 12:20:00+05:30
133.15,133.5,132.51,133.26,59878.0,1749452100.0,2025-06-09 12:25:00+05:30
133.22,133.65,133.22,133.53,2790.0,1749452400.0,2025-06-09 12:30:00+05:30
133.53,133.92,133.53,133.85,8173.0,1749452700.0,2025-06-09 12:35:00+05:30
133.9,133.96,133.03,133.44,34583.0,1749453000.0,2025-06-09 12:40:00+05:30
133.21,133.21,132.75,132.82,5326.0,1749453300.0,2025-06-09 12:45:00+05:30
132.82,132.95,132.31,132.4,21484.0,1749453600.0,2025-06-09 12:50:00+05:30
132.38,133.19,132.35,132.99,9543.0,1749453900.0,2025-06-09 12:55:00+05:30
132.96,133.05,132.88,132.9,1454.0,1749454200.0,2025-06-09 13:00:00+05:30
132.9,133.29,132.9,132.99,5196.0,1749454500.0,2025-06-09 13:05:00+05:30
132.99,133.29,132.9,133.05,2373.0,1749454800.0,2025-06-09 13:10:00+05:30
133.06,133.48,133.05,133.05,3139.0,1749455100.0,2025-06-09 13:15:00+05:30
133.05,133.29,132.89,132.93,4617.0,1749455400.0,2025-06-09 13:20:00+05:30
132.92,133.24,132.91,133.07,1911.0,1749455700.0,2025-06-09 13:25:00+05:30
133.01,133.44,133.01,133.21,5613.0,1749456000.0,2025-06-09 13:30:00+05:30
133.21,133.47,133.21,133.47,3318.0,1749456300.0,2025-06-09 13:35:00+05:30
133.36,133.67,133.12,133.13,11935.0,1749456600.0,2025-06-09 13:40:00+05:30
133.13,133.13,133.0,133.0,3257.0,1749456900.0,2025-06-09 13:45:00+05:30
133.0,133.36,133.0,133.04,2238.0,1749457200.0,2025-06-09 13:50:00+05:30
133.01,133.2,133.0,133.01,913.0,1749457500.0,2025-06-09 13:55:00+05:30
133.01,133.25,133.0,133.06,1762.0,1749457800.0,2025-06-09 14:00:00+05:30
133.06,133.25,133.06,133.19,1426.0,1749458100.0,2025-06-09 14:05:00+05:30
133.1,133.17,132.99,133.02,4454.0,1749458400.0,2025-06-09 14:10:00+05:30
133.02,133.22,133.0,133.03,841.0,1749458700.0,2025-06-09 14:15:00+05:30
132.94,132.97,132.4,132.55,20540.0,1749459000.0,2025-06-09 14:20:00+05:30
132.55,132.67,132.53,132.59,1606.0,1749459300.0,2025-06-09 14:25:00+05:30
132.58,132.75,132.54,132.55,2453.0,1749459600.0,2025-06-09 14:30:00+05:30
132.54,132.72,132.5,132.58,3861.0,1749459900.0,2025-06-09 14:35:00+05:30
132.61,132.75,132.6,132.61,1542.0,1749460200.0,2025-06-09 14:40:00+05:30
132.61,132.82,132.61,132.77,2474.0,1749460500.0,2025-06-09 14:45:00+05:30
132.77,132.85,132.7,132.77,1594.0,1749460800.0,2025-06-09 14:50:00+05:30
132.77,132.9,132.7,132.7,1169.0,1749461100.0,2025-06-09 14:55:00+05:30
132.79,132.89,132.65,132.65,2915.0,1749461400.0,2025-06-09 15:00:00+05:30
132.65,133.3,132.65,133.07,10366.0,1749461700.0,2025-06-09 15:05:00+05:30
133.03,133.03,132.6,132.73,8555.0,1749462000.0,2025-06-09 15:10:00+05:30
132.95,132.95,132.65,132.7,5013.0,1749462300.0,2025-06-09 15:15:00+05:30
132.77,133.15,132.7,133.01,11380.0,1749462600.0,2025-06-09 15:20:00+05:30
133.07,134.15,132.85,134.15,12663.0,1749462900.0,2025-06-09 15:25:00+05:30
133.85,134.21,133.11,133.72,10591.0,1749527100.0,2025-06-10 09:15:00+05:30
133.51,133.76,133.21,133.33,10383.0,1749527400.0,2025-06-10 09:20:00+05:30
133.33,133.35,132.8,132.83,9303.0,1749527700.0,2025-06-10 09:25:00+05:30
133.0,133.41,132.83,133.07,3917.0,1749528000.0,2025-06-10 09:30:00+05:30
133.02,133.36,133.0,133.18,2939.0,1749528300.0,2025-06-10 09:35:00+05:30
133.1,133.49,133.02,133.18,3685.0,1749528600.0,2025-06-10 09:40:00+05:30
133.08,133.33,132.95,133.13,11519.0,1749528900.0,2025-06-10 09:45:00+05:30
132.98,133.3,132.97,133.3,2327.0,1749529200.0,2025-06-10 09:50:00+05:30
133.26,133.39,133.02,133.13,4839.0,1749529500.0,2025-06-10 09:55:00+05:30
133.02,133.2,132.97,132.97,4567.0,1749529800.0,2025-06-10 10:00:00+05:30
132.97,133.14,132.97,133.11,2579.0,1749530100.0,2025-06-10 10:05:00+05:30
133.02,133.11,133.02,133.02,1731.0,1749530400.0,2025-06-10 10:10:00+05:30
133.04,133.31,132.95,133.16,5410.0,1749530700.0,2025-06-10 10:15:00+05:30
132.98,133.36,132.97,133.09,2555.0,1749531000.0,2025-06-10 10:20:00+05:30
133.27,133.32,133.0,133.15,1915.0,1749531300.0,2025-06-10 10:25:00+05:30
133.15,133.15,133.0,133.0,946.0,1749531600.0,2025-06-10 10:30:00+05:30
133.0,133.14,133.0,133.0,914.0,1749531900.0,2025-06-10 10:35:00+05:30
133.0,133.1,132.9,132.9,1832.0,1749532200.0,2025-06-10 10:40:00+05:30
132.9,133.17,132.9,133.03,1787.0,1749532500.0,2025-06-10 10:45:00+05:30
132.96,132.96,132.82,132.82,3422.0,1749532800.0,2025-06-10 10:50:00+05:30
132.82,132.9,132.6,132.78,7417.0,1749533100.0,2025-06-10 10:55:00+05:30
132.7,133.0,132.7,132.9,3281.0,1749533400.0,2025-06-10 11:00:00+05:30
132.76,132.93,132.75,132.76,1739.0,1749533700.0,2025-06-10 11:05:00+05:30
132.75,133.2,132.75,133.2,8862.0,1749534000.0,2025-06-10 11:10:00+05:30
133.12,133.32,133.09,133.26,1523.0,1749534300.0,2025-06-10 11:15:00+05:30
133.27,133.28,133.09,133.09,3995.0,1749534600.0,2025-06-10 11:20:00+05:30
133.09,133.19,133.09,133.09,1260.0,1749534900.0,2025-06-10 11:25:00+05:30
133.09,133.2,133.01,133.03,3462.0,1749535200.0,2025-06-10 11:30:00+05:30
133.03,133.17,132.87,132.87,3527.0,1749535500.0,2025-06-10 11:35:00+05:30
132.87,133.03,132.7,133.0,1945.0,1749535800.0,2025-06-10 11:40:00+05:30
132.87,132.99,132.73,132.73,1077.0,1749536100.0,2025-06-10 11:45:00+05:30
132.73,133.28,132.67,133.01,7292.0,1749536400.0,2025-06-10 11:50:00+05:30
133.01,133.3,132.95,132.95,1084.0,1749536700.0,2025-06-10 11:55:00+05:30
133.16,133.17,132.8,132.87,1658.0,1749537000.0,2025-06-10 12:00:00+05:30
132.87,133.29,132.87,132.91,1895.0,1749537300.0,2025-06-10 12:05:00+05:30
133.29,133.29,132.63,132.72,4827.0,1749537600.0,2025-06-10 12:10:00+05:30
132.72,132.91,132.7,132.7,1008.0,1749537900.0,2025-06-10 12:15:00+05:30
132.7,132.88,132.5,132.66,7359.0,1749538200.0,2025-06-10 12:20:00+05:30
132.66,132.86,132.66,132.66,1951.0,1749538500.0,2025-06-10 12:25:00+05:30
132.74,132.85,132.6,132.6,1567.0,1749538800.0,2025-06-10 12:30:00+05:30
132.6,132.89,132.6,132.66,1886.0,1749539100.0,2025-06-10 12:35:00+05:30
132.66,132.95,132.6,132.9,1252.0,1749539400.0,2025-06-10 12:40:00+05:30
132.72,132.9,132.65,132.7,1451.0,1749539700.0,2025-06-10 12:45:00+05:30
132.7,132.88,132.6,132.75,3679.0,1749540000.0,2025-06-10 12:50:00+05:30
132.72,132.87,132.65,132.65,762.0,1749540300.0,2025-06-10 12:55:00+05:30
132.65,132.75,132.6,132.62,1951.0,1749540600.0,2025-06-10 13:00:00+05:30
132.61,132.75,132.6,132.6,1411.0,1749540900.0,2025-06-10 13:05:00+05:30
132.73,132.74,132.6,132.61,964.0,1749541200.0,2025-06-10 13:10:00+05:30
132.61,132.93,132.61,132.89,3426.0,1749541500.0,2025-06-10 13:15:00+05:30
132.9,132.9,132.6,132.6,1455.0,1749541800.0,2025-06-10 13:20:00+05:30
132.6,132.75,132.6,132.61,1183.0,1749542100.0,2025-06-10 13:25:00+05:30
132.61,132.75,132.6,132.73,1891.0,1749542400.0,2025-06-10 13:30:00+05:30
132.6,133.2,132.6,132.78,6298.0,1749542700.0,2025-06-10 13:35:00+05:30
132.74,132.97,132.74,132.84,933.0,1749543000.0,2025-06-10 13:40:00+05:30
132.84,133.06,132.8,133.06,1001.0,1749543300.0,2025-06-10 13:45:00+05:30
133.06,133.06,132.81,132.83,1132.0,1749543600.0,2025-06-10 13:50:00+05:30
132.81,133.06,132.8,133.01,2310.0,1749543900.0,2025-06-10 13:55:00+05:30
132.9,133.24,132.81,133.19,4264.0,1749544200.0,2025-06-10 14:00:00+05:30
133.08,133.5,133.05,133.24,3531.0,1749544500.0,2025-06-10 14:05:00+05:30
133.19,133.31,133.05,133.05,892.0,1749544800.0,2025-06-10 14:10:00+05:30
133.03,133.5,132.95,133.32,2842.0,1749545100.0,2025-06-10 14:15:00+05:30
133.32,133.8,133.31,133.36,4240.0,1749545400.0,2025-06-10 14:20:00+05:30
133.36,133.58,133.32,133.32,944.0,1749545700.0,2025-06-10 14:25:00+05:30
133.33,133.86,133.22,133.6,5530.0,1749546000.0,2025-06-10 14:30:00+05:30
133.59,133.78,133.59,133.61,1056.0,1749546300.0,2025-06-10 14:35:00+05:30
133.7,134.09,133.56,133.64,19453.0,1749546600.0,2025-06-10 14:40:00+05:30
133.64,133.66,133.43,133.6,1579.0,1749546900.0,2025-06-10 14:45:00+05:30
133.6,133.78,133.35,133.35,2514.0,1749547200.0,2025-06-10 14:50:00+05:30
133.33,133.76,133.28,133.69,1859.0,1749547500.0,2025-06-10 14:55:00+05:30
133.7,134.0,133.66,133.91,4292.0,1749547800.0,2025-06-10 15:00:00+05:30
133.91,134.09,133.61,133.95,11018.0,1749548100.0,2025-06-10 15:05:00+05:30
133.95,134.04,133.87,134.04,2972.0,1749548400.0,2025-06-10 15:10:00+05:30
134.05,134.17,133.9,134.0,4551.0,1749548700.0,2025-06-10 15:15:00+05:30
134.0,134.2,134.0,134.2,8530.0,1749549000.0,2025-06-10 15:20:00+05:30
134.11,134.2,133.5,134.0,15569.0,1749549300.0,2025-06-10 15:25:00+05:30
134.45,134.7,133.5,134.01,12829.0,1749613500.0,2025-06-11 09:15:00+05:30
134.01,134.21,133.5,133.66,9443.0,1749613800.0,2025-06-11 09:20:00+05:30
133.66,133.91,133.5,133.53,5805.0,1749614100.0,2025-06-11 09:25:00+05:30
133.56,134.0,133.39,133.63,18669.0,1749614400.0,2025-06-11 09:30:00+05:30
133.77,133.89,133.56,133.72,6044.0,1749614700.0,2025-06-11 09:35:00+05:30
133.71,133.97,133.7,133.7,3677.0,1749615000.0,2025-06-11 09:40:00+05:30
133.7,133.81,133.42,133.49,5152.0,1749615300.0,2025-06-11 09:45:00+05:30
133.49,133.49,133.25,133.3,4893.0,1749615600.0,2025-06-11 09:50:00+05:30
133.3,133.47,133.2,133.27,2289.0,1749615900.0,2025-06-11 09:55:00+05:30
133.27,133.44,133.11,133.24,5128.0,1749616200.0,2025-06-11 10:00:00+05:30
133.24,133.5,133.2,133.37,2955.0,1749616500.0,2025-06-11 10:05:00+05:30
133.22,133.61,133.22,133.42,3782.0,1749616800.0,2025-06-11 10:10:00+05:30
133.42,133.71,133.31,133.34,2856.0,1749617100.0,2025-06-11 10:15:00+05:30
133.34,133.52,133.31,133.52,1981.0,1749617400.0,2025-06-11 10:20:00+05:30
133.52,133.66,133.36,133.36,2986.0,1749617700.0,2025-06-11 10:25:00+05:30
133.36,133.57,133.3,133.34,2340.0,1749618000.0,2025-06-11 10:30:00+05:30
133.34,133.4,133.12,133.12,1844.0,1749618300.0,2025-06-11 10:35:00+05:30
133.25,133.47,133.14,133.26,1132.0,1749618600.0,2025-06-11 10:40:00+05:30
133.23,133.49,133.16,133.38,1826.0,1749618900.0,2025-06-11 10:45:00+05:30
133.39,133.42,133.19,133.2,1525.0,1749619200.0,2025-06-11 10:50:00+05:30
133.2,133.33,133.16,133.2,1203.0,1749619500.0,2025-06-11 10:55:00+05:30
133.2,133.43,133.2,133.28,4807.0,1749619800.0,2025-06-11 11:00:00+05:30
133.28,133.59,133.21,133.37,2866.0,1749620100.0,2025-06-11 11:05:00+05:30
133.34,133.41,133.2,133.32,7108.0,1749620400.0,2025-06-11 11:10:00+05:30
133.33,133.46,133.26,133.33,1851.0,1749620700.0,2025-06-11 11:15:00+05:30
133.33,133.56,133.25,133.5,2887.0,1749621000.0,2025-06-11 11:20:00+05:30
133.36,133.6,133.35,133.4,1128.0,1749621300.0,2025-06-11 11:25:00+05:30
133.4,133.7,133.4,133.51,3556.0,1749621600.0,2025-06-11 11:30:00+05:30
133.42,133.68,133.42,133.54,6010.0,1749621900.0,2025-06-11 11:35:00+05:30
133.65,133.65,133.35,133.4,4189.0,1749622200.0,2025-06-11 11:40:00+05:30
133.51,133.64,133.4,133.47,2075.0,1749622500.0,2025-06-11 11:45:00+05:30
133.47,133.63,133.41,133.63,1060.0,1749622800.0,2025-06-11 11:50:00+05:30
133.55,133.65,133.55,133.55,773.0,1749623100.0,2025-06-11 11:55:00+05:30
133.65,133.67,133.55,133.6,1074.0,1749623400.0,2025-06-11 12:00:00+05:30
133.6,133.74,133.6,133.62,2585.0,1749623700.0,2025-06-11 12:05:00+05:30
133.62,133.72,133.61,133.62,1951.0,1749624000.0,2025-06-11 12:10:00+05:30
133.62,133.62,133.5,133.5,2436.0,1749624300.0,2025-06-11 12:15:00+05:30
133.46,133.67,133.42,133.52,2619.0,1749624600.0,2025-06-11 12:20:00+05:30
133.52,133.69,133.47,133.57,5009.0,1749624900.0,2025-06-11 12:25:00+05:30
133.57,133.64,133.5,133.55,1547.0,1749625200.0,2025-06-11 12:30:00+05:30
133.55,133.68,133.51,133.54,1023.0,1749625500.0,2025-06-11 12:35:00+05:30
133.54,133.67,133.4,133.4,2746.0,1749625800.0,2025-06-11 12:40:00+05:30
133.4,133.81,133.38,133.39,10926.0,1749626100.0,2025-06-11 12:45:00+05:30
133.39,133.52,133.32,133.32,997.0,1749626400.0,2025-06-11 12:50:00+05:30
133.32,133.68,133.32,133.55,1785.0,1749626700.0,2025-06-11 12:55:00+05:30
133.51,133.71,133.45,133.46,2004.0,1749627000.0,2025-06-11 13:00:00+05:30
133.46,133.62,133.37,133.37,991.0,1749627300.0,2025-06-11 13:05:00+05:30
133.37,133.59,133.33,133.44,4150.0,1749627600.0,2025-06-11 13:10:00+05:30
133.44,133.5,133.33,133.34,820.0,1749627900.0,2025-06-11 13:15:00+05:30
133.36,133.74,133.34,133.35,3982.0,1749628200.0,2025-06-11 13:20:00+05:30
133.35,133.47,133.2,133.25,6436.0,1749628500.0,2025-06-11 13:25:00+05:30
133.16,133.24,133.0,133.14,11650.0,1749628800.0,2025-06-11 13:30:00+05:30
133.01,133.06,133.0,133.0,3750.0,1749629100.0,2025-06-11 13:35:00+05:30
133.0,133.0,132.8,132.8,7126.0,1749629400.0,2025-06-11 13:40:00+05:30
132.8,132.83,132.6,132.64,6694.0,1749629700.0,2025-06-11 13:45:00+05:30
132.64,132.64,132.0,132.03,11916.0,1749630000.0,2025-06-11 13:50:00+05:30
132.0,132.49,132.0,132.43,2533.0,1749630300.0,2025-06-11 13:55:00+05:30
132.33,132.47,132.33,132.37,1425.0,1749630600.0,2025-06-11 14:00:00+05:30
132.37,132.5,132.11,132.2,7080.0,1749630900.0,2025-06-11 14:05:00+05:30
132.1,132.57,132.1,132.22,4412.0,1749631200.0,2025-06-11 14:10:00+05:30
132.2,132.42,132.05,132.2,4245.0,1749631500.0,2025-06-11 14:15:00+05:30
132.34,132.87,132.2,132.83,2729.0,1749631800.0,2025-06-11 14:20:00+05:30
132.83,132.83,132.47,132.75,3115.0,1749632100.0,2025-06-11 14:25:00+05:30
132.63,132.8,132.51,132.73,2944.0,1749632400.0,2025-06-11 14:30:00+05:30
132.73,133.0,132.63,132.9,3867.0,1749632700.0,2025-06-11 14:35:00+05:30
133.0,133.0,132.55,132.77,4213.0,1749633000.0,2025-06-11 14:40:00+05:30
132.77,133.0,132.75,132.94,3122.0,1749633300.0,2025-06-11 14:45:00+05:30
132.94,133.0,132.47,132.56,8451.0,1749633600.0,2025-06-11 14:50:00+05:30
132.65,132.72,132.56,132.59,1781.0,1749633900.0,2025-06-11 14:55:00+05:30
132.72,133.42,132.72,133.26,6795.0,1749634200.0,2025-06-11 15:00:00+05:30
133.26,133.3,132.78,133.21,6181.0,1749634500.0,2025-06-11 15:05:00+05:30
133.2,133.27,133.0,133.11,1812.0,1749634800.0,2025-06-11 15:10:00+05:30
133.13,133.24,132.59,133.03,12949.0,1749635100.0,2025-06-11 15:15:00+05:30
133.04,133.23,132.91,133.1,5877.0,1749635400.0,2025-06-11 15:20:00+05:30
133.11,133.5,132.9,133.25,10090.0,1749635700.0,2025-06-11 15:25:00+05:30
133.35,133.94,133.11,133.62,10008.0,1749699900.0,2025-06-12 09:15:00+05:30
133.48,133.72,133.1,133.28,5588.0,1749700200.0,2025-06-12 09:20:00+05:30
133.28,133.28,132.81,132.81,3037.0,1749700500.0,2025-06-12 09:25:00+05:30
132.76,133.0,132.75,132.82,6832.0,1749700800.0,2025-06-12 09:30:00+05:30
132.81,133.0,132.56,132.69,14333.0,1749701100.0,2025-06-12 09:35:00+05:30
132.69,132.81,131.5,131.72,39135.0,1749701400.0,2025-06-12 09:40:00+05:30
131.6,131.9,131.6,131.9,2607.0,1749701700.0,2025-06-12 09:45:00+05:30
131.9,132.31,131.81,131.93,17727.0,1749702000.0,2025-06-12 09:50:00+05:30
132.02,132.15,131.87,131.87,3037.0,1749702300.0,2025-06-12 09:55:00+05:30
131.88,132.0,131.74,131.75,6939.0,1749702600.0,2025-06-12 10:00:00+05:30
131.75,131.81,131.55,131.65,6423.0,1749702900.0,2025-06-12 10:05:00+05:30
131.65,131.88,131.65,131.84,3422.0,1749703200.0,2025-06-12 10:10:00+05:30
131.85,132.01,131.75,131.87,4978.0,1749703500.0,2025-06-12 10:15:00+05:30
131.87,131.95,131.66,131.85,4517.0,1749703800.0,2025-06-12 10:20:00+05:30
131.95,132.0,131.8,131.86,1623.0,1749704100.0,2025-06-12 10:25:00+05:30
131.86,132.21,131.86,132.05,2983.0,1749704400.0,2025-06-12 10:30:00+05:30
132.05,132.18,131.87,131.92,6561.0,1749704700.0,2025-06-12 10:35:00+05:30
131.92,132.1,131.87,132.0,3840.0,1749705000.0,2025-06-12 10:40:00+05:30
132.01,132.19,131.91,132.01,4408.0,1749705300.0,2025-06-12 10:45:00+05:30
132.01,132.14,131.98,132.1,1864.0,1749705600.0,2025-06-12 10:50:00+05:30
132.09,132.23,132.0,132.09,1099.0,1749705900.0,2025-06-12 10:55:00+05:30
132.18,132.3,132.09,132.15,1976.0,1749706200.0,2025-06-12 11:00:00+05:30
132.15,132.23,132.06,132.07,317.0,1749706500.0,2025-06-12 11:05:00+05:30
132.07,132.21,132.0,132.06,489.0,1749706800.0,2025-06-12 11:10:00+05:30
132.06,132.17,131.97,132.15,1720.0,1749707100.0,2025-06-12 11:15:00+05:30
132.05,132.07,131.71,131.76,3094.0,1749707400.0,2025-06-12 11:20:00+05:30
131.8,131.91,131.75,131.75,8116.0,1749707700.0,2025-06-12 11:25:00+05:30
131.75,131.8,131.7,131.72,1200.0,1749708000.0,2025-06-12 11:30:00+05:30
131.71,131.78,131.5,131.5,3496.0,1749708300.0,2025-06-12 11:35:00+05:30
131.51,131.71,131.5,131.69,934.0,1749708600.0,2025-06-12 11:40:00+05:30
131.7,131.7,131.45,131.47,3706.0,1749708900.0,2025-06-12 11:45:00+05:30
131.57,131.67,131.48,131.55,939.0,1749709200.0,2025-06-12 11:50:00+05:30
131.55,131.65,131.46,131.46,521.0,1749709500.0,2025-06-12 11:55:00+05:30
131.58,131.58,131.3,131.43,3303.0,1749709800.0,2025-06-12 12:00:00+05:30
131.43,131.52,131.12,131.27,5222.0,1749710100.0,2025-06-12 12:05:00+05:30
131.27,131.39,131.24,131.25,453.0,1749710400.0,2025-06-12 12:10:00+05:30
131.25,131.39,131.25,131.3,586.0,1749710700.0,2025-06-12 12:15:00+05:30
131.27,131.7,131.27,131.7,12836.0,1749711000.0,2025-06-12 12:20:00+05:30
131.54,131.7,131.33,131.45,2718.0,1749711300.0,2025-06-12 12:25:00+05:30
131.37,131.49,131.3,131.35,728.0,1749711600.0,2025-06-12 12:30:00+05:30
131.36,131.58,131.35,131.4,1046.0,1749711900.0,2025-06-12 12:35:00+05:30
131.39,131.56,131.39,131.56,841.0,1749712200.0,2025-06-12 12:40:00+05:30
131.44,131.56,131.25,131.28,5170.0,1749712500.0,2025-06-12 12:45:00+05:30
131.28,131.77,131.25,131.66,2611.0,1749712800.0,2025-06-12 12:50:00+05:30
131.64,131.94,131.64,131.7,10058.0,1749713100.0,2025-06-12 12:55:00+05:30
131.7,131.91,131.7,131.7,1396.0,1749713400.0,2025-06-12 13:00:00+05:30
131.7,131.85,131.7,131.7,517.0,1749713700.0,2025-06-12 13:05:00+05:30
131.7,131.79,131.62,131.65,2851.0,1749714000.0,2025-06-12 13:10:00+05:30
131.65,131.76,131.62,131.65,2105.0,1749714300.0,2025-06-12 13:15:00+05:30
131.65,131.93,131.65,131.66,1261.0,1749714600.0,2025-06-12 13:20:00+05:30
131.66,131.8,131.5,131.55,2166.0,1749714900.0,2025-06-12 13:25:00+05:30
131.67,131.67,131.35,131.44,3016.0,1749715200.0,2025-06-12 13:30:00+05:30
131.41,131.55,131.3,131.3,3531.0,1749715500.0,2025-06-12 13:35:00+05:30
131.25,131.42,131.15,131.15,3950.0,1749715800.0,2025-06-12 13:40:00+05:30
131.15,131.26,131.03,131.12,2167.0,1749716100.0,2025-06-12 13:45:00+05:30
131.11,131.31,131.1,131.15,451.0,1749716400.0,2025-06-12 13:50:00+05:30
131.29,131.46,131.19,131.2,1590.0,1749716700.0,2025-06-12 13:55:00+05:30
131.2,131.34,131.05,131.06,1916.0,1749717000.0,2025-06-12 14:00:00+05:30
131.06,131.22,130.78,130.82,17735.0,1749717300.0,2025-06-12 14:05:00+05:30
130.78,131.19,130.74,130.79,1808.0,1749717600.0,2025-06-12 14:10:00+05:30
130.93,131.79,130.92,131.44,3347.0,1749717900.0,2025-06-12 14:15:00+05:30
131.32,131.65,131.11,131.12,3408.0,1749718200.0,2025-06-12 14:20:00+05:30
131.12,131.29,131.0,131.25,1988.0,1749718500.0,2025-06-12 14:25:00+05:30
131.38,131.77,131.25,131.63,1863.0,1749718800.0,2025-06-12 14:30:00+05:30
131.66,131.81,131.53,131.73,4754.0,1749719100.0,2025-06-12 14:35:00+05:30
131.62,131.8,131.51,131.69,3544.0,1749719400.0,2025-06-12 14:40:00+05:30
131.69,132.0,131.66,131.75,3294.0,1749719700.0,2025-06-12 14:45:00+05:30
131.75,131.83,131.5,131.5,9093.0,1749720000.0,2025-06-12 14:50:00+05:30
131.45,131.57,131.37,131.5,7002.0,1749720300.0,2025-06-12 14:55:00+05:30
131.56,132.47,131.5,132.01,18058.0,1749720600.0,2025-06-12 15:00:00+05:30
132.02,132.13,131.7,131.92,2272.0,1749720900.0,2025-06-12 15:05:00+05:30
131.93,132.0,131.76,131.76,4517.0,1749721200.0,2025-06-12 15:10:00+05:30
131.6,131.93,131.6,131.66,4259.0,1749721500.0,2025-06-12 15:15:00+05:30
131.73,132.2,131.27,131.31,18602.0,1749721800.0,2025-06-12 15:20:00+05:30
131.46,131.8,131.0,131.0,11778.0,1749722100.0,2025-06-12 15:25:00+05:30
130.7,131.0,128.41,128.92,30116.0,1749786300.0,2025-06-13 09:15:00+05:30
128.93,128.98,128.25,128.52,15230.0,1749786600.0,2025-06-13 09:20:00+05:30
128.76,129.62,128.23,129.35,7486.0,1749786900.0,2025-06-13 09:25:00+05:30
129.37,129.37,128.8,128.99,16985.0,1749787200.0,2025-06-13 09:30:00+05:30
129.08,129.85,129.08,129.49,6344.0,1749787500.0,2025-06-13 09:35:00+05:30
129.5,129.5,128.75,128.98,5610.0,1749787800.0,2025-06-13 09:40:00+05:30
128.96,129.28,128.85,129.15,3236.0,1749788100.0,2025-06-13 09:45:00+05:30
129.15,130.09,129.15,129.94,8167.0,1749788400.0,2025-06-13 09:50:00+05:30
129.94,130.0,129.7,129.99,2268.0,1749788700.0,2025-06-13 09:55:00+05:30
129.99,130.0,129.88,130.0,1322.0,1749789000.0,2025-06-13 10:00:00+05:30
130.0,130.23,129.84,129.97,7783.0,1749789300.0,2025-06-13 10:05:00+05:30
130.1,130.22,129.9,130.12,2412.0,1749789600.0,2025-06-13 10:10:00+05:30
130.13,130.38,129.97,130.34,2431.0,1749789900.0,2025-06-13 10:15:00+05:30
130.39,130.39,130.04,130.19,3115.0,1749790200.0,2025-06-13 10:20:00+05:30
130.19,130.33,130.06,130.25,2487.0,1749790500.0,2025-06-13 10:25:00+05:30
130.16,130.43,130.15,130.26,2804.0,1749790800.0,2025-06-13 10:30:00+05:30
130.26,130.4,130.15,130.15,2256.0,1749791100.0,2025-06-13 10:35:00+05:30
130.15,130.33,130.15,130.18,1417.0,1749791400.0,2025-06-13 10:40:00+05:30
130.34,130.92,130.2,130.5,6244.0,1749791700.0,2025-06-13 10:45:00+05:30
130.5,130.72,130.45,130.48,1127.0,1749792000.0,2025-06-13 10:50:00+05:30
130.47,130.56,130.16,130.16,1213.0,1749792300.0,2025-06-13 10:55:00+05:30
130.16,130.32,130.15,130.21,1023.0,1749792600.0,2025-06-13 11:00:00+05:30
130.21,130.36,130.06,130.11,1554.0,1749792900.0,2025-06-13 11:05:00+05:30
130.11,130.32,129.88,129.99,2599.0,1749793200.0,2025-06-13 11:10:00+05:30
130.0,130.0,129.92,130.0,456.0,1749793500.0,2025-06-13 11:15:00+05:30
130.0,130.0,129.75,129.97,2623.0,1749793800.0,2025-06-13 11:20:00+05:30
129.97,129.97,129.74,129.94,428.0,1749794100.0,2025-06-13 11:25:00+05:30
129.93,130.0,129.77,130.0,1280.0,1749794400.0,2025-06-13 11:30:00+05:30
130.0,130.0,129.99,129.99,141.0,1749794700.0,2025-06-13 11:35:00+05:30
130.0,130.0,129.98,129.98,230.0,1749795000.0,2025-06-13 11:40:00+05:30
130.0,130.0,129.98,129.98,573.0,1749795300.0,2025-06-13 11:45:00+05:30
130.0,130.0,129.92,129.99,691.0,1749795600.0,2025-06-13 11:50:00+05:30
129.88,129.88,129.72,129.73,879.0,1749795900.0,2025-06-13 11:55:00+05:30
129.82,129.9,129.8,129.9,238.0,1749796200.0,2025-06-13 12:00:00+05:30
129.91,129.92,129.9,129.9,595.0,1749796500.0,2025-06-13 12:05:00+05:30
129.89,129.96,129.6,129.71,3646.0,1749796800.0,2025-06-13 12:10:00+05:30
129.71,129.85,129.71,129.83,571.0,1749797100.0,2025-06-13 12:15:00+05:30
129.83,129.97,129.83,129.96,511.0,1749797400.0,2025-06-13 12:20:00+05:30
129.85,129.85,129.71,129.74,843.0,1749797700.0,2025-06-13 12:25:00+05:30
129.8,129.8,129.7,129.73,960.0,1749798000.0,2025-06-13 12:30:00+05:30
129.73,129.81,129.61,129.61,571.0,1749798300.0,2025-06-13 12:35:00+05:30
129.61,129.85,129.61,129.85,1991.0,1749798600.0,2025-06-13 12:40:00+05:30
129.93,129.94,129.93,129.94,732.0,1749798900.0,2025-06-13 12:45:00+05:30
129.94,129.94,129.79,129.79,302.0,1749799200.0,2025-06-13 12:50:00+05:30
129.78,129.88,129.68,129.88,879.0,1749799500.0,2025-06-13 12:55:00+05:30
129.76,129.82,129.54,129.69,505.0,1749799800.0,2025-06-13 13:00:00+05:30
129.69,129.9,129.69,129.9,441.0,1749800100.0,2025-06-13 13:05:00+05:30
129.77,129.77,129.5,129.5,3852.0,1749800400.0,2025-06-13 13:10:00+05:30
129.46,129.61,129.42,129.61,1472.0,1749800700.0,2025-06-13 13:15:00+05:30
129.62,129.76,129.62,129.74,1315.0,1749801000.0,2025-06-13 13:20:00+05:30
129.62,129.73,129.62,129.73,2010.0,1749801300.0,2025-06-13 13:25:00+05:30
129.73,129.74,129.62,129.63,427.0,1749801600.0,2025-06-13 13:30:00+05:30
129.73,129.73,129.55,129.55,1343.0,1749801900.0,2025-06-13 13:35:00+05:30
129.6,129.91,129.55,129.87,2035.0,1749802200.0,2025-06-13 13:40:00+05:30
129.87,129.92,129.87,129.87,484.0,1749802500.0,2025-06-13 13:45:00+05:30
129.92,129.97,129.87,129.89,2485.0,1749802800.0,2025-06-13 13:50:00+05:30
129.8,129.8,129.55,129.73,2814.0,1749803100.0,2025-06-13 13:55:00+05:30
129.73,129.79,129.55,129.55,3061.0,1749803400.0,2025-06-13 14:00:00+05:30
129.55,129.89,129.55,129.89,1023.0,1749803700.0,2025-06-13 14:05:00+05:30
129.87,129.88,129.72,129.88,828.0,1749804000.0,2025-06-13 14:10:00+05:30
129.9,129.9,129.75,129.76,314.0,1749804300.0,2025-06-13 14:15:00+05:30
129.88,129.9,129.56,129.82,2571.0,1749804600.0,2025-06-13 14:20:00+05:30
129.86,129.86,129.63,129.63,641.0,1749804900.0,2025-06-13 14:25:00+05:30
129.73,129.77,129.64,129.77,731.0,1749805200.0,2025-06-13 14:30:00+05:30
129.86,129.9,129.8,129.85,1087.0,1749805500.0,2025-06-13 14:35:00+05:30
129.85,129.9,129.85,129.88,983.0,1749805800.0,2025-06-13 14:40:00+05:30
129.88,129.98,129.88,129.92,2355.0,1749806100.0,2025-06-13 14:45:00+05:30
129.92,129.93,129.75,129.77,1798.0,1749806400.0,2025-06-13 14:50:00+05:30
129.87,130.0,129.68,129.78,3243.0,1749806700.0,2025-06-13 14:55:00+05:30
129.93,129.98,129.84,129.9,2809.0,1749807000.0,2025-06-13 15:00:00+05:30
129.9,130.0,129.88,130.0,8160.0,1749807300.0,2025-06-13 15:05:00+05:30
129.93,130.0,129.8,129.95,7910.0,1749807600.0,2025-06-13 15:10:00+05:30
129.95,130.0,129.65,129.89,6165.0,1749807900.0,2025-06-13 15:15:00+05:30
129.99,130.0,129.85,129.88,8015.0,1749808200.0,2025-06-13 15:20:00+05:30
129.85,130.0,129.4,129.99,14029.0,1749808500.0,2025-06-13 15:25:00+05:30
129.01,130.48,129.01,129.43,8964.0,1750045500.0,2025-06-16 09:15:00+05:30
129.17,129.5,128.85,128.85,4807.0,1750045800.0,2025-06-16 09:20:00+05:30
128.95,129.04,128.55,128.55,5480.0,1750046100.0,2025-06-16 09:25:00+05:30
128.7,128.89,128.19,128.48,8592.0,1750046400.0,2025-06-16 09:30:00+05:30
128.33,129.0,128.0,128.47,9940.0,1750046700.0,2025-06-16 09:35:00+05:30
128.45,128.84,128.25,128.75,5631.0,1750047000.0,2025-06-16 09:40:00+05:30
128.52,128.61,128.01,128.2,2657.0,1750047300.0,2025-06-16 09:45:00+05:30
128.2,128.95,128.1,128.4,1441.0,1750047600.0,2025-06-16 09:50:00+05:30
128.4,128.88,128.4,128.62,1141.0,1750047900.0,2025-06-16 09:55:00+05:30
128.9,129.27,128.68,129.16,2377.0,1750048200.0,2025-06-16 10:00:00+05:30
129.16,129.51,129.16,129.33,842.0,1750048500.0,2025-06-16 10:05:00+05:30
129.48,129.55,129.3,129.55,854.0,1750048800.0,2025-06-16 10:10:00+05:30
129.55,129.89,129.55,129.69,2105.0,1750049100.0,2025-06-16 10:15:00+05:30
129.67,129.7,128.84,129.22,6436.0,1750049400.0,2025-06-16 10:20:00+05:30
129.01,129.27,129.01,129.02,306.0,1750049700.0,2025-06-16 10:25:00+05:30
129.02,129.24,129.02,129.15,2034.0,1750050000.0,2025-06-16 10:30:00+05:30
128.54,129.04,128.54,128.82,12398.0,1750050300.0,2025-06-16 10:35:00+05:30
128.82,128.82,128.5,128.5,845.0,1750050600.0,2025-06-16 10:40:00+05:30
128.5,128.8,128.5,128.76,3624.0,1750050900.0,2025-06-16 10:45:00+05:30
128.77,128.84,128.7,128.84,167.0,1750051200.0,2025-06-16 10:50:00+05:30
128.85,128.91,128.76,128.8,201.0,1750051500.0,2025-06-16 10:55:00+05:30
128.92,129.04,128.92,128.98,492.0,1750051800.0,2025-06-16 11:00:00+05:30
128.88,129.04,128.74,128.74,1657.0,1750052100.0,2025-06-16 11:05:00+05:30
128.85,128.85,128.74,128.77,67.0,1750052400.0,2025-06-16 11:10:00+05:30
128.7,129.0,128.7,128.99,885.0,1750052700.0,2025-06-16 11:15:00+05:30
128.99,128.99,128.78,128.91,486.0,1750053000.0,2025-06-16 11:20:00+05:30
128.7,128.82,128.67,128.77,390.0,1750053300.0,2025-06-16 11:25:00+05:30
128.77,129.05,128.77,129.05,459.0,1750053600.0,2025-06-16 11:30:00+05:30
129.03,129.12,129.01,129.01,474.0,1750053900.0,2025-06-16 11:35:00+05:30
129.01,129.24,129.01,129.19,124.0,1750054200.0,2025-06-16 11:40:00+05:30
129.19,129.26,129.19,129.2,778.0,1750054500.0,2025-06-16 11:45:00+05:30
129.2,129.22,129.1,129.1,123.0,1750054800.0,2025-06-16 11:50:00+05:30
129.1,129.18,129.1,129.17,491.0,1750055100.0,2025-06-16 11:55:00+05:30
129.17,129.26,129.17,129.26,109.0,1750055400.0,2025-06-16 12:00:00+05:30
129.16,129.45,129.15,129.34,832.0,1750055700.0,2025-06-16 12:05:00+05:30
129.34,129.42,129.32,129.38,358.0,1750056000.0,2025-06-16 12:10:00+05:30
129.38,129.38,129.11,129.25,806.0,1750056300.0,2025-06-16 12:15:00+05:30
129.24,129.35,129.16,129.16,129.0,1750056600.0,2025-06-16 12:20:00+05:30
129.24,129.3,129.14,129.3,8.0,1750056900.0,2025-06-16 12:25:00+05:30
129.3,129.3,129.3,129.3,51.0,1750057200.0,2025-06-16 12:30:00+05:30
129.39,129.41,129.36,129.41,194.0,1750057500.0,2025-06-16 12:35:00+05:30
129.12,129.29,129.12,129.13,914.0,1750057800.0,2025-06-16 12:40:00+05:30
129.13,129.13,128.7,128.95,3711.0,1750058100.0,2025-06-16 12:45:00+05:30
128.95,129.07,128.95,129.07,83.0,1750058400.0,2025-06-16 12:50:00+05:30
129.0,129.05,128.95,129.05,958.0,1750058700.0,2025-06-16 12:55:00+05:30
129.05,129.05,128.84,128.98,303.0,1750059000.0,2025-06-16 13:00:00+05:30
128.98,129.11,128.98,129.11,78.0,1750059300.0,2025-06-16 13:05:00+05:30
129.1,129.13,128.9,128.99,1665.0,1750059600.0,2025-06-16 13:10:00+05:30
128.98,128.98,128.98,128.98,24.0,1750059900.0,2025-06-16 13:15:00+05:30
128.98,128.98,128.9,128.97,278.0,1750060200.0,2025-06-16 13:20:00+05:30
128.97,129.3,128.85,129.15,5036.0,1750060500.0,2025-06-16 13:25:00+05:30
129.15,129.29,129.07,129.29,425.0,1750060800.0,2025-06-16 13:30:00+05:30
129.29,129.29,129.14,129.28,745.0,1750061100.0,2025-06-16 13:35:00+05:30
129.28,129.28,129.27,129.27,29.0,1750061400.0,2025-06-16 13:40:00+05:30
129.32,129.32,129.27,129.27,312.0,1750061700.0,2025-06-16 13:45:00+05:30
129.4,129.4,128.84,128.84,1943.0,1750062000.0,2025-06-16 13:50:00+05:30
128.84,129.18,128.84,129.18,1318.0,1750062300.0,2025-06-16 13:55:00+05:30
129.0,129.14,128.9,129.0,1287.0,1750062600.0,2025-06-16 14:00:00+05:30
129.0,129.0,128.94,129.0,809.0,1750062900.0,2025-06-16 14:05:00+05:30
129.0,129.01,128.94,128.94,1818.0,1750063200.0,2025-06-16 14:10:00+05:30
128.94,129.09,128.94,128.94,708.0,1750063500.0,2025-06-16 14:15:00+05:30
129.07,129.08,128.98,129.03,227.0,1750063800.0,2025-06-16 14:20:00+05:30
129.0,129.23,129.0,129.23,2142.0,1750064100.0,2025-06-16 14:25:00+05:30
129.23,129.38,129.23,129.38,603.0,1750064400.0,2025-06-16 14:30:00+05:30
129.38,129.49,129.3,129.49,1318.0,1750064700.0,2025-06-16 14:35:00+05:30
129.49,129.7,129.49,129.7,1556.0,1750065000.0,2025-06-16 14:40:00+05:30
129.75,130.0,129.75,130.0,2238.0,1750065300.0,2025-06-16 14:45:00+05:30
130.0,130.0,129.75,129.75,1837.0,1750065600.0,2025-06-16 14:50:00+05:30
129.8,129.99,129.75,129.99,1258.0,1750065900.0,2025-06-16 14:55:00+05:30
129.93,130.17,129.83,129.9,10574.0,1750066200.0,2025-06-16 15:00:00+05:30
129.88,130.0,129.78,130.0,3506.0,1750066500.0,2025-06-16 15:05:00+05:30
130.0,130.0,129.79,129.92,1915.0,1750066800.0,2025-06-16 15:10:00+05:30
129.81,130.0,129.6,129.87,5580.0,1750067100.0,2025-06-16 15:15:00+05:30
129.83,129.83,129.33,129.45,4451.0,1750067400.0,2025-06-16 15:20:00+05:30
129.32,129.85,128.7,129.85,13057.0,1750067700.0,2025-06-16 15:25:00+05:30
129.1,130.94,129.1,129.69,8937.0,1750131900.0,2025-06-17 09:15:00+05:30
129.67,129.87,129.3,129.85,4186.0,1750132200.0,2025-06-17 09:20:00+05:30
130.0,130.7,129.8,130.3,11824.0,1750132500.0,2025-06-17 09:25:00+05:30
130.49,130.49,130.08,130.23,2514.0,1750132800.0,2025-06-17 09:30:00+05:30
130.2,130.21,129.42,129.5,6714.0,1750133100.0,2025-06-17 09:35:00+05:30
129.69,129.75,129.5,129.74,892.0,1750133400.0,2025-06-17 09:40:00+05:30
129.77,129.97,129.72,129.72,3896.0,1750133700.0,2025-06-17 09:45:00+05:30
129.66,129.94,129.52,129.71,4035.0,1750134000.0,2025-06-17 09:50:00+05:30
129.48,129.65,129.48,129.6,6406.0,1750134300.0,2025-06-17 09:55:00+05:30
129.72,129.73,129.61,129.61,741.0,1750134600.0,2025-06-17 10:00:00+05:30
129.6,129.93,129.55,129.87,3976.0,1750134900.0,2025-06-17 10:05:00+05:30
129.99,130.0,129.98,130.0,1835.0,1750135200.0,2025-06-17 10:10:00+05:30
130.0,130.0,129.87,129.99,941.0,1750135500.0,2025-06-17 10:15:00+05:30
129.99,130.09,129.87,129.89,2538.0,1750135800.0,2025-06-17 10:20:00+05:30
130.0,130.07,129.98,130.0,1048.0,1750136100.0,2025-06-17 10:25:00+05:30
130.0,130.0,129.91,129.91,3988.0,1750136400.0,2025-06-17 10:30:00+05:30
130.0,130.0,129.87,129.9,12900.0,1750136700.0,2025-06-17 10:35:00+05:30
129.9,130.0,129.9,129.99,212.0,1750137000.0,2025-06-17 10:40:00+05:30
130.0,130.0,130.0,130.0,227.0,1750137300.0,2025-06-17 10:45:00+05:30
130.0,130.0,129.95,130.0,834.0,1750137600.0,2025-06-17 10:50:00+05:30
130.0,130.0,129.95,129.99,172.0,1750137900.0,2025-06-17 10:55:00+05:30
129.99,129.99,129.87,129.99,1611.0,1750138200.0,2025-06-17 11:00:00+05:30
129.99,129.99,129.69,129.69,13879.0,1750138500.0,2025-06-17 11:05:00+05:30
129.67,129.98,129.61,129.98,974.0,1750138800.0,2025-06-17 11:10:00+05:30
129.98,129.98,129.89,129.95,790.0,1750139100.0,2025-06-17 11:15:00+05:30
129.83,129.93,129.72,129.93,327.0,1750139400.0,2025-06-17 11:20:00+05:30
129.93,129.93,129.8,129.91,1536.0,1750139700.0,2025-06-17 11:25:00+05:30
129.89,129.89,129.75,129.75,146.0,1750140000.0,2025-06-17 11:30:00+05:30
129.75,129.97,129.75,129.97,239.0,1750140300.0,2025-06-17 11:35:00+05:30
129.87,129.95,129.71,129.71,649.0,1750140600.0,2025-06-17 11:40:00+05:30
129.71,129.85,129.66,129.66,263.0,1750140900.0,2025-06-17 11:45:00+05:30
129.76,129.91,129.76,129.91,559.0,1750141200.0,2025-06-17 11:50:00+05:30
129.9,129.9,129.68,129.68,110.0,1750141500.0,2025-06-17 11:55:00+05:30
129.8,129.8,129.55,129.55,565.0,1750141800.0,2025-06-17 12:00:00+05:30
129.66,129.68,129.6,129.6,678.0,1750142100.0,2025-06-17 12:05:00+05:30
129.6,129.66,129.42,129.66,1815.0,1750142400.0,2025-06-17 12:10:00+05:30
129.64,129.76,129.62,129.76,1190.0,1750142700.0,2025-06-17 12:15:00+05:30
129.76,129.76,129.64,129.64,57.0,1750143000.0,2025-06-17 12:20:00+05:30
129.77,129.78,129.77,129.78,634.0,1750143300.0,2025-06-17 12:25:00+05:30
129.8,129.8,129.61,129.64,1130.0,1750143600.0,2025-06-17 12:30:00+05:30
129.61,129.69,129.61,129.61,119.0,1750143900.0,2025-06-17 12:35:00+05:30
129.75,129.78,129.75,129.78,370.0,1750144200.0,2025-06-17 12:40:00+05:30
129.78,129.9,129.75,129.75,601.0,1750144500.0,2025-06-17 12:45:00+05:30
129.75,129.79,129.63,129.75,261.0,1750144800.0,2025-06-17 12:50:00+05:30
129.61,129.64,129.5,129.6,2984.0,1750145100.0,2025-06-17 12:55:00+05:30
129.6,129.77,129.49,129.62,578.0,1750145400.0,2025-06-17 13:00:00+05:30
129.62,129.71,129.5,129.5,189.0,1750145700.0,2025-06-17 13:05:00+05:30
129.57,129.61,129.57,129.59,870.0,1750146000.0,2025-06-17 13:10:00+05:30
129.59,129.59,129.48,129.48,415.0,1750146300.0,2025-06-17 13:15:00+05:30
129.45,129.51,129.4,129.5,3112.0,1750146600.0,2025-06-17 13:20:00+05:30
129.5,129.59,129.15,129.59,8352.0,1750146900.0,2025-06-17 13:25:00+05:30
129.61,129.8,129.61,129.8,464.0,1750147200.0,2025-06-17 13:30:00+05:30
129.8,129.8,129.65,129.73,465.0,1750147500.0,2025-06-17 13:35:00+05:30
129.73,129.73,129.61,129.61,299.0,1750147800.0,2025-06-17 13:40:00+05:30
129.61,129.61,129.36,129.55,695.0,1750148100.0,2025-06-17 13:45:00+05:30
129.37,129.46,129.37,129.4,158.0,1750148400.0,2025-06-17 13:50:00+05:30
129.54,129.68,129.54,129.6,87.0,1750148700.0,2025-06-17 13:55:00+05:30
129.6,129.65,129.49,129.49,586.0,1750149000.0,2025-06-17 14:00:00+05:30
129.68,129.68,129.37,129.5,2531.0,1750149300.0,2025-06-17 14:05:00+05:30
129.54,129.54,129.49,129.51,452.0,1750149600.0,2025-06-17 14:10:00+05:30
129.51,129.65,129.5,129.54,286.0,1750149900.0,2025-06-17 14:15:00+05:30
129.54,129.54,129.5,129.5,177.0,1750150200.0,2025-06-17 14:20:00+05:30
129.61,129.65,129.61,129.64,186.0,1750150500.0,2025-06-17 14:25:00+05:30
129.65,129.66,129.5,129.66,631.0,1750150800.0,2025-06-17 14:30:00+05:30
129.66,129.66,129.3,129.51,2218.0,1750151100.0,2025-06-17 14:35:00+05:30
129.51,129.51,129.43,129.5,465.0,1750151400.0,2025-06-17 14:40:00+05:30
129.49,129.6,129.47,129.6,249.0,1750151700.0,2025-06-17 14:45:00+05:30
129.6,129.6,129.55,129.57,192.0,1750152000.0,2025-06-17 14:50:00+05:30
129.58,129.58,129.28,129.48,9431.0,1750152300.0,2025-06-17 14:55:00+05:30
129.45,129.45,129.1,129.3,4469.0,1750152600.0,2025-06-17 15:00:00+05:30
129.18,129.82,129.18,129.81,9050.0,1750152900.0,2025-06-17 15:05:00+05:30
129.81,129.81,129.25,129.48,1183.0,1750153200.0,2025-06-17 15:10:00+05:30
129.53,129.54,129.21,129.35,4909.0,1750153500.0,2025-06-17 15:15:00+05:30
129.22,129.41,128.55,128.97,14890.0,1750153800.0,2025-06-17 15:20:00+05:30
128.9,129.1,128.45,129.1,4906.0,1750154100.0,2025-06-17 15:25:00+05:30
128.0,129.82,127.62,128.04,16008.0,1750218300.0,2025-06-18 09:15:00+05:30
127.87,128.85,127.84,128.85,1461.0,1750218600.0,2025-06-18 09:20:00+05:30
128.71,129.24,128.66,129.24,3148.0,1750218900.0,2025-06-18 09:25:00+05:30
129.23,129.5,129.13,129.47,3363.0,1750219200.0,2025-06-18 09:30:00+05:30
129.27,129.8,129.27,129.68,1220.0,1750219500.0,2025-06-18 09:35:00+05:30
129.71,130.0,129.71,130.0,1262.0,1750219800.0,2025-06-18 09:40:00+05:30
130.03,130.3,129.81,130.3,2465.0,1750220100.0,2025-06-18 09:45:00+05:30
130.4,130.5,130.15,130.29,2167.0,1750220400.0,2025-06-18 09:50:00+05:30
130.14,130.26,129.71,129.78,4508.0,1750220700.0,2025-06-18 09:55:00+05:30
129.88,129.89,129.69,129.87,100.0,1750221000.0,2025-06-18 10:00:00+05:30
129.87,129.87,129.39,129.77,1093.0,1750221300.0,2025-06-18 10:05:00+05:30
129.59,129.76,129.48,129.48,5888.0,1750221600.0,2025-06-18 10:10:00+05:30
129.61,129.75,129.25,129.38,3765.0,1750221900.0,2025-06-18 10:15:00+05:30
129.49,129.5,129.27,129.4,219.0,1750222200.0,2025-06-18 10:20:00+05:30
129.35,129.36,129.16,129.3,4755.0,1750222500.0,2025-06-18 10:25:00+05:30
129.29,129.58,129.26,129.26,2205.0,1750222800.0,2025-06-18 10:30:00+05:30
129.1,129.31,129.1,129.31,1374.0,1750223100.0,2025-06-18 10:35:00+05:30
129.43,129.43,129.2,129.24,88.0,1750223400.0,2025-06-18 10:40:00+05:30
129.2,129.23,128.9,128.95,1636.0,1750223700.0,2025-06-18 10:45:00+05:30
128.8,128.99,128.72,128.83,505.0,1750224000.0,2025-06-18 10:50:00+05:30
128.84,129.32,128.71,129.32,7567.0,1750224300.0,2025-06-18 10:55:00+05:30
129.32,129.32,128.72,128.74,2125.0,1750224600.0,2025-06-18 11:00:00+05:30
128.65,128.73,128.25,128.55,1396.0,1750224900.0,2025-06-18 11:05:00+05:30
128.55,128.84,128.55,128.82,250.0,1750225200.0,2025-06-18 11:10:00+05:30
128.81,128.81,128.5,128.7,325.0,1750225500.0,2025-06-18 11:15:00+05:30
128.7,128.74,128.54,128.67,413.0,1750225800.0,2025-06-18 11:20:00+05:30
128.7,128.7,128.51,128.66,599.0,1750226100.0,2025-06-18 11:25:00+05:30
128.65,128.65,127.17,127.68,29214.0,1750226400.0,2025-06-18 11:30:00+05:30
127.68,128.0,127.66,127.98,1395.0,1750226700.0,2025-06-18 11:35:00+05:30
127.98,128.0,127.9,127.93,2992.0,1750227000.0,2025-06-18 11:40:00+05:30
128.0,128.0,127.88,127.93,2065.0,1750227300.0,2025-06-18 11:45:00+05:30
127.79,127.79,127.62,127.63,447.0,1750227600.0,2025-06-18 11:50:00+05:30
127.63,127.81,127.57,127.57,3515.0,1750227900.0,2025-06-18 11:55:00+05:30
127.58,127.66,127.57,127.63,718.0,1750228200.0,2025-06-18 12:00:00+05:30
127.68,127.85,127.6,127.69,4803.0,1750228500.0,2025-06-18 12:05:00+05:30
127.69,127.85,127.69,127.85,393.0,1750228800.0,2025-06-18 12:10:00+05:30
127.77,127.8,127.71,127.78,2464.0,1750229100.0,2025-06-18 12:15:00+05:30
127.78,127.78,127.65,127.74,2481.0,1750229400.0,2025-06-18 12:20:00+05:30
127.74,127.74,127.65,127.7,237.0,1750229700.0,2025-06-18 12:25:00+05:30
127.7,127.7,127.64,127.7,260.0,1750230000.0,2025-06-18 12:30:00+05:30
127.7,127.7,127.7,127.7,116.0,1750230300.0,2025-06-18 12:35:00+05:30
127.7,127.7,127.5,127.5,2583.0,1750230600.0,2025-06-18 12:40:00+05:30
127.57,127.65,127.54,127.65,434.0,1750230900.0,2025-06-18 12:45:00+05:30
127.65,127.65,127.6,127.65,338.0,1750231200.0,2025-06-18 12:50:00+05:30
127.65,127.73,127.53,127.71,792.0,1750231500.0,2025-06-18 12:55:00+05:30
127.71,127.71,127.52,127.52,743.0,1750231800.0,2025-06-18 13:00:00+05:30
127.52,127.69,127.52,127.68,427.0,1750232100.0,2025-06-18 13:05:00+05:30
127.68,127.7,127.59,127.59,1082.0,1750232400.0,2025-06-18 13:10:00+05:30
127.66,127.68,127.66,127.68,343.0,1750232700.0,2025-06-18 13:15:00+05:30
127.68,127.7,127.6,127.7,1105.0,1750233000.0,2025-06-18 13:20:00+05:30
127.7,127.7,127.5,127.7,1607.0,1750233300.0,2025-06-18 13:25:00+05:30
127.7,127.7,127.7,127.7,22.0,1750233600.0,2025-06-18 13:30:00+05:30
127.7,127.75,127.7,127.75,1243.0,1750233900.0,2025-06-18 13:35:00+05:30
127.75,127.88,127.72,127.72,1070.0,1750234200.0,2025-06-18 13:40:00+05:30
127.71,127.71,127.64,127.7,138.0,1750234500.0,2025-06-18 13:45:00+05:30
127.69,127.69,127.5,127.68,585.0,1750234800.0,2025-06-18 13:50:00+05:30
127.65,127.68,127.5,127.67,890.0,1750235100.0,2025-06-18 13:55:00+05:30
127.66,127.74,127.66,127.74,193.0,1750235400.0,2025-06-18 14:00:00+05:30
127.69,127.7,127.54,127.7,923.0,1750235700.0,2025-06-18 14:05:00+05:30
127.76,127.76,127.59,127.7,385.0,1750236000.0,2025-06-18 14:10:00+05:30
127.7,127.7,127.61,127.63,326.0,1750236300.0,2025-06-18 14:15:00+05:30
127.7,127.7,127.5,127.51,6485.0,1750236600.0,2025-06-18 14:20:00+05:30
127.46,127.5,127.25,127.47,1240.0,1750236900.0,2025-06-18 14:25:00+05:30
127.47,127.69,127.41,127.69,146.0,1750237200.0,2025-06-18 14:30:00+05:30
127.52,127.75,126.9,127.25,27510.0,1750237500.0,2025-06-18 14:35:00+05:30
127.25,127.6,127.15,127.43,1634.0,1750237800.0,2025-06-18 14:40:00+05:30
127.57,127.76,127.41,127.76,424.0,1750238100.0,2025-06-18 14:45:00+05:30
127.76,127.76,127.39,127.5,1168.0,1750238400.0,2025-06-18 14:50:00+05:30
127.6,127.74,127.6,127.63,97.0,1750238700.0,2025-06-18 14:55:00+05:30
127.63,127.74,127.32,127.43,2778.0,1750239000.0,2025-06-18 15:00:00+05:30
127.43,127.43,127.07,127.09,1762.0,1750239300.0,2025-06-18 15:05:00+05:30
127.15,127.25,127.0,127.07,9503.0,1750239600.0,2025-06-18 15:10:00+05:30
126.9,127.32,126.9,127.09,7201.0,1750239900.0,2025-06-18 15:15:00+05:30
127.08,127.19,126.55,126.86,24130.0,1750240200.0,2025-06-18 15:20:00+05:30
126.75,127.44,126.5,127.0,6413.0,1750240500.0,2025-06-18 15:25:00+05:30
127.54,127.85,126.52,126.81,12684.0,1750304700.0,2025-06-19 09:15:00+05:30
126.81,126.98,125.98,126.98,34227.0,1750305000.0,2025-06-19 09:20:00+05:30
126.97,127.93,126.97,127.64,28170.0,1750305300.0,2025-06-19 09:25:00+05:30
127.79,127.79,127.33,127.53,14123.0,1750305600.0,2025-06-19 09:30:00+05:30
127.65,127.66,127.41,127.66,4438.0,1750305900.0,2025-06-19 09:35:00+05:30
127.63,127.75,127.62,127.62,6879.0,1750306200.0,2025-06-19 09:40:00+05:30
127.71,127.71,127.18,127.35,3784.0,1750306500.0,2025-06-19 09:45:00+05:30
127.35,127.35,127.25,127.35,2621.0,1750306800.0,2025-06-19 09:50:00+05:30
127.54,127.54,127.35,127.4,1527.0,1750307100.0,2025-06-19 09:55:00+05:30
127.48,127.56,127.3,127.5,1709.0,1750307400.0,2025-06-19 10:00:00+05:30
127.5,127.65,127.5,127.5,1951.0,1750307700.0,2025-06-19 10:05:00+05:30
127.5,127.5,126.75,127.27,4193.0,1750308000.0,2025-06-19 10:10:00+05:30
127.04,127.18,126.87,127.08,1931.0,1750308300.0,2025-06-19 10:15:00+05:30
127.21,127.39,127.16,127.25,1186.0,1750308600.0,2025-06-19 10:20:00+05:30
127.32,127.59,127.25,127.41,1898.0,1750308900.0,2025-06-19 10:25:00+05:30
127.41,127.6,127.22,127.35,2017.0,1750309200.0,2025-06-19 10:30:00+05:30
127.35,127.52,127.11,127.52,4209.0,1750309500.0,2025-06-19 10:35:00+05:30
127.39,127.48,127.25,127.25,273.0,1750309800.0,2025-06-19 10:40:00+05:30
127.25,127.37,126.61,126.7,3634.0,1750310100.0,2025-06-19 10:45:00+05:30
126.6,126.6,126.28,126.4,1222.0,1750310400.0,2025-06-19 10:50:00+05:30
126.4,126.45,126.22,126.25,830.0,1750310700.0,2025-06-19 10:55:00+05:30
126.25,126.25,126.02,126.07,4873.0,1750311000.0,2025-06-19 11:00:00+05:30
125.91,126.29,125.85,126.06,7518.0,1750311300.0,2025-06-19 11:05:00+05:30
126.2,126.26,126.03,126.24,1663.0,1750311600.0,2025-06-19 11:10:00+05:30
126.24,126.25,125.55,125.85,13952.0,1750311900.0,2025-06-19 11:15:00+05:30
125.63,125.88,125.63,125.86,1522.0,1750312200.0,2025-06-19 11:20:00+05:30
125.8,125.92,125.6,125.78,732.0,1750312500.0,2025-06-19 11:25:00+05:30
125.78,125.78,125.52,125.52,834.0,1750312800.0,2025-06-19 11:30:00+05:30
125.52,125.69,125.35,125.51,6313.0,1750313100.0,2025-06-19 11:35:00+05:30
125.5,125.68,125.5,125.68,718.0,1750313400.0,2025-06-19 11:40:00+05:30
125.68,125.71,125.13,125.41,7806.0,1750313700.0,2025-06-19 11:45:00+05:30
125.43,125.51,125.26,125.5,571.0,1750314000.0,2025-06-19 11:50:00+05:30
125.5,125.5,125.1,125.19,2381.0,1750314300.0,2025-06-19 11:55:00+05:30
125.3,125.39,125.12,125.39,2307.0,1750314600.0,2025-06-19 12:00:00+05:30
125.44,125.63,125.4,125.47,1156.0,1750314900.0,2025-06-19 12:05:00+05:30
125.47,125.5,125.21,125.3,2445.0,1750315200.0,2025-06-19 12:10:00+05:30
125.4,125.5,125.3,125.48,2907.0,1750315500.0,2025-06-19 12:15:00+05:30
125.4,125.59,125.3,125.59,4643.0,1750315800.0,2025-06-19 12:20:00+05:30
125.58,125.6,125.45,125.45,873.0,1750316100.0,2025-06-19 12:25:00+05:30
125.6,125.6,125.41,125.5,2149.0,1750316400.0,2025-06-19 12:30:00+05:30
125.5,125.54,125.2,125.38,2660.0,1750316700.0,2025-06-19 12:35:00+05:30
125.31,125.38,125.15,125.15,1950.0,1750317000.0,2025-06-19 12:40:00+05:30
125.01,125.19,124.61,125.05,18602.0,1750317300.0,2025-06-19 12:45:00+05:30
125.05,125.4,124.91,125.17,3336.0,1750317600.0,2025-06-19 12:50:00+05:30
125.18,125.18,124.81,124.81,3404.0,1750317900.0,2025-06-19 12:55:00+05:30
125.0,125.0,124.71,124.92,1381.0,1750318200.0,2025-06-19 13:00:00+05:30
124.92,125.34,124.83,125.34,1504.0,1750318500.0,2025-06-19 13:05:00+05:30
125.21,125.21,124.9,125.03,722.0,1750318800.0,2025-06-19 13:10:00+05:30
125.03,125.04,124.81,124.89,2311.0,1750319100.0,2025-06-19 13:15:00+05:30
124.93,125.11,124.9,124.99,1729.0,1750319400.0,2025-06-19 13:20:00+05:30
124.81,125.14,124.81,125.0,3630.0,1750319700.0,2025-06-19 13:25:00+05:30
124.97,125.16,124.89,125.02,1638.0,1750320000.0,2025-06-19 13:30:00+05:30
125.14,125.14,124.9,125.05,806.0,1750320300.0,2025-06-19 13:35:00+05:30
125.06,125.15,124.84,124.84,4214.0,1750320600.0,2025-06-19 13:40:00+05:30
124.88,125.19,124.88,125.06,797.0,1750320900.0,2025-06-19 13:45:00+05:30
125.15,125.4,125.03,125.4,718.0,1750321200.0,2025-06-19 13:50:00+05:30
125.4,125.49,125.15,125.32,3121.0,1750321500.0,2025-06-19 13:55:00+05:30
125.57,125.96,125.57,125.94,2049.0,1750321800.0,2025-06-19 14:00:00+05:30
125.94,126.08,125.74,126.0,4401.0,1750322100.0,2025-06-19 14:05:00+05:30
126.0,126.0,125.8,125.85,2979.0,1750322400.0,2025-06-19 14:10:00+05:30
125.85,126.0,125.85,126.0,805.0,1750322700.0,2025-06-19 14:15:00+05:30
126.01,126.19,126.0,126.0,2673.0,1750323000.0,2025-06-19 14:20:00+05:30
126.0,126.06,125.79,126.0,3097.0,1750323300.0,2025-06-19 14:25:00+05:30
126.0,126.09,125.94,126.0,4409.0,1750323600.0,2025-06-19 14:30:00+05:30
125.98,125.98,125.68,125.8,4369.0,1750323900.0,2025-06-19 14:35:00+05:30
125.87,125.98,125.7,125.89,5169.0,1750324200.0,2025-06-19 14:40:00+05:30
125.95,126.3,125.85,126.3,5236.0,1750324500.0,2025-06-19 14:45:00+05:30
126.25,126.45,126.2,126.34,8699.0,1750324800.0,2025-06-19 14:50:00+05:30
126.34,126.34,126.13,126.14,2655.0,1750325100.0,2025-06-19 14:55:00+05:30
126.27,126.27,125.9,126.04,4078.0,1750325400.0,2025-06-19 15:00:00+05:30
125.99,126.33,125.99,126.33,3359.0,1750325700.0,2025-06-19 15:05:00+05:30
126.2,126.24,126.08,126.21,4662.0,1750326000.0,2025-06-19 15:10:00+05:30
126.21,126.27,125.55,125.55,11584.0,1750326300.0,2025-06-19 15:15:00+05:30
125.76,125.76,124.9,124.9,15021.0,1750326600.0,2025-06-19 15:20:00+05:30
124.9,125.36,124.7,125.0,7199.0,1750326900.0,2025-06-19 15:25:00+05:30
125.51,126.64,124.67,124.83,14331.0,1750391100.0,2025-06-20 09:15:00+05:30
124.83,125.17,124.32,124.85,7911.0,1750391400.0,2025-06-20 09:20:00+05:30
124.85,125.1,124.61,124.7,6637.0,1750391700.0,2025-06-20 09:25:00+05:30
124.61,124.79,124.31,124.31,17565.0,1750392000.0,2025-06-20 09:30:00+05:30
124.31,124.51,124.11,124.4,6317.0,1750392300.0,2025-06-20 09:35:00+05:30
124.4,124.73,124.15,124.69,9929.0,1750392600.0,2025-06-20 09:40:00+05:30
124.39,124.77,124.39,124.63,4145.0,1750392900.0,2025-06-20 09:45:00+05:30
124.63,124.63,124.17,124.31,4982.0,1750393200.0,2025-06-20 09:50:00+05:30
124.35,124.43,123.73,124.25,6698.0,1750393500.0,2025-06-20 09:55:00+05:30
124.21,124.41,124.13,124.4,1989.0,1750393800.0,2025-06-20 10:00:00+05:30
124.31,124.48,124.26,124.48,5979.0,1750394100.0,2025-06-20 10:05:00+05:30
124.42,124.5,124.3,124.35,3257.0,1750394400.0,2025-06-20 10:10:00+05:30
124.4,124.47,124.25,124.47,2164.0,1750394700.0,2025-06-20 10:15:00+05:30
124.47,124.47,124.31,124.4,4417.0,1750395000.0,2025-06-20 10:20:00+05:30
124.35,124.49,124.33,124.48,2617.0,1750395300.0,2025-06-20 10:25:00+05:30
124.4,124.48,124.31,124.36,1420.0,1750395600.0,2025-06-20 10:30:00+05:30
124.36,124.44,124.31,124.33,4201.0,1750395900.0,2025-06-20 10:35:00+05:30
124.34,124.44,124.32,124.42,648.0,1750396200.0,2025-06-20 10:40:00+05:30
124.4,124.44,124.31,124.43,1675.0,1750396500.0,2025-06-20 10:45:00+05:30
124.43,124.83,124.4,124.79,2577.0,1750396800.0,2025-06-20 10:50:00+05:30
124.8,124.8,124.55,124.55,2056.0,1750397100.0,2025-06-20 10:55:00+05:30
124.6,124.66,124.41,124.64,1070.0,1750397400.0,2025-06-20 11:00:00+05:30
124.51,124.8,124.51,124.79,3036.0,1750397700.0,2025-06-20 11:05:00+05:30
124.79,124.8,124.64,124.77,1128.0,1750398000.0,2025-06-20 11:10:00+05:30
124.77,124.99,124.77,124.98,2536.0,1750398300.0,2025-06-20 11:15:00+05:30
125.0,125.27,125.0,125.17,7046.0,1750398600.0,2025-06-20 11:20:00+05:30
125.3,125.49,125.16,125.3,4105.0,1750398900.0,2025-06-20 11:25:00+05:30
125.37,125.4,124.92,124.92,2087.0,1750399200.0,2025-06-20 11:30:00+05:30
125.0,125.35,125.0,125.18,7837.0,1750399500.0,2025-06-20 11:35:00+05:30
125.36,125.36,125.13,125.36,1416.0,1750399800.0,2025-06-20 11:40:00+05:30
125.36,125.4,125.22,125.36,1022.0,1750400100.0,2025-06-20 11:45:00+05:30
125.3,125.34,125.21,125.31,749.0,1750400400.0,2025-06-20 11:50:00+05:30
125.18,125.31,125.18,125.18,1182.0,1750400700.0,2025-06-20 11:55:00+05:30
125.3,125.4,125.27,125.4,1054.0,1750401000.0,2025-06-20 12:00:00+05:30
125.4,125.4,125.32,125.32,1023.0,1750401300.0,2025-06-20 12:05:00+05:30
125.5,125.71,125.33,125.5,2979.0,1750401600.0,2025-06-20 12:10:00+05:30
125.51,125.51,125.35,125.39,1170.0,1750401900.0,2025-06-20 12:15:00+05:30
125.27,125.39,125.23,125.23,1220.0,1750402200.0,2025-06-20 12:20:00+05:30
125.23,125.35,125.1,125.17,1800.0,1750402500.0,2025-06-20 12:25:00+05:30
125.17,125.17,124.86,124.97,2463.0,1750402800.0,2025-06-20 12:30:00+05:30
125.1,125.23,125.01,125.1,2445.0,1750403100.0,2025-06-20 12:35:00+05:30
125.1,125.32,125.1,125.15,250.0,1750403400.0,2025-06-20 12:40:00+05:30
125.33,125.34,125.15,125.32,1373.0,1750403700.0,2025-06-20 12:45:00+05:30
125.32,125.32,125.3,125.3,841.0,1750404000.0,2025-06-20 12:50:00+05:30
125.3,125.3,125.17,125.3,141.0,1750404300.0,2025-06-20 12:55:00+05:30
125.0,125.0,124.9,124.95,12102.0,1750404600.0,2025-06-20 13:00:00+05:30
124.81,125.19,124.81,124.82,3573.0,1750404900.0,2025-06-20 13:05:00+05:30
124.82,125.01,124.82,125.0,319.0,1750405200.0,2025-06-20 13:10:00+05:30
125.02,125.16,124.92,125.16,1172.0,1750405500.0,2025-06-20 13:15:00+05:30
124.88,125.12,124.88,125.0,504.0,1750405800.0,2025-06-20 13:20:00+05:30
124.89,125.25,124.86,125.24,1460.0,1750406100.0,2025-06-20 13:25:00+05:30
125.24,125.5,125.2,125.39,2006.0,1750406400.0,2025-06-20 13:30:00+05:30
125.39,125.39,125.01,125.11,743.0,1750406700.0,2025-06-20 13:35:00+05:30
125.01,125.3,125.01,125.2,1122.0,1750407000.0,2025-06-20 13:40:00+05:30
125.2,125.35,125.11,125.35,1627.0,1750407300.0,2025-06-20 13:45:00+05:30
125.24,125.39,125.24,125.3,670.0,1750407600.0,2025-06-20 13:50:00+05:30
125.21,125.32,125.16,125.25,692.0,1750407900.0,2025-06-20 13:55:00+05:30
125.25,125.45,125.17,125.45,1363.0,1750408200.0,2025-06-20 14:00:00+05:30
125.48,125.48,125.1,125.37,907.0,1750408500.0,2025-06-20 14:05:00+05:30
125.19,125.39,125.1,125.25,2075.0,1750408800.0,2025-06-20 14:10:00+05:30
125.39,125.5,125.25,125.32,3072.0,1750409100.0,2025-06-20 14:15:00+05:30
125.46,125.85,125.27,125.82,2198.0,1750409400.0,2025-06-20 14:20:00+05:30
125.83,125.84,125.52,125.68,5755.0,1750409700.0,2025-06-20 14:25:00+05:30
125.68,125.68,125.48,125.56,967.0,1750410000.0,2025-06-20 14:30:00+05:30
125.64,125.84,125.57,125.83,4750.0,1750410300.0,2025-06-20 14:35:00+05:30
125.84,126.1,125.7,126.1,8238.0,1750410600.0,2025-06-20 14:40:00+05:30
126.03,126.34,126.0,126.2,4059.0,1750410900.0,2025-06-20 14:45:00+05:30
126.2,126.5,126.02,126.5,2468.0,1750411200.0,2025-06-20 14:50:00+05:30
126.5,126.7,126.29,126.69,14710.0,1750411500.0,2025-06-20 14:55:00+05:30
126.69,126.75,126.0,126.2,16193.0,1750411800.0,2025-06-20 15:00:00+05:30
126.1,126.43,126.03,126.31,1952.0,1750412100.0,2025-06-20 15:05:00+05:30
126.31,126.72,126.3,126.36,3382.0,1750412400.0,2025-06-20 15:10:00+05:30
126.36,127.0,126.36,126.8,6113.0,1750412700.0,2025-06-20 15:15:00+05:30
126.83,128.99,126.35,128.95,19615.0,1750413000.0,2025-06-20 15:20:00+05:30
128.9,128.9,127.07,127.2,9496.0,1750413300.0,2025-06-20 15:25:00+05:30
125.65,126.29,125.11,125.71,25018.0,1750650300.0,2025-06-23 09:15:00+05:30
125.5,126.53,125.4,126.3,6919.0,1750650600.0,2025-06-23 09:20:00+05:30
126.36,126.5,126.0,126.25,4833.0,1750650900.0,2025-06-23 09:25:00+05:30
126.23,126.4,126.0,126.3,4847.0,1750651200.0,2025-06-23 09:30:00+05:30
126.27,126.84,126.27,126.57,5370.0,1750651500.0,2025-06-23 09:35:00+05:30
126.59,127.16,126.45,127.05,3709.0,1750651800.0,2025-06-23 09:40:00+05:30
127.02,127.53,126.92,127.53,807.0,1750652100.0,2025-06-23 09:45:00+05:30
127.42,127.9,127.28,127.44,2210.0,1750652400.0,2025-06-23 09:50:00+05:30
127.5,127.69,127.48,127.53,891.0,1750652700.0,2025-06-23 09:55:00+05:30
127.54,127.66,127.38,127.66,1768.0,1750653000.0,2025-06-23 10:00:00+05:30
127.65,128.06,127.65,128.06,2259.0,1750653300.0,2025-06-23 10:05:00+05:30
128.06,128.2,127.86,127.94,1882.0,1750653600.0,2025-06-23 10:10:00+05:30
127.89,127.94,127.6,127.64,3281.0,1750653900.0,2025-06-23 10:15:00+05:30
127.65,127.78,127.3,127.37,3063.0,1750654200.0,2025-06-23 10:20:00+05:30
127.44,127.44,127.25,127.28,1754.0,1750654500.0,2025-06-23 10:25:00+05:30
127.12,127.23,126.82,126.98,5051.0,1750654800.0,2025-06-23 10:30:00+05:30
127.03,127.17,126.97,126.97,4128.0,1750655100.0,2025-06-23 10:35:00+05:30
126.99,126.99,126.77,126.95,798.0,1750655400.0,2025-06-23 10:40:00+05:30
126.95,126.98,126.72,126.72,1195.0,1750655700.0,2025-06-23 10:45:00+05:30
126.72,126.9,126.61,126.61,1618.0,1750656000.0,2025-06-23 10:50:00+05:30
126.77,126.83,126.68,126.73,807.0,1750656300.0,2025-06-23 10:55:00+05:30
126.82,126.87,126.48,126.7,1363.0,1750656600.0,2025-06-23 11:00:00+05:30
126.7,126.7,126.51,126.59,1307.0,1750656900.0,2025-06-23 11:05:00+05:30
126.59,126.94,126.59,126.94,576.0,1750657200.0,2025-06-23 11:10:00+05:30
126.81,126.93,126.53,126.93,11033.0,1750657500.0,2025-06-23 11:15:00+05:30
126.88,127.66,126.88,127.51,13301.0,1750657800.0,2025-06-23 11:20:00+05:30
127.51,128.5,127.51,127.59,49590.0,1750658100.0,2025-06-23 11:25:00+05:30
127.62,128.21,127.51,127.68,54298.0,1750658400.0,2025-06-23 11:30:00+05:30
127.82,127.82,126.3,126.54,26576.0,1750658700.0,2025-06-23 11:35:00+05:30
126.64,126.7,126.54,126.54,1462.0,1750659000.0,2025-06-23 11:40:00+05:30
126.49,126.49,126.34,126.37,229.0,1750659300.0,2025-06-23 11:45:00+05:30
126.27,126.46,126.27,126.27,827.0,1750659600.0,2025-06-23 11:50:00+05:30
126.27,126.32,125.87,125.96,3267.0,1750659900.0,2025-06-23 11:55:00+05:30
126.01,126.47,126.01,126.36,1497.0,1750660200.0,2025-06-23 12:00:00+05:30
126.35,126.38,126.31,126.36,97.0,1750660500.0,2025-06-23 12:05:00+05:30
126.36,126.42,126.2,126.2,347.0,1750660800.0,2025-06-23 12:10:00+05:30
126.17,126.25,126.12,126.23,433.0,1750661100.0,2025-06-23 12:15:00+05:30
126.23,126.25,126.07,126.07,5425.0,1750661400.0,2025-06-23 12:20:00+05:30
126.0,126.23,126.0,126.08,1022.0,1750661700.0,2025-06-23 12:25:00+05:30
126.21,126.28,126.09,126.27,244.0,1750662000.0,2025-06-23 12:30:00+05:30
126.29,126.29,126.1,126.1,722.0,1750662300.0,2025-06-23 12:35:00+05:30
126.1,126.2,126.1,126.1,456.0,1750662600.0,2025-06-23 12:40:00+05:30
126.01,126.01,125.9,126.0,1931.0,1750662900.0,2025-06-23 12:45:00+05:30
126.0,126.17,126.0,126.01,1234.0,1750663200.0,2025-06-23 12:50:00+05:30
126.09,126.11,126.0,126.11,1005.0,1750663500.0,2025-06-23 12:55:00+05:30
126.12,126.15,126.02,126.15,778.0,1750663800.0,2025-06-23 13:00:00+05:30
126.16,126.23,126.12,126.23,788.0,1750664100.0,2025-06-23 13:05:00+05:30
126.23,126.23,125.95,126.09,989.0,1750664400.0,2025-06-23 13:10:00+05:30
126.09,126.1,125.95,125.95,186.0,1750664700.0,2025-06-23 13:15:00+05:30
126.08,126.11,126.01,126.05,730.0,1750665000.0,2025-06-23 13:20:00+05:30
126.01,126.07,125.91,125.91,1779.0,1750665300.0,2025-06-23 13:25:00+05:30
126.01,126.12,125.82,125.89,2498.0,1750665600.0,2025-06-23 13:30:00+05:30
125.97,125.99,125.84,125.84,293.0,1750665900.0,2025-06-23 13:35:00+05:30
125.96,126.04,125.96,125.96,264.0,1750666200.0,2025-06-23 13:40:00+05:30
126.04,126.13,126.01,126.13,359.0,1750666500.0,2025-06-23 13:45:00+05:30
126.09,126.13,125.9,125.9,1536.0,1750666800.0,2025-06-23 13:50:00+05:30
125.89,126.05,125.73,125.94,1507.0,1750667100.0,2025-06-23 13:55:00+05:30
125.97,126.22,125.8,126.22,3281.0,1750667400.0,2025-06-23 14:00:00+05:30
126.21,126.24,125.95,126.07,312.0,1750667700.0,2025-06-23 14:05:00+05:30
125.96,125.99,125.51,125.75,5590.0,1750668000.0,2025-06-23 14:10:00+05:30
125.75,125.91,125.75,125.86,402.0,1750668300.0,2025-06-23 14:15:00+05:30
125.86,125.89,125.79,125.79,813.0,1750668600.0,2025-06-23 14:20:00+05:30
125.79,125.79,125.7,125.7,1760.0,1750668900.0,2025-06-23 14:25:00+05:30
125.72,125.78,125.6,125.7,1205.0,1750669200.0,2025-06-23 14:30:00+05:30
125.7,125.78,125.64,125.78,1199.0,1750669500.0,2025-06-23 14:35:00+05:30
125.78,125.79,125.55,125.74,5919.0,1750669800.0,2025-06-23 14:40:00+05:30
125.74,125.74,125.47,125.6,697.0,1750670100.0,2025-06-23 14:45:00+05:30
125.6,125.72,125.6,125.72,373.0,1750670400.0,2025-06-23 14:50:00+05:30
125.72,125.74,125.6,125.6,1657.0,1750670700.0,2025-06-23 14:55:00+05:30
125.63,125.75,125.58,125.73,1974.0,1750671000.0,2025-06-23 15:00:00+05:30
125.61,126.0,125.58,126.0,5885.0,1750671300.0,2025-06-23 15:05:00+05:30
125.89,125.89,125.61,125.65,1962.0,1750671600.0,2025-06-23 15:10:00+05:30
125.55,125.94,125.41,125.44,7199.0,1750671900.0,2025-06-23 15:15:00+05:30
125.59,125.98,125.4,125.84,7956.0,1750672200.0,2025-06-23 15:20:00+05:30
125.81,125.9,125.59,125.76,6319.0,1750672500.0,2025-06-23 15:25:00+05:30
126.8,128.58,126.8,127.72,24005.0,1750736700.0,2025-06-24 09:15:00+05:30
127.78,128.03,127.43,127.74,6103.0,1750737000.0,2025-06-24 09:20:00+05:30
127.72,127.79,127.5,127.66,3468.0,1750737300.0,2025-06-24 09:25:00+05:30
127.69,127.99,127.64,127.86,4918.0,1750737600.0,2025-06-24 09:30:00+05:30
127.78,127.78,127.48,127.54,506.0,1750737900.0,2025-06-24 09:35:00+05:30
127.61,127.67,127.3,127.39,5643.0,1750738200.0,2025-06-24 09:40:00+05:30
127.39,127.47,127.3,127.3,495.0,1750738500.0,2025-06-24 09:45:00+05:30
127.3,127.69,127.3,127.58,5652.0,1750738800.0,2025-06-24 09:50:00+05:30
127.56,127.57,127.28,127.36,3940.0,1750739100.0,2025-06-24 09:55:00+05:30
127.38,127.4,127.2,127.35,1741.0,1750739400.0,2025-06-24 10:00:00+05:30
127.36,127.4,127.2,127.31,2681.0,1750739700.0,2025-06-24 10:05:00+05:30
127.25,127.32,127.01,127.09,3719.0,1750740000.0,2025-06-24 10:10:00+05:30
127.05,127.15,126.62,126.87,9755.0,1750740300.0,2025-06-24 10:15:00+05:30
126.87,127.12,126.86,126.86,425.0,1750740600.0,2025-06-24 10:20:00+05:30
127.0,127.1,127.0,127.09,5105.0,1750740900.0,2025-06-24 10:25:00+05:30
127.09,127.09,126.71,126.87,2571.0,1750741200.0,2025-06-24 10:30:00+05:30
126.86,127.12,126.84,126.96,557.0,1750741500.0,2025-06-24 10:35:00+05:30
126.95,126.95,126.66,126.74,1096.0,1750741800.0,2025-06-24 10:40:00+05:30
126.61,126.75,126.61,126.75,667.0,1750742100.0,2025-06-24 10:45:00+05:30
126.75,126.75,126.5,126.7,2086.0,1750742400.0,2025-06-24 10:50:00+05:30
126.45,126.58,126.45,126.58,877.0,1750742700.0,2025-06-24 10:55:00+05:30
126.79,126.79,126.7,126.7,1253.0,1750743000.0,2025-06-24 11:00:00+05:30
126.97,127.0,126.75,126.87,3253.0,1750743300.0,2025-06-24 11:05:00+05:30
126.9,126.96,126.75,126.9,1756.0,1750743600.0,2025-06-24 11:10:00+05:30
126.88,126.88,126.75,126.75,1299.0,1750743900.0,2025-06-24 11:15:00+05:30
126.9,126.9,126.89,126.9,1031.0,1750744200.0,2025-06-24 11:20:00+05:30
126.9,126.99,126.81,126.96,668.0,1750744500.0,2025-06-24 11:25:00+05:30
126.96,126.96,126.81,126.81,283.0,1750744800.0,2025-06-24 11:30:00+05:30
126.81,126.81,126.59,126.6,2782.0,1750745100.0,2025-06-24 11:35:00+05:30
126.74,126.81,126.74,126.81,529.0,1750745400.0,2025-06-24 11:40:00+05:30
126.81,127.09,126.81,127.0,390.0,1750745700.0,2025-06-24 11:45:00+05:30
127.0,127.0,126.79,126.79,757.0,1750746000.0,2025-06-24 11:50:00+05:30
126.72,126.96,126.72,126.8,579.0,1750746300.0,2025-06-24 11:55:00+05:30
126.8,126.96,126.7,126.7,3496.0,1750746600.0,2025-06-24 12:00:00+05:30
126.56,126.79,126.51,126.77,1543.0,1750746900.0,2025-06-24 12:05:00+05:30
126.78,126.97,126.78,126.92,975.0,1750747200.0,2025-06-24 12:10:00+05:30
126.91,126.94,126.67,126.81,1249.0,1750747500.0,2025-06-24 12:15:00+05:30
126.81,126.81,126.8,126.8,210.0,1750747800.0,2025-06-24 12:20:00+05:30
126.8,126.8,126.51,126.51,1238.0,1750748100.0,2025-06-24 12:25:00+05:30
126.74,126.8,126.54,126.8,579.0,1750748400.0,2025-06-24 12:30:00+05:30
126.68,126.81,126.68,126.72,1271.0,1750748700.0,2025-06-24 12:35:00+05:30
126.72,126.76,126.52,126.58,1556.0,1750749000.0,2025-06-24 12:40:00+05:30
126.58,126.6,126.3,126.6,3461.0,1750749300.0,2025-06-24 12:45:00+05:30
126.51,126.89,126.51,126.76,1566.0,1750749600.0,2025-06-24 12:50:00+05:30
126.76,126.76,126.74,126.74,6.0,1750749900.0,2025-06-24 12:55:00+05:30
126.74,126.74,126.61,126.74,366.0,1750750200.0,2025-06-24 13:00:00+05:30
126.74,126.79,126.74,126.77,625.0,1750750500.0,2025-06-24 13:05:00+05:30
126.77,126.77,126.6,126.6,279.0,1750750800.0,2025-06-24 13:10:00+05:30
126.66,126.66,126.53,126.64,315.0,1750751100.0,2025-06-24 13:15:00+05:30
126.64,126.65,126.45,126.45,1390.0,1750751400.0,2025-06-24 13:20:00+05:30
126.47,126.47,126.17,126.18,1397.0,1750751700.0,2025-06-24 13:25:00+05:30
126.18,126.25,125.83,125.98,5039.0,1750752000.0,2025-06-24 13:30:00+05:30
125.85,125.98,125.6,125.97,2375.0,1750752300.0,2025-06-24 13:35:00+05:30
125.97,126.01,125.8,125.92,855.0,1750752600.0,2025-06-24 13:40:00+05:30
125.91,125.91,125.58,125.6,3959.0,1750752900.0,2025-06-24 13:45:00+05:30
125.55,125.84,125.53,125.79,3803.0,1750753200.0,2025-06-24 13:50:00+05:30
125.8,125.8,125.51,125.61,2283.0,1750753500.0,2025-06-24 13:55:00+05:30
125.75,125.82,125.71,125.82,1978.0,1750753800.0,2025-06-24 14:00:00+05:30
125.7,125.7,125.52,125.7,3280.0,1750754100.0,2025-06-24 14:05:00+05:30
125.7,125.75,125.64,125.72,4792.0,1750754400.0,2025-06-24 14:10:00+05:30
125.74,125.84,125.65,125.84,3213.0,1750754700.0,2025-06-24 14:15:00+05:30
125.84,126.05,125.84,125.93,1260.0,1750755000.0,2025-06-24 14:20:00+05:30
125.93,126.0,125.9,126.0,444.0,1750755300.0,2025-06-24 14:25:00+05:30
126.0,126.0,125.85,125.95,809.0,1750755600.0,2025-06-24 14:30:00+05:30
126.0,126.12,125.9,126.08,2987.0,1750755900.0,2025-06-24 14:35:00+05:30
126.08,126.3,126.08,126.12,1479.0,1750756200.0,2025-06-24 14:40:00+05:30
126.1,126.19,125.91,126.16,2449.0,1750756500.0,2025-06-24 14:45:00+05:30
126.24,126.24,125.85,125.9,5005.0,1750756800.0,2025-06-24 14:50:00+05:30
125.98,126.0,125.9,125.9,1120.0,1750757100.0,2025-06-24 14:55:00+05:30
126.0,126.0,125.61,125.7,4131.0,1750757400.0,2025-06-24 15:00:00+05:30
125.7,125.99,125.55,125.85,4680.0,1750757700.0,2025-06-24 15:05:00+05:30
125.83,125.86,125.55,125.6,6148.0,1750758000.0,2025-06-24 15:10:00+05:30
125.74,125.74,125.53,125.58,2244.0,1750758300.0,2025-06-24 15:15:00+05:30
125.52,125.8,125.21,125.73,10100.0,1750758600.0,2025-06-24 15:20:00+05:30
125.46,126.39,125.31,126.14,14737.0,1750758900.0,2025-06-24 15:25:00+05:30
126.55,127.44,126.21,126.58,7479.0,1750823100.0,2025-06-25 09:15:00+05:30
126.59,126.81,126.47,126.48,2701.0,1750823400.0,2025-06-25 09:20:00+05:30
126.52,126.75,126.36,126.66,7254.0,1750823700.0,2025-06-25 09:25:00+05:30
126.66,126.71,126.53,126.66,3990.0,1750824000.0,2025-06-25 09:30:00+05:30
126.67,126.77,126.53,126.72,2279.0,1750824300.0,2025-06-25 09:35:00+05:30
126.75,126.8,126.42,126.63,8539.0,1750824600.0,2025-06-25 09:40:00+05:30
126.61,126.75,126.44,126.7,3009.0,1750824900.0,2025-06-25 09:45:00+05:30
126.42,126.69,126.4,126.69,1376.0,1750825200.0,2025-06-25 09:50:00+05:30
126.69,126.87,126.61,126.8,5024.0,1750825500.0,2025-06-25 09:55:00+05:30
126.8,127.17,126.8,127.02,3836.0,1750825800.0,2025-06-25 10:00:00+05:30
127.07,127.37,127.07,127.25,7284.0,1750826100.0,2025-06-25 10:05:00+05:30
127.25,127.26,126.99,127.0,1469.0,1750826400.0,2025-06-25 10:10:00+05:30
127.0,127.15,126.8,126.8,2420.0,1750826700.0,2025-06-25 10:15:00+05:30
126.81,126.99,126.6,126.89,3963.0,1750827000.0,2025-06-25 10:20:00+05:30
126.65,126.79,126.51,126.57,1715.0,1750827300.0,2025-06-25 10:25:00+05:30
126.57,126.91,126.48,126.84,7437.0,1750827600.0,2025-06-25 10:30:00+05:30
126.84,126.91,126.63,126.63,991.0,1750827900.0,2025-06-25 10:35:00+05:30
126.71,126.83,126.6,126.71,1058.0,1750828200.0,2025-06-25 10:40:00+05:30
126.71,126.83,126.65,126.8,367.0,1750828500.0,2025-06-25 10:45:00+05:30
126.82,126.85,126.75,126.82,1159.0,1750828800.0,2025-06-25 10:50:00+05:30
126.89,127.06,126.84,126.96,800.0,1750829100.0,2025-06-25 10:55:00+05:30
126.66,126.73,126.52,126.6,12002.0,1750829400.0,2025-06-25 11:00:00+05:30
126.63,126.63,126.48,126.48,945.0,1750829700.0,2025-06-25 11:05:00+05:30
126.48,126.63,126.44,126.63,664.0,1750830000.0,2025-06-25 11:10:00+05:30
126.61,126.99,126.5,126.85,11983.0,1750830300.0,2025-06-25 11:15:00+05:30
126.85,127.08,126.85,126.88,723.0,1750830600.0,2025-06-25 11:20:00+05:30
126.7,126.88,126.7,126.88,103.0,1750830900.0,2025-06-25 11:25:00+05:30
126.88,127.0,126.88,127.0,754.0,1750831200.0,2025-06-25 11:30:00+05:30
126.99,126.99,126.56,126.87,4501.0,1750831500.0,2025-06-25 11:35:00+05:30
126.86,126.88,126.75,126.88,425.0,1750831800.0,2025-06-25 11:40:00+05:30
126.91,126.97,126.88,126.97,302.0,1750832100.0,2025-06-25 11:45:00+05:30
126.97,126.98,126.97,126.97,20.0,1750832400.0,2025-06-25 11:50:00+05:30
126.97,126.97,126.85,126.97,760.0,1750832700.0,2025-06-25 11:55:00+05:30
126.83,126.87,126.75,126.87,480.0,1750833000.0,2025-06-25 12:00:00+05:30
126.87,126.87,126.75,126.79,324.0,1750833300.0,2025-06-25 12:05:00+05:30
126.67,126.75,126.63,126.75,379.0,1750833600.0,2025-06-25 12:10:00+05:30
126.57,126.69,126.55,126.55,580.0,1750833900.0,2025-06-25 12:15:00+05:30
126.55,126.66,126.55,126.62,74.0,1750834200.0,2025-06-25 12:20:00+05:30
126.62,126.63,126.62,126.63,17.0,1750834500.0,2025-06-25 12:25:00+05:30
126.64,126.68,126.64,126.68,1021.0,1750834800.0,2025-06-25 12:30:00+05:30
126.68,126.89,126.68,126.89,1071.0,1750835100.0,2025-06-25 12:35:00+05:30
126.89,126.89,126.68,126.68,304.0,1750835400.0,2025-06-25 12:40:00+05:30
126.81,126.94,126.75,126.75,1431.0,1750835700.0,2025-06-25 12:45:00+05:30
126.75,126.75,126.75,126.75,325.0,1750836000.0,2025-06-25 12:50:00+05:30
126.75,127.0,126.75,126.97,2580.0,1750836300.0,2025-06-25 12:55:00+05:30
126.97,126.97,126.97,126.97,60.0,1750836600.0,2025-06-25 13:00:00+05:30
126.98,127.0,126.75,127.0,2344.0,1750836900.0,2025-06-25 13:05:00+05:30
126.99,127.0,126.98,126.99,717.0,1750837200.0,2025-06-25 13:10:00+05:30
126.99,127.0,126.87,127.0,509.0,1750837500.0,2025-06-25 13:15:00+05:30
127.0,127.0,126.92,127.0,232.0,1750837800.0,2025-06-25 13:20:00+05:30
127.0,127.0,127.0,127.0,136.0,1750838100.0,2025-06-25 13:25:00+05:30
127.0,127.0,126.99,127.0,2548.0,1750838400.0,2025-06-25 13:30:00+05:30
127.0,127.0,126.9,127.0,121.0,1750838700.0,2025-06-25 13:35:00+05:30
127.0,127.0,126.92,127.0,505.0,1750839000.0,2025-06-25 13:40:00+05:30
127.0,127.0,126.9,127.0,227.0,1750839300.0,2025-06-25 13:45:00+05:30
127.0,127.0,127.0,127.0,619.0,1750839600.0,2025-06-25 13:50:00+05:30
127.0,127.1,126.82,126.82,915.0,1750839900.0,2025-06-25 13:55:00+05:30
126.96,127.2,126.96,127.04,1594.0,1750840200.0,2025-06-25 14:00:00+05:30
127.03,127.35,127.02,127.35,363.0,1750840500.0,2025-06-25 14:05:00+05:30
127.3,127.74,127.3,127.54,12449.0,1750840800.0,2025-06-25 14:10:00+05:30
127.44,127.59,127.35,127.59,624.0,1750841100.0,2025-06-25 14:15:00+05:30
127.59,127.7,127.54,127.54,1109.0,1750841400.0,2025-06-25 14:20:00+05:30
127.55,127.55,127.0,127.12,5818.0,1750841700.0,2025-06-25 14:25:00+05:30
127.15,127.3,126.5,127.3,9417.0,1750842000.0,2025-06-25 14:30:00+05:30
127.08,127.49,127.08,127.43,4807.0,1750842300.0,2025-06-25 14:35:00+05:30
127.42,128.25,127.39,128.22,12788.0,1750842600.0,2025-06-25 14:40:00+05:30
128.22,128.99,128.21,128.87,7574.0,1750842900.0,2025-06-25 14:45:00+05:30
128.87,129.56,128.67,129.39,16929.0,1750843200.0,2025-06-25 14:50:00+05:30
129.47,130.0,129.44,129.62,17525.0,1750843500.0,2025-06-25 14:55:00+05:30
129.61,129.74,129.02,129.12,19716.0,1750843800.0,2025-06-25 15:00:00+05:30
129.1,129.79,129.01,129.67,10555.0,1750844100.0,2025-06-25 15:05:00+05:30
129.65,129.67,129.15,129.42,3416.0,1750844400.0,2025-06-25 15:10:00+05:30
129.41,129.95,129.32,129.6,19078.0,1750844700.0,2025-06-25 15:15:00+05:30
129.6,129.63,129.48,129.55,8404.0,1750845000.0,2025-06-25 15:20:00+05:30
129.58,129.58,128.12,129.5,21215.0,1750845300.0,2025-06-25 15:25:00+05:30
129.9,130.34,129.15,129.15,7870.0,1750909500.0,2025-06-26 09:15:00+05:30
129.48,129.48,128.61,128.81,6690.0,1750909800.0,2025-06-26 09:20:00+05:30
128.74,128.98,128.27,128.89,4091.0,1750910100.0,2025-06-26 09:25:00+05:30
128.98,128.98,128.61,128.8,2472.0,1750910400.0,2025-06-26 09:30:00+05:30
128.8,128.89,128.59,128.72,3206.0,1750910700.0,2025-06-26 09:35:00+05:30
128.72,128.91,128.6,128.76,910.0,1750911000.0,2025-06-26 09:40:00+05:30
128.91,128.98,128.48,128.65,1393.0,1750911300.0,2025-06-26 09:45:00+05:30
128.68,128.75,128.4,128.4,1401.0,1750911600.0,2025-06-26 09:50:00+05:30
128.58,128.66,128.34,128.52,965.0,1750911900.0,2025-06-26 09:55:00+05:30
128.54,128.75,128.52,128.66,3659.0,1750912200.0,2025-06-26 10:00:00+05:30
128.69,128.74,128.4,128.51,1160.0,1750912500.0,2025-06-26 10:05:00+05:30
128.51,128.51,128.44,128.44,164.0,1750912800.0,2025-06-26 10:10:00+05:30
128.51,128.51,128.27,128.33,3658.0,1750913100.0,2025-06-26 10:15:00+05:30
128.21,128.42,128.1,128.13,1605.0,1750913400.0,2025-06-26 10:20:00+05:30
128.15,128.29,128.03,128.29,2931.0,1750913700.0,2025-06-26 10:25:00+05:30
128.33,128.33,128.09,128.16,465.0,1750914000.0,2025-06-26 10:30:00+05:30
128.16,128.3,128.16,128.28,778.0,1750914300.0,2025-06-26 10:35:00+05:30
128.3,128.32,128.25,128.32,1068.0,1750914600.0,2025-06-26 10:40:00+05:30
128.32,128.49,128.25,128.25,3164.0,1750914900.0,2025-06-26 10:45:00+05:30
128.31,128.36,128.12,128.26,565.0,1750915200.0,2025-06-26 10:50:00+05:30
128.13,128.28,128.0,128.16,2310.0,1750915500.0,2025-06-26 10:55:00+05:30
128.16,128.16,127.82,128.15,4000.0,1750915800.0,2025-06-26 11:00:00+05:30
128.14,128.16,127.91,128.05,1016.0,1750916100.0,2025-06-26 11:05:00+05:30
127.92,128.07,127.9,127.9,1857.0,1750916400.0,2025-06-26 11:10:00+05:30
127.9,128.34,127.8,128.14,5116.0,1750916700.0,2025-06-26 11:15:00+05:30
128.14,128.48,127.99,128.21,2169.0,1750917000.0,2025-06-26 11:20:00+05:30
128.09,128.39,128.09,128.29,1665.0,1750917300.0,2025-06-26 11:25:00+05:30
128.29,128.3,128.07,128.07,530.0,1750917600.0,2025-06-26 11:30:00+05:30
128.08,128.23,127.49,127.99,12948.0,1750917900.0,2025-06-26 11:35:00+05:30
127.91,128.07,127.76,128.07,760.0,1750918200.0,2025-06-26 11:40:00+05:30
128.0,128.16,128.0,128.05,278.0,1750918500.0,2025-06-26 11:45:00+05:30
128.01,128.2,128.01,128.2,696.0,1750918800.0,2025-06-26 11:50:00+05:30
128.09,128.2,128.08,128.08,351.0,1750919100.0,2025-06-26 11:55:00+05:30
128.0,128.05,127.9,128.02,3435.0,1750919400.0,2025-06-26 12:00:00+05:30
128.03,128.03,127.31,127.59,13512.0,1750919700.0,2025-06-26 12:05:00+05:30
127.6,127.61,127.44,127.61,1254.0,1750920000.0,2025-06-26 12:10:00+05:30
127.63,127.63,127.4,127.5,468.0,1750920300.0,2025-06-26 12:15:00+05:30
127.39,127.91,127.39,127.91,4657.0,1750920600.0,2025-06-26 12:20:00+05:30
127.95,128.51,127.9,128.51,8348.0,1750920900.0,2025-06-26 12:25:00+05:30
128.58,128.58,128.04,128.17,1514.0,1750921200.0,2025-06-26 12:30:00+05:30
128.25,128.51,128.17,128.48,1284.0,1750921500.0,2025-06-26 12:35:00+05:30
128.48,128.48,128.17,128.17,654.0,1750921800.0,2025-06-26 12:40:00+05:30
128.17,128.34,128.0,128.12,1009.0,1750922100.0,2025-06-26 12:45:00+05:30
128.15,128.29,128.0,128.0,2325.0,1750922400.0,2025-06-26 12:50:00+05:30
127.98,128.04,127.81,127.93,893.0,1750922700.0,2025-06-26 12:55:00+05:30
127.93,128.11,127.9,128.07,1027.0,1750923000.0,2025-06-26 13:00:00+05:30
128.07,128.07,127.91,127.98,718.0,1750923300.0,2025-06-26 13:05:00+05:30
127.98,128.0,127.9,128.0,354.0,1750923600.0,2025-06-26 13:10:00+05:30
128.0,128.0,127.82,128.0,536.0,1750923900.0,2025-06-26 13:15:00+05:30
128.0,128.16,127.95,128.07,1939.0,1750924200.0,2025-06-26 13:20:00+05:30
127.95,127.95,127.54,127.7,4091.0,1750924500.0,2025-06-26 13:25:00+05:30
127.65,127.77,127.51,127.71,10229.0,1750924800.0,2025-06-26 13:30:00+05:30
127.71,127.83,127.7,127.83,723.0,1750925100.0,2025-06-26 13:35:00+05:30
127.75,127.98,127.62,127.7,1892.0,1750925400.0,2025-06-26 13:40:00+05:30
127.7,127.86,127.5,127.5,1172.0,1750925700.0,2025-06-26 13:45:00+05:30
127.44,127.69,127.44,127.69,1575.0,1750926000.0,2025-06-26 13:50:00+05:30
127.58,127.58,127.0,127.36,11170.0,1750926300.0,2025-06-26 13:55:00+05:30
127.36,127.5,127.25,127.48,1164.0,1750926600.0,2025-06-26 14:00:00+05:30
127.48,127.52,127.41,127.52,378.0,1750926900.0,2025-06-26 14:05:00+05:30
127.47,127.47,127.1,127.1,1600.0,1750927200.0,2025-06-26 14:10:00+05:30
127.16,127.31,127.12,127.31,946.0,1750927500.0,2025-06-26 14:15:00+05:30
127.31,127.36,127.2,127.36,3564.0,1750927800.0,2025-06-26 14:20:00+05:30
127.23,127.36,127.22,127.3,2814.0,1750928100.0,2025-06-26 14:25:00+05:30
127.3,127.36,127.22,127.33,7561.0,1750928400.0,2025-06-26 14:30:00+05:30
127.33,127.36,127.23,127.36,554.0,1750928700.0,2025-06-26 14:35:00+05:30
127.36,127.7,127.24,127.7,8610.0,1750929000.0,2025-06-26 14:40:00+05:30
127.62,127.9,127.62,127.85,1289.0,1750929300.0,2025-06-26 14:45:00+05:30
127.85,127.85,127.5,127.65,1546.0,1750929600.0,2025-06-26 14:50:00+05:30
127.65,127.85,127.6,127.76,2012.0,1750929900.0,2025-06-26 14:55:00+05:30
127.76,127.9,127.71,127.71,3440.0,1750930200.0,2025-06-26 15:00:00+05:30
127.76,128.2,127.76,128.13,3272.0,1750930500.0,2025-06-26 15:05:00+05:30
128.13,128.13,127.73,127.91,1129.0,1750930800.0,2025-06-26 15:10:00+05:30
127.91,128.0,127.7,127.89,6320.0,1750931100.0,2025-06-26 15:15:00+05:30
127.79,128.0,127.7,127.9,5620.0,1750931400.0,2025-06-26 15:20:00+05:30
127.85,128.0,127.6,127.95,9016.0,1750931700.0,2025-06-26 15:25:00+05:30
127.95,129.7,127.95,128.43,13049.0,1750995900.0,2025-06-27 09:15:00+05:30
128.43,128.82,128.0,128.22,9630.0,1750996200.0,2025-06-27 09:20:00+05:30
128.37,128.53,128.2,128.2,11110.0,1750996500.0,2025-06-27 09:25:00+05:30
128.32,128.39,128.15,128.32,7139.0,1750996800.0,2025-06-27 09:30:00+05:30
128.32,128.4,128.19,128.33,4446.0,1750997100.0,2025-06-27 09:35:00+05:30
128.33,128.44,128.31,128.39,2251.0,1750997400.0,2025-06-27 09:40:00+05:30
128.42,128.54,128.14,128.4,21708.0,1750997700.0,2025-06-27 09:45:00+05:30
128.53,128.53,128.4,128.48,7684.0,1750998000.0,2025-06-27 09:50:00+05:30
128.47,128.52,128.38,128.52,2065.0,1750998300.0,2025-06-27 09:55:00+05:30
128.58,128.63,128.4,128.48,663.0,1750998600.0,2025-06-27 10:00:00+05:30
128.48,129.5,128.38,129.32,12939.0,1750998900.0,2025-06-27 10:05:00+05:30
129.5,129.53,128.87,128.92,2889.0,1750999200.0,2025-06-27 10:10:00+05:30
128.92,129.77,128.92,129.44,8030.0,1750999500.0,2025-06-27 10:15:00+05:30
129.5,129.77,129.24,129.67,4172.0,1750999800.0,2025-06-27 10:20:00+05:30
129.45,129.68,129.45,129.68,2435.0,1751000100.0,2025-06-27 10:25:00+05:30
129.6,129.74,129.53,129.65,1036.0,1751000400.0,2025-06-27 10:30:00+05:30
129.74,130.5,129.5,130.24,11367.0,1751000700.0,2025-06-27 10:35:00+05:30
130.39,130.7,130.27,130.36,7564.0,1751001000.0,2025-06-27 10:40:00+05:30
130.51,130.84,130.42,130.84,3565.0,1751001300.0,2025-06-27 10:45:00+05:30
130.85,130.85,130.3,130.3,2754.0,1751001600.0,2025-06-27 10:50:00+05:30
130.35,130.44,130.18,130.29,881.0,1751001900.0,2025-06-27 10:55:00+05:30
130.19,130.8,130.19,130.7,10604.0,1751002200.0,2025-06-27 11:00:00+05:30
130.78,130.78,130.5,130.65,944.0,1751002500.0,2025-06-27 11:05:00+05:30
130.65,130.67,129.77,129.83,10249.0,1751002800.0,2025-06-27 11:10:00+05:30
129.83,130.0,129.78,129.88,2448.0,1751003100.0,2025-06-27 11:15:00+05:30
129.99,130.02,129.75,129.75,1368.0,1751003400.0,2025-06-27 11:20:00+05:30
129.75,129.84,129.59,129.75,964.0,1751003700.0,2025-06-27 11:25:00+05:30
129.63,129.8,129.4,129.46,3018.0,1751004000.0,2025-06-27 11:30:00+05:30
129.37,129.49,129.25,129.4,3782.0,1751004300.0,2025-06-27 11:35:00+05:30
129.4,129.5,129.3,129.4,1188.0,1751004600.0,2025-06-27 11:40:00+05:30
129.46,129.48,129.3,129.3,608.0,1751004900.0,2025-06-27 11:45:00+05:30
129.3,129.42,129.1,129.42,2894.0,1751005200.0,2025-06-27 11:50:00+05:30
129.47,129.47,129.35,129.35,441.0,1751005500.0,2025-06-27 11:55:00+05:30
129.35,129.5,129.35,129.5,395.0,1751005800.0,2025-06-27 12:00:00+05:30
129.5,129.5,129.31,129.5,770.0,1751006100.0,2025-06-27 12:05:00+05:30
129.32,129.92,129.32,129.81,2836.0,1751006400.0,2025-06-27 12:10:00+05:30
129.75,130.13,129.69,129.76,3037.0,1751006700.0,2025-06-27 12:15:00+05:30
129.64,129.84,129.56,129.68,1900.0,1751007000.0,2025-06-27 12:20:00+05:30
129.68,129.77,129.62,129.68,138.0,1751007300.0,2025-06-27 12:25:00+05:30
129.68,129.68,129.55,129.55,181.0,1751007600.0,2025-06-27 12:30:00+05:30
129.55,129.58,129.39,129.58,594.0,1751007900.0,2025-06-27 12:35:00+05:30
129.48,129.72,129.48,129.72,1410.0,1751008200.0,2025-06-27 12:40:00+05:30
129.72,129.72,129.37,129.51,1941.0,1751008500.0,2025-06-27 12:45:00+05:30
129.65,129.65,129.52,129.52,229.0,1751008800.0,2025-06-27 12:50:00+05:30
129.52,129.63,129.35,129.35,2663.0,1751009100.0,2025-06-27 12:55:00+05:30
129.4,129.4,129.16,129.16,1466.0,1751009400.0,2025-06-27 13:00:00+05:30
129.36,129.36,129.21,129.36,8112.0,1751009700.0,2025-06-27 13:05:00+05:30
129.36,129.36,129.03,129.07,4327.0,1751010000.0,2025-06-27 13:10:00+05:30
129.07,129.07,128.83,128.93,983.0,1751010300.0,2025-06-27 13:15:00+05:30
128.8,129.01,128.8,128.8,1402.0,1751010600.0,2025-06-27 13:20:00+05:30
128.8,129.13,128.8,129.13,1451.0,1751010900.0,2025-06-27 13:25:00+05:30
129.06,129.06,128.3,128.95,8779.0,1751011200.0,2025-06-27 13:30:00+05:30
128.91,129.01,128.9,128.9,171.0,1751011500.0,2025-06-27 13:35:00+05:30
128.77,128.79,128.69,128.79,159.0,1751011800.0,2025-06-27 13:40:00+05:30
128.82,128.82,128.72,128.72,217.0,1751012100.0,2025-06-27 13:45:00+05:30
128.72,128.79,128.72,128.79,254.0,1751012400.0,2025-06-27 13:50:00+05:30
128.89,128.97,128.82,128.91,430.0,1751012700.0,2025-06-27 13:55:00+05:30
128.94,128.99,128.75,128.89,474.0,1751013000.0,2025-06-27 14:00:00+05:30
128.76,129.03,128.76,129.03,718.0,1751013300.0,2025-06-27 14:05:00+05:30
129.15,129.15,128.77,128.77,1001.0,1751013600.0,2025-06-27 14:10:00+05:30
128.77,128.84,128.47,128.47,3642.0,1751013900.0,2025-06-27 14:15:00+05:30
128.41,128.56,128.15,128.3,6988.0,1751014200.0,2025-06-27 14:20:00+05:30
128.29,128.29,128.04,128.17,2262.0,1751014500.0,2025-06-27 14:25:00+05:30
128.33,128.71,128.2,128.58,6184.0,1751014800.0,2025-06-27 14:30:00+05:30
128.5,129.37,128.5,129.37,6538.0,1751015100.0,2025-06-27 14:35:00+05:30
129.29,129.64,129.2,129.64,6478.0,1751015400.0,2025-06-27 14:40:00+05:30
129.53,130.08,129.36,130.05,10308.0,1751015700.0,2025-06-27 14:45:00+05:30
130.08,130.49,130.07,130.07,13375.0,1751016000.0,2025-06-27 14:50:00+05:30
130.2,130.2,129.96,130.07,3992.0,1751016300.0,2025-06-27 14:55:00+05:30
130.12,130.12,129.32,129.47,6975.0,1751016600.0,2025-06-27 15:00:00+05:30
129.46,129.46,129.06,129.2,2674.0,1751016900.0,2025-06-27 15:05:00+05:30
129.2,129.49,129.11,129.37,2023.0,1751017200.0,2025-06-27 15:10:00+05:30
129.35,129.55,129.02,129.46,5760.0,1751017500.0,2025-06-27 15:15:00+05:30
129.35,129.45,129.01,129.11,7588.0,1751017800.0,2025-06-27 15:20:00+05:30
129.24,129.25,129.11,129.25,9875.0,1751018100.0,2025-06-27 15:25:00+05:30
130.93,130.93,129.64,129.85,11363.0,1751255100.0,2025-06-30 09:15:00+05:30
129.69,130.23,129.69,130.0,15340.0,1751255400.0,2025-06-30 09:20:00+05:30
129.94,130.0,129.8,129.85,2557.0,1751255700.0,2025-06-30 09:25:00+05:30
129.79,129.8,129.5,129.8,4909.0,1751256000.0,2025-06-30 09:30:00+05:30
129.8,129.87,129.41,129.65,4711.0,1751256300.0,2025-06-30 09:35:00+05:30
129.65,129.87,129.5,129.64,1150.0,1751256600.0,2025-06-30 09:40:00+05:30
129.54,129.73,129.3,129.5,3726.0,1751256900.0,2025-06-30 09:45:00+05:30
129.6,129.6,129.25,129.42,2093.0,1751257200.0,2025-06-30 09:50:00+05:30
129.42,129.55,129.3,129.3,2240.0,1751257500.0,2025-06-30 09:55:00+05:30
129.3,129.34,129.14,129.33,2013.0,1751257800.0,2025-06-30 10:00:00+05:30
129.34,129.36,129.1,129.1,2171.0,1751258100.0,2025-06-30 10:05:00+05:30
129.1,129.19,129.03,129.19,1468.0,1751258400.0,2025-06-30 10:10:00+05:30
129.19,129.38,129.19,129.36,3130.0,1751258700.0,2025-06-30 10:15:00+05:30
129.35,129.35,129.12,129.27,1206.0,1751259000.0,2025-06-30 10:20:00+05:30
129.26,129.39,129.2,129.39,168.0,1751259300.0,2025-06-30 10:25:00+05:30
129.4,129.47,129.22,129.34,1175.0,1751259600.0,2025-06-30 10:30:00+05:30
129.49,129.49,128.8,129.17,8834.0,1751259900.0,2025-06-30 10:35:00+05:30
129.12,129.24,129.01,129.1,2115.0,1751260200.0,2025-06-30 10:40:00+05:30
128.89,128.93,128.71,128.89,4599.0,1751260500.0,2025-06-30 10:45:00+05:30
128.89,129.02,128.77,129.02,653.0,1751260800.0,2025-06-30 10:50:00+05:30
129.02,129.33,128.92,129.2,5886.0,1751261100.0,2025-06-30 10:55:00+05:30
129.2,129.4,129.2,129.27,633.0,1751261400.0,2025-06-30 11:00:00+05:30
129.27,129.27,129.07,129.27,384.0,1751261700.0,2025-06-30 11:05:00+05:30
129.27,129.27,128.88,128.95,8511.0,1751262000.0,2025-06-30 11:10:00+05:30
128.95,128.95,128.75,128.85,453.0,1751262300.0,2025-06-30 11:15:00+05:30
128.85,128.85,128.62,128.81,751.0,1751262600.0,2025-06-30 11:20:00+05:30
128.82,128.85,128.71,128.85,384.0,1751262900.0,2025-06-30 11:25:00+05:30
128.85,128.85,128.72,128.85,937.0,1751263200.0,2025-06-30 11:30:00+05:30
128.88,128.96,128.71,128.9,934.0,1751263500.0,2025-06-30 11:35:00+05:30
128.8,128.96,128.8,128.96,125.0,1751263800.0,2025-06-30 11:40:00+05:30
128.96,128.96,128.81,128.81,68.0,1751264100.0,2025-06-30 11:45:00+05:30
128.96,128.99,128.72,128.72,1407.0,1751264400.0,2025-06-30 11:50:00+05:30
128.72,128.72,128.6,128.72,860.0,1751264700.0,2025-06-30 11:55:00+05:30
128.72,128.9,128.66,128.9,1263.0,1751265000.0,2025-06-30 12:00:00+05:30
128.85,128.85,128.54,128.75,1430.0,1751265300.0,2025-06-30 12:05:00+05:30
128.75,128.8,128.6,128.8,409.0,1751265600.0,2025-06-30 12:10:00+05:30
128.69,128.92,128.69,128.91,739.0,1751265900.0,2025-06-30 12:15:00+05:30
128.9,128.9,128.7,128.74,658.0,1751266200.0,2025-06-30 12:20:00+05:30
128.88,128.91,128.7,128.7,1092.0,1751266500.0,2025-06-30 12:25:00+05:30
128.82,128.93,128.72,128.86,706.0,1751266800.0,2025-06-30 12:30:00+05:30
128.86,128.94,128.74,128.91,896.0,1751267100.0,2025-06-30 12:35:00+05:30
128.75,128.95,128.75,128.93,441.0,1751267400.0,2025-06-30 12:40:00+05:30
128.93,128.99,128.93,128.99,529.0,1751267700.0,2025-06-30 12:45:00+05:30
128.97,128.97,128.97,128.97,596.0,1751268000.0,2025-06-30 12:50:00+05:30
128.95,128.95,128.89,128.9,116.0,1751268300.0,2025-06-30 12:55:00+05:30
128.9,128.93,128.8,128.87,399.0,1751268600.0,2025-06-30 13:00:00+05:30
128.89,128.9,128.65,128.74,1444.0,1751268900.0,2025-06-30 13:05:00+05:30
128.73,128.89,128.73,128.89,1165.0,1751269200.0,2025-06-30 13:10:00+05:30
128.89,128.89,128.62,128.62,505.0,1751269500.0,2025-06-30 13:15:00+05:30
128.62,128.76,128.62,128.76,168.0,1751269800.0,2025-06-30 13:20:00+05:30
128.76,128.76,128.7,128.7,183.0,1751270100.0,2025-06-30 13:25:00+05:30
128.76,128.76,128.63,128.76,1098.0,1751270400.0,2025-06-30 13:30:00+05:30
128.76,128.76,128.64,128.65,326.0,1751270700.0,2025-06-30 13:35:00+05:30
128.76,128.76,128.65,128.66,251.0,1751271000.0,2025-06-30 13:40:00+05:30
128.76,128.86,128.65,128.84,2603.0,1751271300.0,2025-06-30 13:45:00+05:30
128.84,128.84,128.54,128.6,3850.0,1751271600.0,2025-06-30 13:50:00+05:30
128.6,128.77,128.51,128.57,1993.0,1751271900.0,2025-06-30 13:55:00+05:30
128.57,128.74,128.57,128.74,68.0,1751272200.0,2025-06-30 14:00:00+05:30
128.74,128.85,128.74,128.85,96.0,1751272500.0,2025-06-30 14:05:00+05:30
128.8,128.85,128.75,128.84,444.0,1751272800.0,2025-06-30 14:10:00+05:30
128.84,128.93,128.71,128.93,1032.0,1751273100.0,2025-06-30 14:15:00+05:30
128.93,128.93,128.74,128.74,260.0,1751273400.0,2025-06-30 14:20:00+05:30
128.92,129.4,128.75,129.39,6876.0,1751273700.0,2025-06-30 14:25:00+05:30
129.42,129.45,129.31,129.43,1242.0,1751274000.0,2025-06-30 14:30:00+05:30
129.45,129.45,128.75,129.23,4939.0,1751274300.0,2025-06-30 14:35:00+05:30
129.3,129.88,129.17,129.88,2105.0,1751274600.0,2025-06-30 14:40:00+05:30
129.85,130.08,129.85,129.95,4516.0,1751274900.0,2025-06-30 14:45:00+05:30
129.96,130.34,129.96,130.29,2899.0,1751275200.0,2025-06-30 14:50:00+05:30
130.31,130.38,129.79,129.9,6244.0,1751275500.0,2025-06-30 14:55:00+05:30
129.98,129.99,129.6,129.78,4015.0,1751275800.0,2025-06-30 15:00:00+05:30
129.78,130.0,129.67,130.0,12147.0,1751276100.0,2025-06-30 15:05:00+05:30
129.96,130.0,129.86,129.86,3454.0,1751276400.0,2025-06-30 15:10:00+05:30
129.93,131.22,129.85,131.15,24793.0,1751276700.0,2025-06-30 15:15:00+05:30
131.25,131.25,130.97,131.07,11445.0,1751277000.0,2025-06-30 15:20:00+05:30
131.1,132.0,131.0,131.5,23388.0,1751277300.0,2025-06-30 15:25:00+05:30
130.73,132.0,130.2,130.41,23689.0,1751341500.0,2025-07-01 09:15:00+05:30
130.41,130.47,129.36,129.51,9466.0,1751341800.0,2025-07-01 09:20:00+05:30
129.5,129.59,129.36,129.5,3591.0,1751342100.0,2025-07-01 09:25:00+05:30
129.59,129.81,129.51,129.57,3237.0,1751342400.0,2025-07-01 09:30:00+05:30
129.57,129.57,129.3,129.3,4665.0,1751342700.0,2025-07-01 09:35:00+05:30
129.3,129.51,129.2,129.51,4117.0,1751343000.0,2025-07-01 09:40:00+05:30
129.51,129.53,129.39,129.45,381.0,1751343300.0,2025-07-01 09:45:00+05:30
129.57,129.64,129.43,129.56,1859.0,1751343600.0,2025-07-01 09:50:00+05:30
129.55,129.6,129.32,129.5,784.0,1751343900.0,2025-07-01 09:55:00+05:30
129.62,129.81,129.55,129.81,2755.0,1751344200.0,2025-07-01 10:00:00+05:30
129.6,129.94,129.6,129.93,940.0,1751344500.0,2025-07-01 10:05:00+05:30
129.93,129.93,129.5,129.78,1495.0,1751344800.0,2025-07-01 10:10:00+05:30
129.78,129.9,129.77,129.9,382.0,1751345100.0,2025-07-01 10:15:00+05:30
129.89,129.89,129.68,129.8,2292.0,1751345400.0,2025-07-01 10:20:00+05:30
129.85,130.0,129.85,130.0,1275.0,1751345700.0,2025-07-01 10:25:00+05:30
130.0,130.0,129.72,129.8,1234.0,1751346000.0,2025-07-01 10:30:00+05:30
129.92,130.0,129.81,129.89,4856.0,1751346300.0,2025-07-01 10:35:00+05:30
129.89,129.9,129.71,129.84,2284.0,1751346600.0,2025-07-01 10:40:00+05:30
129.97,130.0,129.81,129.89,112.0,1751346900.0,2025-07-01 10:45:00+05:30
129.89,130.0,129.65,129.78,3159.0,1751347200.0,2025-07-01 10:50:00+05:30
129.63,129.75,129.55,129.6,1616.0,1751347500.0,2025-07-01 10:55:00+05:30
129.73,129.94,129.5,129.5,5311.0,1751347800.0,2025-07-01 11:00:00+05:30
129.56,129.59,129.44,129.59,372.0,1751348100.0,2025-07-01 11:05:00+05:30
129.47,129.49,129.31,129.36,509.0,1751348400.0,2025-07-01 11:10:00+05:30
129.48,129.56,129.36,129.54,1240.0,1751348700.0,2025-07-01 11:15:00+05:30
129.54,129.54,129.5,129.5,1887.0,1751349000.0,2025-07-01 11:20:00+05:30
129.63,129.69,129.57,129.57,377.0,1751349300.0,2025-07-01 11:25:00+05:30
129.57,129.57,129.4,129.46,2017.0,1751349600.0,2025-07-01 11:30:00+05:30
129.46,129.57,129.46,129.57,1477.0,1751349900.0,2025-07-01 11:35:00+05:30
129.57,129.66,129.51,129.66,419.0,1751350200.0,2025-07-01 11:40:00+05:30
129.68,129.71,129.52,129.62,1476.0,1751350500.0,2025-07-01 11:45:00+05:30
129.62,129.63,129.51,129.51,522.0,1751350800.0,2025-07-01 11:50:00+05:30
129.51,129.53,129.01,129.03,8999.0,1751351100.0,2025-07-01 11:55:00+05:30
129.12,129.15,129.02,129.15,2684.0,1751351400.0,2025-07-01 12:00:00+05:30
129.1,129.15,129.01,129.01,951.0,1751351700.0,2025-07-01 12:05:00+05:30
129.01,129.14,129.01,129.14,1218.0,1751352000.0,2025-07-01 12:10:00+05:30
129.15,129.15,128.94,128.95,15019.0,1751352300.0,2025-07-01 12:15:00+05:30
129.25,129.25,129.0,129.16,1270.0,1751352600.0,2025-07-01 12:20:00+05:30
129.16,129.49,129.16,129.44,1442.0,1751352900.0,2025-07-01 12:25:00+05:30
129.35,129.46,129.22,129.35,2052.0,1751353200.0,2025-07-01 12:30:00+05:30
129.37,129.37,129.23,129.23,281.0,1751353500.0,2025-07-01 12:35:00+05:30
129.23,129.35,129.11,129.13,1413.0,1751353800.0,2025-07-01 12:40:00+05:30
129.08,129.12,129.05,129.08,142.0,1751354100.0,2025-07-01 12:45:00+05:30
129.08,129.2,129.08,129.2,755.0,1751354400.0,2025-07-01 12:50:00+05:30
129.2,129.2,128.99,129.16,1732.0,1751354700.0,2025-07-01 12:55:00+05:30
129.19,129.19,128.97,128.97,699.0,1751355000.0,2025-07-01 13:00:00+05:30
128.97,128.97,128.94,128.97,838.0,1751355300.0,2025-07-01 13:05:00+05:30
128.97,129.11,128.85,128.9,3413.0,1751355600.0,2025-07-01 13:10:00+05:30
129.01,129.06,129.01,129.03,683.0,1751355900.0,2025-07-01 13:15:00+05:30
129.03,129.17,128.95,129.17,1293.0,1751356200.0,2025-07-01 13:20:00+05:30
129.17,129.17,128.96,129.0,227.0,1751356500.0,2025-07-01 13:25:00+05:30
129.0,129.15,129.0,129.0,427.0,1751356800.0,2025-07-01 13:30:00+05:30
129.19,129.2,129.07,129.07,79.0,1751357100.0,2025-07-01 13:35:00+05:30
129.1,129.25,129.04,129.04,1653.0,1751357400.0,2025-07-01 13:40:00+05:30
129.05,129.31,129.04,129.31,5772.0,1751357700.0,2025-07-01 13:45:00+05:30
129.35,129.42,129.35,129.41,2372.0,1751358000.0,2025-07-01 13:50:00+05:30
129.4,129.4,129.21,129.4,2716.0,1751358300.0,2025-07-01 13:55:00+05:30
129.4,129.61,129.4,129.46,2653.0,1751358600.0,2025-07-01 14:00:00+05:30
129.5,129.5,129.4,129.47,3363.0,1751358900.0,2025-07-01 14:05:00+05:30
129.55,129.62,129.47,129.5,4789.0,1751359200.0,2025-07-01 14:10:00+05:30
129.26,129.47,129.26,129.47,5842.0,1751359500.0,2025-07-01 14:15:00+05:30
129.47,129.55,129.3,129.55,981.0,1751359800.0,2025-07-01 14:20:00+05:30
129.47,129.55,129.47,129.55,1582.0,1751360100.0,2025-07-01 14:25:00+05:30
129.55,129.6,129.21,129.21,5549.0,1751360400.0,2025-07-01 14:30:00+05:30
129.1,129.4,129.09,129.39,1202.0,1751360700.0,2025-07-01 14:35:00+05:30
129.39,129.47,129.31,129.45,1029.0,1751361000.0,2025-07-01 14:40:00+05:30
129.45,129.8,129.45,129.8,3519.0,1751361300.0,2025-07-01 14:45:00+05:30
129.8,130.0,129.8,130.0,1673.0,1751361600.0,2025-07-01 14:50:00+05:30
130.13,130.24,130.08,130.24,999.0,1751361900.0,2025-07-01 14:55:00+05:30
130.22,130.6,130.22,130.6,13838.0,1751362200.0,2025-07-01 15:00:00+05:30
130.73,130.76,130.55,130.72,2045.0,1751362500.0,2025-07-01 15:05:00+05:30
130.72,130.79,130.5,130.78,8274.0,1751362800.0,2025-07-01 15:10:00+05:30
130.8,130.85,130.46,130.48,7889.0,1751363100.0,2025-07-01 15:15:00+05:30
130.41,130.57,130.41,130.44,2074.0,1751363400.0,2025-07-01 15:20:00+05:30
130.41,130.44,130.0,130.4,3184.0,1751363700.0,2025-07-01 15:25:00+05:30
130.7,131.34,129.86,129.87,8903.0,1751427900.0,2025-07-02 09:15:00+05:30
129.9,129.9,129.14,129.49,6032.0,1751428200.0,2025-07-02 09:20:00+05:30
129.45,129.47,129.22,129.23,4509.0,1751428500.0,2025-07-02 09:25:00+05:30
129.4,130.1,129.4,129.68,25088.0,1751428800.0,2025-07-02 09:30:00+05:30
129.66,129.68,129.4,129.53,9161.0,1751429100.0,2025-07-02 09:35:00+05:30
129.5,129.5,128.7,128.75,6065.0,1751429400.0,2025-07-02 09:40:00+05:30
128.87,128.99,128.65,128.66,1663.0,1751429700.0,2025-07-02 09:45:00+05:30
128.8,128.94,128.52,128.79,5679.0,1751430000.0,2025-07-02 09:50:00+05:30
128.79,128.98,128.75,128.98,853.0,1751430300.0,2025-07-02 09:55:00+05:30
128.98,128.98,128.77,128.78,462.0,1751430600.0,2025-07-02 10:00:00+05:30
128.76,128.76,128.5,128.65,9428.0,1751430900.0,2025-07-02 10:05:00+05:30
128.5,128.6,128.31,128.43,4024.0,1751431200.0,2025-07-02 10:10:00+05:30
128.5,128.64,127.81,128.02,17098.0,1751431500.0,2025-07-02 10:15:00+05:30
128.2,128.51,128.2,128.37,2070.0,1751431800.0,2025-07-02 10:20:00+05:30
128.34,128.35,128.0,128.35,3958.0,1751432100.0,2025-07-02 10:25:00+05:30
128.34,128.44,128.21,128.32,1352.0,1751432400.0,2025-07-02 10:30:00+05:30
128.31,128.31,127.85,127.85,2707.0,1751432700.0,2025-07-02 10:35:00+05:30
127.81,128.1,127.61,127.95,14215.0,1751433000.0,2025-07-02 10:40:00+05:30
128.09,128.21,127.78,128.07,3411.0,1751433300.0,2025-07-02 10:45:00+05:30
128.0,128.05,127.95,128.0,2005.0,1751433600.0,2025-07-02 10:50:00+05:30
128.0,128.0,127.9,127.99,1584.0,1751433900.0,2025-07-02 10:55:00+05:30
127.99,128.05,127.91,128.0,3804.0,1751434200.0,2025-07-02 11:00:00+05:30
128.0,128.2,128.0,128.01,8222.0,1751434500.0,2025-07-02 11:05:00+05:30
128.13,128.15,128.03,128.15,1490.0,1751434800.0,2025-07-02 11:10:00+05:30
128.15,128.17,127.9,128.05,2003.0,1751435100.0,2025-07-02 11:15:00+05:30
128.07,128.14,127.9,128.14,502.0,1751435400.0,2025-07-02 11:20:00+05:30
128.32,128.33,128.0,128.0,4929.0,1751435700.0,2025-07-02 11:25:00+05:30
128.0,128.1,127.75,127.8,8698.0,1751436000.0,2025-07-02 11:30:00+05:30
127.8,128.03,127.76,128.03,1469.0,1751436300.0,2025-07-02 11:35:00+05:30
128.0,128.18,127.91,128.06,746.0,1751436600.0,2025-07-02 11:40:00+05:30
128.14,128.23,127.91,128.15,1793.0,1751436900.0,2025-07-02 11:45:00+05:30
128.15,128.24,128.05,128.05,911.0,1751437200.0,2025-07-02 11:50:00+05:30
128.19,128.32,128.07,128.17,245.0,1751437500.0,2025-07-02 11:55:00+05:30
128.07,128.21,127.79,128.02,5858.0,1751437800.0,2025-07-02 12:00:00+05:30
128.14,128.15,127.95,128.0,1084.0,1751438100.0,2025-07-02 12:05:00+05:30
128.0,128.15,128.0,128.15,249.0,1751438400.0,2025-07-02 12:10:00+05:30
128.15,128.15,128.1,128.11,405.0,1751438700.0,2025-07-02 12:15:00+05:30
128.1,128.37,128.1,128.31,3412.0,1751439000.0,2025-07-02 12:20:00+05:30
128.31,128.31,128.2,128.25,377.0,1751439300.0,2025-07-02 12:25:00+05:30
128.26,128.3,128.12,128.25,608.0,1751439600.0,2025-07-02 12:30:00+05:30
128.2,128.35,128.15,128.35,865.0,1751439900.0,2025-07-02 12:35:00+05:30
128.32,128.35,128.22,128.3,799.0,1751440200.0,2025-07-02 12:40:00+05:30
128.3,128.48,128.3,128.48,2405.0,1751440500.0,2025-07-02 12:45:00+05:30
128.48,128.48,128.3,128.37,3612.0,1751440800.0,2025-07-02 12:50:00+05:30
128.37,128.61,128.37,128.61,600.0,1751441100.0,2025-07-02 12:55:00+05:30
128.6,128.69,128.55,128.57,1136.0,1751441400.0,2025-07-02 13:00:00+05:30
128.58,128.73,128.56,128.6,229.0,1751441700.0,2025-07-02 13:05:00+05:30
128.56,128.66,128.45,128.45,290.0,1751442000.0,2025-07-02 13:10:00+05:30
128.45,128.45,128.23,128.23,651.0,1751442300.0,2025-07-02 13:15:00+05:30
128.29,128.29,128.0,128.15,3626.0,1751442600.0,2025-07-02 13:20:00+05:30
128.15,128.32,128.0,128.0,2441.0,1751442900.0,2025-07-02 13:25:00+05:30
127.94,128.08,127.9,128.08,937.0,1751443200.0,2025-07-02 13:30:00+05:30
128.08,128.3,128.0,128.0,2609.0,1751443500.0,2025-07-02 13:35:00+05:30
128.2,128.36,128.0,128.36,1612.0,1751443800.0,2025-07-02 13:40:00+05:30
128.16,128.37,128.16,128.3,926.0,1751444100.0,2025-07-02 13:45:00+05:30
128.19,128.4,128.19,128.32,2218.0,1751444400.0,2025-07-02 13:50:00+05:30
128.25,128.45,128.17,128.45,2473.0,1751444700.0,2025-07-02 13:55:00+05:30
128.5,128.58,128.43,128.57,479.0,1751445000.0,2025-07-02 14:00:00+05:30
128.42,128.57,128.26,128.44,2660.0,1751445300.0,2025-07-02 14:05:00+05:30
128.43,128.54,128.3,128.54,107.0,1751445600.0,2025-07-02 14:10:00+05:30
128.56,128.58,128.38,128.53,1286.0,1751445900.0,2025-07-02 14:15:00+05:30
128.53,128.53,128.35,128.51,741.0,1751446200.0,2025-07-02 14:20:00+05:30
128.25,128.36,128.05,128.12,4744.0,1751446500.0,2025-07-02 14:25:00+05:30
128.19,128.42,128.19,128.4,4869.0,1751446800.0,2025-07-02 14:30:00+05:30
128.4,128.47,128.34,128.47,2127.0,1751447100.0,2025-07-02 14:35:00+05:30
128.5,128.5,128.02,128.2,7405.0,1751447400.0,2025-07-02 14:40:00+05:30
128.2,128.3,128.07,128.2,812.0,1751447700.0,2025-07-02 14:45:00+05:30
128.2,128.36,128.06,128.36,454.0,1751448000.0,2025-07-02 14:50:00+05:30
128.36,128.55,128.28,128.55,715.0,1751448300.0,2025-07-02 14:55:00+05:30
128.55,128.55,128.15,128.49,12053.0,1751448600.0,2025-07-02 15:00:00+05:30
128.49,128.65,128.38,128.65,4395.0,1751448900.0,2025-07-02 15:05:00+05:30
128.57,128.57,128.25,128.39,1762.0,1751449200.0,2025-07-02 15:10:00+05:30
128.38,128.45,128.11,128.34,6079.0,1751449500.0,2025-07-02 15:15:00+05:30
128.35,128.5,128.0,128.37,8117.0,1751449800.0,2025-07-02 15:20:00+05:30
128.36,128.5,128.0,128.3,7647.0,1751450100.0,2025-07-02 15:25:00+05:30
129.5,129.5,127.68,127.68,6396.0,1751514300.0,2025-07-03 09:15:00+05:30
127.86,128.32,127.65,127.9,13613.0,1751514600.0,2025-07-03 09:20:00+05:30
127.87,128.21,127.87,128.0,7086.0,1751514900.0,2025-07-03 09:25:00+05:30
128.0,128.26,128.0,128.13,6181.0,1751515200.0,2025-07-03 09:30:00+05:30
128.09,128.29,128.09,128.2,3930.0,1751515500.0,2025-07-03 09:35:00+05:30
128.1,128.24,127.8,127.99,4692.0,1751515800.0,2025-07-03 09:40:00+05:30
127.99,128.0,127.76,127.99,783.0,1751516100.0,2025-07-03 09:45:00+05:30
127.87,128.1,127.65,128.1,8632.0,1751516400.0,2025-07-03 09:50:00+05:30
128.1,128.16,128.1,128.16,228.0,1751516700.0,2025-07-03 09:55:00+05:30
128.16,128.31,127.38,127.9,11318.0,1751517000.0,2025-07-03 10:00:00+05:30
127.89,127.94,127.8,127.89,2055.0,1751517300.0,2025-07-03 10:05:00+05:30
127.93,127.94,127.72,127.72,460.0,1751517600.0,2025-07-03 10:10:00+05:30
127.72,127.94,127.72,127.94,417.0,1751517900.0,2025-07-03 10:15:00+05:30
127.94,127.94,127.83,127.94,222.0,1751518200.0,2025-07-03 10:20:00+05:30
127.93,128.05,127.77,127.94,2246.0,1751518500.0,2025-07-03 10:25:00+05:30
127.94,128.23,127.94,128.23,932.0,1751518800.0,2025-07-03 10:30:00+05:30
128.24,128.3,127.97,127.97,3186.0,1751519100.0,2025-07-03 10:35:00+05:30
127.98,127.98,127.95,127.96,179.0,1751519400.0,2025-07-03 10:40:00+05:30
127.96,128.16,127.95,128.0,3127.0,1751519700.0,2025-07-03 10:45:00+05:30
127.9,128.0,127.83,127.83,6876.0,1751520000.0,2025-07-03 10:50:00+05:30
127.8,127.94,127.59,127.66,4859.0,1751520300.0,2025-07-03 10:55:00+05:30
127.52,127.52,127.5,127.5,613.0,1751520600.0,2025-07-03 11:00:00+05:30
127.5,127.68,127.5,127.67,3321.0,1751520900.0,2025-07-03 11:05:00+05:30
127.62,127.7,127.5,127.64,1238.0,1751521200.0,2025-07-03 11:10:00+05:30
127.5,127.75,127.5,127.6,4409.0,1751521500.0,2025-07-03 11:15:00+05:30
127.67,127.7,127.5,127.6,5661.0,1751521800.0,2025-07-03 11:20:00+05:30
127.7,127.71,127.6,127.69,8175.0,1751522100.0,2025-07-03 11:25:00+05:30
127.65,127.68,127.6,127.65,88.0,1751522400.0,2025-07-03 11:30:00+05:30
127.65,127.7,127.31,127.59,6087.0,1751522700.0,2025-07-03 11:35:00+05:30
127.59,127.59,127.4,127.45,237.0,1751523000.0,2025-07-03 11:40:00+05:30
127.45,127.5,127.35,127.35,958.0,1751523300.0,2025-07-03 11:45:00+05:30
127.3,127.52,127.29,127.52,3842.0,1751523600.0,2025-07-03 11:50:00+05:30
127.52,127.57,127.48,127.54,228.0,1751523900.0,2025-07-03 11:55:00+05:30
127.54,127.54,127.4,127.42,9272.0,1751524200.0,2025-07-03 12:00:00+05:30
127.26,127.5,127.26,127.33,429.0,1751524500.0,2025-07-03 12:05:00+05:30
127.24,127.43,127.24,127.42,9205.0,1751524800.0,2025-07-03 12:10:00+05:30
127.42,127.44,127.32,127.44,347.0,1751525100.0,2025-07-03 12:15:00+05:30
127.3,127.3,127.3,127.3,800.0,1751525400.0,2025-07-03 12:20:00+05:30
127.35,127.49,127.35,127.49,418.0,1751525700.0,2025-07-03 12:25:00+05:30
127.47,127.5,127.26,127.26,561.0,1751526000.0,2025-07-03 12:30:00+05:30
127.26,127.4,127.26,127.4,59.0,1751526300.0,2025-07-03 12:35:00+05:30
127.41,127.41,127.1,127.1,4562.0,1751526600.0,2025-07-03 12:40:00+05:30
127.1,127.39,127.1,127.36,694.0,1751526900.0,2025-07-03 12:45:00+05:30
127.25,127.37,127.15,127.35,712.0,1751527200.0,2025-07-03 12:50:00+05:30
127.39,127.41,127.21,127.32,4035.0,1751527500.0,2025-07-03 12:55:00+05:30
127.32,127.32,127.31,127.32,222.0,1751527800.0,2025-07-03 13:00:00+05:30
127.32,127.32,127.21,127.32,897.0,1751528100.0,2025-07-03 13:05:00+05:30
127.32,127.32,127.0,127.19,9255.0,1751528400.0,2025-07-03 13:10:00+05:30
127.3,127.3,127.0,127.0,3368.0,1751528700.0,2025-07-03 13:15:00+05:30
127.0,127.14,127.0,127.03,161.0,1751529000.0,2025-07-03 13:20:00+05:30
127.09,127.14,127.05,127.14,855.0,1751529300.0,2025-07-03 13:25:00+05:30
127.15,127.15,127.0,127.0,1022.0,1751529600.0,2025-07-03 13:30:00+05:30
127.26,127.3,127.18,127.3,4213.0,1751529900.0,2025-07-03 13:35:00+05:30
127.3,127.35,127.19,127.27,852.0,1751530200.0,2025-07-03 13:40:00+05:30
127.27,127.37,127.08,127.31,2795.0,1751530500.0,2025-07-03 13:45:00+05:30
127.2,127.35,127.2,127.2,195.0,1751530800.0,2025-07-03 13:50:00+05:30
127.2,127.33,127.2,127.3,64.0,1751531100.0,2025-07-03 13:55:00+05:30
127.3,127.3,127.16,127.26,200.0,1751531400.0,2025-07-03 14:00:00+05:30
127.26,127.26,126.65,126.65,7656.0,1751531700.0,2025-07-03 14:05:00+05:30
126.71,126.74,126.51,126.61,2986.0,1751532000.0,2025-07-03 14:10:00+05:30
126.61,126.83,126.55,126.81,4661.0,1751532300.0,2025-07-03 14:15:00+05:30
126.88,126.88,126.66,126.8,475.0,1751532600.0,2025-07-03 14:20:00+05:30
126.73,126.73,126.55,126.66,2022.0,1751532900.0,2025-07-03 14:25:00+05:30
126.6,126.74,126.42,126.7,9043.0,1751533200.0,2025-07-03 14:30:00+05:30
126.6,126.68,126.36,126.54,5941.0,1751533500.0,2025-07-03 14:35:00+05:30
126.58,126.65,126.45,126.54,5184.0,1751533800.0,2025-07-03 14:40:00+05:30
126.54,126.79,126.3,126.52,9647.0,1751534100.0,2025-07-03 14:45:00+05:30
126.52,126.81,126.5,126.74,4211.0,1751534400.0,2025-07-03 14:50:00+05:30
126.74,126.88,126.53,126.76,3058.0,1751534700.0,2025-07-03 14:55:00+05:30
126.7,126.88,126.57,126.61,4341.0,1751535000.0,2025-07-03 15:00:00+05:30
126.61,126.84,126.61,126.78,13804.0,1751535300.0,2025-07-03 15:05:00+05:30
126.8,126.85,126.61,126.67,5344.0,1751535600.0,2025-07-03 15:10:00+05:30
126.77,126.79,126.45,126.5,21174.0,1751535900.0,2025-07-03 15:15:00+05:30
126.5,126.5,125.9,125.96,34568.0,1751536200.0,2025-07-03 15:20:00+05:30
126.07,126.3,125.9,125.9,13377.0,1751536500.0,2025-07-03 15:25:00+05:30
126.4,126.86,125.91,126.07,8369.0,1751600700.0,2025-07-04 09:15:00+05:30
126.29,127.08,126.15,126.63,25609.0,1751601000.0,2025-07-04 09:20:00+05:30
126.56,126.72,126.43,126.55,12681.0,1751601300.0,2025-07-04 09:25:00+05:30
126.62,126.75,126.5,126.61,11844.0,1751601600.0,2025-07-04 09:30:00+05:30
126.61,126.61,126.24,126.39,1740.0,1751601900.0,2025-07-04 09:35:00+05:30
126.29,126.29,126.22,126.28,1874.0,1751602200.0,2025-07-04 09:40:00+05:30
126.29,126.29,125.89,125.9,6338.0,1751602500.0,2025-07-04 09:45:00+05:30
125.9,126.0,125.9,125.97,2453.0,1751602800.0,2025-07-04 09:50:00+05:30
125.97,126.03,125.9,126.03,7254.0,1751603100.0,2025-07-04 09:55:00+05:30
126.18,126.28,125.99,126.03,4453.0,1751603400.0,2025-07-04 10:00:00+05:30
126.1,126.16,126.0,126.1,745.0,1751603700.0,2025-07-04 10:05:00+05:30
126.1,126.65,125.99,126.59,5718.0,1751604000.0,2025-07-04 10:10:00+05:30
126.62,127.35,126.6,126.87,3620.0,1751604300.0,2025-07-04 10:15:00+05:30
126.96,127.6,126.96,127.3,4255.0,1751604600.0,2025-07-04 10:20:00+05:30
127.29,127.29,127.14,127.18,936.0,1751604900.0,2025-07-04 10:25:00+05:30
127.18,127.18,127.03,127.07,519.0,1751605200.0,2025-07-04 10:30:00+05:30
127.1,127.18,127.06,127.18,2877.0,1751605500.0,2025-07-04 10:35:00+05:30
127.18,127.18,127.09,127.1,442.0,1751605800.0,2025-07-04 10:40:00+05:30
127.16,127.5,127.11,127.5,1887.0,1751606100.0,2025-07-04 10:45:00+05:30
127.52,127.94,127.5,127.9,6188.0,1751606400.0,2025-07-04 10:50:00+05:30
127.84,127.99,127.65,127.99,5721.0,1751606700.0,2025-07-04 10:55:00+05:30
127.93,127.98,127.6,127.7,1708.0,1751607000.0,2025-07-04 11:00:00+05:30
127.7,127.8,127.53,127.62,1505.0,1751607300.0,2025-07-04 11:05:00+05:30
127.73,128.1,127.73,128.1,10069.0,1751607600.0,2025-07-04 11:10:00+05:30
128.04,128.2,127.94,128.19,6671.0,1751607900.0,2025-07-04 11:15:00+05:30
128.19,128.19,127.85,127.85,521.0,1751608200.0,2025-07-04 11:20:00+05:30
127.98,128.4,127.85,128.29,4295.0,1751608500.0,2025-07-04 11:25:00+05:30
128.34,128.38,128.08,128.22,2367.0,1751608800.0,2025-07-04 11:30:00+05:30
128.2,128.2,127.83,127.83,943.0,1751609100.0,2025-07-04 11:35:00+05:30
127.61,127.78,127.59,127.64,1992.0,1751609400.0,2025-07-04 11:40:00+05:30
127.74,127.74,127.15,127.5,3967.0,1751609700.0,2025-07-04 11:45:00+05:30
127.5,127.5,127.3,127.34,1142.0,1751610000.0,2025-07-04 11:50:00+05:30
127.3,127.49,127.29,127.38,2121.0,1751610300.0,2025-07-04 11:55:00+05:30
127.43,127.43,127.32,127.39,729.0,1751610600.0,2025-07-04 12:00:00+05:30
127.31,129.0,127.31,128.8,1014395.0,1751610900.0,2025-07-04 12:05:00+05:30
128.8,129.4,128.58,129.05,17327.0,1751611200.0,2025-07-04 12:10:00+05:30
129.1,130.0,129.1,129.85,15155.0,1751611500.0,2025-07-04 12:15:00+05:30
130.0,132.4,129.9,131.61,75912.0,1751611800.0,2025-07-04 12:20:00+05:30
131.35,131.94,131.0,131.68,32830.0,1751612100.0,2025-07-04 12:25:00+05:30
131.67,131.69,130.2,130.21,9468.0,1751612400.0,2025-07-04 12:30:00+05:30
130.06,130.43,130.01,130.26,9506.0,1751612700.0,2025-07-04 12:35:00+05:30
130.29,130.49,130.25,130.4,8432.0,1751613000.0,2025-07-04 12:40:00+05:30
130.39,130.42,130.13,130.21,7314.0,1751613300.0,2025-07-04 12:45:00+05:30
130.2,130.2,130.08,130.15,1371.0,1751613600.0,2025-07-04 12:50:00+05:30
130.15,130.32,130.01,130.16,5886.0,1751613900.0,2025-07-04 12:55:00+05:30
130.16,130.27,130.05,130.06,1494.0,1751614200.0,2025-07-04 13:00:00+05:30
130.16,130.2,130.0,130.06,13586.0,1751614500.0,2025-07-04 13:05:00+05:30
130.02,130.39,130.0,130.35,4346.0,1751614800.0,2025-07-04 13:10:00+05:30
130.4,130.41,130.1,130.31,4527.0,1751615100.0,2025-07-04 13:15:00+05:30
130.23,130.31,130.23,130.27,76.0,1751615400.0,2025-07-04 13:20:00+05:30
130.27,130.4,130.12,130.12,4353.0,1751615700.0,2025-07-04 13:25:00+05:30
130.31,130.32,130.12,130.27,2729.0,1751616000.0,2025-07-04 13:30:00+05:30
130.16,130.31,129.8,130.28,9160.0,1751616300.0,2025-07-04 13:35:00+05:30
130.12,130.31,130.01,130.19,4489.0,1751616600.0,2025-07-04 13:40:00+05:30
130.19,130.31,130.1,130.31,723.0,1751616900.0,2025-07-04 13:45:00+05:30
130.31,130.31,130.2,130.2,1422.0,1751617200.0,2025-07-04 13:50:00+05:30
130.2,130.35,130.2,130.35,1183.0,1751617500.0,2025-07-04 13:55:00+05:30
130.35,130.35,130.23,130.23,201.0,1751617800.0,2025-07-04 14:00:00+05:30
130.21,130.34,130.13,130.34,2460.0,1751618100.0,2025-07-04 14:05:00+05:30
130.24,130.24,130.03,130.15,1205.0,1751618400.0,2025-07-04 14:10:00+05:30
130.15,130.66,130.01,130.58,11474.0,1751618700.0,2025-07-04 14:15:00+05:30
130.61,130.84,130.56,130.8,2551.0,1751619000.0,2025-07-04 14:20:00+05:30
130.79,130.94,130.5,130.68,1733.0,1751619300.0,2025-07-04 14:25:00+05:30
130.68,130.94,130.61,130.89,2373.0,1751619600.0,2025-07-04 14:30:00+05:30
130.85,130.93,130.59,130.76,1748.0,1751619900.0,2025-07-04 14:35:00+05:30
130.76,130.94,130.54,130.73,11052.0,1751620200.0,2025-07-04 14:40:00+05:30
130.78,130.78,130.6,130.67,7732.0,1751620500.0,2025-07-04 14:45:00+05:30
130.67,131.5,130.67,131.45,15303.0,1751620800.0,2025-07-04 14:50:00+05:30
131.34,131.54,131.23,131.45,9615.0,1751621100.0,2025-07-04 14:55:00+05:30
131.54,131.54,131.36,131.43,6655.0,1751621400.0,2025-07-04 15:00:00+05:30
131.4,131.54,131.33,131.5,9317.0,1751621700.0,2025-07-04 15:05:00+05:30
131.42,131.47,130.9,130.92,20157.0,1751622000.0,2025-07-04 15:10:00+05:30
130.94,131.5,130.92,131.45,29743.0,1751622300.0,2025-07-04 15:15:00+05:30
131.42,131.6,131.42,131.6,18988.0,1751622600.0,2025-07-04 15:20:00+05:30
131.6,131.8,131.55,131.79,17158.0,1751622900.0,2025-07-04 15:25:00+05:30
131.7,132.7,130.14,132.7,58614.0,1751859900.0,2025-07-07 09:15:00+05:30
132.7,134.5,132.5,133.58,102814.0,1751860200.0,2025-07-07 09:20:00+05:30
133.57,134.28,133.0,133.49,43857.0,1751860500.0,2025-07-07 09:25:00+05:30
133.2,133.66,133.04,133.14,23474.0,1751860800.0,2025-07-07 09:30:00+05:30
133.21,133.29,132.53,132.57,19076.0,1751861100.0,2025-07-07 09:35:00+05:30
132.66,132.9,132.3,132.87,3880.0,1751861400.0,2025-07-07 09:40:00+05:30
132.88,132.95,132.6,132.61,11364.0,1751861700.0,2025-07-07 09:45:00+05:30
132.83,133.48,132.68,132.84,29359.0,1751862000.0,2025-07-07 09:50:00+05:30
132.76,132.76,132.53,132.7,3405.0,1751862300.0,2025-07-07 09:55:00+05:30
132.7,132.7,132.54,132.7,1442.0,1751862600.0,2025-07-07 10:00:00+05:30
132.7,132.85,132.33,132.73,8898.0,1751862900.0,2025-07-07 10:05:00+05:30
132.73,132.81,132.47,132.74,3590.0,1751863200.0,2025-07-07 10:10:00+05:30
132.74,133.05,132.66,132.9,3716.0,1751863500.0,2025-07-07 10:15:00+05:30
132.72,132.75,132.25,132.45,16614.0,1751863800.0,2025-07-07 10:20:00+05:30
132.56,132.74,132.56,132.7,1396.0,1751864100.0,2025-07-07 10:25:00+05:30
132.73,133.23,132.68,133.04,3941.0,1751864400.0,2025-07-07 10:30:00+05:30
133.09,133.09,132.82,132.93,1531.0,1751864700.0,2025-07-07 10:35:00+05:30
132.82,133.0,132.79,132.79,3269.0,1751865000.0,2025-07-07 10:40:00+05:30
132.78,133.0,132.6,133.0,6632.0,1751865300.0,2025-07-07 10:45:00+05:30
132.95,133.25,132.94,133.03,11204.0,1751865600.0,2025-07-07 10:50:00+05:30
133.2,133.25,133.0,133.08,5971.0,1751865900.0,2025-07-07 10:55:00+05:30
133.04,133.15,132.92,133.09,3576.0,1751866200.0,2025-07-07 11:00:00+05:30
133.0,133.11,133.0,133.0,1767.0,1751866500.0,2025-07-07 11:05:00+05:30
133.0,133.1,132.8,132.95,2736.0,1751866800.0,2025-07-07 11:10:00+05:30
132.85,132.97,132.7,132.75,3122.0,1751867100.0,2025-07-07 11:15:00+05:30
132.7,132.74,132.12,132.74,11695.0,1751867400.0,2025-07-07 11:20:00+05:30
132.8,133.64,132.8,133.63,17418.0,1751867700.0,2025-07-07 11:25:00+05:30
133.66,133.73,133.17,133.17,2845.0,1751868000.0,2025-07-07 11:30:00+05:30
133.35,133.35,132.82,132.91,3487.0,1751868300.0,2025-07-07 11:35:00+05:30
133.09,133.09,132.9,133.03,492.0,1751868600.0,2025-07-07 11:40:00+05:30
133.03,133.03,132.89,133.02,789.0,1751868900.0,2025-07-07 11:45:00+05:30
133.02,133.08,132.91,133.0,1559.0,1751869200.0,2025-07-07 11:50:00+05:30
133.08,133.08,132.9,133.06,315.0,1751869500.0,2025-07-07 11:55:00+05:30
133.07,133.07,132.94,133.0,520.0,1751869800.0,2025-07-07 12:00:00+05:30
133.0,133.0,132.94,132.94,320.0,1751870100.0,2025-07-07 12:05:00+05:30
132.82,133.08,132.82,133.08,3210.0,1751870400.0,2025-07-07 12:10:00+05:30
133.08,133.08,132.93,132.95,1232.0,1751870700.0,2025-07-07 12:15:00+05:30
133.08,133.08,132.9,132.99,2417.0,1751871000.0,2025-07-07 12:20:00+05:30
133.0,133.3,132.67,132.67,8953.0,1751871300.0,2025-07-07 12:25:00+05:30
132.96,133.23,132.88,133.02,2890.0,1751871600.0,2025-07-07 12:30:00+05:30
133.07,133.9,133.0,133.9,11376.0,1751871900.0,2025-07-07 12:35:00+05:30
133.9,133.9,133.6,133.6,3311.0,1751872200.0,2025-07-07 12:40:00+05:30
133.84,133.84,133.64,133.65,903.0,1751872500.0,2025-07-07 12:45:00+05:30
133.7,133.7,133.5,133.5,770.0,1751872800.0,2025-07-07 12:50:00+05:30
133.58,133.58,133.28,133.55,2517.0,1751873100.0,2025-07-07 12:55:00+05:30
133.38,133.45,133.25,133.45,1584.0,1751873400.0,2025-07-07 13:00:00+05:30
133.45,133.47,133.22,133.47,1034.0,1751873700.0,2025-07-07 13:05:00+05:30
133.48,133.68,133.36,133.68,2449.0,1751874000.0,2025-07-07 13:10:00+05:30
133.7,133.74,133.52,133.54,957.0,1751874300.0,2025-07-07 13:15:00+05:30
133.74,133.82,133.5,133.82,4174.0,1751874600.0,2025-07-07 13:20:00+05:30
133.82,133.94,133.6,133.7,2974.0,1751874900.0,2025-07-07 13:25:00+05:30
133.7,133.99,133.7,133.99,4137.0,1751875200.0,2025-07-07 13:30:00+05:30
133.93,135.24,133.67,134.95,76522.0,1751875500.0,2025-07-07 13:35:00+05:30
134.79,135.09,134.2,134.6,11238.0,1751875800.0,2025-07-07 13:40:00+05:30
134.46,135.0,134.4,135.0,14603.0,1751876100.0,2025-07-07 13:45:00+05:30
135.2,137.4,135.14,136.99,101430.0,1751876400.0,2025-07-07 13:50:00+05:30
136.88,136.91,135.83,136.14,43767.0,1751876700.0,2025-07-07 13:55:00+05:30
136.1,136.17,135.5,135.84,11017.0,1751877000.0,2025-07-07 14:00:00+05:30
135.69,135.7,135.04,135.7,19411.0,1751877300.0,2025-07-07 14:05:00+05:30
135.69,136.9,135.54,136.63,34736.0,1751877600.0,2025-07-07 14:10:00+05:30
136.63,137.09,136.45,136.67,22969.0,1751877900.0,2025-07-07 14:15:00+05:30
136.98,138.84,136.79,138.38,73976.0,1751878200.0,2025-07-07 14:20:00+05:30
138.26,138.9,137.6,137.8,61718.0,1751878500.0,2025-07-07 14:25:00+05:30
137.8,137.85,136.46,137.1,51301.0,1751878800.0,2025-07-07 14:30:00+05:30
137.03,138.11,136.9,138.02,61621.0,1751879100.0,2025-07-07 14:35:00+05:30
138.0,138.5,137.76,138.21,63801.0,1751879400.0,2025-07-07 14:40:00+05:30
138.4,139.23,138.36,139.05,55878.0,1751879700.0,2025-07-07 14:45:00+05:30
138.88,139.02,138.09,138.39,40666.0,1751880000.0,2025-07-07 14:50:00+05:30
138.3,139.4,138.09,139.1,66366.0,1751880300.0,2025-07-07 14:55:00+05:30
139.1,141.04,138.8,138.89,203621.0,1751880600.0,2025-07-07 15:00:00+05:30
138.8,139.86,138.6,139.45,87173.0,1751880900.0,2025-07-07 15:05:00+05:30
139.55,142.3,139.55,142.23,245459.0,1751881200.0,2025-07-07 15:10:00+05:30
142.0,142.0,140.23,141.04,131510.0,1751881500.0,2025-07-07 15:15:00+05:30
141.01,141.16,139.52,139.76,92414.0,1751881800.0,2025-07-07 15:20:00+05:30
139.85,140.2,139.13,139.75,72274.0,1751882100.0,2025-07-07 15:25:00+05:30
138.94,139.58,137.44,139.36,58623.0,1751946300.0,2025-07-08 09:15:00+05:30
139.51,139.51,138.35,138.86,19667.0,1751946600.0,2025-07-08 09:20:00+05:30
138.98,138.98,138.44,138.5,8533.0,1751946900.0,2025-07-08 09:25:00+05:30
138.64,139.39,138.52,138.9,20335.0,1751947200.0,2025-07-08 09:30:00+05:30
138.85,138.9,138.0,138.25,20598.0,1751947500.0,2025-07-08 09:35:00+05:30
138.25,138.56,137.8,137.8,12638.0,1751947800.0,2025-07-08 09:40:00+05:30
137.81,138.1,137.56,137.9,10623.0,1751948100.0,2025-07-08 09:45:00+05:30
138.06,138.12,137.7,137.7,7630.0,1751948400.0,2025-07-08 09:50:00+05:30
137.6,137.83,136.59,137.07,26252.0,1751948700.0,2025-07-08 09:55:00+05:30
136.57,136.8,136.0,136.52,45887.0,1751949000.0,2025-07-08 10:00:00+05:30
136.5,136.5,136.09,136.48,10171.0,1751949300.0,2025-07-08 10:05:00+05:30
136.28,136.62,136.28,136.45,4129.0,1751949600.0,2025-07-08 10:10:00+05:30
136.57,137.76,136.36,137.76,9672.0,1751949900.0,2025-07-08 10:15:00+05:30
137.58,137.71,136.55,136.56,10550.0,1751950200.0,2025-07-08 10:20:00+05:30
136.67,137.14,136.67,136.93,4739.0,1751950500.0,2025-07-08 10:25:00+05:30
136.96,136.96,136.5,136.59,5152.0,1751950800.0,2025-07-08 10:30:00+05:30
136.59,136.74,136.5,136.5,3180.0,1751951100.0,2025-07-08 10:35:00+05:30
136.5,136.63,136.44,136.44,2332.0,1751951400.0,2025-07-08 10:40:00+05:30
136.4,136.4,135.65,135.65,18688.0,1751951700.0,2025-07-08 10:45:00+05:30
135.83,135.83,135.65,135.81,3777.0,1751952000.0,2025-07-08 10:50:00+05:30
135.81,135.84,135.15,135.54,20577.0,1751952300.0,2025-07-08 10:55:00+05:30
135.53,135.6,135.05,135.11,6339.0,1751952600.0,2025-07-08 11:00:00+05:30
135.0,135.18,134.9,135.0,16043.0,1751952900.0,2025-07-08 11:05:00+05:30
134.94,135.1,134.94,135.04,6511.0,1751953200.0,2025-07-08 11:10:00+05:30
135.1,135.21,135.01,135.18,2374.0,1751953500.0,2025-07-08 11:15:00+05:30
135.2,135.43,135.11,135.35,7226.0,1751953800.0,2025-07-08 11:20:00+05:30
135.34,135.36,134.95,135.03,4014.0,1751954100.0,2025-07-08 11:25:00+05:30
135.03,136.87,135.03,136.7,18899.0,1751954400.0,2025-07-08 11:30:00+05:30
136.71,136.87,136.0,136.4,13094.0,1751954700.0,2025-07-08 11:35:00+05:30
136.44,137.2,136.44,136.8,11542.0,1751955000.0,2025-07-08 11:40:00+05:30
136.8,136.8,136.65,136.65,522.0,1751955300.0,2025-07-08 11:45:00+05:30
136.65,136.65,136.44,136.49,3554.0,1751955600.0,2025-07-08 11:50:00+05:30
136.44,136.77,136.44,136.56,2751.0,1751955900.0,2025-07-08 11:55:00+05:30
136.63,136.63,136.44,136.46,1343.0,1751956200.0,2025-07-08 12:00:00+05:30
136.46,136.7,136.46,136.5,898.0,1751956500.0,2025-07-08 12:05:00+05:30
136.54,136.73,136.35,136.44,2570.0,1751956800.0,2025-07-08 12:10:00+05:30
136.48,136.55,136.13,136.13,3941.0,1751957100.0,2025-07-08 12:15:00+05:30
136.25,136.7,136.16,136.61,3063.0,1751957400.0,2025-07-08 12:20:00+05:30
136.7,136.85,136.7,136.85,4862.0,1751957700.0,2025-07-08 12:25:00+05:30
136.9,136.99,136.85,136.94,5716.0,1751958000.0,2025-07-08 12:30:00+05:30
136.94,136.94,136.77,136.92,882.0,1751958300.0,2025-07-08 12:35:00+05:30
136.92,137.3,136.85,137.12,17287.0,1751958600.0,2025-07-08 12:40:00+05:30
137.0,137.47,137.0,137.26,1316.0,1751958900.0,2025-07-08 12:45:00+05:30
137.4,137.47,137.14,137.45,3296.0,1751959200.0,2025-07-08 12:50:00+05:30
137.45,137.49,137.27,137.27,3133.0,1751959500.0,2025-07-08 12:55:00+05:30
137.16,137.3,137.14,137.3,1398.0,1751959800.0,2025-07-08 13:00:00+05:30
137.3,137.48,137.12,137.48,2991.0,1751960100.0,2025-07-08 13:05:00+05:30
137.48,137.48,137.09,137.09,2020.0,1751960400.0,2025-07-08 13:10:00+05:30
137.09,137.38,137.09,137.38,3188.0,1751960700.0,2025-07-08 13:15:00+05:30
137.48,137.5,137.28,137.28,1165.0,1751961000.0,2025-07-08 13:20:00+05:30
137.28,137.3,137.19,137.2,1112.0,1751961300.0,2025-07-08 13:25:00+05:30
137.06,137.44,136.91,137.03,12584.0,1751961600.0,2025-07-08 13:30:00+05:30
137.1,137.24,137.1,137.24,2143.0,1751961900.0,2025-07-08 13:35:00+05:30
137.24,137.39,137.24,137.27,1507.0,1751962200.0,2025-07-08 13:40:00+05:30
137.26,137.37,137.25,137.25,291.0,1751962500.0,2025-07-08 13:45:00+05:30
137.36,137.36,137.25,137.3,481.0,1751962800.0,2025-07-08 13:50:00+05:30
137.3,137.35,137.3,137.35,100.0,1751963100.0,2025-07-08 13:55:00+05:30
137.25,137.25,137.24,137.24,124.0,1751963400.0,2025-07-08 14:00:00+05:30
137.24,137.34,137.11,137.11,1962.0,1751963700.0,2025-07-08 14:05:00+05:30
137.27,137.35,136.75,136.95,6782.0,1751964000.0,2025-07-08 14:10:00+05:30
136.95,136.95,136.8,136.8,1898.0,1751964300.0,2025-07-08 14:15:00+05:30
136.7,136.78,136.51,136.64,13453.0,1751964600.0,2025-07-08 14:20:00+05:30
136.75,137.0,136.75,137.0,1333.0,1751964900.0,2025-07-08 14:25:00+05:30
137.0,137.0,136.84,136.84,307.0,1751965200.0,2025-07-08 14:30:00+05:30
136.94,136.99,136.73,136.9,937.0,1751965500.0,2025-07-08 14:35:00+05:30
136.84,137.14,136.84,137.02,2663.0,1751965800.0,2025-07-08 14:40:00+05:30
137.02,137.12,137.0,137.0,795.0,1751966100.0,2025-07-08 14:45:00+05:30
137.0,137.34,136.94,137.2,2490.0,1751966400.0,2025-07-08 14:50:00+05:30
137.2,137.48,137.2,137.48,4487.0,1751966700.0,2025-07-08 14:55:00+05:30
137.5,137.5,137.15,137.3,7975.0,1751967000.0,2025-07-08 15:00:00+05:30
137.42,137.42,137.1,137.1,3261.0,1751967300.0,2025-07-08 15:05:00+05:30
137.03,137.12,136.77,137.11,8705.0,1751967600.0,2025-07-08 15:10:00+05:30
137.04,137.3,136.79,137.05,11234.0,1751967900.0,2025-07-08 15:15:00+05:30
137.3,137.3,136.8,136.83,22129.0,1751968200.0,2025-07-08 15:20:00+05:30
136.78,137.9,136.6,137.9,15895.0,1751968500.0,2025-07-08 15:25:00+05:30
136.95,138.43,135.92,136.08,15451.0,1752032700.0,2025-07-09 09:15:00+05:30
136.3,136.49,135.7,135.7,14933.0,1752033000.0,2025-07-09 09:20:00+05:30
135.57,136.21,135.53,135.98,22646.0,1752033300.0,2025-07-09 09:25:00+05:30
136.02,136.1,135.54,135.79,23491.0,1752033600.0,2025-07-09 09:30:00+05:30
135.7,135.83,135.46,135.6,4933.0,1752033900.0,2025-07-09 09:35:00+05:30
135.69,135.8,135.5,135.5,5407.0,1752034200.0,2025-07-09 09:40:00+05:30
135.5,135.53,135.15,135.46,7001.0,1752034500.0,2025-07-09 09:45:00+05:30
135.48,135.66,135.2,135.51,7832.0,1752034800.0,2025-07-09 09:50:00+05:30
135.5,135.57,135.4,135.53,1101.0,1752035100.0,2025-07-09 09:55:00+05:30
135.53,135.75,135.52,135.74,2964.0,1752035400.0,2025-07-09 10:00:00+05:30
135.59,135.86,135.59,135.73,1644.0,1752035700.0,2025-07-09 10:05:00+05:30
135.7,135.75,135.7,135.74,1268.0,1752036000.0,2025-07-09 10:10:00+05:30
135.66,135.87,135.66,135.87,1079.0,1752036300.0,2025-07-09 10:15:00+05:30
135.87,135.97,135.76,135.82,2436.0,1752036600.0,2025-07-09 10:20:00+05:30
135.66,135.79,135.6,135.74,634.0,1752036900.0,2025-07-09 10:25:00+05:30
135.74,135.74,135.54,135.54,2345.0,1752037200.0,2025-07-09 10:30:00+05:30
135.54,135.74,135.54,135.74,164.0,1752037500.0,2025-07-09 10:35:00+05:30
135.59,135.67,134.31,134.64,28785.0,1752037800.0,2025-07-09 10:40:00+05:30
134.65,135.02,134.4,134.6,16144.0,1752038100.0,2025-07-09 10:45:00+05:30
134.67,134.75,134.3,134.5,4799.0,1752038400.0,2025-07-09 10:50:00+05:30
134.5,134.75,134.48,134.72,3534.0,1752038700.0,2025-07-09 10:55:00+05:30
134.73,134.78,134.6,134.74,4819.0,1752039000.0,2025-07-09 11:00:00+05:30
134.75,134.75,134.5,134.6,4499.0,1752039300.0,2025-07-09 11:05:00+05:30
134.5,134.58,134.4,134.56,7064.0,1752039600.0,2025-07-09 11:10:00+05:30
134.56,134.69,133.65,133.9,28355.0,1752039900.0,2025-07-09 11:15:00+05:30
133.9,134.49,133.74,134.39,7483.0,1752040200.0,2025-07-09 11:20:00+05:30
134.26,134.46,133.85,134.06,13626.0,1752040500.0,2025-07-09 11:25:00+05:30
133.93,134.19,133.93,134.18,2912.0,1752040800.0,2025-07-09 11:30:00+05:30
134.18,134.27,134.07,134.07,1563.0,1752041100.0,2025-07-09 11:35:00+05:30
134.26,134.26,134.05,134.24,3758.0,1752041400.0,2025-07-09 11:40:00+05:30
134.24,134.32,134.23,134.32,5736.0,1752041700.0,2025-07-09 11:45:00+05:30
134.32,134.34,133.5,133.5,15504.0,1752042000.0,2025-07-09 11:50:00+05:30
133.5,134.09,133.5,134.0,6266.0,1752042300.0,2025-07-09 11:55:00+05:30
134.0,134.14,133.9,134.04,1434.0,1752042600.0,2025-07-09 12:00:00+05:30
134.01,134.12,133.67,134.05,3599.0,1752042900.0,2025-07-09 12:05:00+05:30
134.05,134.19,134.0,134.15,1696.0,1752043200.0,2025-07-09 12:10:00+05:30
134.15,134.16,133.92,133.93,1360.0,1752043500.0,2025-07-09 12:15:00+05:30
133.93,134.16,133.92,134.16,1507.0,1752043800.0,2025-07-09 12:20:00+05:30
134.01,134.24,134.01,134.22,3771.0,1752044100.0,2025-07-09 12:25:00+05:30
134.22,134.32,134.1,134.3,850.0,1752044400.0,2025-07-09 12:30:00+05:30
134.14,134.3,134.14,134.3,410.0,1752044700.0,2025-07-09 12:35:00+05:30
134.28,134.38,134.01,134.25,2910.0,1752045000.0,2025-07-09 12:40:00+05:30
134.2,134.26,134.05,134.24,1294.0,1752045300.0,2025-07-09 12:45:00+05:30
134.27,134.4,134.2,134.37,1217.0,1752045600.0,2025-07-09 12:50:00+05:30
134.36,134.36,134.17,134.3,488.0,1752045900.0,2025-07-09 12:55:00+05:30
134.3,134.3,134.0,134.13,6548.0,1752046200.0,2025-07-09 13:00:00+05:30
134.13,134.13,134.0,134.12,99.0,1752046500.0,2025-07-09 13:05:00+05:30
134.11,134.15,134.0,134.15,606.0,1752046800.0,2025-07-09 13:10:00+05:30
134.15,134.18,134.02,134.02,457.0,1752047100.0,2025-07-09 13:15:00+05:30
134.02,134.38,134.02,134.35,2079.0,1752047400.0,2025-07-09 13:20:00+05:30
134.46,134.47,133.99,134.17,20666.0,1752047700.0,2025-07-09 13:25:00+05:30
134.17,134.2,134.05,134.05,2310.0,1752048000.0,2025-07-09 13:30:00+05:30
134.18,134.2,134.08,134.18,775.0,1752048300.0,2025-07-09 13:35:00+05:30
134.08,134.08,133.9,134.0,1190.0,1752048600.0,2025-07-09 13:40:00+05:30
134.0,134.0,133.82,133.99,895.0,1752048900.0,2025-07-09 13:45:00+05:30
133.84,133.84,133.63,133.76,3412.0,1752049200.0,2025-07-09 13:50:00+05:30
133.77,133.99,133.76,133.98,1653.0,1752049500.0,2025-07-09 13:55:00+05:30
133.98,134.04,133.9,133.99,3346.0,1752049800.0,2025-07-09 14:00:00+05:30
133.9,134.0,133.62,133.62,2182.0,1752050100.0,2025-07-09 14:05:00+05:30
133.65,133.85,133.5,133.8,3641.0,1752050400.0,2025-07-09 14:10:00+05:30
133.75,133.84,133.75,133.84,875.0,1752050700.0,2025-07-09 14:15:00+05:30
133.75,133.87,133.61,133.7,5327.0,1752051000.0,2025-07-09 14:20:00+05:30
133.7,133.71,133.44,133.59,3261.0,1752051300.0,2025-07-09 14:25:00+05:30
133.45,133.45,133.16,133.18,4562.0,1752051600.0,2025-07-09 14:30:00+05:30
133.18,133.4,133.15,133.4,1829.0,1752051900.0,2025-07-09 14:35:00+05:30
133.42,133.57,133.24,133.57,2256.0,1752052200.0,2025-07-09 14:40:00+05:30
133.57,133.74,133.42,133.72,1228.0,1752052500.0,2025-07-09 14:45:00+05:30
133.92,133.92,133.74,133.8,1717.0,1752052800.0,2025-07-09 14:50:00+05:30
133.8,133.94,133.77,133.77,974.0,1752053100.0,2025-07-09 14:55:00+05:30
133.77,133.9,133.77,133.81,592.0,1752053400.0,2025-07-09 15:00:00+05:30
133.9,133.9,133.72,133.85,4655.0,1752053700.0,2025-07-09 15:05:00+05:30
133.8,133.9,133.52,133.7,7321.0,1752054000.0,2025-07-09 15:10:00+05:30
133.72,133.72,133.35,133.35,14119.0,1752054300.0,2025-07-09 15:15:00+05:30
133.5,133.5,133.11,133.27,11734.0,1752054600.0,2025-07-09 15:20:00+05:30
133.23,134.0,133.23,133.9,17959.0,1752054900.0,2025-07-09 15:25:00+05:30
133.55,134.49,133.29,134.18,15587.0,1752119100.0,2025-07-10 09:15:00+05:30
133.9,136.4,133.9,136.24,24913.0,1752119400.0,2025-07-10 09:20:00+05:30
136.0,137.36,135.59,137.07,40871.0,1752119700.0,2025-07-10 09:25:00+05:30
137.2,137.29,136.4,136.88,17830.0,1752120000.0,2025-07-10 09:30:00+05:30
136.88,136.88,135.5,135.58,19095.0,1752120300.0,2025-07-10 09:35:00+05:30
135.4,136.38,135.4,136.38,18338.0,1752120600.0,2025-07-10 09:40:00+05:30
136.36,136.9,136.22,136.65,12276.0,1752120900.0,2025-07-10 09:45:00+05:30
136.75,137.15,136.5,136.95,17700.0,1752121200.0,2025-07-10 09:50:00+05:30
136.97,137.15,136.25,136.25,10222.0,1752121500.0,2025-07-10 09:55:00+05:30
136.2,136.59,136.07,136.49,21634.0,1752121800.0,2025-07-10 10:00:00+05:30
136.5,136.61,136.33,136.49,4835.0,1752122100.0,2025-07-10 10:05:00+05:30
136.41,137.9,136.41,137.4,26649.0,1752122400.0,2025-07-10 10:10:00+05:30
137.4,138.5,137.3,138.06,23835.0,1752122700.0,2025-07-10 10:15:00+05:30
137.96,137.99,136.7,136.79,31901.0,1752123000.0,2025-07-10 10:20:00+05:30
136.83,136.83,136.53,136.62,2122.0,1752123300.0,2025-07-10 10:25:00+05:30
136.73,136.79,136.42,136.51,4506.0,1752123600.0,2025-07-10 10:30:00+05:30
136.58,136.65,136.47,136.57,1585.0,1752123900.0,2025-07-10 10:35:00+05:30
136.52,136.73,136.52,136.73,3364.0,1752124200.0,2025-07-10 10:40:00+05:30
136.65,136.87,136.56,136.64,4361.0,1752124500.0,2025-07-10 10:45:00+05:30
136.6,136.66,136.52,136.64,2799.0,1752124800.0,2025-07-10 10:50:00+05:30
136.52,136.87,136.44,136.68,5684.0,1752125100.0,2025-07-10 10:55:00+05:30
136.84,137.14,136.81,136.97,6732.0,1752125400.0,2025-07-10 11:00:00+05:30
136.97,137.55,136.83,137.35,5157.0,1752125700.0,2025-07-10 11:05:00+05:30
137.41,137.98,137.2,137.6,30391.0,1752126000.0,2025-07-10 11:10:00+05:30
137.61,137.65,137.2,137.3,3405.0,1752126300.0,2025-07-10 11:15:00+05:30
137.49,137.49,137.21,137.27,2364.0,1752126600.0,2025-07-10 11:20:00+05:30
137.25,137.6,137.25,137.43,18916.0,1752126900.0,2025-07-10 11:25:00+05:30
137.31,137.42,137.07,137.07,2921.0,1752127200.0,2025-07-10 11:30:00+05:30
137.03,137.03,136.82,136.84,2709.0,1752127500.0,2025-07-10 11:35:00+05:30
136.82,137.03,136.82,136.84,1401.0,1752127800.0,2025-07-10 11:40:00+05:30
136.81,137.0,136.76,136.96,2578.0,1752128100.0,2025-07-10 11:45:00+05:30
136.96,136.96,136.73,136.73,814.0,1752128400.0,2025-07-10 11:50:00+05:30
136.73,136.85,136.61,136.61,2310.0,1752128700.0,2025-07-10 11:55:00+05:30
136.75,136.77,136.42,136.42,3222.0,1752129000.0,2025-07-10 12:00:00+05:30
136.42,136.6,136.42,136.6,939.0,1752129300.0,2025-07-10 12:05:00+05:30
136.52,136.59,136.46,136.46,983.0,1752129600.0,2025-07-10 12:10:00+05:30
136.46,136.51,136.41,136.5,2643.0,1752129900.0,2025-07-10 12:15:00+05:30
136.51,136.77,136.5,136.68,1952.0,1752130200.0,2025-07-10 12:20:00+05:30
136.68,137.07,136.68,137.0,11071.0,1752130500.0,2025-07-10 12:25:00+05:30
137.0,137.14,136.83,137.0,1157.0,1752130800.0,2025-07-10 12:30:00+05:30
137.14,137.9,137.0,137.8,7495.0,1752131100.0,2025-07-10 12:35:00+05:30
137.69,137.9,137.34,137.78,11071.0,1752131400.0,2025-07-10 12:40:00+05:30
137.85,138.3,137.08,137.18,43142.0,1752131700.0,2025-07-10 12:45:00+05:30
137.24,137.24,136.8,136.8,7067.0,1752132000.0,2025-07-10 12:50:00+05:30
136.8,136.9,136.7,136.89,652.0,1752132300.0,2025-07-10 12:55:00+05:30
137.02,137.02,136.44,136.5,8118.0,1752132600.0,2025-07-10 13:00:00+05:30
136.43,136.69,136.43,136.46,2223.0,1752132900.0,2025-07-10 13:05:00+05:30
136.62,136.62,136.35,136.5,12687.0,1752133200.0,2025-07-10 13:10:00+05:30
136.49,136.54,136.32,136.44,654.0,1752133500.0,2025-07-10 13:15:00+05:30
136.44,136.48,136.18,136.48,6803.0,1752133800.0,2025-07-10 13:20:00+05:30
136.51,136.58,136.23,136.3,6451.0,1752134100.0,2025-07-10 13:25:00+05:30
136.2,136.2,136.09,136.12,983.0,1752134400.0,2025-07-10 13:30:00+05:30
136.24,136.46,136.13,136.46,1359.0,1752134700.0,2025-07-10 13:35:00+05:30
136.46,136.51,136.32,136.51,13320.0,1752135000.0,2025-07-10 13:40:00+05:30
136.49,136.68,136.1,136.38,20295.0,1752135300.0,2025-07-10 13:45:00+05:30
136.13,136.44,136.13,136.4,2749.0,1752135600.0,2025-07-10 13:50:00+05:30
136.39,136.41,136.17,136.41,1671.0,1752135900.0,2025-07-10 13:55:00+05:30
136.4,136.65,136.4,136.5,1200.0,1752136200.0,2025-07-10 14:00:00+05:30
136.4,136.63,136.23,136.23,8403.0,1752136500.0,2025-07-10 14:05:00+05:30
136.43,136.47,136.11,136.11,1760.0,1752136800.0,2025-07-10 14:10:00+05:30
136.11,136.38,136.11,136.36,612.0,1752137100.0,2025-07-10 14:15:00+05:30
136.34,137.89,136.34,137.46,22185.0,1752137400.0,2025-07-10 14:20:00+05:30
137.6,138.4,137.49,137.81,26209.0,1752137700.0,2025-07-10 14:25:00+05:30
137.9,138.03,137.35,137.5,12723.0,1752138000.0,2025-07-10 14:30:00+05:30
137.5,137.89,137.5,137.89,5332.0,1752138300.0,2025-07-10 14:35:00+05:30
137.89,139.1,137.89,138.9,45192.0,1752138600.0,2025-07-10 14:40:00+05:30
138.9,139.13,138.5,138.55,14302.0,1752138900.0,2025-07-10 14:45:00+05:30
138.64,138.64,138.06,138.3,10549.0,1752139200.0,2025-07-10 14:50:00+05:30
138.3,138.42,138.12,138.4,8041.0,1752139500.0,2025-07-10 14:55:00+05:30
138.3,138.59,138.25,138.5,11822.0,1752139800.0,2025-07-10 15:00:00+05:30
138.5,138.86,138.41,138.66,15725.0,1752140100.0,2025-07-10 15:05:00+05:30
138.64,138.74,138.05,138.54,13907.0,1752140400.0,2025-07-10 15:10:00+05:30
138.5,138.5,137.46,137.68,19002.0,1752140700.0,2025-07-10 15:15:00+05:30
137.68,137.68,137.4,137.53,16642.0,1752141000.0,2025-07-10 15:20:00+05:30
137.4,137.99,137.08,137.2,18269.0,1752141300.0,2025-07-10 15:25:00+05:30
138.4,141.96,137.96,138.8,33322.0,1752205500.0,2025-07-11 09:15:00+05:30
138.87,140.06,138.87,139.7,19151.0,1752205800.0,2025-07-11 09:20:00+05:30
139.74,139.93,138.5,139.23,24748.0,1752206100.0,2025-07-11 09:25:00+05:30
139.15,139.31,138.7,139.02,11332.0,1752206400.0,2025-07-11 09:30:00+05:30
139.2,139.23,138.7,139.0,23830.0,1752206700.0,2025-07-11 09:35:00+05:30
139.01,139.27,138.89,139.03,3717.0,1752207000.0,2025-07-11 09:40:00+05:30
138.85,138.95,138.01,138.2,14211.0,1752207300.0,2025-07-11 09:45:00+05:30
138.18,138.94,137.72,138.94,8518.0,1752207600.0,2025-07-11 09:50:00+05:30
138.95,139.01,138.44,138.55,4207.0,1752207900.0,2025-07-11 09:55:00+05:30
138.67,138.67,138.22,138.26,3289.0,1752208200.0,2025-07-11 10:00:00+05:30
138.25,138.35,137.95,138.0,5651.0,1752208500.0,2025-07-11 10:05:00+05:30
137.96,138.1,137.8,138.1,7134.0,1752208800.0,2025-07-11 10:10:00+05:30
137.96,138.08,137.81,137.96,5435.0,1752209100.0,2025-07-11 10:15:00+05:30
137.96,138.11,137.85,138.11,5259.0,1752209400.0,2025-07-11 10:20:00+05:30
138.11,138.11,137.81,138.04,1551.0,1752209700.0,2025-07-11 10:25:00+05:30
137.96,138.04,137.0,137.14,10150.0,1752210000.0,2025-07-11 10:30:00+05:30
137.02,137.28,137.01,137.28,2901.0,1752210300.0,2025-07-11 10:35:00+05:30
137.14,137.17,136.65,136.75,2256.0,1752210600.0,2025-07-11 10:40:00+05:30
136.76,136.77,136.17,136.55,6088.0,1752210900.0,2025-07-11 10:45:00+05:30
136.56,136.63,136.33,136.42,2914.0,1752211200.0,2025-07-11 10:50:00+05:30
136.55,136.58,136.06,136.06,4531.0,1752211500.0,2025-07-11 10:55:00+05:30
136.11,136.28,135.96,136.05,4597.0,1752211800.0,2025-07-11 11:00:00+05:30
136.24,136.4,136.01,136.24,4007.0,1752212100.0,2025-07-11 11:05:00+05:30
136.36,136.44,136.3,136.32,5197.0,1752212400.0,2025-07-11 11:10:00+05:30
136.28,136.38,136.01,136.04,11511.0,1752212700.0,2025-07-11 11:15:00+05:30
136.0,136.23,135.9,135.9,2630.0,1752213000.0,2025-07-11 11:20:00+05:30
135.84,135.94,135.63,135.85,2344.0,1752213300.0,2025-07-11 11:25:00+05:30
136.0,136.0,135.72,135.8,786.0,1752213600.0,2025-07-11 11:30:00+05:30
135.93,136.0,135.8,135.9,421.0,1752213900.0,2025-07-11 11:35:00+05:30
135.9,136.06,135.9,136.06,457.0,1752214200.0,2025-07-11 11:40:00+05:30
136.0,136.15,135.92,136.15,1843.0,1752214500.0,2025-07-11 11:45:00+05:30
136.2,136.36,136.2,136.28,237.0,1752214800.0,2025-07-11 11:50:00+05:30
136.28,136.31,136.0,136.0,2848.0,1752215100.0,2025-07-11 11:55:00+05:30
136.07,136.2,135.8,136.15,3861.0,1752215400.0,2025-07-11 12:00:00+05:30
136.15,136.17,135.91,136.13,787.0,1752215700.0,2025-07-11 12:05:00+05:30
136.15,136.15,135.97,136.05,2302.0,1752216000.0,2025-07-11 12:10:00+05:30
135.92,135.98,135.77,135.77,808.0,1752216300.0,2025-07-11 12:15:00+05:30
135.76,135.86,135.64,135.64,2232.0,1752216600.0,2025-07-11 12:20:00+05:30
135.64,135.82,135.54,135.54,1006.0,1752216900.0,2025-07-11 12:25:00+05:30
135.54,135.86,135.54,135.86,1925.0,1752217200.0,2025-07-11 12:30:00+05:30
135.99,136.07,135.76,135.91,4383.0,1752217500.0,2025-07-11 12:35:00+05:30
136.0,136.07,135.9,135.99,2582.0,1752217800.0,2025-07-11 12:40:00+05:30
135.99,136.11,135.85,136.11,4107.0,1752218100.0,2025-07-11 12:45:00+05:30
136.11,136.19,136.0,136.05,4751.0,1752218400.0,2025-07-11 12:50:00+05:30
136.05,136.07,135.9,136.07,280.0,1752218700.0,2025-07-11 12:55:00+05:30
136.07,136.07,135.9,136.05,958.0,1752219000.0,2025-07-11 13:00:00+05:30
136.03,136.09,135.71,135.84,2228.0,1752219300.0,2025-07-11 13:05:00+05:30
135.99,136.14,135.94,135.94,347.0,1752219600.0,2025-07-11 13:10:00+05:30
135.94,136.08,135.94,135.97,143.0,1752219900.0,2025-07-11 13:15:00+05:30
136.09,136.19,136.03,136.15,1680.0,1752220200.0,2025-07-11 13:20:00+05:30
136.19,136.19,136.02,136.1,521.0,1752220500.0,2025-07-11 13:25:00+05:30
136.02,136.43,136.02,136.43,2527.0,1752220800.0,2025-07-11 13:30:00+05:30
136.12,136.58,136.11,136.32,4020.0,1752221100.0,2025-07-11 13:35:00+05:30
136.32,136.75,136.21,136.75,8500.0,1752221400.0,2025-07-11 13:40:00+05:30
136.75,137.17,136.75,137.17,4452.0,1752221700.0,2025-07-11 13:45:00+05:30
137.1,137.51,137.1,137.42,3278.0,1752222000.0,2025-07-11 13:50:00+05:30
137.38,137.5,137.31,137.5,3538.0,1752222300.0,2025-07-11 13:55:00+05:30
137.51,137.51,137.44,137.44,852.0,1752222600.0,2025-07-11 14:00:00+05:30
137.46,137.46,137.33,137.39,451.0,1752222900.0,2025-07-11 14:05:00+05:30
137.45,137.45,137.34,137.34,4013.0,1752223200.0,2025-07-11 14:10:00+05:30
137.39,137.42,137.25,137.39,298.0,1752223500.0,2025-07-11 14:15:00+05:30
137.22,137.3,137.22,137.3,330.0,1752223800.0,2025-07-11 14:20:00+05:30
137.3,137.44,137.0,137.44,9798.0,1752224100.0,2025-07-11 14:25:00+05:30
137.43,137.44,137.14,137.44,1914.0,1752224400.0,2025-07-11 14:30:00+05:30
137.42,137.68,137.4,137.45,3100.0,1752224700.0,2025-07-11 14:35:00+05:30
137.45,137.94,137.39,137.94,3294.0,1752225000.0,2025-07-11 14:40:00+05:30
137.87,137.95,137.72,137.95,219.0,1752225300.0,2025-07-11 14:45:00+05:30
137.95,137.95,137.65,137.66,489.0,1752225600.0,2025-07-11 14:50:00+05:30
137.66,138.36,137.66,138.2,4904.0,1752225900.0,2025-07-11 14:55:00+05:30
138.08,138.2,137.69,137.78,4834.0,1752226200.0,2025-07-11 15:00:00+05:30
137.78,137.98,137.61,137.93,5637.0,1752226500.0,2025-07-11 15:05:00+05:30
137.85,137.85,137.5,137.6,5981.0,1752226800.0,2025-07-11 15:10:00+05:30
137.6,137.6,137.1,137.1,6589.0,1752227100.0,2025-07-11 15:15:00+05:30
137.24,137.3,137.1,137.3,5845.0,1752227400.0,2025-07-11 15:20:00+05:30
137.43,137.8,136.3,136.3,18650.0,1752227700.0,2025-07-11 15:25:00+05:30
137.49,137.9,134.73,135.61,35440.0,1752464700.0,2025-07-14 09:15:00+05:30
135.8,136.23,135.49,135.67,15561.0,1752465000.0,2025-07-14 09:20:00+05:30
135.68,135.92,135.29,135.79,6036.0,1752465300.0,2025-07-14 09:25:00+05:30
135.73,136.14,135.61,136.08,1553.0,1752465600.0,2025-07-14 09:30:00+05:30
136.22,136.58,136.05,136.28,4250.0,1752465900.0,2025-07-14 09:35:00+05:30
136.28,136.72,136.28,136.55,12468.0,1752466200.0,2025-07-14 09:40:00+05:30
136.72,136.95,136.51,136.51,4509.0,1752466500.0,2025-07-14 09:45:00+05:30
136.5,136.6,136.25,136.49,2433.0,1752466800.0,2025-07-14 09:50:00+05:30
136.47,136.47,136.25,136.25,1776.0,1752467100.0,2025-07-14 09:55:00+05:30
136.35,136.55,136.25,136.55,4172.0,1752467400.0,2025-07-14 10:00:00+05:30
136.57,136.57,136.35,136.35,1793.0,1752467700.0,2025-07-14 10:05:00+05:30
136.36,136.49,136.3,136.3,714.0,1752468000.0,2025-07-14 10:10:00+05:30
136.48,136.51,136.39,136.46,474.0,1752468300.0,2025-07-14 10:15:00+05:30
136.31,136.48,136.21,136.3,5629.0,1752468600.0,2025-07-14 10:20:00+05:30
136.3,136.3,136.11,136.14,1359.0,1752468900.0,2025-07-14 10:25:00+05:30
136.14,136.14,135.85,135.98,2855.0,1752469200.0,2025-07-14 10:30:00+05:30
135.93,136.22,135.92,136.18,1265.0,1752469500.0,2025-07-14 10:35:00+05:30
136.14,136.14,135.56,135.56,10594.0,1752469800.0,2025-07-14 10:40:00+05:30
135.2,135.42,135.0,135.25,16116.0,1752470100.0,2025-07-14 10:45:00+05:30
135.14,135.4,134.19,134.42,17131.0,1752470400.0,2025-07-14 10:50:00+05:30
134.42,134.68,134.16,134.42,4138.0,1752470700.0,2025-07-14 10:55:00+05:30
134.58,134.88,134.5,134.8,2206.0,1752471000.0,2025-07-14 11:00:00+05:30
134.6,134.86,134.6,134.8,4070.0,1752471300.0,2025-07-14 11:05:00+05:30
134.8,134.86,134.37,134.58,4791.0,1752471600.0,2025-07-14 11:10:00+05:30
134.58,134.75,134.48,134.51,2991.0,1752471900.0,2025-07-14 11:15:00+05:30
134.63,134.67,134.5,134.5,913.0,1752472200.0,2025-07-14 11:20:00+05:30
134.63,134.73,134.5,134.7,2164.0,1752472500.0,2025-07-14 11:25:00+05:30
134.73,134.73,134.51,134.6,270.0,1752472800.0,2025-07-14 11:30:00+05:30
134.5,134.63,134.47,134.54,2580.0,1752473100.0,2025-07-14 11:35:00+05:30
134.52,134.52,134.25,134.43,1801.0,1752473400.0,2025-07-14 11:40:00+05:30
134.56,134.84,134.56,134.7,3973.0,1752473700.0,2025-07-14 11:45:00+05:30
134.7,134.7,134.47,134.47,781.0,1752474000.0,2025-07-14 11:50:00+05:30
134.47,134.47,134.32,134.32,99.0,1752474300.0,2025-07-14 11:55:00+05:30
134.32,134.54,134.1,134.11,4076.0,1752474600.0,2025-07-14 12:00:00+05:30
134.32,134.4,134.24,134.37,856.0,1752474900.0,2025-07-14 12:05:00+05:30
134.37,134.67,134.37,134.54,491.0,1752475200.0,2025-07-14 12:10:00+05:30
134.7,134.76,134.61,134.75,551.0,1752475500.0,2025-07-14 12:15:00+05:30
134.7,134.71,134.43,134.66,4550.0,1752475800.0,2025-07-14 12:20:00+05:30
134.66,134.67,134.1,134.41,9618.0,1752476100.0,2025-07-14 12:25:00+05:30
134.4,134.66,134.26,134.4,1300.0,1752476400.0,2025-07-14 12:30:00+05:30
134.4,134.5,134.4,134.5,92.0,1752476700.0,2025-07-14 12:35:00+05:30
134.5,134.54,134.32,134.32,1484.0,1752477000.0,2025-07-14 12:40:00+05:30
134.32,134.63,134.32,134.62,443.0,1752477300.0,2025-07-14 12:45:00+05:30
134.62,134.72,134.51,134.66,1117.0,1752477600.0,2025-07-14 12:50:00+05:30
134.66,134.66,134.32,134.32,1390.0,1752477900.0,2025-07-14 12:55:00+05:30
134.3,134.43,134.3,134.41,955.0,1752478200.0,2025-07-14 13:00:00+05:30
134.4,134.4,133.88,134.04,6965.0,1752478500.0,2025-07-14 13:05:00+05:30
134.3,134.7,134.3,134.7,5833.0,1752478800.0,2025-07-14 13:10:00+05:30
134.7,134.7,134.41,134.58,663.0,1752479100.0,2025-07-14 13:15:00+05:30
134.41,134.45,134.18,134.3,3572.0,1752479400.0,2025-07-14 13:20:00+05:30
134.3,134.57,134.3,134.57,475.0,1752479700.0,2025-07-14 13:25:00+05:30
134.57,134.84,134.44,134.5,3798.0,1752480000.0,2025-07-14 13:30:00+05:30
134.5,134.63,134.5,134.63,665.0,1752480300.0,2025-07-14 13:35:00+05:30
134.63,134.76,134.5,134.68,776.0,1752480600.0,2025-07-14 13:40:00+05:30
134.65,134.68,134.51,134.52,492.0,1752480900.0,2025-07-14 13:45:00+05:30
134.52,134.73,134.52,134.73,1834.0,1752481200.0,2025-07-14 13:50:00+05:30
134.74,134.75,134.6,134.65,2561.0,1752481500.0,2025-07-14 13:55:00+05:30
134.53,134.64,134.19,134.19,996.0,1752481800.0,2025-07-14 14:00:00+05:30
134.29,134.46,134.29,134.29,1944.0,1752482100.0,2025-07-14 14:05:00+05:30
134.59,134.64,134.5,134.6,1313.0,1752482400.0,2025-07-14 14:10:00+05:30
134.6,134.65,134.22,134.22,3982.0,1752482700.0,2025-07-14 14:15:00+05:30
134.4,134.6,134.4,134.6,922.0,1752483000.0,2025-07-14 14:20:00+05:30
134.6,134.78,134.6,134.7,1730.0,1752483300.0,2025-07-14 14:25:00+05:30
134.6,134.71,134.6,134.71,210.0,1752483600.0,2025-07-14 14:30:00+05:30
134.68,134.79,134.59,134.79,1523.0,1752483900.0,2025-07-14 14:35:00+05:30
134.79,134.83,134.75,134.75,1336.0,1752484200.0,2025-07-14 14:40:00+05:30
134.71,134.84,134.55,134.55,998.0,1752484500.0,2025-07-14 14:45:00+05:30
134.74,134.82,134.58,134.81,1712.0,1752484800.0,2025-07-14 14:50:00+05:30
134.66,135.57,134.66,135.19,6904.0,1752485100.0,2025-07-14 14:55:00+05:30
135.35,135.37,135.0,135.25,2310.0,1752485400.0,2025-07-14 15:00:00+05:30
135.15,135.33,134.8,135.31,8230.0,1752485700.0,2025-07-14 15:05:00+05:30
135.22,135.29,134.77,134.82,2158.0,1752486000.0,2025-07-14 15:10:00+05:30
134.95,135.03,134.5,134.65,5362.0,1752486300.0,2025-07-14 15:15:00+05:30
134.82,134.82,134.15,134.31,14560.0,1752486600.0,2025-07-14 15:20:00+05:30
134.32,134.97,134.23,134.78,10316.0,1752486900.0,2025-07-14 15:25:00+05:30
134.89,136.37,134.89,136.3,3991.0,1752551100.0,2025-07-15 09:15:00+05:30
136.38,136.65,135.98,136.28,2852.0,1752551400.0,2025-07-15 09:20:00+05:30
136.11,136.3,135.98,136.11,1172.0,1752551700.0,2025-07-15 09:25:00+05:30
136.04,136.17,135.78,135.78,5599.0,1752552000.0,2025-07-15 09:30:00+05:30
135.78,135.78,135.31,135.55,3807.0,1752552300.0,2025-07-15 09:35:00+05:30
135.56,135.6,134.72,134.93,6452.0,1752552600.0,2025-07-15 09:40:00+05:30
134.86,135.35,134.73,135.35,4061.0,1752552900.0,2025-07-15 09:45:00+05:30
135.48,135.99,135.48,135.59,13398.0,1752553200.0,2025-07-15 09:50:00+05:30
135.77,136.0,135.59,136.0,8325.0,1752553500.0,2025-07-15 09:55:00+05:30
136.0,136.74,136.0,136.45,4499.0,1752553800.0,2025-07-15 10:00:00+05:30
136.41,136.61,136.09,136.11,3734.0,1752554100.0,2025-07-15 10:05:00+05:30
136.01,136.37,136.01,136.26,3193.0,1752554400.0,2025-07-15 10:10:00+05:30
136.24,136.39,136.17,136.17,2078.0,1752554700.0,2025-07-15 10:15:00+05:30
136.26,137.0,136.26,137.0,11850.0,1752555000.0,2025-07-15 10:20:00+05:30
137.32,137.38,136.8,137.21,10161.0,1752555300.0,2025-07-15 10:25:00+05:30
137.05,137.82,137.05,137.82,8377.0,1752555600.0,2025-07-15 10:30:00+05:30
137.82,138.0,137.24,137.24,7655.0,1752555900.0,2025-07-15 10:35:00+05:30
137.26,137.39,136.92,136.99,3121.0,1752556200.0,2025-07-15 10:40:00+05:30
137.12,137.35,136.8,137.35,10410.0,1752556500.0,2025-07-15 10:45:00+05:30
137.32,137.99,137.32,137.71,3183.0,1752556800.0,2025-07-15 10:50:00+05:30
137.57,138.7,137.53,138.65,18451.0,1752557100.0,2025-07-15 10:55:00+05:30
138.67,139.51,138.5,138.79,26626.0,1752557400.0,2025-07-15 11:00:00+05:30
138.7,138.9,138.52,138.6,10453.0,1752557700.0,2025-07-15 11:05:00+05:30
138.6,138.64,138.42,138.53,1975.0,1752558000.0,2025-07-15 11:10:00+05:30
138.47,138.96,138.45,138.73,3828.0,1752558300.0,2025-07-15 11:15:00+05:30
138.65,139.05,138.5,138.84,3656.0,1752558600.0,2025-07-15 11:20:00+05:30
138.99,139.38,138.97,139.18,5357.0,1752558900.0,2025-07-15 11:25:00+05:30
139.18,139.22,139.0,139.1,1378.0,1752559200.0,2025-07-15 11:30:00+05:30
139.0,139.25,138.8,138.98,12356.0,1752559500.0,2025-07-15 11:35:00+05:30
138.98,139.0,138.3,138.38,4527.0,1752559800.0,2025-07-15 11:40:00+05:30
138.2,138.3,137.81,138.3,4208.0,1752560100.0,2025-07-15 11:45:00+05:30
138.15,138.39,137.9,138.36,4303.0,1752560400.0,2025-07-15 11:50:00+05:30
138.25,138.25,137.85,137.85,5420.0,1752560700.0,2025-07-15 11:55:00+05:30
137.85,137.94,137.85,137.85,1026.0,1752561000.0,2025-07-15 12:00:00+05:30
137.85,138.1,137.66,137.66,1214.0,1752561300.0,2025-07-15 12:05:00+05:30
137.85,138.19,137.68,137.99,3079.0,1752561600.0,2025-07-15 12:10:00+05:30
138.0,138.08,137.81,138.0,791.0,1752561900.0,2025-07-15 12:15:00+05:30
138.0,138.0,137.75,137.77,846.0,1752562200.0,2025-07-15 12:20:00+05:30
137.8,138.0,137.76,138.0,9559.0,1752562500.0,2025-07-15 12:25:00+05:30
138.15,138.9,138.03,138.61,6429.0,1752562800.0,2025-07-15 12:30:00+05:30
138.74,139.2,138.7,138.83,11304.0,1752563100.0,2025-07-15 12:35:00+05:30
139.15,139.36,138.94,139.36,9322.0,1752563400.0,2025-07-15 12:40:00+05:30
139.17,140.5,139.17,139.81,46041.0,1752563700.0,2025-07-15 12:45:00+05:30
140.2,140.25,139.42,139.42,46133.0,1752564000.0,2025-07-15 12:50:00+05:30
139.42,139.42,139.0,139.18,6666.0,1752564300.0,2025-07-15 12:55:00+05:30
139.18,139.5,139.18,139.49,4516.0,1752564600.0,2025-07-15 13:00:00+05:30
139.49,139.55,139.3,139.3,2741.0,1752564900.0,2025-07-15 13:05:00+05:30
139.39,139.5,139.3,139.5,2949.0,1752565200.0,2025-07-15 13:10:00+05:30
139.44,139.47,139.31,139.31,463.0,1752565500.0,2025-07-15 13:15:00+05:30
139.31,139.54,139.31,139.39,2537.0,1752565800.0,2025-07-15 13:20:00+05:30
139.31,139.44,139.0,139.0,4220.0,1752566100.0,2025-07-15 13:25:00+05:30
139.13,139.35,139.0,139.14,3842.0,1752566400.0,2025-07-15 13:30:00+05:30
139.14,139.25,139.1,139.1,1108.0,1752566700.0,2025-07-15 13:35:00+05:30
139.11,139.23,139.0,139.0,1366.0,1752567000.0,2025-07-15 13:40:00+05:30
139.06,139.84,139.06,139.71,8092.0,1752567300.0,2025-07-15 13:45:00+05:30
139.7,140.08,139.69,139.7,12008.0,1752567600.0,2025-07-15 13:50:00+05:30
139.8,139.8,139.5,139.66,1913.0,1752567900.0,2025-07-15 13:55:00+05:30
139.6,139.6,138.9,139.07,11580.0,1752568200.0,2025-07-15 14:00:00+05:30
138.91,139.02,138.53,138.7,1401.0,1752568500.0,2025-07-15 14:05:00+05:30
138.62,138.75,138.4,138.57,6809.0,1752568800.0,2025-07-15 14:10:00+05:30
138.76,138.77,138.54,138.69,1250.0,1752569100.0,2025-07-15 14:15:00+05:30
138.77,138.77,138.11,138.11,12592.0,1752569400.0,2025-07-15 14:20:00+05:30
138.11,138.4,137.9,137.99,7050.0,1752569700.0,2025-07-15 14:25:00+05:30
137.67,138.19,137.66,137.66,10100.0,1752570000.0,2025-07-15 14:30:00+05:30
137.82,138.99,137.73,138.75,14474.0,1752570300.0,2025-07-15 14:35:00+05:30
138.82,139.0,138.44,139.0,14286.0,1752570600.0,2025-07-15 14:40:00+05:30
138.87,139.57,138.87,139.56,6304.0,1752570900.0,2025-07-15 14:45:00+05:30
139.43,140.0,138.96,139.77,31236.0,1752571200.0,2025-07-15 14:50:00+05:30
139.64,139.82,138.29,138.45,39286.0,1752571500.0,2025-07-15 14:55:00+05:30
138.45,138.8,138.3,138.57,6147.0,1752571800.0,2025-07-15 15:00:00+05:30
138.69,138.91,138.5,138.55,4234.0,1752572100.0,2025-07-15 15:05:00+05:30
138.63,138.67,138.5,138.58,5260.0,1752572400.0,2025-07-15 15:10:00+05:30
138.35,139.07,137.85,138.83,23030.0,1752572700.0,2025-07-15 15:15:00+05:30
138.7,138.7,137.87,138.16,17478.0,1752573000.0,2025-07-15 15:20:00+05:30
138.04,139.2,138.04,139.2,10211.0,1752573300.0,2025-07-15 15:25:00+05:30
139.3,139.44,138.56,139.44,17113.0,1752637500.0,2025-07-16 09:15:00+05:30
139.47,139.69,139.14,139.14,9873.0,1752637800.0,2025-07-16 09:20:00+05:30
139.13,140.75,139.03,140.1,16495.0,1752638100.0,2025-07-16 09:25:00+05:30
140.12,140.15,139.71,139.89,16952.0,1752638400.0,2025-07-16 09:30:00+05:30
139.85,140.0,139.63,139.67,11997.0,1752638700.0,2025-07-16 09:35:00+05:30
139.77,139.77,139.03,139.18,5224.0,1752639000.0,2025-07-16 09:40:00+05:30
139.18,139.2,138.65,139.12,6885.0,1752639300.0,2025-07-16 09:45:00+05:30
139.0,139.32,138.96,139.13,3520.0,1752639600.0,2025-07-16 09:50:00+05:30
139.26,139.29,139.0,139.1,1871.0,1752639900.0,2025-07-16 09:55:00+05:30
139.29,139.5,139.09,139.09,4008.0,1752640200.0,2025-07-16 10:00:00+05:30
139.05,139.24,138.7,138.79,4600.0,1752640500.0,2025-07-16 10:05:00+05:30
138.78,138.79,138.39,138.42,6745.0,1752640800.0,2025-07-16 10:10:00+05:30
138.46,138.5,138.23,138.3,1822.0,1752641100.0,2025-07-16 10:15:00+05:30
138.29,138.5,138.15,138.5,3391.0,1752641400.0,2025-07-16 10:20:00+05:30
138.5,138.5,138.21,138.21,1229.0,1752641700.0,2025-07-16 10:25:00+05:30
138.36,138.59,138.21,138.21,8860.0,1752642000.0,2025-07-16 10:30:00+05:30
138.38,138.38,137.65,137.78,3676.0,1752642300.0,2025-07-16 10:35:00+05:30
137.74,138.23,137.64,138.22,3461.0,1752642600.0,2025-07-16 10:40:00+05:30
138.22,138.22,137.85,137.98,1893.0,1752642900.0,2025-07-16 10:45:00+05:30
137.85,137.98,137.85,137.85,2602.0,1752643200.0,2025-07-16 10:50:00+05:30
137.87,137.96,137.76,137.8,681.0,1752643500.0,2025-07-16 10:55:00+05:30
137.8,137.88,137.68,137.84,3350.0,1752643800.0,2025-07-16 11:00:00+05:30
137.7,138.14,137.7,137.89,12009.0,1752644100.0,2025-07-16 11:05:00+05:30
137.81,137.81,137.51,137.51,7467.0,1752644400.0,2025-07-16 11:10:00+05:30
137.65,137.66,137.35,137.35,2256.0,1752644700.0,2025-07-16 11:15:00+05:30
137.43,137.62,137.21,137.54,1323.0,1752645000.0,2025-07-16 11:20:00+05:30
137.54,137.54,137.36,137.54,1685.0,1752645300.0,2025-07-16 11:25:00+05:30
137.54,137.59,137.44,137.59,342.0,1752645600.0,2025-07-16 11:30:00+05:30
137.5,137.5,137.45,137.45,30.0,1752645900.0,2025-07-16 11:35:00+05:30
137.45,137.5,137.45,137.5,389.0,1752646200.0,2025-07-16 11:40:00+05:30
137.52,137.98,137.52,137.92,1345.0,1752646500.0,2025-07-16 11:45:00+05:30
137.9,137.9,137.63,137.64,2606.0,1752646800.0,2025-07-16 11:50:00+05:30
137.81,137.95,137.63,137.86,1352.0,1752647100.0,2025-07-16 11:55:00+05:30
137.71,137.91,137.63,137.91,500.0,1752647400.0,2025-07-16 12:00:00+05:30
137.91,137.91,137.74,137.91,194.0,1752647700.0,2025-07-16 12:05:00+05:30
137.91,137.99,137.71,137.89,1087.0,1752648000.0,2025-07-16 12:10:00+05:30
137.7,137.9,137.7,137.9,642.0,1752648300.0,2025-07-16 12:15:00+05:30
137.9,137.9,137.73,137.86,297.0,1752648600.0,2025-07-16 12:20:00+05:30
137.98,137.98,137.7,137.7,1207.0,1752648900.0,2025-07-16 12:25:00+05:30
137.84,137.84,137.6,137.77,1166.0,1752649200.0,2025-07-16 12:30:00+05:30
137.92,137.92,137.75,137.92,264.0,1752649500.0,2025-07-16 12:35:00+05:30
137.93,137.94,137.81,137.81,395.0,1752649800.0,2025-07-16 12:40:00+05:30
137.8,137.93,137.8,137.81,114.0,1752650100.0,2025-07-16 12:45:00+05:30
137.81,137.99,137.6,137.7,5556.0,1752650400.0,2025-07-16 12:50:00+05:30
137.78,137.78,137.6,137.6,124.0,1752650700.0,2025-07-16 12:55:00+05:30
137.61,137.72,137.6,137.72,140.0,1752651000.0,2025-07-16 13:00:00+05:30
137.72,137.77,137.7,137.7,786.0,1752651300.0,2025-07-16 13:05:00+05:30
137.7,137.7,137.7,137.7,469.0,1752651600.0,2025-07-16 13:10:00+05:30
137.7,137.87,137.7,137.85,649.0,1752651900.0,2025-07-16 13:15:00+05:30
137.85,137.86,137.75,137.75,196.0,1752652200.0,2025-07-16 13:20:00+05:30
137.75,137.81,137.7,137.7,380.0,1752652500.0,2025-07-16 13:25:00+05:30
137.81,137.85,137.81,137.84,211.0,1752652800.0,2025-07-16 13:30:00+05:30
137.73,137.73,137.7,137.73,619.0,1752653100.0,2025-07-16 13:35:00+05:30
137.73,137.91,137.71,137.76,1334.0,1752653400.0,2025-07-16 13:40:00+05:30
137.76,138.17,137.71,138.16,1983.0,1752653700.0,2025-07-16 13:45:00+05:30
138.14,138.14,137.89,138.0,286.0,1752654000.0,2025-07-16 13:50:00+05:30
137.83,137.94,137.79,137.94,1155.0,1752654300.0,2025-07-16 13:55:00+05:30
137.93,138.03,137.82,137.89,1006.0,1752654600.0,2025-07-16 14:00:00+05:30
137.89,138.19,137.89,138.16,1533.0,1752654900.0,2025-07-16 14:05:00+05:30
138.16,138.37,138.16,138.35,882.0,1752655200.0,2025-07-16 14:10:00+05:30
138.2,138.32,138.15,138.15,1873.0,1752655500.0,2025-07-16 14:15:00+05:30
138.25,138.44,138.25,138.41,3089.0,1752655800.0,2025-07-16 14:20:00+05:30
138.4,138.4,137.93,137.93,1256.0,1752656100.0,2025-07-16 14:25:00+05:30
138.04,138.27,138.04,138.27,1893.0,1752656400.0,2025-07-16 14:30:00+05:30
138.27,138.27,137.96,138.0,1272.0,1752656700.0,2025-07-16 14:35:00+05:30
138.0,138.27,138.0,138.13,1607.0,1752657000.0,2025-07-16 14:40:00+05:30
138.32,138.53,138.22,138.53,1966.0,1752657300.0,2025-07-16 14:45:00+05:30
138.58,139.25,138.55,139.25,4810.0,1752657600.0,2025-07-16 14:50:00+05:30
139.07,139.08,138.6,138.6,4851.0,1752657900.0,2025-07-16 14:55:00+05:30
138.71,139.1,138.57,139.0,5380.0,1752658200.0,2025-07-16 15:00:00+05:30
139.0,139.49,138.7,139.49,9152.0,1752658500.0,2025-07-16 15:05:00+05:30
139.4,139.58,139.14,139.35,3645.0,1752658800.0,2025-07-16 15:10:00+05:30
139.15,139.15,138.62,138.63,4719.0,1752659100.0,2025-07-16 15:15:00+05:30
138.84,138.84,138.41,138.43,9932.0,1752659400.0,2025-07-16 15:20:00+05:30
138.44,138.65,138.01,138.55,9488.0,1752659700.0,2025-07-16 15:25:00+05:30
139.49,139.49,137.7,138.67,3841.0,1752723900.0,2025-07-17 09:15:00+05:30
138.54,138.9,137.55,138.0,17571.0,1752724200.0,2025-07-17 09:20:00+05:30
138.07,138.46,137.94,138.28,15284.0,1752724500.0,2025-07-17 09:25:00+05:30
138.31,138.39,137.91,137.95,3707.0,1752724800.0,2025-07-17 09:30:00+05:30
137.95,138.07,137.68,138.0,7729.0,1752725100.0,2025-07-17 09:35:00+05:30
138.0,138.0,137.52,137.52,10913.0,1752725400.0,2025-07-17 09:40:00+05:30
137.63,137.63,137.21,137.4,5224.0,1752725700.0,2025-07-17 09:45:00+05:30
137.59,137.59,137.3,137.46,2161.0,1752726000.0,2025-07-17 09:50:00+05:30
137.4,137.79,137.4,137.77,1211.0,1752726300.0,2025-07-17 09:55:00+05:30
137.75,137.92,137.6,137.92,6999.0,1752726600.0,2025-07-17 10:00:00+05:30
137.92,137.99,137.55,137.77,7251.0,1752726900.0,2025-07-17 10:05:00+05:30
137.78,137.96,137.69,137.75,1904.0,1752727200.0,2025-07-17 10:10:00+05:30
137.7,137.72,137.16,137.59,6902.0,1752727500.0,2025-07-17 10:15:00+05:30
137.72,138.19,137.72,138.17,1847.0,1752727800.0,2025-07-17 10:20:00+05:30
138.18,138.24,137.95,138.1,5782.0,1752728100.0,2025-07-17 10:25:00+05:30
137.88,138.01,137.88,137.96,1205.0,1752728400.0,2025-07-17 10:30:00+05:30
138.1,138.14,138.04,138.14,2635.0,1752728700.0,2025-07-17 10:35:00+05:30
138.25,138.26,137.89,137.97,5447.0,1752729000.0,2025-07-17 10:40:00+05:30
138.08,138.7,137.98,138.7,3002.0,1752729300.0,2025-07-17 10:45:00+05:30
138.72,139.4,138.57,139.4,8094.0,1752729600.0,2025-07-17 10:50:00+05:30
139.39,139.85,138.68,138.68,3689.0,1752729900.0,2025-07-17 10:55:00+05:30
138.63,138.79,138.47,138.69,1331.0,1752730200.0,2025-07-17 11:00:00+05:30
138.65,138.67,138.57,138.57,585.0,1752730500.0,2025-07-17 11:05:00+05:30
138.57,138.7,138.57,138.7,599.0,1752730800.0,2025-07-17 11:10:00+05:30
138.6,138.87,138.6,138.87,707.0,1752731100.0,2025-07-17 11:15:00+05:30
138.87,138.87,138.61,138.63,1214.0,1752731400.0,2025-07-17 11:20:00+05:30
138.63,138.86,138.58,138.58,2450.0,1752731700.0,2025-07-17 11:25:00+05:30
138.59,138.78,138.59,138.75,1413.0,1752732000.0,2025-07-17 11:30:00+05:30
138.75,138.78,138.57,138.63,1247.0,1752732300.0,2025-07-17 11:35:00+05:30
138.78,138.81,138.61,138.75,439.0,1752732600.0,2025-07-17 11:40:00+05:30
138.74,138.74,138.31,138.51,690.0,1752732900.0,2025-07-17 11:45:00+05:30
138.51,138.51,138.49,138.51,123.0,1752733200.0,2025-07-17 11:50:00+05:30
138.51,138.51,138.0,138.35,6900.0,1752733500.0,2025-07-17 11:55:00+05:30
138.28,138.4,138.25,138.31,2296.0,1752733800.0,2025-07-17 12:00:00+05:30
138.25,138.38,138.05,138.05,633.0,1752734100.0,2025-07-17 12:05:00+05:30
138.1,138.31,138.1,138.31,129.0,1752734400.0,2025-07-17 12:10:00+05:30
138.32,138.6,138.2,138.54,1917.0,1752734700.0,2025-07-17 12:15:00+05:30
138.53,138.68,138.53,138.68,387.0,1752735000.0,2025-07-17 12:20:00+05:30
138.68,138.75,138.54,138.57,1177.0,1752735300.0,2025-07-17 12:25:00+05:30
138.61,138.7,138.57,138.69,679.0,1752735600.0,2025-07-17 12:30:00+05:30
138.58,138.64,138.57,138.57,431.0,1752735900.0,2025-07-17 12:35:00+05:30
138.57,138.57,138.36,138.46,329.0,1752736200.0,2025-07-17 12:40:00+05:30
138.39,138.5,138.34,138.38,592.0,1752736500.0,2025-07-17 12:45:00+05:30
138.41,138.41,138.2,138.25,1138.0,1752736800.0,2025-07-17 12:50:00+05:30
138.34,138.42,138.13,138.37,815.0,1752737100.0,2025-07-17 12:55:00+05:30
138.55,138.6,138.47,138.5,758.0,1752737400.0,2025-07-17 13:00:00+05:30
138.46,139.0,138.43,138.77,4928.0,1752737700.0,2025-07-17 13:05:00+05:30
138.92,138.92,138.51,138.72,2526.0,1752738000.0,2025-07-17 13:10:00+05:30
138.58,138.75,138.51,138.63,1935.0,1752738300.0,2025-07-17 13:15:00+05:30
138.59,138.59,138.01,138.14,6157.0,1752738600.0,2025-07-17 13:20:00+05:30
138.14,138.22,138.02,138.15,688.0,1752738900.0,2025-07-17 13:25:00+05:30
138.15,138.2,138.02,138.02,1213.0,1752739200.0,2025-07-17 13:30:00+05:30
138.02,138.14,138.02,138.14,42.0,1752739500.0,2025-07-17 13:35:00+05:30
138.14,138.14,138.01,138.01,368.0,1752739800.0,2025-07-17 13:40:00+05:30
138.13,138.13,137.9,138.04,1533.0,1752740100.0,2025-07-17 13:45:00+05:30
138.0,138.5,138.0,138.5,4951.0,1752740400.0,2025-07-17 13:50:00+05:30
138.51,138.72,138.51,138.71,1660.0,1752740700.0,2025-07-17 13:55:00+05:30
138.71,138.75,138.62,138.75,768.0,1752741000.0,2025-07-17 14:00:00+05:30
138.75,138.75,138.56,138.75,2924.0,1752741300.0,2025-07-17 14:05:00+05:30
138.97,139.0,138.73,138.75,4033.0,1752741600.0,2025-07-17 14:10:00+05:30
138.75,138.8,138.56,138.57,563.0,1752741900.0,2025-07-17 14:15:00+05:30
138.69,138.76,138.51,138.51,1690.0,1752742200.0,2025-07-17 14:20:00+05:30
138.68,139.0,138.68,138.89,5919.0,1752742500.0,2025-07-17 14:25:00+05:30
138.89,138.89,138.71,138.76,848.0,1752742800.0,2025-07-17 14:30:00+05:30
138.76,138.76,138.65,138.67,4580.0,1752743100.0,2025-07-17 14:35:00+05:30
138.7,138.7,138.62,138.62,79.0,1752743400.0,2025-07-17 14:40:00+05:30
138.66,138.66,138.37,138.54,5046.0,1752743700.0,2025-07-17 14:45:00+05:30
138.54,138.54,138.1,138.24,4884.0,1752744000.0,2025-07-17 14:50:00+05:30
138.22,138.33,138.17,138.3,2321.0,1752744300.0,2025-07-17 14:55:00+05:30
138.3,138.81,138.3,138.5,7061.0,1752744600.0,2025-07-17 15:00:00+05:30
138.68,139.0,138.68,138.95,9832.0,1752744900.0,2025-07-17 15:05:00+05:30
138.92,139.0,138.39,138.61,7418.0,1752745200.0,2025-07-17 15:10:00+05:30
138.61,138.7,138.29,138.52,4942.0,1752745500.0,2025-07-17 15:15:00+05:30
138.4,138.4,137.55,137.91,7655.0,1752745800.0,2025-07-17 15:20:00+05:30
137.86,139.0,137.6,137.6,7128.0,1752746100.0,2025-07-17 15:25:00+05:30
139.15,139.19,137.91,138.43,7960.0,1752810300.0,2025-07-18 09:15:00+05:30
138.42,138.49,138.15,138.43,6482.0,1752810600.0,2025-07-18 09:20:00+05:30
138.45,138.49,138.13,138.17,493.0,1752810900.0,2025-07-18 09:25:00+05:30
138.17,138.24,137.98,138.12,1579.0,1752811200.0,2025-07-18 09:30:00+05:30
138.1,138.1,137.83,138.02,1608.0,1752811500.0,2025-07-18 09:35:00+05:30
138.02,138.02,137.71,137.94,2118.0,1752811800.0,2025-07-18 09:40:00+05:30
137.94,137.97,137.71,137.72,2061.0,1752812100.0,2025-07-18 09:45:00+05:30
137.94,138.0,137.71,138.0,2129.0,1752812400.0,2025-07-18 09:50:00+05:30
137.84,137.84,137.75,137.75,954.0,1752812700.0,2025-07-18 09:55:00+05:30
137.9,137.9,137.5,137.5,2185.0,1752813000.0,2025-07-18 10:00:00+05:30
137.5,137.67,137.22,137.38,2030.0,1752813300.0,2025-07-18 10:05:00+05:30
137.38,137.4,137.01,137.01,3654.0,1752813600.0,2025-07-18 10:10:00+05:30
137.08,137.08,136.52,136.52,3707.0,1752813900.0,2025-07-18 10:15:00+05:30
136.51,136.51,136.05,136.13,6109.0,1752814200.0,2025-07-18 10:20:00+05:30
136.25,136.3,136.11,136.2,952.0,1752814500.0,2025-07-18 10:25:00+05:30
136.2,136.4,136.05,136.21,2625.0,1752814800.0,2025-07-18 10:30:00+05:30
136.21,136.5,136.17,136.33,2357.0,1752815100.0,2025-07-18 10:35:00+05:30
136.51,136.54,136.31,136.34,2777.0,1752815400.0,2025-07-18 10:40:00+05:30
136.39,136.59,136.35,136.44,715.0,1752815700.0,2025-07-18 10:45:00+05:30
136.44,136.74,136.44,136.74,248.0,1752816000.0,2025-07-18 10:50:00+05:30
136.74,136.74,136.5,136.5,3887.0,1752816300.0,2025-07-18 10:55:00+05:30
136.52,136.7,136.46,136.7,633.0,1752816600.0,2025-07-18 11:00:00+05:30
136.7,136.9,136.61,136.61,847.0,1752816900.0,2025-07-18 11:05:00+05:30
136.78,136.81,136.78,136.8,460.0,1752817200.0,2025-07-18 11:10:00+05:30
136.8,136.8,136.63,136.64,867.0,1752817500.0,2025-07-18 11:15:00+05:30
136.71,136.82,136.64,136.82,2144.0,1752817800.0,2025-07-18 11:20:00+05:30
136.82,136.97,136.82,136.97,71.0,1752818100.0,2025-07-18 11:25:00+05:30
136.96,137.03,136.83,136.83,620.0,1752818400.0,2025-07-18 11:30:00+05:30
136.83,136.97,136.64,136.76,2819.0,1752818700.0,2025-07-18 11:35:00+05:30
136.76,136.76,136.52,136.52,501.0,1752819000.0,2025-07-18 11:40:00+05:30
136.52,136.87,136.52,136.61,755.0,1752819300.0,2025-07-18 11:45:00+05:30
136.61,136.83,136.61,136.83,566.0,1752819600.0,2025-07-18 11:50:00+05:30
136.84,136.88,136.84,136.88,392.0,1752819900.0,2025-07-18 11:55:00+05:30
136.76,136.88,136.76,136.88,65.0,1752820200.0,2025-07-18 12:00:00+05:30
136.88,136.88,136.75,136.88,750.0,1752820500.0,2025-07-18 12:05:00+05:30
137.0,137.0,136.99,136.99,958.0,1752820800.0,2025-07-18 12:10:00+05:30
136.99,136.99,136.84,136.84,67.0,1752821100.0,2025-07-18 12:15:00+05:30
136.78,136.89,136.73,136.73,448.0,1752821400.0,2025-07-18 12:20:00+05:30
136.73,136.8,136.72,136.8,140.0,1752821700.0,2025-07-18 12:25:00+05:30
136.8,136.99,136.7,136.99,1317.0,1752822000.0,2025-07-18 12:30:00+05:30
136.82,137.05,136.82,136.88,1301.0,1752822300.0,2025-07-18 12:35:00+05:30
136.88,137.06,136.88,137.0,238.0,1752822600.0,2025-07-18 12:40:00+05:30
136.86,137.07,136.86,137.06,359.0,1752822900.0,2025-07-18 12:45:00+05:30
137.06,137.06,136.85,137.06,1398.0,1752823200.0,2025-07-18 12:50:00+05:30
136.8,136.88,136.44,136.44,5610.0,1752823500.0,2025-07-18 12:55:00+05:30
136.81,136.81,136.81,136.81,11.0,1752823800.0,2025-07-18 13:00:00+05:30
136.79,136.79,136.61,136.77,347.0,1752824100.0,2025-07-18 13:05:00+05:30
136.77,136.77,136.51,136.7,227.0,1752824400.0,2025-07-18 13:10:00+05:30
136.7,136.7,136.51,136.51,776.0,1752824700.0,2025-07-18 13:15:00+05:30
136.73,136.73,136.71,136.72,418.0,1752825000.0,2025-07-18 13:20:00+05:30
136.73,136.73,136.72,136.72,44.0,1752825300.0,2025-07-18 13:25:00+05:30
136.72,136.72,136.71,136.71,5.0,1752825600.0,2025-07-18 13:30:00+05:30
136.51,136.66,136.5,136.66,525.0,1752825900.0,2025-07-18 13:35:00+05:30
136.72,136.72,136.51,136.63,1628.0,1752826200.0,2025-07-18 13:40:00+05:30
136.63,136.77,136.63,136.66,71.0,1752826500.0,2025-07-18 13:45:00+05:30
136.8,136.87,136.7,136.87,621.0,1752826800.0,2025-07-18 13:50:00+05:30
136.76,136.76,136.74,136.74,547.0,1752827100.0,2025-07-18 13:55:00+05:30
136.74,136.74,136.6,136.74,60.0,1752827400.0,2025-07-18 14:00:00+05:30
136.74,136.85,136.69,136.85,26.0,1752827700.0,2025-07-18 14:05:00+05:30
136.85,136.85,136.67,136.8,69.0,1752828000.0,2025-07-18 14:10:00+05:30
136.8,136.8,136.5,136.58,763.0,1752828300.0,2025-07-18 14:15:00+05:30
136.63,136.73,136.5,136.53,1181.0,1752828600.0,2025-07-18 14:20:00+05:30
136.69,136.71,136.5,136.71,1441.0,1752828900.0,2025-07-18 14:25:00+05:30
136.8,136.97,136.8,136.84,139.0,1752829200.0,2025-07-18 14:30:00+05:30
136.96,137.16,136.96,137.16,1281.0,1752829500.0,2025-07-18 14:35:00+05:30
137.0,137.49,137.0,137.27,8826.0,1752829800.0,2025-07-18 14:40:00+05:30
137.16,137.31,137.16,137.3,2592.0,1752830100.0,2025-07-18 14:45:00+05:30
137.31,137.8,137.12,137.57,5851.0,1752830400.0,2025-07-18 14:50:00+05:30
137.4,137.67,137.31,137.67,2517.0,1752830700.0,2025-07-18 14:55:00+05:30
137.49,137.67,137.36,137.36,1098.0,1752831000.0,2025-07-18 15:00:00+05:30
137.2,137.49,136.11,136.95,15107.0,1752831300.0,2025-07-18 15:05:00+05:30
136.71,136.8,136.5,136.62,6155.0,1752831600.0,2025-07-18 15:10:00+05:30
136.72,136.76,136.23,136.61,5617.0,1752831900.0,2025-07-18 15:15:00+05:30
136.6,136.77,136.5,136.5,4079.0,1752832200.0,2025-07-18 15:20:00+05:30
136.5,136.89,136.2,136.5,8513.0,1752832500.0,2025-07-18 15:25:00+05:30
136.38,137.36,136.38,137.3,8960.0,1753069500.0,2025-07-21 09:15:00+05:30
137.3,137.3,135.5,135.5,10613.0,1753069800.0,2025-07-21 09:20:00+05:30
135.5,135.81,135.04,135.81,6814.0,1753070100.0,2025-07-21 09:25:00+05:30
135.85,136.06,134.62,134.95,3915.0,1753070400.0,2025-07-21 09:30:00+05:30
134.88,135.38,134.77,135.0,3064.0,1753070700.0,2025-07-21 09:35:00+05:30
135.2,135.47,135.0,135.29,2266.0,1753071000.0,2025-07-21 09:40:00+05:30
135.29,135.29,134.98,135.28,1263.0,1753071300.0,2025-07-21 09:45:00+05:30
135.36,135.36,135.11,135.34,1185.0,1753071600.0,2025-07-21 09:50:00+05:30
135.34,135.34,135.09,135.3,689.0,1753071900.0,2025-07-21 09:55:00+05:30
135.3,135.34,135.05,135.05,715.0,1753072200.0,2025-07-21 10:00:00+05:30
135.05,135.37,135.05,135.37,765.0,1753072500.0,2025-07-21 10:05:00+05:30
135.17,135.44,135.11,135.27,1121.0,1753072800.0,2025-07-21 10:10:00+05:30
135.27,135.39,135.16,135.34,546.0,1753073100.0,2025-07-21 10:15:00+05:30
135.34,135.39,135.2,135.39,1127.0,1753073400.0,2025-07-21 10:20:00+05:30
135.39,135.39,135.09,135.09,1156.0,1753073700.0,2025-07-21 10:25:00+05:30
135.09,135.5,135.09,135.5,1447.0,1753074000.0,2025-07-21 10:30:00+05:30
135.5,135.55,135.25,135.34,1713.0,1753074300.0,2025-07-21 10:35:00+05:30
135.34,135.53,135.23,135.31,1372.0,1753074600.0,2025-07-21 10:40:00+05:30
135.31,135.45,135.31,135.45,221.0,1753074900.0,2025-07-21 10:45:00+05:30
135.45,135.45,135.16,135.16,283.0,1753075200.0,2025-07-21 10:50:00+05:30
135.16,135.35,135.16,135.34,145.0,1753075500.0,2025-07-21 10:55:00+05:30
135.34,135.41,135.31,135.41,1475.0,1753075800.0,2025-07-21 11:00:00+05:30
135.32,135.32,135.32,135.32,23.0,1753076100.0,2025-07-21 11:05:00+05:30
135.32,135.6,135.32,135.41,718.0,1753076400.0,2025-07-21 11:10:00+05:30
135.32,135.32,135.05,135.05,3665.0,1753076700.0,2025-07-21 11:15:00+05:30
135.0,135.29,134.98,135.29,3073.0,1753077000.0,2025-07-21 11:20:00+05:30
135.3,135.4,135.15,135.4,257.0,1753077300.0,2025-07-21 11:25:00+05:30
135.4,135.46,135.3,135.31,148.0,1753077600.0,2025-07-21 11:30:00+05:30
135.31,135.47,135.12,135.12,641.0,1753077900.0,2025-07-21 11:35:00+05:30
135.28,135.51,135.16,135.16,935.0,1753078200.0,2025-07-21 11:40:00+05:30
135.16,135.45,135.15,135.36,929.0,1753078500.0,2025-07-21 11:45:00+05:30
135.35,135.36,135.2,135.2,537.0,1753078800.0,2025-07-21 11:50:00+05:30
135.2,135.47,135.2,135.37,915.0,1753079100.0,2025-07-21 11:55:00+05:30
135.23,135.39,135.23,135.38,99.0,1753079400.0,2025-07-21 12:00:00+05:30
135.38,135.38,135.22,135.22,62.0,1753079700.0,2025-07-21 12:05:00+05:30
135.22,135.38,135.22,135.37,130.0,1753080000.0,2025-07-21 12:10:00+05:30
135.37,135.42,135.23,135.32,377.0,1753080300.0,2025-07-21 12:15:00+05:30
135.41,135.58,135.24,135.39,2386.0,1753080600.0,2025-07-21 12:20:00+05:30
135.41,135.41,135.19,135.2,1118.0,1753080900.0,2025-07-21 12:25:00+05:30
135.2,135.33,135.2,135.33,61.0,1753081200.0,2025-07-21 12:30:00+05:30
135.33,135.38,135.1,135.32,2155.0,1753081500.0,2025-07-21 12:35:00+05:30
135.26,135.4,135.26,135.35,94.0,1753081800.0,2025-07-21 12:40:00+05:30
135.35,135.44,135.21,135.4,1487.0,1753082100.0,2025-07-21 12:45:00+05:30
135.39,135.39,135.22,135.33,202.0,1753082400.0,2025-07-21 12:50:00+05:30
135.33,135.33,135.21,135.21,6.0,1753082700.0,2025-07-21 12:55:00+05:30
135.13,135.28,135.12,135.28,476.0,1753083000.0,2025-07-21 13:00:00+05:30
135.28,135.32,135.17,135.17,806.0,1753083300.0,2025-07-21 13:05:00+05:30
135.17,135.37,135.17,135.19,624.0,1753083600.0,2025-07-21 13:10:00+05:30
135.19,135.32,135.19,135.3,75.0,1753083900.0,2025-07-21 13:15:00+05:30
135.33,135.33,135.08,135.08,991.0,1753084200.0,2025-07-21 13:20:00+05:30
135.16,135.22,135.09,135.22,229.0,1753084500.0,2025-07-21 13:25:00+05:30
135.07,135.22,135.07,135.1,263.0,1753084800.0,2025-07-21 13:30:00+05:30
135.21,135.26,135.11,135.11,360.0,1753085100.0,2025-07-21 13:35:00+05:30
135.11,135.11,135.1,135.1,385.0,1753085400.0,2025-07-21 13:40:00+05:30
135.29,135.29,135.15,135.15,650.0,1753085700.0,2025-07-21 13:45:00+05:30
135.31,135.36,135.14,135.29,1252.0,1753086000.0,2025-07-21 13:50:00+05:30
135.33,135.35,135.21,135.31,171.0,1753086300.0,2025-07-21 13:55:00+05:30
135.32,135.32,135.03,135.03,445.0,1753086600.0,2025-07-21 14:00:00+05:30
135.16,135.16,135.0,135.11,3457.0,1753086900.0,2025-07-21 14:05:00+05:30
135.11,135.2,135.11,135.12,2818.0,1753087200.0,2025-07-21 14:10:00+05:30
135.12,135.27,135.12,135.25,220.0,1753087500.0,2025-07-21 14:15:00+05:30
135.11,135.11,135.01,135.01,1302.0,1753087800.0,2025-07-21 14:20:00+05:30
135.24,135.24,135.0,135.23,2686.0,1753088100.0,2025-07-21 14:25:00+05:30
135.22,135.25,135.22,135.22,5.0,1753088400.0,2025-07-21 14:30:00+05:30
135.2,135.2,135.0,135.15,808.0,1753088700.0,2025-07-21 14:35:00+05:30
135.15,135.15,134.85,135.0,6654.0,1753089000.0,2025-07-21 14:40:00+05:30
134.99,135.05,134.93,135.04,2944.0,1753089300.0,2025-07-21 14:45:00+05:30
135.02,135.15,135.02,135.14,977.0,1753089600.0,2025-07-21 14:50:00+05:30
135.14,135.39,135.03,135.2,1020.0,1753089900.0,2025-07-21 14:55:00+05:30
135.28,135.28,135.08,135.26,1325.0,1753090200.0,2025-07-21 15:00:00+05:30
135.26,135.39,134.7,135.25,7474.0,1753090500.0,2025-07-21 15:05:00+05:30
134.92,135.02,134.74,134.98,2158.0,1753090800.0,2025-07-21 15:10:00+05:30
134.98,134.98,134.5,134.74,8646.0,1753091100.0,2025-07-21 15:15:00+05:30
134.73,135.24,134.41,135.0,10080.0,1753091400.0,2025-07-21 15:20:00+05:30
135.0,135.0,134.2,135.0,7823.0,1753091700.0,2025-07-21 15:25:00+05:30
134.81,135.49,134.3,134.67,7326.0,1753155900.0,2025-07-22 09:15:00+05:30
134.77,135.47,134.77,135.19,2476.0,1753156200.0,2025-07-22 09:20:00+05:30
135.35,135.35,135.0,135.1,1724.0,1753156500.0,2025-07-22 09:25:00+05:30
135.1,135.7,135.1,135.35,3186.0,1753156800.0,2025-07-22 09:30:00+05:30
135.27,135.57,135.18,135.53,2627.0,1753157100.0,2025-07-22 09:35:00+05:30
135.49,135.86,135.42,135.65,2771.0,1753157400.0,2025-07-22 09:40:00+05:30
135.7,135.7,135.4,135.56,3729.0,1753157700.0,2025-07-22 09:45:00+05:30
135.42,135.6,135.09,135.3,2948.0,1753158000.0,2025-07-22 09:50:00+05:30
135.35,135.75,135.29,135.5,1558.0,1753158300.0,2025-07-22 09:55:00+05:30
135.56,135.56,135.38,135.38,119.0,1753158600.0,2025-07-22 10:00:00+05:30
135.38,135.54,135.29,135.37,611.0,1753158900.0,2025-07-22 10:05:00+05:30
135.29,135.61,135.29,135.51,1993.0,1753159200.0,2025-07-22 10:10:00+05:30
135.49,135.8,135.49,135.49,929.0,1753159500.0,2025-07-22 10:15:00+05:30
135.32,135.38,135.09,135.37,3103.0,1753159800.0,2025-07-22 10:20:00+05:30
135.37,135.37,135.21,135.21,255.0,1753160100.0,2025-07-22 10:25:00+05:30
135.21,135.25,135.09,135.1,311.0,1753160400.0,2025-07-22 10:30:00+05:30
135.01,135.01,134.82,134.99,1010.0,1753160700.0,2025-07-22 10:35:00+05:30
134.99,134.99,134.8,134.96,678.0,1753161000.0,2025-07-22 10:40:00+05:30
134.85,134.91,134.74,134.8,1047.0,1753161300.0,2025-07-22 10:45:00+05:30
134.67,134.79,134.45,134.65,4083.0,1753161600.0,2025-07-22 10:50:00+05:30
134.52,134.52,134.52,134.52,300.0,1753161900.0,2025-07-22 10:55:00+05:30
134.52,134.58,134.42,134.46,1620.0,1753162200.0,2025-07-22 11:00:00+05:30
134.41,134.41,134.17,134.2,678.0,1753162500.0,2025-07-22 11:05:00+05:30
134.1,134.41,134.03,134.3,1756.0,1753162800.0,2025-07-22 11:10:00+05:30
134.3,134.4,134.3,134.3,4301.0,1753163100.0,2025-07-22 11:15:00+05:30
134.3,134.31,134.3,134.3,144.0,1753163400.0,2025-07-22 11:20:00+05:30
134.4,134.4,134.25,134.25,560.0,1753163700.0,2025-07-22 11:25:00+05:30
134.37,134.37,133.91,134.09,8538.0,1753164000.0,2025-07-22 11:30:00+05:30
134.09,134.32,133.86,134.05,1861.0,1753164300.0,2025-07-22 11:35:00+05:30
134.03,134.24,133.83,134.02,2399.0,1753164600.0,2025-07-22 11:40:00+05:30
134.0,134.15,134.0,134.01,802.0,1753164900.0,2025-07-22 11:45:00+05:30
134.0,134.35,134.0,134.35,1051.0,1753165200.0,2025-07-22 11:50:00+05:30
134.35,134.52,134.05,134.24,2595.0,1753165500.0,2025-07-22 11:55:00+05:30
134.23,134.25,134.23,134.24,143.0,1753165800.0,2025-07-22 12:00:00+05:30
134.2,134.2,134.2,134.2,10.0,1753166100.0,2025-07-22 12:05:00+05:30
134.2,134.22,134.03,134.05,1315.0,1753166400.0,2025-07-22 12:10:00+05:30
134.05,134.45,134.03,134.45,1315.0,1753166700.0,2025-07-22 12:15:00+05:30
134.45,134.63,134.39,134.39,338.0,1753167000.0,2025-07-22 12:20:00+05:30
134.55,134.55,134.21,134.27,1223.0,1753167300.0,2025-07-22 12:25:00+05:30
134.0,134.14,134.0,134.0,3008.0,1753167600.0,2025-07-22 12:30:00+05:30
134.01,134.19,134.01,134.02,343.0,1753167900.0,2025-07-22 12:35:00+05:30
134.02,134.19,132.15,133.01,595750.0,1753168200.0,2025-07-22 12:40:00+05:30
132.89,133.78,132.89,133.69,9647.0,1753168500.0,2025-07-22 12:45:00+05:30
133.69,133.74,133.55,133.57,3716.0,1753168800.0,2025-07-22 12:50:00+05:30
133.57,133.67,133.57,133.67,1743.0,1753169100.0,2025-07-22 12:55:00+05:30
133.66,133.75,133.5,133.75,2883.0,1753169400.0,2025-07-22 13:00:00+05:30
133.75,133.75,133.56,133.64,1444.0,1753169700.0,2025-07-22 13:05:00+05:30
133.64,133.86,133.41,133.76,1917.0,1753170000.0,2025-07-22 13:10:00+05:30
133.76,133.76,133.5,133.55,3689.0,1753170300.0,2025-07-22 13:15:00+05:30
133.55,133.58,133.53,133.53,1207.0,1753170600.0,2025-07-22 13:20:00+05:30
133.7,133.7,133.4,133.4,867.0,1753170900.0,2025-07-22 13:25:00+05:30
133.54,133.78,133.54,133.7,2282.0,1753171200.0,2025-07-22 13:30:00+05:30
133.7,133.71,133.58,133.58,281.0,1753171500.0,2025-07-22 13:35:00+05:30
133.58,133.71,133.58,133.69,837.0,1753171800.0,2025-07-22 13:40:00+05:30
133.69,133.69,133.57,133.57,147.0,1753172100.0,2025-07-22 13:45:00+05:30
133.56,133.81,133.45,133.72,1319.0,1753172400.0,2025-07-22 13:50:00+05:30
133.72,133.8,132.28,132.58,42945.0,1753172700.0,2025-07-22 13:55:00+05:30
132.59,132.81,132.55,132.67,4888.0,1753173000.0,2025-07-22 14:00:00+05:30
132.69,132.9,132.69,132.89,814.0,1753173300.0,2025-07-22 14:05:00+05:30
132.89,132.95,132.84,132.89,1559.0,1753173600.0,2025-07-22 14:10:00+05:30
132.93,132.93,132.6,132.68,6410.0,1753173900.0,2025-07-22 14:15:00+05:30
132.68,132.88,132.58,132.81,9684.0,1753174200.0,2025-07-22 14:20:00+05:30
132.77,132.84,132.63,132.83,11104.0,1753174500.0,2025-07-22 14:25:00+05:30
132.87,132.98,132.85,132.85,1268.0,1753174800.0,2025-07-22 14:30:00+05:30
132.85,133.19,132.69,133.04,3123.0,1753175100.0,2025-07-22 14:35:00+05:30
132.95,133.01,132.8,132.88,2605.0,1753175400.0,2025-07-22 14:40:00+05:30
132.76,133.16,132.76,133.0,5238.0,1753175700.0,2025-07-22 14:45:00+05:30
133.19,133.34,133.19,133.21,3658.0,1753176000.0,2025-07-22 14:50:00+05:30
133.33,133.5,133.2,133.41,5236.0,1753176300.0,2025-07-22 14:55:00+05:30
133.42,133.46,133.3,133.3,1575.0,1753176600.0,2025-07-22 15:00:00+05:30
133.15,133.35,133.05,133.2,8639.0,1753176900.0,2025-07-22 15:05:00+05:30
133.2,133.38,132.82,133.06,7307.0,1753177200.0,2025-07-22 15:10:00+05:30
132.89,133.38,132.89,133.29,8788.0,1753177500.0,2025-07-22 15:15:00+05:30
133.37,133.37,132.81,132.81,11531.0,1753177800.0,2025-07-22 15:20:00+05:30
132.89,133.0,132.25,132.95,10373.0,1753178100.0,2025-07-22 15:25:00+05:30
133.69,133.89,132.81,133.27,7085.0,1753242300.0,2025-07-23 09:15:00+05:30
133.27,133.39,132.64,132.65,3729.0,1753242600.0,2025-07-23 09:20:00+05:30
132.65,133.04,132.51,132.96,5443.0,1753242900.0,2025-07-23 09:25:00+05:30
133.06,133.2,132.65,132.9,1883.0,1753243200.0,2025-07-23 09:30:00+05:30
132.85,132.87,132.41,132.41,2045.0,1753243500.0,2025-07-23 09:35:00+05:30
132.5,132.5,132.21,132.45,2553.0,1753243800.0,2025-07-23 09:40:00+05:30
132.45,132.45,132.28,132.44,4191.0,1753244100.0,2025-07-23 09:45:00+05:30
132.54,132.61,132.3,132.31,2030.0,1753244400.0,2025-07-23 09:50:00+05:30
132.31,132.42,132.11,132.11,4584.0,1753244700.0,2025-07-23 09:55:00+05:30
132.3,132.3,131.69,131.83,2972.0,1753245000.0,2025-07-23 10:00:00+05:30
131.76,131.76,131.35,131.5,1642.0,1753245300.0,2025-07-23 10:05:00+05:30
131.5,131.86,131.35,131.79,2163.0,1753245600.0,2025-07-23 10:10:00+05:30
131.84,131.84,131.0,131.28,12614.0,1753245900.0,2025-07-23 10:15:00+05:30
131.49,131.62,131.28,131.32,1589.0,1753246200.0,2025-07-23 10:20:00+05:30
131.25,131.25,130.06,130.7,19545.0,1753246500.0,2025-07-23 10:25:00+05:30
130.7,130.7,130.5,130.65,2690.0,1753246800.0,2025-07-23 10:30:00+05:30
130.66,130.95,130.66,130.95,6634.0,1753247100.0,2025-07-23 10:35:00+05:30
130.9,130.98,130.87,130.95,2157.0,1753247400.0,2025-07-23 10:40:00+05:30
130.95,130.99,130.65,130.99,21601.0,1753247700.0,2025-07-23 10:45:00+05:30
130.99,131.16,130.98,131.16,971.0,1753248000.0,2025-07-23 10:50:00+05:30
131.18,131.22,131.0,131.13,1811.0,1753248300.0,2025-07-23 10:55:00+05:30
131.16,131.5,131.14,131.25,4240.0,1753248600.0,2025-07-23 11:00:00+05:30
131.6,131.6,131.42,131.58,3345.0,1753248900.0,2025-07-23 11:05:00+05:30
131.48,131.62,131.45,131.62,427.0,1753249200.0,2025-07-23 11:10:00+05:30
131.62,131.71,131.6,131.64,106.0,1753249500.0,2025-07-23 11:15:00+05:30
131.51,131.6,131.51,131.6,163.0,1753249800.0,2025-07-23 11:20:00+05:30
131.6,131.82,131.47,131.7,1794.0,1753250100.0,2025-07-23 11:25:00+05:30
131.62,131.67,131.55,131.55,728.0,1753250400.0,2025-07-23 11:30:00+05:30
131.55,131.56,131.21,131.21,979.0,1753250700.0,2025-07-23 11:35:00+05:30
131.44,131.58,131.44,131.5,366.0,1753251000.0,2025-07-23 11:40:00+05:30
131.5,131.79,131.4,131.6,1504.0,1753251300.0,2025-07-23 11:45:00+05:30
131.55,131.72,131.5,131.57,1785.0,1753251600.0,2025-07-23 11:50:00+05:30
131.53,131.77,131.53,131.77,451.0,1753251900.0,2025-07-23 11:55:00+05:30
131.77,131.77,131.59,131.68,354.0,1753252200.0,2025-07-23 12:00:00+05:30
131.68,131.74,131.54,131.73,787.0,1753252500.0,2025-07-23 12:05:00+05:30
131.67,131.7,131.6,131.6,2352.0,1753252800.0,2025-07-23 12:10:00+05:30
131.6,131.6,131.53,131.6,200.0,1753253100.0,2025-07-23 12:15:00+05:30
131.53,131.6,131.5,131.5,136.0,1753253400.0,2025-07-23 12:20:00+05:30
131.5,131.6,131.5,131.6,103.0,1753253700.0,2025-07-23 12:25:00+05:30
131.6,131.7,131.6,131.7,583.0,1753254000.0,2025-07-23 12:30:00+05:30
131.7,131.8,131.7,131.8,634.0,1753254300.0,2025-07-23 12:35:00+05:30
131.8,131.8,131.58,131.58,646.0,1753254600.0,2025-07-23 12:40:00+05:30
131.75,131.75,131.65,131.74,225.0,1753254900.0,2025-07-23 12:45:00+05:30
131.73,131.74,131.73,131.74,714.0,1753255200.0,2025-07-23 12:50:00+05:30
131.74,131.74,131.65,131.66,35.0,1753255500.0,2025-07-23 12:55:00+05:30
131.66,131.75,131.66,131.75,228.0,1753255800.0,2025-07-23 13:00:00+05:30
131.79,131.85,131.79,131.8,370.0,1753256100.0,2025-07-23 13:05:00+05:30
131.85,131.85,131.66,131.83,1555.0,1753256400.0,2025-07-23 13:10:00+05:30
131.78,131.82,131.67,131.67,969.0,1753256700.0,2025-07-23 13:15:00+05:30
131.73,131.8,131.67,131.8,182.0,1753257000.0,2025-07-23 13:20:00+05:30
131.8,131.81,131.69,131.81,681.0,1753257300.0,2025-07-23 13:25:00+05:30
131.8,131.81,131.6,131.61,2808.0,1753257600.0,2025-07-23 13:30:00+05:30
131.58,131.58,131.13,131.13,949.0,1753257900.0,2025-07-23 13:35:00+05:30
131.13,131.21,130.95,131.09,11535.0,1753258200.0,2025-07-23 13:40:00+05:30
131.0,131.24,130.86,131.24,4984.0,1753258500.0,2025-07-23 13:45:00+05:30
131.24,131.24,131.0,131.09,336.0,1753258800.0,2025-07-23 13:50:00+05:30
131.0,131.1,131.0,131.0,559.0,1753259100.0,2025-07-23 13:55:00+05:30
131.0,131.13,130.94,131.05,972.0,1753259400.0,2025-07-23 14:00:00+05:30
131.05,131.18,130.88,130.88,3410.0,1753259700.0,2025-07-23 14:05:00+05:30
130.88,130.88,130.6,130.73,2202.0,1753260000.0,2025-07-23 14:10:00+05:30
130.72,130.72,130.1,130.1,20632.0,1753260300.0,2025-07-23 14:15:00+05:30
130.1,130.4,130.0,130.4,6364.0,1753260600.0,2025-07-23 14:20:00+05:30
130.39,130.48,130.31,130.4,3256.0,1753260900.0,2025-07-23 14:25:00+05:30
130.4,130.4,130.33,130.33,2218.0,1753261200.0,2025-07-23 14:30:00+05:30
130.3,130.32,130.14,130.15,2748.0,1753261500.0,2025-07-23 14:35:00+05:30
130.15,130.35,130.15,130.31,2642.0,1753261800.0,2025-07-23 14:40:00+05:30
130.32,130.33,130.26,130.3,819.0,1753262100.0,2025-07-23 14:45:00+05:30
130.3,130.59,130.3,130.59,4746.0,1753262400.0,2025-07-23 14:50:00+05:30
130.59,130.69,130.5,130.52,2269.0,1753262700.0,2025-07-23 14:55:00+05:30
130.62,130.62,130.29,130.55,3378.0,1753263000.0,2025-07-23 15:00:00+05:30
130.66,130.7,130.43,130.64,3207.0,1753263300.0,2025-07-23 15:05:00+05:30
130.61,130.63,130.13,130.13,1031008.0,1753263600.0,2025-07-23 15:10:00+05:30
130.27,130.85,130.07,130.45,20561.0,1753263900.0,2025-07-23 15:15:00+05:30
130.41,132.5,130.4,131.39,28467.0,1753264200.0,2025-07-23 15:20:00+05:30
131.66,132.48,129.8,130.0,71468.0,1753264500.0,2025-07-23 15:25:00+05:30
130.9,131.69,130.41,131.5,16422.0,1753328700.0,2025-07-24 09:15:00+05:30
131.33,132.32,131.1,131.22,23220.0,1753329000.0,2025-07-24 09:20:00+05:30
131.15,131.4,131.0,131.1,1955.0,1753329300.0,2025-07-24 09:25:00+05:30
131.15,132.5,131.15,132.47,16150.0,1753329600.0,2025-07-24 09:30:00+05:30
132.43,132.88,131.82,132.87,10149.0,1753329900.0,2025-07-24 09:35:00+05:30
132.8,133.29,132.42,133.09,11986.0,1753330200.0,2025-07-24 09:40:00+05:30
133.21,133.49,132.83,132.98,11862.0,1753330500.0,2025-07-24 09:45:00+05:30
132.87,132.87,132.42,132.6,4597.0,1753330800.0,2025-07-24 09:50:00+05:30
132.46,132.61,132.25,132.44,1237.0,1753331100.0,2025-07-24 09:55:00+05:30
132.6,132.6,132.13,132.4,3735.0,1753331400.0,2025-07-24 10:00:00+05:30
132.48,132.55,132.42,132.42,1041.0,1753331700.0,2025-07-24 10:05:00+05:30
132.42,132.54,132.08,132.48,896.0,1753332000.0,2025-07-24 10:10:00+05:30
132.48,132.5,132.42,132.49,526.0,1753332300.0,2025-07-24 10:15:00+05:30
132.5,132.65,132.5,132.54,813.0,1753332600.0,2025-07-24 10:20:00+05:30
132.62,132.87,132.54,132.69,1641.0,1753332900.0,2025-07-24 10:25:00+05:30
132.75,132.95,132.5,132.9,10651.0,1753333200.0,2025-07-24 10:30:00+05:30
132.9,133.0,132.68,132.89,3356.0,1753333500.0,2025-07-24 10:35:00+05:30
132.89,133.0,132.72,132.84,2130.0,1753333800.0,2025-07-24 10:40:00+05:30
132.82,132.84,132.62,132.62,601.0,1753334100.0,2025-07-24 10:45:00+05:30
132.73,132.78,132.62,132.72,911.0,1753334400.0,2025-07-24 10:50:00+05:30
132.64,132.64,132.49,132.57,487.0,1753334700.0,2025-07-24 10:55:00+05:30
132.53,132.68,132.49,132.61,1222.0,1753335000.0,2025-07-24 11:00:00+05:30
132.61,132.7,132.53,132.7,1626.0,1753335300.0,2025-07-24 11:05:00+05:30
132.7,132.7,132.53,132.63,1215.0,1753335600.0,2025-07-24 11:10:00+05:30
132.61,132.61,132.37,132.37,1523.0,1753335900.0,2025-07-24 11:15:00+05:30
132.21,132.25,132.0,132.0,956.0,1753336200.0,2025-07-24 11:20:00+05:30
132.0,132.69,132.0,132.48,2942.0,1753336500.0,2025-07-24 11:25:00+05:30
132.59,132.59,132.29,132.29,158.0,1753336800.0,2025-07-24 11:30:00+05:30
132.4,132.42,132.21,132.39,783.0,1753337100.0,2025-07-24 11:35:00+05:30
132.48,132.56,132.22,132.22,522.0,1753337400.0,2025-07-24 11:40:00+05:30
132.25,132.68,132.25,132.68,2703.0,1753337700.0,2025-07-24 11:45:00+05:30
132.62,132.62,132.32,132.32,1519.0,1753338000.0,2025-07-24 11:50:00+05:30
132.56,132.56,132.33,132.5,629.0,1753338300.0,2025-07-24 11:55:00+05:30
132.39,132.49,132.09,132.12,1359.0,1753338600.0,2025-07-24 12:00:00+05:30
132.1,132.1,131.8,131.8,1538.0,1753338900.0,2025-07-24 12:05:00+05:30
131.75,132.28,131.57,132.24,3899.0,1753339200.0,2025-07-24 12:10:00+05:30
132.5,132.5,132.16,132.16,2760.0,1753339500.0,2025-07-24 12:15:00+05:30
132.33,132.38,132.14,132.14,829.0,1753339800.0,2025-07-24 12:20:00+05:30
132.05,132.35,132.05,132.35,628.0,1753340100.0,2025-07-24 12:25:00+05:30
132.3,132.3,132.01,132.29,1897.0,1753340400.0,2025-07-24 12:30:00+05:30
132.29,132.34,132.09,132.09,340.0,1753340700.0,2025-07-24 12:35:00+05:30
132.09,132.16,132.09,132.16,116.0,1753341000.0,2025-07-24 12:40:00+05:30
132.16,132.19,132.11,132.13,285.0,1753341300.0,2025-07-24 12:45:00+05:30
132.13,132.13,132.0,132.0,235.0,1753341600.0,2025-07-24 12:50:00+05:30
132.02,132.13,132.0,132.1,256.0,1753341900.0,2025-07-24 12:55:00+05:30
132.1,132.1,132.05,132.05,3.0,1753342200.0,2025-07-24 13:00:00+05:30
132.05,132.21,132.02,132.15,1103.0,1753342500.0,2025-07-24 13:05:00+05:30
132.14,132.14,132.14,132.14,30.0,1753342800.0,2025-07-24 13:10:00+05:30
132.01,132.14,131.86,131.86,1263.0,1753343100.0,2025-07-24 13:15:00+05:30
131.89,132.18,131.89,131.97,465.0,1753343400.0,2025-07-24 13:20:00+05:30
131.91,132.16,131.9,132.07,736.0,1753343700.0,2025-07-24 13:25:00+05:30
132.03,132.2,132.0,132.1,482.0,1753344000.0,2025-07-24 13:30:00+05:30
132.19,132.19,131.92,132.01,112.0,1753344300.0,2025-07-24 13:35:00+05:30
131.9,132.06,131.9,132.01,796.0,1753344600.0,2025-07-24 13:40:00+05:30
132.01,132.32,132.0,132.32,3013.0,1753344900.0,2025-07-24 13:45:00+05:30
132.5,132.5,132.21,132.21,3285.0,1753345200.0,2025-07-24 13:50:00+05:30
132.34,132.41,132.24,132.24,529.0,1753345500.0,2025-07-24 13:55:00+05:30
132.33,132.39,132.16,132.32,404.0,1753345800.0,2025-07-24 14:00:00+05:30
132.14,132.34,132.14,132.34,949.0,1753346100.0,2025-07-24 14:05:00+05:30
132.34,132.34,132.34,132.34,290.0,1753346400.0,2025-07-24 14:10:00+05:30
132.34,132.34,132.32,132.34,500.0,1753346700.0,2025-07-24 14:15:00+05:30
132.34,132.35,132.15,132.15,78.0,1753347000.0,2025-07-24 14:20:00+05:30
132.15,132.31,132.15,132.15,212.0,1753347300.0,2025-07-24 14:25:00+05:30
132.15,132.5,132.15,132.36,2103.0,1753347600.0,2025-07-24 14:30:00+05:30
132.3,132.57,132.19,132.33,1692.0,1753347900.0,2025-07-24 14:35:00+05:30
132.47,132.52,132.39,132.4,1292.0,1753348200.0,2025-07-24 14:40:00+05:30
132.44,132.45,132.21,132.21,3735.0,1753348500.0,2025-07-24 14:45:00+05:30
132.23,132.42,132.23,132.42,916.0,1753348800.0,2025-07-24 14:50:00+05:30
132.55,132.63,132.42,132.5,2795.0,1753349100.0,2025-07-24 14:55:00+05:30
132.61,133.1,132.36,132.41,14398.0,1753349400.0,2025-07-24 15:00:00+05:30
132.41,132.97,132.41,132.76,5497.0,1753349700.0,2025-07-24 15:05:00+05:30
132.58,132.74,132.45,132.55,3115.0,1753350000.0,2025-07-24 15:10:00+05:30
132.55,132.7,132.01,132.44,7086.0,1753350300.0,2025-07-24 15:15:00+05:30
132.5,132.78,130.0,131.3,1525424.0,1753350600.0,2025-07-24 15:20:00+05:30
131.35,132.78,131.35,132.78,20133.0,1753350900.0,2025-07-24 15:25:00+05:30
130.95,133.19,130.77,133.19,22498.0,1753415100.0,2025-07-25 09:15:00+05:30
133.19,138.99,133.19,137.97,175918.0,1753415400.0,2025-07-25 09:20:00+05:30
137.65,141.58,135.14,135.32,272269.0,1753415700.0,2025-07-25 09:25:00+05:30
135.25,136.5,135.16,135.9,69232.0,1753416000.0,2025-07-25 09:30:00+05:30
135.99,136.25,135.62,135.84,35327.0,1753416300.0,2025-07-25 09:35:00+05:30
135.96,135.96,134.7,134.86,45057.0,1753416600.0,2025-07-25 09:40:00+05:30
134.92,136.7,134.51,136.7,43285.0,1753416900.0,2025-07-25 09:45:00+05:30
136.7,137.5,134.66,135.12,68882.0,1753417200.0,2025-07-25 09:50:00+05:30
134.89,135.06,134.75,135.03,7454.0,1753417500.0,2025-07-25 09:55:00+05:30
135.2,135.83,135.0,135.0,12939.0,1753417800.0,2025-07-25 10:00:00+05:30
135.0,135.86,134.81,135.59,9302.0,1753418100.0,2025-07-25 10:05:00+05:30
135.75,135.87,135.08,135.1,6186.0,1753418400.0,2025-07-25 10:10:00+05:30
135.11,135.5,135.05,135.4,12292.0,1753418700.0,2025-07-25 10:15:00+05:30
135.18,135.3,134.89,134.89,7781.0,1753419000.0,2025-07-25 10:20:00+05:30
135.09,135.1,133.9,134.14,33440.0,1753419300.0,2025-07-25 10:25:00+05:30
134.37,135.01,134.26,134.62,8172.0,1753419600.0,2025-07-25 10:30:00+05:30
134.52,135.0,134.18,134.63,7368.0,1753419900.0,2025-07-25 10:35:00+05:30
134.54,135.3,134.28,135.3,40206.0,1753420200.0,2025-07-25 10:40:00+05:30
135.58,136.27,135.17,136.24,22048.0,1753420500.0,2025-07-25 10:45:00+05:30
136.2,137.1,135.5,135.65,31281.0,1753420800.0,2025-07-25 10:50:00+05:30
135.65,135.65,135.11,135.22,17102.0,1753421100.0,2025-07-25 10:55:00+05:30
135.38,135.5,135.12,135.25,8011.0,1753421400.0,2025-07-25 11:00:00+05:30
135.35,135.41,135.0,135.19,12906.0,1753421700.0,2025-07-25 11:05:00+05:30
135.32,135.47,135.1,135.3,5002.0,1753422000.0,2025-07-25 11:10:00+05:30
135.3,135.41,135.0,135.17,11009.0,1753422300.0,2025-07-25 11:15:00+05:30
135.16,135.47,135.01,135.34,7445.0,1753422600.0,2025-07-25 11:20:00+05:30
135.51,135.57,135.18,135.33,14590.0,1753422900.0,2025-07-25 11:25:00+05:30
135.33,135.5,135.15,135.4,5560.0,1753423200.0,2025-07-25 11:30:00+05:30
135.18,135.32,135.0,135.0,10921.0,1753423500.0,2025-07-25 11:35:00+05:30
135.1,135.19,135.0,135.11,2010.0,1753423800.0,2025-07-25 11:40:00+05:30
135.11,135.22,135.0,135.06,3631.0,1753424100.0,2025-07-25 11:45:00+05:30
135.0,135.15,135.0,135.0,4337.0,1753424400.0,2025-07-25 11:50:00+05:30
135.0,135.1,135.0,135.1,1450.0,1753424700.0,2025-07-25 11:55:00+05:30
135.01,135.11,135.0,135.08,9045.0,1753425000.0,2025-07-25 12:00:00+05:30
135.08,135.08,135.0,135.0,45972.0,1753425300.0,2025-07-25 12:05:00+05:30
135.0,135.15,135.0,135.15,702.0,1753425600.0,2025-07-25 12:10:00+05:30
135.14,135.15,135.05,135.13,1940.0,1753425900.0,2025-07-25 12:15:00+05:30
135.18,135.48,135.0,135.22,12677.0,1753426200.0,2025-07-25 12:20:00+05:30
135.21,135.27,135.05,135.19,319.0,1753426500.0,2025-07-25 12:25:00+05:30
135.19,136.94,135.14,136.6,29107.0,1753426800.0,2025-07-25 12:30:00+05:30
136.6,136.6,136.03,136.09,9423.0,1753427100.0,2025-07-25 12:35:00+05:30
136.09,136.18,135.79,135.93,11155.0,1753427400.0,2025-07-25 12:40:00+05:30
135.93,136.27,135.71,136.27,12765.0,1753427700.0,2025-07-25 12:45:00+05:30
136.28,136.7,136.07,136.5,13962.0,1753428000.0,2025-07-25 12:50:00+05:30
136.62,136.98,136.2,136.64,18423.0,1753428300.0,2025-07-25 12:55:00+05:30
136.71,136.99,136.2,136.25,13227.0,1753428600.0,2025-07-25 13:00:00+05:30
136.58,136.95,136.33,136.86,24305.0,1753428900.0,2025-07-25 13:05:00+05:30
136.95,139.69,136.95,139.3,151055.0,1753429200.0,2025-07-25 13:10:00+05:30
139.35,139.42,137.01,137.31,98649.0,1753429500.0,2025-07-25 13:15:00+05:30
137.24,137.67,135.45,135.74,88276.0,1753429800.0,2025-07-25 13:20:00+05:30
135.87,136.15,135.25,135.36,29330.0,1753430100.0,2025-07-25 13:25:00+05:30
135.45,135.99,135.45,135.7,11743.0,1753430400.0,2025-07-25 13:30:00+05:30
135.62,136.29,135.05,135.09,39099.0,1753430700.0,2025-07-25 13:35:00+05:30
135.08,135.38,134.8,135.33,54370.0,1753431000.0,2025-07-25 13:40:00+05:30
135.2,135.65,135.2,135.46,5836.0,1753431300.0,2025-07-25 13:45:00+05:30
135.46,136.17,135.46,135.83,22854.0,1753431600.0,2025-07-25 13:50:00+05:30
135.86,135.86,135.51,135.54,3876.0,1753431900.0,2025-07-25 13:55:00+05:30
135.54,135.66,135.5,135.51,2968.0,1753432200.0,2025-07-25 14:00:00+05:30
135.51,135.53,135.0,135.25,6897.0,1753432500.0,2025-07-25 14:05:00+05:30
135.38,135.38,135.05,135.06,2690.0,1753432800.0,2025-07-25 14:10:00+05:30
135.07,135.26,135.06,135.09,4178.0,1753433100.0,2025-07-25 14:15:00+05:30
135.18,135.33,135.08,135.08,826.0,1753433400.0,2025-07-25 14:20:00+05:30
135.08,135.15,134.25,134.37,30650.0,1753433700.0,2025-07-25 14:25:00+05:30
134.38,135.0,134.38,135.0,12258.0,1753434000.0,2025-07-25 14:30:00+05:30
134.96,134.96,133.8,133.8,30723.0,1753434300.0,2025-07-25 14:35:00+05:30
133.84,134.18,133.72,134.17,10478.0,1753434600.0,2025-07-25 14:40:00+05:30
134.39,134.39,133.6,133.8,12199.0,1753434900.0,2025-07-25 14:45:00+05:30
133.8,133.8,133.55,133.77,6851.0,1753435200.0,2025-07-25 14:50:00+05:30
133.8,134.0,133.74,133.8,17029.0,1753435500.0,2025-07-25 14:55:00+05:30
133.7,134.19,133.15,134.03,21452.0,1753435800.0,2025-07-25 15:00:00+05:30
134.13,134.41,134.01,134.28,14173.0,1753436100.0,2025-07-25 15:05:00+05:30
134.15,134.15,133.35,133.46,12528.0,1753436400.0,2025-07-25 15:10:00+05:30
133.46,133.68,132.55,132.85,34016.0,1753436700.0,2025-07-25 15:15:00+05:30
132.9,133.0,132.55,132.85,34091.0,1753437000.0,2025-07-25 15:20:00+05:30
132.85,132.99,132.1,132.99,33738.0,1753437300.0,2025-07-25 15:25:00+05:30
133.35,134.0,130.05,131.58,41481.0,1753674300.0,2025-07-28 09:15:00+05:30
131.58,131.7,130.11,130.31,16450.0,1753674600.0,2025-07-28 09:20:00+05:30
130.49,131.45,130.37,131.16,7294.0,1753674900.0,2025-07-28 09:25:00+05:30
131.19,131.99,131.17,131.85,13056.0,1753675200.0,2025-07-28 09:30:00+05:30
131.67,132.33,131.5,132.09,5715.0,1753675500.0,2025-07-28 09:35:00+05:30
132.06,132.08,131.51,131.78,5662.0,1753675800.0,2025-07-28 09:40:00+05:30
131.85,132.03,131.7,131.97,3939.0,1753676100.0,2025-07-28 09:45:00+05:30
131.86,132.49,131.64,132.39,7024.0,1753676400.0,2025-07-28 09:50:00+05:30
132.39,132.39,131.51,131.63,3621.0,1753676700.0,2025-07-28 09:55:00+05:30
131.75,132.01,131.63,131.77,3471.0,1753677000.0,2025-07-28 10:00:00+05:30
131.66,131.94,131.63,131.73,1238.0,1753677300.0,2025-07-28 10:05:00+05:30
131.74,131.92,131.4,131.4,2895.0,1753677600.0,2025-07-28 10:10:00+05:30
131.4,131.68,131.4,131.59,4277.0,1753677900.0,2025-07-28 10:15:00+05:30
131.44,131.72,131.2,131.27,6105.0,1753678200.0,2025-07-28 10:20:00+05:30
131.24,131.5,131.05,131.34,2120.0,1753678500.0,2025-07-28 10:25:00+05:30
131.46,131.5,131.3,131.34,758.0,1753678800.0,2025-07-28 10:30:00+05:30
131.46,131.46,131.0,131.01,6663.0,1753679100.0,2025-07-28 10:35:00+05:30
130.94,131.21,130.94,131.09,4212.0,1753679400.0,2025-07-28 10:40:00+05:30
131.01,131.18,130.53,130.73,4336.0,1753679700.0,2025-07-28 10:45:00+05:30
130.74,130.9,130.62,130.75,4300.0,1753680000.0,2025-07-28 10:50:00+05:30
130.85,131.01,130.68,130.84,3593.0,1753680300.0,2025-07-28 10:55:00+05:30
130.78,130.9,130.5,130.52,1425.0,1753680600.0,2025-07-28 11:00:00+05:30
130.64,130.64,130.21,130.31,5669.0,1753680900.0,2025-07-28 11:05:00+05:30
130.32,130.49,130.29,130.41,5060.0,1753681200.0,2025-07-28 11:10:00+05:30
130.44,130.61,130.25,130.31,5253.0,1753681500.0,2025-07-28 11:15:00+05:30
130.44,130.51,130.3,130.46,1167.0,1753681800.0,2025-07-28 11:20:00+05:30
130.35,130.46,130.2,130.2,1623.0,1753682100.0,2025-07-28 11:25:00+05:30
130.23,130.51,130.12,130.51,6890.0,1753682400.0,2025-07-28 11:30:00+05:30
130.4,130.59,130.38,130.38,2259.0,1753682700.0,2025-07-28 11:35:00+05:30
130.33,130.33,130.11,130.2,6010.0,1753683000.0,2025-07-28 11:40:00+05:30
130.31,130.31,130.0,130.1,7873.0,1753683300.0,2025-07-28 11:45:00+05:30
130.1,130.26,130.0,130.12,5078.0,1753683600.0,2025-07-28 11:50:00+05:30
129.9,130.13,129.89,130.01,11719.0,1753683900.0,2025-07-28 11:55:00+05:30
130.23,130.23,130.0,130.1,2909.0,1753684200.0,2025-07-28 12:00:00+05:30
130.1,130.1,129.95,130.01,2981.0,1753684500.0,2025-07-28 12:05:00+05:30
130.0,130.0,129.83,129.95,327.0,1753684800.0,2025-07-28 12:10:00+05:30
129.95,129.98,129.94,129.98,792.0,1753685100.0,2025-07-28 12:15:00+05:30
129.87,129.92,129.51,129.56,5611.0,1753685400.0,2025-07-28 12:20:00+05:30
129.57,129.81,129.56,129.81,2527.0,1753685700.0,2025-07-28 12:25:00+05:30
129.89,130.1,129.87,130.1,2060.0,1753686000.0,2025-07-28 12:30:00+05:30
130.0,130.23,129.9,129.99,6474.0,1753686300.0,2025-07-28 12:35:00+05:30
129.9,130.02,129.87,130.0,728.0,1753686600.0,2025-07-28 12:40:00+05:30
129.99,129.99,129.6,129.68,1858.0,1753686900.0,2025-07-28 12:45:00+05:30
129.68,129.82,129.68,129.68,469.0,1753687200.0,2025-07-28 12:50:00+05:30
129.74,129.85,129.74,129.79,6928.0,1753687500.0,2025-07-28 12:55:00+05:30
129.68,129.81,129.68,129.81,549.0,1753687800.0,2025-07-28 13:00:00+05:30
129.6,129.93,129.6,129.92,2312.0,1753688100.0,2025-07-28 13:05:00+05:30
129.92,129.94,129.7,129.84,669.0,1753688400.0,2025-07-28 13:10:00+05:30
129.89,129.89,129.31,129.35,4072.0,1753688700.0,2025-07-28 13:15:00+05:30
129.34,129.9,129.2,129.85,1992.0,1753689000.0,2025-07-28 13:20:00+05:30
129.82,129.82,129.4,129.64,1756.0,1753689300.0,2025-07-28 13:25:00+05:30
129.64,129.67,129.41,129.54,338.0,1753689600.0,2025-07-28 13:30:00+05:30
129.54,129.68,129.39,129.67,1946.0,1753689900.0,2025-07-28 13:35:00+05:30
129.53,129.68,129.52,129.68,360.0,1753690200.0,2025-07-28 13:40:00+05:30
129.5,129.68,129.4,129.68,519.0,1753690500.0,2025-07-28 13:45:00+05:30
129.65,129.73,129.5,129.73,1370.0,1753690800.0,2025-07-28 13:50:00+05:30
129.7,129.9,129.5,129.66,1769.0,1753691100.0,2025-07-28 13:55:00+05:30
129.65,129.65,129.26,129.53,5338.0,1753691400.0,2025-07-28 14:00:00+05:30
129.67,129.67,129.28,129.41,3276.0,1753691700.0,2025-07-28 14:05:00+05:30
129.46,129.77,129.35,129.6,2241.0,1753692000.0,2025-07-28 14:10:00+05:30
129.8,129.85,129.2,129.29,5367.0,1753692300.0,2025-07-28 14:15:00+05:30
129.39,129.68,129.22,129.68,3907.0,1753692600.0,2025-07-28 14:20:00+05:30
129.68,129.76,129.31,129.43,1641.0,1753692900.0,2025-07-28 14:25:00+05:30
129.44,129.71,129.41,129.69,5973.0,1753693200.0,2025-07-28 14:30:00+05:30
129.7,130.03,129.62,129.81,8556.0,1753693500.0,2025-07-28 14:35:00+05:30
129.82,129.95,129.79,129.81,6573.0,1753693800.0,2025-07-28 14:40:00+05:30
129.81,129.91,129.8,129.91,1075.0,1753694100.0,2025-07-28 14:45:00+05:30
129.91,129.99,129.8,129.98,4682.0,1753694400.0,2025-07-28 14:50:00+05:30
129.99,130.15,129.84,129.95,2690.0,1753694700.0,2025-07-28 14:55:00+05:30
129.9,129.95,129.57,129.81,4771.0,1753695000.0,2025-07-28 15:00:00+05:30
129.94,132.38,129.91,132.32,22189.0,1753695300.0,2025-07-28 15:05:00+05:30
132.31,132.31,130.12,130.4,16113.0,1753695600.0,2025-07-28 15:10:00+05:30
130.27,130.4,129.5,129.68,10688.0,1753695900.0,2025-07-28 15:15:00+05:30
129.88,130.31,129.67,130.1,9733.0,1753696200.0,2025-07-28 15:20:00+05:30
130.29,130.8,130.11,130.65,8138.0,1753696500.0,2025-07-28 15:25:00+05:30
130.28,132.6,128.0,129.57,19682.0,1753760700.0,2025-07-29 09:15:00+05:30
129.55,129.68,128.4,128.75,6613.0,1753761000.0,2025-07-29 09:20:00+05:30
129.02,129.5,128.88,129.5,5374.0,1753761300.0,2025-07-29 09:25:00+05:30
129.5,129.86,129.38,129.63,2988.0,1753761600.0,2025-07-29 09:30:00+05:30
129.81,130.5,129.73,130.15,4671.0,1753761900.0,2025-07-29 09:35:00+05:30
130.18,130.28,129.82,129.98,8118.0,1753762200.0,2025-07-29 09:40:00+05:30
129.98,130.3,129.86,129.86,2266.0,1753762500.0,2025-07-29 09:45:00+05:30
129.99,130.25,129.92,130.01,3525.0,1753762800.0,2025-07-29 09:50:00+05:30
130.01,130.31,129.8,130.0,2252.0,1753763100.0,2025-07-29 09:55:00+05:30
129.89,130.68,129.89,130.35,10278.0,1753763400.0,2025-07-29 10:00:00+05:30
130.32,130.47,130.2,130.33,636.0,1753763700.0,2025-07-29 10:05:00+05:30
130.19,130.29,129.76,129.76,2177.0,1753764000.0,2025-07-29 10:10:00+05:30
129.83,130.13,129.75,129.79,2603.0,1753764300.0,2025-07-29 10:15:00+05:30
129.94,130.15,129.78,129.84,2719.0,1753764600.0,2025-07-29 10:20:00+05:30
129.84,129.95,129.4,129.4,4374.0,1753764900.0,2025-07-29 10:25:00+05:30
129.39,129.52,129.25,129.25,880.0,1753765200.0,2025-07-29 10:30:00+05:30
129.25,129.37,129.0,129.14,3931.0,1753765500.0,2025-07-29 10:35:00+05:30
129.19,129.26,129.05,129.19,1156.0,1753765800.0,2025-07-29 10:40:00+05:30
129.13,129.13,128.73,128.81,3363.0,1753766100.0,2025-07-29 10:45:00+05:30
128.93,129.29,128.93,129.29,816.0,1753766400.0,2025-07-29 10:50:00+05:30
129.29,129.29,129.07,129.2,163.0,1753766700.0,2025-07-29 10:55:00+05:30
129.11,129.3,129.06,129.06,886.0,1753767000.0,2025-07-29 11:00:00+05:30
129.06,129.18,128.92,129.1,1845.0,1753767300.0,2025-07-29 11:05:00+05:30
129.04,129.07,128.77,128.8,2179.0,1753767600.0,2025-07-29 11:10:00+05:30
128.9,129.44,128.9,129.43,6344.0,1753767900.0,2025-07-29 11:15:00+05:30
129.43,129.43,129.21,129.36,1055.0,1753768200.0,2025-07-29 11:20:00+05:30
129.36,129.54,129.36,129.37,454.0,1753768500.0,2025-07-29 11:25:00+05:30
129.37,129.55,129.1,129.53,1295.0,1753768800.0,2025-07-29 11:30:00+05:30
129.52,129.52,129.29,129.41,496.0,1753769100.0,2025-07-29 11:35:00+05:30
129.47,129.47,129.26,129.3,656.0,1753769400.0,2025-07-29 11:40:00+05:30
129.17,129.35,129.1,129.35,277.0,1753769700.0,2025-07-29 11:45:00+05:30
129.35,129.76,129.35,129.76,1676.0,1753770000.0,2025-07-29 11:50:00+05:30
129.56,129.7,129.56,129.58,408.0,1753770300.0,2025-07-29 11:55:00+05:30
129.76,129.91,129.76,129.91,2063.0,1753770600.0,2025-07-29 12:00:00+05:30
129.78,129.93,129.73,129.92,1203.0,1753770900.0,2025-07-29 12:05:00+05:30
129.93,130.16,129.78,129.8,2968.0,1753771200.0,2025-07-29 12:10:00+05:30
129.8,129.8,129.61,129.68,559.0,1753771500.0,2025-07-29 12:15:00+05:30
129.77,129.97,129.77,129.77,694.0,1753771800.0,2025-07-29 12:20:00+05:30
129.77,129.89,129.74,129.74,415.0,1753772100.0,2025-07-29 12:25:00+05:30
129.88,129.91,129.72,129.74,567.0,1753772400.0,2025-07-29 12:30:00+05:30
129.74,129.85,129.66,129.66,413.0,1753772700.0,2025-07-29 12:35:00+05:30
129.74,129.98,129.6,129.97,1735.0,1753773000.0,2025-07-29 12:40:00+05:30
129.97,129.98,129.62,129.94,879.0,1753773300.0,2025-07-29 12:45:00+05:30
129.94,130.0,129.76,129.95,827.0,1753773600.0,2025-07-29 12:50:00+05:30
129.95,130.17,129.95,130.02,442.0,1753773900.0,2025-07-29 12:55:00+05:30
130.02,130.2,130.02,130.07,1055.0,1753774200.0,2025-07-29 13:00:00+05:30
130.0,130.25,130.0,130.25,1054.0,1753774500.0,2025-07-29 13:05:00+05:30
130.3,130.4,130.25,130.25,386.0,1753774800.0,2025-07-29 13:10:00+05:30
130.25,130.42,130.25,130.4,95.0,1753775100.0,2025-07-29 13:15:00+05:30
130.4,130.56,130.4,130.41,248.0,1753775400.0,2025-07-29 13:20:00+05:30
130.4,130.44,130.26,130.44,677.0,1753775700.0,2025-07-29 13:25:00+05:30
130.45,130.8,130.45,130.8,1952.0,1753776000.0,2025-07-29 13:30:00+05:30
130.89,130.89,130.66,130.69,3135.0,1753776300.0,2025-07-29 13:35:00+05:30
130.66,130.72,130.42,130.63,3397.0,1753776600.0,2025-07-29 13:40:00+05:30
130.5,130.77,130.48,130.77,2278.0,1753776900.0,2025-07-29 13:45:00+05:30
130.77,131.25,130.77,131.25,2105.0,1753777200.0,2025-07-29 13:50:00+05:30
131.2,131.8,131.2,131.45,6143.0,1753777500.0,2025-07-29 13:55:00+05:30
131.65,131.96,131.65,131.78,2468.0,1753777800.0,2025-07-29 14:00:00+05:30
131.78,131.99,131.52,131.86,4866.0,1753778100.0,2025-07-29 14:05:00+05:30
131.85,132.01,131.74,131.86,7236.0,1753778400.0,2025-07-29 14:10:00+05:30
131.72,132.06,131.72,131.88,4745.0,1753778700.0,2025-07-29 14:15:00+05:30
131.88,131.88,131.51,131.75,1650.0,1753779000.0,2025-07-29 14:20:00+05:30
131.75,131.85,131.6,131.85,978.0,1753779300.0,2025-07-29 14:25:00+05:30
131.79,132.0,131.79,132.0,870.0,1753779600.0,2025-07-29 14:30:00+05:30
131.99,131.99,131.65,131.68,2074.0,1753779900.0,2025-07-29 14:35:00+05:30
131.66,131.85,131.58,131.59,1153.0,1753780200.0,2025-07-29 14:40:00+05:30
131.62,131.99,131.62,131.68,6743.0,1753780500.0,2025-07-29 14:45:00+05:30
131.85,131.96,131.71,131.95,3029.0,1753780800.0,2025-07-29 14:50:00+05:30
131.97,131.97,131.66,131.66,1226.0,1753781100.0,2025-07-29 14:55:00+05:30
131.83,131.95,131.76,131.95,7680.0,1753781400.0,2025-07-29 15:00:00+05:30
131.87,132.45,131.87,132.29,5528.0,1753781700.0,2025-07-29 15:05:00+05:30
132.21,132.21,131.5,131.72,9587.0,1753782000.0,2025-07-29 15:10:00+05:30
131.71,131.96,131.53,131.8,4110.0,1753782300.0,2025-07-29 15:15:00+05:30
131.79,131.88,131.49,131.65,4132.0,1753782600.0,2025-07-29 15:20:00+05:30
131.65,132.0,131.51,132.0,4225.0,1753782900.0,2025-07-29 15:25:00+05:30
134.95,134.95,130.35,131.45,17524.0,1753847100.0,2025-07-30 09:15:00+05:30
131.45,131.51,130.61,131.34,13096.0,1753847400.0,2025-07-30 09:20:00+05:30
131.25,131.53,130.85,131.47,4151.0,1753847700.0,2025-07-30 09:25:00+05:30
131.34,131.53,129.72,130.26,55674.0,1753848000.0,2025-07-30 09:30:00+05:30
130.26,130.49,130.25,130.35,1398.0,1753848300.0,2025-07-30 09:35:00+05:30
130.35,130.35,129.38,129.41,41166.0,1753848600.0,2025-07-30 09:40:00+05:30
129.36,129.75,129.11,129.13,8076.0,1753848900.0,2025-07-30 09:45:00+05:30
129.26,129.34,128.65,128.8,10524.0,1753849200.0,2025-07-30 09:50:00+05:30
128.86,129.5,128.86,129.5,6747.0,1753849500.0,2025-07-30 09:55:00+05:30
129.5,129.92,129.5,129.85,3218.0,1753849800.0,2025-07-30 10:00:00+05:30
129.73,129.73,129.24,129.6,3233.0,1753850100.0,2025-07-30 10:05:00+05:30
129.59,129.83,129.59,129.73,963.0,1753850400.0,2025-07-30 10:10:00+05:30
129.63,129.81,129.35,129.38,8784.0,1753850700.0,2025-07-30 10:15:00+05:30
129.52,129.67,129.33,129.63,9822.0,1753851000.0,2025-07-30 10:20:00+05:30
129.81,129.81,129.53,129.53,1995.0,1753851300.0,2025-07-30 10:25:00+05:30
129.6,129.72,129.46,129.71,1209.0,1753851600.0,2025-07-30 10:30:00+05:30
129.48,129.76,129.48,129.7,1511.0,1753851900.0,2025-07-30 10:35:00+05:30
129.7,129.83,129.7,129.71,122.0,1753852200.0,2025-07-30 10:40:00+05:30
129.85,129.99,129.85,129.88,1714.0,1753852500.0,2025-07-30 10:45:00+05:30
129.96,129.99,129.89,129.98,43.0,1753852800.0,2025-07-30 10:50:00+05:30
129.88,129.95,129.78,129.94,636.0,1753853100.0,2025-07-30 10:55:00+05:30
129.81,129.94,129.73,129.89,451.0,1753853400.0,2025-07-30 11:00:00+05:30
129.89,129.89,129.77,129.77,219.0,1753853700.0,2025-07-30 11:05:00+05:30
129.77,129.87,129.64,129.64,1284.0,1753854000.0,2025-07-30 11:10:00+05:30
129.64,129.87,129.64,129.78,981.0,1753854300.0,2025-07-30 11:15:00+05:30
129.78,129.98,129.78,129.85,268.0,1753854600.0,2025-07-30 11:20:00+05:30
129.98,129.99,129.6,129.85,8057.0,1753854900.0,2025-07-30 11:25:00+05:30
129.85,129.85,129.73,129.8,246.0,1753855200.0,2025-07-30 11:30:00+05:30
129.8,129.8,129.75,129.75,56.0,1753855500.0,2025-07-30 11:35:00+05:30
129.75,129.89,129.63,129.63,3838.0,1753855800.0,2025-07-30 11:40:00+05:30
129.63,129.76,129.63,129.64,31.0,1753856100.0,2025-07-30 11:45:00+05:30
129.75,129.75,129.63,129.7,352.0,1753856400.0,2025-07-30 11:50:00+05:30
129.7,129.7,129.63,129.69,220.0,1753856700.0,2025-07-30 11:55:00+05:30
129.69,129.69,129.22,129.36,1380.0,1753857000.0,2025-07-30 12:00:00+05:30
129.36,129.45,129.24,129.45,1227.0,1753857300.0,2025-07-30 12:05:00+05:30
129.44,129.48,129.19,129.19,2166.0,1753857600.0,2025-07-30 12:10:00+05:30
129.25,129.48,129.1,129.48,3136.0,1753857900.0,2025-07-30 12:15:00+05:30
129.49,129.49,128.91,129.18,7482.0,1753858200.0,2025-07-30 12:20:00+05:30
129.14,129.23,129.1,129.23,622.0,1753858500.0,2025-07-30 12:25:00+05:30
129.23,129.35,129.23,129.31,1694.0,1753858800.0,2025-07-30 12:30:00+05:30
129.35,129.35,129.07,129.12,1267.0,1753859100.0,2025-07-30 12:35:00+05:30
129.16,129.27,129.03,129.07,516.0,1753859400.0,2025-07-30 12:40:00+05:30
129.26,129.26,129.07,129.17,282.0,1753859700.0,2025-07-30 12:45:00+05:30
128.92,129.14,128.8,129.14,11055.0,1753860000.0,2025-07-30 12:50:00+05:30
129.19,129.22,129.16,129.22,546.0,1753860300.0,2025-07-30 12:55:00+05:30
129.22,129.25,129.19,129.21,1124.0,1753860600.0,2025-07-30 13:00:00+05:30
129.26,129.26,129.0,129.15,1376.0,1753860900.0,2025-07-30 13:05:00+05:30
129.0,129.12,129.0,129.12,779.0,1753861200.0,2025-07-30 13:10:00+05:30
129.15,129.2,129.15,129.2,1500.0,1753861500.0,2025-07-30 13:15:00+05:30
129.0,129.15,128.93,129.11,2214.0,1753861800.0,2025-07-30 13:20:00+05:30
129.14,129.14,129.0,129.0,382.0,1753862100.0,2025-07-30 13:25:00+05:30
129.03,129.19,128.93,129.19,669.0,1753862400.0,2025-07-30 13:30:00+05:30
129.25,129.25,128.98,129.11,1072.0,1753862700.0,2025-07-30 13:35:00+05:30
129.11,129.16,129.02,129.16,1564.0,1753863000.0,2025-07-30 13:40:00+05:30
129.16,129.32,128.88,129.05,1939.0,1753863300.0,2025-07-30 13:45:00+05:30
129.06,129.26,129.06,129.26,106.0,1753863600.0,2025-07-30 13:50:00+05:30
129.26,129.26,129.04,129.04,762.0,1753863900.0,2025-07-30 13:55:00+05:30
129.04,129.25,129.04,129.25,930.0,1753864200.0,2025-07-30 14:00:00+05:30
129.11,129.25,129.11,129.25,394.0,1753864500.0,2025-07-30 14:05:00+05:30
129.13,129.51,129.13,129.4,1905.0,1753864800.0,2025-07-30 14:10:00+05:30
129.33,129.35,129.1,129.35,3608.0,1753865100.0,2025-07-30 14:15:00+05:30
129.35,129.35,129.28,129.28,10.0,1753865400.0,2025-07-30 14:20:00+05:30
129.39,129.4,129.29,129.32,36.0,1753865700.0,2025-07-30 14:25:00+05:30
129.25,129.51,129.24,129.36,4050.0,1753866000.0,2025-07-30 14:30:00+05:30
129.36,129.36,129.25,129.36,238.0,1753866300.0,2025-07-30 14:35:00+05:30
129.26,129.26,128.88,128.89,9271.0,1753866600.0,2025-07-30 14:40:00+05:30
128.71,130.74,128.52,130.74,236418.0,1753866900.0,2025-07-30 14:45:00+05:30
130.74,130.92,130.33,130.51,12186.0,1753867200.0,2025-07-30 14:50:00+05:30
130.51,130.51,130.1,130.2,1107.0,1753867500.0,2025-07-30 14:55:00+05:30
130.19,130.28,129.98,130.25,6110.0,1753867800.0,2025-07-30 15:00:00+05:30
130.36,130.38,130.0,130.23,6935.0,1753868100.0,2025-07-30 15:05:00+05:30
130.07,130.12,129.99,130.0,7575.0,1753868400.0,2025-07-30 15:10:00+05:30
130.05,130.17,129.91,130.17,15096.0,1753868700.0,2025-07-30 15:15:00+05:30
130.0,130.22,129.82,130.05,21231.0,1753869000.0,2025-07-30 15:20:00+05:30
130.05,131.51,129.62,131.49,17273.0,1753869300.0,2025-07-30 15:25:00+05:30
127.0,129.69,126.37,129.2,30870.0,1753933500.0,2025-07-31 09:15:00+05:30
129.01,129.23,128.48,128.85,11058.0,1753933800.0,2025-07-31 09:20:00+05:30
128.98,129.39,128.8,129.3,9602.0,1753934100.0,2025-07-31 09:25:00+05:30
129.01,129.99,128.82,129.78,4360.0,1753934400.0,2025-07-31 09:30:00+05:30
129.81,129.98,129.46,129.66,3924.0,1753934700.0,2025-07-31 09:35:00+05:30
129.89,129.91,129.55,129.86,2938.0,1753935000.0,2025-07-31 09:40:00+05:30
129.83,129.88,129.55,129.88,3396.0,1753935300.0,2025-07-31 09:45:00+05:30
129.8,130.0,129.59,129.59,1510.0,1753935600.0,2025-07-31 09:50:00+05:30
129.81,129.85,129.55,129.65,3999.0,1753935900.0,2025-07-31 09:55:00+05:30
129.65,129.73,129.48,129.7,10229.0,1753936200.0,2025-07-31 10:00:00+05:30
129.7,129.77,129.5,129.76,3714.0,1753936500.0,2025-07-31 10:05:00+05:30
129.76,129.76,129.62,129.69,77.0,1753936800.0,2025-07-31 10:10:00+05:30
129.69,129.7,129.25,129.27,2754.0,1753937100.0,2025-07-31 10:15:00+05:30
129.38,129.48,129.35,129.35,197.0,1753937400.0,2025-07-31 10:20:00+05:30
129.35,129.43,129.24,129.36,2857.0,1753937700.0,2025-07-31 10:25:00+05:30
129.17,129.39,129.17,129.3,1236.0,1753938000.0,2025-07-31 10:30:00+05:30
129.3,129.3,129.13,129.22,3879.0,1753938300.0,2025-07-31 10:35:00+05:30
129.3,129.3,129.22,129.25,76.0,1753938600.0,2025-07-31 10:40:00+05:30
129.25,129.26,129.12,129.12,371.0,1753938900.0,2025-07-31 10:45:00+05:30
129.3,129.43,129.18,129.43,1745.0,1753939200.0,2025-07-31 10:50:00+05:30
129.47,129.59,129.39,129.53,1311.0,1753939500.0,2025-07-31 10:55:00+05:30
129.54,129.67,129.34,129.67,1205.0,1753939800.0,2025-07-31 11:00:00+05:30
129.52,129.86,129.48,129.68,2321.0,1753940100.0,2025-07-31 11:05:00+05:30
129.82,129.82,129.57,129.66,5351.0,1753940400.0,2025-07-31 11:10:00+05:30
129.5,129.68,129.5,129.68,326.0,1753940700.0,2025-07-31 11:15:00+05:30
129.66,129.87,129.53,129.87,646.0,1753941000.0,2025-07-31 11:20:00+05:30
129.87,129.87,129.82,129.85,36.0,1753941300.0,2025-07-31 11:25:00+05:30
129.85,129.85,129.63,129.82,1104.0,1753941600.0,2025-07-31 11:30:00+05:30
129.84,129.84,129.84,129.84,265.0,1753941900.0,2025-07-31 11:35:00+05:30
129.84,130.0,129.84,130.0,585.0,1753942200.0,2025-07-31 11:40:00+05:30
129.98,129.98,129.78,129.9,187.0,1753942500.0,2025-07-31 11:45:00+05:30
129.9,130.0,129.79,129.85,1353.0,1753942800.0,2025-07-31 11:50:00+05:30
129.95,129.95,129.7,129.7,197.0,1753943100.0,2025-07-31 11:55:00+05:30
129.71,129.95,129.71,129.95,290.0,1753943400.0,2025-07-31 12:00:00+05:30
129.87,129.9,129.72,129.75,4836.0,1753943700.0,2025-07-31 12:05:00+05:30
129.75,129.75,129.65,129.65,453.0,1753944000.0,2025-07-31 12:10:00+05:30
129.63,130.32,129.63,130.31,3796.0,1753944300.0,2025-07-31 12:15:00+05:30
130.27,130.45,130.07,130.21,1912.0,1753944600.0,2025-07-31 12:20:00+05:30
130.32,130.32,130.1,130.1,1359.0,1753944900.0,2025-07-31 12:25:00+05:30
130.1,130.28,130.1,130.28,140.0,1753945200.0,2025-07-31 12:30:00+05:30
130.4,130.48,130.4,130.48,1368.0,1753945500.0,2025-07-31 12:35:00+05:30
130.47,130.47,130.23,130.36,745.0,1753945800.0,2025-07-31 12:40:00+05:30
130.15,130.26,130.15,130.26,289.0,1753946100.0,2025-07-31 12:45:00+05:30
130.26,130.27,130.15,130.15,1277.0,1753946400.0,2025-07-31 12:50:00+05:30
130.14,130.37,130.14,130.37,4820.0,1753946700.0,2025-07-31 12:55:00+05:30
130.32,130.38,130.1,130.21,2204.0,1753947000.0,2025-07-31 13:00:00+05:30
130.44,130.49,130.3,130.3,224.0,1753947300.0,2025-07-31 13:05:00+05:30
130.3,130.3,130.3,130.3,0.0,1753947600.0,2025-07-31 13:10:00+05:30
130.27,130.27,130.13,130.13,626.0,1753947900.0,2025-07-31 13:15:00+05:30
130.0,130.1,130.0,130.1,182.0,1753948200.0,2025-07-31 13:20:00+05:30
130.1,130.21,130.1,130.21,1657.0,1753948500.0,2025-07-31 13:25:00+05:30
130.5,130.74,130.5,130.6,699.0,1753948800.0,2025-07-31 13:30:00+05:30
130.71,130.95,130.31,130.31,6808.0,1753949100.0,2025-07-31 13:35:00+05:30
130.31,130.31,130.01,130.06,566.0,1753949400.0,2025-07-31 13:40:00+05:30
130.06,130.15,130.06,130.13,118.0,1753949700.0,2025-07-31 13:45:00+05:30
130.13,130.3,130.13,130.3,205.0,1753950000.0,2025-07-31 13:50:00+05:30
130.3,130.3,130.13,130.13,556.0,1753950300.0,2025-07-31 13:55:00+05:30
130.05,130.18,130.0,130.18,1385.0,1753950600.0,2025-07-31 14:00:00+05:30
130.18,130.28,130.18,130.28,366.0,1753950900.0,2025-07-31 14:05:00+05:30
130.28,130.7,130.19,130.7,8624.0,1753951200.0,2025-07-31 14:10:00+05:30
130.7,130.89,130.43,130.44,2087.0,1753951500.0,2025-07-31 14:15:00+05:30
130.45,130.45,130.3,130.3,302.0,1753951800.0,2025-07-31 14:20:00+05:30
130.27,130.31,130.15,130.15,246.0,1753952100.0,2025-07-31 14:25:00+05:30
130.05,130.12,129.8,130.02,3421.0,1753952400.0,2025-07-31 14:30:00+05:30
130.05,130.32,130.05,130.23,703.0,1753952700.0,2025-07-31 14:35:00+05:30
130.38,130.49,130.23,130.32,1244.0,1753953000.0,2025-07-31 14:40:00+05:30
130.29,130.52,130.12,130.41,5707.0,1753953300.0,2025-07-31 14:45:00+05:30
130.41,130.69,129.97,130.15,1343.0,1753953600.0,2025-07-31 14:50:00+05:30
130.2,130.23,130.13,130.23,3651.0,1753953900.0,2025-07-31 14:55:00+05:30
130.14,130.36,130.0,130.12,2729.0,1753954200.0,2025-07-31 15:00:00+05:30
129.9,129.9,129.43,129.65,10737.0,1753954500.0,2025-07-31 15:05:00+05:30
129.55,129.55,128.96,129.0,8453.0,1753954800.0,2025-07-31 15:10:00+05:30
128.96,129.04,128.5,128.7,8234.0,1753955100.0,2025-07-31 15:15:00+05:30
128.61,128.84,128.23,128.63,15084.0,1753955400.0,2025-07-31 15:20:00+05:30
128.48,128.9,128.12,128.8,18059.0,1753955700.0,2025-07-31 15:25:00+05:30
127.6,130.88,127.6,130.05,16083.0,1754019900.0,2025-08-01 09:15:00+05:30
129.99,130.72,129.69,129.69,6042.0,1754020200.0,2025-08-01 09:20:00+05:30
129.64,130.33,129.18,130.33,7954.0,1754020500.0,2025-08-01 09:25:00+05:30
130.33,130.7,130.18,130.7,3049.0,1754020800.0,2025-08-01 09:30:00+05:30
130.56,130.7,129.6,129.73,8007.0,1754021100.0,2025-08-01 09:35:00+05:30
129.54,130.02,129.54,129.57,1841.0,1754021400.0,2025-08-01 09:40:00+05:30
129.72,129.73,129.16,129.39,3046.0,1754021700.0,2025-08-01 09:45:00+05:30
129.39,129.66,129.36,129.51,352.0,1754022000.0,2025-08-01 09:50:00+05:30
129.36,129.38,129.15,129.29,1413.0,1754022300.0,2025-08-01 09:55:00+05:30
129.29,129.39,129.0,129.0,5744.0,1754022600.0,2025-08-01 10:00:00+05:30
129.03,129.03,128.51,128.81,1978.0,1754022900.0,2025-08-01 10:05:00+05:30
128.62,129.21,128.62,129.21,2617.0,1754023200.0,2025-08-01 10:10:00+05:30
129.19,129.24,128.82,128.94,2289.0,1754023500.0,2025-08-01 10:15:00+05:30
129.12,129.2,128.95,129.2,1105.0,1754023800.0,2025-08-01 10:20:00+05:30
129.22,129.25,129.06,129.18,1163.0,1754024100.0,2025-08-01 10:25:00+05:30
129.18,129.18,128.95,129.16,425.0,1754024400.0,2025-08-01 10:30:00+05:30
128.9,128.9,128.6,128.74,1551.0,1754024700.0,2025-08-01 10:35:00+05:30
128.7,128.7,128.51,128.51,412.0,1754025000.0,2025-08-01 10:40:00+05:30
128.51,128.69,128.51,128.67,91.0,1754025300.0,2025-08-01 10:45:00+05:30
128.65,128.67,128.51,128.65,214.0,1754025600.0,2025-08-01 10:50:00+05:30
128.65,128.8,128.65,128.7,951.0,1754025900.0,2025-08-01 10:55:00+05:30
128.7,128.78,128.7,128.78,422.0,1754026200.0,2025-08-01 11:00:00+05:30
128.66,128.78,128.4,128.4,2680.0,1754026500.0,2025-08-01 11:05:00+05:30
128.4,128.6,128.4,128.6,250.0,1754026800.0,2025-08-01 11:10:00+05:30
128.6,128.67,128.5,128.5,764.0,1754027100.0,2025-08-01 11:15:00+05:30
128.5,128.5,128.3,128.33,885.0,1754027400.0,2025-08-01 11:20:00+05:30
128.49,128.5,128.34,128.5,53.0,1754027700.0,2025-08-01 11:25:00+05:30
128.5,128.5,128.1,128.39,1130.0,1754028000.0,2025-08-01 11:30:00+05:30
128.42,128.46,128.25,128.25,403.0,1754028300.0,2025-08-01 11:35:00+05:30
128.34,128.44,128.25,128.37,1192.0,1754028600.0,2025-08-01 11:40:00+05:30
128.11,128.13,127.71,127.9,7471.0,1754028900.0,2025-08-01 11:45:00+05:30
127.9,127.9,127.74,127.9,752.0,1754029200.0,2025-08-01 11:50:00+05:30
127.93,128.07,127.8,127.82,1495.0,1754029500.0,2025-08-01 11:55:00+05:30
127.98,128.14,127.98,127.99,482.0,1754029800.0,2025-08-01 12:00:00+05:30
127.99,128.03,127.87,127.88,1600.0,1754030100.0,2025-08-01 12:05:00+05:30
128.05,128.05,127.89,128.04,27.0,1754030400.0,2025-08-01 12:10:00+05:30
128.25,128.25,127.75,127.91,4395.0,1754030700.0,2025-08-01 12:15:00+05:30
127.91,127.93,127.77,127.85,343.0,1754031000.0,2025-08-01 12:20:00+05:30
127.85,128.0,127.85,127.99,514.0,1754031300.0,2025-08-01 12:25:00+05:30
127.65,127.96,127.65,127.96,768.0,1754031600.0,2025-08-01 12:30:00+05:30
127.93,127.95,127.74,127.92,455.0,1754031900.0,2025-08-01 12:35:00+05:30
127.93,127.93,127.6,127.6,1227.0,1754032200.0,2025-08-01 12:40:00+05:30
127.6,127.78,127.57,127.57,211.0,1754032500.0,2025-08-01 12:45:00+05:30
127.69,127.69,127.53,127.53,77.0,1754032800.0,2025-08-01 12:50:00+05:30
127.54,127.89,127.54,127.6,420.0,1754033100.0,2025-08-01 12:55:00+05:30
127.74,127.74,127.56,127.59,189.0,1754033400.0,2025-08-01 13:00:00+05:30
127.59,127.84,127.59,127.84,162.0,1754033700.0,2025-08-01 13:05:00+05:30
127.91,127.93,127.72,127.92,544.0,1754034000.0,2025-08-01 13:10:00+05:30
127.92,127.94,127.8,127.94,89.0,1754034300.0,2025-08-01 13:15:00+05:30
127.96,127.96,127.73,127.85,1133.0,1754034600.0,2025-08-01 13:20:00+05:30
127.85,127.87,127.7,127.87,663.0,1754034900.0,2025-08-01 13:25:00+05:30
127.87,127.99,127.82,127.99,466.0,1754035200.0,2025-08-01 13:30:00+05:30
128.0,128.0,127.89,127.94,330.0,1754035500.0,2025-08-01 13:35:00+05:30
127.78,127.96,127.78,127.9,176.0,1754035800.0,2025-08-01 13:40:00+05:30
127.84,127.96,127.62,127.65,347.0,1754036100.0,2025-08-01 13:45:00+05:30
127.65,127.87,127.65,127.87,729.0,1754036400.0,2025-08-01 13:50:00+05:30
127.87,127.93,127.78,127.9,211.0,1754036700.0,2025-08-01 13:55:00+05:30
127.9,127.97,127.78,127.78,208.0,1754037000.0,2025-08-01 14:00:00+05:30
127.78,127.78,127.6,127.75,455.0,1754037300.0,2025-08-01 14:05:00+05:30
127.75,127.75,127.75,127.75,116.0,1754037600.0,2025-08-01 14:10:00+05:30
127.75,127.75,127.6,127.6,641.0,1754037900.0,2025-08-01 14:15:00+05:30
127.4,127.65,127.23,127.23,4107.0,1754038200.0,2025-08-01 14:20:00+05:30
127.27,127.36,127.0,127.1,4481.0,1754038500.0,2025-08-01 14:25:00+05:30
127.0,127.4,126.87,127.22,2113.0,1754038800.0,2025-08-01 14:30:00+05:30
127.4,127.4,127.2,127.2,4475.0,1754039100.0,2025-08-01 14:35:00+05:30
127.01,127.11,126.8,127.03,5298.0,1754039400.0,2025-08-01 14:40:00+05:30
127.03,127.1,126.92,126.93,95.0,1754039700.0,2025-08-01 14:45:00+05:30
126.93,127.22,126.81,126.81,2342.0,1754040000.0,2025-08-01 14:50:00+05:30
127.08,127.18,126.76,126.94,3078.0,1754040300.0,2025-08-01 14:55:00+05:30
126.8,127.43,126.78,127.06,2224.0,1754040600.0,2025-08-01 15:00:00+05:30
127.21,127.21,126.56,126.78,5415.0,1754040900.0,2025-08-01 15:05:00+05:30
126.82,126.82,126.0,126.0,10604.0,1754041200.0,2025-08-01 15:10:00+05:30
126.23,126.53,126.0,126.22,15023.0,1754041500.0,2025-08-01 15:15:00+05:30
126.22,126.62,126.0,126.43,9815.0,1754041800.0,2025-08-01 15:20:00+05:30
126.43,126.73,126.1,126.6,8344.0,1754042100.0,2025-08-01 15:25:00+05:30
126.95,128.24,125.31,126.26,13430.0,1754279100.0,2025-08-04 09:15:00+05:30
126.55,126.98,125.71,126.65,15965.0,1754279400.0,2025-08-04 09:20:00+05:30
126.69,127.2,126.3,127.04,4558.0,1754279700.0,2025-08-04 09:25:00+05:30
127.31,127.99,127.28,127.73,5388.0,1754280000.0,2025-08-04 09:30:00+05:30
127.6,128.09,127.08,127.08,7314.0,1754280300.0,2025-08-04 09:35:00+05:30
127.0,127.55,126.6,126.78,6499.0,1754280600.0,2025-08-04 09:40:00+05:30
126.6,127.5,126.5,127.5,3926.0,1754280900.0,2025-08-04 09:45:00+05:30
127.5,127.5,126.98,127.07,2181.0,1754281200.0,2025-08-04 09:50:00+05:30
127.24,127.43,127.13,127.13,1603.0,1754281500.0,2025-08-04 09:55:00+05:30
127.12,127.43,127.12,127.42,1586.0,1754281800.0,2025-08-04 10:00:00+05:30
127.5,127.5,127.01,127.4,2514.0,1754282100.0,2025-08-04 10:05:00+05:30
127.4,127.4,127.04,127.2,317.0,1754282400.0,2025-08-04 10:10:00+05:30
127.08,127.29,127.08,127.22,626.0,1754282700.0,2025-08-04 10:15:00+05:30
127.28,127.31,127.13,127.13,620.0,1754283000.0,2025-08-04 10:20:00+05:30
127.13,127.17,127.01,127.05,1417.0,1754283300.0,2025-08-04 10:25:00+05:30
127.05,127.05,126.85,126.95,565.0,1754283600.0,2025-08-04 10:30:00+05:30
126.95,127.28,126.95,127.05,1415.0,1754283900.0,2025-08-04 10:35:00+05:30
127.24,127.24,126.77,126.94,4747.0,1754284200.0,2025-08-04 10:40:00+05:30
126.94,126.96,126.8,126.96,108.0,1754284500.0,2025-08-04 10:45:00+05:30
126.96,126.97,126.81,126.97,333.0,1754284800.0,2025-08-04 10:50:00+05:30
126.97,127.27,126.81,126.81,1693.0,1754285100.0,2025-08-04 10:55:00+05:30
126.8,126.8,126.8,126.8,51.0,1754285400.0,2025-08-04 11:00:00+05:30
126.8,126.99,126.8,126.99,289.0,1754285700.0,2025-08-04 11:05:00+05:30
126.99,126.99,126.93,126.93,1157.0,1754286000.0,2025-08-04 11:10:00+05:30
127.31,127.31,127.0,127.0,1505.0,1754286300.0,2025-08-04 11:15:00+05:30
127.05,127.3,126.97,126.97,3921.0,1754286600.0,2025-08-04 11:20:00+05:30
126.97,127.05,126.97,127.05,341.0,1754286900.0,2025-08-04 11:25:00+05:30
127.05,127.11,127.05,127.06,193.0,1754287200.0,2025-08-04 11:30:00+05:30
127.18,127.18,126.55,126.68,3419.0,1754287500.0,2025-08-04 11:35:00+05:30
127.31,127.4,127.0,127.1,7006.0,1754287800.0,2025-08-04 11:40:00+05:30
127.13,127.27,127.1,127.1,1515.0,1754288100.0,2025-08-04 11:45:00+05:30
127.0,127.0,126.8,126.99,7643.0,1754288400.0,2025-08-04 11:50:00+05:30
126.99,126.99,126.8,126.8,1007.0,1754288700.0,2025-08-04 11:55:00+05:30
126.66,126.72,126.51,126.51,2559.0,1754289000.0,2025-08-04 12:00:00+05:30
126.64,126.8,126.52,126.8,430.0,1754289300.0,2025-08-04 12:05:00+05:30
126.8,126.8,126.65,126.65,354.0,1754289600.0,2025-08-04 12:10:00+05:30
126.65,127.01,126.65,126.94,1232.0,1754289900.0,2025-08-04 12:15:00+05:30
126.96,127.03,126.96,127.0,787.0,1754290200.0,2025-08-04 12:20:00+05:30
127.13,127.5,126.91,127.22,5493.0,1754290500.0,2025-08-04 12:25:00+05:30
127.22,127.22,127.02,127.06,182.0,1754290800.0,2025-08-04 12:30:00+05:30
127.05,127.21,127.05,127.21,168.0,1754291100.0,2025-08-04 12:35:00+05:30
127.21,127.21,127.19,127.19,7.0,1754291400.0,2025-08-04 12:40:00+05:30
127.19,127.19,126.82,127.03,1400.0,1754291700.0,2025-08-04 12:45:00+05:30
126.99,127.0,126.83,127.0,67.0,1754292000.0,2025-08-04 12:50:00+05:30
126.98,127.21,126.98,127.21,7352.0,1754292300.0,2025-08-04 12:55:00+05:30
127.37,127.44,127.25,127.3,272.0,1754292600.0,2025-08-04 13:00:00+05:30
127.25,127.25,127.11,127.19,1327.0,1754292900.0,2025-08-04 13:05:00+05:30
127.19,127.28,127.0,127.27,1093.0,1754293200.0,2025-08-04 13:10:00+05:30
127.12,127.3,127.01,127.3,3769.0,1754293500.0,2025-08-04 13:15:00+05:30
127.3,127.3,127.3,127.3,100.0,1754293800.0,2025-08-04 13:20:00+05:30
127.3,127.3,127.08,127.08,851.0,1754294100.0,2025-08-04 13:25:00+05:30
127.08,127.16,127.08,127.16,5.0,1754294400.0,2025-08-04 13:30:00+05:30
127.22,127.61,127.15,127.39,2478.0,1754294700.0,2025-08-04 13:35:00+05:30
127.39,127.42,127.15,127.15,601.0,1754295000.0,2025-08-04 13:40:00+05:30
127.28,127.35,127.18,127.18,176.0,1754295300.0,2025-08-04 13:45:00+05:30
127.12,127.57,127.05,127.57,645.0,1754295600.0,2025-08-04 13:50:00+05:30
127.64,127.64,127.38,127.53,623.0,1754295900.0,2025-08-04 13:55:00+05:30
127.53,127.63,127.45,127.45,701.0,1754296200.0,2025-08-04 14:00:00+05:30
127.45,128.07,127.45,128.07,6623.0,1754296500.0,2025-08-04 14:05:00+05:30
127.99,128.12,127.87,128.0,1314.0,1754296800.0,2025-08-04 14:10:00+05:30
127.99,128.15,127.89,128.15,1657.0,1754297100.0,2025-08-04 14:15:00+05:30
128.2,128.2,127.53,127.53,3007.0,1754297400.0,2025-08-04 14:20:00+05:30
127.66,127.66,126.93,126.93,6774.0,1754297700.0,2025-08-04 14:25:00+05:30
127.12,127.42,126.99,127.42,857.0,1754298000.0,2025-08-04 14:30:00+05:30
127.42,127.49,127.23,127.32,756.0,1754298300.0,2025-08-04 14:35:00+05:30
127.45,127.47,127.32,127.44,1975.0,1754298600.0,2025-08-04 14:40:00+05:30
127.6,127.86,127.6,127.61,861.0,1754298900.0,2025-08-04 14:45:00+05:30
127.61,127.7,127.48,127.56,891.0,1754299200.0,2025-08-04 14:50:00+05:30
127.51,127.86,127.51,127.86,1077.0,1754299500.0,2025-08-04 14:55:00+05:30
127.53,127.89,127.49,127.49,1450.0,1754299800.0,2025-08-04 15:00:00+05:30
127.69,127.89,127.49,127.54,2639.0,1754300100.0,2025-08-04 15:05:00+05:30
127.64,127.8,127.53,127.8,1918.0,1754300400.0,2025-08-04 15:10:00+05:30
127.57,127.89,127.46,127.69,4785.0,1754300700.0,2025-08-04 15:15:00+05:30
127.69,128.0,127.44,128.0,9787.0,1754301000.0,2025-08-04 15:20:00+05:30
128.0,128.17,127.4,127.4,3360.0,1754301300.0,2025-08-04 15:25:00+05:30
127.0,127.89,126.83,127.0,4558.0,1754365500.0,2025-08-05 09:15:00+05:30
127.01,127.84,126.67,127.68,5188.0,1754365800.0,2025-08-05 09:20:00+05:30
127.9,128.18,127.75,128.0,3845.0,1754366100.0,2025-08-05 09:25:00+05:30
127.83,127.89,127.47,127.65,3749.0,1754366400.0,2025-08-05 09:30:00+05:30
127.65,127.65,126.98,126.98,3774.0,1754366700.0,2025-08-05 09:35:00+05:30
126.98,127.05,126.55,127.04,1803.0,1754367000.0,2025-08-05 09:40:00+05:30
127.04,127.04,126.5,126.83,3643.0,1754367300.0,2025-08-05 09:45:00+05:30
127.0,127.0,126.69,126.69,2993.0,1754367600.0,2025-08-05 09:50:00+05:30
126.69,126.82,126.56,126.82,505.0,1754367900.0,2025-08-05 09:55:00+05:30
126.5,126.58,126.25,126.35,3958.0,1754368200.0,2025-08-05 10:00:00+05:30
126.35,126.73,126.29,126.73,665.0,1754368500.0,2025-08-05 10:05:00+05:30
126.72,126.72,126.21,126.29,4507.0,1754368800.0,2025-08-05 10:10:00+05:30
126.4,126.54,126.29,126.52,3269.0,1754369100.0,2025-08-05 10:15:00+05:30
126.21,126.3,126.1,126.24,2888.0,1754369400.0,2025-08-05 10:20:00+05:30
126.31,126.34,126.16,126.18,2645.0,1754369700.0,2025-08-05 10:25:00+05:30
126.18,126.29,125.9,126.29,2894.0,1754370000.0,2025-08-05 10:30:00+05:30
126.29,126.29,126.16,126.16,242.0,1754370300.0,2025-08-05 10:35:00+05:30
126.26,126.36,126.26,126.29,865.0,1754370600.0,2025-08-05 10:40:00+05:30
126.27,126.27,126.03,126.04,782.0,1754370900.0,2025-08-05 10:45:00+05:30
126.05,126.11,126.05,126.08,372.0,1754371200.0,2025-08-05 10:50:00+05:30
126.05,126.11,125.76,126.1,5865.0,1754371500.0,2025-08-05 10:55:00+05:30
126.1,126.1,125.86,125.93,935.0,1754371800.0,2025-08-05 11:00:00+05:30
126.02,126.11,125.94,126.05,495.0,1754372100.0,2025-08-05 11:05:00+05:30
125.96,126.06,125.9,126.06,512.0,1754372400.0,2025-08-05 11:10:00+05:30
126.11,126.11,126.0,126.0,518.0,1754372700.0,2025-08-05 11:15:00+05:30
126.18,126.18,126.0,126.01,2310.0,1754373000.0,2025-08-05 11:20:00+05:30
126.13,126.26,126.12,126.12,1070.0,1754373300.0,2025-08-05 11:25:00+05:30
126.26,126.34,126.15,126.32,3130.0,1754373600.0,2025-08-05 11:30:00+05:30
126.32,126.48,126.32,126.48,839.0,1754373900.0,2025-08-05 11:35:00+05:30
126.47,126.6,126.47,126.59,413.0,1754374200.0,2025-08-05 11:40:00+05:30
126.6,126.66,126.46,126.66,884.0,1754374500.0,2025-08-05 11:45:00+05:30
126.66,126.66,126.62,126.66,522.0,1754374800.0,2025-08-05 11:50:00+05:30
126.5,126.5,126.22,126.25,994.0,1754375100.0,2025-08-05 11:55:00+05:30
126.37,126.37,126.07,126.14,1522.0,1754375400.0,2025-08-05 12:00:00+05:30
126.14,126.14,125.96,126.14,484.0,1754375700.0,2025-08-05 12:05:00+05:30
126.15,126.16,126.05,126.14,576.0,1754376000.0,2025-08-05 12:10:00+05:30
126.06,126.38,126.06,126.25,413.0,1754376300.0,2025-08-05 12:15:00+05:30
126.2,126.3,126.1,126.3,2037.0,1754376600.0,2025-08-05 12:20:00+05:30
126.3,126.3,126.05,126.11,1303.0,1754376900.0,2025-08-05 12:25:00+05:30
126.11,126.22,126.11,126.22,111.0,1754377200.0,2025-08-05 12:30:00+05:30
126.22,126.22,126.12,126.17,228.0,1754377500.0,2025-08-05 12:35:00+05:30
126.15,126.3,126.15,126.3,618.0,1754377800.0,2025-08-05 12:40:00+05:30
126.3,126.31,126.3,126.31,151.0,1754378100.0,2025-08-05 12:45:00+05:30
126.31,126.38,125.8,125.8,4527.0,1754378400.0,2025-08-05 12:50:00+05:30
125.77,126.1,125.77,126.03,1643.0,1754378700.0,2025-08-05 12:55:00+05:30
126.01,126.01,125.77,125.87,449.0,1754379000.0,2025-08-05 13:00:00+05:30
125.87,125.88,125.77,125.77,142.0,1754379300.0,2025-08-05 13:05:00+05:30
125.91,125.91,125.5,125.73,2251.0,1754379600.0,2025-08-05 13:10:00+05:30
125.73,125.77,125.56,125.73,1592.0,1754379900.0,2025-08-05 13:15:00+05:30
125.72,125.72,125.6,125.6,1244.0,1754380200.0,2025-08-05 13:20:00+05:30
125.6,125.99,125.6,125.98,4236.0,1754380500.0,2025-08-05 13:25:00+05:30
125.98,125.98,125.67,125.67,2716.0,1754380800.0,2025-08-05 13:30:00+05:30
125.48,125.77,125.27,125.61,4613.0,1754381100.0,2025-08-05 13:35:00+05:30
125.58,125.66,125.46,125.46,1125.0,1754381400.0,2025-08-05 13:40:00+05:30
125.52,125.57,125.5,125.57,1010.0,1754381700.0,2025-08-05 13:45:00+05:30
125.57,125.57,125.41,125.54,437.0,1754382000.0,2025-08-05 13:50:00+05:30
125.57,125.76,125.55,125.61,2024.0,1754382300.0,2025-08-05 13:55:00+05:30
125.61,125.61,125.44,125.58,426.0,1754382600.0,2025-08-05 14:00:00+05:30
125.42,125.61,125.41,125.44,1803.0,1754382900.0,2025-08-05 14:05:00+05:30
125.53,125.55,125.53,125.55,52.0,1754383200.0,2025-08-05 14:10:00+05:30
125.55,125.64,125.46,125.5,1656.0,1754383500.0,2025-08-05 14:15:00+05:30
125.5,125.6,125.45,125.45,2438.0,1754383800.0,2025-08-05 14:20:00+05:30
125.42,125.75,125.42,125.46,10559.0,1754384100.0,2025-08-05 14:25:00+05:30
125.43,125.53,125.33,125.33,11208.0,1754384400.0,2025-08-05 14:30:00+05:30
125.46,125.55,125.45,125.5,1067.0,1754384700.0,2025-08-05 14:35:00+05:30
125.63,125.65,125.5,125.65,1423.0,1754385000.0,2025-08-05 14:40:00+05:30
125.65,125.75,125.54,125.6,833.0,1754385300.0,2025-08-05 14:45:00+05:30
125.65,125.69,125.54,125.55,1888.0,1754385600.0,2025-08-05 14:50:00+05:30
125.69,125.69,125.44,125.5,1922.0,1754385900.0,2025-08-05 14:55:00+05:30
125.57,125.78,125.57,125.78,574.0,1754386200.0,2025-08-05 15:00:00+05:30
125.75,125.85,125.65,125.66,5477.0,1754386500.0,2025-08-05 15:05:00+05:30
125.59,125.7,125.54,125.69,2744.0,1754386800.0,2025-08-05 15:10:00+05:30
125.68,125.8,125.65,125.65,3575.0,1754387100.0,2025-08-05 15:15:00+05:30
125.65,125.65,125.3,125.59,15185.0,1754387400.0,2025-08-05 15:20:00+05:30
125.6,128.0,125.25,125.3,22913.0,1754387700.0,2025-08-05 15:25:00+05:30
125.28,128.5,125.25,126.22,9895.0,1754451900.0,2025-08-06 09:15:00+05:30
126.8,126.8,125.66,126.15,5932.0,1754452200.0,2025-08-06 09:20:00+05:30
126.21,126.32,126.0,126.28,2256.0,1754452500.0,2025-08-06 09:25:00+05:30
126.21,126.21,125.73,125.87,9792.0,1754452800.0,2025-08-06 09:30:00+05:30
125.87,125.91,125.73,125.73,606.0,1754453100.0,2025-08-06 09:35:00+05:30
125.75,125.79,125.41,125.41,3983.0,1754453400.0,2025-08-06 09:40:00+05:30
125.42,125.42,125.0,125.18,6074.0,1754453700.0,2025-08-06 09:45:00+05:30
125.1,125.18,124.77,125.0,4222.0,1754454000.0,2025-08-06 09:50:00+05:30
125.15,125.19,125.01,125.19,1191.0,1754454300.0,2025-08-06 09:55:00+05:30
125.32,125.32,125.0,125.02,920.0,1754454600.0,2025-08-06 10:00:00+05:30
125.02,125.17,124.6,124.86,2463.0,1754454900.0,2025-08-06 10:05:00+05:30
124.87,124.87,124.4,124.74,2912.0,1754455200.0,2025-08-06 10:10:00+05:30
124.89,124.9,124.52,124.8,1156.0,1754455500.0,2025-08-06 10:15:00+05:30
124.8,124.8,124.62,124.63,2001.0,1754455800.0,2025-08-06 10:20:00+05:30
124.63,124.79,124.5,124.79,7818.0,1754456100.0,2025-08-06 10:25:00+05:30
124.58,124.65,124.5,124.65,697.0,1754456400.0,2025-08-06 10:30:00+05:30
124.64,124.64,124.0,124.31,4555.0,1754456700.0,2025-08-06 10:35:00+05:30
124.33,124.33,123.96,123.96,2643.0,1754457000.0,2025-08-06 10:40:00+05:30
123.99,124.2,123.9,124.2,1258.0,1754457300.0,2025-08-06 10:45:00+05:30
124.18,124.18,123.67,123.92,2276.0,1754457600.0,2025-08-06 10:50:00+05:30
123.92,123.99,123.79,123.97,1354.0,1754457900.0,2025-08-06 10:55:00+05:30
123.97,124.25,123.87,124.25,4767.0,1754458200.0,2025-08-06 11:00:00+05:30
124.25,124.25,123.85,123.85,4225.0,1754458500.0,2025-08-06 11:05:00+05:30
123.88,123.99,123.75,123.8,1772.0,1754458800.0,2025-08-06 11:10:00+05:30
123.75,123.8,123.43,123.44,4685.0,1754459100.0,2025-08-06 11:15:00+05:30
123.49,123.65,123.44,123.45,2011.0,1754459400.0,2025-08-06 11:20:00+05:30
123.65,124.19,123.65,124.04,1870.0,1754459700.0,2025-08-06 11:25:00+05:30
123.84,124.03,123.79,123.94,6823.0,1754460000.0,2025-08-06 11:30:00+05:30
123.94,124.0,123.94,123.99,1087.0,1754460300.0,2025-08-06 11:35:00+05:30
123.99,124.02,123.99,124.02,384.0,1754460600.0,2025-08-06 11:40:00+05:30
124.02,124.08,124.01,124.01,521.0,1754460900.0,2025-08-06 11:45:00+05:30
124.14,124.49,123.93,124.15,4820.0,1754461200.0,2025-08-06 11:50:00+05:30
124.15,124.15,123.82,124.0,1115.0,1754461500.0,2025-08-06 11:55:00+05:30
124.0,124.0,123.85,123.96,1392.0,1754461800.0,2025-08-06 12:00:00+05:30
124.15,124.15,123.98,124.08,720.0,1754462100.0,2025-08-06 12:05:00+05:30
123.84,124.09,123.75,124.09,1585.0,1754462400.0,2025-08-06 12:10:00+05:30
124.1,124.14,124.1,124.14,249.0,1754462700.0,2025-08-06 12:15:00+05:30
124.14,124.32,124.14,124.3,410.0,1754463000.0,2025-08-06 12:20:00+05:30
124.3,124.38,124.16,124.38,611.0,1754463300.0,2025-08-06 12:25:00+05:30
124.38,124.5,124.38,124.5,225.0,1754463600.0,2025-08-06 12:30:00+05:30
124.52,124.52,124.16,124.16,1912.0,1754463900.0,2025-08-06 12:35:00+05:30
124.16,124.37,124.16,124.37,7.0,1754464200.0,2025-08-06 12:40:00+05:30
124.34,124.5,124.27,124.5,757.0,1754464500.0,2025-08-06 12:45:00+05:30
124.42,124.42,124.26,124.26,260.0,1754464800.0,2025-08-06 12:50:00+05:30
124.45,124.5,124.45,124.5,103.0,1754465100.0,2025-08-06 12:55:00+05:30
124.36,124.49,124.31,124.39,529.0,1754465400.0,2025-08-06 13:00:00+05:30
124.41,124.41,124.2,124.3,187.0,1754465700.0,2025-08-06 13:05:00+05:30
124.3,124.46,124.3,124.46,80.0,1754466000.0,2025-08-06 13:10:00+05:30
124.46,124.51,124.24,124.24,694.0,1754466300.0,2025-08-06 13:15:00+05:30
124.38,124.6,124.25,124.6,708.0,1754466600.0,2025-08-06 13:20:00+05:30
124.6,124.65,124.6,124.64,48.0,1754466900.0,2025-08-06 13:25:00+05:30
124.5,124.5,124.4,124.49,256.0,1754467200.0,2025-08-06 13:30:00+05:30
124.65,124.69,124.65,124.69,81.0,1754467500.0,2025-08-06 13:35:00+05:30
124.52,124.74,124.52,124.68,262.0,1754467800.0,2025-08-06 13:40:00+05:30
124.68,124.73,124.56,124.73,460.0,1754468100.0,2025-08-06 13:45:00+05:30
124.73,124.73,124.49,124.65,299.0,1754468400.0,2025-08-06 13:50:00+05:30
124.71,124.75,124.55,124.75,978.0,1754468700.0,2025-08-06 13:55:00+05:30
124.75,124.76,124.55,124.69,196.0,1754469000.0,2025-08-06 14:00:00+05:30
124.69,124.73,124.55,124.73,772.0,1754469300.0,2025-08-06 14:05:00+05:30
124.73,124.73,124.55,124.55,54.0,1754469600.0,2025-08-06 14:10:00+05:30
124.44,124.5,124.44,124.5,610.0,1754469900.0,2025-08-06 14:15:00+05:30
124.5,124.63,124.5,124.63,51.0,1754470200.0,2025-08-06 14:20:00+05:30
124.63,124.63,124.63,124.63,358.0,1754470500.0,2025-08-06 14:25:00+05:30
124.63,124.67,124.45,124.53,1124.0,1754470800.0,2025-08-06 14:30:00+05:30
124.59,124.59,124.21,124.58,1929.0,1754471100.0,2025-08-06 14:35:00+05:30
124.55,124.73,124.2,124.43,9748.0,1754471400.0,2025-08-06 14:40:00+05:30
124.48,124.52,124.31,124.31,2200.0,1754471700.0,2025-08-06 14:45:00+05:30
124.31,124.53,124.31,124.53,2316.0,1754472000.0,2025-08-06 14:50:00+05:30
124.53,124.53,124.37,124.4,85.0,1754472300.0,2025-08-06 14:55:00+05:30
124.39,124.39,124.11,124.26,1460.0,1754472600.0,2025-08-06 15:00:00+05:30
124.34,124.7,124.18,124.7,7974.0,1754472900.0,2025-08-06 15:05:00+05:30
124.56,124.56,124.11,124.41,1989.0,1754473200.0,2025-08-06 15:10:00+05:30
124.4,124.41,124.03,124.3,3146.0,1754473500.0,2025-08-06 15:15:00+05:30
124.2,124.29,123.5,123.5,13092.0,1754473800.0,2025-08-06 15:20:00+05:30
123.77,124.5,123.7,124.5,6129.0,1754474100.0,2025-08-06 15:25:00+05:30
124.09,124.09,121.0,121.59,27898.0,1754538300.0,2025-08-07 09:15:00+05:30
121.44,122.25,121.16,122.24,10319.0,1754538600.0,2025-08-07 09:20:00+05:30
122.39,122.9,122.22,122.84,4694.0,1754538900.0,2025-08-07 09:25:00+05:30
122.9,123.8,122.9,123.55,5202.0,1754539200.0,2025-08-07 09:30:00+05:30
123.39,123.8,123.31,123.69,5313.0,1754539500.0,2025-08-07 09:35:00+05:30
123.69,123.89,123.48,123.69,1615.0,1754539800.0,2025-08-07 09:40:00+05:30
123.57,123.89,123.57,123.66,1701.0,1754540100.0,2025-08-07 09:45:00+05:30
123.57,123.74,123.5,123.74,659.0,1754540400.0,2025-08-07 09:50:00+05:30
123.9,123.9,123.41,123.41,1248.0,1754540700.0,2025-08-07 09:55:00+05:30
123.41,123.8,123.41,123.8,973.0,1754541000.0,2025-08-07 10:00:00+05:30
123.77,123.77,123.61,123.61,235.0,1754541300.0,2025-08-07 10:05:00+05:30
123.59,123.61,123.43,123.5,232.0,1754541600.0,2025-08-07 10:10:00+05:30
123.69,123.73,123.51,123.72,596.0,1754541900.0,2025-08-07 10:15:00+05:30
123.83,123.99,123.66,123.99,2368.0,1754542200.0,2025-08-07 10:20:00+05:30
123.99,123.99,123.58,123.58,400.0,1754542500.0,2025-08-07 10:25:00+05:30
123.4,123.61,123.31,123.31,2797.0,1754542800.0,2025-08-07 10:30:00+05:30
123.3,123.3,123.1,123.1,502.0,1754543100.0,2025-08-07 10:35:00+05:30
123.14,123.17,122.95,123.17,3744.0,1754543400.0,2025-08-07 10:40:00+05:30
123.16,123.23,123.0,123.23,3650.0,1754543700.0,2025-08-07 10:45:00+05:30
123.25,123.67,123.25,123.39,423.0,1754544000.0,2025-08-07 10:50:00+05:30
123.32,123.33,123.14,123.33,125.0,1754544300.0,2025-08-07 10:55:00+05:30
123.33,123.43,123.07,123.43,1419.0,1754544600.0,2025-08-07 11:00:00+05:30
123.43,123.48,123.24,123.33,466.0,1754544900.0,2025-08-07 11:05:00+05:30
123.33,123.74,123.33,123.59,1096.0,1754545200.0,2025-08-07 11:10:00+05:30
123.59,123.59,123.27,123.47,739.0,1754545500.0,2025-08-07 11:15:00+05:30
123.28,123.28,123.11,123.11,2614.0,1754545800.0,2025-08-07 11:20:00+05:30
123.28,123.3,123.13,123.3,1068.0,1754546100.0,2025-08-07 11:25:00+05:30
123.3,123.3,122.8,122.8,3407.0,1754546400.0,2025-08-07 11:30:00+05:30
122.89,122.97,122.59,122.59,741.0,1754546700.0,2025-08-07 11:35:00+05:30
122.72,122.75,122.58,122.73,320.0,1754547000.0,2025-08-07 11:40:00+05:30
122.73,122.92,122.73,122.81,153.0,1754547300.0,2025-08-07 11:45:00+05:30
122.81,122.85,122.73,122.81,193.0,1754547600.0,2025-08-07 11:50:00+05:30
122.85,122.87,122.85,122.85,628.0,1754547900.0,2025-08-07 11:55:00+05:30
122.87,123.19,122.72,123.19,784.0,1754548200.0,2025-08-07 12:00:00+05:30
123.24,123.3,122.95,123.09,226.0,1754548500.0,2025-08-07 12:05:00+05:30
123.09,123.25,123.09,123.24,221.0,1754548800.0,2025-08-07 12:10:00+05:30
123.24,123.71,122.81,122.98,2235.0,1754549100.0,2025-08-07 12:15:00+05:30
122.98,123.33,122.97,123.15,26559.0,1754549400.0,2025-08-07 12:20:00+05:30
123.32,123.32,123.14,123.15,426.0,1754549700.0,2025-08-07 12:25:00+05:30
123.26,123.35,123.05,123.05,3590.0,1754550000.0,2025-08-07 12:30:00+05:30
122.89,122.9,122.84,122.84,221.0,1754550300.0,2025-08-07 12:35:00+05:30
122.82,122.82,122.5,122.73,2482.0,1754550600.0,2025-08-07 12:40:00+05:30
122.73,122.85,122.71,122.71,3015.0,1754550900.0,2025-08-07 12:45:00+05:30
122.71,122.82,122.65,122.82,2045.0,1754551200.0,2025-08-07 12:50:00+05:30
122.7,122.88,122.7,122.88,173.0,1754551500.0,2025-08-07 12:55:00+05:30
122.72,122.77,122.5,122.67,2107.0,1754551800.0,2025-08-07 13:00:00+05:30
122.49,122.73,122.12,122.22,1963.0,1754552100.0,2025-08-07 13:05:00+05:30
122.22,122.35,122.11,122.11,1206.0,1754552400.0,2025-08-07 13:10:00+05:30
122.15,122.25,122.0,122.19,4056.0,1754552700.0,2025-08-07 13:15:00+05:30
122.19,122.33,122.01,122.18,917.0,1754553000.0,2025-08-07 13:20:00+05:30
122.18,122.27,122.02,122.02,347.0,1754553300.0,2025-08-07 13:25:00+05:30
122.17,122.18,122.02,122.03,234.0,1754553600.0,2025-08-07 13:30:00+05:30
122.03,122.03,121.95,121.95,1901.0,1754553900.0,2025-08-07 13:35:00+05:30
121.95,122.28,121.95,122.2,1337.0,1754554200.0,2025-08-07 13:40:00+05:30
122.31,122.5,122.08,122.28,656.0,1754554500.0,2025-08-07 13:45:00+05:30
122.42,122.46,122.41,122.46,107.0,1754554800.0,2025-08-07 13:50:00+05:30
122.46,122.77,122.46,122.61,1049.0,1754555100.0,2025-08-07 13:55:00+05:30
122.61,122.72,122.5,122.6,302.0,1754555400.0,2025-08-07 14:00:00+05:30
122.61,122.72,122.46,122.7,1315.0,1754555700.0,2025-08-07 14:05:00+05:30
122.54,122.72,122.54,122.69,140.0,1754556000.0,2025-08-07 14:10:00+05:30
122.69,122.92,122.55,122.92,1100.0,1754556300.0,2025-08-07 14:15:00+05:30
122.9,123.2,122.9,123.06,571.0,1754556600.0,2025-08-07 14:20:00+05:30
123.0,123.19,122.99,123.19,710.0,1754556900.0,2025-08-07 14:25:00+05:30
123.3,123.57,123.3,123.36,2084.0,1754557200.0,2025-08-07 14:30:00+05:30
123.36,123.5,123.36,123.5,209.0,1754557500.0,2025-08-07 14:35:00+05:30
123.52,123.65,123.35,123.5,264.0,1754557800.0,2025-08-07 14:40:00+05:30
123.68,123.91,123.68,123.74,375.0,1754558100.0,2025-08-07 14:45:00+05:30
123.75,124.34,123.75,124.0,7056.0,1754558400.0,2025-08-07 14:50:00+05:30
123.9,123.94,123.71,123.89,893.0,1754558700.0,2025-08-07 14:55:00+05:30
124.0,124.19,123.83,124.19,9555.0,1754559000.0,2025-08-07 15:00:00+05:30
124.03,124.14,123.67,123.67,1298.0,1754559300.0,2025-08-07 15:05:00+05:30
123.69,124.08,123.69,124.06,1301.0,1754559600.0,2025-08-07 15:10:00+05:30
124.08,124.12,123.51,124.01,2322.0,1754559900.0,2025-08-07 15:15:00+05:30
124.03,124.29,123.71,123.71,5249.0,1754560200.0,2025-08-07 15:20:00+05:30
123.81,124.18,123.5,124.18,4738.0,1754560500.0,2025-08-07 15:25:00+05:30
124.45,124.59,122.4,122.59,23187.0,1754624700.0,2025-08-08 09:15:00+05:30
122.5,123.29,122.4,122.78,13644.0,1754625000.0,2025-08-08 09:20:00+05:30
122.75,123.39,122.75,123.24,7338.0,1754625300.0,2025-08-08 09:25:00+05:30
123.0,123.17,122.75,122.95,3658.0,1754625600.0,2025-08-08 09:30:00+05:30
123.0,123.12,122.75,122.83,4673.0,1754625900.0,2025-08-08 09:35:00+05:30
122.72,122.91,122.72,122.91,187.0,1754626200.0,2025-08-08 09:40:00+05:30
122.91,123.09,122.73,123.0,4001.0,1754626500.0,2025-08-08 09:45:00+05:30
122.8,122.88,122.8,122.88,235.0,1754626800.0,2025-08-08 09:50:00+05:30
122.74,122.88,122.5,122.65,3135.0,1754627100.0,2025-08-08 09:55:00+05:30
122.64,122.64,122.32,122.47,1668.0,1754627400.0,2025-08-08 10:00:00+05:30
122.47,122.48,122.04,122.35,2487.0,1754627700.0,2025-08-08 10:05:00+05:30
122.35,122.38,122.25,122.38,729.0,1754628000.0,2025-08-08 10:10:00+05:30
122.38,122.48,122.34,122.4,2461.0,1754628300.0,2025-08-08 10:15:00+05:30
122.4,122.59,122.32,122.59,4547.0,1754628600.0,2025-08-08 10:20:00+05:30
122.59,122.83,122.59,122.83,225.0,1754628900.0,2025-08-08 10:25:00+05:30
122.83,122.89,122.71,122.89,502.0,1754629200.0,2025-08-08 10:30:00+05:30
122.91,122.94,122.71,122.71,752.0,1754629500.0,2025-08-08 10:35:00+05:30
122.72,122.89,122.71,122.77,383.0,1754629800.0,2025-08-08 10:40:00+05:30
122.77,122.77,122.5,122.56,1924.0,1754630100.0,2025-08-08 10:45:00+05:30
122.6,122.78,122.59,122.78,667.0,1754630400.0,2025-08-08 10:50:00+05:30
122.82,122.82,122.45,122.5,648.0,1754630700.0,2025-08-08 10:55:00+05:30
122.45,122.5,122.27,122.46,739.0,1754631000.0,2025-08-08 11:00:00+05:30
122.5,122.5,122.31,122.44,577.0,1754631300.0,2025-08-08 11:05:00+05:30
122.43,122.48,121.96,122.05,7522.0,1754631600.0,2025-08-08 11:10:00+05:30
122.05,122.24,122.0,122.0,933.0,1754631900.0,2025-08-08 11:15:00+05:30
122.24,122.31,122.0,122.31,1430.0,1754632200.0,2025-08-08 11:20:00+05:30
122.25,122.51,122.25,122.25,3326.0,1754632500.0,2025-08-08 11:25:00+05:30
122.29,122.3,122.21,122.3,186.0,1754632800.0,2025-08-08 11:30:00+05:30
122.3,122.35,122.3,122.3,482.0,1754633100.0,2025-08-08 11:35:00+05:30
122.3,122.3,122.3,122.3,241.0,1754633400.0,2025-08-08 11:40:00+05:30
122.3,122.3,122.17,122.18,376.0,1754633700.0,2025-08-08 11:45:00+05:30
122.3,122.3,122.25,122.25,257.0,1754634000.0,2025-08-08 11:50:00+05:30
122.3,122.39,122.3,122.3,1199.0,1754634300.0,2025-08-08 11:55:00+05:30
122.3,122.3,122.15,122.15,574.0,1754634600.0,2025-08-08 12:00:00+05:30
122.3,122.3,122.08,122.2,1100.0,1754634900.0,2025-08-08 12:05:00+05:30
122.2,122.25,122.06,122.06,164.0,1754635200.0,2025-08-08 12:10:00+05:30
122.21,122.29,122.19,122.29,925.0,1754635500.0,2025-08-08 12:15:00+05:30
122.29,122.3,122.09,122.3,799.0,1754635800.0,2025-08-08 12:20:00+05:30
122.3,122.3,122.3,122.3,305.0,1754636100.0,2025-08-08 12:25:00+05:30
122.3,122.43,122.25,122.25,1404.0,1754636400.0,2025-08-08 12:30:00+05:30
122.25,122.3,122.1,122.1,1031.0,1754636700.0,2025-08-08 12:35:00+05:30
122.11,122.3,122.1,122.1,3231.0,1754637000.0,2025-08-08 12:40:00+05:30
122.16,122.21,122.16,122.18,244.0,1754637300.0,2025-08-08 12:45:00+05:30
122.09,122.2,122.09,122.18,180.0,1754637600.0,2025-08-08 12:50:00+05:30
122.5,122.5,122.17,122.29,4007.0,1754637900.0,2025-08-08 12:55:00+05:30
122.3,122.3,122.06,122.25,1065.0,1754638200.0,2025-08-08 13:00:00+05:30
122.0,122.2,122.0,122.2,1669.0,1754638500.0,2025-08-08 13:05:00+05:30
122.2,122.2,122.2,122.2,553.0,1754638800.0,2025-08-08 13:10:00+05:30
122.2,122.2,122.2,122.2,793.0,1754639100.0,2025-08-08 13:15:00+05:30
122.2,122.25,122.2,122.25,367.0,1754639400.0,2025-08-08 13:20:00+05:30
122.25,122.25,122.1,122.1,450.0,1754639700.0,2025-08-08 13:25:00+05:30
122.15,122.15,122.05,122.13,676.0,1754640000.0,2025-08-08 13:30:00+05:30
122.16,122.2,122.16,122.16,509.0,1754640300.0,2025-08-08 13:35:00+05:30
122.16,122.3,122.16,122.25,336.0,1754640600.0,2025-08-08 13:40:00+05:30
122.3,122.3,122.29,122.3,379.0,1754640900.0,2025-08-08 13:45:00+05:30
122.3,122.3,122.2,122.25,192.0,1754641200.0,2025-08-08 13:50:00+05:30
122.25,122.29,122.25,122.29,288.0,1754641500.0,2025-08-08 13:55:00+05:30
122.17,122.28,122.17,122.28,55.0,1754641800.0,2025-08-08 14:00:00+05:30
122.28,122.28,122.07,122.28,1160.0,1754642100.0,2025-08-08 14:05:00+05:30
122.28,122.28,121.59,121.78,8336.0,1754642400.0,2025-08-08 14:10:00+05:30
121.86,121.98,121.79,121.86,85.0,1754642700.0,2025-08-08 14:15:00+05:30
121.87,122.15,121.87,122.07,545.0,1754643000.0,2025-08-08 14:20:00+05:30
122.07,122.12,121.9,121.98,789.0,1754643300.0,2025-08-08 14:25:00+05:30
122.12,122.19,122.1,122.15,565.0,1754643600.0,2025-08-08 14:30:00+05:30
122.15,122.15,121.83,121.83,1408.0,1754643900.0,2025-08-08 14:35:00+05:30
121.83,122.03,121.79,122.0,3337.0,1754644200.0,2025-08-08 14:40:00+05:30
122.0,122.0,121.96,122.0,617.0,1754644500.0,2025-08-08 14:45:00+05:30
122.0,122.03,121.85,121.9,936.0,1754644800.0,2025-08-08 14:50:00+05:30
121.88,121.9,121.64,121.87,1587.0,1754645100.0,2025-08-08 14:55:00+05:30
121.87,121.87,121.7,121.75,1298.0,1754645400.0,2025-08-08 15:00:00+05:30
121.7,122.25,121.25,122.25,9004.0,1754645700.0,2025-08-08 15:05:00+05:30
122.38,122.38,121.49,121.49,2661.0,1754646000.0,2025-08-08 15:10:00+05:30
121.71,121.93,121.07,121.51,8705.0,1754646300.0,2025-08-08 15:15:00+05:30
121.51,121.51,120.57,120.72,14119.0,1754646600.0,2025-08-08 15:20:00+05:30
120.72,121.99,120.57,121.98,9791.0,1754646900.0,2025-08-08 15:25:00+05:30
121.98,123.05,119.79,120.28,18627.0,1754883900.0,2025-08-11 09:15:00+05:30
120.28,120.95,119.54,120.95,10553.0,1754884200.0,2025-08-11 09:20:00+05:30
120.7,120.88,120.39,120.58,8746.0,1754884500.0,2025-08-11 09:25:00+05:30
120.6,120.6,119.92,120.25,8452.0,1754884800.0,2025-08-11 09:30:00+05:30
120.4,120.42,120.18,120.21,823.0,1754885100.0,2025-08-11 09:35:00+05:30
120.35,120.35,120.02,120.03,1747.0,1754885400.0,2025-08-11 09:40:00+05:30
120.24,120.33,119.61,119.99,7192.0,1754885700.0,2025-08-11 09:45:00+05:30
120.01,120.35,119.51,120.35,8324.0,1754886000.0,2025-08-11 09:50:00+05:30
120.17,120.27,119.91,120.02,1462.0,1754886300.0,2025-08-11 09:55:00+05:30
119.67,119.8,119.55,119.8,3857.0,1754886600.0,2025-08-11 10:00:00+05:30
119.83,120.32,119.72,119.72,9586.0,1754886900.0,2025-08-11 10:05:00+05:30
119.98,120.23,119.82,120.23,717.0,1754887200.0,2025-08-11 10:10:00+05:30
120.27,120.27,120.0,120.0,894.0,1754887500.0,2025-08-11 10:15:00+05:30
120.12,120.32,120.12,120.32,695.0,1754887800.0,2025-08-11 10:20:00+05:30
120.35,120.77,120.24,120.46,1080.0,1754888100.0,2025-08-11 10:25:00+05:30
120.2,120.48,120.2,120.31,918.0,1754888400.0,2025-08-11 10:30:00+05:30
120.44,120.47,120.15,120.15,582.0,1754888700.0,2025-08-11 10:35:00+05:30
120.3,120.3,120.02,120.18,995.0,1754889000.0,2025-08-11 10:40:00+05:30
119.9,119.99,119.82,119.97,5789.0,1754889300.0,2025-08-11 10:45:00+05:30
119.96,120.06,119.85,119.99,857.0,1754889600.0,2025-08-11 10:50:00+05:30
119.98,120.14,119.85,120.14,979.0,1754889900.0,2025-08-11 10:55:00+05:30
120.13,120.18,119.8,120.18,786.0,1754890200.0,2025-08-11 11:00:00+05:30
120.01,120.15,119.88,120.15,7712.0,1754890500.0,2025-08-11 11:05:00+05:30
120.0,120.14,119.96,119.96,401.0,1754890800.0,2025-08-11 11:10:00+05:30
119.91,120.06,119.82,119.82,294.0,1754891100.0,2025-08-11 11:15:00+05:30
119.91,120.06,119.91,120.06,63.0,1754891400.0,2025-08-11 11:20:00+05:30
120.07,120.28,120.01,120.28,526.0,1754891700.0,2025-08-11 11:25:00+05:30
120.25,120.25,119.88,120.04,1155.0,1754892000.0,2025-08-11 11:30:00+05:30
119.88,119.98,119.8,119.85,224.0,1754892300.0,2025-08-11 11:35:00+05:30
119.85,119.88,119.75,119.87,1582.0,1754892600.0,2025-08-11 11:40:00+05:30
119.87,120.09,119.87,120.0,4444.0,1754892900.0,2025-08-11 11:45:00+05:30
120.0,120.3,120.0,120.3,5697.0,1754893200.0,2025-08-11 11:50:00+05:30
120.3,120.3,120.29,120.29,210.0,1754893500.0,2025-08-11 11:55:00+05:30
120.29,120.29,120.05,120.19,195.0,1754893800.0,2025-08-11 12:00:00+05:30
120.04,120.19,120.0,120.04,1293.0,1754894100.0,2025-08-11 12:05:00+05:30
120.04,120.27,120.02,120.23,942.0,1754894400.0,2025-08-11 12:10:00+05:30
120.25,120.3,120.08,120.15,971.0,1754894700.0,2025-08-11 12:15:00+05:30
120.15,120.24,120.04,120.14,617.0,1754895000.0,2025-08-11 12:20:00+05:30
120.14,120.19,120.0,120.01,319.0,1754895300.0,2025-08-11 12:25:00+05:30
120.14,120.14,119.89,120.05,476.0,1754895600.0,2025-08-11 12:30:00+05:30
120.18,120.28,120.05,120.05,269.0,1754895900.0,2025-08-11 12:35:00+05:30
120.28,120.3,120.17,120.3,607.0,1754896200.0,2025-08-11 12:40:00+05:30
120.3,120.45,120.26,120.29,6479.0,1754896500.0,2025-08-11 12:45:00+05:30
120.34,120.34,119.97,120.22,912.0,1754896800.0,2025-08-11 12:50:00+05:30
120.05,120.18,120.05,120.18,292.0,1754897100.0,2025-08-11 12:55:00+05:30
120.18,120.35,120.0,120.0,3009.0,1754897400.0,2025-08-11 13:00:00+05:30
120.15,120.34,120.11,120.17,5682.0,1754897700.0,2025-08-11 13:05:00+05:30
120.17,120.23,120.07,120.23,608.0,1754898000.0,2025-08-11 13:10:00+05:30
120.26,120.28,120.08,120.08,491.0,1754898300.0,2025-08-11 13:15:00+05:30
120.01,120.25,120.01,120.2,787.0,1754898600.0,2025-08-11 13:20:00+05:30
120.2,120.34,120.17,120.17,395.0,1754898900.0,2025-08-11 13:25:00+05:30
120.17,120.33,120.17,120.17,303.0,1754899200.0,2025-08-11 13:30:00+05:30
120.17,120.34,120.08,120.21,679.0,1754899500.0,2025-08-11 13:35:00+05:30
120.21,120.36,120.21,120.36,18.0,1754899800.0,2025-08-11 13:40:00+05:30
120.38,120.38,120.24,120.36,111.0,1754900100.0,2025-08-11 13:45:00+05:30
120.39,120.4,120.2,120.39,1508.0,1754900400.0,2025-08-11 13:50:00+05:30
120.38,120.49,120.38,120.48,824.0,1754900700.0,2025-08-11 13:55:00+05:30
120.48,120.5,120.2,120.2,708.0,1754901000.0,2025-08-11 14:00:00+05:30
120.2,120.4,120.14,120.32,1122.0,1754901300.0,2025-08-11 14:05:00+05:30
120.35,120.39,120.2,120.37,1713.0,1754901600.0,2025-08-11 14:10:00+05:30
120.38,120.4,120.21,120.22,314.0,1754901900.0,2025-08-11 14:15:00+05:30
120.37,120.37,120.16,120.2,89.0,1754902200.0,2025-08-11 14:20:00+05:30
120.2,120.31,120.15,120.15,1307.0,1754902500.0,2025-08-11 14:25:00+05:30
120.29,120.31,120.1,120.15,784.0,1754902800.0,2025-08-11 14:30:00+05:30
120.27,120.28,120.1,120.28,838.0,1754903100.0,2025-08-11 14:35:00+05:30
120.28,120.28,119.99,120.08,5149.0,1754903400.0,2025-08-11 14:40:00+05:30
119.99,120.1,119.99,120.0,1107.0,1754903700.0,2025-08-11 14:45:00+05:30
120.09,120.39,120.02,120.06,12192.0,1754904000.0,2025-08-11 14:50:00+05:30
120.27,120.35,120.15,120.35,1363.0,1754904300.0,2025-08-11 14:55:00+05:30
120.33,120.91,120.1,120.71,10311.0,1754904600.0,2025-08-11 15:00:00+05:30
120.72,120.85,120.38,120.39,4100.0,1754904900.0,2025-08-11 15:05:00+05:30
120.37,120.73,120.27,120.41,3391.0,1754905200.0,2025-08-11 15:10:00+05:30
120.4,120.81,120.0,120.79,4060.0,1754905500.0,2025-08-11 15:15:00+05:30
120.62,120.79,120.33,120.49,4542.0,1754905800.0,2025-08-11 15:20:00+05:30
120.49,121.0,120.2,120.99,8945.0,1754906100.0,2025-08-11 15:25:00+05:30
120.84,121.6,120.1,120.5,8360.0,1754970300.0,2025-08-12 09:15:00+05:30
120.51,122.54,120.51,122.01,7543.0,1754970600.0,2025-08-12 09:20:00+05:30
122.21,123.34,122.21,123.27,12115.0,1754970900.0,2025-08-12 09:25:00+05:30
123.3,123.34,122.81,123.13,8650.0,1754971200.0,2025-08-12 09:30:00+05:30
123.04,123.13,122.88,122.92,8343.0,1754971500.0,2025-08-12 09:35:00+05:30
122.76,123.17,122.76,123.17,869.0,1754971800.0,2025-08-12 09:40:00+05:30
123.16,123.16,122.91,123.07,1133.0,1754972100.0,2025-08-12 09:45:00+05:30
123.11,123.11,122.56,122.56,1463.0,1754972400.0,2025-08-12 09:50:00+05:30
122.82,123.0,122.6,123.0,4588.0,1754972700.0,2025-08-12 09:55:00+05:30
123.0,123.0,122.6,122.72,757.0,1754973000.0,2025-08-12 10:00:00+05:30
122.72,122.72,122.54,122.55,79.0,1754973300.0,2025-08-12 10:05:00+05:30
122.55,122.71,122.43,122.43,11407.0,1754973600.0,2025-08-12 10:10:00+05:30
122.54,122.57,122.21,122.21,2240.0,1754973900.0,2025-08-12 10:15:00+05:30
122.21,122.6,122.21,122.47,1870.0,1754974200.0,2025-08-12 10:20:00+05:30
122.56,123.0,122.56,122.82,3168.0,1754974500.0,2025-08-12 10:25:00+05:30
122.82,122.84,122.53,122.53,201.0,1754974800.0,2025-08-12 10:30:00+05:30
122.54,122.79,122.46,122.78,569.0,1754975100.0,2025-08-12 10:35:00+05:30
122.78,122.8,122.62,122.8,865.0,1754975400.0,2025-08-12 10:40:00+05:30
122.8,122.83,122.7,122.83,2142.0,1754975700.0,2025-08-12 10:45:00+05:30
122.8,122.83,122.61,122.61,41.0,1754976000.0,2025-08-12 10:50:00+05:30
122.61,122.64,122.61,122.64,11.0,1754976300.0,2025-08-12 10:55:00+05:30
122.75,122.75,122.5,122.64,314.0,1754976600.0,2025-08-12 11:00:00+05:30
122.64,123.0,122.59,122.71,6221.0,1754976900.0,2025-08-12 11:05:00+05:30
122.71,122.98,122.71,122.98,132.0,1754977200.0,2025-08-12 11:10:00+05:30
122.98,122.98,122.83,122.83,169.0,1754977500.0,2025-08-12 11:15:00+05:30
122.83,122.84,122.73,122.84,31.0,1754977800.0,2025-08-12 11:20:00+05:30
122.84,122.9,122.84,122.89,324.0,1754978100.0,2025-08-12 11:25:00+05:30
122.9,123.26,122.9,123.04,6769.0,1754978400.0,2025-08-12 11:30:00+05:30
123.19,124.0,123.04,123.35,6991.0,1754978700.0,2025-08-12 11:35:00+05:30
123.35,123.35,122.74,122.97,2866.0,1754979000.0,2025-08-12 11:40:00+05:30
122.99,122.99,122.81,122.83,131.0,1754979300.0,2025-08-12 11:45:00+05:30
122.73,122.76,122.68,122.7,1068.0,1754979600.0,2025-08-12 11:50:00+05:30
122.62,122.76,122.62,122.76,34.0,1754979900.0,2025-08-12 11:55:00+05:30
122.79,122.79,122.6,122.64,511.0,1754980200.0,2025-08-12 12:00:00+05:30
122.64,122.64,122.24,122.53,1622.0,1754980500.0,2025-08-12 12:05:00+05:30
122.72,122.79,122.58,122.58,379.0,1754980800.0,2025-08-12 12:10:00+05:30
122.58,122.74,122.48,122.62,212.0,1754981100.0,2025-08-12 12:15:00+05:30
122.62,122.63,122.6,122.6,2.0,1754981400.0,2025-08-12 12:20:00+05:30
122.7,122.7,122.43,122.67,984.0,1754981700.0,2025-08-12 12:25:00+05:30
122.67,122.67,122.5,122.5,295.0,1754982000.0,2025-08-12 12:30:00+05:30
122.62,122.77,122.62,122.77,33.0,1754982300.0,2025-08-12 12:35:00+05:30
122.77,122.8,122.77,122.8,644.0,1754982600.0,2025-08-12 12:40:00+05:30
122.8,122.99,122.8,122.99,2224.0,1754982900.0,2025-08-12 12:45:00+05:30
122.99,123.0,122.98,123.0,534.0,1754983200.0,2025-08-12 12:50:00+05:30
122.83,123.19,122.83,123.19,4248.0,1754983500.0,2025-08-12 12:55:00+05:30
123.51,123.51,122.97,122.97,2296.0,1754983800.0,2025-08-12 13:00:00+05:30
122.97,122.97,122.83,122.84,223.0,1754984100.0,2025-08-12 13:05:00+05:30
122.94,122.94,122.83,122.9,79.0,1754984400.0,2025-08-12 13:10:00+05:30
122.83,122.83,122.7,122.7,341.0,1754984700.0,2025-08-12 13:15:00+05:30
122.7,122.7,122.7,122.7,0.0,1754985000.0,2025-08-12 13:20:00+05:30
122.7,122.71,122.52,122.67,660.0,1754985300.0,2025-08-12 13:25:00+05:30
122.76,122.76,122.56,122.6,354.0,1754985600.0,2025-08-12 13:30:00+05:30
122.6,122.94,122.6,122.75,3090.0,1754985900.0,2025-08-12 13:35:00+05:30
122.75,123.2,122.75,123.2,258.0,1754986200.0,2025-08-12 13:40:00+05:30
123.2,123.23,123.05,123.05,140.0,1754986500.0,2025-08-12 13:45:00+05:30
123.12,123.26,122.75,122.89,2448.0,1754986800.0,2025-08-12 13:50:00+05:30
122.58,122.8,122.58,122.66,713.0,1754987100.0,2025-08-12 13:55:00+05:30
122.88,123.64,122.85,123.4,5617.0,1754987400.0,2025-08-12 14:00:00+05:30
123.74,123.74,123.01,123.01,3430.0,1754987700.0,2025-08-12 14:05:00+05:30
123.02,123.02,123.0,123.0,12.0,1754988000.0,2025-08-12 14:10:00+05:30
123.0,123.0,122.96,123.0,513.0,1754988300.0,2025-08-12 14:15:00+05:30
123.04,123.2,122.81,123.2,1096.0,1754988600.0,2025-08-12 14:20:00+05:30
123.01,123.17,123.01,123.17,330.0,1754988900.0,2025-08-12 14:25:00+05:30
123.17,123.17,123.17,123.17,50.0,1754989200.0,2025-08-12 14:30:00+05:30
123.15,123.15,122.66,122.66,8093.0,1754989500.0,2025-08-12 14:35:00+05:30
122.51,123.09,122.4,122.69,3980.0,1754989800.0,2025-08-12 14:40:00+05:30
122.77,122.77,122.54,122.63,529.0,1754990100.0,2025-08-12 14:45:00+05:30
122.43,122.5,122.43,122.45,208.0,1754990400.0,2025-08-12 14:50:00+05:30
122.34,122.6,122.34,122.6,1490.0,1754990700.0,2025-08-12 14:55:00+05:30
122.42,122.55,122.32,122.43,319.0,1754991000.0,2025-08-12 15:00:00+05:30
122.43,122.43,121.14,121.14,7637.0,1754991300.0,2025-08-12 15:05:00+05:30
121.13,121.14,120.15,120.72,15890.0,1754991600.0,2025-08-12 15:10:00+05:30
120.85,120.85,120.33,120.33,7815.0,1754991900.0,2025-08-12 15:15:00+05:30
120.69,121.27,120.4,121.27,4754.0,1754992200.0,2025-08-12 15:20:00+05:30
121.27,122.0,121.0,122.0,4812.0,1754992500.0,2025-08-12 15:25:00+05:30
121.9,122.09,121.0,121.41,3484.0,1755056700.0,2025-08-13 09:15:00+05:30
121.34,121.41,120.87,121.39,9919.0,1755057000.0,2025-08-13 09:20:00+05:30
121.37,121.89,121.37,121.88,1474.0,1755057300.0,2025-08-13 09:25:00+05:30
121.91,122.19,121.55,121.9,7210.0,1755057600.0,2025-08-13 09:30:00+05:30
121.91,121.94,121.57,121.78,1330.0,1755057900.0,2025-08-13 09:35:00+05:30
121.78,121.95,121.73,121.93,241.0,1755058200.0,2025-08-13 09:40:00+05:30
121.72,121.8,121.72,121.8,52.0,1755058500.0,2025-08-13 09:45:00+05:30
121.8,122.2,121.8,121.8,2401.0,1755058800.0,2025-08-13 09:50:00+05:30
121.8,121.8,121.55,121.79,5091.0,1755059100.0,2025-08-13 09:55:00+05:30
121.78,122.04,121.21,121.3,4033.0,1755059400.0,2025-08-13 10:00:00+05:30
121.3,121.3,121.16,121.16,104.0,1755059700.0,2025-08-13 10:05:00+05:30
121.16,121.16,121.1,121.1,1034.0,1755060000.0,2025-08-13 10:10:00+05:30
121.1,121.27,121.1,121.27,1273.0,1755060300.0,2025-08-13 10:15:00+05:30
121.27,121.54,121.27,121.5,271.0,1755060600.0,2025-08-13 10:20:00+05:30
121.5,121.5,121.06,121.36,1933.0,1755060900.0,2025-08-13 10:25:00+05:30
121.36,121.36,121.0,121.0,1790.0,1755061200.0,2025-08-13 10:30:00+05:30
121.0,121.02,120.87,120.87,3038.0,1755061500.0,2025-08-13 10:35:00+05:30
120.85,120.98,120.79,120.97,3463.0,1755061800.0,2025-08-13 10:40:00+05:30
120.78,121.24,120.5,120.93,7587.0,1755062100.0,2025-08-13 10:45:00+05:30
121.0,121.48,121.0,121.48,8954.0,1755062400.0,2025-08-13 10:50:00+05:30
121.32,121.45,121.23,121.35,381.0,1755062700.0,2025-08-13 10:55:00+05:30
121.48,121.53,121.36,121.49,719.0,1755063000.0,2025-08-13 11:00:00+05:30
121.48,121.59,121.33,121.5,1197.0,1755063300.0,2025-08-13 11:05:00+05:30
121.5,121.57,121.46,121.57,199.0,1755063600.0,2025-08-13 11:10:00+05:30
121.55,121.63,121.47,121.5,705.0,1755063900.0,2025-08-13 11:15:00+05:30
121.5,121.5,121.46,121.46,954.0,1755064200.0,2025-08-13 11:20:00+05:30
121.43,121.46,121.31,121.46,346.0,1755064500.0,2025-08-13 11:25:00+05:30
121.46,121.61,121.15,121.61,1263.0,1755064800.0,2025-08-13 11:30:00+05:30
121.61,121.94,121.61,121.85,1011.0,1755065100.0,2025-08-13 11:35:00+05:30
121.65,121.86,121.53,121.86,1034.0,1755065400.0,2025-08-13 11:40:00+05:30
121.86,121.86,121.0,121.0,8711.0,1755065700.0,2025-08-13 11:45:00+05:30
120.95,120.95,120.89,120.89,288.0,1755066000.0,2025-08-13 11:50:00+05:30
120.94,120.94,120.76,120.84,366.0,1755066300.0,2025-08-13 11:55:00+05:30
120.66,120.76,120.51,120.65,570.0,1755066600.0,2025-08-13 12:00:00+05:30
120.65,120.78,120.63,120.63,259.0,1755066900.0,2025-08-13 12:05:00+05:30
120.6,120.69,120.48,120.65,1627.0,1755067200.0,2025-08-13 12:10:00+05:30
120.81,120.86,120.64,120.64,295.0,1755067500.0,2025-08-13 12:15:00+05:30
120.64,120.82,120.64,120.82,92.0,1755067800.0,2025-08-13 12:20:00+05:30
120.81,120.89,120.67,120.67,439.0,1755068100.0,2025-08-13 12:25:00+05:30
120.78,120.99,120.75,120.75,1323.0,1755068400.0,2025-08-13 12:30:00+05:30
120.75,120.86,120.75,120.86,530.0,1755068700.0,2025-08-13 12:35:00+05:30
120.86,120.87,120.8,120.87,155.0,1755069000.0,2025-08-13 12:40:00+05:30
120.87,120.94,120.87,120.94,165.0,1755069300.0,2025-08-13 12:45:00+05:30
120.94,120.94,120.94,120.94,55.0,1755069600.0,2025-08-13 12:50:00+05:30
120.95,120.95,120.71,120.71,720.0,1755069900.0,2025-08-13 12:55:00+05:30
120.71,120.83,120.67,120.7,639.0,1755070200.0,2025-08-13 13:00:00+05:30
120.7,120.88,120.7,120.74,313.0,1755070500.0,2025-08-13 13:05:00+05:30
120.74,120.87,120.6,120.6,392.0,1755070800.0,2025-08-13 13:10:00+05:30
120.6,120.7,120.6,120.62,535.0,1755071100.0,2025-08-13 13:15:00+05:30
120.4,120.48,120.38,120.45,3520.0,1755071400.0,2025-08-13 13:20:00+05:30
120.47,120.5,120.41,120.5,4838.0,1755071700.0,2025-08-13 13:25:00+05:30
120.5,120.6,120.5,120.6,12821.0,1755072000.0,2025-08-13 13:30:00+05:30
120.69,120.7,120.59,120.6,152.0,1755072300.0,2025-08-13 13:35:00+05:30
120.61,120.85,120.61,120.85,258.0,1755072600.0,2025-08-13 13:40:00+05:30
120.85,120.9,120.61,120.61,1084.0,1755072900.0,2025-08-13 13:45:00+05:30
120.61,121.0,120.58,120.78,3401.0,1755073200.0,2025-08-13 13:50:00+05:30
120.88,120.88,120.7,120.7,7.0,1755073500.0,2025-08-13 13:55:00+05:30
120.7,120.92,120.7,120.78,598.0,1755073800.0,2025-08-13 14:00:00+05:30
120.7,120.7,120.56,120.7,735.0,1755074100.0,2025-08-13 14:05:00+05:30
120.7,120.7,120.52,120.52,513.0,1755074400.0,2025-08-13 14:10:00+05:30
120.7,120.7,120.0,120.69,13972.0,1755074700.0,2025-08-13 14:15:00+05:30
120.68,120.69,120.63,120.69,604.0,1755075000.0,2025-08-13 14:20:00+05:30
120.69,120.87,120.68,120.87,341.0,1755075300.0,2025-08-13 14:25:00+05:30
120.73,120.83,120.43,120.43,2175.0,1755075600.0,2025-08-13 14:30:00+05:30
120.64,120.64,120.58,120.6,170.0,1755075900.0,2025-08-13 14:35:00+05:30
120.63,120.64,120.59,120.64,1178.0,1755076200.0,2025-08-13 14:40:00+05:30
120.64,120.68,120.33,120.68,3069.0,1755076500.0,2025-08-13 14:45:00+05:30
120.67,120.74,120.5,120.5,690.0,1755076800.0,2025-08-13 14:50:00+05:30
120.53,120.54,120.31,120.49,8786.0,1755077100.0,2025-08-13 14:55:00+05:30
120.49,120.6,120.3,120.3,2680.0,1755077400.0,2025-08-13 15:00:00+05:30
120.57,120.8,120.31,120.47,3584.0,1755077700.0,2025-08-13 15:05:00+05:30
120.69,120.69,120.38,120.51,603.0,1755078000.0,2025-08-13 15:10:00+05:30
120.31,121.5,120.11,120.78,30375.0,1755078300.0,2025-08-13 15:15:00+05:30
120.73,120.99,120.71,120.86,2052.0,1755078600.0,2025-08-13 15:20:00+05:30
120.76,126.1,120.76,123.0,46645.0,1755078900.0,2025-08-13 15:25:00+05:30
121.8,123.38,121.8,122.22,7206.0,1755143100.0,2025-08-14 09:15:00+05:30
121.95,123.47,121.78,123.47,4758.0,1755143400.0,2025-08-14 09:20:00+05:30
123.2,123.5,122.89,123.22,3793.0,1755143700.0,2025-08-14 09:25:00+05:30
123.44,124.04,123.21,123.5,3522.0,1755144000.0,2025-08-14 09:30:00+05:30
123.41,123.9,123.31,123.33,2521.0,1755144300.0,2025-08-14 09:35:00+05:30
123.22,123.54,123.2,123.54,463.0,1755144600.0,2025-08-14 09:40:00+05:30
123.53,123.53,123.2,123.28,1382.0,1755144900.0,2025-08-14 09:45:00+05:30
123.39,123.47,122.61,122.67,2204.0,1755145200.0,2025-08-14 09:50:00+05:30
122.67,122.82,122.44,122.44,1566.0,1755145500.0,2025-08-14 09:55:00+05:30
122.43,123.0,122.43,122.84,2383.0,1755145800.0,2025-08-14 10:00:00+05:30
122.84,123.4,122.7,123.35,5579.0,1755146100.0,2025-08-14 10:05:00+05:30
123.21,123.42,122.96,122.96,1694.0,1755146400.0,2025-08-14 10:10:00+05:30
122.9,123.0,122.7,122.89,464.0,1755146700.0,2025-08-14 10:15:00+05:30
122.89,123.25,122.86,123.25,354.0,1755147000.0,2025-08-14 10:20:00+05:30
123.25,123.56,123.02,123.3,1390.0,1755147300.0,2025-08-14 10:25:00+05:30
123.5,123.5,123.03,123.31,2873.0,1755147600.0,2025-08-14 10:30:00+05:30
123.14,123.33,123.04,123.05,750.0,1755147900.0,2025-08-14 10:35:00+05:30
123.18,123.47,123.18,123.38,2177.0,1755148200.0,2025-08-14 10:40:00+05:30
123.39,123.89,123.39,123.83,3639.0,1755148500.0,2025-08-14 10:45:00+05:30
123.83,123.83,123.46,123.46,355.0,1755148800.0,2025-08-14 10:50:00+05:30
123.46,123.72,123.46,123.69,98.0,1755149100.0,2025-08-14 10:55:00+05:30
123.74,123.8,123.52,123.6,299.0,1755149400.0,2025-08-14 11:00:00+05:30
123.63,124.0,123.6,123.86,14137.0,1755149700.0,2025-08-14 11:05:00+05:30
124.0,124.0,123.8,123.8,5079.0,1755150000.0,2025-08-14 11:10:00+05:30
123.8,124.2,123.8,124.16,3235.0,1755150300.0,2025-08-14 11:15:00+05:30
124.16,124.69,123.68,123.91,9878.0,1755150600.0,2025-08-14 11:20:00+05:30
123.71,123.71,123.21,123.57,3086.0,1755150900.0,2025-08-14 11:25:00+05:30
123.57,123.57,123.48,123.48,293.0,1755151200.0,2025-08-14 11:30:00+05:30
123.48,123.53,123.14,123.28,2005.0,1755151500.0,2025-08-14 11:35:00+05:30
123.27,123.27,122.81,122.97,2796.0,1755151800.0,2025-08-14 11:40:00+05:30
122.95,123.04,122.95,123.0,383.0,1755152100.0,2025-08-14 11:45:00+05:30
123.09,123.38,122.77,123.36,3819.0,1755152400.0,2025-08-14 11:50:00+05:30
123.3,124.0,123.26,123.3,2784.0,1755152700.0,2025-08-14 11:55:00+05:30
123.49,123.49,123.22,123.47,49.0,1755153000.0,2025-08-14 12:00:00+05:30
123.29,123.6,123.29,123.48,415.0,1755153300.0,2025-08-14 12:05:00+05:30
123.59,123.6,123.59,123.59,130.0,1755153600.0,2025-08-14 12:10:00+05:30
123.59,123.93,123.59,123.66,905.0,1755153900.0,2025-08-14 12:15:00+05:30
123.66,123.76,123.57,123.76,55.0,1755154200.0,2025-08-14 12:20:00+05:30
123.76,123.76,123.34,123.34,933.0,1755154500.0,2025-08-14 12:25:00+05:30
123.4,123.4,122.82,123.38,5480.0,1755154800.0,2025-08-14 12:30:00+05:30
123.2,123.45,123.12,123.38,266.0,1755155100.0,2025-08-14 12:35:00+05:30
123.3,123.3,122.58,122.6,1724.0,1755155400.0,2025-08-14 12:40:00+05:30
122.81,122.81,122.51,122.51,321.0,1755155700.0,2025-08-14 12:45:00+05:30
122.51,122.74,122.51,122.74,220.0,1755156000.0,2025-08-14 12:50:00+05:30
122.75,122.75,122.67,122.71,594.0,1755156300.0,2025-08-14 12:55:00+05:30
122.71,123.0,122.53,123.0,614.0,1755156600.0,2025-08-14 13:00:00+05:30
123.0,123.4,122.79,123.35,4587.0,1755156900.0,2025-08-14 13:05:00+05:30
123.13,123.72,122.76,123.5,7464.0,1755157200.0,2025-08-14 13:10:00+05:30
123.48,123.51,123.02,123.02,782.0,1755157500.0,2025-08-14 13:15:00+05:30
122.94,123.49,122.89,123.42,1608.0,1755157800.0,2025-08-14 13:20:00+05:30
123.42,123.85,123.21,123.68,2410.0,1755158100.0,2025-08-14 13:25:00+05:30
123.67,123.82,123.57,123.82,470.0,1755158400.0,2025-08-14 13:30:00+05:30
123.41,123.6,123.39,123.53,558.0,1755158700.0,2025-08-14 13:35:00+05:30
123.59,123.6,123.28,123.51,490.0,1755159000.0,2025-08-14 13:40:00+05:30
123.45,123.59,123.04,123.04,882.0,1755159300.0,2025-08-14 13:45:00+05:30
123.36,123.52,123.12,123.52,446.0,1755159600.0,2025-08-14 13:50:00+05:30
123.52,123.6,123.2,123.6,1000.0,1755159900.0,2025-08-14 13:55:00+05:30
123.66,123.66,123.03,123.03,3175.0,1755160200.0,2025-08-14 14:00:00+05:30
123.16,123.4,122.57,122.65,14608.0,1755160500.0,2025-08-14 14:05:00+05:30
122.65,122.75,121.51,121.79,9804.0,1755160800.0,2025-08-14 14:10:00+05:30
121.8,121.8,121.05,121.66,3980.0,1755161100.0,2025-08-14 14:15:00+05:30
121.5,121.97,120.95,121.8,20883.0,1755161400.0,2025-08-14 14:20:00+05:30
121.53,121.85,121.53,121.85,1235.0,1755161700.0,2025-08-14 14:25:00+05:30
121.6,121.74,121.5,121.5,1304.0,1755162000.0,2025-08-14 14:30:00+05:30
121.5,121.53,120.0,120.35,29609.0,1755162300.0,2025-08-14 14:35:00+05:30
120.3,120.81,119.92,120.69,9453.0,1755162600.0,2025-08-14 14:40:00+05:30
120.69,120.7,120.35,120.45,7130.0,1755162900.0,2025-08-14 14:45:00+05:30
120.45,120.5,120.45,120.5,824.0,1755163200.0,2025-08-14 14:50:00+05:30
120.46,120.89,120.46,120.74,6317.0,1755163500.0,2025-08-14 14:55:00+05:30
121.0,121.0,120.42,120.75,8361.0,1755163800.0,2025-08-14 15:00:00+05:30
120.96,120.96,120.22,120.34,16279.0,1755164100.0,2025-08-14 15:05:00+05:30
120.4,120.64,120.34,120.5,18160.0,1755164400.0,2025-08-14 15:10:00+05:30
120.5,120.57,120.21,120.21,15152.0,1755164700.0,2025-08-14 15:15:00+05:30
120.53,120.53,120.1,120.49,13225.0,1755165000.0,2025-08-14 15:20:00+05:30
120.49,122.49,120.34,121.9,12292.0,1755165300.0,2025-08-14 15:25:00+05:30
125.0,125.93,123.99,124.11,19198.0,1755488700.0,2025-08-18 09:15:00+05:30
124.1,124.47,123.75,124.33,12514.0,1755489000.0,2025-08-18 09:20:00+05:30
124.3,124.3,123.76,123.85,3800.0,1755489300.0,2025-08-18 09:25:00+05:30
123.32,123.79,123.05,123.17,6935.0,1755489600.0,2025-08-18 09:30:00+05:30
123.05,123.53,123.02,123.02,3381.0,1755489900.0,2025-08-18 09:35:00+05:30
123.17,123.94,123.17,123.56,3695.0,1755490200.0,2025-08-18 09:40:00+05:30
123.78,124.86,123.59,124.33,9017.0,1755490500.0,2025-08-18 09:45:00+05:30
124.05,124.69,124.05,124.45,3981.0,1755490800.0,2025-08-18 09:50:00+05:30
124.59,124.89,124.45,124.45,3682.0,1755491100.0,2025-08-18 09:55:00+05:30
124.36,124.78,124.14,124.78,6686.0,1755491400.0,2025-08-18 10:00:00+05:30
124.57,124.92,124.52,124.63,3622.0,1755491700.0,2025-08-18 10:05:00+05:30
124.76,124.92,124.58,124.92,1693.0,1755492000.0,2025-08-18 10:10:00+05:30
124.8,124.95,124.3,124.64,14734.0,1755492300.0,2025-08-18 10:15:00+05:30
124.62,124.81,124.26,124.7,3371.0,1755492600.0,2025-08-18 10:20:00+05:30
124.79,124.81,124.59,124.59,927.0,1755492900.0,2025-08-18 10:25:00+05:30
124.58,124.62,124.15,124.31,4752.0,1755493200.0,2025-08-18 10:30:00+05:30
124.42,124.82,124.26,124.6,6040.0,1755493500.0,2025-08-18 10:35:00+05:30
124.71,124.74,124.47,124.65,892.0,1755493800.0,2025-08-18 10:40:00+05:30
124.47,124.89,124.47,124.51,3619.0,1755494100.0,2025-08-18 10:45:00+05:30
124.48,124.7,124.48,124.7,673.0,1755494400.0,2025-08-18 10:50:00+05:30
124.61,124.68,124.43,124.52,5918.0,1755494700.0,2025-08-18 10:55:00+05:30
124.52,124.55,124.4,124.52,320.0,1755495000.0,2025-08-18 11:00:00+05:30
124.4,124.54,124.36,124.4,939.0,1755495300.0,2025-08-18 11:05:00+05:30
124.4,125.0,124.34,124.42,9754.0,1755495600.0,2025-08-18 11:10:00+05:30
124.42,124.42,124.0,124.0,8298.0,1755495900.0,2025-08-18 11:15:00+05:30
123.89,123.92,123.62,123.87,3094.0,1755496200.0,2025-08-18 11:20:00+05:30
123.98,124.15,123.9,123.99,3241.0,1755496500.0,2025-08-18 11:25:00+05:30
124.0,124.0,123.67,123.83,708.0,1755496800.0,2025-08-18 11:30:00+05:30
123.85,123.9,123.62,123.85,534.0,1755497100.0,2025-08-18 11:35:00+05:30
123.88,123.88,123.7,123.7,897.0,1755497400.0,2025-08-18 11:40:00+05:30
123.6,123.7,123.6,123.7,160.0,1755497700.0,2025-08-18 11:45:00+05:30
123.7,123.87,123.7,123.8,1082.0,1755498000.0,2025-08-18 11:50:00+05:30
123.7,123.8,123.5,123.7,2493.0,1755498300.0,2025-08-18 11:55:00+05:30
123.69,124.3,123.69,124.02,4661.0,1755498600.0,2025-08-18 12:00:00+05:30
123.8,123.85,123.53,123.56,3224.0,1755498900.0,2025-08-18 12:05:00+05:30
123.56,123.76,123.56,123.76,155.0,1755499200.0,2025-08-18 12:10:00+05:30
123.76,123.93,123.74,123.75,4991.0,1755499500.0,2025-08-18 12:15:00+05:30
123.75,123.96,123.55,123.55,1792.0,1755499800.0,2025-08-18 12:20:00+05:30
123.55,123.69,123.5,123.5,747.0,1755500100.0,2025-08-18 12:25:00+05:30
123.4,123.43,123.3,123.35,754.0,1755500400.0,2025-08-18 12:30:00+05:30
123.35,123.35,123.3,123.3,500.0,1755500700.0,2025-08-18 12:35:00+05:30
123.3,123.4,123.3,123.35,17030.0,1755501000.0,2025-08-18 12:40:00+05:30
123.41,123.7,123.41,123.59,2156.0,1755501300.0,2025-08-18 12:45:00+05:30
123.73,123.97,123.7,123.9,1057.0,1755501600.0,2025-08-18 12:50:00+05:30
123.9,124.0,123.83,123.95,126.0,1755501900.0,2025-08-18 12:55:00+05:30
123.95,123.95,123.77,123.77,599.0,1755502200.0,2025-08-18 13:00:00+05:30
123.77,123.9,123.77,123.9,1189.0,1755502500.0,2025-08-18 13:05:00+05:30
123.9,123.95,123.65,123.95,2049.0,1755502800.0,2025-08-18 13:10:00+05:30
123.95,124.1,123.95,124.1,451.0,1755503100.0,2025-08-18 13:15:00+05:30
124.1,124.64,124.1,124.64,2718.0,1755503400.0,2025-08-18 13:20:00+05:30
124.72,124.77,124.44,124.64,1306.0,1755503700.0,2025-08-18 13:25:00+05:30
124.53,124.6,124.41,124.57,1839.0,1755504000.0,2025-08-18 13:30:00+05:30
124.59,124.62,124.44,124.62,537.0,1755504300.0,2025-08-18 13:35:00+05:30
124.62,124.64,124.17,124.17,2490.0,1755504600.0,2025-08-18 13:40:00+05:30
124.37,124.37,123.76,123.76,6629.0,1755504900.0,2025-08-18 13:45:00+05:30
123.76,123.76,123.76,123.76,0.0,1755505200.0,2025-08-18 13:50:00+05:30
123.75,124.49,123.75,124.49,4683.0,1755505500.0,2025-08-18 13:55:00+05:30
124.54,124.9,124.54,124.83,1714.0,1755505800.0,2025-08-18 14:00:00+05:30
124.78,124.78,124.61,124.61,344.0,1755506100.0,2025-08-18 14:05:00+05:30
124.6,124.6,124.14,124.14,1911.0,1755506400.0,2025-08-18 14:10:00+05:30
124.24,124.5,124.24,124.3,931.0,1755506700.0,2025-08-18 14:15:00+05:30
124.14,124.79,124.14,124.43,3790.0,1755507000.0,2025-08-18 14:20:00+05:30
124.46,124.8,124.34,124.8,854.0,1755507300.0,2025-08-18 14:25:00+05:30
124.8,124.8,124.3,124.42,2845.0,1755507600.0,2025-08-18 14:30:00+05:30
124.21,124.57,124.07,124.14,2258.0,1755507900.0,2025-08-18 14:35:00+05:30
124.11,124.91,124.01,124.87,22284.0,1755508200.0,2025-08-18 14:40:00+05:30
124.7,124.7,124.49,124.49,791.0,1755508500.0,2025-08-18 14:45:00+05:30
124.58,125.31,124.58,125.28,7042.0,1755508800.0,2025-08-18 14:50:00+05:30
125.1,125.2,124.83,124.95,1243.0,1755509100.0,2025-08-18 14:55:00+05:30
124.78,125.01,124.58,124.8,1331.0,1755509400.0,2025-08-18 15:00:00+05:30
124.59,124.92,124.59,124.65,1933.0,1755509700.0,2025-08-18 15:05:00+05:30
124.6,125.0,124.6,124.7,2091.0,1755510000.0,2025-08-18 15:10:00+05:30
124.65,125.0,124.13,125.0,9392.0,1755510300.0,2025-08-18 15:15:00+05:30
124.52,125.0,124.5,124.84,5197.0,1755510600.0,2025-08-18 15:20:00+05:30
124.84,124.9,124.05,124.06,7010.0,1755510900.0,2025-08-18 15:25:00+05:30
124.13,124.9,123.42,124.63,5524.0,1755575100.0,2025-08-19 09:15:00+05:30
124.6,125.0,124.44,124.95,4048.0,1755575400.0,2025-08-19 09:20:00+05:30
124.96,125.43,124.72,125.43,1708.0,1755575700.0,2025-08-19 09:25:00+05:30
125.44,125.5,123.12,123.66,26864.0,1755576000.0,2025-08-19 09:30:00+05:30
123.73,123.77,123.37,123.37,2781.0,1755576300.0,2025-08-19 09:35:00+05:30
123.12,123.89,123.12,123.79,2907.0,1755576600.0,2025-08-19 09:40:00+05:30
123.79,123.79,123.51,123.54,475.0,1755576900.0,2025-08-19 09:45:00+05:30
123.68,123.7,122.61,123.11,13341.0,1755577200.0,2025-08-19 09:50:00+05:30
123.11,123.11,122.54,122.95,3478.0,1755577500.0,2025-08-19 09:55:00+05:30
122.96,123.01,122.71,122.88,2668.0,1755577800.0,2025-08-19 10:00:00+05:30
122.87,123.07,122.74,123.04,1463.0,1755578100.0,2025-08-19 10:05:00+05:30
123.19,123.3,123.09,123.13,5678.0,1755578400.0,2025-08-19 10:10:00+05:30
123.01,123.31,122.95,123.31,4129.0,1755578700.0,2025-08-19 10:15:00+05:30
123.31,123.49,123.2,123.32,2108.0,1755579000.0,2025-08-19 10:20:00+05:30
123.25,123.5,123.25,123.5,3706.0,1755579300.0,2025-08-19 10:25:00+05:30
123.55,123.57,123.31,123.4,1478.0,1755579600.0,2025-08-19 10:30:00+05:30
123.55,123.56,123.26,123.3,1197.0,1755579900.0,2025-08-19 10:35:00+05:30
123.6,123.6,123.44,123.6,1053.0,1755580200.0,2025-08-19 10:40:00+05:30
123.44,123.57,123.34,123.5,353.0,1755580500.0,2025-08-19 10:45:00+05:30
123.5,123.5,123.4,123.5,528.0,1755580800.0,2025-08-19 10:50:00+05:30
123.5,123.82,123.5,123.82,4691.0,1755581100.0,2025-08-19 10:55:00+05:30
123.9,124.0,123.82,123.98,1125.0,1755581400.0,2025-08-19 11:00:00+05:30
123.98,124.0,123.63,123.83,2219.0,1755581700.0,2025-08-19 11:05:00+05:30
123.64,123.64,123.24,123.24,1553.0,1755582000.0,2025-08-19 11:10:00+05:30
123.27,123.45,123.24,123.45,4541.0,1755582300.0,2025-08-19 11:15:00+05:30
123.45,123.49,123.45,123.49,27.0,1755582600.0,2025-08-19 11:20:00+05:30
123.33,123.64,123.33,123.6,1253.0,1755582900.0,2025-08-19 11:25:00+05:30
123.6,123.89,123.6,123.89,1266.0,1755583200.0,2025-08-19 11:30:00+05:30
123.89,123.89,123.8,123.8,1383.0,1755583500.0,2025-08-19 11:35:00+05:30
123.8,123.85,123.74,123.74,390.0,1755583800.0,2025-08-19 11:40:00+05:30
123.74,123.9,123.74,123.8,175.0,1755584100.0,2025-08-19 11:45:00+05:30
123.9,123.9,123.74,123.8,1242.0,1755584400.0,2025-08-19 11:50:00+05:30
123.83,123.83,123.5,123.69,1972.0,1755584700.0,2025-08-19 11:55:00+05:30
123.52,123.9,123.52,123.9,3433.0,1755585000.0,2025-08-19 12:00:00+05:30
123.83,123.97,123.32,123.32,8861.0,1755585300.0,2025-08-19 12:05:00+05:30
123.56,123.56,123.39,123.45,82.0,1755585600.0,2025-08-19 12:10:00+05:30
123.42,123.57,122.67,123.56,9344.0,1755585900.0,2025-08-19 12:15:00+05:30
123.7,123.7,123.01,123.64,5428.0,1755586200.0,2025-08-19 12:20:00+05:30
123.01,123.3,123.01,123.3,6175.0,1755586500.0,2025-08-19 12:25:00+05:30
123.38,123.38,123.25,123.29,2637.0,1755586800.0,2025-08-19 12:30:00+05:30
123.12,123.4,123.05,123.24,6655.0,1755587100.0,2025-08-19 12:35:00+05:30
123.24,123.3,123.13,123.3,707.0,1755587400.0,2025-08-19 12:40:00+05:30
123.3,123.3,121.28,122.22,33691.0,1755587700.0,2025-08-19 12:45:00+05:30
121.32,122.64,121.11,122.45,27011.0,1755588000.0,2025-08-19 12:50:00+05:30
122.45,122.69,122.4,122.68,1384.0,1755588300.0,2025-08-19 12:55:00+05:30
122.68,122.68,121.0,121.4,38963.0,1755588600.0,2025-08-19 13:00:00+05:30
121.44,121.93,121.41,121.83,10115.0,1755588900.0,2025-08-19 13:05:00+05:30
121.9,122.07,121.76,121.94,3280.0,1755589200.0,2025-08-19 13:10:00+05:30
121.94,122.39,121.94,122.35,2392.0,1755589500.0,2025-08-19 13:15:00+05:30
122.35,122.37,122.1,122.21,1962.0,1755589800.0,2025-08-19 13:20:00+05:30
122.19,122.28,122.0,122.09,3683.0,1755590100.0,2025-08-19 13:25:00+05:30
122.17,122.19,121.9,122.0,5764.0,1755590400.0,2025-08-19 13:30:00+05:30
122.01,122.32,122.01,122.21,7262.0,1755590700.0,2025-08-19 13:35:00+05:30
122.38,122.45,122.18,122.45,2638.0,1755591000.0,2025-08-19 13:40:00+05:30
122.48,122.49,122.3,122.44,691.0,1755591300.0,2025-08-19 13:45:00+05:30
122.45,122.48,122.43,122.48,120.0,1755591600.0,2025-08-19 13:50:00+05:30
122.2,122.43,122.2,122.34,1744.0,1755591900.0,2025-08-19 13:55:00+05:30
122.36,122.36,122.24,122.3,830.0,1755592200.0,2025-08-19 14:00:00+05:30
122.24,122.34,122.16,122.26,1945.0,1755592500.0,2025-08-19 14:05:00+05:30
122.26,122.36,122.17,122.23,554.0,1755592800.0,2025-08-19 14:10:00+05:30
122.1,122.39,122.1,122.38,2729.0,1755593100.0,2025-08-19 14:15:00+05:30
122.4,122.4,122.08,122.18,1381.0,1755593400.0,2025-08-19 14:20:00+05:30
122.32,122.32,122.09,122.28,610.0,1755593700.0,2025-08-19 14:25:00+05:30
122.28,122.4,122.28,122.4,2144.0,1755594000.0,2025-08-19 14:30:00+05:30
122.4,122.71,122.36,122.54,1760.0,1755594300.0,2025-08-19 14:35:00+05:30
122.65,122.71,122.51,122.68,16508.0,1755594600.0,2025-08-19 14:40:00+05:30
122.9,122.9,122.68,122.9,5732.0,1755594900.0,2025-08-19 14:45:00+05:30
122.89,122.94,122.61,122.94,14320.0,1755595200.0,2025-08-19 14:50:00+05:30
122.8,123.0,122.8,122.89,6804.0,1755595500.0,2025-08-19 14:55:00+05:30
122.91,122.91,122.6,122.71,3975.0,1755595800.0,2025-08-19 15:00:00+05:30
122.66,122.84,122.61,122.68,8447.0,1755596100.0,2025-08-19 15:05:00+05:30
122.7,122.93,122.5,122.7,7115.0,1755596400.0,2025-08-19 15:10:00+05:30
122.7,123.13,122.7,123.11,6212.0,1755596700.0,2025-08-19 15:15:00+05:30
123.1,123.1,122.91,122.97,13485.0,1755597000.0,2025-08-19 15:20:00+05:30
123.01,123.5,122.5,122.51,10465.0,1755597300.0,2025-08-19 15:25:00+05:30
124.1,124.69,122.51,124.24,11472.0,1755661500.0,2025-08-20 09:15:00+05:30
124.03,124.25,123.83,123.83,7373.0,1755661800.0,2025-08-20 09:20:00+05:30
123.68,123.73,123.31,123.32,4578.0,1755662100.0,2025-08-20 09:25:00+05:30
123.31,123.6,123.29,123.52,2523.0,1755662400.0,2025-08-20 09:30:00+05:30
123.52,124.03,123.52,123.9,4028.0,1755662700.0,2025-08-20 09:35:00+05:30
123.9,124.36,123.82,123.96,9008.0,1755663000.0,2025-08-20 09:40:00+05:30
123.76,124.0,123.76,123.98,475.0,1755663300.0,2025-08-20 09:45:00+05:30
123.73,123.96,123.11,123.11,8223.0,1755663600.0,2025-08-20 09:50:00+05:30
123.29,123.51,123.29,123.47,430.0,1755663900.0,2025-08-20 09:55:00+05:30
123.47,123.67,123.47,123.53,141.0,1755664200.0,2025-08-20 10:00:00+05:30
123.67,123.69,123.23,123.39,1970.0,1755664500.0,2025-08-20 10:05:00+05:30
123.45,123.45,123.07,123.39,906.0,1755664800.0,2025-08-20 10:10:00+05:30
123.39,123.74,123.23,123.73,4948.0,1755665100.0,2025-08-20 10:15:00+05:30
123.78,123.78,123.38,123.71,2354.0,1755665400.0,2025-08-20 10:20:00+05:30
123.71,123.85,123.66,123.85,281.0,1755665700.0,2025-08-20 10:25:00+05:30
123.85,123.97,123.7,123.97,827.0,1755666000.0,2025-08-20 10:30:00+05:30
123.97,123.97,123.61,123.79,3582.0,1755666300.0,2025-08-20 10:35:00+05:30
123.75,123.93,123.75,123.89,1289.0,1755666600.0,2025-08-20 10:40:00+05:30
123.77,123.93,123.75,123.77,2896.0,1755666900.0,2025-08-20 10:45:00+05:30
123.77,123.77,123.7,123.7,107.0,1755667200.0,2025-08-20 10:50:00+05:30
123.7,123.7,123.7,123.7,593.0,1755667500.0,2025-08-20 10:55:00+05:30
123.65,123.65,123.61,123.65,796.0,1755667800.0,2025-08-20 11:00:00+05:30
123.65,123.65,123.65,123.65,836.0,1755668100.0,2025-08-20 11:05:00+05:30
123.65,124.0,123.65,123.98,6725.0,1755668400.0,2025-08-20 11:10:00+05:30
123.98,123.98,123.78,123.95,349.0,1755668700.0,2025-08-20 11:15:00+05:30
123.78,124.0,123.78,123.88,1601.0,1755669000.0,2025-08-20 11:20:00+05:30
123.88,123.88,123.65,123.87,1338.0,1755669300.0,2025-08-20 11:25:00+05:30
123.87,123.87,123.74,123.74,22.0,1755669600.0,2025-08-20 11:30:00+05:30
123.74,123.75,123.7,123.75,1251.0,1755669900.0,2025-08-20 11:35:00+05:30
123.75,123.77,123.5,123.5,2071.0,1755670200.0,2025-08-20 11:40:00+05:30
123.69,123.69,123.3,123.3,2349.0,1755670500.0,2025-08-20 11:45:00+05:30
123.45,123.45,123.01,123.36,3843.0,1755670800.0,2025-08-20 11:50:00+05:30
123.36,123.77,123.36,123.77,1677.0,1755671100.0,2025-08-20 11:55:00+05:30
123.62,123.62,123.33,123.53,1556.0,1755671400.0,2025-08-20 12:00:00+05:30
123.54,123.57,123.54,123.57,201.0,1755671700.0,2025-08-20 12:05:00+05:30
123.57,123.65,123.57,123.65,80.0,1755672000.0,2025-08-20 12:10:00+05:30
123.57,123.68,123.49,123.49,1834.0,1755672300.0,2025-08-20 12:15:00+05:30
123.47,123.47,123.27,123.27,112.0,1755672600.0,2025-08-20 12:20:00+05:30
123.47,123.5,123.15,123.15,1956.0,1755672900.0,2025-08-20 12:25:00+05:30
123.15,123.41,123.15,123.41,1302.0,1755673200.0,2025-08-20 12:30:00+05:30
123.54,123.54,123.2,123.39,982.0,1755673500.0,2025-08-20 12:35:00+05:30
123.41,123.6,123.2,123.2,1348.0,1755673800.0,2025-08-20 12:40:00+05:30
123.33,123.37,123.21,123.24,115.0,1755674100.0,2025-08-20 12:45:00+05:30
123.35,123.35,123.21,123.35,245.0,1755674400.0,2025-08-20 12:50:00+05:30
123.22,123.35,123.22,123.35,217.0,1755674700.0,2025-08-20 12:55:00+05:30
123.35,123.5,123.35,123.5,304.0,1755675000.0,2025-08-20 13:00:00+05:30
123.5,123.52,123.21,123.21,1490.0,1755675300.0,2025-08-20 13:05:00+05:30
123.2,123.2,123.18,123.18,178.0,1755675600.0,2025-08-20 13:10:00+05:30
123.21,123.34,123.2,123.32,527.0,1755675900.0,2025-08-20 13:15:00+05:30
123.3,123.33,123.04,123.04,2123.0,1755676200.0,2025-08-20 13:20:00+05:30
123.04,123.2,123.04,123.06,617.0,1755676500.0,2025-08-20 13:25:00+05:30
123.07,123.19,123.06,123.06,3016.0,1755676800.0,2025-08-20 13:30:00+05:30
123.06,123.12,122.85,122.85,7383.0,1755677100.0,2025-08-20 13:35:00+05:30
122.85,122.93,122.75,122.85,1674.0,1755677400.0,2025-08-20 13:40:00+05:30
122.85,123.0,122.85,122.97,478.0,1755677700.0,2025-08-20 13:45:00+05:30
122.97,123.32,122.87,123.25,4262.0,1755678000.0,2025-08-20 13:50:00+05:30
123.25,123.3,123.25,123.25,630.0,1755678300.0,2025-08-20 13:55:00+05:30
123.25,123.42,123.25,123.4,1054.0,1755678600.0,2025-08-20 14:00:00+05:30
123.27,123.48,123.26,123.48,1079.0,1755678900.0,2025-08-20 14:05:00+05:30
123.48,123.54,123.3,123.3,1147.0,1755679200.0,2025-08-20 14:10:00+05:30
123.26,123.46,123.06,123.1,1576.0,1755679500.0,2025-08-20 14:15:00+05:30
123.18,123.19,123.1,123.18,551.0,1755679800.0,2025-08-20 14:20:00+05:30
123.21,123.24,123.1,123.1,1654.0,1755680100.0,2025-08-20 14:25:00+05:30
123.1,123.22,123.0,123.22,3685.0,1755680400.0,2025-08-20 14:30:00+05:30
123.24,123.25,123.03,123.17,2578.0,1755680700.0,2025-08-20 14:35:00+05:30
123.1,123.17,123.01,123.1,1108.0,1755681000.0,2025-08-20 14:40:00+05:30
123.03,123.12,122.71,122.72,3463.0,1755681300.0,2025-08-20 14:45:00+05:30
122.71,123.08,122.71,122.99,1363.0,1755681600.0,2025-08-20 14:50:00+05:30
123.1,123.1,122.84,122.94,1349.0,1755681900.0,2025-08-20 14:55:00+05:30
122.94,123.03,122.85,122.95,1664.0,1755682200.0,2025-08-20 15:00:00+05:30
122.95,123.1,122.89,123.03,3367.0,1755682500.0,2025-08-20 15:05:00+05:30
123.0,123.25,122.87,122.99,7716.0,1755682800.0,2025-08-20 15:10:00+05:30
122.99,122.99,122.57,122.88,11883.0,1755683100.0,2025-08-20 15:15:00+05:30
122.76,122.89,122.11,122.61,13509.0,1755683400.0,2025-08-20 15:20:00+05:30
122.69,123.0,122.14,122.9,5974.0,1755683700.0,2025-08-20 15:25:00+05:30
124.3,124.3,123.01,123.7,8086.0,1755747900.0,2025-08-21 09:15:00+05:30
123.49,123.8,123.49,123.71,3901.0,1755748200.0,2025-08-21 09:20:00+05:30
123.73,123.82,123.52,123.73,1567.0,1755748500.0,2025-08-21 09:25:00+05:30
123.55,123.75,123.55,123.6,1891.0,1755748800.0,2025-08-21 09:30:00+05:30
123.65,123.65,123.1,123.1,3294.0,1755749100.0,2025-08-21 09:35:00+05:30
123.01,123.4,123.0,123.4,3873.0,1755749400.0,2025-08-21 09:40:00+05:30
123.57,123.6,123.31,123.52,2727.0,1755749700.0,2025-08-21 09:45:00+05:30
123.52,123.67,123.52,123.6,131.0,1755750000.0,2025-08-21 09:50:00+05:30
123.76,123.77,123.28,123.39,1572.0,1755750300.0,2025-08-21 09:55:00+05:30
123.58,123.58,123.5,123.5,370.0,1755750600.0,2025-08-21 10:00:00+05:30
123.5,123.66,123.39,123.39,691.0,1755750900.0,2025-08-21 10:05:00+05:30
123.39,123.62,123.39,123.44,450.0,1755751200.0,2025-08-21 10:10:00+05:30
123.65,123.78,123.39,123.78,3244.0,1755751500.0,2025-08-21 10:15:00+05:30
123.85,124.0,123.85,124.0,5890.0,1755751800.0,2025-08-21 10:20:00+05:30
124.28,124.84,124.07,124.23,9861.0,1755752100.0,2025-08-21 10:25:00+05:30
124.09,125.0,124.09,124.36,26224.0,1755752400.0,2025-08-21 10:30:00+05:30
124.39,124.51,124.27,124.27,785.0,1755752700.0,2025-08-21 10:35:00+05:30
124.29,124.48,124.08,124.48,3506.0,1755753000.0,2025-08-21 10:40:00+05:30
124.4,124.46,124.21,124.4,950.0,1755753300.0,2025-08-21 10:45:00+05:30
124.38,124.39,124.21,124.39,387.0,1755753600.0,2025-08-21 10:50:00+05:30
124.49,124.85,124.48,124.8,7138.0,1755753900.0,2025-08-21 10:55:00+05:30
124.83,124.99,124.66,124.75,3689.0,1755754200.0,2025-08-21 11:00:00+05:30
124.74,124.74,124.51,124.67,939.0,1755754500.0,2025-08-21 11:05:00+05:30
124.67,124.74,124.5,124.5,535.0,1755754800.0,2025-08-21 11:10:00+05:30
124.29,124.29,124.16,124.2,4817.0,1755755100.0,2025-08-21 11:15:00+05:30
124.01,124.39,124.0,124.39,4513.0,1755755400.0,2025-08-21 11:20:00+05:30
124.38,124.5,124.26,124.5,999.0,1755755700.0,2025-08-21 11:25:00+05:30
124.5,124.72,124.49,124.72,997.0,1755756000.0,2025-08-21 11:30:00+05:30
124.99,124.99,124.6,124.79,3880.0,1755756300.0,2025-08-21 11:35:00+05:30
124.79,124.98,124.75,124.98,1907.0,1755756600.0,2025-08-21 11:40:00+05:30
124.98,124.98,124.6,124.6,1241.0,1755756900.0,2025-08-21 11:45:00+05:30
124.6,124.88,124.6,124.88,1145.0,1755757200.0,2025-08-21 11:50:00+05:30
124.55,124.73,124.5,124.55,1490.0,1755757500.0,2025-08-21 11:55:00+05:30
124.55,124.81,124.55,124.57,960.0,1755757800.0,2025-08-21 12:00:00+05:30
124.57,124.77,124.57,124.77,31.0,1755758100.0,2025-08-21 12:05:00+05:30
124.68,125.5,124.68,124.96,9830.0,1755758400.0,2025-08-21 12:10:00+05:30
124.96,125.8,124.77,125.65,19601.0,1755758700.0,2025-08-21 12:15:00+05:30
125.66,125.9,125.59,125.89,3073.0,1755759000.0,2025-08-21 12:20:00+05:30
125.89,126.46,125.85,125.95,32272.0,1755759300.0,2025-08-21 12:25:00+05:30
125.82,126.95,125.82,126.48,12382.0,1755759600.0,2025-08-21 12:30:00+05:30
126.05,126.23,126.0,126.2,5393.0,1755759900.0,2025-08-21 12:35:00+05:30
126.2,126.29,126.1,126.26,9607.0,1755760200.0,2025-08-21 12:40:00+05:30
126.3,126.3,126.0,126.09,3247.0,1755760500.0,2025-08-21 12:45:00+05:30
126.15,126.15,125.88,126.05,763.0,1755760800.0,2025-08-21 12:50:00+05:30
126.05,126.05,125.7,125.7,360.0,1755761100.0,2025-08-21 12:55:00+05:30
125.7,126.2,125.7,126.2,4518.0,1755761400.0,2025-08-21 13:00:00+05:30
126.39,126.53,126.11,126.46,9775.0,1755761700.0,2025-08-21 13:05:00+05:30
126.46,126.65,126.27,126.41,4020.0,1755762000.0,2025-08-21 13:10:00+05:30
126.21,126.38,126.08,126.08,818.0,1755762300.0,2025-08-21 13:15:00+05:30
126.08,126.21,126.06,126.21,378.0,1755762600.0,2025-08-21 13:20:00+05:30
126.29,126.29,125.7,125.75,3844.0,1755762900.0,2025-08-21 13:25:00+05:30
125.7,126.29,125.6,126.29,8480.0,1755763200.0,2025-08-21 13:30:00+05:30
126.06,126.18,125.97,125.97,4608.0,1755763500.0,2025-08-21 13:35:00+05:30
125.76,126.0,125.76,125.86,1151.0,1755763800.0,2025-08-21 13:40:00+05:30
125.86,125.96,125.82,125.9,630.0,1755764100.0,2025-08-21 13:45:00+05:30
125.95,125.98,125.83,125.9,544.0,1755764400.0,2025-08-21 13:50:00+05:30
125.9,126.0,125.76,125.76,823.0,1755764700.0,2025-08-21 13:55:00+05:30
126.01,126.05,125.86,125.86,4086.0,1755765000.0,2025-08-21 14:00:00+05:30
126.03,126.19,125.76,125.77,6266.0,1755765300.0,2025-08-21 14:05:00+05:30
125.77,125.92,125.65,125.65,856.0,1755765600.0,2025-08-21 14:10:00+05:30
125.85,125.94,125.65,125.87,1298.0,1755765900.0,2025-08-21 14:15:00+05:30
125.68,125.9,125.67,125.79,400.0,1755766200.0,2025-08-21 14:20:00+05:30
125.89,125.89,125.68,125.68,989.0,1755766500.0,2025-08-21 14:25:00+05:30
125.81,125.86,125.7,125.7,3897.0,1755766800.0,2025-08-21 14:30:00+05:30
125.74,125.8,125.71,125.8,823.0,1755767100.0,2025-08-21 14:35:00+05:30
125.6,125.72,125.44,125.52,10394.0,1755767400.0,2025-08-21 14:40:00+05:30
125.44,125.5,125.12,125.12,6060.0,1755767700.0,2025-08-21 14:45:00+05:30
125.22,125.27,125.04,125.1,987.0,1755768000.0,2025-08-21 14:50:00+05:30
125.1,125.33,125.1,125.22,932.0,1755768300.0,2025-08-21 14:55:00+05:30
124.9,124.96,124.57,124.61,8692.0,1755768600.0,2025-08-21 15:00:00+05:30
124.55,125.03,124.55,124.7,6103.0,1755768900.0,2025-08-21 15:05:00+05:30
124.7,125.03,124.61,124.96,3156.0,1755769200.0,2025-08-21 15:10:00+05:30
124.74,125.03,124.51,125.03,7143.0,1755769500.0,2025-08-21 15:15:00+05:30
125.01,125.16,124.14,124.5,15557.0,1755769800.0,2025-08-21 15:20:00+05:30
124.39,125.16,124.34,125.16,6710.0,1755770100.0,2025-08-21 15:25:00+05:30
124.69,125.2,124.69,124.79,3705.0,1755834300.0,2025-08-22 09:15:00+05:30
124.81,125.19,124.75,125.19,4050.0,1755834600.0,2025-08-22 09:20:00+05:30
125.18,125.59,124.76,125.0,8190.0,1755834900.0,2025-08-22 09:25:00+05:30
125.17,125.17,124.2,124.2,6842.0,1755835200.0,2025-08-22 09:30:00+05:30
124.25,124.38,124.06,124.12,2308.0,1755835500.0,2025-08-22 09:35:00+05:30
124.26,124.45,123.79,124.45,1646.0,1755835800.0,2025-08-22 09:40:00+05:30
124.45,124.67,124.31,124.62,1552.0,1755836100.0,2025-08-22 09:45:00+05:30
124.56,124.64,124.31,124.64,1328.0,1755836400.0,2025-08-22 09:50:00+05:30
124.52,124.52,124.37,124.43,68.0,1755836700.0,2025-08-22 09:55:00+05:30
124.43,125.18,124.43,124.91,3879.0,1755837000.0,2025-08-22 10:00:00+05:30
125.27,125.27,124.97,125.0,3044.0,1755837300.0,2025-08-22 10:05:00+05:30
125.02,125.02,124.75,124.9,3651.0,1755837600.0,2025-08-22 10:10:00+05:30
125.0,125.35,124.81,125.15,4056.0,1755837900.0,2025-08-22 10:15:00+05:30
125.15,126.48,125.12,126.48,9152.0,1755838200.0,2025-08-22 10:20:00+05:30
126.78,126.78,125.86,125.87,13533.0,1755838500.0,2025-08-22 10:25:00+05:30
125.87,126.07,125.38,125.47,6919.0,1755838800.0,2025-08-22 10:30:00+05:30
125.53,125.62,125.39,125.55,4498.0,1755839100.0,2025-08-22 10:35:00+05:30
125.4,125.61,125.37,125.37,848.0,1755839400.0,2025-08-22 10:40:00+05:30
125.4,125.72,125.4,125.72,2815.0,1755839700.0,2025-08-22 10:45:00+05:30
125.72,126.0,125.7,126.0,1424.0,1755840000.0,2025-08-22 10:50:00+05:30
125.76,125.99,125.71,125.72,1300.0,1755840300.0,2025-08-22 10:55:00+05:30
125.75,125.75,125.47,125.48,628.0,1755840600.0,2025-08-22 11:00:00+05:30
125.48,125.58,125.43,125.5,179.0,1755840900.0,2025-08-22 11:05:00+05:30
125.5,125.53,125.37,125.38,129.0,1755841200.0,2025-08-22 11:10:00+05:30
125.41,125.58,125.41,125.46,86.0,1755841500.0,2025-08-22 11:15:00+05:30
125.47,125.61,125.17,125.35,2663.0,1755841800.0,2025-08-22 11:20:00+05:30
125.22,125.35,125.15,125.15,438.0,1755842100.0,2025-08-22 11:25:00+05:30
125.28,125.28,125.15,125.16,87.0,1755842400.0,2025-08-22 11:30:00+05:30
125.15,125.25,125.15,125.16,331.0,1755842700.0,2025-08-22 11:35:00+05:30
125.16,125.25,125.05,125.05,251.0,1755843000.0,2025-08-22 11:40:00+05:30
125.12,125.12,125.02,125.02,236.0,1755843300.0,2025-08-22 11:45:00+05:30
125.09,125.17,125.01,125.01,483.0,1755843600.0,2025-08-22 11:50:00+05:30
125.01,125.09,124.84,124.88,1413.0,1755843900.0,2025-08-22 11:55:00+05:30
125.0,125.0,124.84,124.84,128.0,1755844200.0,2025-08-22 12:00:00+05:30
124.96,124.99,124.74,124.84,7047.0,1755844500.0,2025-08-22 12:05:00+05:30
124.87,125.06,124.77,124.79,939.0,1755844800.0,2025-08-22 12:10:00+05:30
124.78,124.88,124.77,124.77,1057.0,1755845100.0,2025-08-22 12:15:00+05:30
124.68,125.02,124.66,124.77,1031.0,1755845400.0,2025-08-22 12:20:00+05:30
124.78,124.89,124.72,124.82,443.0,1755845700.0,2025-08-22 12:25:00+05:30
124.82,124.95,124.71,124.83,2840.0,1755846000.0,2025-08-22 12:30:00+05:30
124.74,124.76,124.71,124.75,15.0,1755846300.0,2025-08-22 12:35:00+05:30
124.76,125.0,124.76,124.88,2918.0,1755846600.0,2025-08-22 12:40:00+05:30
124.89,124.92,124.81,124.92,84.0,1755846900.0,2025-08-22 12:45:00+05:30
124.82,124.96,124.8,124.8,276.0,1755847200.0,2025-08-22 12:50:00+05:30
124.8,124.95,124.8,124.95,179.0,1755847500.0,2025-08-22 12:55:00+05:30
124.95,125.0,124.81,124.97,3764.0,1755847800.0,2025-08-22 13:00:00+05:30
124.97,125.0,124.83,124.83,10.0,1755848100.0,2025-08-22 13:05:00+05:30
124.83,125.0,124.83,125.0,307.0,1755848400.0,2025-08-22 13:10:00+05:30
125.25,125.3,125.02,125.04,2811.0,1755848700.0,2025-08-22 13:15:00+05:30
125.02,125.18,125.02,125.1,51.0,1755849000.0,2025-08-22 13:20:00+05:30
125.1,125.3,125.07,125.13,150.0,1755849300.0,2025-08-22 13:25:00+05:30
125.3,125.47,125.26,125.3,1714.0,1755849600.0,2025-08-22 13:30:00+05:30
125.21,125.38,125.1,125.15,569.0,1755849900.0,2025-08-22 13:35:00+05:30
125.16,125.36,125.12,125.12,284.0,1755850200.0,2025-08-22 13:40:00+05:30
125.06,125.85,125.06,125.45,11039.0,1755850500.0,2025-08-22 13:45:00+05:30
125.44,125.62,125.44,125.44,175.0,1755850800.0,2025-08-22 13:50:00+05:30
125.45,125.57,125.26,125.26,798.0,1755851100.0,2025-08-22 13:55:00+05:30
125.25,125.7,125.25,125.6,4176.0,1755851400.0,2025-08-22 14:00:00+05:30
125.6,125.6,125.32,125.33,1156.0,1755851700.0,2025-08-22 14:05:00+05:30
125.33,125.5,125.16,125.34,409.0,1755852000.0,2025-08-22 14:10:00+05:30
125.33,125.44,125.26,125.27,87.0,1755852300.0,2025-08-22 14:15:00+05:30
125.11,125.49,125.11,125.25,1849.0,1755852600.0,2025-08-22 14:20:00+05:30
125.25,125.37,125.04,125.06,488.0,1755852900.0,2025-08-22 14:25:00+05:30
125.07,125.21,125.06,125.06,1400.0,1755853200.0,2025-08-22 14:30:00+05:30
125.06,125.18,125.01,125.05,1439.0,1755853500.0,2025-08-22 14:35:00+05:30
125.05,125.18,125.0,125.0,1054.0,1755853800.0,2025-08-22 14:40:00+05:30
125.01,125.22,124.95,124.95,2644.0,1755854100.0,2025-08-22 14:45:00+05:30
124.95,125.09,124.81,124.9,359.0,1755854400.0,2025-08-22 14:50:00+05:30
124.9,125.18,124.86,125.05,1301.0,1755854700.0,2025-08-22 14:55:00+05:30
125.19,125.19,124.29,124.31,11859.0,1755855000.0,2025-08-22 15:00:00+05:30
124.31,124.69,124.31,124.58,521.0,1755855300.0,2025-08-22 15:05:00+05:30
124.5,124.72,124.4,124.72,1425.0,1755855600.0,2025-08-22 15:10:00+05:30
124.57,124.62,124.14,124.15,5671.0,1755855900.0,2025-08-22 15:15:00+05:30
124.37,124.6,124.37,124.49,4106.0,1755856200.0,2025-08-22 15:20:00+05:30
124.49,124.9,123.8,124.5,10273.0,1755856500.0,2025-08-22 15:25:00+05:30
124.45,126.05,124.45,125.15,11624.0,1756093500.0,2025-08-25 09:15:00+05:30
124.95,125.22,124.78,125.22,945.0,1756093800.0,2025-08-25 09:20:00+05:30
125.22,125.3,125.0,125.15,4814.0,1756094100.0,2025-08-25 09:25:00+05:30
125.19,125.82,125.19,125.82,5291.0,1756094400.0,2025-08-25 09:30:00+05:30
126.04,126.26,125.73,126.0,2677.0,1756094700.0,2025-08-25 09:35:00+05:30
126.0,126.0,125.6,125.6,336.0,1756095000.0,2025-08-25 09:40:00+05:30
125.78,125.85,125.71,125.75,925.0,1756095300.0,2025-08-25 09:45:00+05:30
125.75,125.89,125.75,125.8,387.0,1756095600.0,2025-08-25 09:50:00+05:30
125.9,125.9,125.75,125.79,227.0,1756095900.0,2025-08-25 09:55:00+05:30
125.51,125.88,125.51,125.88,934.0,1756096200.0,2025-08-25 10:00:00+05:30
125.88,125.91,125.24,125.46,2407.0,1756096500.0,2025-08-25 10:05:00+05:30
125.45,125.46,125.45,125.46,58.0,1756096800.0,2025-08-25 10:10:00+05:30
125.46,125.46,125.24,125.36,580.0,1756097100.0,2025-08-25 10:15:00+05:30
125.46,125.61,125.3,125.33,7829.0,1756097400.0,2025-08-25 10:20:00+05:30
125.36,125.47,125.3,125.47,824.0,1756097700.0,2025-08-25 10:25:00+05:30
125.47,125.59,125.36,125.59,332.0,1756098000.0,2025-08-25 10:30:00+05:30
125.48,125.59,125.3,125.3,3426.0,1756098300.0,2025-08-25 10:35:00+05:30
125.3,125.3,125.2,125.2,3404.0,1756098600.0,2025-08-25 10:40:00+05:30
125.3,125.3,124.99,125.0,3036.0,1756098900.0,2025-08-25 10:45:00+05:30
125.13,125.14,125.01,125.01,244.0,1756099200.0,2025-08-25 10:50:00+05:30
125.01,125.05,124.81,125.02,1713.0,1756099500.0,2025-08-25 10:55:00+05:30
125.0,125.0,124.82,124.82,609.0,1756099800.0,2025-08-25 11:00:00+05:30
124.82,125.03,124.82,124.97,1531.0,1756100100.0,2025-08-25 11:05:00+05:30
124.9,124.97,124.84,124.86,1245.0,1756100400.0,2025-08-25 11:10:00+05:30
124.86,124.97,124.73,124.73,900.0,1756100700.0,2025-08-25 11:15:00+05:30
124.73,124.8,124.64,124.75,152.0,1756101000.0,2025-08-25 11:20:00+05:30
124.8,124.92,124.69,124.9,1110.0,1756101300.0,2025-08-25 11:25:00+05:30
124.9,124.91,124.61,124.78,401.0,1756101600.0,2025-08-25 11:30:00+05:30
124.58,124.71,124.58,124.71,184.0,1756101900.0,2025-08-25 11:35:00+05:30
124.65,124.91,124.65,124.71,1144.0,1756102200.0,2025-08-25 11:40:00+05:30
124.71,124.79,124.71,124.79,247.0,1756102500.0,2025-08-25 11:45:00+05:30
124.9,124.9,124.7,124.79,512.0,1756102800.0,2025-08-25 11:50:00+05:30
124.79,124.79,124.66,124.66,428.0,1756103100.0,2025-08-25 11:55:00+05:30
124.8,124.8,124.78,124.78,46.0,1756103400.0,2025-08-25 12:00:00+05:30
124.78,124.79,124.66,124.76,730.0,1756103700.0,2025-08-25 12:05:00+05:30
124.76,124.85,124.75,124.85,473.0,1756104000.0,2025-08-25 12:10:00+05:30
124.85,124.85,124.72,124.72,23.0,1756104300.0,2025-08-25 12:15:00+05:30
124.76,124.85,124.65,124.85,441.0,1756104600.0,2025-08-25 12:20:00+05:30
124.85,124.85,124.85,124.85,1502.0,1756104900.0,2025-08-25 12:25:00+05:30
124.85,124.85,124.85,124.85,2858.0,1756105200.0,2025-08-25 12:30:00+05:30
124.91,124.91,124.91,124.91,271.0,1756105500.0,2025-08-25 12:35:00+05:30
124.91,124.91,124.87,124.91,77.0,1756105800.0,2025-08-25 12:40:00+05:30
124.91,125.34,124.91,125.12,2916.0,1756106100.0,2025-08-25 12:45:00+05:30
125.02,125.27,125.02,125.08,931.0,1756106400.0,2025-08-25 12:50:00+05:30
125.26,125.27,125.01,125.26,501.0,1756106700.0,2025-08-25 12:55:00+05:30
125.26,125.26,125.0,125.0,276.0,1756107000.0,2025-08-25 13:00:00+05:30
125.0,125.1,125.0,125.1,10.0,1756107300.0,2025-08-25 13:05:00+05:30
125.02,125.12,125.0,125.12,182.0,1756107600.0,2025-08-25 13:10:00+05:30
125.12,125.12,125.0,125.0,399.0,1756107900.0,2025-08-25 13:15:00+05:30
125.0,125.14,125.0,125.09,526.0,1756108200.0,2025-08-25 13:20:00+05:30
125.0,125.0,125.0,125.0,475.0,1756108500.0,2025-08-25 13:25:00+05:30
125.0,125.0,124.84,125.0,839.0,1756108800.0,2025-08-25 13:30:00+05:30
125.0,125.0,124.81,124.81,200.0,1756109100.0,2025-08-25 13:35:00+05:30
124.81,124.99,124.81,124.98,200.0,1756109400.0,2025-08-25 13:40:00+05:30
124.95,125.0,124.9,124.9,220.0,1756109700.0,2025-08-25 13:45:00+05:30
125.0,125.0,124.78,124.78,188.0,1756110000.0,2025-08-25 13:50:00+05:30
124.71,124.95,124.7,124.95,600.0,1756110300.0,2025-08-25 13:55:00+05:30
124.92,124.92,124.73,124.73,137.0,1756110600.0,2025-08-25 14:00:00+05:30
124.73,124.94,124.71,124.93,562.0,1756110900.0,2025-08-25 14:05:00+05:30
124.93,124.93,124.9,124.9,1.0,1756111200.0,2025-08-25 14:10:00+05:30
124.9,124.9,124.64,124.64,1185.0,1756111500.0,2025-08-25 14:15:00+05:30
124.81,124.81,124.64,124.81,142.0,1756111800.0,2025-08-25 14:20:00+05:30
124.81,124.93,124.75,124.75,1107.0,1756112100.0,2025-08-25 14:25:00+05:30
124.89,124.89,124.61,124.8,2563.0,1756112400.0,2025-08-25 14:30:00+05:30
124.8,124.89,124.8,124.89,45.0,1756112700.0,2025-08-25 14:35:00+05:30
124.89,124.89,124.65,124.65,807.0,1756113000.0,2025-08-25 14:40:00+05:30
124.73,124.76,124.59,124.76,1743.0,1756113300.0,2025-08-25 14:45:00+05:30
124.89,125.0,124.78,124.89,1482.0,1756113600.0,2025-08-25 14:50:00+05:30
124.89,124.89,124.74,124.74,406.0,1756113900.0,2025-08-25 14:55:00+05:30
124.72,124.89,124.5,124.5,913.0,1756114200.0,2025-08-25 15:00:00+05:30
124.69,124.92,124.54,124.92,3323.0,1756114500.0,2025-08-25 15:05:00+05:30
124.86,125.15,124.83,125.0,744.0,1756114800.0,2025-08-25 15:10:00+05:30
125.15,125.36,124.95,124.96,3425.0,1756115100.0,2025-08-25 15:15:00+05:30
124.96,125.37,124.68,124.72,7328.0,1756115400.0,2025-08-25 15:20:00+05:30
125.11,126.7,124.7,126.57,10585.0,1756115700.0,2025-08-25 15:25:00+05:30
125.0,125.64,124.0,124.01,12403.0,1756179900.0,2025-08-26 09:15:00+05:30
124.0,124.05,122.62,123.02,21350.0,1756180200.0,2025-08-26 09:20:00+05:30
123.02,123.34,123.01,123.05,5579.0,1756180500.0,2025-08-26 09:25:00+05:30
123.05,123.3,123.01,123.06,3293.0,1756180800.0,2025-08-26 09:30:00+05:30
123.23,123.23,122.91,123.07,3065.0,1756181100.0,2025-08-26 09:35:00+05:30
122.94,123.08,122.8,122.81,2785.0,1756181400.0,2025-08-26 09:40:00+05:30
122.81,123.29,122.81,123.2,3359.0,1756181700.0,2025-08-26 09:45:00+05:30
123.2,123.5,123.07,123.38,2059.0,1756182000.0,2025-08-26 09:50:00+05:30
123.38,123.55,123.31,123.31,1279.0,1756182300.0,2025-08-26 09:55:00+05:30
123.31,123.31,122.73,122.87,4697.0,1756182600.0,2025-08-26 10:00:00+05:30
122.87,123.14,122.86,123.03,1485.0,1756182900.0,2025-08-26 10:05:00+05:30
123.03,123.14,123.02,123.06,444.0,1756183200.0,2025-08-26 10:10:00+05:30
123.06,123.28,123.06,123.06,1576.0,1756183500.0,2025-08-26 10:15:00+05:30
123.06,123.19,123.06,123.06,325.0,1756183800.0,2025-08-26 10:20:00+05:30
123.06,123.18,123.06,123.07,1120.0,1756184100.0,2025-08-26 10:25:00+05:30
123.07,123.21,123.07,123.07,522.0,1756184400.0,2025-08-26 10:30:00+05:30
123.07,123.2,123.0,123.01,3641.0,1756184700.0,2025-08-26 10:35:00+05:30
123.01,123.16,123.0,123.01,1063.0,1756185000.0,2025-08-26 10:40:00+05:30
123.01,123.11,122.81,122.85,1632.0,1756185300.0,2025-08-26 10:45:00+05:30
122.85,123.04,122.81,122.81,1448.0,1756185600.0,2025-08-26 10:50:00+05:30
122.8,122.95,122.74,122.83,575.0,1756185900.0,2025-08-26 10:55:00+05:30
122.82,123.11,122.78,122.97,951.0,1756186200.0,2025-08-26 11:00:00+05:30
122.95,123.13,122.92,123.09,711.0,1756186500.0,2025-08-26 11:05:00+05:30
123.09,123.13,122.6,122.6,2704.0,1756186800.0,2025-08-26 11:10:00+05:30
122.67,122.67,122.18,122.32,3431.0,1756187100.0,2025-08-26 11:15:00+05:30
122.32,122.49,122.27,122.27,2489.0,1756187400.0,2025-08-26 11:20:00+05:30
122.27,122.35,122.25,122.35,2784.0,1756187700.0,2025-08-26 11:25:00+05:30
122.35,122.35,122.05,122.06,4176.0,1756188000.0,2025-08-26 11:30:00+05:30
122.06,122.17,122.05,122.13,1503.0,1756188300.0,2025-08-26 11:35:00+05:30
122.13,122.44,122.1,122.34,1794.0,1756188600.0,2025-08-26 11:40:00+05:30
122.48,122.48,122.15,122.25,955.0,1756188900.0,2025-08-26 11:45:00+05:30
122.25,122.31,122.15,122.19,1236.0,1756189200.0,2025-08-26 11:50:00+05:30
122.17,122.33,122.15,122.16,991.0,1756189500.0,2025-08-26 11:55:00+05:30
122.22,122.44,122.22,122.25,995.0,1756189800.0,2025-08-26 12:00:00+05:30
122.25,122.34,122.15,122.21,1667.0,1756190100.0,2025-08-26 12:05:00+05:30
122.2,122.39,122.1,122.11,3238.0,1756190400.0,2025-08-26 12:10:00+05:30
122.1,122.27,122.1,122.22,1104.0,1756190700.0,2025-08-26 12:15:00+05:30
122.21,122.31,122.11,122.11,1475.0,1756191000.0,2025-08-26 12:20:00+05:30
122.11,122.2,122.11,122.12,994.0,1756191300.0,2025-08-26 12:25:00+05:30
122.12,122.19,122.12,122.18,726.0,1756191600.0,2025-08-26 12:30:00+05:30
122.18,122.3,122.11,122.11,1007.0,1756191900.0,2025-08-26 12:35:00+05:30
122.13,122.22,122.11,122.11,1048.0,1756192200.0,2025-08-26 12:40:00+05:30
122.11,122.44,122.11,122.41,978.0,1756192500.0,2025-08-26 12:45:00+05:30
122.25,122.36,122.13,122.13,519.0,1756192800.0,2025-08-26 12:50:00+05:30
122.13,122.26,122.11,122.11,1036.0,1756193100.0,2025-08-26 12:55:00+05:30
122.11,122.24,122.11,122.13,708.0,1756193400.0,2025-08-26 13:00:00+05:30
122.12,122.29,122.12,122.29,786.0,1756193700.0,2025-08-26 13:05:00+05:30
122.14,122.29,122.12,122.29,570.0,1756194000.0,2025-08-26 13:10:00+05:30
122.29,122.47,122.24,122.4,1153.0,1756194300.0,2025-08-26 13:15:00+05:30
122.43,122.43,122.3,122.4,842.0,1756194600.0,2025-08-26 13:20:00+05:30
122.4,122.4,122.25,122.25,402.0,1756194900.0,2025-08-26 13:25:00+05:30
122.23,122.33,122.12,122.33,598.0,1756195200.0,2025-08-26 13:30:00+05:30
122.31,122.31,122.13,122.3,934.0,1756195500.0,2025-08-26 13:35:00+05:30
122.3,122.37,122.1,122.37,6123.0,1756195800.0,2025-08-26 13:40:00+05:30
122.37,122.38,122.21,122.21,364.0,1756196100.0,2025-08-26 13:45:00+05:30
122.28,122.28,122.21,122.21,906.0,1756196400.0,2025-08-26 13:50:00+05:30
122.21,122.25,122.15,122.15,1923.0,1756196700.0,2025-08-26 13:55:00+05:30
122.15,122.21,122.0,122.13,4185.0,1756197000.0,2025-08-26 14:00:00+05:30
122.13,122.26,122.06,122.23,1506.0,1756197300.0,2025-08-26 14:05:00+05:30
122.21,122.21,122.1,122.1,894.0,1756197600.0,2025-08-26 14:10:00+05:30
122.1,122.15,122.1,122.15,769.0,1756197900.0,2025-08-26 14:15:00+05:30
122.1,122.14,122.1,122.14,676.0,1756198200.0,2025-08-26 14:20:00+05:30
121.8,121.83,121.5,121.69,15731.0,1756198500.0,2025-08-26 14:25:00+05:30
121.69,121.77,121.51,121.69,2563.0,1756198800.0,2025-08-26 14:30:00+05:30
121.59,121.68,121.5,121.68,2526.0,1756199100.0,2025-08-26 14:35:00+05:30
121.69,121.72,121.5,121.66,3871.0,1756199400.0,2025-08-26 14:40:00+05:30
121.79,121.79,121.65,121.68,833.0,1756199700.0,2025-08-26 14:45:00+05:30
121.68,121.68,121.21,121.3,4147.0,1756200000.0,2025-08-26 14:50:00+05:30
121.39,121.64,121.0,121.3,7389.0,1756200300.0,2025-08-26 14:55:00+05:30
121.29,121.29,120.59,120.75,11418.0,1756200600.0,2025-08-26 15:00:00+05:30
120.74,120.74,120.3,120.41,23401.0,1756200900.0,2025-08-26 15:05:00+05:30
120.41,120.48,120.18,120.48,21815.0,1756201200.0,2025-08-26 15:10:00+05:30
120.46,120.48,120.17,120.31,23270.0,1756201500.0,2025-08-26 15:15:00+05:30
120.25,120.48,120.25,120.31,21794.0,1756201800.0,2025-08-26 15:20:00+05:30
120.47,122.9,120.31,121.7,17963.0,1756202100.0,2025-08-26 15:25:00+05:30
120.06,122.16,120.06,121.21,12652.0,1756352700.0,2025-08-28 09:15:00+05:30
120.86,121.19,120.52,120.84,5690.0,1756353000.0,2025-08-28 09:20:00+05:30
120.82,120.82,119.8,120.0,8920.0,1756353300.0,2025-08-28 09:25:00+05:30
120.0,120.17,119.86,120.1,5726.0,1756353600.0,2025-08-28 09:30:00+05:30
120.08,120.75,119.96,120.75,4435.0,1756353900.0,2025-08-28 09:35:00+05:30
120.77,121.0,120.71,120.88,1536.0,1756354200.0,2025-08-28 09:40:00+05:30
120.93,121.0,120.75,120.86,3935.0,1756354500.0,2025-08-28 09:45:00+05:30
120.99,121.47,120.96,121.47,1472.0,1756354800.0,2025-08-28 09:50:00+05:30
121.42,121.42,121.15,121.25,500.0,1756355100.0,2025-08-28 09:55:00+05:30
121.25,121.6,121.25,121.6,1055.0,1756355400.0,2025-08-28 10:00:00+05:30
121.6,121.86,121.6,121.81,178.0,1756355700.0,2025-08-28 10:05:00+05:30
121.78,121.89,121.71,121.71,841.0,1756356000.0,2025-08-28 10:10:00+05:30
121.7,121.7,121.56,121.7,470.0,1756356300.0,2025-08-28 10:15:00+05:30
121.7,121.7,121.53,121.7,154.0,1756356600.0,2025-08-28 10:20:00+05:30
121.7,121.7,121.7,121.7,177.0,1756356900.0,2025-08-28 10:25:00+05:30
121.7,121.88,121.56,121.78,1794.0,1756357200.0,2025-08-28 10:30:00+05:30
121.78,122.1,121.78,122.07,4419.0,1756357500.0,2025-08-28 10:35:00+05:30
122.13,122.19,121.88,121.88,2940.0,1756357800.0,2025-08-28 10:40:00+05:30
121.99,122.14,121.89,122.05,739.0,1756358100.0,2025-08-28 10:45:00+05:30
122.2,122.6,122.1,122.6,5118.0,1756358400.0,2025-08-28 10:50:00+05:30
122.43,122.53,122.23,122.23,338.0,1756358700.0,2025-08-28 10:55:00+05:30
122.3,122.44,122.15,122.18,1932.0,1756359000.0,2025-08-28 11:00:00+05:30
122.33,122.55,122.26,122.26,867.0,1756359300.0,2025-08-28 11:05:00+05:30
122.3,122.5,122.15,122.33,2290.0,1756359600.0,2025-08-28 11:10:00+05:30
122.33,122.55,122.32,122.55,116.0,1756359900.0,2025-08-28 11:15:00+05:30
122.55,122.55,122.5,122.53,362.0,1756360200.0,2025-08-28 11:20:00+05:30
122.36,122.55,122.36,122.4,5362.0,1756360500.0,2025-08-28 11:25:00+05:30
122.49,122.59,122.3,122.39,3185.0,1756360800.0,2025-08-28 11:30:00+05:30
122.53,122.53,122.52,122.52,12.0,1756361100.0,2025-08-28 11:35:00+05:30
122.52,122.52,122.4,122.51,493.0,1756361400.0,2025-08-28 11:40:00+05:30
122.39,122.39,122.21,122.38,6608.0,1756361700.0,2025-08-28 11:45:00+05:30
122.38,122.4,122.2,122.2,1163.0,1756362000.0,2025-08-28 11:50:00+05:30
122.38,122.38,122.11,122.11,900.0,1756362300.0,2025-08-28 11:55:00+05:30
122.11,122.27,122.08,122.24,235.0,1756362600.0,2025-08-28 12:00:00+05:30
122.24,122.25,122.08,122.25,243.0,1756362900.0,2025-08-28 12:05:00+05:30
122.12,122.25,122.12,122.25,555.0,1756363200.0,2025-08-28 12:10:00+05:30
122.25,122.5,122.25,122.3,628.0,1756363500.0,2025-08-28 12:15:00+05:30
122.45,122.45,122.27,122.44,197.0,1756363800.0,2025-08-28 12:20:00+05:30
122.45,122.48,122.45,122.48,228.0,1756364100.0,2025-08-28 12:25:00+05:30
122.48,122.5,122.34,122.36,1147.0,1756364400.0,2025-08-28 12:30:00+05:30
122.36,122.36,122.08,122.08,1956.0,1756364700.0,2025-08-28 12:35:00+05:30
122.23,122.23,121.79,121.79,2365.0,1756365000.0,2025-08-28 12:40:00+05:30
121.95,122.03,121.94,122.0,645.0,1756365300.0,2025-08-28 12:45:00+05:30
121.87,122.36,121.87,122.16,11839.0,1756365600.0,2025-08-28 12:50:00+05:30
122.33,122.36,122.2,122.35,1790.0,1756365900.0,2025-08-28 12:55:00+05:30
122.35,122.36,122.18,122.36,811.0,1756366200.0,2025-08-28 13:00:00+05:30
122.36,122.36,122.14,122.18,5822.0,1756366500.0,2025-08-28 13:05:00+05:30
122.18,122.23,122.18,122.23,65.0,1756366800.0,2025-08-28 13:10:00+05:30
122.23,122.49,122.23,122.49,1811.0,1756367100.0,2025-08-28 13:15:00+05:30
122.49,122.49,122.19,122.22,1757.0,1756367400.0,2025-08-28 13:20:00+05:30
122.22,122.36,122.22,122.22,303.0,1756367700.0,2025-08-28 13:25:00+05:30
122.22,122.24,122.06,122.06,2071.0,1756368000.0,2025-08-28 13:30:00+05:30
122.18,122.18,121.71,121.84,7291.0,1756368300.0,2025-08-28 13:35:00+05:30
121.84,122.07,121.84,122.02,549.0,1756368600.0,2025-08-28 13:40:00+05:30
121.84,122.0,121.84,122.0,431.0,1756368900.0,2025-08-28 13:45:00+05:30
122.15,122.17,122.0,122.17,794.0,1756369200.0,2025-08-28 13:50:00+05:30
122.13,122.21,122.13,122.21,149.0,1756369500.0,2025-08-28 13:55:00+05:30
122.21,122.21,122.07,122.12,123.0,1756369800.0,2025-08-28 14:00:00+05:30
122.1,122.1,122.0,122.01,441.0,1756370100.0,2025-08-28 14:05:00+05:30
122.01,122.01,121.82,121.93,541.0,1756370400.0,2025-08-28 14:10:00+05:30
121.93,122.03,121.93,122.03,118.0,1756370700.0,2025-08-28 14:15:00+05:30
122.03,122.2,121.95,122.2,2091.0,1756371000.0,2025-08-28 14:20:00+05:30
122.08,122.08,122.0,122.02,354.0,1756371300.0,2025-08-28 14:25:00+05:30
121.88,122.0,121.88,122.0,123.0,1756371600.0,2025-08-28 14:30:00+05:30
121.99,122.07,121.86,121.86,1746.0,1756371900.0,2025-08-28 14:35:00+05:30
121.87,121.99,121.69,121.83,3042.0,1756372200.0,2025-08-28 14:40:00+05:30
121.7,121.86,121.1,121.1,5209.0,1756372500.0,2025-08-28 14:45:00+05:30
121.25,121.5,121.0,121.5,1480.0,1756372800.0,2025-08-28 14:50:00+05:30
121.48,121.88,121.48,121.88,7229.0,1756373100.0,2025-08-28 14:55:00+05:30
121.97,121.99,121.6,121.6,1565.0,1756373400.0,2025-08-28 15:00:00+05:30
121.62,121.62,121.3,121.4,925.0,1756373700.0,2025-08-28 15:05:00+05:30
121.39,121.6,121.19,121.47,8763.0,1756374000.0,2025-08-28 15:10:00+05:30
121.45,122.0,121.34,121.86,5240.0,1756374300.0,2025-08-28 15:15:00+05:30
121.57,121.74,121.22,121.23,4494.0,1756374600.0,2025-08-28 15:20:00+05:30
121.5,121.5,121.0,121.23,3001.0,1756374900.0,2025-08-28 15:25:00+05:30
121.41,122.49,120.95,121.23,10288.0,1756439100.0,2025-08-29 09:15:00+05:30
120.86,121.36,120.66,121.32,4202.0,1756439400.0,2025-08-29 09:20:00+05:30
121.06,121.29,121.0,121.29,3235.0,1756439700.0,2025-08-29 09:25:00+05:30
121.37,121.37,120.66,120.66,2201.0,1756440000.0,2025-08-29 09:30:00+05:30
120.72,120.72,120.25,120.5,3688.0,1756440300.0,2025-08-29 09:35:00+05:30
120.61,121.15,120.61,120.85,451.0,1756440600.0,2025-08-29 09:40:00+05:30
120.85,120.91,120.72,120.75,722.0,1756440900.0,2025-08-29 09:45:00+05:30
120.63,120.9,120.63,120.88,597.0,1756441200.0,2025-08-29 09:50:00+05:30
120.87,121.07,120.65,120.9,3308.0,1756441500.0,2025-08-29 09:55:00+05:30
121.07,121.16,121.05,121.05,62.0,1756441800.0,2025-08-29 10:00:00+05:30
121.25,121.28,121.05,121.2,2448.0,1756442100.0,2025-08-29 10:05:00+05:30
121.29,121.29,121.02,121.14,2457.0,1756442400.0,2025-08-29 10:10:00+05:30
121.23,121.38,121.22,121.22,65.0,1756442700.0,2025-08-29 10:15:00+05:30
121.21,121.41,121.21,121.41,152.0,1756443000.0,2025-08-29 10:20:00+05:30
121.42,121.72,121.31,121.41,1746.0,1756443300.0,2025-08-29 10:25:00+05:30
121.41,121.62,121.41,121.47,1214.0,1756443600.0,2025-08-29 10:30:00+05:30
121.61,121.94,121.61,121.75,1649.0,1756443900.0,2025-08-29 10:35:00+05:30
121.95,122.0,121.74,121.97,2521.0,1756444200.0,2025-08-29 10:40:00+05:30
121.95,121.99,121.75,121.99,698.0,1756444500.0,2025-08-29 10:45:00+05:30
122.01,122.24,121.98,122.19,2112.0,1756444800.0,2025-08-29 10:50:00+05:30
122.18,122.22,121.9,122.0,1765.0,1756445100.0,2025-08-29 10:55:00+05:30
122.0,122.04,121.79,121.79,531.0,1756445400.0,2025-08-29 11:00:00+05:30
121.81,122.1,121.74,122.05,2183.0,1756445700.0,2025-08-29 11:05:00+05:30
122.05,122.34,122.05,122.34,419.0,1756446000.0,2025-08-29 11:10:00+05:30
122.26,122.49,122.25,122.49,3076.0,1756446300.0,2025-08-29 11:15:00+05:30
122.23,123.31,122.23,122.97,15407.0,1756446600.0,2025-08-29 11:20:00+05:30
122.9,123.29,122.76,123.06,3226.0,1756446900.0,2025-08-29 11:25:00+05:30
123.06,123.39,123.05,123.37,1996.0,1756447200.0,2025-08-29 11:30:00+05:30
123.37,123.6,123.37,123.53,3625.0,1756447500.0,2025-08-29 11:35:00+05:30
123.53,123.78,123.46,123.66,6462.0,1756447800.0,2025-08-29 11:40:00+05:30
123.66,123.66,123.46,123.59,485.0,1756448100.0,2025-08-29 11:45:00+05:30
123.66,123.82,123.39,123.39,1102.0,1756448400.0,2025-08-29 11:50:00+05:30
123.26,123.59,123.07,123.4,2467.0,1756448700.0,2025-08-29 11:55:00+05:30
123.24,123.42,123.24,123.42,77.0,1756449000.0,2025-08-29 12:00:00+05:30
123.3,123.37,123.01,123.24,605.0,1756449300.0,2025-08-29 12:05:00+05:30
123.09,123.09,122.65,122.9,2655.0,1756449600.0,2025-08-29 12:10:00+05:30
122.9,122.9,122.68,122.84,2134.0,1756449900.0,2025-08-29 12:15:00+05:30
122.84,123.14,122.84,123.09,1182.0,1756450200.0,2025-08-29 12:20:00+05:30
123.03,123.03,123.0,123.0,25.0,1756450500.0,2025-08-29 12:25:00+05:30
123.0,123.22,122.94,122.94,3875.0,1756450800.0,2025-08-29 12:30:00+05:30
122.94,123.0,122.87,122.87,589.0,1756451100.0,2025-08-29 12:35:00+05:30
122.62,123.1,122.62,123.1,2580.0,1756451400.0,2025-08-29 12:40:00+05:30
123.0,123.0,122.66,122.83,599.0,1756451700.0,2025-08-29 12:45:00+05:30
122.83,123.25,122.83,123.25,2598.0,1756452000.0,2025-08-29 12:50:00+05:30
123.25,123.25,123.0,123.0,1929.0,1756452300.0,2025-08-29 12:55:00+05:30
123.19,123.2,122.88,122.94,491.0,1756452600.0,2025-08-29 13:00:00+05:30
122.94,123.09,122.89,122.89,88.0,1756452900.0,2025-08-29 13:05:00+05:30
122.86,123.03,122.85,122.85,520.0,1756453200.0,2025-08-29 13:10:00+05:30
122.85,122.85,122.85,122.85,25.0,1756453500.0,2025-08-29 13:15:00+05:30
122.85,122.85,122.75,122.75,1.0,1756453800.0,2025-08-29 13:20:00+05:30
122.85,122.85,122.85,122.85,10.0,1756454100.0,2025-08-29 13:25:00+05:30
122.71,122.99,122.71,122.99,1739.0,1756454400.0,2025-08-29 13:30:00+05:30
122.99,122.99,122.72,122.92,59.0,1756454700.0,2025-08-29 13:35:00+05:30
122.92,122.92,122.7,122.75,440.0,1756455000.0,2025-08-29 13:40:00+05:30
122.65,122.65,122.07,122.18,2724.0,1756455300.0,2025-08-29 13:45:00+05:30
122.18,122.4,122.16,122.28,1461.0,1756455600.0,2025-08-29 13:50:00+05:30
122.32,122.49,122.32,122.46,694.0,1756455900.0,2025-08-29 13:55:00+05:30
122.46,122.46,122.22,122.44,764.0,1756456200.0,2025-08-29 14:00:00+05:30
122.44,122.44,122.3,122.32,1189.0,1756456500.0,2025-08-29 14:05:00+05:30
122.49,122.49,122.4,122.48,187.0,1756456800.0,2025-08-29 14:10:00+05:30
122.47,122.48,122.32,122.46,4050.0,1756457100.0,2025-08-29 14:15:00+05:30
122.24,122.38,122.24,122.38,120.0,1756457400.0,2025-08-29 14:20:00+05:30
122.38,122.38,122.0,122.0,3055.0,1756457700.0,2025-08-29 14:25:00+05:30
122.0,122.18,122.0,122.0,1194.0,1756458000.0,2025-08-29 14:30:00+05:30
122.0,122.17,122.0,122.17,321.0,1756458300.0,2025-08-29 14:35:00+05:30
122.17,122.17,121.9,122.0,2260.0,1756458600.0,2025-08-29 14:40:00+05:30
122.15,122.26,122.03,122.26,436.0,1756458900.0,2025-08-29 14:45:00+05:30
122.26,122.29,122.15,122.15,362.0,1756459200.0,2025-08-29 14:50:00+05:30
122.16,122.38,122.15,122.38,1219.0,1756459500.0,2025-08-29 14:55:00+05:30
122.38,122.38,122.0,122.04,2248.0,1756459800.0,2025-08-29 15:00:00+05:30
122.05,122.26,122.0,122.09,3941.0,1756460100.0,2025-08-29 15:05:00+05:30
122.11,122.23,121.81,122.04,1470.0,1756460400.0,2025-08-29 15:10:00+05:30
121.93,122.25,121.93,122.2,4495.0,1756460700.0,2025-08-29 15:15:00+05:30
122.02,122.19,121.74,121.8,3315.0,1756461000.0,2025-08-29 15:20:00+05:30
121.76,122.49,121.74,122.49,10671.0,1756461300.0,2025-08-29 15:25:00+05:30
122.35,123.69,122.05,122.25,12950.0,1756698300.0,2025-09-01 09:15:00+05:30
122.25,122.39,122.04,122.35,3811.0,1756698600.0,2025-09-01 09:20:00+05:30
122.07,122.48,122.0,122.32,9046.0,1756698900.0,2025-09-01 09:25:00+05:30
122.35,122.42,122.0,122.4,3841.0,1756699200.0,2025-09-01 09:30:00+05:30
122.23,122.39,122.13,122.38,4998.0,1756699500.0,2025-09-01 09:35:00+05:30
122.36,122.69,122.16,122.69,3784.0,1756699800.0,2025-09-01 09:40:00+05:30
122.8,123.4,122.61,123.09,7400.0,1756700100.0,2025-09-01 09:45:00+05:30
123.09,123.5,123.09,123.5,3454.0,1756700400.0,2025-09-01 09:50:00+05:30
123.2,123.2,122.67,122.67,2839.0,1756700700.0,2025-09-01 09:55:00+05:30
122.68,123.12,122.68,123.12,1316.0,1756701000.0,2025-09-01 10:00:00+05:30
123.12,123.18,122.77,122.77,1178.0,1756701300.0,2025-09-01 10:05:00+05:30
122.77,122.93,122.41,122.63,3704.0,1756701600.0,2025-09-01 10:10:00+05:30
122.63,122.63,122.31,122.48,168.0,1756701900.0,2025-09-01 10:15:00+05:30
122.48,122.63,122.48,122.63,1919.0,1756702200.0,2025-09-01 10:20:00+05:30
122.63,122.78,122.63,122.77,270.0,1756702500.0,2025-09-01 10:25:00+05:30
122.77,123.11,122.55,122.99,2201.0,1756702800.0,2025-09-01 10:30:00+05:30
123.08,123.08,122.53,122.53,1013.0,1756703100.0,2025-09-01 10:35:00+05:30
122.6,122.74,122.5,122.68,1242.0,1756703400.0,2025-09-01 10:40:00+05:30
122.68,122.68,122.5,122.64,226.0,1756703700.0,2025-09-01 10:45:00+05:30
122.51,122.65,122.49,122.65,753.0,1756704000.0,2025-09-01 10:50:00+05:30
122.7,122.72,122.59,122.59,847.0,1756704300.0,2025-09-01 10:55:00+05:30
122.72,122.84,122.59,122.59,1252.0,1756704600.0,2025-09-01 11:00:00+05:30
122.69,122.84,122.33,122.5,5671.0,1756704900.0,2025-09-01 11:05:00+05:30
122.71,122.73,122.32,122.46,231.0,1756705200.0,2025-09-01 11:10:00+05:30
122.22,122.38,122.21,122.38,250.0,1756705500.0,2025-09-01 11:15:00+05:30
122.23,122.44,122.23,122.3,743.0,1756705800.0,2025-09-01 11:20:00+05:30
122.3,122.45,122.3,122.45,97.0,1756706100.0,2025-09-01 11:25:00+05:30
122.45,122.5,122.3,122.5,180.0,1756706400.0,2025-09-01 11:30:00+05:30
122.5,122.69,122.5,122.64,454.0,1756706700.0,2025-09-01 11:35:00+05:30
122.64,122.64,122.6,122.63,65.0,1756707000.0,2025-09-01 11:40:00+05:30
122.63,122.76,122.62,122.62,342.0,1756707300.0,2025-09-01 11:45:00+05:30
122.66,122.69,122.1,122.27,6740.0,1756707600.0,2025-09-01 11:50:00+05:30
122.24,122.25,122.1,122.1,112.0,1756707900.0,2025-09-01 11:55:00+05:30
122.1,122.28,122.1,122.28,30.0,1756708200.0,2025-09-01 12:00:00+05:30
122.29,122.29,122.01,122.25,1538.0,1756708500.0,2025-09-01 12:05:00+05:30
122.1,122.25,122.1,122.1,436.0,1756708800.0,2025-09-01 12:10:00+05:30
122.1,122.25,121.93,121.99,4117.0,1756709100.0,2025-09-01 12:15:00+05:30
121.99,122.0,121.82,121.82,3886.0,1756709400.0,2025-09-01 12:20:00+05:30
121.89,122.28,121.8,122.0,5590.0,1756709700.0,2025-09-01 12:25:00+05:30
122.18,122.18,122.0,122.15,306.0,1756710000.0,2025-09-01 12:30:00+05:30
122.15,122.15,122.0,122.0,205.0,1756710300.0,2025-09-01 12:35:00+05:30
122.03,122.14,121.93,121.93,784.0,1756710600.0,2025-09-01 12:40:00+05:30
122.03,122.15,122.0,122.15,442.0,1756710900.0,2025-09-01 12:45:00+05:30
121.96,122.19,121.96,122.1,1105.0,1756711200.0,2025-09-01 12:50:00+05:30
122.1,122.12,121.96,122.12,172.0,1756711500.0,2025-09-01 12:55:00+05:30
122.15,122.21,121.97,122.21,311.0,1756711800.0,2025-09-01 13:00:00+05:30
122.21,122.38,122.21,122.38,35.0,1756712100.0,2025-09-01 13:05:00+05:30
122.38,122.38,122.38,122.38,360.0,1756712400.0,2025-09-01 13:10:00+05:30
122.38,122.44,122.26,122.38,203.0,1756712700.0,2025-09-01 13:15:00+05:30
122.38,122.41,122.25,122.32,837.0,1756713000.0,2025-09-01 13:20:00+05:30
122.47,122.47,122.32,122.45,143.0,1756713300.0,2025-09-01 13:25:00+05:30
122.48,122.48,122.32,122.32,373.0,1756713600.0,2025-09-01 13:30:00+05:30
122.32,122.48,122.32,122.46,1154.0,1756713900.0,2025-09-01 13:35:00+05:30
122.32,122.44,122.21,122.21,1798.0,1756714200.0,2025-09-01 13:40:00+05:30
122.4,122.48,122.26,122.26,337.0,1756714500.0,2025-09-01 13:45:00+05:30
122.4,122.55,122.4,122.55,2061.0,1756714800.0,2025-09-01 13:50:00+05:30
122.42,122.67,122.42,122.65,755.0,1756715100.0,2025-09-01 13:55:00+05:30
123.0,123.0,122.9,122.9,2606.0,1756715400.0,2025-09-01 14:00:00+05:30
122.9,122.9,122.73,122.73,20.0,1756715700.0,2025-09-01 14:05:00+05:30
122.73,122.93,122.73,122.92,645.0,1756716000.0,2025-09-01 14:10:00+05:30
122.71,122.84,122.66,122.66,1522.0,1756716300.0,2025-09-01 14:15:00+05:30
122.65,122.8,122.62,122.75,462.0,1756716600.0,2025-09-01 14:20:00+05:30
122.75,122.85,122.64,122.85,700.0,1756716900.0,2025-09-01 14:25:00+05:30
122.85,122.85,122.67,122.67,210.0,1756717200.0,2025-09-01 14:30:00+05:30
122.66,122.7,122.66,122.7,167.0,1756717500.0,2025-09-01 14:35:00+05:30
122.7,123.4,122.7,123.4,5846.0,1756717800.0,2025-09-01 14:40:00+05:30
123.4,123.88,123.29,123.61,5066.0,1756718100.0,2025-09-01 14:45:00+05:30
123.61,123.79,123.51,123.56,6274.0,1756718400.0,2025-09-01 14:50:00+05:30
123.67,123.71,123.54,123.55,463.0,1756718700.0,2025-09-01 14:55:00+05:30
123.64,123.64,123.23,123.37,705.0,1756719000.0,2025-09-01 15:00:00+05:30
123.3,123.4,122.88,123.33,3694.0,1756719300.0,2025-09-01 15:05:00+05:30
123.13,123.4,123.01,123.13,1428.0,1756719600.0,2025-09-01 15:10:00+05:30
123.15,123.79,123.15,123.21,3738.0,1756719900.0,2025-09-01 15:15:00+05:30
123.48,123.5,123.08,123.09,3569.0,1756720200.0,2025-09-01 15:20:00+05:30
123.18,123.6,122.68,122.68,6288.0,1756720500.0,2025-09-01 15:25:00+05:30
124.09,124.4,122.41,123.39,7628.0,1756784700.0,2025-09-02 09:15:00+05:30
123.69,124.29,123.5,124.1,10019.0,1756785000.0,2025-09-02 09:20:00+05:30
124.19,124.19,123.22,123.46,1458.0,1756785300.0,2025-09-02 09:25:00+05:30
123.44,124.3,123.44,124.3,1404.0,1756785600.0,2025-09-02 09:30:00+05:30
124.1,124.49,124.03,124.21,7827.0,1756785900.0,2025-09-02 09:35:00+05:30
124.47,126.77,124.45,126.42,32459.0,1756786200.0,2025-09-02 09:40:00+05:30
126.22,127.9,126.22,127.46,24688.0,1756786500.0,2025-09-02 09:45:00+05:30
127.46,128.4,127.39,128.0,14642.0,1756786800.0,2025-09-02 09:50:00+05:30
127.8,128.29,127.44,127.81,26692.0,1756787100.0,2025-09-02 09:55:00+05:30
127.81,127.81,127.4,127.44,4991.0,1756787400.0,2025-09-02 10:00:00+05:30
127.64,127.64,127.02,127.26,6525.0,1756787700.0,2025-09-02 10:05:00+05:30
127.25,127.26,127.0,127.15,3605.0,1756788000.0,2025-09-02 10:10:00+05:30
127.15,127.15,126.62,126.77,5338.0,1756788300.0,2025-09-02 10:15:00+05:30
126.77,128.06,126.77,127.55,31652.0,1756788600.0,2025-09-02 10:20:00+05:30
127.2,128.45,127.12,128.13,10549.0,1756788900.0,2025-09-02 10:25:00+05:30
128.13,128.99,127.83,127.83,9766.0,1756789200.0,2025-09-02 10:30:00+05:30
127.8,128.34,127.8,128.34,3869.0,1756789500.0,2025-09-02 10:35:00+05:30
128.34,128.6,128.13,128.33,3091.0,1756789800.0,2025-09-02 10:40:00+05:30
128.3,128.3,128.05,128.28,1342.0,1756790100.0,2025-09-02 10:45:00+05:30
128.12,128.4,128.12,128.16,1616.0,1756790400.0,2025-09-02 10:50:00+05:30
128.0,128.5,128.0,128.18,4854.0,1756790700.0,2025-09-02 10:55:00+05:30
128.18,128.5,128.04,128.04,7815.0,1756791000.0,2025-09-02 11:00:00+05:30
128.27,128.27,128.01,128.01,839.0,1756791300.0,2025-09-02 11:05:00+05:30
128.01,128.15,127.91,128.12,1753.0,1756791600.0,2025-09-02 11:10:00+05:30
128.01,128.3,128.01,128.23,4409.0,1756791900.0,2025-09-02 11:15:00+05:30
128.01,128.2,127.91,127.91,2441.0,1756792200.0,2025-09-02 11:20:00+05:30
127.91,127.91,127.6,127.8,1121.0,1756792500.0,2025-09-02 11:25:00+05:30
127.75,128.0,127.51,127.84,1973.0,1756792800.0,2025-09-02 11:30:00+05:30
127.84,128.0,127.58,127.58,440.0,1756793100.0,2025-09-02 11:35:00+05:30
127.55,127.69,127.05,127.11,4458.0,1756793400.0,2025-09-02 11:40:00+05:30
127.0,127.44,127.0,127.28,1874.0,1756793700.0,2025-09-02 11:45:00+05:30
127.28,127.35,127.28,127.35,1260.0,1756794000.0,2025-09-02 11:50:00+05:30
127.58,127.83,127.42,127.55,2325.0,1756794300.0,2025-09-02 11:55:00+05:30
127.55,127.73,127.4,127.4,1186.0,1756794600.0,2025-09-02 12:00:00+05:30
127.59,127.59,127.4,127.55,653.0,1756794900.0,2025-09-02 12:05:00+05:30
127.73,127.73,127.42,127.68,863.0,1756795200.0,2025-09-02 12:10:00+05:30
127.65,127.7,127.52,127.52,1808.0,1756795500.0,2025-09-02 12:15:00+05:30
129.1,133.08,129.01,130.17,250326.0,1756795800.0,2025-09-02 12:20:00+05:30
130.1,130.47,129.06,129.06,50051.0,1756796100.0,2025-09-02 12:25:00+05:30
129.31,129.49,128.98,129.25,24532.0,1756796400.0,2025-09-02 12:30:00+05:30
129.0,129.25,128.73,128.98,10416.0,1756796700.0,2025-09-02 12:35:00+05:30
128.8,130.0,128.8,129.9,30426.0,1756797000.0,2025-09-02 12:40:00+05:30
129.9,130.79,129.69,130.38,14889.0,1756797300.0,2025-09-02 12:45:00+05:30
130.0,131.99,129.95,131.07,31201.0,1756797600.0,2025-09-02 12:50:00+05:30
131.26,132.3,131.05,132.05,34989.0,1756797900.0,2025-09-02 12:55:00+05:30
132.01,132.65,131.76,132.57,24508.0,1756798200.0,2025-09-02 13:00:00+05:30
132.5,133.0,132.0,132.03,42777.0,1756798500.0,2025-09-02 13:05:00+05:30
132.38,132.39,130.85,130.9,35568.0,1756798800.0,2025-09-02 13:10:00+05:30
130.75,131.69,130.72,130.84,12605.0,1756799100.0,2025-09-02 13:15:00+05:30
130.84,130.97,130.75,130.93,4538.0,1756799400.0,2025-09-02 13:20:00+05:30
130.82,131.04,130.75,130.75,8572.0,1756799700.0,2025-09-02 13:25:00+05:30
130.77,131.14,130.76,131.14,1582.0,1756800000.0,2025-09-02 13:30:00+05:30
131.0,131.69,131.0,131.28,3879.0,1756800300.0,2025-09-02 13:35:00+05:30
131.26,131.27,130.15,130.5,38803.0,1756800600.0,2025-09-02 13:40:00+05:30
130.5,130.76,130.28,130.49,4674.0,1756800900.0,2025-09-02 13:45:00+05:30
130.49,130.59,129.7,129.7,20310.0,1756801200.0,2025-09-02 13:50:00+05:30
129.95,132.36,129.7,131.45,34498.0,1756801500.0,2025-09-02 13:55:00+05:30
131.46,131.47,130.68,130.8,12561.0,1756801800.0,2025-09-02 14:00:00+05:30
130.8,131.39,130.61,131.18,14474.0,1756802100.0,2025-09-02 14:05:00+05:30
131.4,131.4,130.69,131.01,24301.0,1756802400.0,2025-09-02 14:10:00+05:30
131.04,131.2,130.77,131.2,4017.0,1756802700.0,2025-09-02 14:15:00+05:30
131.2,131.79,131.2,131.52,9652.0,1756803000.0,2025-09-02 14:20:00+05:30
131.74,132.03,131.33,131.79,22807.0,1756803300.0,2025-09-02 14:25:00+05:30
131.79,132.3,131.67,131.9,20404.0,1756803600.0,2025-09-02 14:30:00+05:30
131.94,132.61,131.9,132.15,26921.0,1756803900.0,2025-09-02 14:35:00+05:30
132.28,132.32,131.8,132.1,18575.0,1756804200.0,2025-09-02 14:40:00+05:30
132.06,132.5,131.87,131.99,9400.0,1756804500.0,2025-09-02 14:45:00+05:30
131.97,132.07,131.52,131.79,12080.0,1756804800.0,2025-09-02 14:50:00+05:30
131.79,133.8,131.7,133.24,84277.0,1756805100.0,2025-09-02 14:55:00+05:30
133.2,133.45,131.74,133.45,73361.0,1756805400.0,2025-09-02 15:00:00+05:30
133.34,134.43,132.48,133.71,111278.0,1756805700.0,2025-09-02 15:05:00+05:30
133.71,134.15,133.44,133.59,47185.0,1756806000.0,2025-09-02 15:10:00+05:30
133.61,134.43,133.5,133.9,54546.0,1756806300.0,2025-09-02 15:15:00+05:30
134.03,134.99,133.9,134.01,62072.0,1756806600.0,2025-09-02 15:20:00+05:30
134.01,134.5,133.13,134.02,48081.0,1756806900.0,2025-09-02 15:25:00+05:30
134.65,135.99,133.38,135.6,67276.0,1756871100.0,2025-09-03 09:15:00+05:30
135.4,138.24,135.25,136.96,105532.0,1756871400.0,2025-09-03 09:20:00+05:30
136.96,138.9,136.71,138.06,70325.0,1756871700.0,2025-09-03 09:25:00+05:30
138.38,138.45,137.0,137.02,68682.0,1756872000.0,2025-09-03 09:30:00+05:30
136.73,137.91,136.41,136.92,40632.0,1756872300.0,2025-09-03 09:35:00+05:30
136.85,136.85,136.0,136.32,23305.0,1756872600.0,2025-09-03 09:40:00+05:30
136.3,136.91,136.0,136.0,15713.0,1756872900.0,2025-09-03 09:45:00+05:30
136.0,136.7,135.9,136.59,39574.0,1756873200.0,2025-09-03 09:50:00+05:30
136.78,136.8,136.17,136.5,14644.0,1756873500.0,2025-09-03 09:55:00+05:30
136.68,136.68,136.0,136.33,24102.0,1756873800.0,2025-09-03 10:00:00+05:30
136.42,136.63,136.13,136.63,7799.0,1756874100.0,2025-09-03 10:05:00+05:30
136.6,136.6,135.06,135.11,14953.0,1756874400.0,2025-09-03 10:10:00+05:30
135.4,135.4,134.62,134.75,9410.0,1756874700.0,2025-09-03 10:15:00+05:30
134.52,135.4,134.52,135.2,12185.0,1756875000.0,2025-09-03 10:20:00+05:30
135.4,135.8,135.2,135.8,5709.0,1756875300.0,2025-09-03 10:25:00+05:30
135.63,136.19,135.55,135.98,8904.0,1756875600.0,2025-09-03 10:30:00+05:30
135.9,135.95,135.07,135.11,4762.0,1756875900.0,2025-09-03 10:35:00+05:30
135.21,136.4,135.21,135.84,14208.0,1756876200.0,2025-09-03 10:40:00+05:30
135.79,135.8,135.21,135.5,2724.0,1756876500.0,2025-09-03 10:45:00+05:30
135.58,135.89,135.5,135.89,3109.0,1756876800.0,2025-09-03 10:50:00+05:30
135.75,136.25,135.65,136.25,2984.0,1756877100.0,2025-09-03 10:55:00+05:30
136.25,136.25,135.51,135.78,3308.0,1756877400.0,2025-09-03 11:00:00+05:30
135.87,135.87,135.22,135.57,1676.0,1756877700.0,2025-09-03 11:05:00+05:30
135.77,135.81,135.49,135.75,2190.0,1756878000.0,2025-09-03 11:10:00+05:30
135.75,135.75,135.3,135.53,5031.0,1756878300.0,2025-09-03 11:15:00+05:30
135.53,135.72,135.36,135.56,2433.0,1756878600.0,2025-09-03 11:20:00+05:30
135.39,135.49,135.27,135.28,1173.0,1756878900.0,2025-09-03 11:25:00+05:30
135.28,136.0,135.2,135.71,6879.0,1756879200.0,2025-09-03 11:30:00+05:30
135.93,136.05,135.8,135.95,1809.0,1756879500.0,2025-09-03 11:35:00+05:30
135.77,136.01,135.61,136.0,1909.0,1756879800.0,2025-09-03 11:40:00+05:30
136.01,136.68,136.0,136.45,4162.0,1756880100.0,2025-09-03 11:45:00+05:30
136.07,136.43,136.05,136.05,6358.0,1756880400.0,2025-09-03 11:50:00+05:30
136.04,136.23,136.04,136.23,1196.0,1756880700.0,2025-09-03 11:55:00+05:30
136.23,136.56,136.08,136.4,5872.0,1756881000.0,2025-09-03 12:00:00+05:30
136.45,136.61,136.06,136.08,2818.0,1756881300.0,2025-09-03 12:05:00+05:30
136.29,136.52,136.11,136.47,3136.0,1756881600.0,2025-09-03 12:10:00+05:30
136.72,136.72,135.79,135.79,14739.0,1756881900.0,2025-09-03 12:15:00+05:30
135.91,136.2,135.36,135.61,18775.0,1756882200.0,2025-09-03 12:20:00+05:30
135.27,135.57,135.16,135.47,2948.0,1756882500.0,2025-09-03 12:25:00+05:30
135.36,135.47,135.32,135.32,1975.0,1756882800.0,2025-09-03 12:30:00+05:30
135.45,135.75,135.32,135.75,3507.0,1756883100.0,2025-09-03 12:35:00+05:30
135.9,136.6,135.62,136.6,6517.0,1756883400.0,2025-09-03 12:40:00+05:30
136.5,137.25,136.5,136.6,12719.0,1756883700.0,2025-09-03 12:45:00+05:30
136.67,136.67,136.18,136.32,17207.0,1756884000.0,2025-09-03 12:50:00+05:30
136.32,136.45,136.12,136.12,1517.0,1756884300.0,2025-09-03 12:55:00+05:30
136.16,136.16,136.0,136.0,2965.0,1756884600.0,2025-09-03 13:00:00+05:30
136.0,136.29,135.71,136.29,2480.0,1756884900.0,2025-09-03 13:05:00+05:30
136.29,136.31,136.12,136.27,364.0,1756885200.0,2025-09-03 13:10:00+05:30
136.12,136.23,136.12,136.12,1722.0,1756885500.0,2025-09-03 13:15:00+05:30
136.12,136.12,135.61,135.86,575.0,1756885800.0,2025-09-03 13:20:00+05:30
135.65,135.82,135.61,135.76,1677.0,1756886100.0,2025-09-03 13:25:00+05:30
135.64,135.99,135.64,135.99,2594.0,1756886400.0,2025-09-03 13:30:00+05:30
135.77,135.92,135.75,135.75,1072.0,1756886700.0,2025-09-03 13:35:00+05:30
135.66,135.78,135.52,135.52,3763.0,1756887000.0,2025-09-03 13:40:00+05:30
135.52,135.72,135.51,135.71,1038.0,1756887300.0,2025-09-03 13:45:00+05:30
135.7,135.71,135.51,135.7,1712.0,1756887600.0,2025-09-03 13:50:00+05:30
135.51,135.94,135.51,135.63,2704.0,1756887900.0,2025-09-03 13:55:00+05:30
135.87,135.9,135.69,135.9,691.0,1756888200.0,2025-09-03 14:00:00+05:30
135.85,135.92,135.51,135.68,4585.0,1756888500.0,2025-09-03 14:05:00+05:30
135.84,136.0,135.64,136.0,2225.0,1756888800.0,2025-09-03 14:10:00+05:30
136.0,136.0,135.71,135.71,1191.0,1756889100.0,2025-09-03 14:15:00+05:30
135.71,135.71,135.01,135.21,28215.0,1756889400.0,2025-09-03 14:20:00+05:30
135.18,135.44,135.01,135.44,3299.0,1756889700.0,2025-09-03 14:25:00+05:30
135.34,135.48,135.02,135.23,11809.0,1756890000.0,2025-09-03 14:30:00+05:30
135.11,135.33,135.05,135.2,5813.0,1756890300.0,2025-09-03 14:35:00+05:30
135.38,135.38,134.9,135.08,11659.0,1756890600.0,2025-09-03 14:40:00+05:30
134.92,135.4,134.9,135.34,7072.0,1756890900.0,2025-09-03 14:45:00+05:30
135.3,135.45,135.3,135.3,989.0,1756891200.0,2025-09-03 14:50:00+05:30
135.3,135.63,135.03,135.03,7718.0,1756891500.0,2025-09-03 14:55:00+05:30
135.22,135.22,134.97,134.97,2247.0,1756891800.0,2025-09-03 15:00:00+05:30
135.08,135.08,134.61,134.86,10253.0,1756892100.0,2025-09-03 15:05:00+05:30
134.81,135.13,134.72,134.74,10691.0,1756892400.0,2025-09-03 15:10:00+05:30
134.77,135.66,134.56,135.66,14773.0,1756892700.0,2025-09-03 15:15:00+05:30
135.8,136.0,135.51,135.91,12976.0,1756893000.0,2025-09-03 15:20:00+05:30
135.91,137.0,135.42,135.9,19935.0,1756893300.0,2025-09-03 15:25:00+05:30
139.0,141.7,136.0,139.08,101679.0,1756957500.0,2025-09-04 09:15:00+05:30
139.39,139.8,138.3,139.8,44137.0,1756957800.0,2025-09-04 09:20:00+05:30
139.8,140.99,139.06,139.4,55181.0,1756958100.0,2025-09-04 09:25:00+05:30
139.4,139.63,138.55,138.77,26727.0,1756958400.0,2025-09-04 09:30:00+05:30
138.7,139.57,138.0,138.18,24581.0,1756958700.0,2025-09-04 09:35:00+05:30
138.39,138.99,138.03,138.48,10711.0,1756959000.0,2025-09-04 09:40:00+05:30
138.4,139.49,138.2,138.64,19998.0,1756959300.0,2025-09-04 09:45:00+05:30
138.71,139.0,138.31,138.96,8815.0,1756959600.0,2025-09-04 09:50:00+05:30
138.94,140.3,138.93,139.9,52751.0,1756959900.0,2025-09-04 09:55:00+05:30
139.75,140.5,139.21,139.4,32821.0,1756960200.0,2025-09-04 10:00:00+05:30
139.2,139.37,137.11,137.51,43059.0,1756960500.0,2025-09-04 10:05:00+05:30
137.1,137.36,136.51,137.02,14474.0,1756960800.0,2025-09-04 10:10:00+05:30
137.17,137.18,134.86,135.68,91612.0,1756961100.0,2025-09-04 10:15:00+05:30
135.82,135.9,135.38,135.5,20419.0,1756961400.0,2025-09-04 10:20:00+05:30
135.52,135.62,134.28,134.46,16454.0,1756961700.0,2025-09-04 10:25:00+05:30
134.69,135.3,134.43,135.02,5502.0,1756962000.0,2025-09-04 10:30:00+05:30
135.3,135.43,134.81,135.16,5142.0,1756962300.0,2025-09-04 10:35:00+05:30
135.18,135.18,134.21,134.63,12507.0,1756962600.0,2025-09-04 10:40:00+05:30
134.64,134.93,134.52,134.78,3723.0,1756962900.0,2025-09-04 10:45:00+05:30
134.99,135.09,134.78,135.05,6144.0,1756963200.0,2025-09-04 10:50:00+05:30
135.05,135.1,134.77,135.1,2393.0,1756963500.0,2025-09-04 10:55:00+05:30
135.3,135.3,134.89,134.89,3027.0,1756963800.0,2025-09-04 11:00:00+05:30
134.8,135.33,134.8,135.3,9263.0,1756964100.0,2025-09-04 11:05:00+05:30
135.32,137.25,135.32,137.14,17776.0,1756964400.0,2025-09-04 11:10:00+05:30
137.14,137.23,135.96,136.0,26507.0,1756964700.0,2025-09-04 11:15:00+05:30
136.0,136.5,135.8,136.41,13436.0,1756965000.0,2025-09-04 11:20:00+05:30
136.49,137.19,136.3,136.48,18518.0,1756965300.0,2025-09-04 11:25:00+05:30
136.25,136.35,136.1,136.18,1696.0,1756965600.0,2025-09-04 11:30:00+05:30
136.18,136.79,136.1,136.75,5995.0,1756965900.0,2025-09-04 11:35:00+05:30
136.6,136.6,136.32,136.32,480.0,1756966200.0,2025-09-04 11:40:00+05:30
136.33,136.6,136.31,136.55,3144.0,1756966500.0,2025-09-04 11:45:00+05:30
136.67,136.67,136.2,136.35,4570.0,1756966800.0,2025-09-04 11:50:00+05:30
136.3,136.35,136.2,136.23,204.0,1756967100.0,2025-09-04 11:55:00+05:30
136.23,136.23,135.7,135.7,3303.0,1756967400.0,2025-09-04 12:00:00+05:30
135.74,135.74,134.96,135.0,21898.0,1756967700.0,2025-09-04 12:05:00+05:30
134.97,135.01,134.65,134.9,7186.0,1756968000.0,2025-09-04 12:10:00+05:30
134.9,135.0,134.88,134.88,1721.0,1756968300.0,2025-09-04 12:15:00+05:30
134.9,134.9,134.41,134.6,5637.0,1756968600.0,2025-09-04 12:20:00+05:30
134.64,134.9,134.6,134.9,1277.0,1756968900.0,2025-09-04 12:25:00+05:30
134.87,135.15,134.77,134.77,4165.0,1756969200.0,2025-09-04 12:30:00+05:30
135.12,135.12,134.76,135.09,3388.0,1756969500.0,2025-09-04 12:35:00+05:30
134.92,135.05,134.89,135.05,183.0,1756969800.0,2025-09-04 12:40:00+05:30
135.28,135.29,134.96,135.0,2485.0,1756970100.0,2025-09-04 12:45:00+05:30
135.1,135.29,135.1,135.29,857.0,1756970400.0,2025-09-04 12:50:00+05:30
135.06,135.26,135.06,135.2,1390.0,1756970700.0,2025-09-04 12:55:00+05:30
135.2,135.2,134.93,134.98,2100.0,1756971000.0,2025-09-04 13:00:00+05:30
134.97,135.15,134.95,134.97,1225.0,1756971300.0,2025-09-04 13:05:00+05:30
134.97,134.97,134.75,134.77,4749.0,1756971600.0,2025-09-04 13:10:00+05:30
134.94,134.97,134.5,134.7,3432.0,1756971900.0,2025-09-04 13:15:00+05:30
134.69,134.86,134.53,134.71,2591.0,1756972200.0,2025-09-04 13:20:00+05:30
134.72,134.75,134.23,134.75,3215.0,1756972500.0,2025-09-04 13:25:00+05:30
134.73,134.91,134.64,134.78,1000.0,1756972800.0,2025-09-04 13:30:00+05:30
134.78,134.78,134.52,134.54,170.0,1756973100.0,2025-09-04 13:35:00+05:30
134.69,134.7,134.69,134.69,224.0,1756973400.0,2025-09-04 13:40:00+05:30
134.55,134.55,134.36,134.38,773.0,1756973700.0,2025-09-04 13:45:00+05:30
134.38,134.59,134.0,134.36,5690.0,1756974000.0,2025-09-04 13:50:00+05:30
134.34,134.34,134.0,134.2,3158.0,1756974300.0,2025-09-04 13:55:00+05:30
134.2,134.2,134.01,134.05,1252.0,1756974600.0,2025-09-04 14:00:00+05:30
134.02,134.03,134.02,134.03,454.0,1756974900.0,2025-09-04 14:05:00+05:30
134.01,134.3,133.96,133.96,9927.0,1756975200.0,2025-09-04 14:10:00+05:30
133.95,134.08,133.94,134.05,253.0,1756975500.0,2025-09-04 14:15:00+05:30
134.05,134.27,133.91,134.19,5267.0,1756975800.0,2025-09-04 14:20:00+05:30
134.19,134.19,133.99,134.0,1113.0,1756976100.0,2025-09-04 14:25:00+05:30
134.0,134.54,134.0,134.33,1583.0,1756976400.0,2025-09-04 14:30:00+05:30
134.34,134.61,134.11,134.11,1838.0,1756976700.0,2025-09-04 14:35:00+05:30
134.26,134.43,134.13,134.21,438.0,1756977000.0,2025-09-04 14:40:00+05:30
134.23,134.49,134.19,134.43,4606.0,1756977300.0,2025-09-04 14:45:00+05:30
134.42,134.42,134.02,134.02,1567.0,1756977600.0,2025-09-04 14:50:00+05:30
134.06,134.49,134.06,134.45,4422.0,1756977900.0,2025-09-04 14:55:00+05:30
134.45,134.5,134.27,134.4,10287.0,1756978200.0,2025-09-04 15:00:00+05:30
134.49,134.71,134.42,134.71,2770.0,1756978500.0,2025-09-04 15:05:00+05:30
134.6,134.98,134.52,134.98,56352.0,1756978800.0,2025-09-04 15:10:00+05:30
134.76,135.27,134.62,134.72,12634.0,1756979100.0,2025-09-04 15:15:00+05:30
134.71,136.52,134.4,135.33,52822.0,1756979400.0,2025-09-04 15:20:00+05:30
135.3,135.99,135.07,135.23,15419.0,1756979700.0,2025-09-04 15:25:00+05:30
136.24,136.3,134.71,135.06,16577.0,1757043900.0,2025-09-05 09:15:00+05:30
135.25,135.38,134.69,135.17,6081.0,1757044200.0,2025-09-05 09:20:00+05:30
135.18,136.98,134.99,136.77,12081.0,1757044500.0,2025-09-05 09:25:00+05:30
136.88,137.94,136.67,137.23,12923.0,1757044800.0,2025-09-05 09:30:00+05:30
137.05,137.66,137.05,137.14,13361.0,1757045100.0,2025-09-05 09:35:00+05:30
137.14,137.14,136.08,136.69,18062.0,1757045400.0,2025-09-05 09:40:00+05:30
136.7,138.37,136.7,137.77,34450.0,1757045700.0,2025-09-05 09:45:00+05:30
137.65,140.5,137.63,140.5,35063.0,1757046000.0,2025-09-05 09:50:00+05:30
140.27,140.31,138.75,139.88,33502.0,1757046300.0,2025-09-05 09:55:00+05:30
139.72,142.0,139.72,140.7,70205.0,1757046600.0,2025-09-05 10:00:00+05:30
140.7,142.5,140.6,141.44,67450.0,1757046900.0,2025-09-05 10:05:00+05:30
141.23,141.53,139.7,140.83,61088.0,1757047200.0,2025-09-05 10:10:00+05:30
140.8,143.25,139.7,143.17,103619.0,1757047500.0,2025-09-05 10:15:00+05:30
143.11,143.3,141.54,142.85,77531.0,1757047800.0,2025-09-05 10:20:00+05:30
143.24,144.65,143.11,143.83,105368.0,1757048100.0,2025-09-05 10:25:00+05:30
143.8,145.8,143.8,144.9,158536.0,1757048400.0,2025-09-05 10:30:00+05:30
144.98,145.8,144.39,144.9,81306.0,1757048700.0,2025-09-05 10:35:00+05:30
144.95,145.39,144.3,144.38,43493.0,1757049000.0,2025-09-05 10:40:00+05:30
144.33,144.6,143.25,144.33,51517.0,1757049300.0,2025-09-05 10:45:00+05:30
144.49,144.49,143.02,143.13,42533.0,1757049600.0,2025-09-05 10:50:00+05:30
143.14,143.24,142.5,143.03,23967.0,1757049900.0,2025-09-05 10:55:00+05:30
142.95,145.57,142.95,145.41,117470.0,1757050200.0,2025-09-05 11:00:00+05:30
145.18,145.38,144.07,144.24,18921.0,1757050500.0,2025-09-05 11:05:00+05:30
144.22,144.28,143.61,144.28,15213.0,1757050800.0,2025-09-05 11:10:00+05:30
144.07,145.2,144.07,144.5,31303.0,1757051100.0,2025-09-05 11:15:00+05:30
144.5,145.45,144.2,144.75,29756.0,1757051400.0,2025-09-05 11:20:00+05:30
144.65,145.44,144.55,144.55,16440.0,1757051700.0,2025-09-05 11:25:00+05:30
144.55,144.6,144.0,144.11,37980.0,1757052000.0,2025-09-05 11:30:00+05:30
144.6,144.9,144.52,144.67,20623.0,1757052300.0,2025-09-05 11:35:00+05:30
144.77,145.24,144.41,145.1,35439.0,1757052600.0,2025-09-05 11:40:00+05:30
145.22,145.35,144.72,144.72,26301.0,1757052900.0,2025-09-05 11:45:00+05:30
144.8,146.5,144.8,146.48,106492.0,1757053200.0,2025-09-05 11:50:00+05:30
146.5,148.25,146.14,146.45,182558.0,1757053500.0,2025-09-05 11:55:00+05:30
146.45,146.59,145.51,145.76,57898.0,1757053800.0,2025-09-05 12:00:00+05:30
145.7,147.31,145.7,146.43,60530.0,1757054100.0,2025-09-05 12:05:00+05:30
146.39,147.38,145.9,147.2,58361.0,1757054400.0,2025-09-05 12:10:00+05:30
147.25,147.25,146.14,146.96,41635.0,1757054700.0,2025-09-05 12:15:00+05:30
146.7,147.4,146.22,146.45,47392.0,1757055000.0,2025-09-05 12:20:00+05:30
146.52,147.38,146.11,147.15,31297.0,1757055300.0,2025-09-05 12:25:00+05:30
147.24,147.24,146.15,146.15,51455.0,1757055600.0,2025-09-05 12:30:00+05:30
146.45,146.64,145.92,146.29,31525.0,1757055900.0,2025-09-05 12:35:00+05:30
146.3,146.9,145.99,146.53,18792.0,1757056200.0,2025-09-05 12:40:00+05:30
146.6,146.69,146.21,146.24,8566.0,1757056500.0,2025-09-05 12:45:00+05:30
146.4,146.4,146.02,146.4,11622.0,1757056800.0,2025-09-05 12:50:00+05:30
146.29,146.45,146.0,146.08,21109.0,1757057100.0,2025-09-05 12:55:00+05:30
146.29,146.75,146.1,146.53,16921.0,1757057400.0,2025-09-05 13:00:00+05:30
146.57,146.59,146.11,146.39,6682.0,1757057700.0,2025-09-05 13:05:00+05:30
146.39,147.2,146.36,146.91,15736.0,1757058000.0,2025-09-05 13:10:00+05:30
146.72,146.95,145.32,145.4,36958.0,1757058300.0,2025-09-05 13:15:00+05:30
145.5,145.56,145.15,145.35,11914.0,1757058600.0,2025-09-05 13:20:00+05:30
145.23,145.37,145.15,145.33,5545.0,1757058900.0,2025-09-05 13:25:00+05:30
145.15,145.95,145.1,145.87,20429.0,1757059200.0,2025-09-05 13:30:00+05:30
145.85,145.85,144.5,144.5,30608.0,1757059500.0,2025-09-05 13:35:00+05:30
144.5,144.78,144.5,144.66,12471.0,1757059800.0,2025-09-05 13:40:00+05:30
144.65,145.23,144.65,144.81,9675.0,1757060100.0,2025-09-05 13:45:00+05:30
144.74,145.16,144.62,144.62,14097.0,1757060400.0,2025-09-05 13:50:00+05:30
144.62,145.15,144.62,144.71,4567.0,1757060700.0,2025-09-05 13:55:00+05:30
144.71,145.0,144.62,144.62,8549.0,1757061000.0,2025-09-05 14:00:00+05:30
144.84,145.85,144.84,145.4,9752.0,1757061300.0,2025-09-05 14:05:00+05:30
145.4,145.68,145.22,145.32,23689.0,1757061600.0,2025-09-05 14:10:00+05:30
145.32,145.77,145.15,145.77,6207.0,1757061900.0,2025-09-05 14:15:00+05:30
145.77,145.95,145.53,145.59,8958.0,1757062200.0,2025-09-05 14:20:00+05:30
145.69,145.69,144.76,145.11,9911.0,1757062500.0,2025-09-05 14:25:00+05:30
145.01,145.24,144.9,145.12,5177.0,1757062800.0,2025-09-05 14:30:00+05:30
145.19,145.64,145.02,145.49,7828.0,1757063100.0,2025-09-05 14:35:00+05:30
145.25,145.44,144.62,144.7,7437.0,1757063400.0,2025-09-05 14:40:00+05:30
144.7,145.58,144.7,145.58,7320.0,1757063700.0,2025-09-05 14:45:00+05:30
145.55,145.55,144.94,145.16,11749.0,1757064000.0,2025-09-05 14:50:00+05:30
145.15,145.5,144.98,145.4,7990.0,1757064300.0,2025-09-05 14:55:00+05:30
145.26,145.49,144.6,145.0,19833.0,1757064600.0,2025-09-05 15:00:00+05:30
145.0,146.45,144.75,146.13,41464.0,1757064900.0,2025-09-05 15:05:00+05:30
146.0,146.22,145.6,145.78,13692.0,1757065200.0,2025-09-05 15:10:00+05:30
145.84,147.4,145.58,147.01,99873.0,1757065500.0,2025-09-05 15:15:00+05:30
147.01,147.4,147.0,147.03,59766.0,1757065800.0,2025-09-05 15:20:00+05:30
147.08,147.5,146.1,147.5,77373.0,1757066100.0,2025-09-05 15:25:00+05:30
149.0,152.21,148.17,150.82,176903.0,1757303100.0,2025-09-08 09:15:00+05:30
150.79,151.19,149.22,149.49,60737.0,1757303400.0,2025-09-08 09:20:00+05:30
149.26,149.68,147.25,147.58,78432.0,1757303700.0,2025-09-08 09:25:00+05:30
147.52,149.0,147.3,148.84,52044.0,1757304000.0,2025-09-08 09:30:00+05:30
148.85,149.49,147.6,147.6,20289.0,1757304300.0,2025-09-08 09:35:00+05:30
147.74,149.0,147.61,148.91,37915.0,1757304600.0,2025-09-08 09:40:00+05:30
148.74,148.82,147.28,148.5,47965.0,1757304900.0,2025-09-08 09:45:00+05:30
148.5,148.76,148.07,148.4,7779.0,1757305200.0,2025-09-08 09:50:00+05:30
148.19,148.36,147.78,148.1,9580.0,1757305500.0,2025-09-08 09:55:00+05:30
148.3,148.39,147.99,148.25,11179.0,1757305800.0,2025-09-08 10:00:00+05:30
148.27,148.89,148.01,148.16,15953.0,1757306100.0,2025-09-08 10:05:00+05:30
148.25,148.48,148.02,148.19,5540.0,1757306400.0,2025-09-08 10:10:00+05:30
148.19,148.2,147.51,148.09,14036.0,1757306700.0,2025-09-08 10:15:00+05:30
147.94,148.2,147.79,147.79,11520.0,1757307000.0,2025-09-08 10:20:00+05:30
148.02,148.04,147.52,147.52,9793.0,1757307300.0,2025-09-08 10:25:00+05:30
147.65,147.67,147.0,147.03,13640.0,1757307600.0,2025-09-08 10:30:00+05:30
146.99,147.31,146.71,147.06,18323.0,1757307900.0,2025-09-08 10:35:00+05:30
147.29,147.29,145.7,146.49,37675.0,1757308200.0,2025-09-08 10:40:00+05:30
146.5,146.84,146.5,146.51,8550.0,1757308500.0,2025-09-08 10:45:00+05:30
146.59,146.59,145.75,146.08,10295.0,1757308800.0,2025-09-08 10:50:00+05:30
145.94,146.13,145.6,145.98,9640.0,1757309100.0,2025-09-08 10:55:00+05:30
145.85,146.4,145.71,146.38,6909.0,1757309400.0,2025-09-08 11:00:00+05:30
146.18,146.82,146.15,146.58,5703.0,1757309700.0,2025-09-08 11:05:00+05:30
146.6,147.35,146.6,147.05,14233.0,1757310000.0,2025-09-08 11:10:00+05:30
147.24,147.6,147.1,147.11,4507.0,1757310300.0,2025-09-08 11:15:00+05:30
147.1,148.43,147.1,148.04,14095.0,1757310600.0,2025-09-08 11:20:00+05:30
148.0,148.04,147.7,147.9,4365.0,1757310900.0,2025-09-08 11:25:00+05:30
147.84,148.39,147.27,147.47,11393.0,1757311200.0,2025-09-08 11:30:00+05:30
147.23,147.93,147.11,147.67,6175.0,1757311500.0,2025-09-08 11:35:00+05:30
147.9,149.0,147.9,148.82,26276.0,1757311800.0,2025-09-08 11:40:00+05:30
148.63,149.33,148.15,148.45,12696.0,1757312100.0,2025-09-08 11:45:00+05:30
148.65,148.65,147.66,148.07,6569.0,1757312400.0,2025-09-08 11:50:00+05:30
148.05,148.05,147.91,147.91,696.0,1757312700.0,2025-09-08 11:55:00+05:30
147.99,148.23,147.83,148.23,5373.0,1757313000.0,2025-09-08 12:00:00+05:30
148.01,148.47,147.8,148.21,8417.0,1757313300.0,2025-09-08 12:05:00+05:30
148.17,148.36,148.0,148.13,1174.0,1757313600.0,2025-09-08 12:10:00+05:30
148.12,148.99,148.12,148.89,6047.0,1757313900.0,2025-09-08 12:15:00+05:30
148.91,148.91,148.38,148.52,2033.0,1757314200.0,2025-09-08 12:20:00+05:30
148.5,148.5,148.13,148.29,7291.0,1757314500.0,2025-09-08 12:25:00+05:30
148.29,148.38,148.07,148.08,1405.0,1757314800.0,2025-09-08 12:30:00+05:30
148.02,148.38,148.02,148.2,1829.0,1757315100.0,2025-09-08 12:35:00+05:30
148.3,148.37,148.05,148.28,1714.0,1757315400.0,2025-09-08 12:40:00+05:30
148.07,148.18,147.67,148.0,4652.0,1757315700.0,2025-09-08 12:45:00+05:30
147.98,148.0,147.95,147.98,3322.0,1757316000.0,2025-09-08 12:50:00+05:30
148.0,148.0,147.8,147.8,1401.0,1757316300.0,2025-09-08 12:55:00+05:30
147.98,148.0,147.76,148.0,4032.0,1757316600.0,2025-09-08 13:00:00+05:30
147.91,147.99,147.7,147.87,2897.0,1757316900.0,2025-09-08 13:05:00+05:30
147.89,147.9,147.54,147.54,3427.0,1757317200.0,2025-09-08 13:10:00+05:30
147.42,147.42,147.0,147.24,11146.0,1757317500.0,2025-09-08 13:15:00+05:30
147.21,147.27,147.02,147.18,1835.0,1757317800.0,2025-09-08 13:20:00+05:30
147.18,147.34,147.02,147.08,3288.0,1757318100.0,2025-09-08 13:25:00+05:30
147.08,147.19,147.0,147.0,2878.0,1757318400.0,2025-09-08 13:30:00+05:30
147.0,147.2,147.0,147.07,4651.0,1757318700.0,2025-09-08 13:35:00+05:30
147.02,147.29,146.91,147.17,4652.0,1757319000.0,2025-09-08 13:40:00+05:30
147.16,147.28,146.92,146.95,997.0,1757319300.0,2025-09-08 13:45:00+05:30
146.92,147.11,146.9,147.11,2095.0,1757319600.0,2025-09-08 13:50:00+05:30
146.97,146.97,146.69,146.77,4290.0,1757319900.0,2025-09-08 13:55:00+05:30
146.63,146.98,146.63,146.9,5346.0,1757320200.0,2025-09-08 14:00:00+05:30
146.88,147.12,146.76,147.01,4660.0,1757320500.0,2025-09-08 14:05:00+05:30
146.89,146.89,146.2,146.73,17568.0,1757320800.0,2025-09-08 14:10:00+05:30
146.7,146.89,146.47,146.47,6303.0,1757321100.0,2025-09-08 14:15:00+05:30
146.47,146.69,146.1,146.24,7155.0,1757321400.0,2025-09-08 14:20:00+05:30
146.24,146.34,146.1,146.2,1437.0,1757321700.0,2025-09-08 14:25:00+05:30
146.2,146.34,145.7,146.34,9750.0,1757322000.0,2025-09-08 14:30:00+05:30
146.4,146.56,146.12,146.12,2856.0,1757322300.0,2025-09-08 14:35:00+05:30
146.08,146.4,146.05,146.21,1182.0,1757322600.0,2025-09-08 14:40:00+05:30
146.33,146.33,146.02,146.02,8314.0,1757322900.0,2025-09-08 14:45:00+05:30
146.12,146.5,146.05,146.37,2142.0,1757323200.0,2025-09-08 14:50:00+05:30
146.23,146.5,146.16,146.5,5559.0,1757323500.0,2025-09-08 14:55:00+05:30
146.49,146.49,146.03,146.19,3270.0,1757323800.0,2025-09-08 15:00:00+05:30
146.2,147.08,146.02,147.08,14397.0,1757324100.0,2025-09-08 15:05:00+05:30
148.0,148.17,147.38,147.42,19264.0,1757324400.0,2025-09-08 15:10:00+05:30
147.58,147.58,146.34,146.69,23345.0,1757324700.0,2025-09-08 15:15:00+05:30
146.68,146.82,146.44,146.47,25073.0,1757325000.0,2025-09-08 15:20:00+05:30
146.4,147.8,146.22,147.8,26070.0,1757325300.0,2025-09-08 15:25:00+05:30
146.9,147.39,144.05,144.25,28297.0,1757389500.0,2025-09-09 09:15:00+05:30
144.25,144.3,142.56,143.21,27286.0,1757389800.0,2025-09-09 09:20:00+05:30
142.95,144.27,142.5,144.02,22321.0,1757390100.0,2025-09-09 09:25:00+05:30
143.92,144.23,143.38,143.72,6844.0,1757390400.0,2025-09-09 09:30:00+05:30
143.54,143.68,143.1,143.29,4376.0,1757390700.0,2025-09-09 09:35:00+05:30
143.29,143.65,143.01,143.4,4972.0,1757391000.0,2025-09-09 09:40:00+05:30
143.31,143.51,143.13,143.51,1377.0,1757391300.0,2025-09-09 09:45:00+05:30
143.52,144.09,143.39,143.53,5967.0,1757391600.0,2025-09-09 09:50:00+05:30
143.54,143.65,143.2,143.5,3115.0,1757391900.0,2025-09-09 09:55:00+05:30
143.59,143.88,143.22,143.8,9741.0,1757392200.0,2025-09-09 10:00:00+05:30
143.8,144.0,143.35,143.64,3112.0,1757392500.0,2025-09-09 10:05:00+05:30
143.48,143.85,143.3,143.51,5656.0,1757392800.0,2025-09-09 10:10:00+05:30
143.5,143.71,143.19,143.22,3522.0,1757393100.0,2025-09-09 10:15:00+05:30
143.23,143.64,143.23,143.41,3909.0,1757393400.0,2025-09-09 10:20:00+05:30
143.5,146.0,143.4,145.69,33441.0,1757393700.0,2025-09-09 10:25:00+05:30
145.68,146.99,145.59,145.9,35164.0,1757394000.0,2025-09-09 10:30:00+05:30
145.89,146.0,145.75,145.8,4858.0,1757394300.0,2025-09-09 10:35:00+05:30
145.89,148.0,145.8,146.8,37911.0,1757394600.0,2025-09-09 10:40:00+05:30
146.87,147.19,146.34,146.79,9021.0,1757394900.0,2025-09-09 10:45:00+05:30
146.79,146.79,145.97,145.97,4424.0,1757395200.0,2025-09-09 10:50:00+05:30
146.21,146.26,145.56,145.56,4246.0,1757395500.0,2025-09-09 10:55:00+05:30
145.82,146.0,145.5,145.5,5746.0,1757395800.0,2025-09-09 11:00:00+05:30
145.5,145.73,144.89,145.5,17212.0,1757396100.0,2025-09-09 11:05:00+05:30
145.16,145.49,145.1,145.49,2233.0,1757396400.0,2025-09-09 11:10:00+05:30
145.15,145.57,145.1,145.5,4860.0,1757396700.0,2025-09-09 11:15:00+05:30
145.24,145.65,145.11,145.65,4860.0,1757397000.0,2025-09-09 11:20:00+05:30
145.46,145.8,145.46,145.8,3198.0,1757397300.0,2025-09-09 11:25:00+05:30
145.82,146.96,145.82,146.53,6411.0,1757397600.0,2025-09-09 11:30:00+05:30
146.64,146.64,146.19,146.41,1104.0,1757397900.0,2025-09-09 11:35:00+05:30
146.42,146.42,145.81,145.84,3832.0,1757398200.0,2025-09-09 11:40:00+05:30
145.94,145.94,145.54,145.75,5980.0,1757398500.0,2025-09-09 11:45:00+05:30
145.65,145.89,145.65,145.77,653.0,1757398800.0,2025-09-09 11:50:00+05:30
145.79,146.25,145.79,146.25,3653.0,1757399100.0,2025-09-09 11:55:00+05:30
146.34,146.34,145.81,145.85,1340.0,1757399400.0,2025-09-09 12:00:00+05:30
145.85,146.0,145.65,145.65,1764.0,1757399700.0,2025-09-09 12:05:00+05:30
145.65,145.69,145.59,145.59,960.0,1757400000.0,2025-09-09 12:10:00+05:30
145.59,145.9,145.59,145.63,6826.0,1757400300.0,2025-09-09 12:15:00+05:30
145.6,145.65,145.35,145.35,6270.0,1757400600.0,2025-09-09 12:20:00+05:30
145.35,145.55,145.21,145.21,2348.0,1757400900.0,2025-09-09 12:25:00+05:30
145.5,145.5,145.12,145.5,2294.0,1757401200.0,2025-09-09 12:30:00+05:30
145.5,145.5,145.29,145.29,426.0,1757401500.0,2025-09-09 12:35:00+05:30
145.42,145.75,145.32,145.57,8206.0,1757401800.0,2025-09-09 12:40:00+05:30
145.57,145.57,145.25,145.39,262.0,1757402100.0,2025-09-09 12:45:00+05:30
145.37,145.44,145.19,145.38,802.0,1757402400.0,2025-09-09 12:50:00+05:30
145.4,145.65,145.4,145.65,500.0,1757402700.0,2025-09-09 12:55:00+05:30
145.65,145.67,145.5,145.5,758.0,1757403000.0,2025-09-09 13:00:00+05:30
145.5,145.65,145.47,145.47,104.0,1757403300.0,2025-09-09 13:05:00+05:30
145.59,145.6,145.11,145.37,2097.0,1757403600.0,2025-09-09 13:10:00+05:30
145.25,145.59,145.25,145.46,648.0,1757403900.0,2025-09-09 13:15:00+05:30
145.46,145.5,145.18,145.18,502.0,1757404200.0,2025-09-09 13:20:00+05:30
145.18,145.51,145.18,145.47,2958.0,1757404500.0,2025-09-09 13:25:00+05:30
145.31,145.48,145.24,145.3,529.0,1757404800.0,2025-09-09 13:30:00+05:30
145.43,145.7,145.28,145.5,2381.0,1757405100.0,2025-09-09 13:35:00+05:30
145.5,145.73,145.5,145.69,1980.0,1757405400.0,2025-09-09 13:40:00+05:30
145.68,145.68,145.52,145.66,322.0,1757405700.0,2025-09-09 13:45:00+05:30
145.5,145.75,145.36,145.75,1953.0,1757406000.0,2025-09-09 13:50:00+05:30
145.7,145.9,145.41,145.69,3779.0,1757406300.0,2025-09-09 13:55:00+05:30
145.69,145.69,145.32,145.33,1468.0,1757406600.0,2025-09-09 14:00:00+05:30
145.33,145.33,145.1,145.11,2302.0,1757406900.0,2025-09-09 14:05:00+05:30
145.11,146.34,145.11,146.03,14485.0,1757407200.0,2025-09-09 14:10:00+05:30
145.89,146.22,145.89,146.2,2113.0,1757407500.0,2025-09-09 14:15:00+05:30
146.05,146.05,145.73,145.98,449.0,1757407800.0,2025-09-09 14:20:00+05:30
145.98,145.98,145.72,145.74,702.0,1757408100.0,2025-09-09 14:25:00+05:30
145.95,145.95,145.11,145.41,2307.0,1757408400.0,2025-09-09 14:30:00+05:30
145.37,145.55,145.22,145.4,3139.0,1757408700.0,2025-09-09 14:35:00+05:30
145.5,145.59,145.3,145.3,2917.0,1757409000.0,2025-09-09 14:40:00+05:30
145.3,145.5,145.18,145.49,7197.0,1757409300.0,2025-09-09 14:45:00+05:30
145.3,145.48,145.3,145.48,1043.0,1757409600.0,2025-09-09 14:50:00+05:30
145.27,145.35,145.1,145.1,1762.0,1757409900.0,2025-09-09 14:55:00+05:30
145.31,145.49,144.6,144.84,11509.0,1757410200.0,2025-09-09 15:00:00+05:30
144.94,144.94,144.06,144.71,19146.0,1757410500.0,2025-09-09 15:05:00+05:30
144.81,144.81,144.4,144.52,7117.0,1757410800.0,2025-09-09 15:10:00+05:30
144.62,145.02,144.52,145.01,12208.0,1757411100.0,2025-09-09 15:15:00+05:30
145.07,145.11,144.52,144.71,10324.0,1757411400.0,2025-09-09 15:20:00+05:30
144.71,145.0,144.15,145.0,12666.0,1757411700.0,2025-09-09 15:25:00+05:30
146.0,146.0,143.38,144.49,21781.0,1757475900.0,2025-09-10 09:15:00+05:30
143.81,144.46,141.41,141.91,72783.0,1757476200.0,2025-09-10 09:20:00+05:30
142.0,142.9,141.6,142.79,8180.0,1757476500.0,2025-09-10 09:25:00+05:30
142.88,143.01,142.51,143.01,11043.0,1757476800.0,2025-09-10 09:30:00+05:30
142.96,143.44,142.33,142.49,43683.0,1757477100.0,2025-09-10 09:35:00+05:30
142.49,143.93,142.49,143.69,10070.0,1757477400.0,2025-09-10 09:40:00+05:30
143.69,143.77,143.55,143.71,702.0,1757477700.0,2025-09-10 09:45:00+05:30
144.38,144.59,143.89,144.16,17637.0,1757478000.0,2025-09-10 09:50:00+05:30
144.0,144.22,143.52,143.8,9693.0,1757478300.0,2025-09-10 09:55:00+05:30
143.8,144.04,143.58,143.88,1886.0,1757478600.0,2025-09-10 10:00:00+05:30
144.0,144.31,143.86,144.12,4469.0,1757478900.0,2025-09-10 10:05:00+05:30
144.18,144.59,144.13,144.35,4066.0,1757479200.0,2025-09-10 10:10:00+05:30
144.55,144.59,144.1,144.27,2971.0,1757479500.0,2025-09-10 10:15:00+05:30
144.29,144.36,143.54,143.72,3691.0,1757479800.0,2025-09-10 10:20:00+05:30
143.86,144.09,143.53,143.69,4275.0,1757480100.0,2025-09-10 10:25:00+05:30
143.69,143.94,143.69,143.71,1123.0,1757480400.0,2025-09-10 10:30:00+05:30
143.63,143.87,143.61,143.61,986.0,1757480700.0,2025-09-10 10:35:00+05:30
143.74,143.74,143.35,143.37,3451.0,1757481000.0,2025-09-10 10:40:00+05:30
143.37,143.57,142.8,142.97,15399.0,1757481300.0,2025-09-10 10:45:00+05:30
142.98,143.12,142.58,142.59,4856.0,1757481600.0,2025-09-10 10:50:00+05:30
142.77,143.06,142.77,142.97,835.0,1757481900.0,2025-09-10 10:55:00+05:30
143.06,143.33,143.06,143.3,2863.0,1757482200.0,2025-09-10 11:00:00+05:30
143.22,143.22,142.84,143.12,1237.0,1757482500.0,2025-09-10 11:05:00+05:30
143.1,143.18,142.75,142.87,4696.0,1757482800.0,2025-09-10 11:10:00+05:30
143.02,143.4,142.85,143.23,1704.0,1757483100.0,2025-09-10 11:15:00+05:30
143.05,143.28,142.87,142.9,12302.0,1757483400.0,2025-09-10 11:20:00+05:30
143.0,143.18,142.9,143.0,785.0,1757483700.0,2025-09-10 11:25:00+05:30
143.0,143.15,142.92,143.02,1821.0,1757484000.0,2025-09-10 11:30:00+05:30
143.02,143.15,143.01,143.01,921.0,1757484300.0,2025-09-10 11:35:00+05:30
143.14,143.14,142.9,142.95,1126.0,1757484600.0,2025-09-10 11:40:00+05:30
142.8,143.0,142.8,142.83,792.0,1757484900.0,2025-09-10 11:45:00+05:30
142.83,142.91,142.8,142.9,586.0,1757485200.0,2025-09-10 11:50:00+05:30
143.0,143.0,142.62,142.8,4257.0,1757485500.0,2025-09-10 11:55:00+05:30
142.81,142.81,142.18,142.44,11155.0,1757485800.0,2025-09-10 12:00:00+05:30
142.45,142.47,142.06,142.31,7611.0,1757486100.0,2025-09-10 12:05:00+05:30
142.14,142.44,141.05,141.2,24792.0,1757486400.0,2025-09-10 12:10:00+05:30
141.21,141.48,141.05,141.05,7442.0,1757486700.0,2025-09-10 12:15:00+05:30
141.05,141.66,141.05,141.64,6610.0,1757487000.0,2025-09-10 12:20:00+05:30
141.66,141.86,141.55,141.8,1110.0,1757487300.0,2025-09-10 12:25:00+05:30
141.68,141.8,141.43,141.45,6654.0,1757487600.0,2025-09-10 12:30:00+05:30
141.47,141.52,141.22,141.27,1219.0,1757487900.0,2025-09-10 12:35:00+05:30
141.24,141.47,141.17,141.27,618.0,1757488200.0,2025-09-10 12:40:00+05:30
141.31,141.58,141.3,141.58,2447.0,1757488500.0,2025-09-10 12:45:00+05:30
141.46,141.59,141.38,141.38,1716.0,1757488800.0,2025-09-10 12:50:00+05:30
141.29,141.46,140.34,140.44,20683.0,1757489100.0,2025-09-10 12:55:00+05:30
140.58,140.77,140.5,140.67,775.0,1757489400.0,2025-09-10 13:00:00+05:30
140.62,140.84,140.57,140.84,2063.0,1757489700.0,2025-09-10 13:05:00+05:30
140.82,140.82,140.46,140.54,2541.0,1757490000.0,2025-09-10 13:10:00+05:30
140.55,140.79,139.61,140.18,27435.0,1757490300.0,2025-09-10 13:15:00+05:30
140.18,140.42,140.04,140.42,3396.0,1757490600.0,2025-09-10 13:20:00+05:30
140.42,140.49,140.26,140.45,3411.0,1757490900.0,2025-09-10 13:25:00+05:30
140.45,140.51,140.15,140.19,1589.0,1757491200.0,2025-09-10 13:30:00+05:30
140.16,140.32,139.73,139.95,4456.0,1757491500.0,2025-09-10 13:35:00+05:30
140.05,140.05,139.63,139.96,4335.0,1757491800.0,2025-09-10 13:40:00+05:30
139.99,139.99,139.21,139.53,11521.0,1757492100.0,2025-09-10 13:45:00+05:30
139.54,140.3,139.05,140.3,10315.0,1757492400.0,2025-09-10 13:50:00+05:30
140.38,140.39,139.64,139.82,7382.0,1757492700.0,2025-09-10 13:55:00+05:30
139.67,139.93,139.65,139.81,2541.0,1757493000.0,2025-09-10 14:00:00+05:30
139.9,140.44,139.67,140.39,15042.0,1757493300.0,2025-09-10 14:05:00+05:30
140.4,140.4,140.06,140.16,1971.0,1757493600.0,2025-09-10 14:10:00+05:30
140.25,140.4,140.06,140.3,4276.0,1757493900.0,2025-09-10 14:15:00+05:30
140.3,140.37,140.06,140.25,2613.0,1757494200.0,2025-09-10 14:20:00+05:30
140.25,140.37,140.14,140.22,1396.0,1757494500.0,2025-09-10 14:25:00+05:30
140.35,140.47,140.08,140.08,3455.0,1757494800.0,2025-09-10 14:30:00+05:30
140.26,140.27,140.11,140.25,1058.0,1757495100.0,2025-09-10 14:35:00+05:30
140.24,140.24,139.9,139.9,2037.0,1757495400.0,2025-09-10 14:40:00+05:30
139.9,140.12,139.9,139.99,3247.0,1757495700.0,2025-09-10 14:45:00+05:30
139.92,140.12,139.9,139.94,2097.0,1757496000.0,2025-09-10 14:50:00+05:30
140.11,140.19,139.9,140.19,6139.0,1757496300.0,2025-09-10 14:55:00+05:30
140.19,140.45,140.19,140.42,989.0,1757496600.0,2025-09-10 15:00:00+05:30
140.27,140.6,140.25,140.6,3758.0,1757496900.0,2025-09-10 15:05:00+05:30
140.44,140.59,139.48,139.48,30424.0,1757497200.0,2025-09-10 15:10:00+05:30
139.46,140.0,139.38,139.69,51916.0,1757497500.0,2025-09-10 15:15:00+05:30
139.74,140.0,139.3,139.45,42773.0,1757497800.0,2025-09-10 15:20:00+05:30
139.45,139.51,138.25,139.02,90351.0,1757498100.0,2025-09-10 15:25:00+05:30
139.13,140.37,138.81,139.4,44364.0,1757562300.0,2025-09-11 09:15:00+05:30
139.62,140.56,139.4,140.28,24520.0,1757562600.0,2025-09-11 09:20:00+05:30
139.75,140.17,139.5,139.51,4667.0,1757562900.0,2025-09-11 09:25:00+05:30
139.51,139.55,138.56,139.12,12018.0,1757563200.0,2025-09-11 09:30:00+05:30
139.12,139.25,138.69,138.75,5266.0,1757563500.0,2025-09-11 09:35:00+05:30
138.99,139.19,138.82,139.19,1812.0,1757563800.0,2025-09-11 09:40:00+05:30
139.0,139.08,138.82,139.02,1421.0,1757564100.0,2025-09-11 09:45:00+05:30
138.82,139.21,138.8,138.86,2408.0,1757564400.0,2025-09-11 09:50:00+05:30
138.86,139.32,138.86,139.26,2371.0,1757564700.0,2025-09-11 09:55:00+05:30
139.26,139.44,139.15,139.15,1314.0,1757565000.0,2025-09-11 10:00:00+05:30
139.31,139.55,139.15,139.15,2335.0,1757565300.0,2025-09-11 10:05:00+05:30
139.2,139.24,139.05,139.1,1394.0,1757565600.0,2025-09-11 10:10:00+05:30
139.35,139.48,138.7,138.71,9098.0,1757565900.0,2025-09-11 10:15:00+05:30
138.7,138.92,138.7,138.82,396.0,1757566200.0,2025-09-11 10:20:00+05:30
138.67,138.98,138.67,138.96,421.0,1757566500.0,2025-09-11 10:25:00+05:30
138.96,139.02,138.92,139.02,132.0,1757566800.0,2025-09-11 10:30:00+05:30
139.02,139.07,138.92,139.07,1078.0,1757567100.0,2025-09-11 10:35:00+05:30
139.05,139.07,138.65,139.0,6605.0,1757567400.0,2025-09-11 10:40:00+05:30
139.0,139.12,138.87,138.87,1231.0,1757567700.0,2025-09-11 10:45:00+05:30
139.12,139.12,138.83,138.83,1143.0,1757568000.0,2025-09-11 10:50:00+05:30
138.7,139.51,138.7,139.03,14685.0,1757568300.0,2025-09-11 10:55:00+05:30
139.02,139.22,139.02,139.2,378.0,1757568600.0,2025-09-11 11:00:00+05:30
139.2,139.55,139.2,139.46,5167.0,1757568900.0,2025-09-11 11:05:00+05:30
139.29,139.75,139.27,139.67,4042.0,1757569200.0,2025-09-11 11:10:00+05:30
139.88,140.0,139.34,139.81,4965.0,1757569500.0,2025-09-11 11:15:00+05:30
139.83,139.88,139.6,139.88,5511.0,1757569800.0,2025-09-11 11:20:00+05:30
139.8,140.43,139.69,140.37,10148.0,1757570100.0,2025-09-11 11:25:00+05:30
140.47,140.9,140.05,140.68,9249.0,1757570400.0,2025-09-11 11:30:00+05:30
140.55,140.58,139.62,139.62,4805.0,1757570700.0,2025-09-11 11:35:00+05:30
139.74,139.97,139.49,139.49,7633.0,1757571000.0,2025-09-11 11:40:00+05:30
139.49,139.49,139.02,139.13,4037.0,1757571300.0,2025-09-11 11:45:00+05:30
138.69,139.27,138.69,139.27,5305.0,1757571600.0,2025-09-11 11:50:00+05:30
139.27,139.44,139.15,139.43,1917.0,1757571900.0,2025-09-11 11:55:00+05:30
139.47,139.76,139.34,139.44,2018.0,1757572200.0,2025-09-11 12:00:00+05:30
139.44,139.63,139.4,139.63,1000.0,1757572500.0,2025-09-11 12:05:00+05:30
139.45,139.83,139.28,139.3,787.0,1757572800.0,2025-09-11 12:10:00+05:30
139.42,139.61,139.42,139.61,1115.0,1757573100.0,2025-09-11 12:15:00+05:30
139.63,139.72,139.36,139.55,978.0,1757573400.0,2025-09-11 12:20:00+05:30
139.55,139.55,139.41,139.41,1788.0,1757573700.0,2025-09-11 12:25:00+05:30
139.41,139.41,139.05,139.05,1684.0,1757574000.0,2025-09-11 12:30:00+05:30
139.05,139.05,139.05,139.05,537.0,1757574300.0,2025-09-11 12:35:00+05:30
139.01,139.2,138.69,138.7,9358.0,1757574600.0,2025-09-11 12:40:00+05:30
138.71,138.87,138.7,138.75,2855.0,1757574900.0,2025-09-11 12:45:00+05:30
138.91,139.03,138.7,138.7,1255.0,1757575200.0,2025-09-11 12:50:00+05:30
138.71,138.94,138.71,138.92,171.0,1757575500.0,2025-09-11 12:55:00+05:30
138.79,138.9,138.78,138.9,92.0,1757575800.0,2025-09-11 13:00:00+05:30
138.9,138.9,138.5,138.5,1599.0,1757576100.0,2025-09-11 13:05:00+05:30
138.5,138.8,138.11,138.2,6524.0,1757576400.0,2025-09-11 13:10:00+05:30
138.2,138.5,138.2,138.5,1712.0,1757576700.0,2025-09-11 13:15:00+05:30
138.25,138.44,138.2,138.25,2310.0,1757577000.0,2025-09-11 13:20:00+05:30
138.23,138.48,138.23,138.33,663.0,1757577300.0,2025-09-11 13:25:00+05:30
138.29,138.49,138.29,138.49,545.0,1757577600.0,2025-09-11 13:30:00+05:30
138.52,138.59,138.37,138.5,1394.0,1757577900.0,2025-09-11 13:35:00+05:30
138.5,138.51,138.37,138.37,946.0,1757578200.0,2025-09-11 13:40:00+05:30
138.37,138.66,138.37,138.6,2691.0,1757578500.0,2025-09-11 13:45:00+05:30
138.6,138.65,138.27,138.27,5306.0,1757578800.0,2025-09-11 13:50:00+05:30
138.42,138.44,138.26,138.26,576.0,1757579100.0,2025-09-11 13:55:00+05:30
138.44,138.46,138.4,138.4,121.0,1757579400.0,2025-09-11 14:00:00+05:30
138.4,138.42,138.17,138.42,5630.0,1757579700.0,2025-09-11 14:05:00+05:30
138.3,138.4,138.15,138.38,1424.0,1757580000.0,2025-09-11 14:10:00+05:30
138.37,138.59,138.19,138.21,1773.0,1757580300.0,2025-09-11 14:15:00+05:30
138.36,138.43,138.23,138.38,1006.0,1757580600.0,2025-09-11 14:20:00+05:30
138.38,138.48,138.22,138.48,745.0,1757580900.0,2025-09-11 14:25:00+05:30
138.27,138.45,138.22,138.45,180.0,1757581200.0,2025-09-11 14:30:00+05:30
138.45,138.47,138.2,138.42,1119.0,1757581500.0,2025-09-11 14:35:00+05:30
138.5,138.8,138.5,138.8,3602.0,1757581800.0,2025-09-11 14:40:00+05:30
138.84,139.19,138.69,139.19,5151.0,1757582100.0,2025-09-11 14:45:00+05:30
139.1,139.21,138.5,138.51,9303.0,1757582400.0,2025-09-11 14:50:00+05:30
138.51,138.92,138.51,138.69,5530.0,1757582700.0,2025-09-11 14:55:00+05:30
138.54,138.84,138.54,138.84,872.0,1757583000.0,2025-09-11 15:00:00+05:30
138.65,139.58,138.65,139.44,6689.0,1757583300.0,2025-09-11 15:05:00+05:30
139.17,139.17,138.55,138.95,2718.0,1757583600.0,2025-09-11 15:10:00+05:30
138.97,139.42,138.73,139.05,13181.0,1757583900.0,2025-09-11 15:15:00+05:30
139.0,139.11,138.15,138.5,10966.0,1757584200.0,2025-09-11 15:20:00+05:30
138.67,139.5,138.51,138.55,7329.0,1757584500.0,2025-09-11 15:25:00+05:30
139.0,139.0,133.85,137.86,22510.0,1757648700.0,2025-09-12 09:15:00+05:30
138.08,138.08,137.3,137.3,11157.0,1757649000.0,2025-09-12 09:20:00+05:30
137.3,137.8,136.84,137.43,28510.0,1757649300.0,2025-09-12 09:25:00+05:30
137.43,137.58,137.07,137.3,8506.0,1757649600.0,2025-09-12 09:30:00+05:30
137.3,137.54,137.21,137.4,6229.0,1757649900.0,2025-09-12 09:35:00+05:30
137.4,137.68,137.2,137.39,9558.0,1757650200.0,2025-09-12 09:40:00+05:30
137.62,137.98,137.5,137.51,3143.0,1757650500.0,2025-09-12 09:45:00+05:30
137.87,138.98,137.87,138.01,15676.0,1757650800.0,2025-09-12 09:50:00+05:30
138.0,138.04,137.51,137.51,1169.0,1757651100.0,2025-09-12 09:55:00+05:30
137.6,137.99,137.6,137.79,3078.0,1757651400.0,2025-09-12 10:00:00+05:30
137.81,138.04,137.63,137.95,2880.0,1757651700.0,2025-09-12 10:05:00+05:30
137.95,138.37,137.75,138.37,2771.0,1757652000.0,2025-09-12 10:10:00+05:30
138.22,138.88,138.22,138.59,3823.0,1757652300.0,2025-09-12 10:15:00+05:30
138.31,138.42,137.88,137.88,4091.0,1757652600.0,2025-09-12 10:20:00+05:30
137.88,138.11,137.84,138.11,937.0,1757652900.0,2025-09-12 10:25:00+05:30
138.18,138.18,137.82,138.0,498.0,1757653200.0,2025-09-12 10:30:00+05:30
137.86,138.16,137.86,137.95,502.0,1757653500.0,2025-09-12 10:35:00+05:30
137.96,138.2,137.96,138.2,291.0,1757653800.0,2025-09-12 10:40:00+05:30
138.06,138.5,138.06,138.21,3080.0,1757654100.0,2025-09-12 10:45:00+05:30
138.34,138.9,138.34,138.9,1226.0,1757654400.0,2025-09-12 10:50:00+05:30
138.9,138.9,138.3,138.4,1162.0,1757654700.0,2025-09-12 10:55:00+05:30
138.41,138.58,138.13,138.4,4458.0,1757655000.0,2025-09-12 11:00:00+05:30
138.42,139.0,138.42,139.0,3340.0,1757655300.0,2025-09-12 11:05:00+05:30
139.02,140.14,138.96,139.31,19610.0,1757655600.0,2025-09-12 11:10:00+05:30
139.59,139.59,139.13,139.43,2309.0,1757655900.0,2025-09-12 11:15:00+05:30
139.2,139.49,139.14,139.33,1952.0,1757656200.0,2025-09-12 11:20:00+05:30
139.39,139.46,139.06,139.41,2706.0,1757656500.0,2025-09-12 11:25:00+05:30
139.1,139.1,138.39,138.4,9143.0,1757656800.0,2025-09-12 11:30:00+05:30
138.32,138.37,138.08,138.32,6712.0,1757657100.0,2025-09-12 11:35:00+05:30
138.33,138.39,138.05,138.38,1552.0,1757657400.0,2025-09-12 11:40:00+05:30
138.18,138.39,138.16,138.16,776.0,1757657700.0,2025-09-12 11:45:00+05:30
138.16,138.16,137.7,137.7,2752.0,1757658000.0,2025-09-12 11:50:00+05:30
137.55,137.7,137.55,137.68,344.0,1757658300.0,2025-09-12 11:55:00+05:30
137.58,137.58,137.46,137.58,1008.0,1757658600.0,2025-09-12 12:00:00+05:30
137.46,137.67,137.4,137.65,1710.0,1757658900.0,2025-09-12 12:05:00+05:30
137.6,137.6,137.11,137.11,1699.0,1757659200.0,2025-09-12 12:10:00+05:30
137.05,137.26,136.72,137.25,6908.0,1757659500.0,2025-09-12 12:15:00+05:30
137.22,137.57,137.22,137.55,1837.0,1757659800.0,2025-09-12 12:20:00+05:30
137.4,137.54,137.4,137.46,867.0,1757660100.0,2025-09-12 12:25:00+05:30
137.46,137.82,137.46,137.8,1994.0,1757660400.0,2025-09-12 12:30:00+05:30
137.8,137.84,137.57,137.58,1705.0,1757660700.0,2025-09-12 12:35:00+05:30
137.58,137.74,137.58,137.58,765.0,1757661000.0,2025-09-12 12:40:00+05:30
137.58,138.0,137.58,138.0,2139.0,1757661300.0,2025-09-12 12:45:00+05:30
137.9,138.25,137.89,138.09,1096.0,1757661600.0,2025-09-12 12:50:00+05:30
138.39,138.39,137.81,138.13,2856.0,1757661900.0,2025-09-12 12:55:00+05:30
138.0,138.08,137.5,137.72,7720.0,1757662200.0,2025-09-12 13:00:00+05:30
137.72,137.83,137.63,137.83,787.0,1757662500.0,2025-09-12 13:05:00+05:30
137.83,137.83,137.55,137.83,1167.0,1757662800.0,2025-09-12 13:10:00+05:30
137.83,138.34,137.69,138.29,2752.0,1757663100.0,2025-09-12 13:15:00+05:30
138.29,138.29,137.86,138.08,686.0,1757663400.0,2025-09-12 13:20:00+05:30
138.08,138.19,138.0,138.0,285.0,1757663700.0,2025-09-12 13:25:00+05:30
137.85,138.13,137.85,137.99,1642.0,1757664000.0,2025-09-12 13:30:00+05:30
138.15,138.25,137.85,138.25,2070.0,1757664300.0,2025-09-12 13:35:00+05:30
138.08,138.15,137.62,137.89,1944.0,1757664600.0,2025-09-12 13:40:00+05:30
137.58,137.58,137.27,137.5,3261.0,1757664900.0,2025-09-12 13:45:00+05:30
137.35,137.63,137.35,137.61,295.0,1757665200.0,2025-09-12 13:50:00+05:30
137.61,137.8,137.39,137.8,4957.0,1757665500.0,2025-09-12 13:55:00+05:30
137.8,138.08,137.75,138.08,4902.0,1757665800.0,2025-09-12 14:00:00+05:30
137.83,137.99,137.22,137.51,9203.0,1757666100.0,2025-09-12 14:05:00+05:30
137.41,137.79,137.41,137.79,338.0,1757666400.0,2025-09-12 14:10:00+05:30
137.79,137.8,137.52,137.73,928.0,1757666700.0,2025-09-12 14:15:00+05:30
137.82,137.84,137.5,137.58,693.0,1757667000.0,2025-09-12 14:20:00+05:30
137.58,137.6,137.32,137.47,1256.0,1757667300.0,2025-09-12 14:25:00+05:30
137.48,137.59,137.45,137.57,564.0,1757667600.0,2025-09-12 14:30:00+05:30
137.6,137.75,137.51,137.54,2775.0,1757667900.0,2025-09-12 14:35:00+05:30
137.54,138.25,137.54,138.25,6784.0,1757668200.0,2025-09-12 14:40:00+05:30
138.03,138.03,137.82,137.95,473.0,1757668500.0,2025-09-12 14:45:00+05:30
137.95,137.95,137.43,137.73,4346.0,1757668800.0,2025-09-12 14:50:00+05:30
137.68,137.82,137.64,137.82,1194.0,1757669100.0,2025-09-12 14:55:00+05:30
137.9,137.9,137.66,137.9,561.0,1757669400.0,2025-09-12 15:00:00+05:30
137.74,138.04,137.61,137.9,6251.0,1757669700.0,2025-09-12 15:05:00+05:30
137.84,138.7,137.75,138.49,5291.0,1757670000.0,2025-09-12 15:10:00+05:30
138.49,139.55,138.24,139.23,16140.0,1757670300.0,2025-09-12 15:15:00+05:30
139.15,139.23,138.51,138.77,8735.0,1757670600.0,2025-09-12 15:20:00+05:30
138.77,139.49,138.62,139.35,7845.0,1757670900.0,2025-09-12 15:25:00+05:30
138.71,141.53,137.91,138.31,44731.0,1757907900.0,2025-09-15 09:15:00+05:30
138.34,138.34,137.32,137.54,33109.0,1757908200.0,2025-09-15 09:20:00+05:30
138.2,139.69,137.85,139.2,14672.0,1757908500.0,2025-09-15 09:25:00+05:30
139.21,140.0,139.12,139.74,14451.0,1757908800.0,2025-09-15 09:30:00+05:30
139.94,140.53,139.29,139.47,15507.0,1757909100.0,2025-09-15 09:35:00+05:30
139.58,139.78,139.31,139.32,4732.0,1757909400.0,2025-09-15 09:40:00+05:30
139.32,139.51,138.91,139.16,10035.0,1757909700.0,2025-09-15 09:45:00+05:30
138.82,139.35,138.71,139.2,7028.0,1757910000.0,2025-09-15 09:50:00+05:30
139.2,139.55,138.96,138.96,7564.0,1757910300.0,2025-09-15 09:55:00+05:30
138.96,138.99,138.75,138.92,1171.0,1757910600.0,2025-09-15 10:00:00+05:30
139.14,139.18,138.95,139.14,6927.0,1757910900.0,2025-09-15 10:05:00+05:30
138.8,139.1,138.67,138.73,6653.0,1757911200.0,2025-09-15 10:10:00+05:30
138.87,138.89,138.27,138.28,1607.0,1757911500.0,2025-09-15 10:15:00+05:30
138.5,138.66,138.28,138.41,1659.0,1757911800.0,2025-09-15 10:20:00+05:30
138.41,138.44,138.28,138.44,414.0,1757912100.0,2025-09-15 10:25:00+05:30
138.41,138.49,138.28,138.28,1110.0,1757912400.0,2025-09-15 10:30:00+05:30
138.28,138.43,138.22,138.41,973.0,1757912700.0,2025-09-15 10:35:00+05:30
138.28,138.66,138.28,138.66,2133.0,1757913000.0,2025-09-15 10:40:00+05:30
138.65,138.65,137.75,137.75,6024.0,1757913300.0,2025-09-15 10:45:00+05:30
137.9,137.9,137.6,137.74,234.0,1757913600.0,2025-09-15 10:50:00+05:30
137.6,138.35,137.6,137.89,11314.0,1757913900.0,2025-09-15 10:55:00+05:30
138.03,138.35,138.03,138.11,3520.0,1757914200.0,2025-09-15 11:00:00+05:30
138.11,138.44,138.11,138.44,996.0,1757914500.0,2025-09-15 11:05:00+05:30
138.08,138.41,138.08,138.2,1649.0,1757914800.0,2025-09-15 11:10:00+05:30
138.2,138.2,137.74,137.9,818.0,1757915100.0,2025-09-15 11:15:00+05:30
137.6,138.06,137.6,138.06,4220.0,1757915400.0,2025-09-15 11:20:00+05:30
138.06,138.31,137.97,138.19,836.0,1757915700.0,2025-09-15 11:25:00+05:30
138.19,138.23,138.03,138.07,493.0,1757916000.0,2025-09-15 11:30:00+05:30
138.07,138.26,137.9,138.24,1170.0,1757916300.0,2025-09-15 11:35:00+05:30
138.35,138.51,138.27,138.49,2346.0,1757916600.0,2025-09-15 11:40:00+05:30
138.49,138.49,138.08,138.08,454.0,1757916900.0,2025-09-15 11:45:00+05:30
138.09,138.42,138.07,138.42,611.0,1757917200.0,2025-09-15 11:50:00+05:30
138.14,138.35,138.14,138.29,495.0,1757917500.0,2025-09-15 11:55:00+05:30
138.32,138.34,138.11,138.11,184.0,1757917800.0,2025-09-15 12:00:00+05:30
138.38,138.38,138.07,138.08,856.0,1757918100.0,2025-09-15 12:05:00+05:30
138.1,138.34,138.0,138.34,3250.0,1757918400.0,2025-09-15 12:10:00+05:30
138.35,138.4,138.13,138.4,176.0,1757918700.0,2025-09-15 12:15:00+05:30
138.63,138.63,138.31,138.43,2863.0,1757919000.0,2025-09-15 12:20:00+05:30
138.43,138.55,138.43,138.55,203.0,1757919300.0,2025-09-15 12:25:00+05:30
138.55,138.55,138.35,138.52,153.0,1757919600.0,2025-09-15 12:30:00+05:30
138.52,138.52,138.35,138.35,718.0,1757919900.0,2025-09-15 12:35:00+05:30
138.35,138.7,138.35,138.52,428.0,1757920200.0,2025-09-15 12:40:00+05:30
138.52,138.73,138.5,138.65,1751.0,1757920500.0,2025-09-15 12:45:00+05:30
138.56,138.59,138.37,138.37,8547.0,1757920800.0,2025-09-15 12:50:00+05:30
138.23,138.59,138.23,138.5,3144.0,1757921100.0,2025-09-15 12:55:00+05:30
138.5,138.76,138.5,138.76,1129.0,1757921400.0,2025-09-15 13:00:00+05:30
138.74,138.74,138.42,138.42,143.0,1757921700.0,2025-09-15 13:05:00+05:30
138.42,139.42,138.42,139.03,11365.0,1757922000.0,2025-09-15 13:10:00+05:30
139.36,139.4,139.01,139.06,1327.0,1757922300.0,2025-09-15 13:15:00+05:30
139.06,139.32,139.06,139.17,107.0,1757922600.0,2025-09-15 13:20:00+05:30
139.17,139.17,138.92,139.02,234.0,1757922900.0,2025-09-15 13:25:00+05:30
139.02,139.02,139.02,139.02,50.0,1757923200.0,2025-09-15 13:30:00+05:30
139.02,139.1,138.9,138.9,1441.0,1757923500.0,2025-09-15 13:35:00+05:30
138.7,138.96,138.69,138.96,172.0,1757923800.0,2025-09-15 13:40:00+05:30
138.96,139.1,138.8,138.89,1140.0,1757924100.0,2025-09-15 13:45:00+05:30
138.84,139.0,138.68,138.68,1232.0,1757924400.0,2025-09-15 13:50:00+05:30
138.69,138.77,138.69,138.7,56.0,1757924700.0,2025-09-15 13:55:00+05:30
138.76,138.76,138.4,138.4,1278.0,1757925000.0,2025-09-15 14:00:00+05:30
138.35,138.62,138.35,138.43,3362.0,1757925300.0,2025-09-15 14:05:00+05:30
138.58,138.58,137.16,137.62,13100.0,1757925600.0,2025-09-15 14:10:00+05:30
137.6,137.6,137.31,137.53,4650.0,1757925900.0,2025-09-15 14:15:00+05:30
137.55,137.6,137.38,137.6,1645.0,1757926200.0,2025-09-15 14:20:00+05:30
137.68,137.72,137.4,137.5,4778.0,1757926500.0,2025-09-15 14:25:00+05:30
137.5,138.11,137.5,137.7,3786.0,1757926800.0,2025-09-15 14:30:00+05:30
137.67,137.84,137.6,137.6,361.0,1757927100.0,2025-09-15 14:35:00+05:30
137.6,137.88,137.6,137.84,4289.0,1757927400.0,2025-09-15 14:40:00+05:30
137.6,137.99,137.6,137.99,12303.0,1757927700.0,2025-09-15 14:45:00+05:30
137.9,137.9,136.9,137.16,10020.0,1757928000.0,2025-09-15 14:50:00+05:30
137.14,137.15,136.9,137.15,1556.0,1757928300.0,2025-09-15 14:55:00+05:30
137.01,137.75,137.0,137.43,13872.0,1757928600.0,2025-09-15 15:00:00+05:30
137.69,137.73,137.28,137.69,2692.0,1757928900.0,2025-09-15 15:05:00+05:30
137.34,137.69,137.34,137.53,938.0,1757929200.0,2025-09-15 15:10:00+05:30
137.43,137.57,137.31,137.35,8820.0,1757929500.0,2025-09-15 15:15:00+05:30
137.49,137.6,137.0,137.54,9900.0,1757929800.0,2025-09-15 15:20:00+05:30
137.53,137.75,137.21,137.24,10637.0,1757930100.0,2025-09-15 15:25:00+05:30
136.0,139.28,133.0,138.45,118955.0,1757994300.0,2025-09-16 09:15:00+05:30
137.7,138.0,137.1,137.67,17128.0,1757994600.0,2025-09-16 09:20:00+05:30
137.75,138.38,137.42,138.08,12103.0,1757994900.0,2025-09-16 09:25:00+05:30
138.25,138.51,137.91,138.38,10306.0,1757995200.0,2025-09-16 09:30:00+05:30
138.29,138.38,137.95,138.19,4181.0,1757995500.0,2025-09-16 09:35:00+05:30
138.07,139.4,138.07,138.72,12025.0,1757995800.0,2025-09-16 09:40:00+05:30
138.72,139.79,138.51,138.99,16247.0,1757996100.0,2025-09-16 09:45:00+05:30
139.09,139.09,138.62,138.73,5277.0,1757996400.0,2025-09-16 09:50:00+05:30
138.63,138.72,137.95,137.95,7720.0,1757996700.0,2025-09-16 09:55:00+05:30
138.0,138.59,138.0,138.09,4290.0,1757997000.0,2025-09-16 10:00:00+05:30
138.09,138.4,137.75,138.0,7891.0,1757997300.0,2025-09-16 10:05:00+05:30
137.8,138.35,137.8,138.34,1871.0,1757997600.0,2025-09-16 10:10:00+05:30
138.15,138.78,137.69,138.28,17071.0,1757997900.0,2025-09-16 10:15:00+05:30
138.46,141.59,138.26,140.43,48171.0,1757998200.0,2025-09-16 10:20:00+05:30
140.42,140.5,139.06,139.06,10751.0,1757998500.0,2025-09-16 10:25:00+05:30
139.33,139.73,138.66,139.73,6334.0,1757998800.0,2025-09-16 10:30:00+05:30
139.78,139.86,139.38,139.38,2792.0,1757999100.0,2025-09-16 10:35:00+05:30
139.41,139.54,139.38,139.54,1540.0,1757999400.0,2025-09-16 10:40:00+05:30
139.54,139.58,139.22,139.22,2039.0,1757999700.0,2025-09-16 10:45:00+05:30
139.74,139.97,139.47,139.83,20745.0,1758000000.0,2025-09-16 10:50:00+05:30
139.78,139.9,139.6,139.8,1742.0,1758000300.0,2025-09-16 10:55:00+05:30
139.78,140.0,139.6,139.96,4514.0,1758000600.0,2025-09-16 11:00:00+05:30
139.96,139.98,139.73,139.96,1703.0,1758000900.0,2025-09-16 11:05:00+05:30
139.98,140.96,139.98,140.59,11071.0,1758001200.0,2025-09-16 11:10:00+05:30
140.58,141.5,140.58,141.47,21900.0,1758001500.0,2025-09-16 11:15:00+05:30
141.22,141.48,140.75,141.28,5237.0,1758001800.0,2025-09-16 11:20:00+05:30
141.29,141.95,141.2,141.74,17391.0,1758002100.0,2025-09-16 11:25:00+05:30
141.74,141.9,141.58,141.89,10143.0,1758002400.0,2025-09-16 11:30:00+05:30
141.89,141.89,141.04,141.05,10606.0,1758002700.0,2025-09-16 11:35:00+05:30
141.05,141.05,140.6,140.62,4196.0,1758003000.0,2025-09-16 11:40:00+05:30
140.79,140.95,140.76,140.76,359.0,1758003300.0,2025-09-16 11:45:00+05:30
140.76,140.88,140.69,140.69,1314.0,1758003600.0,2025-09-16 11:50:00+05:30
140.5,140.75,140.22,140.29,6827.0,1758003900.0,2025-09-16 11:55:00+05:30
140.5,140.54,139.96,139.96,9903.0,1758004200.0,2025-09-16 12:00:00+05:30
140.2,140.2,139.71,139.71,2882.0,1758004500.0,2025-09-16 12:05:00+05:30
139.92,139.92,139.5,139.74,1842.0,1758004800.0,2025-09-16 12:10:00+05:30
139.74,140.39,139.73,140.36,6238.0,1758005100.0,2025-09-16 12:15:00+05:30
140.21,140.85,140.21,140.52,4594.0,1758005400.0,2025-09-16 12:20:00+05:30
140.22,140.69,140.21,140.35,2126.0,1758005700.0,2025-09-16 12:25:00+05:30
140.6,140.6,140.34,140.34,851.0,1758006000.0,2025-09-16 12:30:00+05:30
140.4,140.52,140.31,140.31,3736.0,1758006300.0,2025-09-16 12:35:00+05:30
140.0,140.0,138.91,139.2,27033.0,1758006600.0,2025-09-16 12:40:00+05:30
139.4,139.5,139.0,139.0,22535.0,1758006900.0,2025-09-16 12:45:00+05:30
139.17,139.17,138.61,138.75,14102.0,1758007200.0,2025-09-16 12:50:00+05:30
138.8,138.9,138.54,138.54,4515.0,1758007500.0,2025-09-16 12:55:00+05:30
138.54,138.98,138.51,138.7,4149.0,1758007800.0,2025-09-16 13:00:00+05:30
139.0,139.25,138.7,138.7,12726.0,1758008100.0,2025-09-16 13:05:00+05:30
138.7,138.75,138.38,138.59,2706.0,1758008400.0,2025-09-16 13:10:00+05:30
138.59,138.6,138.39,138.52,1461.0,1758008700.0,2025-09-16 13:15:00+05:30
138.39,138.53,138.0,138.2,6623.0,1758009000.0,2025-09-16 13:20:00+05:30
138.2,138.52,138.2,138.34,4502.0,1758009300.0,2025-09-16 13:25:00+05:30
138.22,138.23,138.0,138.03,6941.0,1758009600.0,2025-09-16 13:30:00+05:30
138.2,138.56,138.0,138.5,5544.0,1758009900.0,2025-09-16 13:35:00+05:30
138.43,138.53,138.31,138.53,1425.0,1758010200.0,2025-09-16 13:40:00+05:30
138.31,138.56,138.24,138.56,1583.0,1758010500.0,2025-09-16 13:45:00+05:30
138.33,138.65,138.3,138.4,1813.0,1758010800.0,2025-09-16 13:50:00+05:30
138.6,138.6,138.31,138.4,4375.0,1758011100.0,2025-09-16 13:55:00+05:30
138.5,138.52,138.31,138.31,1851.0,1758011400.0,2025-09-16 14:00:00+05:30
138.31,138.59,138.3,138.59,541.0,1758011700.0,2025-09-16 14:05:00+05:30
138.59,138.59,138.35,138.35,750.0,1758012000.0,2025-09-16 14:10:00+05:30
138.25,138.63,138.25,138.55,7482.0,1758012300.0,2025-09-16 14:15:00+05:30
138.6,138.78,138.42,138.78,1871.0,1758012600.0,2025-09-16 14:20:00+05:30
138.77,138.99,138.63,138.72,2435.0,1758012900.0,2025-09-16 14:25:00+05:30
138.74,139.97,138.63,139.51,19720.0,1758013200.0,2025-09-16 14:30:00+05:30
139.42,140.2,139.4,140.14,10942.0,1758013500.0,2025-09-16 14:35:00+05:30
140.2,141.3,140.11,140.9,19716.0,1758013800.0,2025-09-16 14:40:00+05:30
140.93,141.46,140.53,140.9,14268.0,1758014100.0,2025-09-16 14:45:00+05:30
140.93,140.93,140.41,140.5,6532.0,1758014400.0,2025-09-16 14:50:00+05:30
140.5,140.86,140.5,140.86,1299.0,1758014700.0,2025-09-16 14:55:00+05:30
140.88,141.44,140.7,140.78,13185.0,1758015000.0,2025-09-16 15:00:00+05:30
140.78,141.24,140.78,140.87,15253.0,1758015300.0,2025-09-16 15:05:00+05:30
140.99,141.2,140.79,140.79,11966.0,1758015600.0,2025-09-16 15:10:00+05:30
141.04,141.5,140.58,140.96,19447.0,1758015900.0,2025-09-16 15:15:00+05:30
140.96,141.67,139.3,139.65,34188.0,1758016200.0,2025-09-16 15:20:00+05:30
139.68,140.0,139.5,139.8,12539.0,1758016500.0,2025-09-16 15:25:00+05:30
140.7,142.99,139.99,142.75,80958.0,1758080700.0,2025-09-17 09:15:00+05:30
142.68,144.99,142.19,144.16,61286.0,1758081000.0,2025-09-17 09:20:00+05:30
144.41,145.8,143.79,145.29,62138.0,1758081300.0,2025-09-17 09:25:00+05:30
145.49,145.7,143.81,143.92,26415.0,1758081600.0,2025-09-17 09:30:00+05:30
143.93,144.39,143.6,144.25,15982.0,1758081900.0,2025-09-17 09:35:00+05:30
144.22,144.22,143.65,143.83,8392.0,1758082200.0,2025-09-17 09:40:00+05:30
143.79,144.28,143.7,144.13,10140.0,1758082500.0,2025-09-17 09:45:00+05:30
144.13,144.27,143.58,143.58,11160.0,1758082800.0,2025-09-17 09:50:00+05:30
143.58,143.99,143.2,143.75,18666.0,1758083100.0,2025-09-17 09:55:00+05:30
143.6,144.3,143.5,144.14,5559.0,1758083400.0,2025-09-17 10:00:00+05:30
144.3,144.4,144.04,144.38,9378.0,1758083700.0,2025-09-17 10:05:00+05:30
144.2,144.21,143.97,144.19,3196.0,1758084000.0,2025-09-17 10:10:00+05:30
144.2,144.99,144.05,144.76,7662.0,1758084300.0,2025-09-17 10:15:00+05:30
144.75,147.45,144.62,147.08,142084.0,1758084600.0,2025-09-17 10:20:00+05:30
147.2,149.4,147.1,148.69,172703.0,1758084900.0,2025-09-17 10:25:00+05:30
148.7,148.77,147.85,148.09,83409.0,1758085200.0,2025-09-17 10:30:00+05:30
148.13,149.25,147.97,149.21,55828.0,1758085500.0,2025-09-17 10:35:00+05:30
149.2,150.5,148.08,149.7,159670.0,1758085800.0,2025-09-17 10:40:00+05:30
149.61,153.72,149.61,152.25,405769.0,1758086100.0,2025-09-17 10:45:00+05:30
152.12,152.36,150.38,150.7,207099.0,1758086400.0,2025-09-17 10:50:00+05:30
150.99,153.8,150.69,151.63,339824.0,1758086700.0,2025-09-17 10:55:00+05:30
151.64,152.17,148.06,149.9,444615.0,1758087000.0,2025-09-17 11:00:00+05:30
149.99,151.84,149.5,150.57,234639.0,1758087300.0,2025-09-17 11:05:00+05:30
150.7,151.8,150.17,150.67,106737.0,1758087600.0,2025-09-17 11:10:00+05:30
150.8,150.84,148.81,149.03,211542.0,1758087900.0,2025-09-17 11:15:00+05:30
148.81,149.1,147.0,147.25,207928.0,1758088200.0,2025-09-17 11:20:00+05:30
146.95,150.36,146.8,148.57,347987.0,1758088500.0,2025-09-17 11:25:00+05:30
148.58,148.83,147.21,148.0,154749.0,1758088800.0,2025-09-17 11:30:00+05:30
148.01,148.44,147.07,147.8,64578.0,1758089100.0,2025-09-17 11:35:00+05:30
147.8,148.3,147.38,148.1,41150.0,1758089400.0,2025-09-17 11:40:00+05:30
148.06,148.9,147.53,148.32,64592.0,1758089700.0,2025-09-17 11:45:00+05:30
148.13,148.41,147.9,148.33,17902.0,1758090000.0,2025-09-17 11:50:00+05:30
148.14,148.29,146.22,146.91,152691.0,1758090300.0,2025-09-17 11:55:00+05:30
146.97,147.45,146.6,147.0,35674.0,1758090600.0,2025-09-17 12:00:00+05:30
147.12,148.0,147.0,147.59,29356.0,1758090900.0,2025-09-17 12:05:00+05:30
147.75,147.75,147.16,147.67,24131.0,1758091200.0,2025-09-17 12:10:00+05:30
147.67,149.0,147.67,148.55,54809.0,1758091500.0,2025-09-17 12:15:00+05:30
148.51,149.0,148.42,148.64,24115.0,1758091800.0,2025-09-17 12:20:00+05:30
148.52,149.0,148.15,148.52,29329.0,1758092100.0,2025-09-17 12:25:00+05:30
148.36,148.84,148.34,148.62,12918.0,1758092400.0,2025-09-17 12:30:00+05:30
148.68,148.75,148.05,148.45,26287.0,1758092700.0,2025-09-17 12:35:00+05:30
148.45,149.0,148.1,148.68,23081.0,1758093000.0,2025-09-17 12:40:00+05:30
148.64,150.0,148.5,149.77,61066.0,1758093300.0,2025-09-17 12:45:00+05:30
149.77,149.89,149.4,149.5,28956.0,1758093600.0,2025-09-17 12:50:00+05:30
149.59,150.31,149.42,150.23,35438.0,1758093900.0,2025-09-17 12:55:00+05:30
150.27,151.25,149.91,150.9,105792.0,1758094200.0,2025-09-17 13:00:00+05:30
150.94,151.8,150.8,150.8,118100.0,1758094500.0,2025-09-17 13:05:00+05:30
150.8,151.0,150.15,150.22,48902.0,1758094800.0,2025-09-17 13:10:00+05:30
150.22,151.55,150.22,151.49,42692.0,1758095100.0,2025-09-17 13:15:00+05:30
151.5,151.79,150.91,151.4,58465.0,1758095400.0,2025-09-17 13:20:00+05:30
151.49,151.55,150.32,150.56,51672.0,1758095700.0,2025-09-17 13:25:00+05:30
150.53,150.86,150.1,150.79,40643.0,1758096000.0,2025-09-17 13:30:00+05:30
150.79,151.63,150.16,150.39,41334.0,1758096300.0,2025-09-17 13:35:00+05:30
150.17,150.68,149.57,150.5,64843.0,1758096600.0,2025-09-17 13:40:00+05:30
150.46,151.29,150.38,151.29,26913.0,1758096900.0,2025-09-17 13:45:00+05:30
151.01,151.94,151.01,151.5,44016.0,1758097200.0,2025-09-17 13:50:00+05:30
151.4,151.95,151.15,151.83,41221.0,1758097500.0,2025-09-17 13:55:00+05:30
151.83,153.3,151.48,152.24,265936.0,1758097800.0,2025-09-17 14:00:00+05:30
152.4,152.4,150.31,150.69,61047.0,1758098100.0,2025-09-17 14:05:00+05:30
150.96,151.71,150.4,150.46,74822.0,1758098400.0,2025-09-17 14:10:00+05:30
150.66,151.21,150.2,151.21,28521.0,1758098700.0,2025-09-17 14:15:00+05:30
151.35,151.36,150.78,151.19,20806.0,1758099000.0,2025-09-17 14:20:00+05:30
151.2,151.6,150.82,150.82,32123.0,1758099300.0,2025-09-17 14:25:00+05:30
150.99,150.99,150.1,150.7,33847.0,1758099600.0,2025-09-17 14:30:00+05:30
150.69,150.85,150.44,150.61,18176.0,1758099900.0,2025-09-17 14:35:00+05:30
150.6,151.78,150.6,151.75,38636.0,1758100200.0,2025-09-17 14:40:00+05:30
151.75,153.9,151.75,153.6,182631.0,1758100500.0,2025-09-17 14:45:00+05:30
153.58,153.6,151.65,151.67,161746.0,1758100800.0,2025-09-17 14:50:00+05:30
151.8,152.0,151.58,151.86,36689.0,1758101100.0,2025-09-17 14:55:00+05:30
151.85,152.84,151.82,152.26,47964.0,1758101400.0,2025-09-17 15:00:00+05:30
152.35,152.42,151.19,151.55,76559.0,1758101700.0,2025-09-17 15:05:00+05:30
151.72,151.95,151.46,151.68,34134.0,1758102000.0,2025-09-17 15:10:00+05:30
151.62,153.0,151.0,151.83,212181.0,1758102300.0,2025-09-17 15:15:00+05:30
151.8,151.86,150.55,151.42,101412.0,1758102600.0,2025-09-17 15:20:00+05:30
151.42,151.98,151.11,151.98,75791.0,1758102900.0,2025-09-17 15:25:00+05:30
152.12,154.37,150.5,150.53,228792.0,1758167100.0,2025-09-18 09:15:00+05:30
150.51,152.26,150.51,152.26,37321.0,1758167400.0,2025-09-18 09:20:00+05:30
152.25,152.88,152.0,152.4,64736.0,1758167700.0,2025-09-18 09:25:00+05:30
152.31,156.0,152.06,154.55,229349.0,1758168000.0,2025-09-18 09:30:00+05:30
154.5,154.93,153.15,153.33,129472.0,1758168300.0,2025-09-18 09:35:00+05:30
153.28,154.9,153.28,153.96,43611.0,1758168600.0,2025-09-18 09:40:00+05:30
153.97,154.54,153.4,154.49,46615.0,1758168900.0,2025-09-18 09:45:00+05:30
154.39,154.85,154.0,154.4,40580.0,1758169200.0,2025-09-18 09:50:00+05:30
154.13,154.49,152.39,152.79,87451.0,1758169500.0,2025-09-18 09:55:00+05:30
152.68,152.91,152.3,152.5,30231.0,1758169800.0,2025-09-18 10:00:00+05:30
152.41,152.79,152.35,152.45,14805.0,1758170100.0,2025-09-18 10:05:00+05:30
152.37,152.53,151.52,151.84,31426.0,1758170400.0,2025-09-18 10:10:00+05:30
151.68,153.78,151.52,153.57,35420.0,1758170700.0,2025-09-18 10:15:00+05:30
153.76,154.5,153.76,154.31,66507.0,1758171000.0,2025-09-18 10:20:00+05:30
154.2,155.0,153.92,154.0,62526.0,1758171300.0,2025-09-18 10:25:00+05:30
154.13,154.71,153.76,153.93,26892.0,1758171600.0,2025-09-18 10:30:00+05:30
154.02,154.13,153.6,153.8,11776.0,1758171900.0,2025-09-18 10:35:00+05:30
153.8,154.02,153.6,154.02,12510.0,1758172200.0,2025-09-18 10:40:00+05:30
154.11,155.0,154.11,154.97,34628.0,1758172500.0,2025-09-18 10:45:00+05:30
154.98,154.98,154.2,154.35,12044.0,1758172800.0,2025-09-18 10:50:00+05:30
154.33,154.57,154.2,154.51,8295.0,1758173100.0,2025-09-18 10:55:00+05:30
154.45,155.77,154.15,155.77,60441.0,1758173400.0,2025-09-18 11:00:00+05:30
155.35,155.99,155.1,155.9,45590.0,1758173700.0,2025-09-18 11:05:00+05:30
155.61,155.99,155.4,155.58,30363.0,1758174000.0,2025-09-18 11:10:00+05:30
155.54,155.81,154.91,155.28,38310.0,1758174300.0,2025-09-18 11:15:00+05:30
155.41,155.83,155.1,155.83,16749.0,1758174600.0,2025-09-18 11:20:00+05:30
155.58,155.8,155.26,155.68,30996.0,1758174900.0,2025-09-18 11:25:00+05:30
155.57,155.7,155.05,155.22,22946.0,1758175200.0,2025-09-18 11:30:00+05:30
155.3,155.7,155.0,155.7,14756.0,1758175500.0,2025-09-18 11:35:00+05:30
155.7,155.7,154.51,154.65,26946.0,1758175800.0,2025-09-18 11:40:00+05:30
154.76,154.76,154.5,154.64,7419.0,1758176100.0,2025-09-18 11:45:00+05:30
154.66,154.78,154.5,154.78,9174.0,1758176400.0,2025-09-18 11:50:00+05:30
154.54,154.95,154.5,154.77,7834.0,1758176700.0,2025-09-18 11:55:00+05:30
154.65,154.77,154.58,154.77,12978.0,1758177000.0,2025-09-18 12:00:00+05:30
154.77,154.77,154.6,154.61,10890.0,1758177300.0,2025-09-18 12:05:00+05:30
154.6,159.77,154.39,159.27,684413.0,1758177600.0,2025-09-18 12:10:00+05:30
159.29,161.0,158.97,159.7,555551.0,1758177900.0,2025-09-18 12:15:00+05:30
159.82,160.5,159.5,159.96,260783.0,1758178200.0,2025-09-18 12:20:00+05:30
159.96,161.8,159.96,161.06,253683.0,1758178500.0,2025-09-18 12:25:00+05:30
161.06,161.5,160.38,160.99,208471.0,1758178800.0,2025-09-18 12:30:00+05:30
160.99,161.5,160.65,161.03,104516.0,1758179100.0,2025-09-18 12:35:00+05:30
161.11,161.22,160.0,160.56,131033.0,1758179400.0,2025-09-18 12:40:00+05:30
160.5,160.69,159.6,159.76,97514.0,1758179700.0,2025-09-18 12:45:00+05:30
159.76,160.68,159.62,160.68,62706.0,1758180000.0,2025-09-18 12:50:00+05:30
160.65,160.99,160.31,160.73,47109.0,1758180300.0,2025-09-18 12:55:00+05:30
160.71,160.77,159.71,159.8,92136.0,1758180600.0,2025-09-18 13:00:00+05:30
159.6,159.95,159.01,159.7,78442.0,1758180900.0,2025-09-18 13:05:00+05:30
159.67,159.79,159.31,159.59,21541.0,1758181200.0,2025-09-18 13:10:00+05:30
159.5,160.0,159.38,159.88,47155.0,1758181500.0,2025-09-18 13:15:00+05:30
159.87,160.0,159.5,159.54,23052.0,1758181800.0,2025-09-18 13:20:00+05:30
159.74,159.96,158.35,158.71,66649.0,1758182100.0,2025-09-18 13:25:00+05:30
158.6,159.18,158.5,159.09,32872.0,1758182400.0,2025-09-18 13:30:00+05:30
159.0,159.22,159.0,159.0,22086.0,1758182700.0,2025-09-18 13:35:00+05:30
159.0,159.7,158.76,159.7,57830.0,1758183000.0,2025-09-18 13:40:00+05:30
159.7,161.0,159.55,160.26,90700.0,1758183300.0,2025-09-18 13:45:00+05:30
160.34,160.8,159.6,159.73,38597.0,1758183600.0,2025-09-18 13:50:00+05:30
159.65,159.89,159.5,159.8,26500.0,1758183900.0,2025-09-18 13:55:00+05:30
159.79,160.04,159.59,160.04,24326.0,1758184200.0,2025-09-18 14:00:00+05:30
160.21,160.35,159.8,159.8,17258.0,1758184500.0,2025-09-18 14:05:00+05:30
159.8,160.14,159.75,159.98,12249.0,1758184800.0,2025-09-18 14:10:00+05:30
159.9,160.09,159.7,160.09,21617.0,1758185100.0,2025-09-18 14:15:00+05:30
160.1,160.25,159.78,159.8,16969.0,1758185400.0,2025-09-18 14:20:00+05:30
159.93,159.95,158.9,158.9,81938.0,1758185700.0,2025-09-18 14:25:00+05:30
159.04,159.91,158.35,159.19,77633.0,1758186000.0,2025-09-18 14:30:00+05:30
159.2,159.35,158.67,158.89,28525.0,1758186300.0,2025-09-18 14:35:00+05:30
158.93,159.18,158.6,158.72,57476.0,1758186600.0,2025-09-18 14:40:00+05:30
158.61,159.0,158.61,158.99,11276.0,1758186900.0,2025-09-18 14:45:00+05:30
158.99,159.4,158.9,159.22,28563.0,1758187200.0,2025-09-18 14:50:00+05:30
159.33,159.78,159.22,159.75,30003.0,1758187500.0,2025-09-18 14:55:00+05:30
159.98,159.98,159.4,159.4,34964.0,1758187800.0,2025-09-18 15:00:00+05:30
159.48,159.72,159.0,159.0,39798.0,1758188100.0,2025-09-18 15:05:00+05:30
159.02,159.24,158.96,159.04,68905.0,1758188400.0,2025-09-18 15:10:00+05:30
159.01,160.12,158.83,160.1,134838.0,1758188700.0,2025-09-18 15:15:00+05:30
160.23,160.8,159.79,160.27,80672.0,1758189000.0,2025-09-18 15:20:00+05:30
160.4,161.37,160.0,161.37,115315.0,1758189300.0,2025-09-18 15:25:00+05:30
160.4,160.92,158.5,159.29,204197.0,1758253500.0,2025-09-19 09:15:00+05:30
159.07,161.89,159.0,160.3,174429.0,1758253800.0,2025-09-19 09:20:00+05:30
160.45,160.93,159.7,160.7,48859.0,1758254100.0,2025-09-19 09:25:00+05:30
160.68,161.19,160.35,160.51,42420.0,1758254400.0,2025-09-19 09:30:00+05:30
160.65,160.65,159.72,160.0,34680.0,1758254700.0,2025-09-19 09:35:00+05:30
160.0,160.5,159.9,160.03,23390.0,1758255000.0,2025-09-19 09:40:00+05:30
160.0,160.01,159.0,159.0,61497.0,1758255300.0,2025-09-19 09:45:00+05:30
159.13,159.82,158.52,159.82,41968.0,1758255600.0,2025-09-19 09:50:00+05:30
159.9,161.25,159.58,160.36,41558.0,1758255900.0,2025-09-19 09:55:00+05:30
160.18,161.25,160.15,160.78,21095.0,1758256200.0,2025-09-19 10:00:00+05:30
160.75,161.23,160.51,161.2,25660.0,1758256500.0,2025-09-19 10:05:00+05:30
161.25,162.5,161.0,162.5,87785.0,1758256800.0,2025-09-19 10:10:00+05:30
162.5,163.5,161.87,161.87,134623.0,1758257100.0,2025-09-19 10:15:00+05:30
162.24,162.6,161.65,161.76,42125.0,1758257400.0,2025-09-19 10:20:00+05:30
161.65,161.85,161.3,161.57,23018.0,1758257700.0,2025-09-19 10:25:00+05:30
161.38,161.6,161.16,161.4,15555.0,1758258000.0,2025-09-19 10:30:00+05:30
161.4,161.42,160.62,160.76,14352.0,1758258300.0,2025-09-19 10:35:00+05:30
160.76,161.39,160.75,161.27,19875.0,1758258600.0,2025-09-19 10:40:00+05:30
161.32,161.5,161.06,161.5,9343.0,1758258900.0,2025-09-19 10:45:00+05:30
161.4,161.83,161.06,161.2,19017.0,1758259200.0,2025-09-19 10:50:00+05:30
161.01,161.15,160.82,160.96,9789.0,1758259500.0,2025-09-19 10:55:00+05:30
160.96,161.1,160.82,161.0,9864.0,1758259800.0,2025-09-19 11:00:00+05:30
160.91,161.38,160.91,161.35,4086.0,1758260100.0,2025-09-19 11:05:00+05:30
161.2,161.36,161.07,161.36,4050.0,1758260400.0,2025-09-19 11:10:00+05:30
161.4,161.5,161.1,161.29,3976.0,1758260700.0,2025-09-19 11:15:00+05:30
161.29,161.53,160.76,160.81,15518.0,1758261000.0,2025-09-19 11:20:00+05:30
160.81,160.99,160.72,160.99,3435.0,1758261300.0,2025-09-19 11:25:00+05:30
160.85,160.97,160.75,160.81,1878.0,1758261600.0,2025-09-19 11:30:00+05:30
160.76,161.76,160.62,161.6,26205.0,1758261900.0,2025-09-19 11:35:00+05:30
161.6,161.71,161.39,161.4,5549.0,1758262200.0,2025-09-19 11:40:00+05:30
161.56,161.68,161.38,161.5,4693.0,1758262500.0,2025-09-19 11:45:00+05:30
161.5,161.5,160.72,160.9,31274.0,1758262800.0,2025-09-19 11:50:00+05:30
160.9,161.11,160.85,161.0,6161.0,1758263100.0,2025-09-19 11:55:00+05:30
161.0,161.1,160.85,161.01,4977.0,1758263400.0,2025-09-19 12:00:00+05:30
161.0,161.14,161.0,161.1,3010.0,1758263700.0,2025-09-19 12:05:00+05:30
161.0,161.1,160.74,160.97,9428.0,1758264000.0,2025-09-19 12:10:00+05:30
160.97,161.03,160.82,161.03,2715.0,1758264300.0,2025-09-19 12:15:00+05:30
161.0,161.0,160.82,160.85,4812.0,1758264600.0,2025-09-19 12:20:00+05:30
160.85,160.92,160.78,160.78,6243.0,1758264900.0,2025-09-19 12:25:00+05:30
160.8,160.8,160.7,160.71,2138.0,1758265200.0,2025-09-19 12:30:00+05:30
160.71,160.8,160.5,160.57,12233.0,1758265500.0,2025-09-19 12:35:00+05:30
160.56,160.84,160.51,160.79,3149.0,1758265800.0,2025-09-19 12:40:00+05:30
160.79,160.89,160.61,160.86,3618.0,1758266100.0,2025-09-19 12:45:00+05:30
160.86,161.59,160.65,161.34,20488.0,1758266400.0,2025-09-19 12:50:00+05:30
161.22,161.23,161.1,161.2,2230.0,1758266700.0,2025-09-19 12:55:00+05:30
161.2,161.51,161.12,161.22,10255.0,1758267000.0,2025-09-19 13:00:00+05:30
161.22,161.55,161.19,161.53,3544.0,1758267300.0,2025-09-19 13:05:00+05:30
161.46,161.46,161.08,161.24,2856.0,1758267600.0,2025-09-19 13:10:00+05:30
161.24,161.29,161.04,161.22,3371.0,1758267900.0,2025-09-19 13:15:00+05:30
161.22,161.29,160.94,161.0,10451.0,1758268200.0,2025-09-19 13:20:00+05:30
160.9,161.09,160.9,161.0,6938.0,1758268500.0,2025-09-19 13:25:00+05:30
161.0,161.09,160.8,160.88,5150.0,1758268800.0,2025-09-19 13:30:00+05:30
160.9,161.39,160.55,161.39,16259.0,1758269100.0,2025-09-19 13:35:00+05:30
161.39,161.4,161.1,161.4,5585.0,1758269400.0,2025-09-19 13:40:00+05:30
161.35,161.39,160.92,161.14,6719.0,1758269700.0,2025-09-19 13:45:00+05:30
161.19,161.39,161.19,161.3,4216.0,1758270000.0,2025-09-19 13:50:00+05:30
161.39,161.64,161.14,161.34,22055.0,1758270300.0,2025-09-19 13:55:00+05:30
161.47,161.54,160.9,161.0,13114.0,1758270600.0,2025-09-19 14:00:00+05:30
161.0,161.01,160.79,161.01,8424.0,1758270900.0,2025-09-19 14:05:00+05:30
161.01,161.47,161.0,161.1,8499.0,1758271200.0,2025-09-19 14:10:00+05:30
161.12,161.29,160.81,161.0,6751.0,1758271500.0,2025-09-19 14:15:00+05:30
161.02,161.06,160.65,160.74,12159.0,1758271800.0,2025-09-19 14:20:00+05:30
160.76,161.0,160.72,160.79,12535.0,1758272100.0,2025-09-19 14:25:00+05:30
160.96,160.96,160.68,160.82,4646.0,1758272400.0,2025-09-19 14:30:00+05:30
160.85,161.5,160.68,161.31,15054.0,1758272700.0,2025-09-19 14:35:00+05:30
161.06,161.3,160.8,160.9,6215.0,1758273000.0,2025-09-19 14:40:00+05:30
160.8,160.94,160.7,160.9,7176.0,1758273300.0,2025-09-19 14:45:00+05:30
160.91,160.91,159.9,160.35,39391.0,1758273600.0,2025-09-19 14:50:00+05:30
160.47,160.99,160.15,160.81,14211.0,1758273900.0,2025-09-19 14:55:00+05:30
160.73,160.81,160.37,160.59,11820.0,1758274200.0,2025-09-19 15:00:00+05:30
160.43,162.3,160.3,162.08,69885.0,1758274500.0,2025-09-19 15:05:00+05:30
162.25,162.25,161.2,161.35,29286.0,1758274800.0,2025-09-19 15:10:00+05:30
161.32,161.35,160.6,160.6,34226.0,1758275100.0,2025-09-19 15:15:00+05:30
160.7,161.09,160.42,160.73,39172.0,1758275400.0,2025-09-19 15:20:00+05:30
160.72,162.0,160.5,161.5,57549.0,1758275700.0,2025-09-19 15:25:00+05:30
161.12,161.41,159.2,159.6,49781.0,1758512700.0,2025-09-22 09:15:00+05:30
159.7,159.9,158.7,158.89,46347.0,1758513000.0,2025-09-22 09:20:00+05:30
158.94,159.53,158.55,159.5,43905.0,1758513300.0,2025-09-22 09:25:00+05:30
159.45,160.49,159.06,160.44,34958.0,1758513600.0,2025-09-22 09:30:00+05:30
160.16,162.39,159.8,162.02,71508.0,1758513900.0,2025-09-22 09:35:00+05:30
162.02,163.3,161.3,161.3,83560.0,1758514200.0,2025-09-22 09:40:00+05:30
161.5,162.4,161.5,162.19,17678.0,1758514500.0,2025-09-22 09:45:00+05:30
162.2,162.2,161.62,161.9,17429.0,1758514800.0,2025-09-22 09:50:00+05:30
161.95,162.19,161.53,161.53,11454.0,1758515100.0,2025-09-22 09:55:00+05:30
161.5,161.6,160.99,161.14,19190.0,1758515400.0,2025-09-22 10:00:00+05:30
161.0,161.15,160.56,160.78,12494.0,1758515700.0,2025-09-22 10:05:00+05:30
160.76,160.84,160.41,160.5,13279.0,1758516000.0,2025-09-22 10:10:00+05:30
160.25,160.66,159.45,159.87,82417.0,1758516300.0,2025-09-22 10:15:00+05:30
159.84,160.44,159.71,160.2,24996.0,1758516600.0,2025-09-22 10:20:00+05:30
159.99,160.77,159.83,160.62,12613.0,1758516900.0,2025-09-22 10:25:00+05:30
160.52,161.1,160.52,160.57,12051.0,1758517200.0,2025-09-22 10:30:00+05:30
160.61,160.75,159.81,160.04,7907.0,1758517500.0,2025-09-22 10:35:00+05:30
160.04,160.11,159.59,159.75,4121.0,1758517800.0,2025-09-22 10:40:00+05:30
159.75,159.9,159.61,159.89,7362.0,1758518100.0,2025-09-22 10:45:00+05:30
159.75,159.88,159.66,159.77,2274.0,1758518400.0,2025-09-22 10:50:00+05:30
159.75,159.8,158.49,158.95,60449.0,1758518700.0,2025-09-22 10:55:00+05:30
158.93,159.1,158.57,158.57,9883.0,1758519000.0,2025-09-22 11:00:00+05:30
158.6,158.84,158.12,158.2,12423.0,1758519300.0,2025-09-22 11:05:00+05:30
158.12,158.46,158.0,158.4,20333.0,1758519600.0,2025-09-22 11:10:00+05:30
158.4,158.4,157.47,157.48,35858.0,1758519900.0,2025-09-22 11:15:00+05:30
157.47,157.52,156.38,157.0,57471.0,1758520200.0,2025-09-22 11:20:00+05:30
157.0,157.41,156.71,156.82,14798.0,1758520500.0,2025-09-22 11:25:00+05:30
156.82,156.82,156.5,156.72,13507.0,1758520800.0,2025-09-22 11:30:00+05:30
156.75,157.46,156.72,157.44,13533.0,1758521100.0,2025-09-22 11:35:00+05:30
157.45,157.77,157.25,157.36,16763.0,1758521400.0,2025-09-22 11:40:00+05:30
157.36,157.9,157.23,157.42,14813.0,1758521700.0,2025-09-22 11:45:00+05:30
157.26,157.42,157.2,157.35,1169.0,1758522000.0,2025-09-22 11:50:00+05:30
157.35,157.41,157.13,157.25,8112.0,1758522300.0,2025-09-22 11:55:00+05:30
157.25,157.3,156.67,157.18,12528.0,1758522600.0,2025-09-22 12:00:00+05:30
157.14,157.44,157.09,157.4,9371.0,1758522900.0,2025-09-22 12:05:00+05:30
157.35,157.39,157.15,157.26,2046.0,1758523200.0,2025-09-22 12:10:00+05:30
157.26,157.45,157.11,157.28,3654.0,1758523500.0,2025-09-22 12:15:00+05:30
157.29,157.32,156.88,156.88,12023.0,1758523800.0,2025-09-22 12:20:00+05:30
156.87,157.08,156.67,156.9,22032.0,1758524100.0,2025-09-22 12:25:00+05:30
156.92,157.06,156.68,156.68,2484.0,1758524400.0,2025-09-22 12:30:00+05:30
156.72,156.86,156.65,156.85,1084.0,1758524700.0,2025-09-22 12:35:00+05:30
156.73,156.93,156.73,156.8,2889.0,1758525000.0,2025-09-22 12:40:00+05:30
156.73,156.83,156.52,156.68,5699.0,1758525300.0,2025-09-22 12:45:00+05:30
156.55,156.67,156.45,156.57,5939.0,1758525600.0,2025-09-22 12:50:00+05:30
156.57,157.0,156.57,157.0,8200.0,1758525900.0,2025-09-22 12:55:00+05:30
157.0,157.32,156.91,157.23,5576.0,1758526200.0,2025-09-22 13:00:00+05:30
157.12,157.29,157.03,157.03,6349.0,1758526500.0,2025-09-22 13:05:00+05:30
157.26,157.29,157.08,157.09,1716.0,1758526800.0,2025-09-22 13:10:00+05:30
157.09,157.24,156.67,156.81,3320.0,1758527100.0,2025-09-22 13:15:00+05:30
156.67,156.81,156.5,156.51,4570.0,1758527400.0,2025-09-22 13:20:00+05:30
156.51,156.95,156.51,156.95,2231.0,1758527700.0,2025-09-22 13:25:00+05:30
156.9,156.95,156.25,156.25,16049.0,1758528000.0,2025-09-22 13:30:00+05:30
156.25,156.42,156.2,156.39,2788.0,1758528300.0,2025-09-22 13:35:00+05:30
156.25,156.75,156.25,156.69,6946.0,1758528600.0,2025-09-22 13:40:00+05:30
156.62,156.68,156.6,156.6,11767.0,1758528900.0,2025-09-22 13:45:00+05:30
156.67,156.71,156.25,156.25,11918.0,1758529200.0,2025-09-22 13:50:00+05:30
156.43,156.44,155.8,156.01,14928.0,1758529500.0,2025-09-22 13:55:00+05:30
156.1,156.19,155.93,155.95,6219.0,1758529800.0,2025-09-22 14:00:00+05:30
155.95,156.4,155.8,156.4,7571.0,1758530100.0,2025-09-22 14:05:00+05:30
156.22,156.44,155.7,155.8,5623.0,1758530400.0,2025-09-22 14:10:00+05:30
155.8,155.8,155.6,155.69,5225.0,1758530700.0,2025-09-22 14:15:00+05:30
155.69,155.77,155.61,155.7,2578.0,1758531000.0,2025-09-22 14:20:00+05:30
155.66,155.71,155.16,155.26,8166.0,1758531300.0,2025-09-22 14:25:00+05:30
155.16,155.49,155.0,155.47,28751.0,1758531600.0,2025-09-22 14:30:00+05:30
155.44,155.47,155.05,155.17,3788.0,1758531900.0,2025-09-22 14:35:00+05:30
155.17,155.39,154.98,155.31,19315.0,1758532200.0,2025-09-22 14:40:00+05:30
155.28,155.31,154.62,154.8,15933.0,1758532500.0,2025-09-22 14:45:00+05:30
154.97,155.19,154.82,155.12,7007.0,1758532800.0,2025-09-22 14:50:00+05:30
154.94,155.09,154.2,154.7,12931.0,1758533100.0,2025-09-22 14:55:00+05:30
154.71,155.39,154.71,154.86,19544.0,1758533400.0,2025-09-22 15:00:00+05:30
154.99,155.48,154.8,155.29,18006.0,1758533700.0,2025-09-22 15:05:00+05:30
155.4,155.4,154.71,154.88,10658.0,1758534000.0,2025-09-22 15:10:00+05:30
154.88,154.9,154.06,154.8,31494.0,1758534300.0,2025-09-22 15:15:00+05:30
154.76,155.14,154.0,155.14,46534.0,1758534600.0,2025-09-22 15:20:00+05:30
155.0,156.0,154.83,155.85,26113.0,1758534900.0,2025-09-22 15:25:00+05:30
155.8,155.8,154.8,155.65,30119.0,1758599100.0,2025-09-23 09:15:00+05:30
155.7,155.7,154.0,154.52,28325.0,1758599400.0,2025-09-23 09:20:00+05:30
154.57,157.59,154.57,156.78,51148.0,1758599700.0,2025-09-23 09:25:00+05:30
156.57,157.13,155.98,156.38,31024.0,1758600000.0,2025-09-23 09:30:00+05:30
156.74,157.93,156.5,157.18,32493.0,1758600300.0,2025-09-23 09:35:00+05:30
157.0,158.59,156.9,158.5,31035.0,1758600600.0,2025-09-23 09:40:00+05:30
157.83,158.09,157.37,157.69,35531.0,1758600900.0,2025-09-23 09:45:00+05:30
157.35,157.36,156.28,156.36,34674.0,1758601200.0,2025-09-23 09:50:00+05:30
156.21,156.24,155.5,155.59,27788.0,1758601500.0,2025-09-23 09:55:00+05:30
155.54,156.39,155.54,156.27,16706.0,1758601800.0,2025-09-23 10:00:00+05:30
156.42,156.67,156.09,156.09,7407.0,1758602100.0,2025-09-23 10:05:00+05:30
156.11,156.79,156.05,156.73,3125.0,1758602400.0,2025-09-23 10:10:00+05:30
156.99,157.4,156.61,156.7,28915.0,1758602700.0,2025-09-23 10:15:00+05:30
156.88,157.0,156.21,156.42,14941.0,1758603000.0,2025-09-23 10:20:00+05:30
156.3,156.4,156.06,156.35,3000.0,1758603300.0,2025-09-23 10:25:00+05:30
156.15,156.28,155.61,155.68,6163.0,1758603600.0,2025-09-23 10:30:00+05:30
155.68,156.4,155.68,156.4,3264.0,1758603900.0,2025-09-23 10:35:00+05:30
156.25,156.9,156.02,156.9,8929.0,1758604200.0,2025-09-23 10:40:00+05:30
157.25,157.25,156.93,157.0,10416.0,1758604500.0,2025-09-23 10:45:00+05:30
156.77,156.99,156.53,156.97,11172.0,1758604800.0,2025-09-23 10:50:00+05:30
156.8,157.08,156.68,156.68,4764.0,1758605100.0,2025-09-23 10:55:00+05:30
156.68,157.19,156.68,157.19,6079.0,1758605400.0,2025-09-23 11:00:00+05:30
157.02,157.18,156.33,156.46,5032.0,1758605700.0,2025-09-23 11:05:00+05:30
156.52,156.63,156.0,156.1,3369.0,1758606000.0,2025-09-23 11:10:00+05:30
156.11,156.28,155.5,155.61,15017.0,1758606300.0,2025-09-23 11:15:00+05:30
155.5,155.9,155.42,155.67,4856.0,1758606600.0,2025-09-23 11:20:00+05:30
155.84,156.01,155.73,155.82,5072.0,1758606900.0,2025-09-23 11:25:00+05:30
156.0,156.0,155.73,155.89,1656.0,1758607200.0,2025-09-23 11:30:00+05:30
155.82,155.84,155.65,155.66,1034.0,1758607500.0,2025-09-23 11:35:00+05:30
155.66,155.84,155.55,155.84,2355.0,1758607800.0,2025-09-23 11:40:00+05:30
155.89,156.3,155.8,156.3,2917.0,1758608100.0,2025-09-23 11:45:00+05:30
156.2,156.4,156.12,156.12,2630.0,1758608400.0,2025-09-23 11:50:00+05:30
156.12,156.28,155.66,155.66,1639.0,1758608700.0,2025-09-23 11:55:00+05:30
155.76,156.17,155.63,156.05,1653.0,1758609000.0,2025-09-23 12:00:00+05:30
156.2,156.39,156.16,156.35,803.0,1758609300.0,2025-09-23 12:05:00+05:30
156.34,156.34,156.1,156.26,801.0,1758609600.0,2025-09-23 12:10:00+05:30
156.28,156.4,156.28,156.31,2335.0,1758609900.0,2025-09-23 12:15:00+05:30
156.31,156.31,156.02,156.07,3270.0,1758610200.0,2025-09-23 12:20:00+05:30
156.57,156.82,156.57,156.82,4658.0,1758610500.0,2025-09-23 12:25:00+05:30
157.02,157.02,156.77,156.82,2711.0,1758610800.0,2025-09-23 12:30:00+05:30
157.07,157.8,156.89,157.29,26425.0,1758611100.0,2025-09-23 12:35:00+05:30
157.55,157.55,156.6,156.6,2803.0,1758611400.0,2025-09-23 12:40:00+05:30
156.52,156.68,156.31,156.41,1706.0,1758611700.0,2025-09-23 12:45:00+05:30
156.36,156.49,156.21,156.49,2999.0,1758612000.0,2025-09-23 12:50:00+05:30
156.46,156.5,156.15,156.29,2638.0,1758612300.0,2025-09-23 12:55:00+05:30
156.37,156.49,156.26,156.34,1247.0,1758612600.0,2025-09-23 13:00:00+05:30
156.35,156.45,156.19,156.19,2406.0,1758612900.0,2025-09-23 13:05:00+05:30
156.19,156.49,156.0,156.49,13041.0,1758613200.0,2025-09-23 13:10:00+05:30
156.39,156.45,156.01,156.01,3486.0,1758613500.0,2025-09-23 13:15:00+05:30
156.04,156.26,155.51,155.68,12292.0,1758613800.0,2025-09-23 13:20:00+05:30
155.68,155.75,154.4,154.4,55662.0,1758614100.0,2025-09-23 13:25:00+05:30
154.36,155.02,154.36,154.89,5788.0,1758614400.0,2025-09-23 13:30:00+05:30
155.02,155.28,154.97,155.22,8830.0,1758614700.0,2025-09-23 13:35:00+05:30
155.21,155.4,155.16,155.16,5087.0,1758615000.0,2025-09-23 13:40:00+05:30
155.31,155.31,154.82,155.24,2996.0,1758615300.0,2025-09-23 13:45:00+05:30
155.09,155.09,154.76,154.76,2485.0,1758615600.0,2025-09-23 13:50:00+05:30
154.76,154.83,154.5,154.55,4336.0,1758615900.0,2025-09-23 13:55:00+05:30
154.58,154.58,154.19,154.48,2458.0,1758616200.0,2025-09-23 14:00:00+05:30
154.49,154.63,154.4,154.59,4241.0,1758616500.0,2025-09-23 14:05:00+05:30
154.57,154.86,154.46,154.62,4597.0,1758616800.0,2025-09-23 14:10:00+05:30
154.39,154.6,153.57,154.01,31810.0,1758617100.0,2025-09-23 14:15:00+05:30
154.11,154.54,154.02,154.48,7001.0,1758617400.0,2025-09-23 14:20:00+05:30
154.49,154.78,154.43,154.5,3183.0,1758617700.0,2025-09-23 14:25:00+05:30
154.55,155.64,154.55,155.5,18184.0,1758618000.0,2025-09-23 14:30:00+05:30
155.57,155.91,155.46,155.57,4492.0,1758618300.0,2025-09-23 14:35:00+05:30
155.57,155.8,155.57,155.8,1764.0,1758618600.0,2025-09-23 14:40:00+05:30
155.8,156.2,155.77,156.0,5870.0,1758618900.0,2025-09-23 14:45:00+05:30
156.0,156.47,155.86,156.15,22297.0,1758619200.0,2025-09-23 14:50:00+05:30
156.04,156.35,155.76,156.16,7837.0,1758619500.0,2025-09-23 14:55:00+05:30
156.42,156.73,156.02,156.52,20164.0,1758619800.0,2025-09-23 15:00:00+05:30
156.58,157.0,156.45,156.6,11281.0,1758620100.0,2025-09-23 15:05:00+05:30
156.69,157.53,156.69,157.28,21657.0,1758620400.0,2025-09-23 15:10:00+05:30
157.28,159.0,157.27,158.67,47134.0,1758620700.0,2025-09-23 15:15:00+05:30
158.64,158.84,157.78,158.56,32583.0,1758621000.0,2025-09-23 15:20:00+05:30
158.75,158.98,157.38,158.0,25652.0,1758621300.0,2025-09-23 15:25:00+05:30
157.03,157.63,155.46,155.69,32939.0,1758685500.0,2025-09-24 09:15:00+05:30
155.42,156.17,154.7,155.97,15825.0,1758685800.0,2025-09-24 09:20:00+05:30
155.87,155.87,155.3,155.35,9115.0,1758686100.0,2025-09-24 09:25:00+05:30
155.35,155.65,155.04,155.57,2414.0,1758686400.0,2025-09-24 09:30:00+05:30
155.57,155.9,155.11,155.7,12605.0,1758686700.0,2025-09-24 09:35:00+05:30
155.83,155.83,155.04,155.52,12755.0,1758687000.0,2025-09-24 09:40:00+05:30
155.36,155.39,155.03,155.22,2204.0,1758687300.0,2025-09-24 09:45:00+05:30
155.21,155.76,155.21,155.65,6415.0,1758687600.0,2025-09-24 09:50:00+05:30
155.65,155.91,155.62,155.91,3735.0,1758687900.0,2025-09-24 09:55:00+05:30
155.8,155.95,155.61,155.85,3035.0,1758688200.0,2025-09-24 10:00:00+05:30
156.0,156.19,155.82,155.96,5206.0,1758688500.0,2025-09-24 10:05:00+05:30
155.84,155.96,155.3,155.35,14628.0,1758688800.0,2025-09-24 10:10:00+05:30
155.35,155.68,155.35,155.65,3411.0,1758689100.0,2025-09-24 10:15:00+05:30
155.65,156.44,155.64,156.24,3999.0,1758689400.0,2025-09-24 10:20:00+05:30
156.24,156.54,155.97,156.11,8029.0,1758689700.0,2025-09-24 10:25:00+05:30
156.14,156.15,155.71,155.71,925.0,1758690000.0,2025-09-24 10:30:00+05:30
155.71,155.89,155.54,155.54,3922.0,1758690300.0,2025-09-24 10:35:00+05:30
155.74,156.26,155.74,156.18,2610.0,1758690600.0,2025-09-24 10:40:00+05:30
156.23,156.23,156.0,156.0,6459.0,1758690900.0,2025-09-24 10:45:00+05:30
156.12,156.12,155.74,155.74,2518.0,1758691200.0,2025-09-24 10:50:00+05:30
155.74,155.81,155.55,155.81,1033.0,1758691500.0,2025-09-24 10:55:00+05:30
155.79,155.79,155.4,155.4,4933.0,1758691800.0,2025-09-24 11:00:00+05:30
155.4,155.48,155.0,155.0,3463.0,1758692100.0,2025-09-24 11:05:00+05:30
155.08,155.31,155.0,155.0,8227.0,1758692400.0,2025-09-24 11:10:00+05:30
155.0,155.09,154.9,154.9,6878.0,1758692700.0,2025-09-24 11:15:00+05:30
154.95,154.95,154.8,154.85,1771.0,1758693000.0,2025-09-24 11:20:00+05:30
154.8,154.85,154.7,154.77,1728.0,1758693300.0,2025-09-24 11:25:00+05:30
154.7,154.8,154.7,154.7,817.0,1758693600.0,2025-09-24 11:30:00+05:30
154.5,154.87,154.5,154.74,11820.0,1758693900.0,2025-09-24 11:35:00+05:30
154.7,154.7,154.45,154.45,4476.0,1758694200.0,2025-09-24 11:40:00+05:30
154.45,154.82,154.1,154.1,14732.0,1758694500.0,2025-09-24 11:45:00+05:30
154.0,154.4,154.0,154.4,7617.0,1758694800.0,2025-09-24 11:50:00+05:30
154.4,154.4,154.3,154.37,1120.0,1758695100.0,2025-09-24 11:55:00+05:30
154.39,154.78,154.31,154.58,5906.0,1758695400.0,2025-09-24 12:00:00+05:30
154.33,154.5,154.31,154.32,2313.0,1758695700.0,2025-09-24 12:05:00+05:30
154.5,154.5,154.33,154.49,258.0,1758696000.0,2025-09-24 12:10:00+05:30
154.49,154.67,154.37,154.67,1489.0,1758696300.0,2025-09-24 12:15:00+05:30
154.66,154.66,154.5,154.64,1259.0,1758696600.0,2025-09-24 12:20:00+05:30
154.68,154.74,154.5,154.53,1519.0,1758696900.0,2025-09-24 12:25:00+05:30
154.53,154.91,154.51,154.51,4249.0,1758697200.0,2025-09-24 12:30:00+05:30
154.56,154.64,154.5,154.64,342.0,1758697500.0,2025-09-24 12:35:00+05:30
154.64,154.89,154.64,154.89,469.0,1758697800.0,2025-09-24 12:40:00+05:30
154.88,155.24,154.8,155.01,4992.0,1758698100.0,2025-09-24 12:45:00+05:30
155.0,155.19,155.0,155.03,1543.0,1758698400.0,2025-09-24 12:50:00+05:30
155.16,155.17,155.0,155.17,614.0,1758698700.0,2025-09-24 12:55:00+05:30
155.16,155.16,155.0,155.0,435.0,1758699000.0,2025-09-24 13:00:00+05:30
155.0,155.02,155.0,155.0,315.0,1758699300.0,2025-09-24 13:05:00+05:30
155.0,155.2,155.0,155.03,3022.0,1758699600.0,2025-09-24 13:10:00+05:30
155.03,155.41,155.02,155.4,5797.0,1758699900.0,2025-09-24 13:15:00+05:30
155.4,155.4,155.25,155.25,2362.0,1758700200.0,2025-09-24 13:20:00+05:30
155.25,155.93,155.25,155.93,6897.0,1758700500.0,2025-09-24 13:25:00+05:30
156.0,156.08,155.57,155.92,8356.0,1758700800.0,2025-09-24 13:30:00+05:30
155.91,155.98,155.76,155.9,1152.0,1758701100.0,2025-09-24 13:35:00+05:30
156.04,156.18,155.61,155.61,6693.0,1758701400.0,2025-09-24 13:40:00+05:30
155.61,155.77,155.4,155.7,8569.0,1758701700.0,2025-09-24 13:45:00+05:30
155.7,155.7,155.47,155.47,337.0,1758702000.0,2025-09-24 13:50:00+05:30
155.5,155.59,155.47,155.59,364.0,1758702300.0,2025-09-24 13:55:00+05:30
155.59,155.65,155.5,155.5,2805.0,1758702600.0,2025-09-24 14:00:00+05:30
155.59,155.59,155.5,155.56,5458.0,1758702900.0,2025-09-24 14:05:00+05:30
155.56,155.72,155.5,155.72,1987.0,1758703200.0,2025-09-24 14:10:00+05:30
155.59,155.92,155.59,155.74,953.0,1758703500.0,2025-09-24 14:15:00+05:30
155.8,156.15,155.41,155.86,17896.0,1758703800.0,2025-09-24 14:20:00+05:30
155.68,155.91,155.6,155.85,5445.0,1758704100.0,2025-09-24 14:25:00+05:30
155.8,155.94,155.6,155.6,7438.0,1758704400.0,2025-09-24 14:30:00+05:30
155.5,155.91,155.5,155.57,6053.0,1758704700.0,2025-09-24 14:35:00+05:30
155.5,155.68,155.4,155.53,2649.0,1758705000.0,2025-09-24 14:40:00+05:30
155.51,155.51,154.9,154.9,4451.0,1758705300.0,2025-09-24 14:45:00+05:30
154.9,154.9,154.55,154.8,3081.0,1758705600.0,2025-09-24 14:50:00+05:30
154.8,154.84,154.47,154.47,2635.0,1758705900.0,2025-09-24 14:55:00+05:30
154.4,154.65,154.2,154.65,5588.0,1758706200.0,2025-09-24 15:00:00+05:30
154.67,155.68,154.38,155.68,21202.0,1758706500.0,2025-09-24 15:05:00+05:30
155.47,155.47,153.76,153.81,10053.0,1758706800.0,2025-09-24 15:10:00+05:30
153.91,154.17,153.47,153.9,15204.0,1758707100.0,2025-09-24 15:15:00+05:30
154.12,154.2,153.4,153.4,18155.0,1758707400.0,2025-09-24 15:20:00+05:30
153.4,153.48,152.25,152.25,26741.0,1758707700.0,2025-09-24 15:25:00+05:30
152.56,152.56,150.75,152.16,36843.0,1758771900.0,2025-09-25 09:15:00+05:30
152.15,154.02,151.78,153.21,35750.0,1758772200.0,2025-09-25 09:20:00+05:30
153.22,153.6,152.76,153.06,10527.0,1758772500.0,2025-09-25 09:25:00+05:30
153.02,153.31,152.3,152.64,9523.0,1758772800.0,2025-09-25 09:30:00+05:30
152.37,152.53,151.8,152.31,22279.0,1758773100.0,2025-09-25 09:35:00+05:30
152.29,152.44,151.94,152.29,6917.0,1758773400.0,2025-09-25 09:40:00+05:30
152.26,152.26,151.33,151.71,8251.0,1758773700.0,2025-09-25 09:45:00+05:30
151.71,152.0,151.6,151.8,1864.0,1758774000.0,2025-09-25 09:50:00+05:30
151.8,152.11,151.8,151.98,1345.0,1758774300.0,2025-09-25 09:55:00+05:30
152.08,152.39,152.01,152.1,6737.0,1758774600.0,2025-09-25 10:00:00+05:30
152.19,152.5,152.1,152.45,1390.0,1758774900.0,2025-09-25 10:05:00+05:30
152.45,152.5,152.09,152.1,2191.0,1758775200.0,2025-09-25 10:10:00+05:30
152.11,152.3,152.03,152.08,2415.0,1758775500.0,2025-09-25 10:15:00+05:30
152.01,152.27,151.91,151.91,5991.0,1758775800.0,2025-09-25 10:20:00+05:30
152.12,152.13,151.98,151.98,2946.0,1758776100.0,2025-09-25 10:25:00+05:30
152.0,152.14,151.85,152.04,2190.0,1758776400.0,2025-09-25 10:30:00+05:30
151.95,151.95,151.71,151.71,686.0,1758776700.0,2025-09-25 10:35:00+05:30
151.68,151.68,151.51,151.51,865.0,1758777000.0,2025-09-25 10:40:00+05:30
151.5,153.71,151.37,153.41,33661.0,1758777300.0,2025-09-25 10:45:00+05:30
153.64,154.49,153.62,153.75,11271.0,1758777600.0,2025-09-25 10:50:00+05:30
153.73,153.79,153.53,153.53,179.0,1758777900.0,2025-09-25 10:55:00+05:30
153.53,153.75,153.25,153.25,2831.0,1758778200.0,2025-09-25 11:00:00+05:30
153.25,153.4,153.0,153.05,2887.0,1758778500.0,2025-09-25 11:05:00+05:30
153.0,153.01,152.75,152.84,2413.0,1758778800.0,2025-09-25 11:10:00+05:30
152.78,152.94,152.78,152.93,1329.0,1758779100.0,2025-09-25 11:15:00+05:30
152.87,152.87,152.56,152.56,761.0,1758779400.0,2025-09-25 11:20:00+05:30
152.56,152.56,152.44,152.48,523.0,1758779700.0,2025-09-25 11:25:00+05:30
152.38,152.84,152.32,152.41,4069.0,1758780000.0,2025-09-25 11:30:00+05:30
152.41,152.55,152.23,152.55,1628.0,1758780300.0,2025-09-25 11:35:00+05:30
152.43,152.46,152.28,152.28,510.0,1758780600.0,2025-09-25 11:40:00+05:30
152.43,152.65,152.24,152.27,1929.0,1758780900.0,2025-09-25 11:45:00+05:30
152.27,152.38,152.22,152.3,1531.0,1758781200.0,2025-09-25 11:50:00+05:30
152.3,152.47,152.1,152.13,1356.0,1758781500.0,2025-09-25 11:55:00+05:30
152.29,152.29,152.05,152.22,1141.0,1758781800.0,2025-09-25 12:00:00+05:30
152.03,152.03,151.6,151.6,7088.0,1758782100.0,2025-09-25 12:05:00+05:30
151.5,151.81,151.43,151.48,3367.0,1758782400.0,2025-09-25 12:10:00+05:30
151.65,152.08,151.52,151.94,6825.0,1758782700.0,2025-09-25 12:15:00+05:30
151.68,152.02,151.65,151.87,2049.0,1758783000.0,2025-09-25 12:20:00+05:30
151.76,152.03,151.76,151.91,265.0,1758783300.0,2025-09-25 12:25:00+05:30
152.06,152.18,151.95,151.98,1185.0,1758783600.0,2025-09-25 12:30:00+05:30
152.12,152.27,152.1,152.11,581.0,1758783900.0,2025-09-25 12:35:00+05:30
152.13,152.13,151.45,151.45,2112.0,1758784200.0,2025-09-25 12:40:00+05:30
151.45,151.55,151.26,151.53,2232.0,1758784500.0,2025-09-25 12:45:00+05:30
151.43,151.9,151.43,151.9,346.0,1758784800.0,2025-09-25 12:50:00+05:30
151.9,151.92,151.3,151.84,2450.0,1758785100.0,2025-09-25 12:55:00+05:30
151.67,151.86,151.52,151.52,779.0,1758785400.0,2025-09-25 13:00:00+05:30
151.54,151.92,151.5,151.92,2529.0,1758785700.0,2025-09-25 13:05:00+05:30
151.92,151.95,151.47,151.47,912.0,1758786000.0,2025-09-25 13:10:00+05:30
151.45,151.59,151.28,151.3,1946.0,1758786300.0,2025-09-25 13:15:00+05:30
151.3,151.62,151.21,151.62,792.0,1758786600.0,2025-09-25 13:20:00+05:30
151.55,151.66,151.42,151.66,862.0,1758786900.0,2025-09-25 13:25:00+05:30
151.53,151.66,151.52,151.61,547.0,1758787200.0,2025-09-25 13:30:00+05:30
151.35,151.6,151.35,151.45,399.0,1758787500.0,2025-09-25 13:35:00+05:30
151.59,151.59,151.46,151.5,641.0,1758787800.0,2025-09-25 13:40:00+05:30
151.61,151.61,151.34,151.34,905.0,1758788100.0,2025-09-25 13:45:00+05:30
151.54,151.59,151.2,151.2,1315.0,1758788400.0,2025-09-25 13:50:00+05:30
151.2,151.24,150.92,151.21,16415.0,1758788700.0,2025-09-25 13:55:00+05:30
151.09,151.41,151.09,151.34,1268.0,1758789000.0,2025-09-25 14:00:00+05:30
151.34,151.48,151.25,151.47,781.0,1758789300.0,2025-09-25 14:05:00+05:30
151.25,151.25,151.0,151.05,2125.0,1758789600.0,2025-09-25 14:10:00+05:30
151.01,151.06,150.89,150.92,1038.0,1758789900.0,2025-09-25 14:15:00+05:30
150.92,151.17,150.92,151.14,930.0,1758790200.0,2025-09-25 14:20:00+05:30
151.05,151.52,151.05,151.37,1519.0,1758790500.0,2025-09-25 14:25:00+05:30
151.33,151.42,151.09,151.35,634.0,1758790800.0,2025-09-25 14:30:00+05:30
151.11,151.41,150.92,151.07,6403.0,1758791100.0,2025-09-25 14:35:00+05:30
151.26,151.26,150.81,151.11,1509.0,1758791400.0,2025-09-25 14:40:00+05:30
151.11,151.19,150.96,151.09,886.0,1758791700.0,2025-09-25 14:45:00+05:30
151.09,151.12,150.87,151.08,1891.0,1758792000.0,2025-09-25 14:50:00+05:30
151.13,151.2,150.68,150.8,2633.0,1758792300.0,2025-09-25 14:55:00+05:30
150.71,150.78,150.5,150.77,8386.0,1758792600.0,2025-09-25 15:00:00+05:30
150.79,150.81,150.11,150.28,10801.0,1758792900.0,2025-09-25 15:05:00+05:30
150.24,150.35,149.5,149.73,24102.0,1758793200.0,2025-09-25 15:10:00+05:30
149.66,150.3,149.5,150.3,10470.0,1758793500.0,2025-09-25 15:15:00+05:30
150.27,150.49,150.16,150.45,6402.0,1758793800.0,2025-09-25 15:20:00+05:30
150.5,150.89,150.1,150.79,8600.0,1758794100.0,2025-09-25 15:25:00+05:30
150.29,150.55,148.52,148.52,28717.0,1758858300.0,2025-09-26 09:15:00+05:30
148.52,149.55,147.8,149.55,22370.0,1758858600.0,2025-09-26 09:20:00+05:30
149.32,149.38,148.31,148.49,21939.0,1758858900.0,2025-09-26 09:25:00+05:30
148.52,148.52,147.26,147.26,8704.0,1758859200.0,2025-09-26 09:30:00+05:30
147.25,148.1,147.19,147.87,10295.0,1758859500.0,2025-09-26 09:35:00+05:30
147.96,148.89,147.87,148.02,31385.0,1758859800.0,2025-09-26 09:40:00+05:30
147.91,149.0,147.91,148.72,17360.0,1758860100.0,2025-09-26 09:45:00+05:30
148.57,148.68,148.25,148.41,12341.0,1758860400.0,2025-09-26 09:50:00+05:30
148.45,149.38,148.08,148.7,11885.0,1758860700.0,2025-09-26 09:55:00+05:30
148.89,149.3,148.4,149.05,12193.0,1758861000.0,2025-09-26 10:00:00+05:30
149.05,149.21,148.0,148.21,38009.0,1758861300.0,2025-09-26 10:05:00+05:30
148.35,148.52,147.9,147.97,7095.0,1758861600.0,2025-09-26 10:10:00+05:30
148.21,148.46,148.03,148.14,3185.0,1758861900.0,2025-09-26 10:15:00+05:30
148.29,148.29,147.53,147.7,13469.0,1758862200.0,2025-09-26 10:20:00+05:30
147.8,148.2,147.7,147.78,28470.0,1758862500.0,2025-09-26 10:25:00+05:30
147.96,148.06,147.65,147.92,3563.0,1758862800.0,2025-09-26 10:30:00+05:30
147.88,148.04,147.82,148.04,730.0,1758863100.0,2025-09-26 10:35:00+05:30
147.94,148.43,147.93,148.4,1787.0,1758863400.0,2025-09-26 10:40:00+05:30
148.22,148.75,148.22,148.65,1270.0,1758863700.0,2025-09-26 10:45:00+05:30
148.64,148.72,148.5,148.6,956.0,1758864000.0,2025-09-26 10:50:00+05:30
148.61,148.83,148.47,148.7,4462.0,1758864300.0,2025-09-26 10:55:00+05:30
148.51,148.51,148.26,148.4,663.0,1758864600.0,2025-09-26 11:00:00+05:30
148.43,148.44,148.25,148.33,565.0,1758864900.0,2025-09-26 11:05:00+05:30
147.88,148.16,147.73,148.02,24860.0,1758865200.0,2025-09-26 11:10:00+05:30
147.93,147.98,147.76,147.76,1040.0,1758865500.0,2025-09-26 11:15:00+05:30
147.88,147.88,147.46,147.46,4834.0,1758865800.0,2025-09-26 11:20:00+05:30
147.46,147.63,147.22,147.33,9569.0,1758866100.0,2025-09-26 11:25:00+05:30
147.41,147.42,146.57,146.65,10497.0,1758866400.0,2025-09-26 11:30:00+05:30
146.5,146.74,146.0,146.05,9672.0,1758866700.0,2025-09-26 11:35:00+05:30
146.06,146.4,146.02,146.31,1770.0,1758867000.0,2025-09-26 11:40:00+05:30
146.28,146.42,146.08,146.36,2046.0,1758867300.0,2025-09-26 11:45:00+05:30
146.47,146.54,146.29,146.4,1726.0,1758867600.0,2025-09-26 11:50:00+05:30
146.4,146.75,146.4,146.62,3816.0,1758867900.0,2025-09-26 11:55:00+05:30
146.74,146.74,146.26,146.31,2473.0,1758868200.0,2025-09-26 12:00:00+05:30
146.32,146.32,145.75,146.0,3517.0,1758868500.0,2025-09-26 12:05:00+05:30
146.0,146.36,145.9,146.11,4371.0,1758868800.0,2025-09-26 12:10:00+05:30
146.3,146.7,146.22,146.34,4393.0,1758869100.0,2025-09-26 12:15:00+05:30
146.23,146.9,146.23,146.73,7046.0,1758869400.0,2025-09-26 12:20:00+05:30
146.74,147.02,146.74,146.89,9033.0,1758869700.0,2025-09-26 12:25:00+05:30
146.95,146.95,146.77,146.93,440.0,1758870000.0,2025-09-26 12:30:00+05:30
147.06,147.06,146.5,146.75,5040.0,1758870300.0,2025-09-26 12:35:00+05:30
146.71,147.04,146.71,146.89,908.0,1758870600.0,2025-09-26 12:40:00+05:30
147.07,147.31,146.93,147.31,2200.0,1758870900.0,2025-09-26 12:45:00+05:30
147.31,147.43,147.14,147.38,700.0,1758871200.0,2025-09-26 12:50:00+05:30
147.3,147.3,146.96,146.96,1226.0,1758871500.0,2025-09-26 12:55:00+05:30
146.96,147.07,146.88,146.88,1083.0,1758871800.0,2025-09-26 13:00:00+05:30
146.73,146.94,146.73,146.85,2348.0,1758872100.0,2025-09-26 13:05:00+05:30
146.85,147.01,146.65,146.65,3961.0,1758872400.0,2025-09-26 13:10:00+05:30
146.65,146.93,146.65,146.93,2822.0,1758872700.0,2025-09-26 13:15:00+05:30
146.97,146.98,146.6,146.6,1343.0,1758873000.0,2025-09-26 13:20:00+05:30
146.6,146.65,146.15,146.23,7243.0,1758873300.0,2025-09-26 13:25:00+05:30
146.13,146.17,145.83,145.83,8016.0,1758873600.0,2025-09-26 13:30:00+05:30
145.83,146.0,145.51,146.0,7896.0,1758873900.0,2025-09-26 13:35:00+05:30
146.01,146.19,145.74,146.0,7075.0,1758874200.0,2025-09-26 13:40:00+05:30
145.98,146.09,145.7,145.88,5771.0,1758874500.0,2025-09-26 13:45:00+05:30
145.93,145.93,145.57,145.79,4293.0,1758874800.0,2025-09-26 13:50:00+05:30
145.57,146.04,145.17,146.04,10313.0,1758875100.0,2025-09-26 13:55:00+05:30
145.91,146.28,145.9,145.96,9105.0,1758875400.0,2025-09-26 14:00:00+05:30
145.9,146.0,145.51,146.0,2204.0,1758875700.0,2025-09-26 14:05:00+05:30
145.75,146.0,145.65,145.83,5000.0,1758876000.0,2025-09-26 14:10:00+05:30
145.97,146.0,145.55,145.9,2685.0,1758876300.0,2025-09-26 14:15:00+05:30
145.74,145.89,145.47,145.47,1109.0,1758876600.0,2025-09-26 14:20:00+05:30
145.44,145.98,145.44,145.68,2561.0,1758876900.0,2025-09-26 14:25:00+05:30
145.7,146.07,145.64,145.83,4534.0,1758877200.0,2025-09-26 14:30:00+05:30
146.0,146.78,145.92,146.67,15276.0,1758877500.0,2025-09-26 14:35:00+05:30
146.53,147.73,146.52,147.39,11731.0,1758877800.0,2025-09-26 14:40:00+05:30
147.35,147.44,146.93,147.34,2622.0,1758878100.0,2025-09-26 14:45:00+05:30
147.25,147.27,146.53,146.91,4908.0,1758878400.0,2025-09-26 14:50:00+05:30
146.99,146.99,146.53,146.91,7677.0,1758878700.0,2025-09-26 14:55:00+05:30
146.94,147.25,146.8,146.8,13323.0,1758879000.0,2025-09-26 15:00:00+05:30
146.8,146.82,146.02,146.2,34112.0,1758879300.0,2025-09-26 15:05:00+05:30
146.34,146.39,146.06,146.15,5254.0,1758879600.0,2025-09-26 15:10:00+05:30
146.15,146.73,146.13,146.47,12929.0,1758879900.0,2025-09-26 15:15:00+05:30
146.57,146.82,146.02,146.3,21316.0,1758880200.0,2025-09-26 15:20:00+05:30
146.3,146.55,146.02,146.4,15443.0,1758880500.0,2025-09-26 15:25:00+05:30
156.5,156.5,147.84,148.55,139628.0,1759117500.0,2025-09-29 09:15:00+05:30
148.5,150.14,148.37,149.52,49079.0,1759117800.0,2025-09-29 09:20:00+05:30
149.52,149.68,148.5,149.23,20408.0,1759118100.0,2025-09-29 09:25:00+05:30
149.2,150.54,149.2,149.82,24943.0,1759118400.0,2025-09-29 09:30:00+05:30
149.89,150.31,149.21,149.35,36075.0,1759118700.0,2025-09-29 09:35:00+05:30
149.46,149.46,148.94,149.35,8536.0,1759119000.0,2025-09-29 09:40:00+05:30
149.35,149.85,149.18,149.85,5935.0,1759119300.0,2025-09-29 09:45:00+05:30
149.91,150.32,149.83,150.0,9542.0,1759119600.0,2025-09-29 09:50:00+05:30
150.1,150.15,149.36,149.36,13281.0,1759119900.0,2025-09-29 09:55:00+05:30
149.31,149.86,149.2,149.36,9934.0,1759120200.0,2025-09-29 10:00:00+05:30
149.34,149.34,148.7,148.76,8674.0,1759120500.0,2025-09-29 10:05:00+05:30
148.94,149.1,148.32,148.37,8114.0,1759120800.0,2025-09-29 10:10:00+05:30
148.32,148.58,148.06,148.48,10304.0,1759121100.0,2025-09-29 10:15:00+05:30
148.51,149.02,148.5,148.66,3825.0,1759121400.0,2025-09-29 10:20:00+05:30
148.65,148.97,148.31,148.31,7834.0,1759121700.0,2025-09-29 10:25:00+05:30
148.31,148.4,148.15,148.25,2276.0,1759122000.0,2025-09-29 10:30:00+05:30
148.27,148.27,147.45,147.95,29039.0,1759122300.0,2025-09-29 10:35:00+05:30
148.05,148.25,147.95,147.95,3245.0,1759122600.0,2025-09-29 10:40:00+05:30
147.9,147.91,147.7,147.75,5284.0,1759122900.0,2025-09-29 10:45:00+05:30
147.75,147.75,147.54,147.54,6685.0,1759123200.0,2025-09-29 10:50:00+05:30
147.51,147.95,147.51,147.78,5215.0,1759123500.0,2025-09-29 10:55:00+05:30
148.03,148.48,148.03,148.34,4698.0,1759123800.0,2025-09-29 11:00:00+05:30
148.27,148.42,147.84,147.84,8609.0,1759124100.0,2025-09-29 11:05:00+05:30
147.88,148.01,147.65,147.72,2338.0,1759124400.0,2025-09-29 11:10:00+05:30
147.69,147.93,147.62,147.62,791.0,1759124700.0,2025-09-29 11:15:00+05:30
147.62,148.19,147.01,147.12,29671.0,1759125000.0,2025-09-29 11:20:00+05:30
147.12,147.12,146.72,146.76,6940.0,1759125300.0,2025-09-29 11:25:00+05:30
146.87,146.87,146.0,146.1,13954.0,1759125600.0,2025-09-29 11:30:00+05:30
146.1,146.44,145.89,146.32,3093.0,1759125900.0,2025-09-29 11:35:00+05:30
146.32,146.57,146.02,146.16,1211.0,1759126200.0,2025-09-29 11:40:00+05:30
146.06,146.06,145.5,145.84,8228.0,1759126500.0,2025-09-29 11:45:00+05:30
145.77,146.2,145.12,145.16,20914.0,1759126800.0,2025-09-29 11:50:00+05:30
145.32,145.58,145.0,145.13,13796.0,1759127100.0,2025-09-29 11:55:00+05:30
145.15,145.21,144.77,145.09,7562.0,1759127400.0,2025-09-29 12:00:00+05:30
145.09,145.1,144.72,144.75,3088.0,1759127700.0,2025-09-29 12:05:00+05:30
145.1,145.73,144.65,145.44,15138.0,1759128000.0,2025-09-29 12:10:00+05:30
145.63,145.91,145.02,145.03,10383.0,1759128300.0,2025-09-29 12:15:00+05:30
145.03,145.27,145.03,145.09,997.0,1759128600.0,2025-09-29 12:20:00+05:30
145.09,145.27,145.09,145.27,989.0,1759128900.0,2025-09-29 12:25:00+05:30
145.25,145.25,144.27,144.73,8270.0,1759129200.0,2025-09-29 12:30:00+05:30
144.88,144.9,144.21,144.21,8651.0,1759129500.0,2025-09-29 12:35:00+05:30
144.38,144.75,144.21,144.63,3342.0,1759129800.0,2025-09-29 12:40:00+05:30
144.69,144.75,144.35,144.5,2764.0,1759130100.0,2025-09-29 12:45:00+05:30
144.35,144.54,144.1,144.32,5810.0,1759130400.0,2025-09-29 12:50:00+05:30
144.39,144.52,144.14,144.16,9929.0,1759130700.0,2025-09-29 12:55:00+05:30
144.0,144.92,143.7,144.52,10254.0,1759131000.0,2025-09-29 13:00:00+05:30
144.7,144.74,144.21,144.4,5813.0,1759131300.0,2025-09-29 13:05:00+05:30
144.44,145.39,144.44,145.21,4427.0,1759131600.0,2025-09-29 13:10:00+05:30
145.21,145.65,145.21,145.65,4288.0,1759131900.0,2025-09-29 13:15:00+05:30
145.53,145.76,145.41,145.5,1852.0,1759132200.0,2025-09-29 13:20:00+05:30
145.4,145.68,144.71,145.68,8850.0,1759132500.0,2025-09-29 13:25:00+05:30
145.68,146.55,145.33,145.4,6925.0,1759132800.0,2025-09-29 13:30:00+05:30
145.46,145.93,145.44,145.93,1976.0,1759133100.0,2025-09-29 13:35:00+05:30
145.53,145.94,145.45,145.58,7595.0,1759133400.0,2025-09-29 13:40:00+05:30
145.58,145.66,145.09,145.4,6849.0,1759133700.0,2025-09-29 13:45:00+05:30
145.19,145.38,145.14,145.38,791.0,1759134000.0,2025-09-29 13:50:00+05:30
145.37,145.55,145.16,145.47,2969.0,1759134300.0,2025-09-29 13:55:00+05:30
145.5,145.5,145.22,145.22,1933.0,1759134600.0,2025-09-29 14:00:00+05:30
145.22,145.25,145.05,145.13,3347.0,1759134900.0,2025-09-29 14:05:00+05:30
145.05,145.2,145.05,145.09,1281.0,1759135200.0,2025-09-29 14:10:00+05:30
145.14,145.15,144.32,144.4,14893.0,1759135500.0,2025-09-29 14:15:00+05:30
144.4,144.4,143.8,144.26,17249.0,1759135800.0,2025-09-29 14:20:00+05:30
144.26,144.43,143.98,144.4,5456.0,1759136100.0,2025-09-29 14:25:00+05:30
144.3,144.38,141.79,142.0,45151.0,1759136400.0,2025-09-29 14:30:00+05:30
142.03,143.35,142.03,142.5,79171.0,1759136700.0,2025-09-29 14:35:00+05:30
142.52,142.52,141.0,141.59,96896.0,1759137000.0,2025-09-29 14:40:00+05:30
141.34,142.4,141.3,141.63,84779.0,1759137300.0,2025-09-29 14:45:00+05:30
141.62,141.68,140.47,141.0,85450.0,1759137600.0,2025-09-29 14:50:00+05:30
141.19,143.74,141.04,142.34,84130.0,1759137900.0,2025-09-29 14:55:00+05:30
142.3,142.83,141.61,142.43,89973.0,1759138200.0,2025-09-29 15:00:00+05:30
142.43,144.0,142.07,142.27,107644.0,1759138500.0,2025-09-29 15:05:00+05:30
142.48,143.18,141.89,143.18,100662.0,1759138800.0,2025-09-29 15:10:00+05:30
143.08,145.97,143.08,144.0,171889.0,1759139100.0,2025-09-29 15:15:00+05:30
144.13,145.27,143.17,145.24,87789.0,1759139400.0,2025-09-29 15:20:00+05:30
145.24,146.3,143.71,144.2,32298.0,1759139700.0,2025-09-29 15:25:00+05:30
144.17,144.8,143.52,144.6,29578.0,1759203900.0,2025-09-30 09:15:00+05:30
144.51,144.75,144.0,144.29,11291.0,1759204200.0,2025-09-30 09:20:00+05:30
144.31,144.57,143.65,143.8,6548.0,1759204500.0,2025-09-30 09:25:00+05:30
143.84,145.24,143.76,145.15,18208.0,1759204800.0,2025-09-30 09:30:00+05:30
145.31,146.09,145.31,145.7,14306.0,1759205100.0,2025-09-30 09:35:00+05:30
145.67,145.67,144.84,145.06,9243.0,1759205400.0,2025-09-30 09:40:00+05:30
145.16,145.29,144.69,145.25,8818.0,1759205700.0,2025-09-30 09:45:00+05:30
145.42,145.88,145.34,145.85,8707.0,1759206000.0,2025-09-30 09:50:00+05:30
145.85,146.11,145.65,145.98,9368.0,1759206300.0,2025-09-30 09:55:00+05:30
145.81,146.09,145.71,145.72,3436.0,1759206600.0,2025-09-30 10:00:00+05:30
145.63,145.91,145.17,145.35,4821.0,1759206900.0,2025-09-30 10:05:00+05:30
145.27,145.39,144.36,144.36,5825.0,1759207200.0,2025-09-30 10:10:00+05:30
144.47,144.63,144.32,144.39,2549.0,1759207500.0,2025-09-30 10:15:00+05:30
144.31,144.58,144.18,144.52,1471.0,1759207800.0,2025-09-30 10:20:00+05:30
144.6,144.6,144.04,144.04,4448.0,1759208100.0,2025-09-30 10:25:00+05:30
144.05,144.18,144.0,144.05,1420.0,1759208400.0,2025-09-30 10:30:00+05:30
143.99,144.04,143.13,143.27,19817.0,1759208700.0,2025-09-30 10:35:00+05:30
143.26,143.62,143.18,143.53,1359.0,1759209000.0,2025-09-30 10:40:00+05:30
143.49,143.49,142.6,143.15,10959.0,1759209300.0,2025-09-30 10:45:00+05:30
143.3,143.39,142.86,143.39,1255.0,1759209600.0,2025-09-30 10:50:00+05:30
143.31,143.31,143.0,143.0,5420.0,1759209900.0,2025-09-30 10:55:00+05:30
143.12,143.28,143.02,143.2,1342.0,1759210200.0,2025-09-30 11:00:00+05:30
143.34,143.49,143.3,143.3,1200.0,1759210500.0,2025-09-30 11:05:00+05:30
143.44,143.51,143.3,143.51,2600.0,1759210800.0,2025-09-30 11:10:00+05:30
143.41,143.45,143.0,143.3,1925.0,1759211100.0,2025-09-30 11:15:00+05:30
143.14,143.26,143.11,143.15,215.0,1759211400.0,2025-09-30 11:20:00+05:30
143.15,143.28,143.14,143.28,528.0,1759211700.0,2025-09-30 11:25:00+05:30
143.35,143.35,143.06,143.06,829.0,1759212000.0,2025-09-30 11:30:00+05:30
143.0,143.1,142.95,142.95,4209.0,1759212300.0,2025-09-30 11:35:00+05:30
142.84,143.04,142.74,143.04,1766.0,1759212600.0,2025-09-30 11:40:00+05:30
143.06,143.19,142.96,143.19,698.0,1759212900.0,2025-09-30 11:45:00+05:30
143.05,143.05,142.71,142.85,3658.0,1759213200.0,2025-09-30 11:50:00+05:30
142.7,142.84,142.65,142.79,850.0,1759213500.0,2025-09-30 11:55:00+05:30
142.84,143.09,142.63,143.07,660.0,1759213800.0,2025-09-30 12:00:00+05:30
142.87,143.06,142.77,143.0,2403.0,1759214100.0,2025-09-30 12:05:00+05:30
143.0,143.0,142.77,142.77,316.0,1759214400.0,2025-09-30 12:10:00+05:30
142.77,143.14,142.6,143.01,1410.0,1759214700.0,2025-09-30 12:15:00+05:30
143.01,143.15,142.8,143.15,2100.0,1759215000.0,2025-09-30 12:20:00+05:30
142.91,143.2,142.91,143.13,1484.0,1759215300.0,2025-09-30 12:25:00+05:30
143.13,143.32,143.09,143.12,6518.0,1759215600.0,2025-09-30 12:30:00+05:30
143.27,143.35,143.27,143.35,228.0,1759215900.0,2025-09-30 12:35:00+05:30
143.26,143.51,143.26,143.51,3883.0,1759216200.0,2025-09-30 12:40:00+05:30
143.5,143.77,143.41,143.48,2205.0,1759216500.0,2025-09-30 12:45:00+05:30
143.49,143.69,143.4,143.4,1858.0,1759216800.0,2025-09-30 12:50:00+05:30
143.4,143.45,143.28,143.28,446.0,1759217100.0,2025-09-30 12:55:00+05:30
143.38,143.38,143.15,143.32,819.0,1759217400.0,2025-09-30 13:00:00+05:30
143.32,143.47,143.07,143.16,3283.0,1759217700.0,2025-09-30 13:05:00+05:30
143.17,143.24,143.1,143.16,644.0,1759218000.0,2025-09-30 13:10:00+05:30
143.23,143.31,143.0,143.15,1575.0,1759218300.0,2025-09-30 13:15:00+05:30
143.15,143.18,142.7,142.7,887.0,1759218600.0,2025-09-30 13:20:00+05:30
142.87,143.12,142.86,142.86,1370.0,1759218900.0,2025-09-30 13:25:00+05:30
143.02,143.02,142.7,142.81,3404.0,1759219200.0,2025-09-30 13:30:00+05:30
142.81,142.81,142.55,142.62,3508.0,1759219500.0,2025-09-30 13:35:00+05:30
142.7,142.7,142.35,142.52,1594.0,1759219800.0,2025-09-30 13:40:00+05:30
142.41,142.61,142.25,142.54,4175.0,1759220100.0,2025-09-30 13:45:00+05:30
142.5,142.71,142.41,142.49,1457.0,1759220400.0,2025-09-30 13:50:00+05:30
142.41,142.52,142.29,142.29,1200.0,1759220700.0,2025-09-30 13:55:00+05:30
142.36,142.36,142.2,142.34,1173.0,1759221000.0,2025-09-30 14:00:00+05:30
142.34,142.5,142.18,142.5,493.0,1759221300.0,2025-09-30 14:05:00+05:30
142.39,142.42,142.22,142.41,1443.0,1759221600.0,2025-09-30 14:10:00+05:30
142.41,142.47,142.2,142.35,1523.0,1759221900.0,2025-09-30 14:15:00+05:30
142.35,142.35,142.0,142.35,1860.0,1759222200.0,2025-09-30 14:20:00+05:30
142.35,142.55,142.32,142.55,1910.0,1759222500.0,2025-09-30 14:25:00+05:30
142.47,142.56,142.37,142.53,1832.0,1759222800.0,2025-09-30 14:30:00+05:30
142.45,142.67,142.4,142.67,396.0,1759223100.0,2025-09-30 14:35:00+05:30
142.67,142.9,142.6,142.8,8179.0,1759223400.0,2025-09-30 14:40:00+05:30
142.8,143.5,142.8,143.18,9913.0,1759223700.0,2025-09-30 14:45:00+05:30
143.39,143.39,143.12,143.2,486.0,1759224000.0,2025-09-30 14:50:00+05:30
143.16,143.45,143.16,143.44,5966.0,1759224300.0,2025-09-30 14:55:00+05:30
143.59,144.36,143.44,144.02,10365.0,1759224600.0,2025-09-30 15:00:00+05:30
144.02,144.1,143.61,143.61,4152.0,1759224900.0,2025-09-30 15:05:00+05:30
143.61,143.61,143.25,143.37,6094.0,1759225200.0,2025-09-30 15:10:00+05:30
143.25,143.48,143.02,143.21,7156.0,1759225500.0,2025-09-30 15:15:00+05:30
143.23,143.87,143.23,143.66,8449.0,1759225800.0,2025-09-30 15:20:00+05:30
143.7,143.92,143.25,143.25,10092.0,1759226100.0,2025-09-30 15:25:00+05:30
143.99,144.45,143.04,143.66,16151.0,1759290300.0,2025-10-01 09:15:00+05:30
143.7,144.11,143.7,144.11,14473.0,1759290600.0,2025-10-01 09:20:00+05:30
144.27,144.46,143.7,144.01,6877.0,1759290900.0,2025-10-01 09:25:00+05:30
144.2,144.57,144.0,144.28,4914.0,1759291200.0,2025-10-01 09:30:00+05:30
144.24,144.7,144.21,144.35,4625.0,1759291500.0,2025-10-01 09:35:00+05:30
144.52,144.77,144.41,144.53,7215.0,1759291800.0,2025-10-01 09:40:00+05:30
144.53,144.69,144.21,144.32,5100.0,1759292100.0,2025-10-01 09:45:00+05:30
144.32,144.32,143.78,143.98,4116.0,1759292400.0,2025-10-01 09:50:00+05:30
144.01,144.11,143.85,144.0,2725.0,1759292700.0,2025-10-01 09:55:00+05:30
143.97,144.15,143.77,143.8,3320.0,1759293000.0,2025-10-01 10:00:00+05:30
143.8,143.8,143.28,143.77,2053.0,1759293300.0,2025-10-01 10:05:00+05:30
143.77,144.27,143.77,144.27,1808.0,1759293600.0,2025-10-01 10:10:00+05:30
144.0,144.21,143.97,144.12,400.0,1759293900.0,2025-10-01 10:15:00+05:30
144.12,144.13,143.81,143.97,2458.0,1759294200.0,2025-10-01 10:20:00+05:30
144.02,144.02,143.91,143.91,647.0,1759294500.0,2025-10-01 10:25:00+05:30
143.93,144.26,143.84,143.84,4372.0,1759294800.0,2025-10-01 10:30:00+05:30
143.82,144.13,143.82,143.96,5284.0,1759295100.0,2025-10-01 10:35:00+05:30
143.96,144.14,143.86,143.86,360.0,1759295400.0,2025-10-01 10:40:00+05:30
143.85,144.1,143.85,144.06,1474.0,1759295700.0,2025-10-01 10:45:00+05:30
144.06,144.16,144.06,144.14,159.0,1759296000.0,2025-10-01 10:50:00+05:30
143.93,144.24,143.93,144.09,889.0,1759296300.0,2025-10-01 10:55:00+05:30
144.15,144.15,143.9,143.9,391.0,1759296600.0,2025-10-01 11:00:00+05:30
143.92,144.08,143.92,144.08,128.0,1759296900.0,2025-10-01 11:05:00+05:30
144.13,144.4,144.06,144.06,505.0,1759297200.0,2025-10-01 11:10:00+05:30
144.05,144.4,144.05,144.32,2463.0,1759297500.0,2025-10-01 11:15:00+05:30
144.32,144.32,144.0,144.08,337.0,1759297800.0,2025-10-01 11:20:00+05:30
144.08,144.29,144.03,144.13,1573.0,1759298100.0,2025-10-01 11:25:00+05:30
144.22,144.27,144.1,144.22,619.0,1759298400.0,2025-10-01 11:30:00+05:30
144.1,144.37,144.07,144.22,1577.0,1759298700.0,2025-10-01 11:35:00+05:30
144.22,144.22,144.0,144.15,587.0,1759299000.0,2025-10-01 11:40:00+05:30
144.22,144.45,144.22,144.35,1061.0,1759299300.0,2025-10-01 11:45:00+05:30
144.35,144.35,144.26,144.33,131.0,1759299600.0,2025-10-01 11:50:00+05:30
144.33,144.76,144.33,144.76,2837.0,1759299900.0,2025-10-01 11:55:00+05:30
144.76,145.09,144.76,144.91,6307.0,1759300200.0,2025-10-01 12:00:00+05:30
144.91,144.91,144.75,144.85,1437.0,1759300500.0,2025-10-01 12:05:00+05:30
145.0,145.09,144.71,144.78,1637.0,1759300800.0,2025-10-01 12:10:00+05:30
144.67,144.71,144.5,144.5,2247.0,1759301100.0,2025-10-01 12:15:00+05:30
144.44,144.44,144.08,144.12,6374.0,1759301400.0,2025-10-01 12:20:00+05:30
144.0,144.15,143.92,144.0,3620.0,1759301700.0,2025-10-01 12:25:00+05:30
144.14,144.15,144.03,144.05,1111.0,1759302000.0,2025-10-01 12:30:00+05:30
144.05,144.1,143.9,143.9,2005.0,1759302300.0,2025-10-01 12:35:00+05:30
143.9,144.02,143.86,144.02,739.0,1759302600.0,2025-10-01 12:40:00+05:30
144.02,144.29,143.85,144.17,4765.0,1759302900.0,2025-10-01 12:45:00+05:30
144.17,144.29,143.87,144.0,926.0,1759303200.0,2025-10-01 12:50:00+05:30
144.19,144.19,143.94,143.94,1416.0,1759303500.0,2025-10-01 12:55:00+05:30
143.94,143.94,143.94,143.94,2.0,1759303800.0,2025-10-01 13:00:00+05:30
143.94,144.2,143.94,144.2,415.0,1759304100.0,2025-10-01 13:05:00+05:30
144.19,144.21,144.0,144.21,436.0,1759304400.0,2025-10-01 13:10:00+05:30
144.22,144.24,144.09,144.24,333.0,1759304700.0,2025-10-01 13:15:00+05:30
144.5,144.5,144.05,144.21,5807.0,1759305000.0,2025-10-01 13:20:00+05:30
144.21,144.21,144.1,144.11,602.0,1759305300.0,2025-10-01 13:25:00+05:30
144.07,144.22,144.07,144.22,352.0,1759305600.0,2025-10-01 13:30:00+05:30
144.05,144.2,144.05,144.2,476.0,1759305900.0,2025-10-01 13:35:00+05:30
144.2,144.34,144.2,144.34,681.0,1759306200.0,2025-10-01 13:40:00+05:30
144.34,144.85,144.34,144.85,6211.0,1759306500.0,2025-10-01 13:45:00+05:30
144.98,144.99,144.6,144.64,990.0,1759306800.0,2025-10-01 13:50:00+05:30
144.64,144.94,144.64,144.92,639.0,1759307100.0,2025-10-01 13:55:00+05:30
144.94,145.14,144.94,145.14,1601.0,1759307400.0,2025-10-01 14:00:00+05:30
145.3,145.51,145.12,145.14,3925.0,1759307700.0,2025-10-01 14:05:00+05:30
145.31,145.48,145.31,145.4,1499.0,1759308000.0,2025-10-01 14:10:00+05:30
145.3,145.47,145.12,145.35,770.0,1759308300.0,2025-10-01 14:15:00+05:30
145.29,145.5,145.29,145.44,2090.0,1759308600.0,2025-10-01 14:20:00+05:30
145.34,145.45,145.21,145.21,1177.0,1759308900.0,2025-10-01 14:25:00+05:30
145.2,145.84,145.2,145.71,6914.0,1759309200.0,2025-10-01 14:30:00+05:30
145.87,146.0,145.6,145.69,4509.0,1759309500.0,2025-10-01 14:35:00+05:30
145.83,145.92,145.78,145.87,1286.0,1759309800.0,2025-10-01 14:40:00+05:30
145.92,146.02,145.71,145.97,3465.0,1759310100.0,2025-10-01 14:45:00+05:30
145.9,146.7,145.9,146.45,10650.0,1759310400.0,2025-10-01 14:50:00+05:30
146.52,146.86,145.77,146.47,23827.0,1759310700.0,2025-10-01 14:55:00+05:30
146.62,146.62,146.13,146.41,7751.0,1759311000.0,2025-10-01 15:00:00+05:30
146.25,146.3,145.63,145.63,3799.0,1759311300.0,2025-10-01 15:05:00+05:30
145.91,145.93,145.84,145.85,2837.0,1759311600.0,2025-10-01 15:10:00+05:30
145.91,146.47,145.91,146.4,4694.0,1759311900.0,2025-10-01 15:15:00+05:30
146.4,146.52,145.97,146.26,14706.0,1759312200.0,2025-10-01 15:20:00+05:30
146.43,146.45,145.75,145.75,6979.0,1759312500.0,2025-10-01 15:25:00+05:30
146.9,147.2,144.73,145.74,21340.0,1759463100.0,2025-10-03 09:15:00+05:30
145.62,146.08,145.31,145.6,11534.0,1759463400.0,2025-10-03 09:20:00+05:30
145.73,145.73,144.76,145.48,17006.0,1759463700.0,2025-10-03 09:25:00+05:30
145.5,145.65,145.05,145.05,1980.0,1759464000.0,2025-10-03 09:30:00+05:30
145.09,145.49,144.75,145.37,8695.0,1759464300.0,2025-10-03 09:35:00+05:30
145.52,145.91,145.52,145.8,3878.0,1759464600.0,2025-10-03 09:40:00+05:30
145.79,145.79,145.16,145.35,4689.0,1759464900.0,2025-10-03 09:45:00+05:30
145.35,146.0,145.35,145.8,2771.0,1759465200.0,2025-10-03 09:50:00+05:30
145.91,145.91,145.56,145.63,3820.0,1759465500.0,2025-10-03 09:55:00+05:30
145.6,145.77,145.51,145.51,1947.0,1759465800.0,2025-10-03 10:00:00+05:30
145.59,145.75,145.41,145.41,1731.0,1759466100.0,2025-10-03 10:05:00+05:30
145.35,145.47,145.14,145.39,5362.0,1759466400.0,2025-10-03 10:10:00+05:30
145.38,145.47,145.2,145.26,1273.0,1759466700.0,2025-10-03 10:15:00+05:30
145.31,145.44,145.04,145.16,2260.0,1759467000.0,2025-10-03 10:20:00+05:30
145.2,145.2,145.0,145.05,6118.0,1759467300.0,2025-10-03 10:25:00+05:30
145.06,145.21,145.06,145.19,2080.0,1759467600.0,2025-10-03 10:30:00+05:30
145.02,145.14,145.01,145.1,365.0,1759467900.0,2025-10-03 10:35:00+05:30
145.1,145.29,144.5,144.81,26467.0,1759468200.0,2025-10-03 10:40:00+05:30
144.8,144.8,144.5,144.59,3744.0,1759468500.0,2025-10-03 10:45:00+05:30
144.58,144.8,144.5,144.74,660.0,1759468800.0,2025-10-03 10:50:00+05:30
144.74,145.08,144.67,144.81,2455.0,1759469100.0,2025-10-03 10:55:00+05:30
144.65,144.8,144.62,144.8,3160.0,1759469400.0,2025-10-03 11:00:00+05:30
144.67,144.89,144.66,144.7,1598.0,1759469700.0,2025-10-03 11:05:00+05:30
144.58,144.88,144.41,144.88,2831.0,1759470000.0,2025-10-03 11:10:00+05:30
144.87,145.0,144.56,144.56,1777.0,1759470300.0,2025-10-03 11:15:00+05:30
144.68,144.68,144.5,144.52,1632.0,1759470600.0,2025-10-03 11:20:00+05:30
144.64,144.65,144.41,144.5,2814.0,1759470900.0,2025-10-03 11:25:00+05:30
144.5,144.67,144.47,144.49,946.0,1759471200.0,2025-10-03 11:30:00+05:30
144.48,144.5,144.25,144.32,1893.0,1759471500.0,2025-10-03 11:35:00+05:30
144.32,144.35,144.26,144.3,917.0,1759471800.0,2025-10-03 11:40:00+05:30
144.3,144.55,144.21,144.21,5609.0,1759472100.0,2025-10-03 11:45:00+05:30
144.21,144.38,144.21,144.38,427.0,1759472400.0,2025-10-03 11:50:00+05:30
144.39,144.39,144.22,144.3,1571.0,1759472700.0,2025-10-03 11:55:00+05:30
144.31,144.5,144.3,144.41,2985.0,1759473000.0,2025-10-03 12:00:00+05:30
144.41,144.66,144.4,144.42,2644.0,1759473300.0,2025-10-03 12:05:00+05:30
144.47,144.5,144.3,144.37,1861.0,1759473600.0,2025-10-03 12:10:00+05:30
144.37,144.41,144.13,144.17,8028.0,1759473900.0,2025-10-03 12:15:00+05:30
144.17,144.17,143.85,143.85,6140.0,1759474200.0,2025-10-03 12:20:00+05:30
143.84,144.04,143.83,143.98,705.0,1759474500.0,2025-10-03 12:25:00+05:30
143.98,144.0,143.6,143.78,7121.0,1759474800.0,2025-10-03 12:30:00+05:30
143.75,143.91,143.66,143.91,1042.0,1759475100.0,2025-10-03 12:35:00+05:30
143.91,143.97,143.88,143.88,123.0,1759475400.0,2025-10-03 12:40:00+05:30
143.88,144.12,143.88,144.12,593.0,1759475700.0,2025-10-03 12:45:00+05:30
144.12,144.2,144.01,144.12,931.0,1759476000.0,2025-10-03 12:50:00+05:30
144.12,144.19,143.94,143.94,1292.0,1759476300.0,2025-10-03 12:55:00+05:30
144.13,144.16,143.92,144.08,1345.0,1759476600.0,2025-10-03 13:00:00+05:30
143.84,144.1,143.84,143.95,3231.0,1759476900.0,2025-10-03 13:05:00+05:30
144.0,144.33,143.93,144.33,1903.0,1759477200.0,2025-10-03 13:10:00+05:30
144.1,144.28,144.1,144.28,898.0,1759477500.0,2025-10-03 13:15:00+05:30
144.3,144.4,144.19,144.35,836.0,1759477800.0,2025-10-03 13:20:00+05:30
144.35,144.35,144.02,144.02,889.0,1759478100.0,2025-10-03 13:25:00+05:30
144.17,144.35,144.17,144.35,82.0,1759478400.0,2025-10-03 13:30:00+05:30
144.36,144.4,144.0,144.13,2204.0,1759478700.0,2025-10-03 13:35:00+05:30
144.13,144.16,144.03,144.04,258.0,1759479000.0,2025-10-03 13:40:00+05:30
144.04,144.16,144.04,144.1,356.0,1759479300.0,2025-10-03 13:45:00+05:30
144.2,144.24,144.04,144.24,1465.0,1759479600.0,2025-10-03 13:50:00+05:30
144.23,144.32,144.13,144.32,1872.0,1759479900.0,2025-10-03 13:55:00+05:30
144.45,144.45,144.31,144.32,493.0,1759480200.0,2025-10-03 14:00:00+05:30
144.32,144.44,144.28,144.28,374.0,1759480500.0,2025-10-03 14:05:00+05:30
144.3,144.45,144.29,144.29,421.0,1759480800.0,2025-10-03 14:10:00+05:30
144.29,144.45,144.28,144.42,1558.0,1759481100.0,2025-10-03 14:15:00+05:30
144.42,144.45,144.25,144.38,2671.0,1759481400.0,2025-10-03 14:20:00+05:30
144.38,144.38,144.17,144.35,818.0,1759481700.0,2025-10-03 14:25:00+05:30
144.26,144.34,144.06,144.23,1937.0,1759482000.0,2025-10-03 14:30:00+05:30
144.23,144.43,144.21,144.29,1421.0,1759482300.0,2025-10-03 14:35:00+05:30
144.21,144.34,144.11,144.25,1810.0,1759482600.0,2025-10-03 14:40:00+05:30
144.32,144.41,144.15,144.4,1408.0,1759482900.0,2025-10-03 14:45:00+05:30
144.2,144.4,144.19,144.38,2307.0,1759483200.0,2025-10-03 14:50:00+05:30
144.2,144.36,144.15,144.36,3001.0,1759483500.0,2025-10-03 14:55:00+05:30
144.25,144.38,144.16,144.31,2536.0,1759483800.0,2025-10-03 15:00:00+05:30
144.68,144.93,144.56,144.86,10495.0,1759484100.0,2025-10-03 15:05:00+05:30
145.0,145.08,144.32,144.5,16876.0,1759484400.0,2025-10-03 15:10:00+05:30
144.5,144.76,144.5,144.6,10151.0,1759484700.0,2025-10-03 15:15:00+05:30
144.86,145.08,144.71,145.07,12439.0,1759485000.0,2025-10-03 15:20:00+05:30
145.0,145.08,143.6,143.6,53723.0,1759485300.0,2025-10-03 15:25:00+05:30
144.49,144.54,143.21,143.35,13982.0,1759722300.0,2025-10-06 09:15:00+05:30
143.25,144.0,143.25,143.25,12483.0,1759722600.0,2025-10-06 09:20:00+05:30
143.25,144.0,143.0,143.28,10230.0,1759722900.0,2025-10-06 09:25:00+05:30
143.36,143.4,142.38,142.8,26549.0,1759723200.0,2025-10-06 09:30:00+05:30
142.93,143.01,142.25,142.64,8537.0,1759723500.0,2025-10-06 09:35:00+05:30
142.62,142.7,142.07,142.13,11710.0,1759723800.0,2025-10-06 09:40:00+05:30
142.1,142.1,141.49,141.58,16982.0,1759724100.0,2025-10-06 09:45:00+05:30
141.68,141.8,141.25,141.42,6808.0,1759724400.0,2025-10-06 09:50:00+05:30
141.33,141.39,140.74,141.17,13273.0,1759724700.0,2025-10-06 09:55:00+05:30
141.13,141.26,140.78,141.0,17752.0,1759725000.0,2025-10-06 10:00:00+05:30
141.09,141.09,140.15,140.54,40959.0,1759725300.0,2025-10-06 10:05:00+05:30
140.5,140.8,140.4,140.59,5716.0,1759725600.0,2025-10-06 10:10:00+05:30
140.59,140.89,140.59,140.89,2738.0,1759725900.0,2025-10-06 10:15:00+05:30
140.9,141.0,140.7,140.7,5503.0,1759726200.0,2025-10-06 10:20:00+05:30
140.7,140.7,140.25,140.25,6506.0,1759726500.0,2025-10-06 10:25:00+05:30
140.31,140.31,139.3,139.8,40079.0,1759726800.0,2025-10-06 10:30:00+05:30
139.85,140.25,139.77,140.22,12969.0,1759727100.0,2025-10-06 10:35:00+05:30
140.19,140.23,139.93,139.95,4646.0,1759727400.0,2025-10-06 10:40:00+05:30
139.87,140.07,139.75,140.0,3531.0,1759727700.0,2025-10-06 10:45:00+05:30
140.0,140.01,139.76,139.76,2683.0,1759728000.0,2025-10-06 10:50:00+05:30
139.76,139.81,139.64,139.79,3814.0,1759728300.0,2025-10-06 10:55:00+05:30
139.88,140.0,139.69,139.87,5583.0,1759728600.0,2025-10-06 11:00:00+05:30
139.87,139.97,139.71,139.74,3495.0,1759728900.0,2025-10-06 11:05:00+05:30
139.74,139.82,139.6,139.67,2199.0,1759729200.0,2025-10-06 11:10:00+05:30
139.65,139.65,139.5,139.65,5946.0,1759729500.0,2025-10-06 11:15:00+05:30
139.64,139.65,139.38,139.65,4647.0,1759729800.0,2025-10-06 11:20:00+05:30
139.55,139.55,139.39,139.4,2295.0,1759730100.0,2025-10-06 11:25:00+05:30
139.49,139.5,139.35,139.35,7247.0,1759730400.0,2025-10-06 11:30:00+05:30
139.51,139.76,139.4,139.76,1818.0,1759730700.0,2025-10-06 11:35:00+05:30
139.76,139.87,139.66,139.66,5239.0,1759731000.0,2025-10-06 11:40:00+05:30
139.66,139.82,139.53,139.77,1177.0,1759731300.0,2025-10-06 11:45:00+05:30
139.77,139.93,139.67,139.88,2963.0,1759731600.0,2025-10-06 11:50:00+05:30
139.88,140.0,139.76,139.85,3941.0,1759731900.0,2025-10-06 11:55:00+05:30
139.85,139.97,139.85,139.97,171.0,1759732200.0,2025-10-06 12:00:00+05:30
140.0,140.0,139.86,139.93,1663.0,1759732500.0,2025-10-06 12:05:00+05:30
139.93,140.03,139.8,139.91,1979.0,1759732800.0,2025-10-06 12:10:00+05:30
139.91,139.96,139.83,139.86,1341.0,1759733100.0,2025-10-06 12:15:00+05:30
139.85,139.98,139.75,139.86,2066.0,1759733400.0,2025-10-06 12:20:00+05:30
139.86,139.99,139.73,139.93,1473.0,1759733700.0,2025-10-06 12:25:00+05:30
139.95,140.0,139.54,139.81,3681.0,1759734000.0,2025-10-06 12:30:00+05:30
139.58,139.72,139.51,139.69,2737.0,1759734300.0,2025-10-06 12:35:00+05:30
139.5,139.69,139.5,139.6,1820.0,1759734600.0,2025-10-06 12:40:00+05:30
139.65,139.81,139.65,139.81,1270.0,1759734900.0,2025-10-06 12:45:00+05:30
139.73,139.8,139.55,139.55,2988.0,1759735200.0,2025-10-06 12:50:00+05:30
139.6,139.69,139.51,139.52,1510.0,1759735500.0,2025-10-06 12:55:00+05:30
139.58,139.64,139.58,139.58,1195.0,1759735800.0,2025-10-06 13:00:00+05:30
139.58,139.75,139.55,139.6,2558.0,1759736100.0,2025-10-06 13:05:00+05:30
139.64,139.7,139.62,139.62,253.0,1759736400.0,2025-10-06 13:10:00+05:30
139.52,139.56,139.4,139.48,5589.0,1759736700.0,2025-10-06 13:15:00+05:30
139.33,139.33,138.81,139.02,23180.0,1759737000.0,2025-10-06 13:20:00+05:30
139.08,139.18,139.02,139.03,1511.0,1759737300.0,2025-10-06 13:25:00+05:30
139.0,139.0,138.81,138.81,4018.0,1759737600.0,2025-10-06 13:30:00+05:30
138.82,138.98,138.82,138.98,1480.0,1759737900.0,2025-10-06 13:35:00+05:30
139.0,139.0,138.7,138.98,4119.0,1759738200.0,2025-10-06 13:40:00+05:30
138.72,138.83,138.5,138.5,10092.0,1759738500.0,2025-10-06 13:45:00+05:30
138.53,138.76,138.5,138.6,7411.0,1759738800.0,2025-10-06 13:50:00+05:30
138.58,138.89,138.58,138.79,9199.0,1759739100.0,2025-10-06 13:55:00+05:30
138.79,138.81,138.6,138.6,1493.0,1759739400.0,2025-10-06 14:00:00+05:30
138.67,138.7,138.41,138.43,3442.0,1759739700.0,2025-10-06 14:05:00+05:30
138.49,138.6,138.43,138.6,532.0,1759740000.0,2025-10-06 14:10:00+05:30
138.6,138.73,138.44,138.73,3281.0,1759740300.0,2025-10-06 14:15:00+05:30
138.82,139.06,138.82,138.9,2350.0,1759740600.0,2025-10-06 14:20:00+05:30
138.93,139.04,138.8,138.87,1568.0,1759740900.0,2025-10-06 14:25:00+05:30
138.8,138.93,138.55,138.72,1861.0,1759741200.0,2025-10-06 14:30:00+05:30
138.58,138.89,138.5,138.87,3656.0,1759741500.0,2025-10-06 14:35:00+05:30
138.8,138.88,138.66,138.79,3199.0,1759741800.0,2025-10-06 14:40:00+05:30
138.86,138.86,138.79,138.84,582.0,1759742100.0,2025-10-06 14:45:00+05:30
138.84,138.94,138.75,138.75,2478.0,1759742400.0,2025-10-06 14:50:00+05:30
138.78,138.92,138.5,138.66,4262.0,1759742700.0,2025-10-06 14:55:00+05:30
138.66,138.86,138.66,138.8,2924.0,1759743000.0,2025-10-06 15:00:00+05:30
138.72,138.88,138.51,138.64,12112.0,1759743300.0,2025-10-06 15:05:00+05:30
138.62,138.69,138.46,138.47,12899.0,1759743600.0,2025-10-06 15:10:00+05:30
138.45,139.01,138.0,138.46,43681.0,1759743900.0,2025-10-06 15:15:00+05:30
138.46,138.64,138.26,138.37,12872.0,1759744200.0,2025-10-06 15:20:00+05:30
138.21,141.68,138.01,139.16,40897.0,1759744500.0,2025-10-06 15:25:00+05:30
139.31,140.02,138.05,139.09,17202.0,1759808700.0,2025-10-07 09:15:00+05:30
139.12,139.98,139.06,139.48,11083.0,1759809000.0,2025-10-07 09:20:00+05:30
139.58,140.0,139.13,139.8,5737.0,1759809300.0,2025-10-07 09:25:00+05:30
139.76,139.81,139.32,139.56,2901.0,1759809600.0,2025-10-07 09:30:00+05:30
139.59,139.63,139.1,139.53,8618.0,1759809900.0,2025-10-07 09:35:00+05:30
139.41,139.91,138.75,138.86,13794.0,1759810200.0,2025-10-07 09:40:00+05:30
138.76,138.9,138.57,138.8,3057.0,1759810500.0,2025-10-07 09:45:00+05:30
138.72,139.6,138.67,139.45,4630.0,1759810800.0,2025-10-07 09:50:00+05:30
139.58,139.73,138.91,138.97,8627.0,1759811100.0,2025-10-07 09:55:00+05:30
138.82,138.82,138.52,138.7,3496.0,1759811400.0,2025-10-07 10:00:00+05:30
138.82,138.97,138.63,138.76,6432.0,1759811700.0,2025-10-07 10:05:00+05:30
138.76,138.8,138.41,138.6,8799.0,1759812000.0,2025-10-07 10:10:00+05:30
138.91,139.09,138.78,138.99,3540.0,1759812300.0,2025-10-07 10:15:00+05:30
138.96,139.45,138.96,139.27,2170.0,1759812600.0,2025-10-07 10:20:00+05:30
139.46,139.62,139.17,139.17,5096.0,1759812900.0,2025-10-07 10:25:00+05:30
139.13,139.49,139.0,139.33,2866.0,1759813200.0,2025-10-07 10:30:00+05:30
139.33,139.33,139.05,139.21,834.0,1759813500.0,2025-10-07 10:35:00+05:30
139.18,139.18,138.94,138.96,2746.0,1759813800.0,2025-10-07 10:40:00+05:30
139.06,139.3,138.84,139.28,2150.0,1759814100.0,2025-10-07 10:45:00+05:30
139.02,139.39,139.02,139.33,2837.0,1759814400.0,2025-10-07 10:50:00+05:30
139.09,139.24,139.03,139.16,328.0,1759814700.0,2025-10-07 10:55:00+05:30
139.21,139.28,138.76,139.11,6007.0,1759815000.0,2025-10-07 11:00:00+05:30
139.11,139.11,139.11,139.11,147.0,1759815300.0,2025-10-07 11:05:00+05:30
139.02,139.11,139.02,139.02,226.0,1759815600.0,2025-10-07 11:10:00+05:30
139.08,139.24,138.86,138.86,1086.0,1759815900.0,2025-10-07 11:15:00+05:30
138.93,138.95,138.52,138.72,1807.0,1759816200.0,2025-10-07 11:20:00+05:30
138.53,138.7,138.53,138.7,880.0,1759816500.0,2025-10-07 11:25:00+05:30
138.7,138.92,138.41,138.41,3747.0,1759816800.0,2025-10-07 11:30:00+05:30
138.4,138.4,138.04,138.39,3675.0,1759817100.0,2025-10-07 11:35:00+05:30
138.41,138.41,138.16,138.32,2327.0,1759817400.0,2025-10-07 11:40:00+05:30
138.19,138.41,138.11,138.13,1484.0,1759817700.0,2025-10-07 11:45:00+05:30
138.25,138.25,138.18,138.18,553.0,1759818000.0,2025-10-07 11:50:00+05:30
138.15,138.29,138.0,138.17,17407.0,1759818300.0,2025-10-07 11:55:00+05:30
138.09,138.14,137.92,138.06,578.0,1759818600.0,2025-10-07 12:00:00+05:30
138.06,138.17,137.81,137.86,1047.0,1759818900.0,2025-10-07 12:05:00+05:30
137.86,137.94,137.16,137.58,8985.0,1759819200.0,2025-10-07 12:10:00+05:30
137.72,137.79,137.59,137.64,1020.0,1759819500.0,2025-10-07 12:15:00+05:30
137.75,137.9,137.59,137.72,4086.0,1759819800.0,2025-10-07 12:20:00+05:30
137.72,138.11,137.72,137.96,694.0,1759820100.0,2025-10-07 12:25:00+05:30
137.97,137.97,137.77,137.9,1869.0,1759820400.0,2025-10-07 12:30:00+05:30
137.9,138.0,137.77,137.9,2518.0,1759820700.0,2025-10-07 12:35:00+05:30
137.75,137.8,137.53,137.54,3208.0,1759821000.0,2025-10-07 12:40:00+05:30
137.68,137.9,137.63,137.87,1791.0,1759821300.0,2025-10-07 12:45:00+05:30
137.87,138.0,137.87,138.0,994.0,1759821600.0,2025-10-07 12:50:00+05:30
137.87,138.16,137.87,138.16,1194.0,1759821900.0,2025-10-07 12:55:00+05:30
138.16,138.17,138.15,138.15,138.0,1759822200.0,2025-10-07 13:00:00+05:30
138.15,138.2,137.97,138.03,2058.0,1759822500.0,2025-10-07 13:05:00+05:30
138.03,138.03,137.82,137.96,1240.0,1759822800.0,2025-10-07 13:10:00+05:30
137.95,137.96,137.62,137.83,3209.0,1759823100.0,2025-10-07 13:15:00+05:30
137.82,137.82,137.64,137.77,840.0,1759823400.0,2025-10-07 13:20:00+05:30
137.77,137.77,137.7,137.7,478.0,1759823700.0,2025-10-07 13:25:00+05:30
137.7,137.85,137.7,137.82,356.0,1759824000.0,2025-10-07 13:30:00+05:30
137.7,137.75,137.56,137.75,589.0,1759824300.0,2025-10-07 13:35:00+05:30
137.84,137.87,137.61,137.87,1212.0,1759824600.0,2025-10-07 13:40:00+05:30
137.66,137.82,137.54,137.54,2177.0,1759824900.0,2025-10-07 13:45:00+05:30
137.6,137.9,137.6,137.71,2054.0,1759825200.0,2025-10-07 13:50:00+05:30
137.87,137.96,137.72,137.93,1906.0,1759825500.0,2025-10-07 13:55:00+05:30
137.99,137.99,137.58,137.58,2016.0,1759825800.0,2025-10-07 14:00:00+05:30
137.57,137.72,137.55,137.55,1415.0,1759826100.0,2025-10-07 14:05:00+05:30
137.58,137.81,137.58,137.72,2683.0,1759826400.0,2025-10-07 14:10:00+05:30
137.72,137.73,137.56,137.57,1146.0,1759826700.0,2025-10-07 14:15:00+05:30
137.57,137.58,137.57,137.58,30.0,1759827000.0,2025-10-07 14:20:00+05:30
137.71,137.78,137.4,137.4,1918.0,1759827300.0,2025-10-07 14:25:00+05:30
137.4,137.59,137.4,137.58,112.0,1759827600.0,2025-10-07 14:30:00+05:30
137.59,137.84,137.36,137.83,1838.0,1759827900.0,2025-10-07 14:35:00+05:30
137.75,137.82,137.51,137.75,853.0,1759828200.0,2025-10-07 14:40:00+05:30
137.64,137.72,137.54,137.62,848.0,1759828500.0,2025-10-07 14:45:00+05:30
137.7,137.75,137.53,137.61,939.0,1759828800.0,2025-10-07 14:50:00+05:30
137.61,137.82,137.53,137.58,1759.0,1759829100.0,2025-10-07 14:55:00+05:30
137.58,137.69,137.5,137.68,1749.0,1759829400.0,2025-10-07 15:00:00+05:30
137.6,137.77,137.47,137.62,10926.0,1759829700.0,2025-10-07 15:05:00+05:30
137.63,137.63,137.1,137.28,7916.0,1759830000.0,2025-10-07 15:10:00+05:30
137.27,137.4,137.07,137.07,5583.0,1759830300.0,2025-10-07 15:15:00+05:30
137.24,137.45,137.0,137.41,7916.0,1759830600.0,2025-10-07 15:20:00+05:30
137.39,138.38,137.3,137.45,15707.0,1759830900.0,2025-10-07 15:25:00+05:30
137.5,138.0,137.07,137.91,16737.0,1759895100.0,2025-10-08 09:15:00+05:30
138.09,138.09,137.3,137.97,6990.0,1759895400.0,2025-10-08 09:20:00+05:30
137.93,137.93,136.37,137.76,30657.0,1759895700.0,2025-10-08 09:25:00+05:30
137.84,137.99,137.14,137.15,3044.0,1759896000.0,2025-10-08 09:30:00+05:30
137.13,137.72,137.13,137.42,5159.0,1759896300.0,2025-10-08 09:35:00+05:30
137.55,137.97,137.54,137.74,4895.0,1759896600.0,2025-10-08 09:40:00+05:30
137.75,137.81,137.52,137.52,4381.0,1759896900.0,2025-10-08 09:45:00+05:30
137.4,137.51,137.09,137.51,2209.0,1759897200.0,2025-10-08 09:50:00+05:30
137.56,138.0,137.5,137.99,9343.0,1759897500.0,2025-10-08 09:55:00+05:30
138.0,138.09,137.82,138.03,4823.0,1759897800.0,2025-10-08 10:00:00+05:30
138.02,138.27,137.7,137.7,9511.0,1759898100.0,2025-10-08 10:05:00+05:30
137.77,137.79,137.08,137.15,5570.0,1759898400.0,2025-10-08 10:10:00+05:30
137.13,137.2,136.72,136.8,11621.0,1759898700.0,2025-10-08 10:15:00+05:30
136.88,137.01,136.8,137.01,1284.0,1759899000.0,2025-10-08 10:20:00+05:30
137.0,137.38,137.0,137.19,563.0,1759899300.0,2025-10-08 10:25:00+05:30
137.13,137.24,137.0,137.23,1867.0,1759899600.0,2025-10-08 10:30:00+05:30
137.08,137.68,137.06,137.2,9608.0,1759899900.0,2025-10-08 10:35:00+05:30
137.23,137.23,137.12,137.12,1923.0,1759900200.0,2025-10-08 10:40:00+05:30
137.12,137.12,136.65,136.65,5717.0,1759900500.0,2025-10-08 10:45:00+05:30
136.77,136.77,136.55,136.55,964.0,1759900800.0,2025-10-08 10:50:00+05:30
136.5,136.55,136.3,136.3,4126.0,1759901100.0,2025-10-08 10:55:00+05:30
136.4,136.4,136.17,136.2,4924.0,1759901400.0,2025-10-08 11:00:00+05:30
136.15,136.16,135.85,136.0,8118.0,1759901700.0,2025-10-08 11:05:00+05:30
136.0,136.19,135.8,136.13,6166.0,1759902000.0,2025-10-08 11:10:00+05:30
136.13,136.13,135.93,136.06,582.0,1759902300.0,2025-10-08 11:15:00+05:30
136.06,136.14,136.06,136.14,502.0,1759902600.0,2025-10-08 11:20:00+05:30
136.14,136.23,136.03,136.17,2579.0,1759902900.0,2025-10-08 11:25:00+05:30
136.17,136.3,136.03,136.3,1541.0,1759903200.0,2025-10-08 11:30:00+05:30
136.3,136.3,135.84,136.02,3071.0,1759903500.0,2025-10-08 11:35:00+05:30
135.97,135.97,135.84,135.9,505.0,1759903800.0,2025-10-08 11:40:00+05:30
135.71,136.03,135.7,135.85,4309.0,1759904100.0,2025-10-08 11:45:00+05:30
136.01,136.03,135.65,135.84,9005.0,1759904400.0,2025-10-08 11:50:00+05:30
135.84,136.02,135.84,135.87,6964.0,1759904700.0,2025-10-08 11:55:00+05:30
135.84,136.03,135.7,135.7,1385.0,1759905000.0,2025-10-08 12:00:00+05:30
135.7,135.9,135.7,135.78,622.0,1759905300.0,2025-10-08 12:05:00+05:30
135.93,136.0,135.78,135.98,1068.0,1759905600.0,2025-10-08 12:10:00+05:30
135.83,135.98,135.83,135.85,564.0,1759905900.0,2025-10-08 12:15:00+05:30
135.8,135.95,135.2,135.36,17129.0,1759906200.0,2025-10-08 12:20:00+05:30
135.29,135.76,135.29,135.71,4490.0,1759906500.0,2025-10-08 12:25:00+05:30
135.52,135.65,135.38,135.65,2314.0,1759906800.0,2025-10-08 12:30:00+05:30
135.67,135.95,135.56,135.95,4872.0,1759907100.0,2025-10-08 12:35:00+05:30
136.01,136.01,135.78,135.83,3276.0,1759907400.0,2025-10-08 12:40:00+05:30
135.74,136.05,135.74,136.01,4379.0,1759907700.0,2025-10-08 12:45:00+05:30
136.11,136.2,135.99,136.2,1000.0,1759908000.0,2025-10-08 12:50:00+05:30
136.09,136.38,135.99,136.28,2562.0,1759908300.0,2025-10-08 12:55:00+05:30
136.38,136.48,135.99,135.99,7142.0,1759908600.0,2025-10-08 13:00:00+05:30
135.99,136.14,135.99,136.14,244.0,1759908900.0,2025-10-08 13:05:00+05:30
136.14,136.17,136.03,136.17,381.0,1759909200.0,2025-10-08 13:10:00+05:30
136.18,137.3,135.99,137.3,21504.0,1759909500.0,2025-10-08 13:15:00+05:30
137.2,137.32,136.98,137.05,1096.0,1759909800.0,2025-10-08 13:20:00+05:30
137.06,137.06,136.81,136.92,1099.0,1759910100.0,2025-10-08 13:25:00+05:30
136.82,136.92,136.81,136.83,271.0,1759910400.0,2025-10-08 13:30:00+05:30
136.95,137.08,136.9,136.9,1284.0,1759910700.0,2025-10-08 13:35:00+05:30
136.92,137.01,136.36,136.36,2382.0,1759911000.0,2025-10-08 13:40:00+05:30
136.62,136.83,136.53,136.83,4240.0,1759911300.0,2025-10-08 13:45:00+05:30
136.72,136.72,136.53,136.56,6093.0,1759911600.0,2025-10-08 13:50:00+05:30
136.55,136.77,136.5,136.77,4952.0,1759911900.0,2025-10-08 13:55:00+05:30
136.8,136.84,136.6,136.71,1136.0,1759912200.0,2025-10-08 14:00:00+05:30
136.71,136.71,136.46,136.55,436.0,1759912500.0,2025-10-08 14:05:00+05:30
136.46,136.65,136.45,136.65,9114.0,1759912800.0,2025-10-08 14:10:00+05:30
136.67,136.72,136.55,136.72,485.0,1759913100.0,2025-10-08 14:15:00+05:30
136.64,136.84,136.64,136.84,1330.0,1759913400.0,2025-10-08 14:20:00+05:30
136.9,136.9,136.57,136.72,816.0,1759913700.0,2025-10-08 14:25:00+05:30
136.57,136.72,136.47,136.57,1231.0,1759914000.0,2025-10-08 14:30:00+05:30
136.57,136.59,136.57,136.59,271.0,1759914300.0,2025-10-08 14:35:00+05:30
136.6,136.61,136.51,136.51,146.0,1759914600.0,2025-10-08 14:40:00+05:30
136.51,136.61,136.46,136.57,696.0,1759914900.0,2025-10-08 14:45:00+05:30
136.58,136.58,136.36,136.51,2967.0,1759915200.0,2025-10-08 14:50:00+05:30
136.38,136.42,136.3,136.31,2211.0,1759915500.0,2025-10-08 14:55:00+05:30
136.3,136.56,136.3,136.46,1889.0,1759915800.0,2025-10-08 15:00:00+05:30
136.4,136.81,136.35,136.46,3676.0,1759916100.0,2025-10-08 15:05:00+05:30
136.44,136.44,136.0,136.15,6273.0,1759916400.0,2025-10-08 15:10:00+05:30
136.09,136.1,135.99,135.99,8202.0,1759916700.0,2025-10-08 15:15:00+05:30
136.03,136.04,135.56,135.92,7905.0,1759917000.0,2025-10-08 15:20:00+05:30
135.92,135.98,135.6,135.96,6812.0,1759917300.0,2025-10-08 15:25:00+05:30
135.96,136.54,135.0,135.37,18822.0,1759981500.0,2025-10-09 09:15:00+05:30
135.56,136.34,135.56,135.94,8770.0,1759981800.0,2025-10-09 09:20:00+05:30
135.88,135.88,134.87,135.25,12930.0,1759982100.0,2025-10-09 09:25:00+05:30
135.43,135.52,135.25,135.34,1750.0,1759982400.0,2025-10-09 09:30:00+05:30
135.37,136.08,135.37,136.08,5289.0,1759982700.0,2025-10-09 09:35:00+05:30
135.97,136.15,135.2,135.21,6358.0,1759983000.0,2025-10-09 09:40:00+05:30
135.21,136.14,135.21,135.85,2520.0,1759983300.0,2025-10-09 09:45:00+05:30
135.85,135.96,135.51,135.77,3565.0,1759983600.0,2025-10-09 09:50:00+05:30
135.77,135.95,135.52,135.71,9666.0,1759983900.0,2025-10-09 09:55:00+05:30
135.56,135.65,135.37,135.49,2506.0,1759984200.0,2025-10-09 10:00:00+05:30
135.43,135.43,135.08,135.19,3757.0,1759984500.0,2025-10-09 10:05:00+05:30
135.17,135.2,134.81,135.19,4665.0,1759984800.0,2025-10-09 10:10:00+05:30
135.2,135.24,134.55,134.66,6489.0,1759985100.0,2025-10-09 10:15:00+05:30
134.65,134.92,134.52,134.86,4738.0,1759985400.0,2025-10-09 10:20:00+05:30
134.85,135.19,134.85,134.95,3992.0,1759985700.0,2025-10-09 10:25:00+05:30
134.97,135.1,134.83,135.04,1883.0,1759986000.0,2025-10-09 10:30:00+05:30
135.05,135.05,134.7,134.74,1747.0,1759986300.0,2025-10-09 10:35:00+05:30
134.74,134.85,134.54,134.54,1720.0,1759986600.0,2025-10-09 10:40:00+05:30
134.54,134.54,134.27,134.27,2769.0,1759986900.0,2025-10-09 10:45:00+05:30
134.44,134.55,134.34,134.39,1715.0,1759987200.0,2025-10-09 10:50:00+05:30
134.25,134.45,134.23,134.45,1284.0,1759987500.0,2025-10-09 10:55:00+05:30
134.4,134.44,133.61,133.61,6620.0,1759987800.0,2025-10-09 11:00:00+05:30
133.91,134.21,133.89,134.21,3025.0,1759988100.0,2025-10-09 11:05:00+05:30
134.25,134.25,133.99,134.14,3040.0,1759988400.0,2025-10-09 11:10:00+05:30
134.06,134.18,134.04,134.04,709.0,1759988700.0,2025-10-09 11:15:00+05:30
134.0,134.4,134.0,134.27,15509.0,1759989000.0,2025-10-09 11:20:00+05:30
134.38,134.38,134.17,134.17,531.0,1759989300.0,2025-10-09 11:25:00+05:30
134.17,134.45,134.17,134.45,4218.0,1759989600.0,2025-10-09 11:30:00+05:30
134.45,134.51,134.4,134.4,3296.0,1759989900.0,2025-10-09 11:35:00+05:30
134.33,134.45,134.21,134.45,4195.0,1759990200.0,2025-10-09 11:40:00+05:30
134.47,134.59,134.37,134.59,1017.0,1759990500.0,2025-10-09 11:45:00+05:30
134.59,134.62,134.33,134.54,946.0,1759990800.0,2025-10-09 11:50:00+05:30
134.41,134.5,134.3,134.3,381.0,1759991100.0,2025-10-09 11:55:00+05:30
134.41,134.45,134.03,134.09,2594.0,1759991400.0,2025-10-09 12:00:00+05:30
134.06,134.21,133.68,133.92,5457.0,1759991700.0,2025-10-09 12:05:00+05:30
134.0,134.16,133.9,134.16,892.0,1759992000.0,2025-10-09 12:10:00+05:30
134.22,134.24,134.1,134.15,988.0,1759992300.0,2025-10-09 12:15:00+05:30
134.25,134.34,134.16,134.3,906.0,1759992600.0,2025-10-09 12:20:00+05:30
134.3,134.3,134.0,134.12,2200.0,1759992900.0,2025-10-09 12:25:00+05:30
134.05,134.25,134.05,134.13,253.0,1759993200.0,2025-10-09 12:30:00+05:30
134.18,134.24,133.58,133.58,5340.0,1759993500.0,2025-10-09 12:35:00+05:30
133.8,134.04,133.8,134.0,1677.0,1759993800.0,2025-10-09 12:40:00+05:30
134.0,134.13,133.94,134.13,1385.0,1759994100.0,2025-10-09 12:45:00+05:30
134.16,134.25,134.1,134.1,1038.0,1759994400.0,2025-10-09 12:50:00+05:30
134.1,134.4,134.1,134.14,1939.0,1759994700.0,2025-10-09 12:55:00+05:30
134.1,134.38,134.1,134.26,670.0,1759995000.0,2025-10-09 13:00:00+05:30
134.38,134.63,134.38,134.63,1113.0,1759995300.0,2025-10-09 13:05:00+05:30
134.6,134.79,134.36,134.36,3366.0,1759995600.0,2025-10-09 13:10:00+05:30
134.36,134.59,134.36,134.49,1044.0,1759995900.0,2025-10-09 13:15:00+05:30
134.49,134.49,134.3,134.46,167.0,1759996200.0,2025-10-09 13:20:00+05:30
134.32,134.57,134.32,134.5,1179.0,1759996500.0,2025-10-09 13:25:00+05:30
134.46,134.55,134.4,134.43,2004.0,1759996800.0,2025-10-09 13:30:00+05:30
134.5,134.5,134.34,134.35,328.0,1759997100.0,2025-10-09 13:35:00+05:30
134.2,134.2,134.02,134.2,2786.0,1759997400.0,2025-10-09 13:40:00+05:30
134.27,134.37,134.27,134.28,1670.0,1759997700.0,2025-10-09 13:45:00+05:30
134.28,134.3,134.28,134.3,5.0,1759998000.0,2025-10-09 13:50:00+05:30
134.3,134.37,134.3,134.37,252.0,1759998300.0,2025-10-09 13:55:00+05:30
134.37,134.37,134.24,134.29,5073.0,1759998600.0,2025-10-09 14:00:00+05:30
134.4,134.4,134.27,134.27,590.0,1759998900.0,2025-10-09 14:05:00+05:30
134.27,134.57,134.27,134.5,4413.0,1759999200.0,2025-10-09 14:10:00+05:30
134.5,134.57,134.37,134.37,738.0,1759999500.0,2025-10-09 14:15:00+05:30
134.37,134.5,134.33,134.35,657.0,1759999800.0,2025-10-09 14:20:00+05:30
134.35,134.58,134.35,134.57,2065.0,1760000100.0,2025-10-09 14:25:00+05:30
134.6,134.98,134.6,134.7,4864.0,1760000400.0,2025-10-09 14:30:00+05:30
134.7,134.98,134.7,134.9,7699.0,1760000700.0,2025-10-09 14:35:00+05:30
134.88,134.89,134.8,134.8,2802.0,1760001000.0,2025-10-09 14:40:00+05:30
134.8,134.8,134.61,134.61,4572.0,1760001300.0,2025-10-09 14:45:00+05:30
134.61,134.78,134.61,134.78,1630.0,1760001600.0,2025-10-09 14:50:00+05:30
134.78,134.85,134.69,134.78,3772.0,1760001900.0,2025-10-09 14:55:00+05:30
134.78,134.78,134.5,134.7,7328.0,1760002200.0,2025-10-09 15:00:00+05:30
134.88,134.89,134.7,134.89,4986.0,1760002500.0,2025-10-09 15:05:00+05:30
134.88,134.9,134.83,134.83,2273.0,1760002800.0,2025-10-09 15:10:00+05:30
134.83,135.0,134.73,134.95,4288.0,1760003100.0,2025-10-09 15:15:00+05:30
134.95,135.36,134.89,135.19,11700.0,1760003400.0,2025-10-09 15:20:00+05:30
135.25,135.75,134.5,135.06,12029.0,1760003700.0,2025-10-09 15:25:00+05:30
135.25,135.84,134.3,135.43,10033.0,1760067900.0,2025-10-10 09:15:00+05:30
135.42,135.98,135.11,135.96,3544.0,1760068200.0,2025-10-10 09:20:00+05:30
135.97,135.97,135.34,135.57,3962.0,1760068500.0,2025-10-10 09:25:00+05:30
135.65,136.08,135.38,135.79,3754.0,1760068800.0,2025-10-10 09:30:00+05:30
135.85,136.0,135.26,135.87,8066.0,1760069100.0,2025-10-10 09:35:00+05:30
135.91,137.29,135.91,136.94,19060.0,1760069400.0,2025-10-10 09:40:00+05:30
136.77,137.5,136.14,136.14,18734.0,1760069700.0,2025-10-10 09:45:00+05:30
136.33,136.47,135.8,135.8,22757.0,1760070000.0,2025-10-10 09:50:00+05:30
135.96,136.93,135.82,136.88,16637.0,1760070300.0,2025-10-10 09:55:00+05:30
136.75,136.92,136.5,136.73,7924.0,1760070600.0,2025-10-10 10:00:00+05:30
136.47,136.52,136.14,136.3,3355.0,1760070900.0,2025-10-10 10:05:00+05:30
136.15,136.3,136.08,136.2,863.0,1760071200.0,2025-10-10 10:10:00+05:30
136.2,136.49,136.2,136.49,2219.0,1760071500.0,2025-10-10 10:15:00+05:30
136.33,136.57,136.33,136.57,2344.0,1760071800.0,2025-10-10 10:20:00+05:30
136.58,136.58,136.05,136.05,4073.0,1760072100.0,2025-10-10 10:25:00+05:30
136.05,136.53,136.05,136.53,1445.0,1760072400.0,2025-10-10 10:30:00+05:30
136.56,136.75,136.43,136.48,4910.0,1760072700.0,2025-10-10 10:35:00+05:30
136.55,136.88,136.15,136.49,6787.0,1760073000.0,2025-10-10 10:40:00+05:30
136.31,136.58,136.31,136.4,1509.0,1760073300.0,2025-10-10 10:45:00+05:30
136.47,136.47,136.12,136.12,1472.0,1760073600.0,2025-10-10 10:50:00+05:30
136.14,136.6,136.11,136.59,2571.0,1760073900.0,2025-10-10 10:55:00+05:30
136.58,136.76,136.42,136.66,1599.0,1760074200.0,2025-10-10 11:00:00+05:30
136.6,136.66,136.22,136.25,9745.0,1760074500.0,2025-10-10 11:05:00+05:30
136.23,136.4,136.2,136.28,1861.0,1760074800.0,2025-10-10 11:10:00+05:30
136.25,136.25,136.0,136.05,3144.0,1760075100.0,2025-10-10 11:15:00+05:30
136.04,136.29,136.0,136.09,7338.0,1760075400.0,2025-10-10 11:20:00+05:30
136.23,136.23,136.06,136.18,314.0,1760075700.0,2025-10-10 11:25:00+05:30
136.1,136.21,135.88,135.88,8023.0,1760076000.0,2025-10-10 11:30:00+05:30
135.86,136.0,135.77,136.0,918.0,1760076300.0,2025-10-10 11:35:00+05:30
135.84,136.01,135.79,136.0,161.0,1760076600.0,2025-10-10 11:40:00+05:30
136.0,136.03,135.84,135.84,279.0,1760076900.0,2025-10-10 11:45:00+05:30
135.99,135.99,135.72,135.94,696.0,1760077200.0,2025-10-10 11:50:00+05:30
135.72,135.95,135.72,135.93,680.0,1760077500.0,2025-10-10 11:55:00+05:30
135.96,135.98,135.75,135.93,464.0,1760077800.0,2025-10-10 12:00:00+05:30
135.71,135.9,135.63,135.65,1675.0,1760078100.0,2025-10-10 12:05:00+05:30
135.61,135.77,135.54,135.75,568.0,1760078400.0,2025-10-10 12:10:00+05:30
135.75,135.75,135.6,135.6,113.0,1760078700.0,2025-10-10 12:15:00+05:30
135.74,135.79,135.61,135.79,883.0,1760079000.0,2025-10-10 12:20:00+05:30
135.62,135.82,135.62,135.82,943.0,1760079300.0,2025-10-10 12:25:00+05:30
135.82,135.95,135.8,135.8,918.0,1760079600.0,2025-10-10 12:30:00+05:30
135.8,135.8,135.63,135.63,335.0,1760079900.0,2025-10-10 12:35:00+05:30
135.63,135.83,135.5,135.83,1710.0,1760080200.0,2025-10-10 12:40:00+05:30
135.83,135.88,135.62,135.88,3948.0,1760080500.0,2025-10-10 12:45:00+05:30
135.88,136.03,135.85,136.0,2011.0,1760080800.0,2025-10-10 12:50:00+05:30
135.98,136.33,135.98,135.99,2563.0,1760081100.0,2025-10-10 12:55:00+05:30
136.0,136.01,135.82,136.01,2368.0,1760081400.0,2025-10-10 13:00:00+05:30
135.84,136.02,135.8,136.02,551.0,1760081700.0,2025-10-10 13:05:00+05:30
135.87,136.14,135.87,135.96,2197.0,1760082000.0,2025-10-10 13:10:00+05:30
135.96,135.96,135.8,135.8,389.0,1760082300.0,2025-10-10 13:15:00+05:30
135.8,136.0,135.8,135.85,814.0,1760082600.0,2025-10-10 13:20:00+05:30
135.85,136.06,135.85,136.06,127.0,1760082900.0,2025-10-10 13:25:00+05:30
136.06,136.06,135.85,135.88,384.0,1760083200.0,2025-10-10 13:30:00+05:30
136.03,136.03,135.83,135.98,467.0,1760083500.0,2025-10-10 13:35:00+05:30
135.85,136.08,135.85,136.0,307.0,1760083800.0,2025-10-10 13:40:00+05:30
136.28,136.28,135.81,135.97,4338.0,1760084100.0,2025-10-10 13:45:00+05:30
135.97,136.19,135.9,135.9,420.0,1760084400.0,2025-10-10 13:50:00+05:30
135.9,136.0,135.85,135.85,5407.0,1760084700.0,2025-10-10 13:55:00+05:30
135.84,136.0,135.84,136.0,155.0,1760085000.0,2025-10-10 14:00:00+05:30
136.09,136.09,135.82,135.82,692.0,1760085300.0,2025-10-10 14:05:00+05:30
135.82,135.87,135.7,135.83,3631.0,1760085600.0,2025-10-10 14:10:00+05:30
135.84,135.84,135.63,135.63,779.0,1760085900.0,2025-10-10 14:15:00+05:30
135.83,135.83,135.64,135.66,623.0,1760086200.0,2025-10-10 14:20:00+05:30
135.8,135.95,135.7,135.7,2709.0,1760086500.0,2025-10-10 14:25:00+05:30
135.73,135.98,135.63,135.76,1241.0,1760086800.0,2025-10-10 14:30:00+05:30
135.76,135.88,135.76,135.76,80.0,1760087100.0,2025-10-10 14:35:00+05:30
135.76,136.0,135.76,135.99,2230.0,1760087400.0,2025-10-10 14:40:00+05:30
135.99,136.0,135.9,135.9,85.0,1760087700.0,2025-10-10 14:45:00+05:30
135.9,136.14,135.9,136.14,1050.0,1760088000.0,2025-10-10 14:50:00+05:30
136.3,136.3,136.13,136.22,1026.0,1760088300.0,2025-10-10 14:55:00+05:30
136.22,136.3,136.13,136.25,661.0,1760088600.0,2025-10-10 15:00:00+05:30
136.15,137.04,136.15,136.83,16547.0,1760088900.0,2025-10-10 15:05:00+05:30
136.79,136.84,136.36,136.4,7494.0,1760089200.0,2025-10-10 15:10:00+05:30
136.53,136.7,136.22,136.22,6653.0,1760089500.0,2025-10-10 15:15:00+05:30
136.37,136.5,136.35,136.4,6661.0,1760089800.0,2025-10-10 15:20:00+05:30
136.4,136.8,136.35,136.8,8383.0,1760090100.0,2025-10-10 15:25:00+05:30
136.46,136.46,134.96,135.46,14504.0,1760327100.0,2025-10-13 09:15:00+05:30
135.09,135.57,134.57,134.93,11731.0,1760327400.0,2025-10-13 09:20:00+05:30
134.78,135.09,134.42,134.82,4993.0,1760327700.0,2025-10-13 09:25:00+05:30
134.82,134.93,134.56,134.74,4807.0,1760328000.0,2025-10-13 09:30:00+05:30
134.76,134.76,134.1,134.48,12602.0,1760328300.0,2025-10-13 09:35:00+05:30
134.63,134.7,134.36,134.59,5129.0,1760328600.0,2025-10-13 09:40:00+05:30
134.54,134.7,134.4,134.7,3119.0,1760328900.0,2025-10-13 09:45:00+05:30
134.69,134.7,134.35,134.44,3201.0,1760329200.0,2025-10-13 09:50:00+05:30
134.44,134.5,134.25,134.5,4769.0,1760329500.0,2025-10-13 09:55:00+05:30
134.48,134.48,134.1,134.36,4605.0,1760329800.0,2025-10-13 10:00:00+05:30
134.38,134.39,134.05,134.26,1905.0,1760330100.0,2025-10-13 10:05:00+05:30
134.35,134.48,134.23,134.4,2375.0,1760330400.0,2025-10-13 10:10:00+05:30
134.49,134.49,134.2,134.35,2814.0,1760330700.0,2025-10-13 10:15:00+05:30
134.36,134.37,134.21,134.35,254.0,1760331000.0,2025-10-13 10:20:00+05:30
134.2,134.2,133.5,133.59,20148.0,1760331300.0,2025-10-13 10:25:00+05:30
133.73,133.87,133.64,133.74,498.0,1760331600.0,2025-10-13 10:30:00+05:30
133.87,133.88,133.69,133.74,826.0,1760331900.0,2025-10-13 10:35:00+05:30
133.74,134.03,133.74,133.86,1575.0,1760332200.0,2025-10-13 10:40:00+05:30
133.74,133.88,133.7,133.8,1551.0,1760332500.0,2025-10-13 10:45:00+05:30
133.84,133.87,133.7,133.83,555.0,1760332800.0,2025-10-13 10:50:00+05:30
133.83,133.84,133.5,133.51,5973.0,1760333100.0,2025-10-13 10:55:00+05:30
133.68,133.72,133.52,133.69,687.0,1760333400.0,2025-10-13 11:00:00+05:30
133.64,133.76,133.4,133.75,3981.0,1760333700.0,2025-10-13 11:05:00+05:30
133.6,133.88,133.6,133.8,3625.0,1760334000.0,2025-10-13 11:10:00+05:30
133.83,133.83,133.68,133.75,357.0,1760334300.0,2025-10-13 11:15:00+05:30
133.75,133.75,133.53,133.53,957.0,1760334600.0,2025-10-13 11:20:00+05:30
133.54,133.75,133.54,133.75,674.0,1760334900.0,2025-10-13 11:25:00+05:30
133.61,133.82,133.53,133.54,1824.0,1760335200.0,2025-10-13 11:30:00+05:30
133.54,133.68,133.24,133.25,4262.0,1760335500.0,2025-10-13 11:35:00+05:30
133.42,133.46,133.25,133.3,1323.0,1760335800.0,2025-10-13 11:40:00+05:30
133.3,133.68,133.3,133.5,1339.0,1760336100.0,2025-10-13 11:45:00+05:30
133.47,133.78,133.24,133.36,5215.0,1760336400.0,2025-10-13 11:50:00+05:30
133.0,133.41,133.0,133.38,10790.0,1760336700.0,2025-10-13 11:55:00+05:30
133.38,133.43,133.38,133.43,1181.0,1760337000.0,2025-10-13 12:00:00+05:30
133.3,133.31,133.07,133.09,2224.0,1760337300.0,2025-10-13 12:05:00+05:30
133.28,133.3,133.27,133.27,120.0,1760337600.0,2025-10-13 12:10:00+05:30
133.28,133.38,133.13,133.27,480.0,1760337900.0,2025-10-13 12:15:00+05:30
133.3,133.34,133.09,133.1,4879.0,1760338200.0,2025-10-13 12:20:00+05:30
133.03,133.16,133.0,133.03,5444.0,1760338500.0,2025-10-13 12:25:00+05:30
133.16,133.23,133.0,133.18,1079.0,1760338800.0,2025-10-13 12:30:00+05:30
133.19,133.21,133.01,133.03,3030.0,1760339100.0,2025-10-13 12:35:00+05:30
133.14,133.2,133.01,133.2,430.0,1760339400.0,2025-10-13 12:40:00+05:30
133.2,133.26,133.12,133.2,2233.0,1760339700.0,2025-10-13 12:45:00+05:30
133.15,133.3,133.12,133.3,2958.0,1760340000.0,2025-10-13 12:50:00+05:30
133.27,133.33,133.09,133.1,1304.0,1760340300.0,2025-10-13 12:55:00+05:30
133.11,133.27,133.1,133.1,5172.0,1760340600.0,2025-10-13 13:00:00+05:30
133.12,133.24,133.12,133.13,250.0,1760340900.0,2025-10-13 13:05:00+05:30
133.24,133.34,133.13,133.3,1698.0,1760341200.0,2025-10-13 13:10:00+05:30
133.3,133.44,133.2,133.35,2465.0,1760341500.0,2025-10-13 13:15:00+05:30
133.39,133.39,133.21,133.32,1785.0,1760341800.0,2025-10-13 13:20:00+05:30
133.36,133.39,133.21,133.33,360.0,1760342100.0,2025-10-13 13:25:00+05:30
133.33,133.43,133.25,133.43,1439.0,1760342400.0,2025-10-13 13:30:00+05:30
133.43,133.52,133.34,133.34,2770.0,1760342700.0,2025-10-13 13:35:00+05:30
133.37,133.47,133.22,133.22,1285.0,1760343000.0,2025-10-13 13:40:00+05:30
133.4,133.44,133.1,133.25,2979.0,1760343300.0,2025-10-13 13:45:00+05:30
133.25,133.35,133.16,133.16,312.0,1760343600.0,2025-10-13 13:50:00+05:30
133.18,133.34,133.18,133.24,457.0,1760343900.0,2025-10-13 13:55:00+05:30
133.34,133.36,133.15,133.15,1400.0,1760344200.0,2025-10-13 14:00:00+05:30
133.35,133.36,133.14,133.32,1059.0,1760344500.0,2025-10-13 14:05:00+05:30
133.3,133.38,133.3,133.3,2589.0,1760344800.0,2025-10-13 14:10:00+05:30
133.3,133.36,133.19,133.33,565.0,1760345100.0,2025-10-13 14:15:00+05:30
133.33,133.33,133.2,133.2,12.0,1760345400.0,2025-10-13 14:20:00+05:30
133.0,133.29,133.0,133.18,9129.0,1760345700.0,2025-10-13 14:25:00+05:30
133.18,133.18,132.95,133.0,6668.0,1760346000.0,2025-10-13 14:30:00+05:30
133.0,133.0,131.43,131.43,37520.0,1760346300.0,2025-10-13 14:35:00+05:30
131.73,132.41,131.25,132.36,9484.0,1760346600.0,2025-10-13 14:40:00+05:30
132.25,133.04,132.21,132.63,20279.0,1760346900.0,2025-10-13 14:45:00+05:30
132.63,133.05,132.62,133.04,6929.0,1760347200.0,2025-10-13 14:50:00+05:30
133.04,133.05,132.85,132.92,9068.0,1760347500.0,2025-10-13 14:55:00+05:30
132.89,132.94,132.61,132.89,4189.0,1760347800.0,2025-10-13 15:00:00+05:30
132.96,132.97,132.73,132.9,3195.0,1760348100.0,2025-10-13 15:05:00+05:30
132.98,132.98,132.8,132.95,2617.0,1760348400.0,2025-10-13 15:10:00+05:30
132.95,132.95,132.12,132.63,16511.0,1760348700.0,2025-10-13 15:15:00+05:30
132.55,132.83,132.26,132.74,10165.0,1760349000.0,2025-10-13 15:20:00+05:30
132.77,132.94,132.65,132.7,10208.0,1760349300.0,2025-10-13 15:25:00+05:30
132.66,132.66,131.81,132.4,13648.0,1760413500.0,2025-10-14 09:15:00+05:30
132.14,133.0,132.14,132.74,9037.0,1760413800.0,2025-10-14 09:20:00+05:30
132.74,133.56,132.74,133.27,8869.0,1760414100.0,2025-10-14 09:25:00+05:30
133.1,133.67,133.1,133.51,7035.0,1760414400.0,2025-10-14 09:30:00+05:30
133.5,133.64,132.99,133.16,2290.0,1760414700.0,2025-10-14 09:35:00+05:30
133.21,134.08,133.21,133.74,7434.0,1760415000.0,2025-10-14 09:40:00+05:30
133.78,133.78,133.33,133.51,1868.0,1760415300.0,2025-10-14 09:45:00+05:30
133.64,133.69,133.21,133.21,3056.0,1760415600.0,2025-10-14 09:50:00+05:30
133.16,133.43,133.16,133.25,379.0,1760415900.0,2025-10-14 09:55:00+05:30
133.13,133.13,132.81,132.97,3223.0,1760416200.0,2025-10-14 10:00:00+05:30
132.96,132.96,132.53,132.6,3375.0,1760416500.0,2025-10-14 10:05:00+05:30
132.68,133.0,132.52,133.0,2681.0,1760416800.0,2025-10-14 10:10:00+05:30
133.06,133.19,132.27,132.47,6007.0,1760417100.0,2025-10-14 10:15:00+05:30
132.5,132.62,132.21,132.52,4029.0,1760417400.0,2025-10-14 10:20:00+05:30
132.5,132.5,131.8,131.92,14348.0,1760417700.0,2025-10-14 10:25:00+05:30
132.02,132.07,131.26,131.41,14201.0,1760418000.0,2025-10-14 10:30:00+05:30
131.53,131.55,131.41,131.42,1748.0,1760418300.0,2025-10-14 10:35:00+05:30
131.41,131.66,131.41,131.5,2500.0,1760418600.0,2025-10-14 10:40:00+05:30
131.5,131.69,131.43,131.51,4903.0,1760418900.0,2025-10-14 10:45:00+05:30
131.61,131.61,131.3,131.37,4566.0,1760419200.0,2025-10-14 10:50:00+05:30
131.45,131.49,130.8,130.93,22757.0,1760419500.0,2025-10-14 10:55:00+05:30
131.03,131.13,130.65,130.96,8550.0,1760419800.0,2025-10-14 11:00:00+05:30
130.81,130.98,130.56,130.79,3555.0,1760420100.0,2025-10-14 11:05:00+05:30
130.79,130.96,130.52,130.96,2210.0,1760420400.0,2025-10-14 11:10:00+05:30
131.03,131.06,130.7,130.92,3903.0,1760420700.0,2025-10-14 11:15:00+05:30
130.95,131.04,130.91,131.0,1648.0,1760421000.0,2025-10-14 11:20:00+05:30
130.99,131.25,130.96,131.16,457.0,1760421300.0,2025-10-14 11:25:00+05:30
131.2,131.33,131.03,131.12,794.0,1760421600.0,2025-10-14 11:30:00+05:30
131.22,131.27,130.92,131.13,1061.0,1760421900.0,2025-10-14 11:35:00+05:30
131.14,131.19,130.75,130.99,3894.0,1760422200.0,2025-10-14 11:40:00+05:30
131.0,131.09,130.75,131.08,2024.0,1760422500.0,2025-10-14 11:45:00+05:30
131.08,131.08,130.57,130.89,8595.0,1760422800.0,2025-10-14 11:50:00+05:30
131.0,131.04,130.48,130.48,8018.0,1760423100.0,2025-10-14 11:55:00+05:30
130.42,130.97,130.42,130.97,1981.0,1760423400.0,2025-10-14 12:00:00+05:30
131.07,131.13,130.86,130.86,779.0,1760423700.0,2025-10-14 12:05:00+05:30
130.7,130.77,130.62,130.75,1313.0,1760424000.0,2025-10-14 12:10:00+05:30
130.76,130.86,130.58,130.74,1914.0,1760424300.0,2025-10-14 12:15:00+05:30
130.68,130.74,130.56,130.74,1025.0,1760424600.0,2025-10-14 12:20:00+05:30
130.68,130.7,130.5,130.68,1490.0,1760424900.0,2025-10-14 12:25:00+05:30
130.55,130.81,130.55,130.81,4628.0,1760425200.0,2025-10-14 12:30:00+05:30
130.65,130.91,130.57,130.69,5615.0,1760425500.0,2025-10-14 12:35:00+05:30
130.57,130.7,130.45,130.64,2267.0,1760425800.0,2025-10-14 12:40:00+05:30
130.64,130.72,129.61,129.94,43572.0,1760426100.0,2025-10-14 12:45:00+05:30
129.98,130.46,129.81,130.46,11458.0,1760426400.0,2025-10-14 12:50:00+05:30
130.3,130.65,130.08,130.3,6684.0,1760426700.0,2025-10-14 12:55:00+05:30
130.15,130.29,130.0,130.12,1147.0,1760427000.0,2025-10-14 13:00:00+05:30
130.12,130.27,130.09,130.26,1173.0,1760427300.0,2025-10-14 13:05:00+05:30
130.26,130.26,130.11,130.23,127.0,1760427600.0,2025-10-14 13:10:00+05:30
130.23,130.28,130.13,130.28,4263.0,1760427900.0,2025-10-14 13:15:00+05:30
130.28,130.28,130.18,130.28,472.0,1760428200.0,2025-10-14 13:20:00+05:30
130.13,130.28,130.09,130.28,4115.0,1760428500.0,2025-10-14 13:25:00+05:30
130.1,130.3,130.1,130.29,11814.0,1760428800.0,2025-10-14 13:30:00+05:30
130.29,130.5,130.29,130.46,3635.0,1760429100.0,2025-10-14 13:35:00+05:30
130.23,130.35,130.18,130.3,4400.0,1760429400.0,2025-10-14 13:40:00+05:30
130.3,130.33,130.15,130.15,1200.0,1760429700.0,2025-10-14 13:45:00+05:30
130.1,130.21,130.0,130.07,1493.0,1760430000.0,2025-10-14 13:50:00+05:30
130.07,130.21,130.0,130.0,4022.0,1760430300.0,2025-10-14 13:55:00+05:30
130.0,130.0,129.65,129.88,2440.0,1760430600.0,2025-10-14 14:00:00+05:30
129.7,130.11,129.7,129.85,3861.0,1760430900.0,2025-10-14 14:05:00+05:30
130.0,130.35,130.0,130.31,4482.0,1760431200.0,2025-10-14 14:10:00+05:30
130.32,130.36,130.19,130.33,3294.0,1760431500.0,2025-10-14 14:15:00+05:30
130.34,130.36,130.24,130.35,1149.0,1760431800.0,2025-10-14 14:20:00+05:30
130.35,130.91,130.35,130.86,9622.0,1760432100.0,2025-10-14 14:25:00+05:30
130.65,131.15,130.65,130.98,1375.0,1760432400.0,2025-10-14 14:30:00+05:30
130.89,131.0,130.79,130.95,4133.0,1760432700.0,2025-10-14 14:35:00+05:30
130.94,130.98,130.76,130.78,461.0,1760433000.0,2025-10-14 14:40:00+05:30
130.78,130.93,130.78,130.91,74.0,1760433300.0,2025-10-14 14:45:00+05:30
130.78,130.93,130.75,130.91,901.0,1760433600.0,2025-10-14 14:50:00+05:30
130.7,130.95,130.7,130.95,2905.0,1760433900.0,2025-10-14 14:55:00+05:30
130.98,131.0,130.74,130.78,2185.0,1760434200.0,2025-10-14 15:00:00+05:30
130.73,130.97,130.7,130.97,8615.0,1760434500.0,2025-10-14 15:05:00+05:30
130.84,130.84,130.68,130.78,1531.0,1760434800.0,2025-10-14 15:10:00+05:30
130.69,130.91,130.65,130.65,6677.0,1760435100.0,2025-10-14 15:15:00+05:30
130.65,131.0,130.65,130.8,11568.0,1760435400.0,2025-10-14 15:20:00+05:30
130.72,130.95,130.66,130.95,8269.0,1760435700.0,2025-10-14 15:25:00+05:30
130.25,132.36,130.12,131.89,28170.0,1760499900.0,2025-10-15 09:15:00+05:30
132.06,132.59,131.81,132.36,5079.0,1760500200.0,2025-10-15 09:20:00+05:30
132.3,132.79,131.8,131.91,12819.0,1760500500.0,2025-10-15 09:25:00+05:30
131.92,132.16,131.71,132.09,4126.0,1760500800.0,2025-10-15 09:30:00+05:30
131.95,132.1,131.64,132.02,4391.0,1760501100.0,2025-10-15 09:35:00+05:30
131.9,131.92,131.55,131.71,1116.0,1760501400.0,2025-10-15 09:40:00+05:30
131.76,131.76,131.0,131.18,8557.0,1760501700.0,2025-10-15 09:45:00+05:30
131.15,131.5,131.04,131.49,3511.0,1760502000.0,2025-10-15 09:50:00+05:30
131.34,131.5,131.34,131.5,227.0,1760502300.0,2025-10-15 09:55:00+05:30
131.5,131.65,131.44,131.64,441.0,1760502600.0,2025-10-15 10:00:00+05:30
131.64,131.64,131.44,131.44,960.0,1760502900.0,2025-10-15 10:05:00+05:30
131.44,131.65,131.44,131.6,362.0,1760503200.0,2025-10-15 10:10:00+05:30
131.53,131.75,131.5,131.5,2215.0,1760503500.0,2025-10-15 10:15:00+05:30
131.5,131.5,131.36,131.46,1354.0,1760503800.0,2025-10-15 10:20:00+05:30
131.46,131.72,131.46,131.65,1207.0,1760504100.0,2025-10-15 10:25:00+05:30
131.66,131.66,131.2,131.48,5269.0,1760504400.0,2025-10-15 10:30:00+05:30
131.49,131.73,131.49,131.52,1783.0,1760504700.0,2025-10-15 10:35:00+05:30
131.24,131.34,131.24,131.34,1303.0,1760505000.0,2025-10-15 10:40:00+05:30
131.2,131.31,131.15,131.29,2154.0,1760505300.0,2025-10-15 10:45:00+05:30
131.29,131.65,131.29,131.5,6510.0,1760505600.0,2025-10-15 10:50:00+05:30
131.32,131.57,131.32,131.57,1948.0,1760505900.0,2025-10-15 10:55:00+05:30
131.51,132.0,131.51,131.85,4148.0,1760506200.0,2025-10-15 11:00:00+05:30
131.85,131.89,131.58,131.58,2655.0,1760506500.0,2025-10-15 11:05:00+05:30
131.82,131.97,131.5,131.78,1303.0,1760506800.0,2025-10-15 11:10:00+05:30
131.78,131.78,131.76,131.76,19.0,1760507100.0,2025-10-15 11:15:00+05:30
131.76,132.0,131.51,132.0,1468.0,1760507400.0,2025-10-15 11:20:00+05:30
132.06,132.65,132.06,132.33,8657.0,1760507700.0,2025-10-15 11:25:00+05:30
132.25,132.25,131.91,132.06,1632.0,1760508000.0,2025-10-15 11:30:00+05:30
132.06,132.31,131.98,132.23,2955.0,1760508300.0,2025-10-15 11:35:00+05:30
132.3,132.3,132.1,132.29,544.0,1760508600.0,2025-10-15 11:40:00+05:30
132.29,132.29,132.16,132.16,334.0,1760508900.0,2025-10-15 11:45:00+05:30
132.16,132.25,132.12,132.12,476.0,1760509200.0,2025-10-15 11:50:00+05:30
132.25,132.25,132.24,132.24,14.0,1760509500.0,2025-10-15 11:55:00+05:30
132.24,132.29,132.1,132.29,617.0,1760509800.0,2025-10-15 12:00:00+05:30
132.29,132.29,132.12,132.12,257.0,1760510100.0,2025-10-15 12:05:00+05:30
132.12,132.35,132.0,132.35,2848.0,1760510400.0,2025-10-15 12:10:00+05:30
132.35,132.38,132.22,132.35,151.0,1760510700.0,2025-10-15 12:15:00+05:30
132.2,132.34,132.12,132.29,744.0,1760511000.0,2025-10-15 12:20:00+05:30
132.11,132.11,132.0,132.05,808.0,1760511300.0,2025-10-15 12:25:00+05:30
132.12,132.12,131.92,131.92,281.0,1760511600.0,2025-10-15 12:30:00+05:30
132.07,132.27,131.9,131.9,1404.0,1760511900.0,2025-10-15 12:35:00+05:30
132.07,132.14,131.92,132.01,1152.0,1760512200.0,2025-10-15 12:40:00+05:30
132.01,132.16,132.0,132.0,519.0,1760512500.0,2025-10-15 12:45:00+05:30
131.91,132.17,131.81,132.0,6806.0,1760512800.0,2025-10-15 12:50:00+05:30
132.0,132.0,131.31,131.52,9970.0,1760513100.0,2025-10-15 12:55:00+05:30
131.54,131.68,131.41,131.55,874.0,1760513400.0,2025-10-15 13:00:00+05:30
131.52,131.81,131.52,131.7,933.0,1760513700.0,2025-10-15 13:05:00+05:30
131.74,131.74,131.74,131.74,208.0,1760514000.0,2025-10-15 13:10:00+05:30
131.74,131.74,131.47,131.47,112.0,1760514300.0,2025-10-15 13:15:00+05:30
131.63,131.66,131.63,131.66,407.0,1760514600.0,2025-10-15 13:20:00+05:30
131.66,131.73,131.6,131.73,95.0,1760514900.0,2025-10-15 13:25:00+05:30
131.6,131.74,131.47,131.71,710.0,1760515200.0,2025-10-15 13:30:00+05:30
131.56,131.7,131.55,131.62,368.0,1760515500.0,2025-10-15 13:35:00+05:30
131.62,131.7,131.5,131.7,131.0,1760515800.0,2025-10-15 13:40:00+05:30
131.7,131.7,131.23,131.44,2106.0,1760516100.0,2025-10-15 13:45:00+05:30
131.44,131.57,131.44,131.48,813.0,1760516400.0,2025-10-15 13:50:00+05:30
131.65,131.67,131.38,131.67,469.0,1760516700.0,2025-10-15 13:55:00+05:30
131.64,131.65,131.4,131.54,232.0,1760517000.0,2025-10-15 14:00:00+05:30
131.33,131.41,131.21,131.21,281.0,1760517300.0,2025-10-15 14:05:00+05:30
131.21,131.63,131.15,131.56,1566.0,1760517600.0,2025-10-15 14:10:00+05:30
131.61,131.7,131.55,131.6,309.0,1760517900.0,2025-10-15 14:15:00+05:30
131.75,131.75,131.65,131.65,220.0,1760518200.0,2025-10-15 14:20:00+05:30
131.65,131.8,131.65,131.71,118.0,1760518500.0,2025-10-15 14:25:00+05:30
131.7,131.79,131.65,131.7,932.0,1760518800.0,2025-10-15 14:30:00+05:30
131.7,131.7,131.35,131.47,1937.0,1760519100.0,2025-10-15 14:35:00+05:30
131.42,131.52,131.42,131.48,571.0,1760519400.0,2025-10-15 14:40:00+05:30
131.41,131.56,131.41,131.44,269.0,1760519700.0,2025-10-15 14:45:00+05:30
131.44,131.88,131.43,131.88,3835.0,1760520000.0,2025-10-15 14:50:00+05:30
131.59,131.78,131.56,131.74,239.0,1760520300.0,2025-10-15 14:55:00+05:30
131.74,131.83,131.41,131.82,2888.0,1760520600.0,2025-10-15 15:00:00+05:30
131.87,132.19,131.78,132.01,3843.0,1760520900.0,2025-10-15 15:05:00+05:30
132.02,132.02,131.71,131.77,1461.0,1760521200.0,2025-10-15 15:10:00+05:30
131.8,132.61,131.77,132.33,9620.0,1760521500.0,2025-10-15 15:15:00+05:30
132.32,132.86,132.27,132.8,3611.0,1760521800.0,2025-10-15 15:20:00+05:30
132.86,132.99,132.35,132.35,5895.0,1760522100.0,2025-10-15 15:25:00+05:30
132.37,133.32,131.8,133.25,8573.0,1760586300.0,2025-10-16 09:15:00+05:30
133.25,133.39,132.96,133.03,3990.0,1760586600.0,2025-10-16 09:20:00+05:30
133.0,133.5,132.99,133.47,2573.0,1760586900.0,2025-10-16 09:25:00+05:30
133.47,133.69,133.21,133.6,5357.0,1760587200.0,2025-10-16 09:30:00+05:30
133.59,133.8,133.32,133.63,7032.0,1760587500.0,2025-10-16 09:35:00+05:30
133.63,133.71,133.28,133.54,6622.0,1760587800.0,2025-10-16 09:40:00+05:30
133.54,133.8,133.31,133.79,1701.0,1760588100.0,2025-10-16 09:45:00+05:30
133.79,134.64,133.67,134.62,10085.0,1760588400.0,2025-10-16 09:50:00+05:30
134.63,134.7,134.18,134.37,7616.0,1760588700.0,2025-10-16 09:55:00+05:30
134.36,134.6,134.25,134.33,3039.0,1760589000.0,2025-10-16 10:00:00+05:30
134.43,134.49,134.0,134.0,1478.0,1760589300.0,2025-10-16 10:05:00+05:30
134.15,134.29,133.92,134.04,4232.0,1760589600.0,2025-10-16 10:10:00+05:30
134.0,134.0,133.65,133.67,3170.0,1760589900.0,2025-10-16 10:15:00+05:30
133.67,133.87,133.67,133.8,2349.0,1760590200.0,2025-10-16 10:20:00+05:30
133.8,134.0,133.8,133.84,1076.0,1760590500.0,2025-10-16 10:25:00+05:30
133.95,133.96,133.8,133.8,1526.0,1760590800.0,2025-10-16 10:30:00+05:30
133.9,133.9,133.56,133.72,6332.0,1760591100.0,2025-10-16 10:35:00+05:30
133.9,133.9,133.59,133.8,1454.0,1760591400.0,2025-10-16 10:40:00+05:30
133.75,134.06,133.75,134.06,11885.0,1760591700.0,2025-10-16 10:45:00+05:30
134.06,134.51,134.06,134.49,22595.0,1760592000.0,2025-10-16 10:50:00+05:30
134.49,134.53,134.25,134.4,861.0,1760592300.0,2025-10-16 10:55:00+05:30
134.4,134.4,134.13,134.13,472.0,1760592600.0,2025-10-16 11:00:00+05:30
134.1,134.31,133.91,133.91,2480.0,1760592900.0,2025-10-16 11:05:00+05:30
133.91,133.95,133.69,133.72,3967.0,1760593200.0,2025-10-16 11:10:00+05:30
133.72,134.0,133.72,134.0,4222.0,1760593500.0,2025-10-16 11:15:00+05:30
134.0,134.0,133.85,133.85,3036.0,1760593800.0,2025-10-16 11:20:00+05:30
133.85,133.85,133.68,133.84,421.0,1760594100.0,2025-10-16 11:25:00+05:30
133.94,133.99,133.94,133.99,222.0,1760594400.0,2025-10-16 11:30:00+05:30
133.98,134.01,133.84,134.01,1610.0,1760594700.0,2025-10-16 11:35:00+05:30
134.03,134.06,134.0,134.06,36.0,1760595000.0,2025-10-16 11:40:00+05:30
133.96,134.16,133.88,134.16,1471.0,1760595300.0,2025-10-16 11:45:00+05:30
134.16,134.56,134.01,134.23,3106.0,1760595600.0,2025-10-16 11:50:00+05:30
134.23,134.3,134.08,134.27,906.0,1760595900.0,2025-10-16 11:55:00+05:30
134.27,134.38,133.83,134.2,4245.0,1760596200.0,2025-10-16 12:00:00+05:30
134.2,134.25,134.01,134.01,4148.0,1760596500.0,2025-10-16 12:05:00+05:30
134.0,134.19,133.96,134.19,83.0,1760596800.0,2025-10-16 12:10:00+05:30
134.19,134.24,134.01,134.09,1408.0,1760597100.0,2025-10-16 12:15:00+05:30
134.09,134.09,133.86,133.99,1273.0,1760597400.0,2025-10-16 12:20:00+05:30
134.07,134.18,133.96,133.96,350.0,1760597700.0,2025-10-16 12:25:00+05:30
134.12,134.16,134.0,134.13,370.0,1760598000.0,2025-10-16 12:30:00+05:30
134.16,134.16,133.78,133.78,5903.0,1760598300.0,2025-10-16 12:35:00+05:30
133.78,133.94,133.75,133.81,1720.0,1760598600.0,2025-10-16 12:40:00+05:30
134.01,134.01,133.7,133.7,934.0,1760598900.0,2025-10-16 12:45:00+05:30
133.7,133.72,133.51,133.7,682.0,1760599200.0,2025-10-16 12:50:00+05:30
133.7,133.7,133.53,133.65,701.0,1760599500.0,2025-10-16 12:55:00+05:30
133.65,133.65,133.51,133.51,1422.0,1760599800.0,2025-10-16 13:00:00+05:30
133.65,133.65,133.5,133.52,2823.0,1760600100.0,2025-10-16 13:05:00+05:30
133.52,133.72,133.5,133.71,832.0,1760600400.0,2025-10-16 13:10:00+05:30
133.71,133.71,133.51,133.51,205.0,1760600700.0,2025-10-16 13:15:00+05:30
133.67,133.68,133.52,133.68,223.0,1760601000.0,2025-10-16 13:20:00+05:30
133.68,133.68,133.52,133.52,20.0,1760601300.0,2025-10-16 13:25:00+05:30
133.66,133.66,133.61,133.61,1137.0,1760601600.0,2025-10-16 13:30:00+05:30
133.61,134.0,133.6,133.6,6027.0,1760601900.0,2025-10-16 13:35:00+05:30
133.62,133.81,133.62,133.81,42.0,1760602200.0,2025-10-16 13:40:00+05:30
133.81,133.81,133.62,133.62,369.0,1760602500.0,2025-10-16 13:45:00+05:30
133.63,134.19,133.62,134.03,6949.0,1760602800.0,2025-10-16 13:50:00+05:30
134.0,134.19,134.0,134.0,736.0,1760603100.0,2025-10-16 13:55:00+05:30
134.18,134.18,133.76,134.03,2970.0,1760603400.0,2025-10-16 14:00:00+05:30
134.2,135.0,134.04,134.48,14508.0,1760603700.0,2025-10-16 14:05:00+05:30
134.65,134.85,134.44,134.79,1766.0,1760604000.0,2025-10-16 14:10:00+05:30
134.79,134.79,134.6,134.66,1239.0,1760604300.0,2025-10-16 14:15:00+05:30
134.74,134.9,134.62,134.76,2251.0,1760604600.0,2025-10-16 14:20:00+05:30
134.87,134.9,134.61,134.9,1017.0,1760604900.0,2025-10-16 14:25:00+05:30
134.71,134.8,134.63,134.64,967.0,1760605200.0,2025-10-16 14:30:00+05:30
134.64,134.86,134.61,134.79,2686.0,1760605500.0,2025-10-16 14:35:00+05:30
134.79,135.99,134.79,135.74,26531.0,1760605800.0,2025-10-16 14:40:00+05:30
135.65,135.72,135.04,135.35,4632.0,1760606100.0,2025-10-16 14:45:00+05:30
135.21,136.0,135.21,135.58,20083.0,1760606400.0,2025-10-16 14:50:00+05:30
135.58,135.78,135.51,135.54,2250.0,1760606700.0,2025-10-16 14:55:00+05:30
135.54,135.69,135.2,135.21,5174.0,1760607000.0,2025-10-16 15:00:00+05:30
135.19,135.42,135.13,135.17,2696.0,1760607300.0,2025-10-16 15:05:00+05:30
135.2,135.35,135.09,135.09,5108.0,1760607600.0,2025-10-16 15:10:00+05:30
135.16,135.16,134.55,134.84,8804.0,1760607900.0,2025-10-16 15:15:00+05:30
134.8,134.97,134.65,134.89,5534.0,1760608200.0,2025-10-16 15:20:00+05:30
134.7,134.89,134.6,134.77,6201.0,1760608500.0,2025-10-16 15:25:00+05:30
134.8,134.8,133.59,133.82,3854.0,1760672700.0,2025-10-17 09:15:00+05:30
133.88,134.88,133.59,134.43,10377.0,1760673000.0,2025-10-17 09:20:00+05:30
134.35,134.85,134.28,134.46,3919.0,1760673300.0,2025-10-17 09:25:00+05:30
134.46,135.0,134.42,134.85,2444.0,1760673600.0,2025-10-17 09:30:00+05:30
135.0,135.95,134.85,135.95,5604.0,1760673900.0,2025-10-17 09:35:00+05:30
135.95,141.0,135.95,139.13,202054.0,1760674200.0,2025-10-17 09:40:00+05:30
139.06,140.49,138.5,139.89,73753.0,1760674500.0,2025-10-17 09:45:00+05:30
139.74,140.06,139.11,139.49,25981.0,1760674800.0,2025-10-17 09:50:00+05:30
139.5,139.65,138.4,138.4,35840.0,1760675100.0,2025-10-17 09:55:00+05:30
138.39,139.34,138.39,138.85,26471.0,1760675400.0,2025-10-17 10:00:00+05:30
138.5,139.19,138.48,138.7,23590.0,1760675700.0,2025-10-17 10:05:00+05:30
138.87,139.1,138.63,139.1,6567.0,1760676000.0,2025-10-17 10:10:00+05:30
138.97,140.0,138.81,139.99,14641.0,1760676300.0,2025-10-17 10:15:00+05:30
139.73,141.0,139.5,139.73,44863.0,1760676600.0,2025-10-17 10:20:00+05:30
139.73,140.0,139.5,139.5,10119.0,1760676900.0,2025-10-17 10:25:00+05:30
139.59,139.92,139.26,139.56,8640.0,1760677200.0,2025-10-17 10:30:00+05:30
139.6,139.61,139.27,139.52,11925.0,1760677500.0,2025-10-17 10:35:00+05:30
139.56,139.69,138.75,138.9,26723.0,1760677800.0,2025-10-17 10:40:00+05:30
138.91,138.91,138.61,138.63,3291.0,1760678100.0,2025-10-17 10:45:00+05:30
138.65,138.79,138.15,138.58,21008.0,1760678400.0,2025-10-17 10:50:00+05:30
138.6,139.38,138.6,139.29,16602.0,1760678700.0,2025-10-17 10:55:00+05:30
139.26,139.26,138.92,139.25,6409.0,1760679000.0,2025-10-17 11:00:00+05:30
139.25,139.25,138.91,139.02,3367.0,1760679300.0,2025-10-17 11:05:00+05:30
139.15,139.45,139.05,139.05,3180.0,1760679600.0,2025-10-17 11:10:00+05:30
139.1,139.2,138.79,138.79,12969.0,1760679900.0,2025-10-17 11:15:00+05:30
138.51,138.52,138.25,138.52,6980.0,1760680200.0,2025-10-17 11:20:00+05:30
138.5,139.2,138.45,138.86,5053.0,1760680500.0,2025-10-17 11:25:00+05:30
139.02,139.25,138.89,139.15,5255.0,1760680800.0,2025-10-17 11:30:00+05:30
139.16,139.16,139.02,139.02,1827.0,1760681100.0,2025-10-17 11:35:00+05:30
139.14,139.14,138.71,138.81,6950.0,1760681400.0,2025-10-17 11:40:00+05:30
138.77,138.9,138.55,138.77,2150.0,1760681700.0,2025-10-17 11:45:00+05:30
138.93,139.44,138.73,139.2,5687.0,1760682000.0,2025-10-17 11:50:00+05:30
139.37,139.4,139.09,139.17,1412.0,1760682300.0,2025-10-17 11:55:00+05:30
139.17,139.19,138.93,138.93,2729.0,1760682600.0,2025-10-17 12:00:00+05:30
138.93,139.8,138.85,139.8,7872.0,1760682900.0,2025-10-17 12:05:00+05:30
139.4,139.54,139.03,139.06,11463.0,1760683200.0,2025-10-17 12:10:00+05:30
139.27,139.3,138.91,139.3,13114.0,1760683500.0,2025-10-17 12:15:00+05:30
139.09,139.23,139.0,139.13,4658.0,1760683800.0,2025-10-17 12:20:00+05:30
139.13,139.4,139.13,139.4,1517.0,1760684100.0,2025-10-17 12:25:00+05:30
139.08,139.4,139.08,139.31,2112.0,1760684400.0,2025-10-17 12:30:00+05:30
139.3,139.5,139.29,139.45,1288.0,1760684700.0,2025-10-17 12:35:00+05:30
139.44,140.3,139.44,139.81,16139.0,1760685000.0,2025-10-17 12:40:00+05:30
140.07,140.07,139.46,139.6,2724.0,1760685300.0,2025-10-17 12:45:00+05:30
139.44,139.44,138.99,139.26,5972.0,1760685600.0,2025-10-17 12:50:00+05:30
139.26,139.37,139.02,139.37,3612.0,1760685900.0,2025-10-17 12:55:00+05:30
139.27,139.74,139.17,139.34,4180.0,1760686200.0,2025-10-17 13:00:00+05:30
139.34,139.34,139.02,139.19,6604.0,1760686500.0,2025-10-17 13:05:00+05:30
139.2,139.2,138.69,138.76,12589.0,1760686800.0,2025-10-17 13:10:00+05:30
138.7,139.09,138.7,138.83,2457.0,1760687100.0,2025-10-17 13:15:00+05:30
138.83,139.04,138.7,138.7,2748.0,1760687400.0,2025-10-17 13:20:00+05:30
138.74,139.09,138.74,138.85,3169.0,1760687700.0,2025-10-17 13:25:00+05:30
139.15,139.15,138.5,138.5,12738.0,1760688000.0,2025-10-17 13:30:00+05:30
138.45,138.63,138.06,138.11,7205.0,1760688300.0,2025-10-17 13:35:00+05:30
138.14,138.54,138.0,138.27,4440.0,1760688600.0,2025-10-17 13:40:00+05:30
138.27,138.5,138.23,138.46,444.0,1760688900.0,2025-10-17 13:45:00+05:30
138.46,138.46,138.2,138.43,2311.0,1760689200.0,2025-10-17 13:50:00+05:30
138.29,138.84,138.24,138.84,1890.0,1760689500.0,2025-10-17 13:55:00+05:30
138.67,139.0,138.28,138.28,3357.0,1760689800.0,2025-10-17 14:00:00+05:30
138.31,138.31,137.75,138.07,9629.0,1760690100.0,2025-10-17 14:05:00+05:30
138.07,138.45,138.07,138.31,1953.0,1760690400.0,2025-10-17 14:10:00+05:30
138.31,138.31,138.17,138.22,2886.0,1760690700.0,2025-10-17 14:15:00+05:30
138.22,139.36,138.22,139.36,12318.0,1760691000.0,2025-10-17 14:20:00+05:30
139.36,139.4,139.1,139.4,4706.0,1760691300.0,2025-10-17 14:25:00+05:30
139.2,139.5,139.2,139.37,3877.0,1760691600.0,2025-10-17 14:30:00+05:30
139.37,139.38,139.18,139.38,1568.0,1760691900.0,2025-10-17 14:35:00+05:30
139.38,140.25,139.38,139.8,25210.0,1760692200.0,2025-10-17 14:40:00+05:30
139.53,139.53,139.26,139.3,5427.0,1760692500.0,2025-10-17 14:45:00+05:30
139.15,139.22,139.0,139.09,4214.0,1760692800.0,2025-10-17 14:50:00+05:30
139.09,139.18,138.7,138.7,1432.0,1760693100.0,2025-10-17 14:55:00+05:30
138.7,139.44,138.7,139.3,2140.0,1760693400.0,2025-10-17 15:00:00+05:30
139.29,139.58,139.16,139.44,17928.0,1760693700.0,2025-10-17 15:05:00+05:30
139.27,139.28,138.55,138.9,12052.0,1760694000.0,2025-10-17 15:10:00+05:30
138.88,139.23,138.5,139.03,12963.0,1760694300.0,2025-10-17 15:15:00+05:30
139.62,140.18,139.41,140.0,20062.0,1760694600.0,2025-10-17 15:20:00+05:30
140.0,140.0,139.01,139.4,16760.0,1760694900.0,2025-10-17 15:25:00+05:30
140.69,141.2,138.21,138.9,27458.0,1760931900.0,2025-10-20 09:15:00+05:30
138.65,138.9,138.31,138.43,2616.0,1760932200.0,2025-10-20 09:20:00+05:30
138.41,138.84,138.2,138.3,2307.0,1760932500.0,2025-10-20 09:25:00+05:30
138.49,138.54,138.26,138.42,2440.0,1760932800.0,2025-10-20 09:30:00+05:30
138.63,138.63,137.41,137.85,10627.0,1760933100.0,2025-10-20 09:35:00+05:30
137.71,137.88,137.3,137.43,712.0,1760933400.0,2025-10-20 09:40:00+05:30
137.4,137.71,137.01,137.42,5551.0,1760933700.0,2025-10-20 09:45:00+05:30
137.54,137.54,137.34,137.5,3964.0,1760934000.0,2025-10-20 09:50:00+05:30
137.4,137.56,137.4,137.56,2418.0,1760934300.0,2025-10-20 09:55:00+05:30
137.57,137.61,137.1,137.23,3478.0,1760934600.0,2025-10-20 10:00:00+05:30
137.4,137.4,137.01,137.01,1863.0,1760934900.0,2025-10-20 10:05:00+05:30
137.01,137.01,136.5,137.0,10373.0,1760935200.0,2025-10-20 10:10:00+05:30
136.81,137.01,136.8,136.8,1454.0,1760935500.0,2025-10-20 10:15:00+05:30
136.96,137.09,136.8,136.95,2825.0,1760935800.0,2025-10-20 10:20:00+05:30
136.8,136.87,136.47,136.47,5901.0,1760936100.0,2025-10-20 10:25:00+05:30
136.7,136.76,136.53,136.61,712.0,1760936400.0,2025-10-20 10:30:00+05:30
136.85,136.85,136.44,136.8,3185.0,1760936700.0,2025-10-20 10:35:00+05:30
136.8,137.03,136.77,136.81,3082.0,1760937000.0,2025-10-20 10:40:00+05:30
136.8,137.02,136.64,136.66,2955.0,1760937300.0,2025-10-20 10:45:00+05:30
136.83,136.86,136.73,136.86,1271.0,1760937600.0,2025-10-20 10:50:00+05:30
136.65,136.66,136.5,136.55,1616.0,1760937900.0,2025-10-20 10:55:00+05:30
136.5,136.87,136.47,136.87,1737.0,1760938200.0,2025-10-20 11:00:00+05:30
136.96,137.23,136.96,137.18,1317.0,1760938500.0,2025-10-20 11:05:00+05:30
137.05,137.13,136.81,136.93,1112.0,1760938800.0,2025-10-20 11:10:00+05:30
136.86,137.02,136.67,136.96,2159.0,1760939100.0,2025-10-20 11:15:00+05:30
136.95,137.27,136.95,137.27,2449.0,1760939400.0,2025-10-20 11:20:00+05:30
137.27,139.18,137.08,139.18,22389.0,1760939700.0,2025-10-20 11:25:00+05:30
138.88,138.99,138.0,138.0,12524.0,1760940000.0,2025-10-20 11:30:00+05:30
137.95,138.18,137.61,137.61,4168.0,1760940300.0,2025-10-20 11:35:00+05:30
137.73,137.73,137.6,137.6,237.0,1760940600.0,2025-10-20 11:40:00+05:30
137.6,138.0,137.6,138.0,2677.0,1760940900.0,2025-10-20 11:45:00+05:30
138.04,138.3,138.04,138.3,476.0,1760941200.0,2025-10-20 11:50:00+05:30
138.3,138.39,138.02,138.02,626.0,1760941500.0,2025-10-20 11:55:00+05:30
138.02,138.35,138.02,138.19,3165.0,1760941800.0,2025-10-20 12:00:00+05:30
138.19,138.5,138.19,138.41,858.0,1760942100.0,2025-10-20 12:05:00+05:30
138.55,138.61,138.46,138.57,990.0,1760942400.0,2025-10-20 12:10:00+05:30
138.57,138.57,138.18,138.4,2217.0,1760942700.0,2025-10-20 12:15:00+05:30
138.4,138.4,138.35,138.35,166.0,1760943000.0,2025-10-20 12:20:00+05:30
138.35,138.38,138.18,138.38,428.0,1760943300.0,2025-10-20 12:25:00+05:30
138.38,138.38,138.05,138.15,349.0,1760943600.0,2025-10-20 12:30:00+05:30
138.02,138.69,138.02,138.69,6818.0,1760943900.0,2025-10-20 12:35:00+05:30
138.69,139.0,138.48,138.77,6863.0,1760944200.0,2025-10-20 12:40:00+05:30
138.96,138.96,138.22,138.22,1892.0,1760944500.0,2025-10-20 12:45:00+05:30
138.17,138.35,138.03,138.03,1072.0,1760944800.0,2025-10-20 12:50:00+05:30
138.3,138.48,138.3,138.3,1058.0,1760945100.0,2025-10-20 12:55:00+05:30
138.39,138.39,138.3,138.3,57.0,1760945400.0,2025-10-20 13:00:00+05:30
138.42,138.43,138.24,138.28,293.0,1760945700.0,2025-10-20 13:05:00+05:30
138.16,138.37,138.15,138.37,802.0,1760946000.0,2025-10-20 13:10:00+05:30
138.0,138.15,138.0,138.15,5209.0,1760946300.0,2025-10-20 13:15:00+05:30
138.15,138.29,138.06,138.19,1222.0,1760946600.0,2025-10-20 13:20:00+05:30
138.19,138.26,138.04,138.19,670.0,1760946900.0,2025-10-20 13:25:00+05:30
138.19,138.38,138.0,138.38,1993.0,1760947200.0,2025-10-20 13:30:00+05:30
138.2,138.38,138.01,138.02,351.0,1760947500.0,2025-10-20 13:35:00+05:30
138.08,138.08,137.87,138.03,1794.0,1760947800.0,2025-10-20 13:40:00+05:30
138.21,138.22,138.05,138.14,111.0,1760948100.0,2025-10-20 13:45:00+05:30
137.93,138.17,137.93,138.12,618.0,1760948400.0,2025-10-20 13:50:00+05:30
138.12,138.12,138.0,138.0,539.0,1760948700.0,2025-10-20 13:55:00+05:30
138.06,138.06,137.79,137.92,1704.0,1760949000.0,2025-10-20 14:00:00+05:30
137.92,138.6,137.92,138.59,25264.0,1760949300.0,2025-10-20 14:05:00+05:30
138.49,138.49,138.34,138.48,129.0,1760949600.0,2025-10-20 14:10:00+05:30
138.48,138.95,138.48,138.95,1261.0,1760949900.0,2025-10-20 14:15:00+05:30
138.73,138.82,138.3,138.34,4187.0,1760950200.0,2025-10-20 14:20:00+05:30
138.34,139.0,138.34,138.51,7594.0,1760950500.0,2025-10-20 14:25:00+05:30
138.51,139.0,138.51,138.96,3909.0,1760950800.0,2025-10-20 14:30:00+05:30
138.8,138.93,138.58,138.58,2629.0,1760951100.0,2025-10-20 14:35:00+05:30
138.68,138.84,138.61,138.66,228.0,1760951400.0,2025-10-20 14:40:00+05:30
138.79,139.0,138.29,139.0,18190.0,1760951700.0,2025-10-20 14:45:00+05:30
139.0,139.0,138.72,138.85,1649.0,1760952000.0,2025-10-20 14:50:00+05:30
138.85,139.0,138.81,138.85,1646.0,1760952300.0,2025-10-20 14:55:00+05:30
138.85,138.85,138.55,138.55,353.0,1760952600.0,2025-10-20 15:00:00+05:30
138.7,139.0,138.65,139.0,9007.0,1760952900.0,2025-10-20 15:05:00+05:30
138.76,138.99,138.67,138.82,3320.0,1760953200.0,2025-10-20 15:10:00+05:30
138.67,138.99,138.67,138.81,2511.0,1760953500.0,2025-10-20 15:15:00+05:30
138.81,138.99,138.7,138.7,3079.0,1760953800.0,2025-10-20 15:20:00+05:30
138.7,139.0,138.04,139.0,17406.0,1760954100.0,2025-10-20 15:25:00+05:30
139.31,140.7,139.27,139.28,13161.0,1761034500.0,2025-10-21 13:45:00+05:30
139.35,140.07,139.2,139.65,8560.0,1761034800.0,2025-10-21 13:50:00+05:30
139.6,140.0,139.5,139.98,5509.0,1761035100.0,2025-10-21 13:55:00+05:30
139.77,140.77,139.77,140.53,12981.0,1761035400.0,2025-10-21 14:00:00+05:30
140.51,140.51,139.51,139.79,6919.0,1761035700.0,2025-10-21 14:05:00+05:30
139.78,139.83,139.32,139.52,3509.0,1761036000.0,2025-10-21 14:10:00+05:30
139.5,139.5,139.05,139.13,5272.0,1761036300.0,2025-10-21 14:15:00+05:30
139.0,139.0,135.11,137.18,23248.0,1761036600.0,2025-10-21 14:20:00+05:30
136.98,137.45,136.3,137.4,25485.0,1761036900.0,2025-10-21 14:25:00+05:30
137.4,137.44,137.02,137.26,4884.0,1761037200.0,2025-10-21 14:30:00+05:30
137.4,138.92,137.0,137.62,22274.0,1761037500.0,2025-10-21 14:35:00+05:30
137.62,138.38,136.0,136.49,35851.0,1761037800.0,2025-10-21 14:40:00+05:30
138.12,138.89,137.55,138.4,17253.0,1761191100.0,2025-10-23 09:15:00+05:30
138.4,138.7,138.12,138.63,3696.0,1761191400.0,2025-10-23 09:20:00+05:30
138.62,139.05,138.56,139.05,8336.0,1761191700.0,2025-10-23 09:25:00+05:30
139.15,139.15,138.7,138.89,4497.0,1761192000.0,2025-10-23 09:30:00+05:30
138.95,139.1,138.74,139.1,3614.0,1761192300.0,2025-10-23 09:35:00+05:30
138.98,139.11,138.84,138.87,3304.0,1761192600.0,2025-10-23 09:40:00+05:30
138.92,139.1,138.81,139.1,4398.0,1761192900.0,2025-10-23 09:45:00+05:30
139.1,139.97,139.1,139.54,12570.0,1761193200.0,2025-10-23 09:50:00+05:30
139.54,139.68,139.15,139.37,2251.0,1761193500.0,2025-10-23 09:55:00+05:30
139.57,140.1,139.36,139.37,15089.0,1761193800.0,2025-10-23 10:00:00+05:30
139.59,139.59,139.17,139.17,7759.0,1761194100.0,2025-10-23 10:05:00+05:30
139.17,139.42,139.17,139.36,936.0,1761194400.0,2025-10-23 10:10:00+05:30
139.4,139.4,138.3,138.33,17894.0,1761194700.0,2025-10-23 10:15:00+05:30
138.31,138.66,138.1,138.33,3616.0,1761195000.0,2025-10-23 10:20:00+05:30
138.33,138.33,137.8,137.98,4016.0,1761195300.0,2025-10-23 10:25:00+05:30
137.86,138.0,137.8,137.88,1278.0,1761195600.0,2025-10-23 10:30:00+05:30
138.02,138.03,137.8,138.03,2778.0,1761195900.0,2025-10-23 10:35:00+05:30
138.01,138.02,137.86,137.9,1634.0,1761196200.0,2025-10-23 10:40:00+05:30
138.03,138.03,137.7,137.7,2406.0,1761196500.0,2025-10-23 10:45:00+05:30
137.71,137.71,137.5,137.59,1471.0,1761196800.0,2025-10-23 10:50:00+05:30
137.69,137.76,137.58,137.58,8112.0,1761197100.0,2025-10-23 10:55:00+05:30
137.58,137.58,137.46,137.5,1480.0,1761197400.0,2025-10-23 11:00:00+05:30
137.52,137.58,137.4,137.4,2198.0,1761197700.0,2025-10-23 11:05:00+05:30
137.3,137.3,136.95,137.11,4259.0,1761198000.0,2025-10-23 11:10:00+05:30
137.21,137.54,137.1,137.54,2183.0,1761198300.0,2025-10-23 11:15:00+05:30
137.25,137.36,136.86,137.02,2869.0,1761198600.0,2025-10-23 11:20:00+05:30
137.02,137.3,137.02,137.08,1875.0,1761198900.0,2025-10-23 11:25:00+05:30
137.29,137.29,137.13,137.16,80.0,1761199200.0,2025-10-23 11:30:00+05:30
137.16,137.3,137.0,137.0,1424.0,1761199500.0,2025-10-23 11:35:00+05:30
137.15,137.15,136.89,137.03,1453.0,1761199800.0,2025-10-23 11:40:00+05:30
137.03,137.21,136.87,137.21,1397.0,1761200100.0,2025-10-23 11:45:00+05:30
137.2,137.59,137.2,137.59,6439.0,1761200400.0,2025-10-23 11:50:00+05:30
137.7,137.72,137.21,137.44,2259.0,1761200700.0,2025-10-23 11:55:00+05:30
137.48,137.56,137.48,137.5,469.0,1761201000.0,2025-10-23 12:00:00+05:30
137.54,137.73,137.54,137.65,748.0,1761201300.0,2025-10-23 12:05:00+05:30
137.65,137.65,137.5,137.6,965.0,1761201600.0,2025-10-23 12:10:00+05:30
137.66,137.68,137.32,137.54,1100.0,1761201900.0,2025-10-23 12:15:00+05:30
137.54,137.69,137.39,137.56,613.0,1761202200.0,2025-10-23 12:20:00+05:30
137.5,137.5,137.21,137.21,631.0,1761202500.0,2025-10-23 12:25:00+05:30
137.34,137.46,137.26,137.26,281.0,1761202800.0,2025-10-23 12:30:00+05:30
137.26,137.5,137.26,137.46,536.0,1761203100.0,2025-10-23 12:35:00+05:30
137.5,137.69,137.46,137.69,1234.0,1761203400.0,2025-10-23 12:40:00+05:30
137.69,137.69,137.65,137.65,93.0,1761203700.0,2025-10-23 12:45:00+05:30
137.49,137.64,137.06,137.3,1033.0,1761204000.0,2025-10-23 12:50:00+05:30
137.18,137.54,137.06,137.54,875.0,1761204300.0,2025-10-23 12:55:00+05:30
137.54,137.55,137.4,137.55,141.0,1761204600.0,2025-10-23 13:00:00+05:30
137.4,137.4,137.12,137.33,1080.0,1761204900.0,2025-10-23 13:05:00+05:30
137.33,137.33,137.3,137.3,340.0,1761205200.0,2025-10-23 13:10:00+05:30
137.25,137.25,137.0,137.03,1239.0,1761205500.0,2025-10-23 13:15:00+05:30
137.16,137.26,137.0,137.26,348.0,1761205800.0,2025-10-23 13:20:00+05:30
137.26,137.3,137.11,137.11,1214.0,1761206100.0,2025-10-23 13:25:00+05:30
137.11,137.2,136.8,137.03,2740.0,1761206400.0,2025-10-23 13:30:00+05:30
137.03,137.03,136.5,136.73,5026.0,1761206700.0,2025-10-23 13:35:00+05:30
136.6,136.77,136.6,136.77,1376.0,1761207000.0,2025-10-23 13:40:00+05:30
136.77,136.81,136.7,136.8,374.0,1761207300.0,2025-10-23 13:45:00+05:30
136.8,136.8,136.8,136.8,0.0,1761207600.0,2025-10-23 13:50:00+05:30
136.76,136.76,136.51,136.67,4232.0,1761207900.0,2025-10-23 13:55:00+05:30
136.51,136.85,136.51,136.85,293.0,1761208200.0,2025-10-23 14:00:00+05:30
136.84,136.86,136.5,136.57,3063.0,1761208500.0,2025-10-23 14:05:00+05:30
136.72,136.72,136.61,136.72,2216.0,1761208800.0,2025-10-23 14:10:00+05:30
136.72,136.86,136.72,136.86,594.0,1761209100.0,2025-10-23 14:15:00+05:30
136.8,136.85,136.62,136.85,256.0,1761209400.0,2025-10-23 14:20:00+05:30
136.96,137.16,136.96,137.16,923.0,1761209700.0,2025-10-23 14:25:00+05:30
137.16,137.16,137.0,137.0,984.0,1761210000.0,2025-10-23 14:30:00+05:30
137.09,137.65,137.09,137.59,4390.0,1761210300.0,2025-10-23 14:35:00+05:30
137.55,137.8,137.5,137.55,3091.0,1761210600.0,2025-10-23 14:40:00+05:30
137.5,137.55,137.5,137.55,31.0,1761210900.0,2025-10-23 14:45:00+05:30
137.5,137.78,137.4,137.74,2314.0,1761211200.0,2025-10-23 14:50:00+05:30
137.68,137.7,137.29,137.44,511.0,1761211500.0,2025-10-23 14:55:00+05:30
137.35,137.42,136.75,137.23,6833.0,1761211800.0,2025-10-23 15:00:00+05:30
137.33,137.4,136.87,137.1,4999.0,1761212100.0,2025-10-23 15:05:00+05:30
137.35,137.4,137.13,137.26,2161.0,1761212400.0,2025-10-23 15:10:00+05:30
137.16,137.16,136.73,136.8,8696.0,1761212700.0,2025-10-23 15:15:00+05:30
136.8,137.0,136.76,136.95,4560.0,1761213000.0,2025-10-23 15:20:00+05:30
136.95,137.5,136.59,137.3,7203.0,1761213300.0,2025-10-23 15:25:00+05:30
137.47,137.65,136.46,136.57,3933.0,1761277500.0,2025-10-24 09:15:00+05:30
136.51,136.8,136.3,136.8,5163.0,1761277800.0,2025-10-24 09:20:00+05:30
136.73,136.82,136.64,136.79,859.0,1761278100.0,2025-10-24 09:25:00+05:30
136.76,136.78,136.6,136.6,699.0,1761278400.0,2025-10-24 09:30:00+05:30
136.6,136.61,136.4,136.45,5596.0,1761278700.0,2025-10-24 09:35:00+05:30
136.4,136.46,136.06,136.22,2530.0,1761279000.0,2025-10-24 09:40:00+05:30
136.22,136.3,136.0,136.0,7304.0,1761279300.0,2025-10-24 09:45:00+05:30
136.0,136.03,135.91,136.02,1639.0,1761279600.0,2025-10-24 09:50:00+05:30
136.2,136.38,136.0,136.27,3914.0,1761279900.0,2025-10-24 09:55:00+05:30
136.11,136.24,136.06,136.08,446.0,1761280200.0,2025-10-24 10:00:00+05:30
136.18,136.24,136.06,136.06,1749.0,1761280500.0,2025-10-24 10:05:00+05:30
136.23,136.31,136.11,136.31,258.0,1761280800.0,2025-10-24 10:10:00+05:30
136.31,136.69,136.2,136.2,8041.0,1761281100.0,2025-10-24 10:15:00+05:30
136.17,136.3,136.11,136.12,603.0,1761281400.0,2025-10-24 10:20:00+05:30
136.0,136.12,135.85,135.85,8729.0,1761281700.0,2025-10-24 10:25:00+05:30
136.05,136.05,135.68,135.87,6460.0,1761282000.0,2025-10-24 10:30:00+05:30
135.72,135.9,135.6,135.7,3020.0,1761282300.0,2025-10-24 10:35:00+05:30
135.8,135.98,135.8,135.9,1277.0,1761282600.0,2025-10-24 10:40:00+05:30
135.94,136.0,135.8,136.0,709.0,1761282900.0,2025-10-24 10:45:00+05:30
135.86,135.96,135.85,135.85,1475.0,1761283200.0,2025-10-24 10:50:00+05:30
135.8,135.87,135.6,135.74,1780.0,1761283500.0,2025-10-24 10:55:00+05:30
135.74,135.98,135.72,135.72,886.0,1761283800.0,2025-10-24 11:00:00+05:30
135.78,135.78,135.7,135.7,2314.0,1761284100.0,2025-10-24 11:05:00+05:30
135.64,135.64,135.51,135.51,4432.0,1761284400.0,2025-10-24 11:10:00+05:30
135.46,135.48,135.25,135.25,2135.0,1761284700.0,2025-10-24 11:15:00+05:30
135.08,135.24,135.08,135.22,4043.0,1761285000.0,2025-10-24 11:20:00+05:30
135.35,135.44,135.23,135.38,976.0,1761285300.0,2025-10-24 11:25:00+05:30
135.3,135.44,135.25,135.43,898.0,1761285600.0,2025-10-24 11:30:00+05:30
135.43,135.43,135.27,135.3,481.0,1761285900.0,2025-10-24 11:35:00+05:30
135.4,135.44,135.3,135.43,139.0,1761286200.0,2025-10-24 11:40:00+05:30
135.42,135.42,135.31,135.39,179.0,1761286500.0,2025-10-24 11:45:00+05:30
135.47,135.47,135.31,135.31,1618.0,1761286800.0,2025-10-24 11:50:00+05:30
135.31,135.46,135.31,135.32,208.0,1761287100.0,2025-10-24 11:55:00+05:30
135.46,135.5,135.32,135.49,475.0,1761287400.0,2025-10-24 12:00:00+05:30
135.46,135.46,135.0,135.25,9552.0,1761287700.0,2025-10-24 12:05:00+05:30
135.34,135.34,135.01,135.25,2284.0,1761288000.0,2025-10-24 12:10:00+05:30
135.07,135.35,135.07,135.35,1547.0,1761288300.0,2025-10-24 12:15:00+05:30
135.35,135.51,135.31,135.42,4156.0,1761288600.0,2025-10-24 12:20:00+05:30
135.27,135.37,135.21,135.35,519.0,1761288900.0,2025-10-24 12:25:00+05:30
135.35,135.35,135.28,135.28,658.0,1761289200.0,2025-10-24 12:30:00+05:30
135.28,135.28,135.2,135.27,1134.0,1761289500.0,2025-10-24 12:35:00+05:30
135.27,135.44,135.2,135.31,1462.0,1761289800.0,2025-10-24 12:40:00+05:30
135.25,135.26,135.25,135.25,128.0,1761290100.0,2025-10-24 12:45:00+05:30
135.25,135.44,135.2,135.3,1587.0,1761290400.0,2025-10-24 12:50:00+05:30
135.32,135.4,135.25,135.25,1700.0,1761290700.0,2025-10-24 12:55:00+05:30
135.36,135.4,135.25,135.4,554.0,1761291000.0,2025-10-24 13:00:00+05:30
135.4,135.4,135.01,135.29,5981.0,1761291300.0,2025-10-24 13:05:00+05:30
135.25,135.27,134.9,134.9,10786.0,1761291600.0,2025-10-24 13:10:00+05:30
134.9,134.9,134.68,134.68,2449.0,1761291900.0,2025-10-24 13:15:00+05:30
134.68,134.77,134.61,134.63,1208.0,1761292200.0,2025-10-24 13:20:00+05:30
134.63,134.63,133.96,134.1,7767.0,1761292500.0,2025-10-24 13:25:00+05:30
134.06,134.11,133.8,134.11,4968.0,1761292800.0,2025-10-24 13:30:00+05:30
134.09,134.23,134.06,134.13,3252.0,1761293100.0,2025-10-24 13:35:00+05:30
134.24,134.25,134.01,134.01,2585.0,1761293400.0,2025-10-24 13:40:00+05:30
134.16,134.16,134.0,134.05,1905.0,1761293700.0,2025-10-24 13:45:00+05:30
134.12,134.12,133.97,133.99,1376.0,1761294000.0,2025-10-24 13:50:00+05:30
134.0,134.0,133.97,133.97,3304.0,1761294300.0,2025-10-24 13:55:00+05:30
134.1,134.3,134.1,134.29,4052.0,1761294600.0,2025-10-24 14:00:00+05:30
134.29,134.29,134.2,134.29,262.0,1761294900.0,2025-10-24 14:05:00+05:30
134.29,134.39,134.28,134.28,1007.0,1761295200.0,2025-10-24 14:10:00+05:30
134.39,134.57,134.39,134.4,1212.0,1761295500.0,2025-10-24 14:15:00+05:30
134.4,134.66,134.3,134.65,1045.0,1761295800.0,2025-10-24 14:20:00+05:30
134.53,134.68,134.52,134.55,321.0,1761296100.0,2025-10-24 14:25:00+05:30
134.55,134.65,134.55,134.62,377.0,1761296400.0,2025-10-24 14:30:00+05:30
134.65,134.65,134.08,134.3,17122.0,1761296700.0,2025-10-24 14:35:00+05:30
133.8,133.95,133.8,133.83,4516.0,1761297000.0,2025-10-24 14:40:00+05:30
133.82,134.0,133.8,133.9,2191.0,1761297300.0,2025-10-24 14:45:00+05:30
133.99,134.0,133.9,134.0,3478.0,1761297600.0,2025-10-24 14:50:00+05:30
134.0,134.4,133.9,134.25,7079.0,1761297900.0,2025-10-24 14:55:00+05:30
134.24,134.42,134.24,134.33,1268.0,1761298200.0,2025-10-24 15:00:00+05:30
134.3,134.69,133.91,134.24,10604.0,1761298500.0,2025-10-24 15:05:00+05:30
134.15,134.3,134.15,134.27,2463.0,1761298800.0,2025-10-24 15:10:00+05:30
134.25,134.28,133.55,133.8,25969.0,1761299100.0,2025-10-24 15:15:00+05:30
133.74,134.2,133.66,133.85,23331.0,1761299400.0,2025-10-24 15:20:00+05:30
133.99,134.6,133.99,134.4,4792.0,1761299700.0,2025-10-24 15:25:00+05:30
135.02,135.03,133.2,133.62,7871.0,1761536700.0,2025-10-27 09:15:00+05:30
133.62,134.43,133.59,134.43,2405.0,1761537000.0,2025-10-27 09:20:00+05:30
134.23,134.99,134.01,134.23,9489.0,1761537300.0,2025-10-27 09:25:00+05:30
134.23,134.56,134.01,134.1,1367.0,1761537600.0,2025-10-27 09:30:00+05:30
134.32,134.58,134.24,134.46,2219.0,1761537900.0,2025-10-27 09:35:00+05:30
134.48,134.48,134.15,134.23,1262.0,1761538200.0,2025-10-27 09:40:00+05:30
134.19,134.19,133.6,133.82,2863.0,1761538500.0,2025-10-27 09:45:00+05:30
134.06,134.24,134.04,134.24,363.0,1761538800.0,2025-10-27 09:50:00+05:30
133.94,134.23,133.85,134.22,2717.0,1761539100.0,2025-10-27 09:55:00+05:30
134.21,134.22,134.08,134.08,384.0,1761539400.0,2025-10-27 10:00:00+05:30
134.19,134.19,133.75,133.97,1061.0,1761539700.0,2025-10-27 10:05:00+05:30
134.19,134.27,134.03,134.06,710.0,1761540000.0,2025-10-27 10:10:00+05:30
134.2,134.29,133.97,133.97,4087.0,1761540300.0,2025-10-27 10:15:00+05:30
134.05,134.51,134.03,134.51,782.0,1761540600.0,2025-10-27 10:20:00+05:30
134.31,134.36,134.01,134.24,4098.0,1761540900.0,2025-10-27 10:25:00+05:30
134.28,134.28,132.65,132.7,13015.0,1761541200.0,2025-10-27 10:30:00+05:30
132.7,133.15,132.66,132.96,8251.0,1761541500.0,2025-10-27 10:35:00+05:30
132.81,133.0,132.6,133.0,3792.0,1761541800.0,2025-10-27 10:40:00+05:30
133.0,133.0,132.83,132.85,2011.0,1761542100.0,2025-10-27 10:45:00+05:30
132.85,133.0,132.82,132.96,1561.0,1761542400.0,2025-10-27 10:50:00+05:30
132.95,132.95,132.82,132.93,1193.0,1761542700.0,2025-10-27 10:55:00+05:30
132.93,132.93,132.75,132.75,1043.0,1761543000.0,2025-10-27 11:00:00+05:30
132.9,132.97,132.5,132.6,8833.0,1761543300.0,2025-10-27 11:05:00+05:30
132.87,132.88,132.56,132.56,698.0,1761543600.0,2025-10-27 11:10:00+05:30
132.6,132.97,132.6,132.7,900.0,1761543900.0,2025-10-27 11:15:00+05:30
132.7,132.85,132.7,132.85,534.0,1761544200.0,2025-10-27 11:20:00+05:30
132.85,132.99,132.75,132.9,4096.0,1761544500.0,2025-10-27 11:25:00+05:30
132.92,132.99,132.8,132.99,475.0,1761544800.0,2025-10-27 11:30:00+05:30
132.99,132.99,132.9,132.9,83.0,1761545100.0,2025-10-27 11:35:00+05:30
132.95,132.95,132.82,132.82,211.0,1761545400.0,2025-10-27 11:40:00+05:30
132.8,132.96,132.8,132.96,502.0,1761545700.0,2025-10-27 11:45:00+05:30
133.0,133.0,132.86,132.88,2228.0,1761546000.0,2025-10-27 11:50:00+05:30
132.88,133.0,132.88,133.0,1153.0,1761546300.0,2025-10-27 11:55:00+05:30
132.86,133.0,132.86,133.0,937.0,1761546600.0,2025-10-27 12:00:00+05:30
133.15,133.59,133.15,133.41,13067.0,1761546900.0,2025-10-27 12:05:00+05:30
133.37,133.56,133.24,133.24,1718.0,1761547200.0,2025-10-27 12:10:00+05:30
133.47,133.47,133.15,133.15,151.0,1761547500.0,2025-10-27 12:15:00+05:30
133.15,133.49,133.15,133.38,869.0,1761547800.0,2025-10-27 12:20:00+05:30
133.26,133.44,133.15,133.37,99.0,1761548100.0,2025-10-27 12:25:00+05:30
133.37,133.37,132.81,132.81,4689.0,1761548400.0,2025-10-27 12:30:00+05:30
133.13,133.13,133.12,133.12,715.0,1761548700.0,2025-10-27 12:35:00+05:30
133.12,133.12,132.8,132.89,2366.0,1761549000.0,2025-10-27 12:40:00+05:30
132.87,133.15,132.73,133.15,4570.0,1761549300.0,2025-10-27 12:45:00+05:30
133.15,133.15,132.8,132.9,1038.0,1761549600.0,2025-10-27 12:50:00+05:30
133.11,133.15,133.01,133.15,1174.0,1761549900.0,2025-10-27 12:55:00+05:30
133.15,133.24,133.02,133.1,1926.0,1761550200.0,2025-10-27 13:00:00+05:30
133.1,133.1,132.81,133.0,4208.0,1761550500.0,2025-10-27 13:05:00+05:30
133.0,133.06,132.87,132.91,277.0,1761550800.0,2025-10-27 13:10:00+05:30
133.03,133.11,133.0,133.0,1216.0,1761551100.0,2025-10-27 13:15:00+05:30
133.03,133.03,132.85,132.96,625.0,1761551400.0,2025-10-27 13:20:00+05:30
133.15,133.15,133.1,133.1,256.0,1761551700.0,2025-10-27 13:25:00+05:30
132.7,132.87,132.64,132.64,4187.0,1761552000.0,2025-10-27 13:30:00+05:30
132.56,132.91,132.56,132.76,711.0,1761552300.0,2025-10-27 13:35:00+05:30
132.71,132.89,132.69,132.85,462.0,1761552600.0,2025-10-27 13:40:00+05:30
132.85,132.92,132.85,132.92,1206.0,1761552900.0,2025-10-27 13:45:00+05:30
132.92,132.94,132.76,132.81,603.0,1761553200.0,2025-10-27 13:50:00+05:30
132.81,132.96,132.0,132.29,16593.0,1761553500.0,2025-10-27 13:55:00+05:30
132.35,132.44,132.23,132.4,1165.0,1761553800.0,2025-10-27 14:00:00+05:30
132.38,132.5,132.33,132.5,767.0,1761554100.0,2025-10-27 14:05:00+05:30
132.49,132.49,132.38,132.49,304.0,1761554400.0,2025-10-27 14:10:00+05:30
132.49,132.66,132.49,132.66,255.0,1761554700.0,2025-10-27 14:15:00+05:30
132.77,132.78,132.32,132.49,3662.0,1761555000.0,2025-10-27 14:20:00+05:30
132.53,132.77,132.49,132.7,1840.0,1761555300.0,2025-10-27 14:25:00+05:30
132.7,132.75,132.5,132.65,1505.0,1761555600.0,2025-10-27 14:30:00+05:30
132.65,132.65,132.49,132.65,1906.0,1761555900.0,2025-10-27 14:35:00+05:30
132.65,132.73,132.51,132.69,1506.0,1761556200.0,2025-10-27 14:40:00+05:30
132.72,132.72,132.5,132.68,653.0,1761556500.0,2025-10-27 14:45:00+05:30
132.75,132.77,132.64,132.64,1792.0,1761556800.0,2025-10-27 14:50:00+05:30
132.63,132.77,132.63,132.77,965.0,1761557100.0,2025-10-27 14:55:00+05:30
132.77,133.17,132.77,133.0,5069.0,1761557400.0,2025-10-27 15:00:00+05:30
132.99,132.99,132.72,132.81,1236.0,1761557700.0,2025-10-27 15:05:00+05:30
132.73,132.9,132.64,132.85,1337.0,1761558000.0,2025-10-27 15:10:00+05:30
132.85,132.99,132.11,132.92,11230.0,1761558300.0,2025-10-27 15:15:00+05:30
132.89,133.08,132.6,133.08,5668.0,1761558600.0,2025-10-27 15:20:00+05:30
133.08,133.25,132.6,133.0,10220.0,1761558900.0,2025-10-27 15:25:00+05:30
133.33,133.61,132.98,133.4,2903.0,1761623100.0,2025-10-28 09:15:00+05:30
133.07,133.81,133.07,133.5,2511.0,1761623400.0,2025-10-28 09:20:00+05:30
133.76,133.76,133.52,133.73,1339.0,1761623700.0,2025-10-28 09:25:00+05:30
133.81,133.81,133.19,133.26,9269.0,1761624000.0,2025-10-28 09:30:00+05:30
133.23,133.23,132.89,133.08,3304.0,1761624300.0,2025-10-28 09:35:00+05:30
133.14,133.15,132.9,133.09,2573.0,1761624600.0,2025-10-28 09:40:00+05:30
132.94,133.1,132.83,132.84,1317.0,1761624900.0,2025-10-28 09:45:00+05:30
132.94,132.94,132.51,132.51,20303.0,1761625200.0,2025-10-28 09:50:00+05:30
132.5,132.78,132.34,132.48,7743.0,1761625500.0,2025-10-28 09:55:00+05:30
132.49,132.66,132.43,132.52,623.0,1761625800.0,2025-10-28 10:00:00+05:30
132.43,132.58,132.33,132.56,3888.0,1761626100.0,2025-10-28 10:05:00+05:30
132.18,132.45,132.18,132.36,875.0,1761626400.0,2025-10-28 10:10:00+05:30
132.25,132.43,132.05,132.4,8282.0,1761626700.0,2025-10-28 10:15:00+05:30
132.34,132.43,132.34,132.42,566.0,1761627000.0,2025-10-28 10:20:00+05:30
132.34,132.48,132.34,132.47,1309.0,1761627300.0,2025-10-28 10:25:00+05:30
132.47,132.47,132.34,132.34,322.0,1761627600.0,2025-10-28 10:30:00+05:30
132.34,132.45,132.3,132.3,3584.0,1761627900.0,2025-10-28 10:35:00+05:30
132.23,132.35,132.2,132.35,867.0,1761628200.0,2025-10-28 10:40:00+05:30
132.35,132.5,132.35,132.47,1403.0,1761628500.0,2025-10-28 10:45:00+05:30
132.34,132.35,132.0,132.0,18013.0,1761628800.0,2025-10-28 10:50:00+05:30
132.0,132.08,131.81,132.08,2449.0,1761629100.0,2025-10-28 10:55:00+05:30
132.07,132.11,131.9,132.06,1386.0,1761629400.0,2025-10-28 11:00:00+05:30
131.95,132.11,131.87,132.0,5620.0,1761629700.0,2025-10-28 11:05:00+05:30
132.0,132.11,131.96,132.09,705.0,1761630000.0,2025-10-28 11:10:00+05:30
132.11,132.11,131.93,132.1,328.0,1761630300.0,2025-10-28 11:15:00+05:30
132.1,132.11,132.1,132.11,152.0,1761630600.0,2025-10-28 11:20:00+05:30
132.11,132.24,132.01,132.24,1816.0,1761630900.0,2025-10-28 11:25:00+05:30
132.18,132.33,132.09,132.28,1007.0,1761631200.0,2025-10-28 11:30:00+05:30
132.28,132.28,132.0,132.0,282.0,1761631500.0,2025-10-28 11:35:00+05:30
132.0,132.16,132.0,132.16,440.0,1761631800.0,2025-10-28 11:40:00+05:30
132.16,132.25,132.16,132.16,2.0,1761632100.0,2025-10-28 11:45:00+05:30
132.16,132.27,132.13,132.13,1103.0,1761632400.0,2025-10-28 11:50:00+05:30
132.05,132.12,132.0,132.07,800.0,1761632700.0,2025-10-28 11:55:00+05:30
132.0,132.07,132.0,132.05,295.0,1761633000.0,2025-10-28 12:00:00+05:30
132.05,132.05,131.75,131.8,8894.0,1761633300.0,2025-10-28 12:05:00+05:30
131.8,132.04,131.75,131.96,3941.0,1761633600.0,2025-10-28 12:10:00+05:30
131.96,131.96,131.96,131.96,451.0,1761633900.0,2025-10-28 12:15:00+05:30
131.96,131.96,131.85,131.88,361.0,1761634200.0,2025-10-28 12:20:00+05:30
131.89,132.02,131.89,132.0,187.0,1761634500.0,2025-10-28 12:25:00+05:30
131.86,132.0,131.86,131.97,447.0,1761634800.0,2025-10-28 12:30:00+05:30
132.0,132.0,132.0,132.0,220.0,1761635100.0,2025-10-28 12:35:00+05:30
132.0,132.04,131.86,131.86,424.0,1761635400.0,2025-10-28 12:40:00+05:30
131.81,132.03,131.81,131.98,713.0,1761635700.0,2025-10-28 12:45:00+05:30
131.98,132.01,131.86,131.86,572.0,1761636000.0,2025-10-28 12:50:00+05:30
131.88,132.01,131.88,132.01,240.0,1761636300.0,2025-10-28 12:55:00+05:30
132.01,132.01,131.89,131.89,4.0,1761636600.0,2025-10-28 13:00:00+05:30
131.89,132.0,131.89,132.0,39.0,1761636900.0,2025-10-28 13:05:00+05:30
132.0,132.01,131.91,132.0,136.0,1761637200.0,2025-10-28 13:10:00+05:30
132.0,132.0,131.92,131.92,449.0,1761637500.0,2025-10-28 13:15:00+05:30
131.92,132.0,131.92,131.93,344.0,1761637800.0,2025-10-28 13:20:00+05:30
131.93,132.29,131.93,132.29,4224.0,1761638100.0,2025-10-28 13:25:00+05:30
132.12,132.38,132.12,132.27,148.0,1761638400.0,2025-10-28 13:30:00+05:30
132.25,132.25,132.24,132.24,135.0,1761638700.0,2025-10-28 13:35:00+05:30
132.0,132.2,131.92,132.0,2294.0,1761639000.0,2025-10-28 13:40:00+05:30
132.11,132.18,131.98,132.14,278.0,1761639300.0,2025-10-28 13:45:00+05:30
132.14,132.21,132.01,132.21,275.0,1761639600.0,2025-10-28 13:50:00+05:30
132.18,132.18,132.0,132.0,54.0,1761639900.0,2025-10-28 13:55:00+05:30
132.15,132.15,131.92,131.92,467.0,1761640200.0,2025-10-28 14:00:00+05:30
131.92,131.92,131.9,131.9,562.0,1761640500.0,2025-10-28 14:05:00+05:30
131.9,132.19,131.9,132.0,1010.0,1761640800.0,2025-10-28 14:10:00+05:30
131.99,132.03,131.95,131.95,105.0,1761641100.0,2025-10-28 14:15:00+05:30
132.0,132.01,131.94,132.0,896.0,1761641400.0,2025-10-28 14:20:00+05:30
132.03,132.03,131.86,131.95,1732.0,1761641700.0,2025-10-28 14:25:00+05:30
131.95,131.95,131.85,131.9,925.0,1761642000.0,2025-10-28 14:30:00+05:30
131.68,131.93,131.68,131.92,2588.0,1761642300.0,2025-10-28 14:35:00+05:30
131.94,131.94,131.8,131.94,743.0,1761642600.0,2025-10-28 14:40:00+05:30
132.08,132.08,131.9,131.94,617.0,1761642900.0,2025-10-28 14:45:00+05:30
131.94,132.15,131.91,131.96,1049.0,1761643200.0,2025-10-28 14:50:00+05:30
131.96,132.13,131.96,132.13,69.0,1761643500.0,2025-10-28 14:55:00+05:30
132.14,132.24,131.98,132.15,1921.0,1761643800.0,2025-10-28 15:00:00+05:30
132.01,132.24,132.0,132.2,2804.0,1761644100.0,2025-10-28 15:05:00+05:30
132.09,132.13,131.71,132.05,2306.0,1761644400.0,2025-10-28 15:10:00+05:30
132.04,132.2,130.0,131.7,49172.0,1761644700.0,2025-10-28 15:15:00+05:30
131.7,132.0,131.62,131.81,8439.0,1761645000.0,2025-10-28 15:20:00+05:30
131.7,132.14,131.7,132.0,6224.0,1761645300.0,2025-10-28 15:25:00+05:30
132.0,134.54,132.0,134.5,32517.0,1761709500.0,2025-10-29 09:15:00+05:30
134.55,135.3,134.45,134.75,23181.0,1761709800.0,2025-10-29 09:20:00+05:30
134.72,134.8,134.01,134.16,6781.0,1761710100.0,2025-10-29 09:25:00+05:30
134.33,134.74,134.01,134.57,7053.0,1761710400.0,2025-10-29 09:30:00+05:30
134.75,134.79,134.09,134.2,2756.0,1761710700.0,2025-10-29 09:35:00+05:30
134.2,134.64,134.07,134.29,3244.0,1761711000.0,2025-10-29 09:40:00+05:30
134.35,134.49,134.25,134.25,2778.0,1761711300.0,2025-10-29 09:45:00+05:30
134.25,134.44,133.8,133.81,5630.0,1761711600.0,2025-10-29 09:50:00+05:30
133.8,133.92,133.57,133.64,3119.0,1761711900.0,2025-10-29 09:55:00+05:30
133.66,133.94,133.66,133.94,1751.0,1761712200.0,2025-10-29 10:00:00+05:30
133.9,133.96,133.03,133.22,7658.0,1761712500.0,2025-10-29 10:05:00+05:30
133.34,133.69,133.32,133.47,3667.0,1761712800.0,2025-10-29 10:10:00+05:30
133.32,133.89,133.25,133.62,3417.0,1761713100.0,2025-10-29 10:15:00+05:30
133.62,133.85,133.62,133.7,1799.0,1761713400.0,2025-10-29 10:20:00+05:30
133.62,133.86,133.54,133.86,2283.0,1761713700.0,2025-10-29 10:25:00+05:30
133.63,133.83,133.48,133.7,1817.0,1761714000.0,2025-10-29 10:30:00+05:30
133.49,133.69,133.49,133.69,1030.0,1761714300.0,2025-10-29 10:35:00+05:30
133.57,133.9,133.57,133.9,1202.0,1761714600.0,2025-10-29 10:40:00+05:30
133.93,134.64,133.85,134.36,6164.0,1761714900.0,2025-10-29 10:45:00+05:30
134.28,134.4,133.77,134.04,2617.0,1761715200.0,2025-10-29 10:50:00+05:30
134.04,134.26,133.92,134.26,598.0,1761715500.0,2025-10-29 10:55:00+05:30
134.26,135.05,134.19,135.05,16655.0,1761715800.0,2025-10-29 11:00:00+05:30
135.2,135.2,134.6,134.6,2667.0,1761716100.0,2025-10-29 11:05:00+05:30
134.92,134.95,134.31,134.55,8203.0,1761716400.0,2025-10-29 11:10:00+05:30
134.7,134.7,134.33,134.66,2841.0,1761716700.0,2025-10-29 11:15:00+05:30
134.66,134.7,133.71,133.82,26436.0,1761717000.0,2025-10-29 11:20:00+05:30
134.09,135.0,134.09,135.0,31117.0,1761717300.0,2025-10-29 11:25:00+05:30
134.72,135.0,134.67,135.0,8640.0,1761717600.0,2025-10-29 11:30:00+05:30
135.0,135.2,134.89,135.08,23573.0,1761717900.0,2025-10-29 11:35:00+05:30
134.83,137.85,134.83,136.65,58649.0,1761718200.0,2025-10-29 11:40:00+05:30
136.89,136.94,136.19,136.2,8923.0,1761718500.0,2025-10-29 11:45:00+05:30
136.36,136.37,136.01,136.05,1774.0,1761718800.0,2025-10-29 11:50:00+05:30
136.2,136.49,136.0,136.06,11121.0,1761719100.0,2025-10-29 11:55:00+05:30
135.84,135.94,135.4,135.4,1858.0,1761719400.0,2025-10-29 12:00:00+05:30
135.31,135.56,134.79,134.79,3766.0,1761719700.0,2025-10-29 12:05:00+05:30
134.97,135.0,134.8,134.8,1285.0,1761720000.0,2025-10-29 12:10:00+05:30
134.8,134.99,134.8,134.88,699.0,1761720300.0,2025-10-29 12:15:00+05:30
134.96,134.98,134.4,134.4,9865.0,1761720600.0,2025-10-29 12:20:00+05:30
134.44,134.51,134.44,134.51,2395.0,1761720900.0,2025-10-29 12:25:00+05:30
134.51,134.6,134.36,134.36,5714.0,1761721200.0,2025-10-29 12:30:00+05:30
134.36,134.36,134.27,134.27,498.0,1761721500.0,2025-10-29 12:35:00+05:30
134.27,134.42,134.27,134.42,350.0,1761721800.0,2025-10-29 12:40:00+05:30
134.42,134.78,134.42,134.57,8268.0,1761722100.0,2025-10-29 12:45:00+05:30
134.57,134.79,134.53,134.75,808.0,1761722400.0,2025-10-29 12:50:00+05:30
134.75,134.75,134.5,134.5,1104.0,1761722700.0,2025-10-29 12:55:00+05:30
134.75,134.75,134.56,134.61,798.0,1761723000.0,2025-10-29 13:00:00+05:30
134.68,134.8,134.58,134.8,431.0,1761723300.0,2025-10-29 13:05:00+05:30
134.8,134.8,134.77,134.77,25.0,1761723600.0,2025-10-29 13:10:00+05:30
134.77,134.77,134.69,134.69,23.0,1761723900.0,2025-10-29 13:15:00+05:30
134.8,134.8,134.59,134.63,701.0,1761724200.0,2025-10-29 13:20:00+05:30
134.79,134.79,134.61,134.62,360.0,1761724500.0,2025-10-29 13:25:00+05:30
134.78,134.83,134.55,134.69,1158.0,1761724800.0,2025-10-29 13:30:00+05:30
134.69,134.84,134.69,134.81,176.0,1761725100.0,2025-10-29 13:35:00+05:30
134.83,134.99,134.5,134.79,8729.0,1761725400.0,2025-10-29 13:40:00+05:30
134.79,135.2,134.67,135.2,11111.0,1761725700.0,2025-10-29 13:45:00+05:30
135.81,136.8,135.71,136.65,44946.0,1761726000.0,2025-10-29 13:50:00+05:30
136.65,136.7,135.51,135.75,22472.0,1761726300.0,2025-10-29 13:55:00+05:30
135.69,135.8,134.71,135.03,18547.0,1761726600.0,2025-10-29 14:00:00+05:30
135.0,135.18,134.9,134.9,1397.0,1761726900.0,2025-10-29 14:05:00+05:30
134.9,134.94,134.88,134.94,268.0,1761727200.0,2025-10-29 14:10:00+05:30
134.94,134.94,134.79,134.79,211.0,1761727500.0,2025-10-29 14:15:00+05:30
134.8,135.15,134.8,135.12,72144.0,1761727800.0,2025-10-29 14:20:00+05:30
135.3,135.4,135.28,135.4,270.0,1761728100.0,2025-10-29 14:25:00+05:30
135.0,136.0,134.8,135.94,73303.0,1761728400.0,2025-10-29 14:30:00+05:30
135.91,135.91,134.82,134.99,46640.0,1761728700.0,2025-10-29 14:35:00+05:30
134.99,134.99,134.7,134.78,2301.0,1761729000.0,2025-10-29 14:40:00+05:30
134.65,134.78,133.98,134.16,12039.0,1761729300.0,2025-10-29 14:45:00+05:30
134.48,134.54,134.33,134.49,2689.0,1761729600.0,2025-10-29 14:50:00+05:30
134.48,134.72,134.48,134.54,3349.0,1761729900.0,2025-10-29 14:55:00+05:30
134.67,134.72,134.55,134.55,94.0,1761730200.0,2025-10-29 15:00:00+05:30
134.78,134.78,134.53,134.59,2911.0,1761730500.0,2025-10-29 15:05:00+05:30
134.5,135.0,134.5,134.81,4352.0,1761730800.0,2025-10-29 15:10:00+05:30
134.79,134.79,134.03,134.18,13860.0,1761731100.0,2025-10-29 15:15:00+05:30
134.46,134.8,133.32,133.47,45670.0,1761731400.0,2025-10-29 15:20:00+05:30
133.5,133.77,132.95,133.45,33624.0,1761731700.0,2025-10-29 15:25:00+05:30
134.91,135.85,134.04,135.63,28192.0,1761795900.0,2025-10-30 09:15:00+05:30
135.89,135.9,135.31,135.7,8587.0,1761796200.0,2025-10-30 09:20:00+05:30
135.7,136.6,135.5,136.2,15838.0,1761796500.0,2025-10-30 09:25:00+05:30
136.3,136.3,135.22,135.65,12542.0,1761796800.0,2025-10-30 09:30:00+05:30
135.65,135.82,135.17,135.17,3489.0,1761797100.0,2025-10-30 09:35:00+05:30
134.91,135.16,134.91,135.16,8812.0,1761797400.0,2025-10-30 09:40:00+05:30
134.97,135.32,134.97,135.29,4383.0,1761797700.0,2025-10-30 09:45:00+05:30
135.2,135.5,135.07,135.19,17425.0,1761798000.0,2025-10-30 09:50:00+05:30
135.2,135.58,135.2,135.26,4883.0,1761798300.0,2025-10-30 09:55:00+05:30
135.26,135.58,135.26,135.29,1109.0,1761798600.0,2025-10-30 10:00:00+05:30
135.25,135.31,134.88,134.91,6741.0,1761798900.0,2025-10-30 10:05:00+05:30
134.98,135.38,134.97,135.19,4815.0,1761799200.0,2025-10-30 10:10:00+05:30
135.27,135.27,134.52,134.7,2323.0,1761799500.0,2025-10-30 10:15:00+05:30
134.97,135.1,134.63,134.73,6205.0,1761799800.0,2025-10-30 10:20:00+05:30
134.96,135.02,134.61,134.84,1511.0,1761800100.0,2025-10-30 10:25:00+05:30
134.84,134.84,134.33,134.33,5315.0,1761800400.0,2025-10-30 10:30:00+05:30
134.54,134.63,134.53,134.63,353.0,1761800700.0,2025-10-30 10:35:00+05:30
134.63,134.72,134.41,134.41,1338.0,1761801000.0,2025-10-30 10:40:00+05:30
134.6,134.88,134.45,134.88,3278.0,1761801300.0,2025-10-30 10:45:00+05:30
134.92,135.58,134.75,135.58,6884.0,1761801600.0,2025-10-30 10:50:00+05:30
135.42,136.15,135.42,136.01,9511.0,1761801900.0,2025-10-30 10:55:00+05:30
136.15,136.3,136.05,136.3,2688.0,1761802200.0,2025-10-30 11:00:00+05:30
136.5,136.6,136.19,136.21,9560.0,1761802500.0,2025-10-30 11:05:00+05:30
136.21,136.21,135.5,135.66,19137.0,1761802800.0,2025-10-30 11:10:00+05:30
135.87,136.33,135.85,136.26,5138.0,1761803100.0,2025-10-30 11:15:00+05:30
136.04,136.19,136.03,136.19,368.0,1761803400.0,2025-10-30 11:20:00+05:30
136.03,136.03,135.9,135.9,125.0,1761803700.0,2025-10-30 11:25:00+05:30
135.9,136.6,135.76,136.57,9679.0,1761804000.0,2025-10-30 11:30:00+05:30
136.51,137.75,136.46,137.08,30314.0,1761804300.0,2025-10-30 11:35:00+05:30
137.47,137.7,137.16,137.7,18517.0,1761804600.0,2025-10-30 11:40:00+05:30
137.61,137.7,137.4,137.43,3834.0,1761804900.0,2025-10-30 11:45:00+05:30
137.6,137.6,137.01,137.06,2391.0,1761805200.0,2025-10-30 11:50:00+05:30
137.03,137.11,136.95,136.95,689.0,1761805500.0,2025-10-30 11:55:00+05:30
136.95,137.6,136.95,137.57,5108.0,1761805800.0,2025-10-30 12:00:00+05:30
137.38,139.5,137.38,138.7,46363.0,1761806100.0,2025-10-30 12:05:00+05:30
138.67,138.95,138.18,138.26,10208.0,1761806400.0,2025-10-30 12:10:00+05:30
138.03,138.61,137.95,138.61,12884.0,1761806700.0,2025-10-30 12:15:00+05:30
138.68,138.87,138.49,138.75,6568.0,1761807000.0,2025-10-30 12:20:00+05:30
138.6,138.82,138.54,138.73,9690.0,1761807300.0,2025-10-30 12:25:00+05:30
138.73,138.89,138.56,138.75,4747.0,1761807600.0,2025-10-30 12:30:00+05:30
138.9,139.7,138.5,139.7,29215.0,1761807900.0,2025-10-30 12:35:00+05:30
139.65,139.68,138.67,139.01,21114.0,1761808200.0,2025-10-30 12:40:00+05:30
139.19,139.38,139.0,139.3,21719.0,1761808500.0,2025-10-30 12:45:00+05:30
139.35,139.36,139.0,139.0,6031.0,1761808800.0,2025-10-30 12:50:00+05:30
139.0,139.0,138.61,138.86,5927.0,1761809100.0,2025-10-30 12:55:00+05:30
138.86,138.86,138.69,138.69,1029.0,1761809400.0,2025-10-30 13:00:00+05:30
138.69,138.73,138.5,138.5,8650.0,1761809700.0,2025-10-30 13:05:00+05:30
138.54,138.77,138.53,138.69,5848.0,1761810000.0,2025-10-30 13:10:00+05:30
138.69,138.69,138.52,138.68,1606.0,1761810300.0,2025-10-30 13:15:00+05:30
138.67,139.5,138.66,139.5,15389.0,1761810600.0,2025-10-30 13:20:00+05:30
139.33,139.8,139.25,139.25,15093.0,1761810900.0,2025-10-30 13:25:00+05:30
139.3,139.72,139.01,139.72,14918.0,1761811200.0,2025-10-30 13:30:00+05:30
139.71,139.71,139.44,139.6,3791.0,1761811500.0,2025-10-30 13:35:00+05:30
139.47,139.6,139.36,139.36,8273.0,1761811800.0,2025-10-30 13:40:00+05:30
139.27,139.27,138.0,138.22,30233.0,1761812100.0,2025-10-30 13:45:00+05:30
138.22,138.45,138.11,138.3,3982.0,1761812400.0,2025-10-30 13:50:00+05:30
138.4,138.46,138.2,138.2,4509.0,1761812700.0,2025-10-30 13:55:00+05:30
138.29,138.29,138.14,138.25,2763.0,1761813000.0,2025-10-30 14:00:00+05:30
138.2,138.47,138.07,138.07,7527.0,1761813300.0,2025-10-30 14:05:00+05:30
138.29,138.47,138.13,138.47,2004.0,1761813600.0,2025-10-30 14:10:00+05:30
138.46,138.5,138.11,138.33,3084.0,1761813900.0,2025-10-30 14:15:00+05:30
138.35,138.35,138.0,138.2,5261.0,1761814200.0,2025-10-30 14:20:00+05:30
138.19,138.2,137.49,137.5,19054.0,1761814500.0,2025-10-30 14:25:00+05:30
137.43,137.5,137.36,137.5,1147.0,1761814800.0,2025-10-30 14:30:00+05:30
137.5,137.5,137.3,137.31,4102.0,1761815100.0,2025-10-30 14:35:00+05:30
137.4,137.73,137.33,137.73,4812.0,1761815400.0,2025-10-30 14:40:00+05:30
137.73,137.78,137.65,137.65,258.0,1761815700.0,2025-10-30 14:45:00+05:30
137.8,137.8,137.5,137.6,2140.0,1761816000.0,2025-10-30 14:50:00+05:30
137.7,137.7,136.0,136.37,40189.0,1761816300.0,2025-10-30 14:55:00+05:30
136.38,136.63,135.87,136.0,21884.0,1761816600.0,2025-10-30 15:00:00+05:30
135.91,136.2,135.49,136.2,16891.0,1761816900.0,2025-10-30 15:05:00+05:30
136.2,136.49,136.09,136.49,3999.0,1761817200.0,2025-10-30 15:10:00+05:30
136.5,136.63,136.2,136.6,9567.0,1761817500.0,2025-10-30 15:15:00+05:30
136.71,136.98,136.15,136.34,12626.0,1761817800.0,2025-10-30 15:20:00+05:30
136.36,136.77,135.55,135.98,20073.0,1761818100.0,2025-10-30 15:25:00+05:30
136.99,138.3,136.86,137.84,30703.0,1761882300.0,2025-10-31 09:15:00+05:30
137.87,138.2,137.6,137.91,7145.0,1761882600.0,2025-10-31 09:20:00+05:30
137.89,138.27,137.88,138.1,6711.0,1761882900.0,2025-10-31 09:25:00+05:30
138.1,138.2,137.5,137.8,7845.0,1761883200.0,2025-10-31 09:30:00+05:30
137.55,137.55,137.23,137.53,2620.0,1761883500.0,2025-10-31 09:35:00+05:30
137.34,137.5,137.16,137.16,3223.0,1761883800.0,2025-10-31 09:40:00+05:30
137.11,137.14,136.2,136.45,12902.0,1761884100.0,2025-10-31 09:45:00+05:30
136.45,136.6,136.33,136.44,2156.0,1761884400.0,2025-10-31 09:50:00+05:30
136.44,136.45,136.18,136.18,10318.0,1761884700.0,2025-10-31 09:55:00+05:30
136.18,136.18,135.77,135.96,4254.0,1761885000.0,2025-10-31 10:00:00+05:30
135.81,135.82,135.57,135.76,11269.0,1761885300.0,2025-10-31 10:05:00+05:30
135.71,135.84,135.6,135.84,2907.0,1761885600.0,2025-10-31 10:10:00+05:30
135.72,135.87,135.55,135.61,10884.0,1761885900.0,2025-10-31 10:15:00+05:30
135.65,135.65,135.4,135.4,1210.0,1761886200.0,2025-10-31 10:20:00+05:30
135.4,135.59,135.18,135.3,1971.0,1761886500.0,2025-10-31 10:25:00+05:30
135.3,135.37,135.3,135.36,1475.0,1761886800.0,2025-10-31 10:30:00+05:30
135.3,135.37,135.0,135.25,4290.0,1761887100.0,2025-10-31 10:35:00+05:30
135.07,135.39,135.02,135.02,2088.0,1761887400.0,2025-10-31 10:40:00+05:30
135.0,135.35,135.0,135.11,1769.0,1761887700.0,2025-10-31 10:45:00+05:30
135.11,135.38,135.02,135.11,2317.0,1761888000.0,2025-10-31 10:50:00+05:30
135.2,135.24,135.02,135.02,1082.0,1761888300.0,2025-10-31 10:55:00+05:30
135.17,135.98,135.02,135.98,11260.0,1761888600.0,2025-10-31 11:00:00+05:30
135.98,136.99,135.81,136.66,12282.0,1761888900.0,2025-10-31 11:05:00+05:30
136.66,136.93,136.51,136.7,3905.0,1761889200.0,2025-10-31 11:10:00+05:30
136.84,136.84,136.56,136.56,509.0,1761889500.0,2025-10-31 11:15:00+05:30
136.65,137.05,136.5,137.03,3355.0,1761889800.0,2025-10-31 11:20:00+05:30
137.36,138.0,137.0,137.01,15070.0,1761890100.0,2025-10-31 11:25:00+05:30
137.1,137.76,137.1,137.45,10777.0,1761890400.0,2025-10-31 11:30:00+05:30
137.45,137.45,137.35,137.35,1345.0,1761890700.0,2025-10-31 11:35:00+05:30
137.35,137.35,137.1,137.3,1418.0,1761891000.0,2025-10-31 11:40:00+05:30
137.3,137.6,137.3,137.6,5153.0,1761891300.0,2025-10-31 11:45:00+05:30
137.5,137.5,137.2,137.3,1309.0,1761891600.0,2025-10-31 11:50:00+05:30
137.2,137.2,136.95,136.95,3751.0,1761891900.0,2025-10-31 11:55:00+05:30
137.05,137.05,136.62,136.92,1165.0,1761892200.0,2025-10-31 12:00:00+05:30
136.92,136.92,136.62,136.62,1953.0,1761892500.0,2025-10-31 12:05:00+05:30
136.62,136.91,136.62,136.91,667.0,1761892800.0,2025-10-31 12:10:00+05:30
136.91,136.91,136.73,136.77,134.0,1761893100.0,2025-10-31 12:15:00+05:30
136.75,136.87,136.7,136.87,252.0,1761893400.0,2025-10-31 12:20:00+05:30
136.9,137.3,136.87,137.04,3601.0,1761893700.0,2025-10-31 12:25:00+05:30
137.04,137.51,137.04,137.28,3149.0,1761894000.0,2025-10-31 12:30:00+05:30
137.28,137.37,137.28,137.37,100.0,1761894300.0,2025-10-31 12:35:00+05:30
137.17,137.37,137.17,137.37,229.0,1761894600.0,2025-10-31 12:40:00+05:30
137.18,137.31,137.17,137.17,134.0,1761894900.0,2025-10-31 12:45:00+05:30
137.16,137.28,137.13,137.13,55.0,1761895200.0,2025-10-31 12:50:00+05:30
137.13,137.29,137.13,137.16,78.0,1761895500.0,2025-10-31 12:55:00+05:30
137.16,137.29,136.86,137.06,11273.0,1761895800.0,2025-10-31 13:00:00+05:30
137.03,137.43,136.99,137.34,1421.0,1761896100.0,2025-10-31 13:05:00+05:30
137.7,137.75,137.32,137.75,5304.0,1761896400.0,2025-10-31 13:10:00+05:30
137.65,137.85,137.55,137.55,1644.0,1761896700.0,2025-10-31 13:15:00+05:30
137.44,137.62,137.31,137.61,4625.0,1761897000.0,2025-10-31 13:20:00+05:30
137.61,138.0,137.53,137.64,12615.0,1761897300.0,2025-10-31 13:25:00+05:30
137.67,137.96,137.67,137.96,1937.0,1761897600.0,2025-10-31 13:30:00+05:30
137.85,137.85,137.57,137.57,142.0,1761897900.0,2025-10-31 13:35:00+05:30
137.69,137.99,137.69,137.77,1653.0,1761898200.0,2025-10-31 13:40:00+05:30
137.77,137.89,137.69,137.87,964.0,1761898500.0,2025-10-31 13:45:00+05:30
137.79,137.79,137.62,137.66,634.0,1761898800.0,2025-10-31 13:50:00+05:30
137.66,137.7,137.57,137.57,621.0,1761899100.0,2025-10-31 13:55:00+05:30
137.57,137.69,137.57,137.69,159.0,1761899400.0,2025-10-31 14:00:00+05:30
137.68,137.87,137.51,137.8,1907.0,1761899700.0,2025-10-31 14:05:00+05:30
137.52,137.89,137.52,137.65,1390.0,1761900000.0,2025-10-31 14:10:00+05:30
137.76,137.81,137.68,137.68,695.0,1761900300.0,2025-10-31 14:15:00+05:30
137.81,137.81,137.68,137.7,1755.0,1761900600.0,2025-10-31 14:20:00+05:30
137.71,138.07,137.71,137.98,3150.0,1761900900.0,2025-10-31 14:25:00+05:30
138.02,138.87,137.98,138.3,15659.0,1761901200.0,2025-10-31 14:30:00+05:30
138.28,138.43,138.2,138.2,565.0,1761901500.0,2025-10-31 14:35:00+05:30
138.02,138.23,138.02,138.23,1317.0,1761901800.0,2025-10-31 14:40:00+05:30
138.23,138.4,138.18,138.39,1348.0,1761902100.0,2025-10-31 14:45:00+05:30
138.1,138.1,137.62,137.62,4507.0,1761902400.0,2025-10-31 14:50:00+05:30
137.61,137.96,137.61,137.96,1387.0,1761902700.0,2025-10-31 14:55:00+05:30
138.0,138.07,137.85,137.93,2734.0,1761903000.0,2025-10-31 15:00:00+05:30
137.93,138.9,137.93,138.56,12601.0,1761903300.0,2025-10-31 15:05:00+05:30
138.73,138.73,136.33,136.52,58843.0,1761903600.0,2025-10-31 15:10:00+05:30
136.52,137.2,136.52,136.62,19553.0,1761903900.0,2025-10-31 15:15:00+05:30
136.71,136.96,136.5,136.87,14488.0,1761904200.0,2025-10-31 15:20:00+05:30
136.88,137.1,136.0,136.0,14160.0,1761904500.0,2025-10-31 15:25:00+05:30
137.72,137.72,136.16,136.91,6834.0,1762141500.0,2025-11-03 09:15:00+05:30
136.72,137.4,136.67,137.28,3386.0,1762141800.0,2025-11-03 09:20:00+05:30
137.28,138.8,137.1,138.42,10296.0,1762142100.0,2025-11-03 09:25:00+05:30
138.63,138.63,138.12,138.29,6469.0,1762142400.0,2025-11-03 09:30:00+05:30
138.29,138.3,138.11,138.3,3905.0,1762142700.0,2025-11-03 09:35:00+05:30
138.3,138.43,137.82,137.94,3015.0,1762143000.0,2025-11-03 09:40:00+05:30
137.94,137.95,137.68,137.69,881.0,1762143300.0,2025-11-03 09:45:00+05:30
137.67,137.8,137.05,137.1,10633.0,1762143600.0,2025-11-03 09:50:00+05:30
137.1,137.67,136.91,137.23,16333.0,1762143900.0,2025-11-03 09:55:00+05:30
137.23,137.32,137.12,137.18,372.0,1762144200.0,2025-11-03 10:00:00+05:30
137.2,137.28,136.91,137.03,1708.0,1762144500.0,2025-11-03 10:05:00+05:30
136.86,137.02,136.56,136.56,1533.0,1762144800.0,2025-11-03 10:10:00+05:30
136.63,136.71,136.5,136.62,782.0,1762145100.0,2025-11-03 10:15:00+05:30
136.52,136.72,136.48,136.64,3056.0,1762145400.0,2025-11-03 10:20:00+05:30
136.79,136.87,136.47,136.87,5287.0,1762145700.0,2025-11-03 10:25:00+05:30
136.91,137.38,136.65,137.14,156535.0,1762146000.0,2025-11-03 10:30:00+05:30
137.38,137.43,137.16,137.2,908.0,1762146300.0,2025-11-03 10:35:00+05:30
137.2,137.21,137.03,137.09,1299.0,1762146600.0,2025-11-03 10:40:00+05:30
137.05,137.05,136.62,136.73,5168.0,1762146900.0,2025-11-03 10:45:00+05:30
136.81,137.0,136.27,136.27,5863.0,1762147200.0,2025-11-03 10:50:00+05:30
136.39,136.39,135.89,135.89,4772.0,1762147500.0,2025-11-03 10:55:00+05:30
135.97,136.14,135.81,136.03,1498.0,1762147800.0,2025-11-03 11:00:00+05:30
136.12,136.43,136.02,136.29,5073.0,1762148100.0,2025-11-03 11:05:00+05:30
136.28,136.44,136.11,136.14,1133.0,1762148400.0,2025-11-03 11:10:00+05:30
136.2,136.44,136.2,136.25,2282.0,1762148700.0,2025-11-03 11:15:00+05:30
136.25,136.34,136.25,136.34,172.0,1762149000.0,2025-11-03 11:20:00+05:30
136.34,136.34,136.1,136.15,4475.0,1762149300.0,2025-11-03 11:25:00+05:30
136.02,136.2,135.8,136.2,3986.0,1762149600.0,2025-11-03 11:30:00+05:30
135.91,135.91,135.82,135.89,2871.0,1762149900.0,2025-11-03 11:35:00+05:30
135.93,136.1,135.93,136.1,781.0,1762150200.0,2025-11-03 11:40:00+05:30
136.1,136.1,135.71,136.1,7761.0,1762150500.0,2025-11-03 11:45:00+05:30
136.1,136.29,136.1,136.25,646.0,1762150800.0,2025-11-03 11:50:00+05:30
136.25,136.25,136.08,136.1,3857.0,1762151100.0,2025-11-03 11:55:00+05:30
136.2,136.46,136.16,136.39,3055.0,1762151400.0,2025-11-03 12:00:00+05:30
136.38,136.38,136.14,136.14,98.0,1762151700.0,2025-11-03 12:05:00+05:30
136.29,136.33,136.27,136.33,305.0,1762152000.0,2025-11-03 12:10:00+05:30
136.33,136.33,136.06,136.2,835.0,1762152300.0,2025-11-03 12:15:00+05:30
136.2,136.23,136.05,136.05,557.0,1762152600.0,2025-11-03 12:20:00+05:30
136.17,136.22,136.04,136.04,812.0,1762152900.0,2025-11-03 12:25:00+05:30
136.04,136.23,136.0,136.04,727.0,1762153200.0,2025-11-03 12:30:00+05:30
136.04,136.11,135.86,135.86,1356.0,1762153500.0,2025-11-03 12:35:00+05:30
135.86,136.1,135.86,135.94,1002.0,1762153800.0,2025-11-03 12:40:00+05:30
135.94,135.99,135.94,135.99,472.0,1762154100.0,2025-11-03 12:45:00+05:30
135.99,136.05,135.99,136.05,1502.0,1762154400.0,2025-11-03 12:50:00+05:30
136.29,137.82,136.25,137.43,15929.0,1762154700.0,2025-11-03 12:55:00+05:30
137.74,137.74,137.08,137.28,1975.0,1762155000.0,2025-11-03 13:00:00+05:30
137.28,137.67,137.09,137.67,2036.0,1762155300.0,2025-11-03 13:05:00+05:30
137.67,137.74,137.41,137.61,1484.0,1762155600.0,2025-11-03 13:10:00+05:30
137.74,137.75,137.54,137.54,921.0,1762155900.0,2025-11-03 13:15:00+05:30
137.67,137.81,137.6,137.61,3875.0,1762156200.0,2025-11-03 13:20:00+05:30
137.77,137.77,137.5,137.76,6579.0,1762156500.0,2025-11-03 13:25:00+05:30
137.76,137.76,137.64,137.64,43.0,1762156800.0,2025-11-03 13:30:00+05:30
137.76,137.76,137.65,137.7,2141.0,1762157100.0,2025-11-03 13:35:00+05:30
137.7,138.66,137.65,138.59,5208.0,1762157400.0,2025-11-03 13:40:00+05:30
138.63,139.0,138.54,138.63,6781.0,1762157700.0,2025-11-03 13:45:00+05:30
138.63,138.66,138.26,138.35,2605.0,1762158000.0,2025-11-03 13:50:00+05:30
138.35,138.41,137.65,137.83,3849.0,1762158300.0,2025-11-03 13:55:00+05:30
137.82,138.29,137.82,138.25,564.0,1762158600.0,2025-11-03 14:00:00+05:30
138.04,138.31,137.98,138.31,987.0,1762158900.0,2025-11-03 14:05:00+05:30
138.37,138.5,138.31,138.5,1137.0,1762159200.0,2025-11-03 14:10:00+05:30
139.0,140.29,138.45,139.71,53156.0,1762159500.0,2025-11-03 14:15:00+05:30
139.71,139.88,139.58,139.71,11391.0,1762159800.0,2025-11-03 14:20:00+05:30
139.59,140.4,139.59,139.99,15254.0,1762160100.0,2025-11-03 14:25:00+05:30
139.95,140.25,139.86,139.93,11903.0,1762160400.0,2025-11-03 14:30:00+05:30
139.77,140.45,139.77,140.06,11463.0,1762160700.0,2025-11-03 14:35:00+05:30
140.13,140.44,140.03,140.4,19208.0,1762161000.0,2025-11-03 14:40:00+05:30
140.35,140.75,140.25,140.75,5850.0,1762161300.0,2025-11-03 14:45:00+05:30
140.75,140.75,140.27,140.31,11492.0,1762161600.0,2025-11-03 14:50:00+05:30
140.25,140.49,140.25,140.25,4006.0,1762161900.0,2025-11-03 14:55:00+05:30
140.26,140.66,140.26,140.6,6023.0,1762162200.0,2025-11-03 15:00:00+05:30
140.53,140.9,140.53,140.88,11701.0,1762162500.0,2025-11-03 15:05:00+05:30
140.84,140.84,140.45,140.47,7860.0,1762162800.0,2025-11-03 15:10:00+05:30
140.45,140.8,140.41,140.69,15606.0,1762163100.0,2025-11-03 15:15:00+05:30
140.71,141.36,140.69,141.27,34132.0,1762163400.0,2025-11-03 15:20:00+05:30
141.27,142.22,141.17,142.0,40154.0,1762163700.0,2025-11-03 15:25:00+05:30
141.73,142.48,141.5,141.89,30922.0,1762227900.0,2025-11-04 09:15:00+05:30
141.61,141.92,141.61,141.61,5654.0,1762228200.0,2025-11-04 09:20:00+05:30
141.5,141.61,141.0,141.0,8755.0,1762228500.0,2025-11-04 09:25:00+05:30
140.99,141.03,140.51,140.67,4991.0,1762228800.0,2025-11-04 09:30:00+05:30
140.67,140.84,140.67,140.7,5452.0,1762229100.0,2025-11-04 09:35:00+05:30
140.7,140.7,140.4,140.4,8049.0,1762229400.0,2025-11-04 09:40:00+05:30
140.49,140.49,139.69,139.86,8023.0,1762229700.0,2025-11-04 09:45:00+05:30
139.72,139.89,139.61,139.89,2096.0,1762230000.0,2025-11-04 09:50:00+05:30
139.89,139.89,139.59,139.66,3673.0,1762230300.0,2025-11-04 09:55:00+05:30
139.61,139.69,139.39,139.69,2381.0,1762230600.0,2025-11-04 10:00:00+05:30
139.78,139.79,139.5,139.52,4071.0,1762230900.0,2025-11-04 10:05:00+05:30
139.55,139.76,139.55,139.71,317.0,1762231200.0,2025-11-04 10:10:00+05:30
139.71,139.71,139.5,139.5,5177.0,1762231500.0,2025-11-04 10:15:00+05:30
139.5,139.5,139.32,139.32,7412.0,1762231800.0,2025-11-04 10:20:00+05:30
139.32,139.48,139.31,139.36,1137.0,1762232100.0,2025-11-04 10:25:00+05:30
139.33,139.33,139.32,139.33,1815.0,1762232400.0,2025-11-04 10:30:00+05:30
139.33,139.78,139.33,139.51,4699.0,1762232700.0,2025-11-04 10:35:00+05:30
139.59,140.28,139.59,140.28,5640.0,1762233000.0,2025-11-04 10:40:00+05:30
140.12,140.64,140.12,140.64,2800.0,1762233300.0,2025-11-04 10:45:00+05:30
140.64,141.0,140.5,140.65,5036.0,1762233600.0,2025-11-04 10:50:00+05:30
140.65,140.99,140.34,140.83,7354.0,1762233900.0,2025-11-04 10:55:00+05:30
140.9,141.34,140.9,141.34,4581.0,1762234200.0,2025-11-04 11:00:00+05:30
141.27,141.59,141.13,141.53,4867.0,1762234500.0,2025-11-04 11:05:00+05:30
141.8,142.65,141.8,142.5,15161.0,1762234800.0,2025-11-04 11:10:00+05:30
142.4,142.9,142.4,142.45,10561.0,1762235100.0,2025-11-04 11:15:00+05:30
142.4,142.4,141.27,141.28,24290.0,1762235400.0,2025-11-04 11:20:00+05:30
141.5,141.66,141.4,141.4,3233.0,1762235700.0,2025-11-04 11:25:00+05:30
141.4,141.59,141.28,141.43,3820.0,1762236000.0,2025-11-04 11:30:00+05:30
141.48,141.98,141.44,141.9,8327.0,1762236300.0,2025-11-04 11:35:00+05:30
142.0,142.0,141.9,141.9,5655.0,1762236600.0,2025-11-04 11:40:00+05:30
141.9,141.9,141.11,141.25,7044.0,1762236900.0,2025-11-04 11:45:00+05:30
141.2,141.32,141.1,141.1,1756.0,1762237200.0,2025-11-04 11:50:00+05:30
141.21,141.21,141.2,141.2,371.0,1762237500.0,2025-11-04 11:55:00+05:30
141.1,141.21,141.05,141.07,1093.0,1762237800.0,2025-11-04 12:00:00+05:30
141.29,141.32,141.2,141.2,5900.0,1762238100.0,2025-11-04 12:05:00+05:30
141.2,141.42,141.11,141.2,1675.0,1762238400.0,2025-11-04 12:10:00+05:30
141.2,141.9,141.2,141.9,2138.0,1762238700.0,2025-11-04 12:15:00+05:30
141.7,141.86,141.61,141.61,1762.0,1762239000.0,2025-11-04 12:20:00+05:30
141.61,141.61,141.4,141.59,6596.0,1762239300.0,2025-11-04 12:25:00+05:30
141.62,141.62,141.5,141.51,694.0,1762239600.0,2025-11-04 12:30:00+05:30
141.5,141.6,140.9,140.9,6919.0,1762239900.0,2025-11-04 12:35:00+05:30
140.9,141.01,140.83,140.83,286.0,1762240200.0,2025-11-04 12:40:00+05:30
140.83,140.83,140.73,140.73,568.0,1762240500.0,2025-11-04 12:45:00+05:30
140.68,140.9,140.68,140.88,666.0,1762240800.0,2025-11-04 12:50:00+05:30
140.88,140.91,140.64,140.64,691.0,1762241100.0,2025-11-04 12:55:00+05:30
140.6,140.6,140.54,140.54,1229.0,1762241400.0,2025-11-04 13:00:00+05:30
140.5,140.5,138.52,138.54,56030.0,1762241700.0,2025-11-04 13:05:00+05:30
138.5,138.5,136.26,136.66,33779.0,1762242000.0,2025-11-04 13:10:00+05:30
136.85,137.3,136.58,136.97,11711.0,1762242300.0,2025-11-04 13:15:00+05:30
137.0,137.01,134.15,135.04,62096.0,1762242600.0,2025-11-04 13:20:00+05:30
135.15,136.4,134.61,135.0,59755.0,1762242900.0,2025-11-04 13:25:00+05:30
135.0,135.13,134.6,134.75,21074.0,1762243200.0,2025-11-04 13:30:00+05:30
134.75,135.0,134.65,134.94,16002.0,1762243500.0,2025-11-04 13:35:00+05:30
134.95,135.0,134.8,135.0,7007.0,1762243800.0,2025-11-04 13:40:00+05:30
134.99,134.99,134.8,134.94,3006.0,1762244100.0,2025-11-04 13:45:00+05:30
134.95,134.99,134.85,134.89,2817.0,1762244400.0,2025-11-04 13:50:00+05:30
134.89,135.37,134.89,135.17,13527.0,1762244700.0,2025-11-04 13:55:00+05:30
135.34,135.34,135.11,135.13,5283.0,1762245000.0,2025-11-04 14:00:00+05:30
135.17,135.74,135.16,135.62,9302.0,1762245300.0,2025-11-04 14:05:00+05:30
135.79,135.83,135.53,135.6,5537.0,1762245600.0,2025-11-04 14:10:00+05:30
135.6,135.99,135.6,135.66,5631.0,1762245900.0,2025-11-04 14:15:00+05:30
135.64,135.77,135.54,135.71,1378.0,1762246200.0,2025-11-04 14:20:00+05:30
135.65,135.84,135.01,135.01,14034.0,1762246500.0,2025-11-04 14:25:00+05:30
135.11,135.5,135.11,135.5,12300.0,1762246800.0,2025-11-04 14:30:00+05:30
135.5,135.5,135.3,135.5,6581.0,1762247100.0,2025-11-04 14:35:00+05:30
135.49,135.93,135.32,135.7,6360.0,1762247400.0,2025-11-04 14:40:00+05:30
135.6,135.86,135.25,135.74,14485.0,1762247700.0,2025-11-04 14:45:00+05:30
135.74,135.74,135.39,135.7,89650.0,1762248000.0,2025-11-04 14:50:00+05:30
135.7,136.11,135.7,136.11,8342.0,1762248300.0,2025-11-04 14:55:00+05:30
136.11,136.43,136.11,136.28,5103.0,1762248600.0,2025-11-04 15:00:00+05:30
136.4,136.89,136.34,136.71,7395.0,1762248900.0,2025-11-04 15:05:00+05:30
136.76,137.31,136.57,137.12,23779.0,1762249200.0,2025-11-04 15:10:00+05:30
137.05,137.3,136.95,137.12,13771.0,1762249500.0,2025-11-04 15:15:00+05:30
137.07,137.2,136.95,137.18,22265.0,1762249800.0,2025-11-04 15:20:00+05:30
137.2,138.4,137.0,137.35,22241.0,1762250100.0,2025-11-04 15:25:00+05:30
136.99,138.15,136.71,137.7,21880.0,1762400700.0,2025-11-06 09:15:00+05:30
137.96,138.08,137.25,137.8,12118.0,1762401000.0,2025-11-06 09:20:00+05:30
137.77,137.77,136.73,136.8,5704.0,1762401300.0,2025-11-06 09:25:00+05:30
136.96,136.96,135.79,135.99,11920.0,1762401600.0,2025-11-06 09:30:00+05:30
136.03,136.03,135.53,135.73,1223.0,1762401900.0,2025-11-06 09:35:00+05:30
135.57,135.73,134.9,134.9,4875.0,1762402200.0,2025-11-06 09:40:00+05:30
135.01,135.29,134.75,134.75,3697.0,1762402500.0,2025-11-06 09:45:00+05:30
134.87,135.03,134.56,134.72,2723.0,1762402800.0,2025-11-06 09:50:00+05:30
134.65,134.89,134.55,134.89,9286.0,1762403100.0,2025-11-06 09:55:00+05:30
134.88,134.96,134.63,134.8,2555.0,1762403400.0,2025-11-06 10:00:00+05:30
134.8,134.87,134.58,134.75,1308.0,1762403700.0,2025-11-06 10:05:00+05:30
134.82,134.9,134.51,134.8,2309.0,1762404000.0,2025-11-06 10:10:00+05:30
134.64,134.8,134.59,134.65,3399.0,1762404300.0,2025-11-06 10:15:00+05:30
134.73,134.82,134.68,134.68,436.0,1762404600.0,2025-11-06 10:20:00+05:30
134.83,134.87,134.8,134.86,688.0,1762404900.0,2025-11-06 10:25:00+05:30
134.85,135.0,134.52,134.97,12188.0,1762405200.0,2025-11-06 10:30:00+05:30
134.97,135.16,134.51,134.52,2397.0,1762405500.0,2025-11-06 10:35:00+05:30
134.51,134.6,134.22,134.43,16532.0,1762405800.0,2025-11-06 10:40:00+05:30
134.28,134.42,134.28,134.42,327.0,1762406100.0,2025-11-06 10:45:00+05:30
134.41,134.41,134.24,134.4,643.0,1762406400.0,2025-11-06 10:50:00+05:30
134.4,134.6,134.4,134.6,109.0,1762406700.0,2025-11-06 10:55:00+05:30
134.59,134.59,134.22,134.36,3849.0,1762407000.0,2025-11-06 11:00:00+05:30
134.47,134.47,134.2,134.25,1379.0,1762407300.0,2025-11-06 11:05:00+05:30
134.41,134.77,134.41,134.74,322.0,1762407600.0,2025-11-06 11:10:00+05:30
134.68,134.75,134.35,134.5,4668.0,1762407900.0,2025-11-06 11:15:00+05:30
134.3,134.39,134.19,134.19,1503.0,1762408200.0,2025-11-06 11:20:00+05:30
134.27,134.37,134.14,134.37,249.0,1762408500.0,2025-11-06 11:25:00+05:30
134.3,134.51,134.01,134.01,1721.0,1762408800.0,2025-11-06 11:30:00+05:30
134.04,134.17,134.04,134.04,255.0,1762409100.0,2025-11-06 11:35:00+05:30
134.19,134.19,133.11,133.6,14430.0,1762409400.0,2025-11-06 11:40:00+05:30
133.7,134.0,133.69,134.0,2429.0,1762409700.0,2025-11-06 11:45:00+05:30
133.88,133.94,133.76,133.76,357.0,1762410000.0,2025-11-06 11:50:00+05:30
133.76,134.9,133.76,134.84,23542.0,1762410300.0,2025-11-06 11:55:00+05:30
134.9,135.6,134.9,135.41,8094.0,1762410600.0,2025-11-06 12:00:00+05:30
135.6,135.6,135.35,135.48,1442.0,1762410900.0,2025-11-06 12:05:00+05:30
135.48,135.69,135.32,135.32,1116.0,1762411200.0,2025-11-06 12:10:00+05:30
135.4,135.4,135.16,135.16,913.0,1762411500.0,2025-11-06 12:15:00+05:30
135.16,135.4,135.05,135.37,2110.0,1762411800.0,2025-11-06 12:20:00+05:30
135.36,135.66,135.36,135.54,534.0,1762412100.0,2025-11-06 12:25:00+05:30
135.33,135.54,135.18,135.29,2667.0,1762412400.0,2025-11-06 12:30:00+05:30
135.29,135.8,135.29,135.62,1419.0,1762412700.0,2025-11-06 12:35:00+05:30
135.62,135.8,135.5,135.68,3027.0,1762413000.0,2025-11-06 12:40:00+05:30
135.68,135.9,135.51,135.9,1435.0,1762413300.0,2025-11-06 12:45:00+05:30
135.9,135.9,135.6,135.62,2069.0,1762413600.0,2025-11-06 12:50:00+05:30
135.75,135.75,135.5,135.6,1680.0,1762413900.0,2025-11-06 12:55:00+05:30
135.6,135.6,135.6,135.6,252.0,1762414200.0,2025-11-06 13:00:00+05:30
135.6,135.6,135.51,135.51,469.0,1762414500.0,2025-11-06 13:05:00+05:30
135.5,135.5,135.0,135.06,6135.0,1762414800.0,2025-11-06 13:10:00+05:30
135.06,135.21,135.06,135.08,542.0,1762415100.0,2025-11-06 13:15:00+05:30
135.01,135.08,134.93,135.0,555.0,1762415400.0,2025-11-06 13:20:00+05:30
135.16,135.16,134.96,135.0,67.0,1762415700.0,2025-11-06 13:25:00+05:30
135.0,135.07,134.71,135.05,3447.0,1762416000.0,2025-11-06 13:30:00+05:30
135.17,135.17,134.95,134.95,33.0,1762416300.0,2025-11-06 13:35:00+05:30
134.95,135.03,134.87,134.9,123.0,1762416600.0,2025-11-06 13:40:00+05:30
134.87,135.01,134.81,134.98,1380.0,1762416900.0,2025-11-06 13:45:00+05:30
134.98,135.04,134.85,134.95,279.0,1762417200.0,2025-11-06 13:50:00+05:30
134.95,134.98,134.82,134.94,338.0,1762417500.0,2025-11-06 13:55:00+05:30
134.96,135.5,134.83,135.5,2426.0,1762417800.0,2025-11-06 14:00:00+05:30
135.36,135.8,135.36,135.75,3040.0,1762418100.0,2025-11-06 14:05:00+05:30
135.64,135.96,135.56,135.96,13525.0,1762418400.0,2025-11-06 14:10:00+05:30
135.96,136.0,135.86,135.93,1105.0,1762418700.0,2025-11-06 14:15:00+05:30
135.85,136.2,135.85,136.2,709.0,1762419000.0,2025-11-06 14:20:00+05:30
136.2,136.68,136.2,136.54,4897.0,1762419300.0,2025-11-06 14:25:00+05:30
136.53,136.55,136.34,136.36,977.0,1762419600.0,2025-11-06 14:30:00+05:30
136.36,136.55,136.35,136.55,689.0,1762419900.0,2025-11-06 14:35:00+05:30
136.3,136.45,136.2,136.45,3787.0,1762420200.0,2025-11-06 14:40:00+05:30
136.45,136.45,136.06,136.06,2532.0,1762420500.0,2025-11-06 14:45:00+05:30
136.02,136.4,136.0,136.0,5814.0,1762420800.0,2025-11-06 14:50:00+05:30
135.92,136.48,135.92,136.48,2275.0,1762421100.0,2025-11-06 14:55:00+05:30
136.53,136.67,136.37,136.42,3095.0,1762421400.0,2025-11-06 15:00:00+05:30
136.33,136.46,136.28,136.4,11221.0,1762421700.0,2025-11-06 15:05:00+05:30
136.4,136.47,135.95,136.39,7905.0,1762422000.0,2025-11-06 15:10:00+05:30
136.4,136.6,136.0,136.57,23596.0,1762422300.0,2025-11-06 15:15:00+05:30
136.4,136.6,136.22,136.5,9102.0,1762422600.0,2025-11-06 15:20:00+05:30
136.57,136.6,136.33,136.6,8813.0,1762422900.0,2025-11-06 15:25:00+05:30
136.31,136.46,134.4,134.61,11838.0,1762487100.0,2025-11-07 09:15:00+05:30
134.64,134.64,133.8,134.02,27897.0,1762487400.0,2025-11-07 09:20:00+05:30
134.04,134.56,133.98,134.38,2971.0,1762487700.0,2025-11-07 09:25:00+05:30
134.24,134.29,133.64,133.79,8152.0,1762488000.0,2025-11-07 09:30:00+05:30
133.94,134.01,133.58,133.98,2816.0,1762488300.0,2025-11-07 09:35:00+05:30
133.75,133.75,133.45,133.46,3964.0,1762488600.0,2025-11-07 09:40:00+05:30
133.46,133.83,133.23,133.83,4601.0,1762488900.0,2025-11-07 09:45:00+05:30
133.65,134.11,133.64,134.1,3432.0,1762489200.0,2025-11-07 09:50:00+05:30
134.08,134.08,133.63,133.63,893.0,1762489500.0,2025-11-07 09:55:00+05:30
133.64,133.97,133.6,133.6,2690.0,1762489800.0,2025-11-07 10:00:00+05:30
133.76,133.76,132.51,132.9,28416.0,1762490100.0,2025-11-07 10:05:00+05:30
132.89,133.09,132.52,133.04,15722.0,1762490400.0,2025-11-07 10:10:00+05:30
132.87,132.98,132.4,132.57,11134.0,1762490700.0,2025-11-07 10:15:00+05:30
132.69,132.84,132.2,132.65,14496.0,1762491000.0,2025-11-07 10:20:00+05:30
132.84,133.15,132.66,133.06,3202.0,1762491300.0,2025-11-07 10:25:00+05:30
133.06,133.4,133.0,133.4,4279.0,1762491600.0,2025-11-07 10:30:00+05:30
133.23,133.54,133.23,133.53,2187.0,1762491900.0,2025-11-07 10:35:00+05:30
133.64,133.71,133.49,133.49,2269.0,1762492200.0,2025-11-07 10:40:00+05:30
133.49,133.66,133.49,133.62,412.0,1762492500.0,2025-11-07 10:45:00+05:30
133.62,133.65,133.49,133.64,1274.0,1762492800.0,2025-11-07 10:50:00+05:30
133.49,133.54,133.35,133.46,317.0,1762493100.0,2025-11-07 10:55:00+05:30
133.47,133.73,133.35,133.52,1523.0,1762493400.0,2025-11-07 11:00:00+05:30
133.54,133.68,133.5,133.5,832.0,1762493700.0,2025-11-07 11:05:00+05:30
133.51,133.51,133.1,133.16,5104.0,1762494000.0,2025-11-07 11:10:00+05:30
133.16,133.37,133.16,133.37,381.0,1762494300.0,2025-11-07 11:15:00+05:30
133.37,133.55,133.3,133.54,471.0,1762494600.0,2025-11-07 11:20:00+05:30
133.55,133.68,133.52,133.68,919.0,1762494900.0,2025-11-07 11:25:00+05:30
133.53,134.07,133.53,134.07,6838.0,1762495200.0,2025-11-07 11:30:00+05:30
134.3,134.5,134.02,134.13,27118.0,1762495500.0,2025-11-07 11:35:00+05:30
134.08,134.25,134.08,134.09,918.0,1762495800.0,2025-11-07 11:40:00+05:30
134.09,134.2,134.0,134.0,410.0,1762496100.0,2025-11-07 11:45:00+05:30
133.99,133.99,133.39,133.62,5688.0,1762496400.0,2025-11-07 11:50:00+05:30
133.78,133.8,133.42,133.7,2744.0,1762496700.0,2025-11-07 11:55:00+05:30
133.69,134.0,133.55,133.99,2942.0,1762497000.0,2025-11-07 12:00:00+05:30
133.83,133.86,133.65,133.84,145.0,1762497300.0,2025-11-07 12:05:00+05:30
133.99,133.99,133.67,133.7,1053.0,1762497600.0,2025-11-07 12:10:00+05:30
133.7,133.96,133.7,133.95,2903.0,1762497900.0,2025-11-07 12:15:00+05:30
133.91,134.07,133.91,134.07,787.0,1762498200.0,2025-11-07 12:20:00+05:30
133.91,133.91,133.9,133.9,2.0,1762498500.0,2025-11-07 12:25:00+05:30
133.75,134.06,133.75,134.04,140.0,1762498800.0,2025-11-07 12:30:00+05:30
134.04,134.04,133.86,133.86,1147.0,1762499100.0,2025-11-07 12:35:00+05:30
133.86,133.86,133.86,133.86,371.0,1762499400.0,2025-11-07 12:40:00+05:30
133.9,133.95,133.82,133.82,1456.0,1762499700.0,2025-11-07 12:45:00+05:30
133.84,134.04,133.83,134.04,550.0,1762500000.0,2025-11-07 12:50:00+05:30
134.31,134.44,134.12,134.12,2726.0,1762500300.0,2025-11-07 12:55:00+05:30
134.3,134.5,134.23,134.44,949.0,1762500600.0,2025-11-07 13:00:00+05:30
134.25,134.44,134.12,134.12,1284.0,1762500900.0,2025-11-07 13:05:00+05:30
134.12,134.12,134.12,134.12,531.0,1762501200.0,2025-11-07 13:10:00+05:30
134.01,134.3,134.0,134.3,1561.0,1762501500.0,2025-11-07 13:15:00+05:30
134.3,134.3,134.1,134.19,684.0,1762501800.0,2025-11-07 13:20:00+05:30
134.2,134.52,134.2,134.41,212.0,1762502100.0,2025-11-07 13:25:00+05:30
134.25,134.44,134.25,134.42,216.0,1762502400.0,2025-11-07 13:30:00+05:30
134.42,134.42,134.37,134.37,13.0,1762502700.0,2025-11-07 13:35:00+05:30
134.37,134.37,134.19,134.21,289.0,1762503000.0,2025-11-07 13:40:00+05:30
134.25,134.5,134.25,134.3,878.0,1762503300.0,2025-11-07 13:45:00+05:30
134.46,134.46,134.3,134.45,227.0,1762503600.0,2025-11-07 13:50:00+05:30
134.45,134.45,134.25,134.37,5146.0,1762503900.0,2025-11-07 13:55:00+05:30
134.37,134.54,134.3,134.39,353.0,1762504200.0,2025-11-07 14:00:00+05:30
134.39,134.39,134.29,134.29,1043.0,1762504500.0,2025-11-07 14:05:00+05:30
134.15,134.44,134.15,134.41,309.0,1762504800.0,2025-11-07 14:10:00+05:30
134.24,134.42,134.24,134.34,1489.0,1762505100.0,2025-11-07 14:15:00+05:30
134.34,134.34,134.16,134.33,313.0,1762505400.0,2025-11-07 14:20:00+05:30
134.33,134.63,134.16,134.61,1635.0,1762505700.0,2025-11-07 14:25:00+05:30
134.61,134.61,134.29,134.45,549.0,1762506000.0,2025-11-07 14:30:00+05:30
134.29,134.29,134.29,134.29,269.0,1762506300.0,2025-11-07 14:35:00+05:30
134.29,134.91,134.29,134.91,3391.0,1762506600.0,2025-11-07 14:40:00+05:30
134.99,135.01,134.7,134.77,3176.0,1762506900.0,2025-11-07 14:45:00+05:30
134.84,134.84,134.44,134.7,1920.0,1762507200.0,2025-11-07 14:50:00+05:30
134.76,134.76,134.47,134.72,1286.0,1762507500.0,2025-11-07 14:55:00+05:30
134.72,134.72,134.4,134.6,1600.0,1762507800.0,2025-11-07 15:00:00+05:30
134.38,134.57,134.01,134.15,15721.0,1762508100.0,2025-11-07 15:05:00+05:30
134.22,134.47,134.1,134.4,3298.0,1762508400.0,2025-11-07 15:10:00+05:30
134.47,134.61,134.3,134.41,6661.0,1762508700.0,2025-11-07 15:15:00+05:30
134.4,134.84,134.4,134.78,7270.0,1762509000.0,2025-11-07 15:20:00+05:30
134.79,134.79,134.0,134.5,6991.0,1762509300.0,2025-11-07 15:25:00+05:30
133.05,134.29,133.0,134.0,5417.0,1762746300.0,2025-11-10 09:15:00+05:30
134.0,134.0,133.5,133.83,4070.0,1762746600.0,2025-11-10 09:20:00+05:30
133.65,133.88,133.6,133.79,2128.0,1762746900.0,2025-11-10 09:25:00+05:30
133.7,133.97,133.61,133.97,1378.0,1762747200.0,2025-11-10 09:30:00+05:30
134.0,134.0,133.5,133.8,4187.0,1762747500.0,2025-11-10 09:35:00+05:30
133.78,133.91,133.77,133.9,1186.0,1762747800.0,2025-11-10 09:40:00+05:30
133.78,133.85,133.5,133.5,3596.0,1762748100.0,2025-11-10 09:45:00+05:30
133.51,133.79,133.5,133.79,615.0,1762748400.0,2025-11-10 09:50:00+05:30
133.81,133.84,133.5,133.5,1920.0,1762748700.0,2025-11-10 09:55:00+05:30
133.75,133.83,133.25,133.35,5585.0,1762749000.0,2025-11-10 10:00:00+05:30
133.35,133.53,133.35,133.36,846.0,1762749300.0,2025-11-10 10:05:00+05:30
133.52,133.52,133.36,133.5,872.0,1762749600.0,2025-11-10 10:10:00+05:30
133.34,133.34,133.0,133.27,2986.0,1762749900.0,2025-11-10 10:15:00+05:30
133.27,133.58,133.27,133.54,1230.0,1762750200.0,2025-11-10 10:20:00+05:30
133.46,133.81,133.46,133.72,1351.0,1762750500.0,2025-11-10 10:25:00+05:30
133.72,133.8,133.42,133.65,3908.0,1762750800.0,2025-11-10 10:30:00+05:30
133.58,133.58,133.29,133.41,1218.0,1762751100.0,2025-11-10 10:35:00+05:30
133.53,133.55,133.42,133.53,32.0,1762751400.0,2025-11-10 10:40:00+05:30
133.53,133.67,133.41,133.55,338.0,1762751700.0,2025-11-10 10:45:00+05:30
133.54,133.68,133.4,133.51,1234.0,1762752000.0,2025-11-10 10:50:00+05:30
133.51,133.66,133.45,133.45,220.0,1762752300.0,2025-11-10 10:55:00+05:30
133.59,133.59,132.85,133.0,14361.0,1762752600.0,2025-11-10 11:00:00+05:30
133.02,133.5,133.02,133.13,5834.0,1762752900.0,2025-11-10 11:05:00+05:30
133.24,133.24,132.99,132.99,742.0,1762753200.0,2025-11-10 11:10:00+05:30
132.93,132.93,132.2,132.57,16199.0,1762753500.0,2025-11-10 11:15:00+05:30
132.57,132.65,132.3,132.54,3138.0,1762753800.0,2025-11-10 11:20:00+05:30
132.44,132.54,132.3,132.3,1699.0,1762754100.0,2025-11-10 11:25:00+05:30
132.45,132.72,132.45,132.69,858.0,1762754400.0,2025-11-10 11:30:00+05:30
132.69,132.7,132.5,132.5,3301.0,1762754700.0,2025-11-10 11:35:00+05:30
132.6,132.6,132.5,132.5,2731.0,1762755000.0,2025-11-10 11:40:00+05:30
132.63,132.79,132.5,132.72,1840.0,1762755300.0,2025-11-10 11:45:00+05:30
132.83,132.86,132.5,132.68,6015.0,1762755600.0,2025-11-10 11:50:00+05:30
132.55,132.75,132.53,132.7,348.0,1762755900.0,2025-11-10 11:55:00+05:30
132.72,132.8,132.3,132.44,21109.0,1762756200.0,2025-11-10 12:00:00+05:30
132.3,132.49,132.27,132.45,2108.0,1762756500.0,2025-11-10 12:05:00+05:30
132.45,132.5,132.3,132.5,1716.0,1762756800.0,2025-11-10 12:10:00+05:30
132.66,132.71,132.51,132.71,580.0,1762757100.0,2025-11-10 12:15:00+05:30
132.61,132.78,132.61,132.74,528.0,1762757400.0,2025-11-10 12:20:00+05:30
132.6,132.6,132.58,132.6,546.0,1762757700.0,2025-11-10 12:25:00+05:30
132.6,132.6,132.53,132.6,824.0,1762758000.0,2025-11-10 12:30:00+05:30
132.6,132.74,132.56,132.74,1036.0,1762758300.0,2025-11-10 12:35:00+05:30
132.86,132.97,132.77,132.96,1181.0,1762758600.0,2025-11-10 12:40:00+05:30
132.96,132.96,132.8,132.9,613.0,1762758900.0,2025-11-10 12:45:00+05:30
132.94,132.99,132.77,132.85,612.0,1762759200.0,2025-11-10 12:50:00+05:30
132.78,132.78,132.59,132.59,766.0,1762759500.0,2025-11-10 12:55:00+05:30
132.76,132.78,132.6,132.6,682.0,1762759800.0,2025-11-10 13:00:00+05:30
132.6,133.1,132.6,132.94,5625.0,1762760100.0,2025-11-10 13:05:00+05:30
132.9,132.93,132.76,132.93,411.0,1762760400.0,2025-11-10 13:10:00+05:30
132.93,133.11,132.92,132.96,873.0,1762760700.0,2025-11-10 13:15:00+05:30
133.06,133.09,132.72,132.99,2902.0,1762761000.0,2025-11-10 13:20:00+05:30
132.98,132.98,132.72,132.8,216.0,1762761300.0,2025-11-10 13:25:00+05:30
132.88,132.88,132.68,132.68,361.0,1762761600.0,2025-11-10 13:30:00+05:30
132.68,132.89,132.68,132.89,46.0,1762761900.0,2025-11-10 13:35:00+05:30
132.88,133.0,132.85,132.85,874.0,1762762200.0,2025-11-10 13:40:00+05:30
132.74,132.98,132.74,132.87,419.0,1762762500.0,2025-11-10 13:45:00+05:30
132.85,132.91,132.7,132.7,891.0,1762762800.0,2025-11-10 13:50:00+05:30
132.86,132.86,132.72,132.86,206.0,1762763100.0,2025-11-10 13:55:00+05:30
132.86,132.86,132.6,132.84,1292.0,1762763400.0,2025-11-10 14:00:00+05:30
132.84,132.84,132.51,132.51,2236.0,1762763700.0,2025-11-10 14:05:00+05:30
132.79,132.79,132.6,132.72,811.0,1762764000.0,2025-11-10 14:10:00+05:30
132.78,132.82,132.75,132.75,563.0,1762764300.0,2025-11-10 14:15:00+05:30
132.75,132.82,132.75,132.82,28.0,1762764600.0,2025-11-10 14:20:00+05:30
132.82,132.86,132.82,132.86,457.0,1762764900.0,2025-11-10 14:25:00+05:30
132.86,132.86,132.7,132.81,547.0,1762765200.0,2025-11-10 14:30:00+05:30
132.8,132.8,132.7,132.77,169.0,1762765500.0,2025-11-10 14:35:00+05:30
132.8,133.15,132.75,133.05,3705.0,1762765800.0,2025-11-10 14:40:00+05:30
132.94,133.09,132.8,132.95,400.0,1762766100.0,2025-11-10 14:45:00+05:30
132.95,133.03,132.75,133.03,4889.0,1762766400.0,2025-11-10 14:50:00+05:30
133.03,133.03,132.84,132.96,229.0,1762766700.0,2025-11-10 14:55:00+05:30
132.95,132.95,132.75,132.85,2559.0,1762767000.0,2025-11-10 15:00:00+05:30
132.76,132.93,132.7,132.79,8980.0,1762767300.0,2025-11-10 15:05:00+05:30
132.77,132.77,132.6,132.64,2183.0,1762767600.0,2025-11-10 15:10:00+05:30
132.66,132.71,132.5,132.62,5935.0,1762767900.0,2025-11-10 15:15:00+05:30
132.62,132.62,132.3,132.45,6025.0,1762768200.0,2025-11-10 15:20:00+05:30
132.45,132.85,132.39,132.39,10496.0,1762768500.0,2025-11-10 15:25:00+05:30
132.11,132.97,132.11,132.63,4434.0,1762832700.0,2025-11-11 09:15:00+05:30
132.47,132.8,132.01,132.48,8954.0,1762833000.0,2025-11-11 09:20:00+05:30
132.48,132.81,132.4,132.81,2719.0,1762833300.0,2025-11-11 09:25:00+05:30
132.97,133.06,132.5,132.5,12764.0,1762833600.0,2025-11-11 09:30:00+05:30
132.69,132.71,132.5,132.5,11771.0,1762833900.0,2025-11-11 09:35:00+05:30
132.5,132.69,132.26,132.53,3318.0,1762834200.0,2025-11-11 09:40:00+05:30
132.68,132.69,132.54,132.65,242.0,1762834500.0,2025-11-11 09:45:00+05:30
132.55,132.55,132.35,132.48,1715.0,1762834800.0,2025-11-11 09:50:00+05:30
132.4,132.55,132.35,132.45,1565.0,1762835100.0,2025-11-11 09:55:00+05:30
132.4,132.4,132.3,132.3,465.0,1762835400.0,2025-11-11 10:00:00+05:30
132.3,132.5,132.3,132.5,692.0,1762835700.0,2025-11-11 10:05:00+05:30
132.5,132.99,132.5,132.82,3216.0,1762836000.0,2025-11-11 10:10:00+05:30
132.75,132.91,132.75,132.75,833.0,1762836300.0,2025-11-11 10:15:00+05:30
132.77,133.2,132.75,133.2,1717.0,1762836600.0,2025-11-11 10:20:00+05:30
133.2,133.2,132.86,133.18,2761.0,1762836900.0,2025-11-11 10:25:00+05:30
133.18,133.18,133.01,133.01,608.0,1762837200.0,2025-11-11 10:30:00+05:30
133.13,133.13,133.13,133.13,198.0,1762837500.0,2025-11-11 10:35:00+05:30
133.13,133.13,133.01,133.02,191.0,1762837800.0,2025-11-11 10:40:00+05:30
133.02,133.13,133.02,133.12,680.0,1762838100.0,2025-11-11 10:45:00+05:30
133.13,133.13,133.0,133.02,3839.0,1762838400.0,2025-11-11 10:50:00+05:30
133.02,133.1,133.0,133.1,489.0,1762838700.0,2025-11-11 10:55:00+05:30
133.1,133.1,133.0,133.0,35.0,1762839000.0,2025-11-11 11:00:00+05:30
133.0,133.0,132.85,132.93,777.0,1762839300.0,2025-11-11 11:05:00+05:30
132.93,133.1,132.93,133.0,1521.0,1762839600.0,2025-11-11 11:10:00+05:30
133.0,133.0,132.58,132.78,1910.0,1762839900.0,2025-11-11 11:15:00+05:30
132.75,132.84,132.66,132.7,1244.0,1762840200.0,2025-11-11 11:20:00+05:30
132.84,132.85,132.73,132.73,39.0,1762840500.0,2025-11-11 11:25:00+05:30
132.88,132.91,132.51,132.56,785.0,1762840800.0,2025-11-11 11:30:00+05:30
132.51,132.57,132.36,132.43,1114.0,1762841100.0,2025-11-11 11:35:00+05:30
132.44,132.66,132.41,132.63,1014.0,1762841400.0,2025-11-11 11:40:00+05:30
132.63,132.65,132.63,132.65,34.0,1762841700.0,2025-11-11 11:45:00+05:30
132.65,132.79,132.65,132.79,1039.0,1762842000.0,2025-11-11 11:50:00+05:30
132.79,132.85,132.48,132.48,1460.0,1762842300.0,2025-11-11 11:55:00+05:30
132.65,132.74,132.35,132.57,2318.0,1762842600.0,2025-11-11 12:00:00+05:30
132.4,132.73,132.33,132.73,1530.0,1762842900.0,2025-11-11 12:05:00+05:30
132.73,132.75,132.6,132.6,104.0,1762843200.0,2025-11-11 12:10:00+05:30
132.75,132.75,132.43,132.71,1012.0,1762843500.0,2025-11-11 12:15:00+05:30
132.71,132.84,132.7,132.84,144.0,1762843800.0,2025-11-11 12:20:00+05:30
132.85,133.0,132.75,132.99,2871.0,1762844100.0,2025-11-11 12:25:00+05:30
132.97,133.13,132.79,133.13,1846.0,1762844400.0,2025-11-11 12:30:00+05:30
133.13,133.13,133.1,133.1,22.0,1762844700.0,2025-11-11 12:35:00+05:30
132.91,132.91,132.91,132.91,23.0,1762845000.0,2025-11-11 12:40:00+05:30
133.06,133.06,132.7,132.8,778.0,1762845300.0,2025-11-11 12:45:00+05:30
132.8,133.33,132.69,133.33,1111.0,1762845600.0,2025-11-11 12:50:00+05:30
133.5,134.48,133.5,134.33,7692.0,1762845900.0,2025-11-11 12:55:00+05:30
134.17,134.35,133.84,133.84,2075.0,1762846200.0,2025-11-11 13:00:00+05:30
134.09,134.09,133.66,133.66,1435.0,1762846500.0,2025-11-11 13:05:00+05:30
133.66,134.15,133.66,134.1,3419.0,1762846800.0,2025-11-11 13:10:00+05:30
133.98,133.98,133.4,133.4,2242.0,1762847100.0,2025-11-11 13:15:00+05:30
133.49,134.2,133.4,134.08,6430.0,1762847400.0,2025-11-11 13:20:00+05:30
134.0,134.25,134.0,134.02,1511.0,1762847700.0,2025-11-11 13:25:00+05:30
134.02,134.08,133.91,134.08,1195.0,1762848000.0,2025-11-11 13:30:00+05:30
133.98,134.19,133.98,134.18,583.0,1762848300.0,2025-11-11 13:35:00+05:30
134.18,134.19,134.06,134.1,460.0,1762848600.0,2025-11-11 13:40:00+05:30
134.16,134.16,133.91,133.91,688.0,1762848900.0,2025-11-11 13:45:00+05:30
133.9,134.1,133.9,134.1,308.0,1762849200.0,2025-11-11 13:50:00+05:30
134.1,134.1,133.99,134.1,2331.0,1762849500.0,2025-11-11 13:55:00+05:30
134.01,134.1,134.01,134.1,64.0,1762849800.0,2025-11-11 14:00:00+05:30
134.09,134.1,133.92,133.92,454.0,1762850100.0,2025-11-11 14:05:00+05:30
133.92,133.95,133.81,133.81,685.0,1762850400.0,2025-11-11 14:10:00+05:30
133.87,133.95,133.87,133.95,63.0,1762850700.0,2025-11-11 14:15:00+05:30
133.83,134.39,133.83,134.39,9063.0,1762851000.0,2025-11-11 14:20:00+05:30
134.39,134.39,133.93,133.93,917.0,1762851300.0,2025-11-11 14:25:00+05:30
133.96,134.16,133.61,134.16,2875.0,1762851600.0,2025-11-11 14:30:00+05:30
134.25,134.36,134.1,134.28,1362.0,1762851900.0,2025-11-11 14:35:00+05:30
134.28,134.6,134.16,134.35,3213.0,1762852200.0,2025-11-11 14:40:00+05:30
134.4,134.6,133.98,134.06,10922.0,1762852500.0,2025-11-11 14:45:00+05:30
134.06,134.34,134.06,134.34,65.0,1762852800.0,2025-11-11 14:50:00+05:30
134.32,134.44,134.0,134.44,4845.0,1762853100.0,2025-11-11 14:55:00+05:30
134.32,134.48,134.19,134.23,3200.0,1762853400.0,2025-11-11 15:00:00+05:30
134.3,134.3,134.23,134.3,2609.0,1762853700.0,2025-11-11 15:05:00+05:30
134.24,134.3,134.11,134.28,2653.0,1762854000.0,2025-11-11 15:10:00+05:30
134.18,134.3,134.17,134.3,2364.0,1762854300.0,2025-11-11 15:15:00+05:30
134.28,134.3,133.9,134.24,8258.0,1762854600.0,2025-11-11 15:20:00+05:30
134.25,134.5,134.24,134.5,2367.0,1762854900.0,2025-11-11 15:25:00+05:30
134.89,135.23,134.23,134.29,10918.0,1762919100.0,2025-11-12 09:15:00+05:30
134.43,134.6,134.26,134.56,3330.0,1762919400.0,2025-11-12 09:20:00+05:30
134.7,135.18,134.6,135.18,4058.0,1762919700.0,2025-11-12 09:25:00+05:30
135.17,135.18,134.77,134.8,1081.0,1762920000.0,2025-11-12 09:30:00+05:30
134.7,134.7,134.5,134.5,1010.0,1762920300.0,2025-11-12 09:35:00+05:30
134.68,134.68,134.16,134.4,3231.0,1762920600.0,2025-11-12 09:40:00+05:30
134.28,134.28,133.46,133.92,11566.0,1762920900.0,2025-11-12 09:45:00+05:30
133.92,134.25,133.84,133.84,4293.0,1762921200.0,2025-11-12 09:50:00+05:30
133.84,134.15,133.84,133.97,1009.0,1762921500.0,2025-11-12 09:55:00+05:30
134.1,134.15,133.95,134.05,1857.0,1762921800.0,2025-11-12 10:00:00+05:30
134.06,134.24,133.95,134.12,1770.0,1762922100.0,2025-11-12 10:05:00+05:30
134.02,134.21,134.02,134.1,561.0,1762922400.0,2025-11-12 10:10:00+05:30
134.1,134.1,134.0,134.02,312.0,1762922700.0,2025-11-12 10:15:00+05:30
134.02,134.2,134.0,134.04,2580.0,1762923000.0,2025-11-12 10:20:00+05:30
134.2,134.24,134.05,134.19,2050.0,1762923300.0,2025-11-12 10:25:00+05:30
134.19,134.2,134.0,134.0,949.0,1762923600.0,2025-11-12 10:30:00+05:30
134.01,134.29,134.01,134.02,467.0,1762923900.0,2025-11-12 10:35:00+05:30
134.02,134.65,134.02,134.64,2886.0,1762924200.0,2025-11-12 10:40:00+05:30
134.64,134.64,134.31,134.52,673.0,1762924500.0,2025-11-12 10:45:00+05:30
134.52,134.65,134.26,134.56,2203.0,1762924800.0,2025-11-12 10:50:00+05:30
134.41,134.58,134.3,134.3,452.0,1762925100.0,2025-11-12 10:55:00+05:30
134.3,134.8,134.3,134.8,7612.0,1762925400.0,2025-11-12 11:00:00+05:30
134.8,134.8,134.58,134.58,2211.0,1762925700.0,2025-11-12 11:05:00+05:30
134.58,134.8,134.58,134.79,600.0,1762926000.0,2025-11-12 11:10:00+05:30
134.76,134.77,134.59,134.59,315.0,1762926300.0,2025-11-12 11:15:00+05:30
134.8,134.99,134.8,134.99,2162.0,1762926600.0,2025-11-12 11:20:00+05:30
134.99,134.99,134.78,134.91,857.0,1762926900.0,2025-11-12 11:25:00+05:30
134.91,134.91,134.73,134.76,314.0,1762927200.0,2025-11-12 11:30:00+05:30
134.89,134.89,134.84,134.85,776.0,1762927500.0,2025-11-12 11:35:00+05:30
134.85,134.85,134.35,134.35,8584.0,1762927800.0,2025-11-12 11:40:00+05:30
134.33,134.33,134.02,134.02,1793.0,1762928100.0,2025-11-12 11:45:00+05:30
134.02,134.35,134.02,134.34,115.0,1762928400.0,2025-11-12 11:50:00+05:30
134.39,134.39,134.37,134.37,553.0,1762928700.0,2025-11-12 11:55:00+05:30
134.37,134.46,134.02,134.02,4688.0,1762929000.0,2025-11-12 12:00:00+05:30
134.02,134.21,134.02,134.21,143.0,1762929300.0,2025-11-12 12:05:00+05:30
134.21,134.21,134.2,134.2,1.0,1762929600.0,2025-11-12 12:10:00+05:30
134.18,134.24,133.95,134.17,3514.0,1762929900.0,2025-11-12 12:15:00+05:30
134.17,134.29,134.17,134.2,628.0,1762930200.0,2025-11-12 12:20:00+05:30
134.3,134.41,134.2,134.41,473.0,1762930500.0,2025-11-12 12:25:00+05:30
134.39,134.42,134.21,134.21,734.0,1762930800.0,2025-11-12 12:30:00+05:30
134.45,134.46,134.25,134.25,1008.0,1762931100.0,2025-11-12 12:35:00+05:30
134.39,134.39,134.25,134.36,928.0,1762931400.0,2025-11-12 12:40:00+05:30
134.36,134.38,134.36,134.38,77.0,1762931700.0,2025-11-12 12:45:00+05:30
134.38,134.38,134.26,134.38,11.0,1762932000.0,2025-11-12 12:50:00+05:30
134.37,134.37,134.05,134.05,1346.0,1762932300.0,2025-11-12 12:55:00+05:30
134.01,134.18,134.01,134.02,249.0,1762932600.0,2025-11-12 13:00:00+05:30
134.02,134.02,134.02,134.02,150.0,1762932900.0,2025-11-12 13:05:00+05:30
134.02,134.17,134.02,134.03,473.0,1762933200.0,2025-11-12 13:10:00+05:30
134.2,134.2,134.2,134.2,213.0,1762933500.0,2025-11-12 13:15:00+05:30
134.2,134.2,134.04,134.04,330.0,1762933800.0,2025-11-12 13:20:00+05:30
134.04,134.28,134.04,134.15,172.0,1762934100.0,2025-11-12 13:25:00+05:30
134.31,134.31,134.15,134.15,494.0,1762934400.0,2025-11-12 13:30:00+05:30
134.15,134.15,134.15,134.15,65.0,1762934700.0,2025-11-12 13:35:00+05:30
134.15,134.28,134.15,134.28,6.0,1762935000.0,2025-11-12 13:40:00+05:30
134.29,134.29,134.15,134.29,550.0,1762935300.0,2025-11-12 13:45:00+05:30
134.29,134.29,134.28,134.29,985.0,1762935600.0,2025-11-12 13:50:00+05:30
134.29,134.38,134.26,134.35,1168.0,1762935900.0,2025-11-12 13:55:00+05:30
134.15,134.43,134.15,134.23,2697.0,1762936200.0,2025-11-12 14:00:00+05:30
134.23,134.25,134.15,134.15,1647.0,1762936500.0,2025-11-12 14:05:00+05:30
134.25,134.25,134.16,134.16,204.0,1762936800.0,2025-11-12 14:10:00+05:30
134.16,134.16,134.15,134.15,150.0,1762937100.0,2025-11-12 14:15:00+05:30
134.15,134.25,134.15,134.25,1035.0,1762937400.0,2025-11-12 14:20:00+05:30
134.25,134.25,134.25,134.25,141.0,1762937700.0,2025-11-12 14:25:00+05:30
134.25,134.25,134.04,134.04,811.0,1762938000.0,2025-11-12 14:30:00+05:30
134.04,134.13,134.0,134.13,782.0,1762938300.0,2025-11-12 14:35:00+05:30
134.13,134.15,134.13,134.15,204.0,1762938600.0,2025-11-12 14:40:00+05:30
134.15,134.15,134.01,134.15,191.0,1762938900.0,2025-11-12 14:45:00+05:30
134.15,134.15,134.01,134.05,546.0,1762939200.0,2025-11-12 14:50:00+05:30
134.15,134.25,134.0,134.0,5850.0,1762939500.0,2025-11-12 14:55:00+05:30
134.18,134.21,134.04,134.21,279.0,1762939800.0,2025-11-12 15:00:00+05:30
134.29,134.41,133.99,134.11,14559.0,1762940100.0,2025-11-12 15:05:00+05:30
133.98,134.06,133.95,134.0,1155.0,1762940400.0,2025-11-12 15:10:00+05:30
134.0,134.2,134.0,134.08,3326.0,1762940700.0,2025-11-12 15:15:00+05:30
134.08,134.22,133.95,134.14,6628.0,1762941000.0,2025-11-12 15:20:00+05:30
134.14,134.3,133.95,133.96,3744.0,1762941300.0,2025-11-12 15:25:00+05:30
134.18,135.63,134.18,135.0,13804.0,1763005500.0,2025-11-13 09:15:00+05:30
134.99,134.99,134.46,134.52,1875.0,1763005800.0,2025-11-13 09:20:00+05:30
134.74,134.8,134.37,134.51,2885.0,1763006100.0,2025-11-13 09:25:00+05:30
134.75,134.9,134.5,134.9,3194.0,1763006400.0,2025-11-13 09:30:00+05:30
134.72,134.9,134.35,134.35,1787.0,1763006700.0,2025-11-13 09:35:00+05:30
134.32,134.74,134.32,134.52,751.0,1763007000.0,2025-11-13 09:40:00+05:30
134.74,134.74,134.31,134.41,2095.0,1763007300.0,2025-11-13 09:45:00+05:30
134.43,134.72,134.43,134.7,1228.0,1763007600.0,2025-11-13 09:50:00+05:30
134.6,134.83,134.41,134.65,3868.0,1763007900.0,2025-11-13 09:55:00+05:30
134.46,134.7,134.38,134.63,1219.0,1763008200.0,2025-11-13 10:00:00+05:30
134.41,134.87,134.41,134.87,21932.0,1763008500.0,2025-11-13 10:05:00+05:30
134.95,135.0,134.69,134.87,1397.0,1763008800.0,2025-11-13 10:10:00+05:30
134.87,134.87,134.23,134.45,3210.0,1763009100.0,2025-11-13 10:15:00+05:30
134.6,134.72,134.5,134.72,674.0,1763009400.0,2025-11-13 10:20:00+05:30
134.7,134.87,134.7,134.85,2420.0,1763009700.0,2025-11-13 10:25:00+05:30
134.85,134.87,134.85,134.87,566.0,1763010000.0,2025-11-13 10:30:00+05:30
134.87,134.87,134.62,134.76,990.0,1763010300.0,2025-11-13 10:35:00+05:30
134.76,134.83,134.61,134.83,685.0,1763010600.0,2025-11-13 10:40:00+05:30
134.68,134.81,134.63,134.76,621.0,1763010900.0,2025-11-13 10:45:00+05:30
134.76,134.8,134.51,134.73,475.0,1763011200.0,2025-11-13 10:50:00+05:30
134.57,134.73,134.57,134.73,561.0,1763011500.0,2025-11-13 10:55:00+05:30
134.73,134.73,134.73,134.73,1801.0,1763011800.0,2025-11-13 11:00:00+05:30
134.73,134.73,134.73,134.73,3971.0,1763012100.0,2025-11-13 11:05:00+05:30
134.73,134.8,134.72,134.8,3183.0,1763012400.0,2025-11-13 11:10:00+05:30
134.8,134.8,134.64,134.8,439.0,1763012700.0,2025-11-13 11:15:00+05:30
134.8,134.8,134.6,134.6,964.0,1763013000.0,2025-11-13 11:20:00+05:30
134.73,134.73,134.6,134.6,177.0,1763013300.0,2025-11-13 11:25:00+05:30
134.5,134.6,134.42,134.43,1883.0,1763013600.0,2025-11-13 11:30:00+05:30
134.43,134.6,134.38,134.4,1001.0,1763013900.0,2025-11-13 11:35:00+05:30
134.65,134.95,134.44,134.95,2876.0,1763014200.0,2025-11-13 11:40:00+05:30
135.0,135.0,134.69,134.7,8340.0,1763014500.0,2025-11-13 11:45:00+05:30
134.44,134.51,134.3,134.35,6924.0,1763014800.0,2025-11-13 11:50:00+05:30
134.35,134.5,134.35,134.5,452.0,1763015100.0,2025-11-13 11:55:00+05:30
134.45,134.45,134.35,134.44,29.0,1763015400.0,2025-11-13 12:00:00+05:30
134.44,134.44,134.35,134.35,954.0,1763015700.0,2025-11-13 12:05:00+05:30
134.52,134.52,134.31,134.36,403.0,1763016000.0,2025-11-13 12:10:00+05:30
134.35,134.63,134.35,134.6,994.0,1763016300.0,2025-11-13 12:15:00+05:30
134.6,134.6,134.42,134.42,123.0,1763016600.0,2025-11-13 12:20:00+05:30
134.42,134.42,134.25,134.25,4363.0,1763016900.0,2025-11-13 12:25:00+05:30
134.25,134.25,134.18,134.24,2104.0,1763017200.0,2025-11-13 12:30:00+05:30
134.24,134.38,134.11,134.2,461.0,1763017500.0,2025-11-13 12:35:00+05:30
134.2,134.51,134.2,134.42,838.0,1763017800.0,2025-11-13 12:40:00+05:30
134.42,134.99,134.42,134.99,23882.0,1763018100.0,2025-11-13 12:45:00+05:30
134.7,134.88,134.68,134.88,2431.0,1763018400.0,2025-11-13 12:50:00+05:30
134.85,134.97,134.85,134.86,4928.0,1763018700.0,2025-11-13 12:55:00+05:30
134.86,135.0,134.85,135.0,9110.0,1763019000.0,2025-11-13 13:00:00+05:30
135.0,135.0,134.93,135.0,1841.0,1763019300.0,2025-11-13 13:05:00+05:30
135.0,135.51,134.9,135.51,42457.0,1763019600.0,2025-11-13 13:10:00+05:30
135.7,135.9,135.41,135.69,6150.0,1763019900.0,2025-11-13 13:15:00+05:30
135.69,135.98,135.52,135.98,1237.0,1763020200.0,2025-11-13 13:20:00+05:30
136.0,136.66,135.93,136.21,11936.0,1763020500.0,2025-11-13 13:25:00+05:30
136.1,136.1,136.0,136.1,360.0,1763020800.0,2025-11-13 13:30:00+05:30
136.1,136.1,135.69,135.75,2027.0,1763021100.0,2025-11-13 13:35:00+05:30
135.77,136.04,135.77,135.99,1177.0,1763021400.0,2025-11-13 13:40:00+05:30
135.99,135.99,135.5,135.5,1942.0,1763021700.0,2025-11-13 13:45:00+05:30
135.5,135.63,135.5,135.63,2509.0,1763022000.0,2025-11-13 13:50:00+05:30
135.51,135.61,135.45,135.54,18189.0,1763022300.0,2025-11-13 13:55:00+05:30
135.54,135.54,135.48,135.48,10236.0,1763022600.0,2025-11-13 14:00:00+05:30
135.33,135.33,135.0,135.0,265.0,1763022900.0,2025-11-13 14:05:00+05:30
135.0,135.22,134.68,134.95,9203.0,1763023200.0,2025-11-13 14:10:00+05:30
135.0,135.26,135.0,135.26,4356.0,1763023500.0,2025-11-13 14:15:00+05:30
135.35,135.42,135.15,135.15,367.0,1763023800.0,2025-11-13 14:20:00+05:30
135.15,135.18,135.0,135.03,654.0,1763024100.0,2025-11-13 14:25:00+05:30
135.25,135.25,135.0,135.0,549.0,1763024400.0,2025-11-13 14:30:00+05:30
135.0,135.1,135.0,135.0,633.0,1763024700.0,2025-11-13 14:35:00+05:30
135.0,135.14,135.0,135.02,1675.0,1763025000.0,2025-11-13 14:40:00+05:30
135.0,135.14,135.0,135.01,3501.0,1763025300.0,2025-11-13 14:45:00+05:30
134.91,135.14,134.91,135.05,3606.0,1763025600.0,2025-11-13 14:50:00+05:30
135.24,135.3,135.08,135.3,1691.0,1763025900.0,2025-11-13 14:55:00+05:30
135.05,135.27,135.05,135.05,2241.0,1763026200.0,2025-11-13 15:00:00+05:30
135.18,135.25,135.06,135.25,724.0,1763026500.0,2025-11-13 15:05:00+05:30
135.18,135.18,134.91,135.15,12181.0,1763026800.0,2025-11-13 15:10:00+05:30
135.14,135.15,134.87,135.05,15737.0,1763027100.0,2025-11-13 15:15:00+05:30
135.09,135.09,134.35,135.01,25897.0,1763027400.0,2025-11-13 15:20:00+05:30
135.01,135.03,134.35,135.02,14111.0,1763027700.0,2025-11-13 15:25:00+05:30
135.58,137.64,134.98,135.07,5806.0,1763091900.0,2025-11-14 09:15:00+05:30
135.1,135.31,134.19,134.19,6583.0,1763092200.0,2025-11-14 09:20:00+05:30
134.55,134.75,134.31,134.61,3556.0,1763092500.0,2025-11-14 09:25:00+05:30
134.75,135.25,134.66,135.2,3944.0,1763092800.0,2025-11-14 09:30:00+05:30
135.03,135.3,135.02,135.24,10421.0,1763093100.0,2025-11-14 09:35:00+05:30
135.26,135.26,134.63,134.95,7498.0,1763093400.0,2025-11-14 09:40:00+05:30
134.73,134.95,134.65,134.65,4859.0,1763093700.0,2025-11-14 09:45:00+05:30
134.65,134.82,134.65,134.82,697.0,1763094000.0,2025-11-14 09:50:00+05:30
134.86,134.86,134.3,134.49,3372.0,1763094300.0,2025-11-14 09:55:00+05:30
134.36,134.74,134.26,134.4,1650.0,1763094600.0,2025-11-14 10:00:00+05:30
134.25,134.58,134.2,134.58,2777.0,1763094900.0,2025-11-14 10:05:00+05:30
134.39,134.74,134.14,134.74,4636.0,1763095200.0,2025-11-14 10:10:00+05:30
134.99,135.0,134.68,134.73,2183.0,1763095500.0,2025-11-14 10:15:00+05:30
134.94,134.99,133.58,133.95,15930.0,1763095800.0,2025-11-14 10:20:00+05:30
134.01,134.12,134.0,134.03,249.0,1763096100.0,2025-11-14 10:25:00+05:30
134.03,134.35,134.03,134.35,1322.0,1763096400.0,2025-11-14 10:30:00+05:30
134.35,134.35,134.03,134.03,3634.0,1763096700.0,2025-11-14 10:35:00+05:30
134.18,134.18,133.95,134.04,2693.0,1763097000.0,2025-11-14 10:40:00+05:30
134.04,134.25,134.04,134.1,509.0,1763097300.0,2025-11-14 10:45:00+05:30
134.3,134.6,133.99,134.3,16111.0,1763097600.0,2025-11-14 10:50:00+05:30
134.28,134.3,134.14,134.3,484.0,1763097900.0,2025-11-14 10:55:00+05:30
134.3,134.31,134.05,134.31,904.0,1763098200.0,2025-11-14 11:00:00+05:30
134.3,134.6,134.1,134.6,2638.0,1763098500.0,2025-11-14 11:05:00+05:30
134.6,134.97,134.6,134.97,3329.0,1763098800.0,2025-11-14 11:10:00+05:30
134.97,135.19,134.89,135.18,3791.0,1763099100.0,2025-11-14 11:15:00+05:30
135.17,135.19,134.88,135.19,786.0,1763099400.0,2025-11-14 11:20:00+05:30
135.25,135.65,135.25,135.54,2560.0,1763099700.0,2025-11-14 11:25:00+05:30
135.54,135.8,135.31,135.8,2872.0,1763100000.0,2025-11-14 11:30:00+05:30
135.9,135.99,135.18,135.36,10560.0,1763100300.0,2025-11-14 11:35:00+05:30
135.36,135.59,135.36,135.59,21.0,1763100600.0,2025-11-14 11:40:00+05:30
135.59,135.59,135.41,135.58,1043.0,1763100900.0,2025-11-14 11:45:00+05:30
135.58,135.62,135.36,135.62,1070.0,1763101200.0,2025-11-14 11:50:00+05:30
135.63,135.65,135.36,135.46,5116.0,1763101500.0,2025-11-14 11:55:00+05:30
135.36,135.59,135.36,135.58,1660.0,1763101800.0,2025-11-14 12:00:00+05:30
135.58,135.67,135.41,135.67,487.0,1763102100.0,2025-11-14 12:05:00+05:30
135.67,135.7,135.48,135.7,1409.0,1763102400.0,2025-11-14 12:10:00+05:30
135.75,135.75,135.5,135.5,260.0,1763102700.0,2025-11-14 12:15:00+05:30
135.69,135.7,135.5,135.7,1606.0,1763103000.0,2025-11-14 12:20:00+05:30
135.52,135.7,135.52,135.64,135.0,1763103300.0,2025-11-14 12:25:00+05:30
135.64,135.75,135.42,135.69,3535.0,1763103600.0,2025-11-14 12:30:00+05:30
135.71,135.71,135.39,135.39,396.0,1763103900.0,2025-11-14 12:35:00+05:30
135.42,135.6,135.2,135.44,1520.0,1763104200.0,2025-11-14 12:40:00+05:30
135.44,135.44,134.79,135.18,2327.0,1763104500.0,2025-11-14 12:45:00+05:30
135.19,135.69,134.93,135.69,3784.0,1763104800.0,2025-11-14 12:50:00+05:30
135.7,135.7,135.47,135.7,711.0,1763105100.0,2025-11-14 12:55:00+05:30
135.72,136.42,135.72,136.09,7873.0,1763105400.0,2025-11-14 13:00:00+05:30
136.09,137.2,136.09,136.64,9278.0,1763105700.0,2025-11-14 13:05:00+05:30
137.03,137.04,136.24,136.89,4788.0,1763106000.0,2025-11-14 13:10:00+05:30
136.61,137.0,136.5,136.74,4932.0,1763106300.0,2025-11-14 13:15:00+05:30
137.0,137.0,136.4,136.44,4781.0,1763106600.0,2025-11-14 13:20:00+05:30
136.36,136.36,135.6,135.98,6516.0,1763106900.0,2025-11-14 13:25:00+05:30
135.5,136.35,135.45,135.97,8230.0,1763107200.0,2025-11-14 13:30:00+05:30
136.17,136.17,135.35,135.35,8650.0,1763107500.0,2025-11-14 13:35:00+05:30
135.35,135.35,135.25,135.25,117.0,1763107800.0,2025-11-14 13:40:00+05:30
135.25,135.34,134.78,134.78,5192.0,1763108100.0,2025-11-14 13:45:00+05:30
134.74,134.98,134.74,134.98,692.0,1763108400.0,2025-11-14 13:50:00+05:30
134.91,135.24,134.91,135.24,766.0,1763108700.0,2025-11-14 13:55:00+05:30
135.32,135.54,135.28,135.54,3112.0,1763109000.0,2025-11-14 14:00:00+05:30
135.53,139.0,135.31,138.47,133518.0,1763109300.0,2025-11-14 14:05:00+05:30
138.38,141.0,136.84,137.68,280080.0,1763109600.0,2025-11-14 14:10:00+05:30
137.61,137.95,136.34,136.7,62258.0,1763109900.0,2025-11-14 14:15:00+05:30
136.6,136.6,135.5,136.06,78499.0,1763110200.0,2025-11-14 14:20:00+05:30
136.05,136.06,135.25,135.55,33892.0,1763110500.0,2025-11-14 14:25:00+05:30
135.87,136.53,135.64,135.64,30216.0,1763110800.0,2025-11-14 14:30:00+05:30
135.8,135.8,135.0,135.4,35638.0,1763111100.0,2025-11-14 14:35:00+05:30
135.48,136.79,135.48,136.7,23289.0,1763111400.0,2025-11-14 14:40:00+05:30
136.41,136.53,135.7,136.16,17346.0,1763111700.0,2025-11-14 14:45:00+05:30
136.15,137.5,136.15,136.98,26312.0,1763112000.0,2025-11-14 14:50:00+05:30
136.94,137.2,136.28,136.69,15762.0,1763112300.0,2025-11-14 14:55:00+05:30
136.78,137.7,136.65,137.37,15687.0,1763112600.0,2025-11-14 15:00:00+05:30
137.8,137.8,137.0,137.45,16782.0,1763112900.0,2025-11-14 15:05:00+05:30
137.45,137.7,136.97,137.01,42282.0,1763113200.0,2025-11-14 15:10:00+05:30
137.24,137.39,135.93,136.62,82621.0,1763113500.0,2025-11-14 15:15:00+05:30
136.53,137.97,136.33,137.04,20665.0,1763113800.0,2025-11-14 15:20:00+05:30
136.98,138.0,136.91,137.55,41687.0,1763114100.0,2025-11-14 15:25:00+05:30
136.71,137.06,133.91,134.8,64716.0,1763351100.0,2025-11-17 09:15:00+05:30
134.99,135.0,133.8,134.17,47760.0,1763351400.0,2025-11-17 09:20:00+05:30
134.21,134.63,133.92,134.15,24391.0,1763351700.0,2025-11-17 09:25:00+05:30
134.13,134.36,133.69,133.88,20129.0,1763352000.0,2025-11-17 09:30:00+05:30
133.83,134.15,133.5,133.5,11544.0,1763352300.0,2025-11-17 09:35:00+05:30
133.75,134.15,133.36,133.94,13320.0,1763352600.0,2025-11-17 09:40:00+05:30
133.95,133.96,133.75,133.81,1895.0,1763352900.0,2025-11-17 09:45:00+05:30
133.86,133.97,133.7,133.83,3848.0,1763353200.0,2025-11-17 09:50:00+05:30
133.83,133.91,133.7,133.76,3301.0,1763353500.0,2025-11-17 09:55:00+05:30
133.76,133.98,133.7,133.89,2379.0,1763353800.0,2025-11-17 10:00:00+05:30
133.87,134.29,133.87,134.16,5466.0,1763354100.0,2025-11-17 10:05:00+05:30
134.16,134.37,134.0,134.0,4303.0,1763354400.0,2025-11-17 10:10:00+05:30
134.01,134.11,133.86,133.86,869.0,1763354700.0,2025-11-17 10:15:00+05:30
133.98,134.24,133.96,134.2,7555.0,1763355000.0,2025-11-17 10:20:00+05:30
134.2,134.2,133.81,133.81,2095.0,1763355300.0,2025-11-17 10:25:00+05:30
134.0,134.13,133.92,133.92,1660.0,1763355600.0,2025-11-17 10:30:00+05:30
133.92,134.25,133.85,134.1,11437.0,1763355900.0,2025-11-17 10:35:00+05:30
134.01,134.06,133.98,133.98,1239.0,1763356200.0,2025-11-17 10:40:00+05:30
133.98,134.09,133.71,133.71,4582.0,1763356500.0,2025-11-17 10:45:00+05:30
133.74,133.82,133.74,133.79,1436.0,1763356800.0,2025-11-17 10:50:00+05:30
133.77,133.79,133.6,133.63,2169.0,1763357100.0,2025-11-17 10:55:00+05:30
133.66,134.01,133.35,134.01,18300.0,1763357400.0,2025-11-17 11:00:00+05:30
133.76,133.88,133.7,133.71,877.0,1763357700.0,2025-11-17 11:05:00+05:30
133.71,133.85,133.63,133.7,1079.0,1763358000.0,2025-11-17 11:10:00+05:30
133.7,133.74,133.6,133.74,643.0,1763358300.0,2025-11-17 11:15:00+05:30
133.74,133.78,133.5,133.78,1550.0,1763358600.0,2025-11-17 11:20:00+05:30
133.83,133.83,133.65,133.65,2260.0,1763358900.0,2025-11-17 11:25:00+05:30
133.62,133.62,133.4,133.43,1699.0,1763359200.0,2025-11-17 11:30:00+05:30
133.38,133.59,133.36,133.4,9327.0,1763359500.0,2025-11-17 11:35:00+05:30
133.63,133.63,133.33,133.44,358.0,1763359800.0,2025-11-17 11:40:00+05:30
133.46,133.58,133.25,133.42,5651.0,1763360100.0,2025-11-17 11:45:00+05:30
133.31,133.6,133.31,133.6,1579.0,1763360400.0,2025-11-17 11:50:00+05:30
133.6,133.63,133.43,133.43,195.0,1763360700.0,2025-11-17 11:55:00+05:30
133.44,133.56,133.4,133.56,925.0,1763361000.0,2025-11-17 12:00:00+05:30
133.43,133.5,133.35,133.47,1411.0,1763361300.0,2025-11-17 12:05:00+05:30
133.49,133.49,133.31,133.46,1446.0,1763361600.0,2025-11-17 12:10:00+05:30
133.3,133.49,133.3,133.33,762.0,1763361900.0,2025-11-17 12:15:00+05:30
133.48,133.48,133.38,133.46,1058.0,1763362200.0,2025-11-17 12:20:00+05:30
133.46,133.46,133.4,133.41,261.0,1763362500.0,2025-11-17 12:25:00+05:30
133.44,133.49,133.35,133.41,841.0,1763362800.0,2025-11-17 12:30:00+05:30
133.41,133.51,133.4,133.45,1165.0,1763363100.0,2025-11-17 12:35:00+05:30
133.45,133.5,133.4,133.5,1884.0,1763363400.0,2025-11-17 12:40:00+05:30
133.5,133.6,133.5,133.6,75.0,1763363700.0,2025-11-17 12:45:00+05:30
133.6,133.6,133.5,133.5,1058.0,1763364000.0,2025-11-17 12:50:00+05:30
133.5,133.5,133.4,133.49,3072.0,1763364300.0,2025-11-17 12:55:00+05:30
133.49,133.5,133.41,133.48,306.0,1763364600.0,2025-11-17 13:00:00+05:30
133.4,133.42,133.4,133.42,1425.0,1763364900.0,2025-11-17 13:05:00+05:30
133.42,133.42,133.05,133.15,5241.0,1763365200.0,2025-11-17 13:10:00+05:30
133.15,133.32,133.11,133.17,6065.0,1763365500.0,2025-11-17 13:15:00+05:30
133.34,133.34,133.13,133.13,245.0,1763365800.0,2025-11-17 13:20:00+05:30
133.13,133.3,133.03,133.23,6596.0,1763366100.0,2025-11-17 13:25:00+05:30
133.25,133.36,133.25,133.35,172.0,1763366400.0,2025-11-17 13:30:00+05:30
133.28,133.44,133.2,133.3,2342.0,1763366700.0,2025-11-17 13:35:00+05:30
133.3,133.3,133.0,133.0,12921.0,1763367000.0,2025-11-17 13:40:00+05:30
132.95,132.95,132.2,132.78,12852.0,1763367300.0,2025-11-17 13:45:00+05:30
132.56,132.89,132.56,132.8,1981.0,1763367600.0,2025-11-17 13:50:00+05:30
132.8,132.89,132.63,132.71,450.0,1763367900.0,2025-11-17 13:55:00+05:30
132.83,132.87,132.56,132.68,3826.0,1763368200.0,2025-11-17 14:00:00+05:30
132.72,133.0,132.4,132.75,10710.0,1763368500.0,2025-11-17 14:05:00+05:30
132.85,132.85,132.56,132.56,4308.0,1763368800.0,2025-11-17 14:10:00+05:30
132.68,132.88,132.5,132.86,2883.0,1763369100.0,2025-11-17 14:15:00+05:30
133.02,133.02,132.55,132.67,2672.0,1763369400.0,2025-11-17 14:20:00+05:30
132.62,132.75,132.45,132.46,7628.0,1763369700.0,2025-11-17 14:25:00+05:30
132.43,132.69,132.4,132.56,7158.0,1763370000.0,2025-11-17 14:30:00+05:30
132.56,132.95,132.49,132.94,5910.0,1763370300.0,2025-11-17 14:35:00+05:30
132.83,133.0,132.7,132.79,1562.0,1763370600.0,2025-11-17 14:40:00+05:30
132.78,132.78,132.5,132.5,2490.0,1763370900.0,2025-11-17 14:45:00+05:30
132.69,132.83,132.51,132.75,1159.0,1763371200.0,2025-11-17 14:50:00+05:30
132.74,132.87,132.62,132.8,1324.0,1763371500.0,2025-11-17 14:55:00+05:30
132.79,132.88,132.59,132.6,3441.0,1763371800.0,2025-11-17 15:00:00+05:30
132.6,132.66,132.35,132.66,11026.0,1763372100.0,2025-11-17 15:05:00+05:30
132.76,132.8,132.44,132.58,5558.0,1763372400.0,2025-11-17 15:10:00+05:30
132.59,132.92,132.41,132.67,15659.0,1763372700.0,2025-11-17 15:15:00+05:30
132.66,132.99,132.6,132.89,11869.0,1763373000.0,2025-11-17 15:20:00+05:30
132.83,133.4,132.83,133.36,21890.0,1763373300.0,2025-11-17 15:25:00+05:30
132.98,133.3,131.7,132.4,9607.0,1763437500.0,2025-11-18 09:15:00+05:30
132.48,132.48,131.45,131.84,11123.0,1763437800.0,2025-11-18 09:20:00+05:30
132.01,132.03,131.64,131.72,7969.0,1763438100.0,2025-11-18 09:25:00+05:30
131.92,132.2,131.85,132.0,5107.0,1763438400.0,2025-11-18 09:30:00+05:30
132.0,132.0,131.38,131.5,5962.0,1763438700.0,2025-11-18 09:35:00+05:30
131.53,131.79,131.4,131.51,4951.0,1763439000.0,2025-11-18 09:40:00+05:30
131.4,131.85,131.38,131.76,5571.0,1763439300.0,2025-11-18 09:45:00+05:30
131.76,131.76,131.5,131.5,3338.0,1763439600.0,2025-11-18 09:50:00+05:30
131.54,131.54,130.7,130.87,22289.0,1763439900.0,2025-11-18 09:55:00+05:30
130.83,131.34,130.83,131.28,2525.0,1763440200.0,2025-11-18 10:00:00+05:30
131.08,131.2,131.0,131.09,1071.0,1763440500.0,2025-11-18 10:05:00+05:30
131.18,131.26,131.1,131.1,7592.0,1763440800.0,2025-11-18 10:10:00+05:30
131.18,131.32,131.1,131.11,3652.0,1763441100.0,2025-11-18 10:15:00+05:30
131.28,131.29,131.11,131.13,3730.0,1763441400.0,2025-11-18 10:20:00+05:30
131.26,131.54,131.12,131.54,740.0,1763441700.0,2025-11-18 10:25:00+05:30
131.54,131.6,131.2,131.6,1435.0,1763442000.0,2025-11-18 10:30:00+05:30
131.53,131.99,131.43,131.68,6024.0,1763442300.0,2025-11-18 10:35:00+05:30
131.68,131.68,131.34,131.62,850.0,1763442600.0,2025-11-18 10:40:00+05:30
131.55,131.55,131.38,131.49,658.0,1763442900.0,2025-11-18 10:45:00+05:30
131.5,131.55,131.31,131.55,2447.0,1763443200.0,2025-11-18 10:50:00+05:30
131.55,131.55,131.35,131.43,533.0,1763443500.0,2025-11-18 10:55:00+05:30
131.35,131.47,131.32,131.36,1069.0,1763443800.0,2025-11-18 11:00:00+05:30
131.33,131.52,131.33,131.41,1559.0,1763444100.0,2025-11-18 11:05:00+05:30
131.4,131.51,131.4,131.5,735.0,1763444400.0,2025-11-18 11:10:00+05:30
131.5,131.51,131.4,131.4,2069.0,1763444700.0,2025-11-18 11:15:00+05:30
131.41,131.57,131.4,131.57,1199.0,1763445000.0,2025-11-18 11:20:00+05:30
131.57,131.63,131.56,131.62,129.0,1763445300.0,2025-11-18 11:25:00+05:30
131.69,131.74,131.6,131.68,230.0,1763445600.0,2025-11-18 11:30:00+05:30
131.68,131.68,131.57,131.57,290.0,1763445900.0,2025-11-18 11:35:00+05:30
131.53,131.99,131.53,131.81,5357.0,1763446200.0,2025-11-18 11:40:00+05:30
131.78,131.85,131.71,131.79,456.0,1763446500.0,2025-11-18 11:45:00+05:30
131.79,131.94,131.79,131.81,296.0,1763446800.0,2025-11-18 11:50:00+05:30
131.93,131.93,131.5,131.5,6032.0,1763447100.0,2025-11-18 11:55:00+05:30
131.5,131.76,131.45,131.56,1747.0,1763447400.0,2025-11-18 12:00:00+05:30
131.44,131.56,131.4,131.4,1640.0,1763447700.0,2025-11-18 12:05:00+05:30
131.4,131.56,131.35,131.51,5751.0,1763448000.0,2025-11-18 12:10:00+05:30
131.5,131.5,131.31,131.46,554.0,1763448300.0,2025-11-18 12:15:00+05:30
131.46,131.49,131.3,131.49,457.0,1763448600.0,2025-11-18 12:20:00+05:30
131.57,131.57,131.5,131.57,123.0,1763448900.0,2025-11-18 12:25:00+05:30
131.56,131.56,131.4,131.4,2237.0,1763449200.0,2025-11-18 12:30:00+05:30
131.33,131.54,131.33,131.45,2284.0,1763449500.0,2025-11-18 12:35:00+05:30
131.45,131.5,131.39,131.46,1962.0,1763449800.0,2025-11-18 12:40:00+05:30
131.5,131.5,131.37,131.45,1533.0,1763450100.0,2025-11-18 12:45:00+05:30
131.45,131.46,131.3,131.3,3786.0,1763450400.0,2025-11-18 12:50:00+05:30
131.41,131.5,131.36,131.5,542.0,1763450700.0,2025-11-18 12:55:00+05:30
131.3,131.55,131.3,131.55,5655.0,1763451000.0,2025-11-18 13:00:00+05:30
131.37,131.48,131.3,131.48,916.0,1763451300.0,2025-11-18 13:05:00+05:30
131.48,131.48,131.37,131.47,514.0,1763451600.0,2025-11-18 13:10:00+05:30
131.47,131.55,131.42,131.52,1147.0,1763451900.0,2025-11-18 13:15:00+05:30
131.53,131.53,131.0,131.17,16818.0,1763452200.0,2025-11-18 13:20:00+05:30
131.0,131.19,131.0,131.11,774.0,1763452500.0,2025-11-18 13:25:00+05:30
131.11,131.25,131.0,131.22,505.0,1763452800.0,2025-11-18 13:30:00+05:30
131.12,131.43,131.12,131.12,2162.0,1763453100.0,2025-11-18 13:35:00+05:30
131.13,131.31,131.13,131.29,651.0,1763453400.0,2025-11-18 13:40:00+05:30
131.29,131.35,131.16,131.28,484.0,1763453700.0,2025-11-18 13:45:00+05:30
131.28,131.28,131.15,131.23,499.0,1763454000.0,2025-11-18 13:50:00+05:30
131.23,131.29,131.13,131.29,10814.0,1763454300.0,2025-11-18 13:55:00+05:30
131.15,131.31,131.12,131.13,591.0,1763454600.0,2025-11-18 14:00:00+05:30
131.26,131.53,131.26,131.53,1826.0,1763454900.0,2025-11-18 14:05:00+05:30
131.48,131.54,131.24,131.35,1001.0,1763455200.0,2025-11-18 14:10:00+05:30
131.35,131.35,131.13,131.25,267.0,1763455500.0,2025-11-18 14:15:00+05:30
131.25,131.4,131.13,131.38,963.0,1763455800.0,2025-11-18 14:20:00+05:30
131.38,131.38,131.1,131.1,4368.0,1763456100.0,2025-11-18 14:25:00+05:30
131.05,131.25,131.05,131.2,4392.0,1763456400.0,2025-11-18 14:30:00+05:30
131.1,131.19,131.0,131.19,6829.0,1763456700.0,2025-11-18 14:35:00+05:30
131.16,131.28,131.0,131.28,4242.0,1763457000.0,2025-11-18 14:40:00+05:30
131.28,131.28,131.06,131.24,646.0,1763457300.0,2025-11-18 14:45:00+05:30
131.24,131.47,131.13,131.3,3303.0,1763457600.0,2025-11-18 14:50:00+05:30
131.3,131.47,131.08,131.47,3585.0,1763457900.0,2025-11-18 14:55:00+05:30
131.31,131.47,131.3,131.39,2531.0,1763458200.0,2025-11-18 15:00:00+05:30
131.38,131.91,131.36,131.87,14663.0,1763458500.0,2025-11-18 15:05:00+05:30
131.5,131.73,131.31,131.56,5226.0,1763458800.0,2025-11-18 15:10:00+05:30
131.62,131.66,131.51,131.64,4478.0,1763459100.0,2025-11-18 15:15:00+05:30
131.65,131.7,131.4,131.6,11379.0,1763459400.0,2025-11-18 15:20:00+05:30
131.69,131.99,131.65,131.99,7495.0,1763459700.0,2025-11-18 15:25:00+05:30
132.12,133.11,131.5,131.64,9214.0,1763523900.0,2025-11-19 09:15:00+05:30
131.69,131.86,131.4,131.72,2906.0,1763524200.0,2025-11-19 09:20:00+05:30
131.6,132.06,131.6,131.76,6925.0,1763524500.0,2025-11-19 09:25:00+05:30
131.75,131.76,131.28,131.43,5277.0,1763524800.0,2025-11-19 09:30:00+05:30
131.5,131.5,131.06,131.06,6550.0,1763525100.0,2025-11-19 09:35:00+05:30
131.08,131.27,131.0,131.0,7754.0,1763525400.0,2025-11-19 09:40:00+05:30
131.11,131.11,130.53,130.82,6306.0,1763525700.0,2025-11-19 09:45:00+05:30
130.53,130.53,128.96,129.61,46512.0,1763526000.0,2025-11-19 09:50:00+05:30
129.75,129.75,129.13,129.52,7621.0,1763526300.0,2025-11-19 09:55:00+05:30
129.57,129.87,129.0,129.77,19420.0,1763526600.0,2025-11-19 10:00:00+05:30
129.91,130.32,129.55,130.16,5718.0,1763526900.0,2025-11-19 10:05:00+05:30
130.07,130.28,129.87,130.24,7805.0,1763527200.0,2025-11-19 10:10:00+05:30
130.26,130.52,130.23,130.43,6366.0,1763527500.0,2025-11-19 10:15:00+05:30
130.56,130.56,130.26,130.48,965.0,1763527800.0,2025-11-19 10:20:00+05:30
130.48,130.55,130.35,130.42,874.0,1763528100.0,2025-11-19 10:25:00+05:30
130.42,130.42,130.23,130.4,1076.0,1763528400.0,2025-11-19 10:30:00+05:30
130.44,130.5,130.33,130.38,1402.0,1763528700.0,2025-11-19 10:35:00+05:30
130.57,130.57,130.38,130.4,831.0,1763529000.0,2025-11-19 10:40:00+05:30
130.32,130.4,130.23,130.33,739.0,1763529300.0,2025-11-19 10:45:00+05:30
130.33,130.43,130.25,130.37,183.0,1763529600.0,2025-11-19 10:50:00+05:30
130.4,130.48,130.27,130.3,488.0,1763529900.0,2025-11-19 10:55:00+05:30
130.3,130.3,130.0,130.0,3632.0,1763530200.0,2025-11-19 11:00:00+05:30
130.0,130.23,129.91,129.92,3528.0,1763530500.0,2025-11-19 11:05:00+05:30
130.0,130.5,130.0,130.5,3401.0,1763530800.0,2025-11-19 11:10:00+05:30
130.21,130.4,130.21,130.39,1114.0,1763531100.0,2025-11-19 11:15:00+05:30
130.3,130.35,130.2,130.35,299.0,1763531400.0,2025-11-19 11:20:00+05:30
130.39,130.44,130.3,130.3,546.0,1763531700.0,2025-11-19 11:25:00+05:30
130.3,130.45,130.3,130.44,304.0,1763532000.0,2025-11-19 11:30:00+05:30
130.44,130.44,130.31,130.41,200.0,1763532300.0,2025-11-19 11:35:00+05:30
130.41,130.41,130.25,130.25,151.0,1763532600.0,2025-11-19 11:40:00+05:30
130.37,130.46,130.27,130.3,2104.0,1763532900.0,2025-11-19 11:45:00+05:30
130.3,130.5,130.3,130.5,1379.0,1763533200.0,2025-11-19 11:50:00+05:30
130.5,130.5,130.33,130.33,485.0,1763533500.0,2025-11-19 11:55:00+05:30
130.33,130.64,130.33,130.64,2203.0,1763533800.0,2025-11-19 12:00:00+05:30
130.66,131.11,130.5,130.94,8513.0,1763534100.0,2025-11-19 12:05:00+05:30
130.99,130.99,130.76,130.98,1520.0,1763534400.0,2025-11-19 12:10:00+05:30
130.94,130.97,130.75,130.85,685.0,1763534700.0,2025-11-19 12:15:00+05:30
130.85,130.89,130.75,130.8,1577.0,1763535000.0,2025-11-19 12:20:00+05:30
130.8,130.8,130.75,130.8,1621.0,1763535300.0,2025-11-19 12:25:00+05:30
130.8,130.8,130.67,130.78,29.0,1763535600.0,2025-11-19 12:30:00+05:30
130.8,130.8,130.8,130.8,361.0,1763535900.0,2025-11-19 12:35:00+05:30
130.8,130.89,130.78,130.78,708.0,1763536200.0,2025-11-19 12:40:00+05:30
130.78,130.89,130.78,130.89,872.0,1763536500.0,2025-11-19 12:45:00+05:30
130.89,130.97,130.8,130.97,1021.0,1763536800.0,2025-11-19 12:50:00+05:30
130.92,131.0,130.92,130.98,689.0,1763537100.0,2025-11-19 12:55:00+05:30
131.0,131.0,130.76,130.8,461.0,1763537400.0,2025-11-19 13:00:00+05:30
130.8,130.8,130.79,130.79,283.0,1763537700.0,2025-11-19 13:05:00+05:30
130.78,130.92,130.76,130.92,866.0,1763538000.0,2025-11-19 13:10:00+05:30
130.93,130.93,130.76,130.87,655.0,1763538300.0,2025-11-19 13:15:00+05:30
130.87,130.88,130.77,130.8,373.0,1763538600.0,2025-11-19 13:20:00+05:30
130.8,130.8,130.61,130.61,1901.0,1763538900.0,2025-11-19 13:25:00+05:30
130.78,130.84,130.61,130.66,2112.0,1763539200.0,2025-11-19 13:30:00+05:30
130.74,130.81,130.62,130.81,188.0,1763539500.0,2025-11-19 13:35:00+05:30
130.81,130.85,130.81,130.85,410.0,1763539800.0,2025-11-19 13:40:00+05:30
130.85,130.85,130.57,130.76,3739.0,1763540100.0,2025-11-19 13:45:00+05:30
130.76,130.85,130.72,130.85,460.0,1763540400.0,2025-11-19 13:50:00+05:30
130.81,130.84,130.63,130.63,1394.0,1763540700.0,2025-11-19 13:55:00+05:30
130.77,130.77,130.5,130.5,3234.0,1763541000.0,2025-11-19 14:00:00+05:30
130.53,130.67,130.52,130.62,386.0,1763541300.0,2025-11-19 14:05:00+05:30
130.7,130.7,130.62,130.65,160.0,1763541600.0,2025-11-19 14:10:00+05:30
130.65,130.65,130.5,130.62,251.0,1763541900.0,2025-11-19 14:15:00+05:30
130.55,130.63,130.47,130.6,1229.0,1763542200.0,2025-11-19 14:20:00+05:30
130.65,130.76,130.51,130.76,3361.0,1763542500.0,2025-11-19 14:25:00+05:30
130.76,130.77,130.56,130.59,1183.0,1763542800.0,2025-11-19 14:30:00+05:30
130.59,131.0,130.55,131.0,7705.0,1763543100.0,2025-11-19 14:35:00+05:30
130.73,131.0,130.73,130.75,3229.0,1763543400.0,2025-11-19 14:40:00+05:30
130.75,130.96,130.72,130.96,1533.0,1763543700.0,2025-11-19 14:45:00+05:30
130.73,131.0,130.73,130.99,2058.0,1763544000.0,2025-11-19 14:50:00+05:30
130.82,131.0,130.7,130.7,4242.0,1763544300.0,2025-11-19 14:55:00+05:30
130.57,130.85,130.57,130.69,15237.0,1763544600.0,2025-11-19 15:00:00+05:30
130.78,130.78,130.5,130.7,8881.0,1763544900.0,2025-11-19 15:05:00+05:30
130.7,130.7,130.41,130.58,13453.0,1763545200.0,2025-11-19 15:10:00+05:30
130.58,130.77,130.58,130.6,5940.0,1763545500.0,2025-11-19 15:15:00+05:30
130.6,130.7,130.5,130.55,8902.0,1763545800.0,2025-11-19 15:20:00+05:30
130.63,130.8,130.55,130.7,19791.0,1763546100.0,2025-11-19 15:25:00+05:30
130.69,132.0,130.69,131.56,5091.0,1763610300.0,2025-11-20 09:15:00+05:30
131.55,131.8,131.15,131.3,2655.0,1763610600.0,2025-11-20 09:20:00+05:30
131.25,131.25,130.75,130.85,3116.0,1763610900.0,2025-11-20 09:25:00+05:30
130.87,130.91,130.55,130.66,1822.0,1763611200.0,2025-11-20 09:30:00+05:30
130.66,130.71,130.49,130.56,3606.0,1763611500.0,2025-11-20 09:35:00+05:30
130.69,130.71,130.4,130.64,4963.0,1763611800.0,2025-11-20 09:40:00+05:30
130.47,130.64,130.4,130.4,2343.0,1763612100.0,2025-11-20 09:45:00+05:30
130.55,130.59,130.3,130.43,1006.0,1763612400.0,2025-11-20 09:50:00+05:30
130.38,130.41,130.26,130.41,455.0,1763612700.0,2025-11-20 09:55:00+05:30
130.4,130.55,130.36,130.55,1611.0,1763613000.0,2025-11-20 10:00:00+05:30
130.55,130.55,130.32,130.5,461.0,1763613300.0,2025-11-20 10:05:00+05:30
130.55,130.71,130.55,130.7,1119.0,1763613600.0,2025-11-20 10:10:00+05:30
130.7,130.98,130.7,130.98,3266.0,1763613900.0,2025-11-20 10:15:00+05:30
130.98,131.09,130.8,131.0,6221.0,1763614200.0,2025-11-20 10:20:00+05:30
131.03,131.1,131.02,131.1,933.0,1763614500.0,2025-11-20 10:25:00+05:30
131.19,131.49,131.19,131.32,6284.0,1763614800.0,2025-11-20 10:30:00+05:30
131.39,131.49,131.33,131.33,1337.0,1763615100.0,2025-11-20 10:35:00+05:30
131.39,131.39,131.22,131.35,1505.0,1763615400.0,2025-11-20 10:40:00+05:30
131.33,131.34,131.03,131.04,434.0,1763615700.0,2025-11-20 10:45:00+05:30
131.18,131.22,131.09,131.2,71.0,1763616000.0,2025-11-20 10:50:00+05:30
131.2,131.28,131.04,131.08,1330.0,1763616300.0,2025-11-20 10:55:00+05:30
131.35,131.79,131.35,131.6,9927.0,1763616600.0,2025-11-20 11:00:00+05:30
131.4,131.58,131.38,131.39,298.0,1763616900.0,2025-11-20 11:05:00+05:30
131.39,131.39,131.39,131.39,100.0,1763617200.0,2025-11-20 11:10:00+05:30
131.55,131.64,131.45,131.52,2191.0,1763617500.0,2025-11-20 11:15:00+05:30
131.52,131.53,131.52,131.53,96.0,1763617800.0,2025-11-20 11:20:00+05:30
131.69,131.69,131.3,131.3,3593.0,1763618100.0,2025-11-20 11:25:00+05:30
131.3,131.54,131.3,131.52,30.0,1763618400.0,2025-11-20 11:30:00+05:30
131.52,131.57,131.31,131.57,546.0,1763618700.0,2025-11-20 11:35:00+05:30
131.57,131.57,131.31,131.52,2350.0,1763619000.0,2025-11-20 11:40:00+05:30
131.52,131.66,131.52,131.52,207.0,1763619300.0,2025-11-20 11:45:00+05:30
131.52,131.52,131.31,131.31,400.0,1763619600.0,2025-11-20 11:50:00+05:30
131.31,131.32,131.31,131.32,17.0,1763619900.0,2025-11-20 11:55:00+05:30
131.32,131.5,131.32,131.33,140.0,1763620200.0,2025-11-20 12:00:00+05:30
131.33,131.62,131.33,131.44,747.0,1763620500.0,2025-11-20 12:05:00+05:30
131.44,131.7,131.44,131.7,682.0,1763620800.0,2025-11-20 12:10:00+05:30
131.65,131.65,131.44,131.44,1514.0,1763621100.0,2025-11-20 12:15:00+05:30
131.44,131.44,131.3,131.3,459.0,1763621400.0,2025-11-20 12:20:00+05:30
131.3,131.46,131.28,131.28,877.0,1763621700.0,2025-11-20 12:25:00+05:30
131.25,131.3,131.1,131.1,1130.0,1763622000.0,2025-11-20 12:30:00+05:30
131.02,131.19,131.0,131.18,1645.0,1763622300.0,2025-11-20 12:35:00+05:30
131.18,131.18,131.01,131.15,1001.0,1763622600.0,2025-11-20 12:40:00+05:30
131.15,131.19,131.07,131.19,138.0,1763622900.0,2025-11-20 12:45:00+05:30
131.11,131.11,131.0,131.02,582.0,1763623200.0,2025-11-20 12:50:00+05:30
131.01,131.01,130.8,130.8,5225.0,1763623500.0,2025-11-20 12:55:00+05:30
130.8,131.08,130.8,131.08,2019.0,1763623800.0,2025-11-20 13:00:00+05:30
131.08,131.08,130.92,130.94,1689.0,1763624100.0,2025-11-20 13:05:00+05:30
130.93,130.93,130.88,130.88,3583.0,1763624400.0,2025-11-20 13:10:00+05:30
130.88,130.88,130.75,130.75,33.0,1763624700.0,2025-11-20 13:15:00+05:30
130.75,130.9,130.75,130.9,201.0,1763625000.0,2025-11-20 13:20:00+05:30
130.9,130.9,130.7,130.7,741.0,1763625300.0,2025-11-20 13:25:00+05:30
130.9,130.9,130.39,130.59,14701.0,1763625600.0,2025-11-20 13:30:00+05:30
130.59,130.59,130.3,130.3,818.0,1763625900.0,2025-11-20 13:35:00+05:30
130.3,130.44,130.23,130.24,910.0,1763626200.0,2025-11-20 13:40:00+05:30
130.24,130.58,130.24,130.58,482.0,1763626500.0,2025-11-20 13:45:00+05:30
130.58,130.58,130.3,130.3,143.0,1763626800.0,2025-11-20 13:50:00+05:30
130.35,130.4,130.0,130.11,15475.0,1763627100.0,2025-11-20 13:55:00+05:30
129.9,129.95,129.72,129.9,10528.0,1763627400.0,2025-11-20 14:00:00+05:30
129.94,130.14,128.41,128.42,49333.0,1763627700.0,2025-11-20 14:05:00+05:30
128.52,129.0,127.1,127.94,54233.0,1763628000.0,2025-11-20 14:10:00+05:30
128.03,128.03,127.6,127.74,9909.0,1763628300.0,2025-11-20 14:15:00+05:30
127.76,128.0,127.41,127.83,12706.0,1763628600.0,2025-11-20 14:20:00+05:30
127.78,127.87,126.85,126.99,30427.0,1763628900.0,2025-11-20 14:25:00+05:30
126.8,127.24,126.54,127.1,26403.0,1763629200.0,2025-11-20 14:30:00+05:30
127.18,127.37,126.99,126.99,14414.0,1763629500.0,2025-11-20 14:35:00+05:30
127.0,127.25,127.0,127.2,16159.0,1763629800.0,2025-11-20 14:40:00+05:30
127.21,127.49,127.2,127.49,8854.0,1763630100.0,2025-11-20 14:45:00+05:30
127.49,127.79,127.12,127.12,13658.0,1763630400.0,2025-11-20 14:50:00+05:30
127.24,127.27,126.99,127.06,6751.0,1763630700.0,2025-11-20 14:55:00+05:30
127.06,127.21,126.89,127.08,4803.0,1763631000.0,2025-11-20 15:00:00+05:30
127.08,127.19,126.9,127.0,5453.0,1763631300.0,2025-11-20 15:05:00+05:30
126.99,127.01,126.77,126.97,19800.0,1763631600.0,2025-11-20 15:10:00+05:30
127.05,127.52,126.97,127.36,20260.0,1763631900.0,2025-11-20 15:15:00+05:30
127.49,127.62,127.18,127.5,23693.0,1763632200.0,2025-11-20 15:20:00+05:30
127.49,127.65,127.32,127.56,16577.0,1763632500.0,2025-11-20 15:25:00+05:30
127.26,127.94,126.99,127.91,11328.0,1763696700.0,2025-11-21 09:15:00+05:30
127.81,128.0,127.57,127.61,11216.0,1763697000.0,2025-11-21 09:20:00+05:30
127.6,127.66,127.3,127.4,6647.0,1763697300.0,2025-11-21 09:25:00+05:30
127.51,127.51,127.13,127.13,4833.0,1763697600.0,2025-11-21 09:30:00+05:30
127.16,127.2,126.76,126.92,3711.0,1763697900.0,2025-11-21 09:35:00+05:30
126.9,126.9,126.2,126.57,7276.0,1763698200.0,2025-11-21 09:40:00+05:30
126.57,126.57,126.3,126.3,5781.0,1763698500.0,2025-11-21 09:45:00+05:30
126.2,126.56,126.1,126.35,10264.0,1763698800.0,2025-11-21 09:50:00+05:30
126.45,126.56,126.2,126.56,4925.0,1763699100.0,2025-11-21 09:55:00+05:30
126.49,126.5,126.29,126.39,1202.0,1763699400.0,2025-11-21 10:00:00+05:30
126.52,126.55,126.26,126.55,1177.0,1763699700.0,2025-11-21 10:05:00+05:30
126.55,126.72,126.53,126.71,1499.0,1763700000.0,2025-11-21 10:10:00+05:30
126.61,126.61,126.38,126.5,1296.0,1763700300.0,2025-11-21 10:15:00+05:30
126.53,126.61,126.38,126.61,1548.0,1763700600.0,2025-11-21 10:20:00+05:30
126.43,126.95,126.43,126.8,2310.0,1763700900.0,2025-11-21 10:25:00+05:30
126.8,127.17,126.67,127.05,7383.0,1763701200.0,2025-11-21 10:30:00+05:30
127.15,127.24,126.8,126.8,1859.0,1763701500.0,2025-11-21 10:35:00+05:30
126.8,126.8,126.62,126.75,351.0,1763701800.0,2025-11-21 10:40:00+05:30
126.75,126.8,126.64,126.78,770.0,1763702100.0,2025-11-21 10:45:00+05:30
126.78,126.98,126.68,126.98,1825.0,1763702400.0,2025-11-21 10:50:00+05:30
126.98,126.98,126.69,126.92,1158.0,1763702700.0,2025-11-21 10:55:00+05:30
126.8,126.9,126.68,126.68,2957.0,1763703000.0,2025-11-21 11:00:00+05:30
126.78,126.78,126.5,126.5,5227.0,1763703300.0,2025-11-21 11:05:00+05:30
126.62,126.68,126.5,126.66,2362.0,1763703600.0,2025-11-21 11:10:00+05:30
126.66,127.25,126.51,127.09,10262.0,1763703900.0,2025-11-21 11:15:00+05:30
127.13,127.49,127.02,127.45,6649.0,1763704200.0,2025-11-21 11:20:00+05:30
127.31,127.48,127.3,127.44,4803.0,1763704500.0,2025-11-21 11:25:00+05:30
127.32,127.43,126.99,126.99,9927.0,1763704800.0,2025-11-21 11:30:00+05:30
127.29,127.29,127.07,127.16,1092.0,1763705100.0,2025-11-21 11:35:00+05:30
127.31,127.45,127.21,127.21,2007.0,1763705400.0,2025-11-21 11:40:00+05:30
127.21,127.44,127.19,127.38,967.0,1763705700.0,2025-11-21 11:45:00+05:30
127.35,127.35,127.11,127.32,2407.0,1763706000.0,2025-11-21 11:50:00+05:30
127.29,127.34,127.21,127.3,463.0,1763706300.0,2025-11-21 11:55:00+05:30
127.3,127.3,127.14,127.28,330.0,1763706600.0,2025-11-21 12:00:00+05:30
127.27,127.28,127.15,127.27,269.0,1763706900.0,2025-11-21 12:05:00+05:30
127.26,127.26,127.25,127.25,169.0,1763707200.0,2025-11-21 12:10:00+05:30
127.07,127.2,127.07,127.19,624.0,1763707500.0,2025-11-21 12:15:00+05:30
127.01,129.0,127.0,128.95,10440.0,1763707800.0,2025-11-21 12:20:00+05:30
128.8,129.39,128.65,128.77,8184.0,1763708100.0,2025-11-21 12:25:00+05:30
128.77,128.86,128.5,128.86,4802.0,1763708400.0,2025-11-21 12:30:00+05:30
128.94,129.16,128.72,128.94,8751.0,1763708700.0,2025-11-21 12:35:00+05:30
128.52,128.75,128.52,128.72,1508.0,1763709000.0,2025-11-21 12:40:00+05:30
128.92,129.21,128.8,128.95,4047.0,1763709300.0,2025-11-21 12:45:00+05:30
129.0,129.14,128.89,128.89,3129.0,1763709600.0,2025-11-21 12:50:00+05:30
128.96,128.96,128.29,128.29,12337.0,1763709900.0,2025-11-21 12:55:00+05:30
128.29,128.57,128.12,128.51,1748.0,1763710200.0,2025-11-21 13:00:00+05:30
128.57,128.88,128.54,128.54,2111.0,1763710500.0,2025-11-21 13:05:00+05:30
128.54,128.54,128.34,128.34,250.0,1763710800.0,2025-11-21 13:10:00+05:30
128.34,128.54,127.76,127.89,35109.0,1763711100.0,2025-11-21 13:15:00+05:30
127.72,128.27,127.72,128.26,2250.0,1763711400.0,2025-11-21 13:20:00+05:30
128.26,128.26,128.23,128.23,133.0,1763711700.0,2025-11-21 13:25:00+05:30
128.1,128.5,128.1,128.3,7886.0,1763712000.0,2025-11-21 13:30:00+05:30
128.3,128.47,128.3,128.39,56.0,1763712300.0,2025-11-21 13:35:00+05:30
128.39,128.4,128.25,128.39,932.0,1763712600.0,2025-11-21 13:40:00+05:30
128.38,128.4,128.29,128.3,3219.0,1763712900.0,2025-11-21 13:45:00+05:30
128.47,128.76,127.87,128.16,58774.0,1763713200.0,2025-11-21 13:50:00+05:30
128.16,128.16,127.48,127.72,25245.0,1763713500.0,2025-11-21 13:55:00+05:30
127.73,127.73,127.15,127.24,2398.0,1763713800.0,2025-11-21 14:00:00+05:30
127.24,127.47,127.1,127.34,10484.0,1763714100.0,2025-11-21 14:05:00+05:30
127.49,127.71,127.33,127.7,1161.0,1763714400.0,2025-11-21 14:10:00+05:30
127.69,127.69,127.37,127.37,3399.0,1763714700.0,2025-11-21 14:15:00+05:30
127.54,127.71,127.5,127.7,4524.0,1763715000.0,2025-11-21 14:20:00+05:30
127.69,127.79,126.98,127.0,74984.0,1763715300.0,2025-11-21 14:25:00+05:30
127.14,127.15,127.14,127.15,1084.0,1763715600.0,2025-11-21 14:30:00+05:30
127.29,127.96,127.29,127.73,17962.0,1763715900.0,2025-11-21 14:35:00+05:30
127.9,128.19,127.87,127.92,8391.0,1763716200.0,2025-11-21 14:40:00+05:30
128.08,128.16,128.04,128.14,1381.0,1763716500.0,2025-11-21 14:45:00+05:30
128.14,128.15,127.95,127.95,895.0,1763716800.0,2025-11-21 14:50:00+05:30
127.95,128.22,127.95,128.15,3601.0,1763717100.0,2025-11-21 14:55:00+05:30
128.0,128.16,127.84,127.84,5558.0,1763717400.0,2025-11-21 15:00:00+05:30
128.0,128.22,128.0,128.2,12926.0,1763717700.0,2025-11-21 15:05:00+05:30
128.09,128.31,128.09,128.2,2136.0,1763718000.0,2025-11-21 15:10:00+05:30
128.17,128.26,128.08,128.15,2579.0,1763718300.0,2025-11-21 15:15:00+05:30
128.24,128.25,128.15,128.23,11828.0,1763718600.0,2025-11-21 15:20:00+05:30
128.2,128.5,128.06,128.15,13175.0,1763718900.0,2025-11-21 15:25:00+05:30
126.85,129.39,126.85,129.39,26275.0,1763955900.0,2025-11-24 09:15:00+05:30
129.42,129.48,128.48,128.72,8552.0,1763956200.0,2025-11-24 09:20:00+05:30
128.72,128.73,128.48,128.51,1707.0,1763956500.0,2025-11-24 09:25:00+05:30
128.51,128.51,127.82,127.92,1033.0,1763956800.0,2025-11-24 09:30:00+05:30
127.81,127.95,127.22,127.22,29417.0,1763957100.0,2025-11-24 09:35:00+05:30
127.26,127.26,127.0,127.01,7549.0,1763957400.0,2025-11-24 09:40:00+05:30
127.13,127.15,126.59,126.98,4887.0,1763957700.0,2025-11-24 09:45:00+05:30
127.08,127.08,126.62,126.62,1599.0,1763958000.0,2025-11-24 09:50:00+05:30
126.62,126.92,126.61,126.87,1869.0,1763958300.0,2025-11-24 09:55:00+05:30
126.97,127.04,126.81,126.92,5194.0,1763958600.0,2025-11-24 10:00:00+05:30
126.95,127.01,126.85,126.95,566.0,1763958900.0,2025-11-24 10:05:00+05:30
126.93,127.02,126.73,127.02,491.0,1763959200.0,2025-11-24 10:10:00+05:30
127.08,127.08,126.83,126.98,400.0,1763959500.0,2025-11-24 10:15:00+05:30
126.98,127.38,126.92,127.37,6068.0,1763959800.0,2025-11-24 10:20:00+05:30
127.43,128.13,127.17,128.13,8566.0,1763960100.0,2025-11-24 10:25:00+05:30
128.29,128.68,128.18,128.26,25849.0,1763960400.0,2025-11-24 10:30:00+05:30
128.16,128.57,128.15,128.5,3643.0,1763960700.0,2025-11-24 10:35:00+05:30
128.55,128.66,128.44,128.66,663.0,1763961000.0,2025-11-24 10:40:00+05:30
128.42,128.53,128.25,128.53,2732.0,1763961300.0,2025-11-24 10:45:00+05:30
128.53,128.8,128.53,128.78,3182.0,1763961600.0,2025-11-24 10:50:00+05:30
128.59,129.69,128.53,129.69,19172.0,1763961900.0,2025-11-24 10:55:00+05:30
129.65,129.65,129.27,129.27,1329.0,1763962200.0,2025-11-24 11:00:00+05:30
129.22,129.25,129.01,129.16,6056.0,1763962500.0,2025-11-24 11:05:00+05:30
129.12,129.25,129.0,129.0,4093.0,1763962800.0,2025-11-24 11:10:00+05:30
129.02,129.18,129.0,129.15,686.0,1763963100.0,2025-11-24 11:15:00+05:30
129.15,129.15,129.03,129.1,121.0,1763963400.0,2025-11-24 11:20:00+05:30
129.01,129.1,129.0,129.0,1632.0,1763963700.0,2025-11-24 11:25:00+05:30
129.0,129.17,129.0,129.0,7013.0,1763964000.0,2025-11-24 11:30:00+05:30
129.14,129.16,129.0,129.15,30.0,1763964300.0,2025-11-24 11:35:00+05:30
129.15,129.15,129.0,129.0,838.0,1763964600.0,2025-11-24 11:40:00+05:30
129.0,129.1,129.0,129.0,833.0,1763964900.0,2025-11-24 11:45:00+05:30
129.0,129.11,129.0,129.11,1742.0,1763965200.0,2025-11-24 11:50:00+05:30
129.11,129.15,129.0,129.0,592.0,1763965500.0,2025-11-24 11:55:00+05:30
129.15,129.15,128.95,129.07,5825.0,1763965800.0,2025-11-24 12:00:00+05:30
129.07,129.07,129.07,129.07,104.0,1763966100.0,2025-11-24 12:05:00+05:30
129.08,129.17,129.0,129.15,2510.0,1763966400.0,2025-11-24 12:10:00+05:30
129.15,129.16,129.05,129.05,131.0,1763966700.0,2025-11-24 12:15:00+05:30
129.05,129.05,129.0,129.0,500.0,1763967000.0,2025-11-24 12:20:00+05:30
129.14,129.2,129.14,129.2,258.0,1763967300.0,2025-11-24 12:25:00+05:30
129.2,129.2,129.06,129.19,299.0,1763967600.0,2025-11-24 12:30:00+05:30
129.19,129.19,129.19,129.19,192.0,1763967900.0,2025-11-24 12:35:00+05:30
129.18,129.37,129.18,129.37,3711.0,1763968200.0,2025-11-24 12:40:00+05:30
129.41,129.44,129.28,129.28,223.0,1763968500.0,2025-11-24 12:45:00+05:30
129.29,129.41,129.29,129.41,612.0,1763968800.0,2025-11-24 12:50:00+05:30
129.41,129.44,129.41,129.41,251.0,1763969100.0,2025-11-24 12:55:00+05:30
129.29,129.44,129.03,129.04,4602.0,1763969400.0,2025-11-24 13:00:00+05:30
129.04,129.14,129.0,129.14,531.0,1763969700.0,2025-11-24 13:05:00+05:30
129.14,129.15,129.14,129.15,1.0,1763970000.0,2025-11-24 13:10:00+05:30
129.16,129.25,129.0,129.07,1895.0,1763970300.0,2025-11-24 13:15:00+05:30
129.25,129.25,129.12,129.12,520.0,1763970600.0,2025-11-24 13:20:00+05:30
129.15,129.39,129.12,129.2,2182.0,1763970900.0,2025-11-24 13:25:00+05:30
129.3,129.45,129.15,129.15,1379.0,1763971200.0,2025-11-24 13:30:00+05:30
129.15,129.25,129.0,129.0,5043.0,1763971500.0,2025-11-24 13:35:00+05:30
129.0,129.59,129.0,129.33,2264.0,1763971800.0,2025-11-24 13:40:00+05:30
129.33,129.37,129.23,129.37,517.0,1763972100.0,2025-11-24 13:45:00+05:30
129.37,129.37,129.23,129.3,1993.0,1763972400.0,2025-11-24 13:50:00+05:30
129.35,129.55,129.28,129.45,2944.0,1763972700.0,2025-11-24 13:55:00+05:30
129.47,129.66,129.2,129.4,6726.0,1763973000.0,2025-11-24 14:00:00+05:30
129.58,129.58,129.33,129.5,2706.0,1763973300.0,2025-11-24 14:05:00+05:30
129.63,129.63,129.5,129.51,2816.0,1763973600.0,2025-11-24 14:10:00+05:30
129.51,129.61,129.5,129.61,1523.0,1763973900.0,2025-11-24 14:15:00+05:30
129.5,129.59,129.5,129.59,1637.0,1763974200.0,2025-11-24 14:20:00+05:30
129.5,129.8,129.5,129.76,1786.0,1763974500.0,2025-11-24 14:25:00+05:30
129.7,129.7,129.5,129.63,2102.0,1763974800.0,2025-11-24 14:30:00+05:30
129.5,129.7,129.5,129.57,1312.0,1763975100.0,2025-11-24 14:35:00+05:30
129.59,129.6,129.37,129.37,927.0,1763975400.0,2025-11-24 14:40:00+05:30
129.5,129.6,129.5,129.5,1014.0,1763975700.0,2025-11-24 14:45:00+05:30
129.72,129.98,129.51,129.89,10012.0,1763976000.0,2025-11-24 14:50:00+05:30
129.65,130.08,129.62,130.0,12677.0,1763976300.0,2025-11-24 14:55:00+05:30
130.0,130.39,129.88,130.39,5564.0,1763976600.0,2025-11-24 15:00:00+05:30
130.41,131.06,130.22,131.0,19579.0,1763976900.0,2025-11-24 15:05:00+05:30
130.95,131.34,130.68,131.16,18538.0,1763977200.0,2025-11-24 15:10:00+05:30
131.13,131.65,130.8,131.5,35215.0,1763977500.0,2025-11-24 15:15:00+05:30
131.34,131.71,130.98,131.39,29041.0,1763977800.0,2025-11-24 15:20:00+05:30
131.39,132.0,131.09,131.85,17805.0,1763978100.0,2025-11-24 15:25:00+05:30
131.18,131.18,130.0,130.33,3839.0,1764042300.0,2025-11-25 09:15:00+05:30
130.41,130.48,129.39,129.75,8438.0,1764042600.0,2025-11-25 09:20:00+05:30
129.98,129.98,129.65,129.67,567.0,1764042900.0,2025-11-25 09:25:00+05:30
129.8,129.87,129.44,129.44,3430.0,1764043200.0,2025-11-25 09:30:00+05:30
129.5,130.7,129.4,130.35,4942.0,1764043500.0,2025-11-25 09:35:00+05:30
130.25,130.49,130.09,130.33,4146.0,1764043800.0,2025-11-25 09:40:00+05:30
130.25,130.6,130.25,130.6,1572.0,1764044100.0,2025-11-25 09:45:00+05:30
130.55,130.7,130.5,130.7,2933.0,1764044400.0,2025-11-25 09:50:00+05:30
130.7,131.36,130.7,131.22,7901.0,1764044700.0,2025-11-25 09:55:00+05:30
131.49,131.89,131.44,131.75,2495.0,1764045000.0,2025-11-25 10:00:00+05:30
131.8,131.85,131.56,131.84,6047.0,1764045300.0,2025-11-25 10:05:00+05:30
131.84,132.0,131.6,132.0,1725.0,1764045600.0,2025-11-25 10:10:00+05:30
131.87,132.71,131.87,132.32,13823.0,1764045900.0,2025-11-25 10:15:00+05:30
132.1,132.1,131.35,132.0,15213.0,1764046200.0,2025-11-25 10:20:00+05:30
131.84,132.01,131.78,131.84,196.0,1764046500.0,2025-11-25 10:25:00+05:30
132.12,132.2,132.0,132.0,2178.0,1764046800.0,2025-11-25 10:30:00+05:30
132.09,132.2,132.01,132.06,1296.0,1764047100.0,2025-11-25 10:35:00+05:30
132.03,132.21,132.0,132.02,656.0,1764047400.0,2025-11-25 10:40:00+05:30
132.02,132.24,132.02,132.24,1321.0,1764047700.0,2025-11-25 10:45:00+05:30
132.2,132.27,132.05,132.21,125.0,1764048000.0,2025-11-25 10:50:00+05:30
132.21,132.27,131.59,131.75,14624.0,1764048300.0,2025-11-25 10:55:00+05:30
131.75,131.93,131.75,131.93,9.0,1764048600.0,2025-11-25 11:00:00+05:30
131.76,132.01,131.69,131.72,2386.0,1764048900.0,2025-11-25 11:05:00+05:30
131.72,131.76,131.69,131.76,367.0,1764049200.0,2025-11-25 11:10:00+05:30
131.73,131.97,131.73,131.94,758.0,1764049500.0,2025-11-25 11:15:00+05:30
131.73,131.74,131.61,131.61,1859.0,1764049800.0,2025-11-25 11:20:00+05:30
131.8,131.99,131.67,131.99,847.0,1764050100.0,2025-11-25 11:25:00+05:30
131.7,131.85,131.65,131.81,2200.0,1764050400.0,2025-11-25 11:30:00+05:30
131.81,131.85,131.5,131.51,3724.0,1764050700.0,2025-11-25 11:35:00+05:30
131.73,131.73,131.53,131.53,1058.0,1764051000.0,2025-11-25 11:40:00+05:30
131.53,131.69,131.53,131.54,107.0,1764051300.0,2025-11-25 11:45:00+05:30
131.73,131.89,131.68,131.7,1884.0,1764051600.0,2025-11-25 11:50:00+05:30
131.6,131.6,130.54,130.85,21917.0,1764051900.0,2025-11-25 11:55:00+05:30
130.96,131.0,130.7,130.83,5427.0,1764052200.0,2025-11-25 12:00:00+05:30
130.83,131.03,130.7,131.0,13141.0,1764052500.0,2025-11-25 12:05:00+05:30
131.0,131.65,130.94,131.44,11888.0,1764052800.0,2025-11-25 12:10:00+05:30
131.5,131.5,131.5,131.5,545.0,1764053100.0,2025-11-25 12:15:00+05:30
131.4,131.5,131.29,131.5,3509.0,1764053400.0,2025-11-25 12:20:00+05:30
131.34,131.46,131.34,131.46,749.0,1764053700.0,2025-11-25 12:25:00+05:30
131.46,131.46,130.92,131.01,4766.0,1764054000.0,2025-11-25 12:30:00+05:30
131.24,131.24,130.81,130.99,2620.0,1764054300.0,2025-11-25 12:35:00+05:30
130.99,131.03,130.99,131.03,21.0,1764054600.0,2025-11-25 12:40:00+05:30
131.18,131.46,131.18,131.46,2355.0,1764054900.0,2025-11-25 12:45:00+05:30
131.45,131.47,131.26,131.31,1568.0,1764055200.0,2025-11-25 12:50:00+05:30
131.4,131.48,131.14,131.14,911.0,1764055500.0,2025-11-25 12:55:00+05:30
131.07,131.19,130.95,131.1,942.0,1764055800.0,2025-11-25 13:00:00+05:30
131.1,131.1,130.79,130.79,261.0,1764056100.0,2025-11-25 13:05:00+05:30
130.75,131.0,130.75,130.8,3660.0,1764056400.0,2025-11-25 13:10:00+05:30
130.65,131.23,130.65,131.19,78981.0,1764056700.0,2025-11-25 13:15:00+05:30
131.24,131.98,131.11,131.98,30724.0,1764057000.0,2025-11-25 13:20:00+05:30
131.8,132.24,131.8,132.24,3678.0,1764057300.0,2025-11-25 13:25:00+05:30
132.04,132.25,132.01,132.1,254.0,1764057600.0,2025-11-25 13:30:00+05:30
132.15,132.27,132.11,132.11,1755.0,1764057900.0,2025-11-25 13:35:00+05:30
132.23,132.23,132.04,132.2,217.0,1764058200.0,2025-11-25 13:40:00+05:30
132.2,132.2,132.02,132.2,444.0,1764058500.0,2025-11-25 13:45:00+05:30
132.2,132.2,132.03,132.1,62.0,1764058800.0,2025-11-25 13:50:00+05:30
132.1,132.1,131.85,131.99,252.0,1764059100.0,2025-11-25 13:55:00+05:30
132.08,132.23,131.82,132.23,5886.0,1764059400.0,2025-11-25 14:00:00+05:30
132.23,132.3,132.09,132.3,10622.0,1764059700.0,2025-11-25 14:05:00+05:30
132.3,132.5,132.3,132.34,436.0,1764060000.0,2025-11-25 14:10:00+05:30
132.19,132.64,132.13,132.53,2043.0,1764060300.0,2025-11-25 14:15:00+05:30
132.88,132.89,132.8,132.89,2595.0,1764060600.0,2025-11-25 14:20:00+05:30
132.89,132.89,132.13,132.25,21154.0,1764060900.0,2025-11-25 14:25:00+05:30
132.55,132.7,132.51,132.54,3028.0,1764061200.0,2025-11-25 14:30:00+05:30
132.59,132.64,132.5,132.5,717.0,1764061500.0,2025-11-25 14:35:00+05:30
132.5,132.5,132.21,132.21,1379.0,1764061800.0,2025-11-25 14:40:00+05:30
132.21,132.63,132.21,132.6,2101.0,1764062100.0,2025-11-25 14:45:00+05:30
132.42,132.63,132.41,132.47,1992.0,1764062400.0,2025-11-25 14:50:00+05:30
132.47,132.67,132.23,132.45,5871.0,1764062700.0,2025-11-25 14:55:00+05:30
132.5,132.6,132.39,132.5,2917.0,1764063000.0,2025-11-25 15:00:00+05:30
132.4,132.55,132.4,132.47,2069.0,1764063300.0,2025-11-25 15:05:00+05:30
132.5,132.8,132.46,132.6,7446.0,1764063600.0,2025-11-25 15:10:00+05:30
132.6,132.79,132.5,132.7,5473.0,1764063900.0,2025-11-25 15:15:00+05:30
132.7,132.89,132.5,132.5,17391.0,1764064200.0,2025-11-25 15:20:00+05:30
132.5,132.99,132.39,132.7,5813.0,1764064500.0,2025-11-25 15:25:00+05:30
132.85,133.11,131.22,132.04,3570.0,1764128700.0,2025-11-26 09:15:00+05:30
132.3,132.3,131.89,132.03,1118.0,1764129000.0,2025-11-26 09:20:00+05:30
132.0,132.27,131.59,132.02,6402.0,1764129300.0,2025-11-26 09:25:00+05:30
132.02,132.02,131.73,131.97,2622.0,1764129600.0,2025-11-26 09:30:00+05:30
131.82,131.97,131.52,131.52,1656.0,1764129900.0,2025-11-26 09:35:00+05:30
131.72,131.78,131.58,131.65,511.0,1764130200.0,2025-11-26 09:40:00+05:30
131.65,131.93,131.61,131.67,3751.0,1764130500.0,2025-11-26 09:45:00+05:30
131.67,131.85,131.62,131.74,472.0,1764130800.0,2025-11-26 09:50:00+05:30
131.74,131.75,131.5,131.55,3546.0,1764131100.0,2025-11-26 09:55:00+05:30
131.55,131.72,131.5,131.52,380.0,1764131400.0,2025-11-26 10:00:00+05:30
131.67,131.67,131.65,131.67,261.0,1764131700.0,2025-11-26 10:05:00+05:30
131.65,131.65,131.5,131.5,792.0,1764132000.0,2025-11-26 10:10:00+05:30
131.5,131.7,131.5,131.7,2212.0,1764132300.0,2025-11-26 10:15:00+05:30
131.94,132.62,131.94,132.33,8781.0,1764132600.0,2025-11-26 10:20:00+05:30
132.27,132.27,131.81,132.06,1070.0,1764132900.0,2025-11-26 10:25:00+05:30
131.9,132.06,131.73,131.8,1744.0,1764133200.0,2025-11-26 10:30:00+05:30
131.8,131.91,131.61,131.74,1044.0,1764133500.0,2025-11-26 10:35:00+05:30
131.8,131.98,131.8,131.98,434.0,1764133800.0,2025-11-26 10:40:00+05:30
131.98,132.0,131.74,131.74,1689.0,1764134100.0,2025-11-26 10:45:00+05:30
131.9,132.0,131.84,131.84,1602.0,1764134400.0,2025-11-26 10:50:00+05:30
131.84,131.95,131.74,131.74,1417.0,1764134700.0,2025-11-26 10:55:00+05:30
131.74,131.82,131.55,131.55,1494.0,1764135000.0,2025-11-26 11:00:00+05:30
131.55,131.8,131.54,131.6,770.0,1764135300.0,2025-11-26 11:05:00+05:30
131.72,131.83,131.62,131.83,469.0,1764135600.0,2025-11-26 11:10:00+05:30
131.64,131.9,131.63,131.65,820.0,1764135900.0,2025-11-26 11:15:00+05:30
131.82,131.83,131.65,131.83,81.0,1764136200.0,2025-11-26 11:20:00+05:30
131.83,131.95,131.65,131.85,2301.0,1764136500.0,2025-11-26 11:25:00+05:30
131.69,132.1,131.69,132.05,4220.0,1764136800.0,2025-11-26 11:30:00+05:30
132.05,132.25,132.01,132.25,789.0,1764137100.0,2025-11-26 11:35:00+05:30
132.04,132.06,132.04,132.06,168.0,1764137400.0,2025-11-26 11:40:00+05:30
132.06,132.06,132.06,132.06,10.0,1764137700.0,2025-11-26 11:45:00+05:30
132.06,132.06,131.82,131.86,1294.0,1764138000.0,2025-11-26 11:50:00+05:30
131.86,132.05,131.86,132.0,235.0,1764138300.0,2025-11-26 11:55:00+05:30
132.0,132.0,131.99,131.99,10.0,1764138600.0,2025-11-26 12:00:00+05:30
131.99,131.99,131.62,131.9,1336.0,1764138900.0,2025-11-26 12:05:00+05:30
131.91,132.0,131.91,131.99,636.0,1764139200.0,2025-11-26 12:10:00+05:30
131.99,131.99,131.82,131.82,2.0,1764139500.0,2025-11-26 12:15:00+05:30
131.99,131.99,131.84,131.84,103.0,1764139800.0,2025-11-26 12:20:00+05:30
131.84,132.08,131.84,132.08,580.0,1764140100.0,2025-11-26 12:25:00+05:30
131.88,132.08,131.87,132.08,168.0,1764140400.0,2025-11-26 12:30:00+05:30
132.07,132.07,131.91,131.91,465.0,1764140700.0,2025-11-26 12:35:00+05:30
132.0,132.05,131.86,132.05,1047.0,1764141000.0,2025-11-26 12:40:00+05:30
132.09,132.09,131.85,132.05,511.0,1764141300.0,2025-11-26 12:45:00+05:30
132.16,132.16,131.94,131.94,273.0,1764141600.0,2025-11-26 12:50:00+05:30
132.12,132.12,131.81,132.07,592.0,1764141900.0,2025-11-26 12:55:00+05:30
132.07,132.08,131.86,132.01,201.0,1764142200.0,2025-11-26 13:00:00+05:30
132.01,132.18,132.01,132.18,530.0,1764142500.0,2025-11-26 13:05:00+05:30
132.18,132.18,132.0,132.0,920.0,1764142800.0,2025-11-26 13:10:00+05:30
132.0,132.0,131.9,131.9,360.0,1764143100.0,2025-11-26 13:15:00+05:30
131.9,132.37,131.9,132.25,1910.0,1764143400.0,2025-11-26 13:20:00+05:30
132.25,132.37,132.25,132.25,262.0,1764143700.0,2025-11-26 13:25:00+05:30
132.25,132.44,132.25,132.44,4232.0,1764144000.0,2025-11-26 13:30:00+05:30
132.27,132.41,132.25,132.41,348.0,1764144300.0,2025-11-26 13:35:00+05:30
132.25,132.25,132.25,132.25,229.0,1764144600.0,2025-11-26 13:40:00+05:30
132.25,132.93,132.25,132.93,2761.0,1764144900.0,2025-11-26 13:45:00+05:30
132.95,133.41,132.78,132.93,12091.0,1764145200.0,2025-11-26 13:50:00+05:30
133.01,133.06,132.85,133.06,1089.0,1764145500.0,2025-11-26 13:55:00+05:30
133.05,133.2,133.0,133.17,2795.0,1764145800.0,2025-11-26 14:00:00+05:30
133.13,133.48,133.0,133.4,10405.0,1764146100.0,2025-11-26 14:05:00+05:30
133.5,133.77,133.23,133.23,7574.0,1764146400.0,2025-11-26 14:10:00+05:30
133.23,133.24,133.0,133.0,1104.0,1764146700.0,2025-11-26 14:15:00+05:30
133.0,133.15,132.81,133.07,9000.0,1764147000.0,2025-11-26 14:20:00+05:30
133.22,133.57,133.22,133.57,4896.0,1764147300.0,2025-11-26 14:25:00+05:30
133.58,133.59,133.27,133.49,1419.0,1764147600.0,2025-11-26 14:30:00+05:30
133.46,133.6,133.46,133.6,1811.0,1764147900.0,2025-11-26 14:35:00+05:30
133.59,133.67,133.59,133.66,2834.0,1764148200.0,2025-11-26 14:40:00+05:30
133.64,133.64,133.35,133.46,2770.0,1764148500.0,2025-11-26 14:45:00+05:30
133.4,133.7,133.02,133.02,23451.0,1764148800.0,2025-11-26 14:50:00+05:30
132.77,133.3,132.77,133.13,9577.0,1764149100.0,2025-11-26 14:55:00+05:30
133.14,133.35,133.0,133.18,3576.0,1764149400.0,2025-11-26 15:00:00+05:30
133.04,133.45,132.96,133.31,4240.0,1764149700.0,2025-11-26 15:05:00+05:30
133.31,133.31,132.88,133.21,1940.0,1764150000.0,2025-11-26 15:10:00+05:30
133.21,133.5,133.04,133.2,14664.0,1764150300.0,2025-11-26 15:15:00+05:30
133.2,133.3,133.06,133.25,2997.0,1764150600.0,2025-11-26 15:20:00+05:30
133.48,133.67,133.28,133.29,16937.0,1764150900.0,2025-11-26 15:25:00+05:30
133.98,133.98,133.07,133.38,4148.0,1764215100.0,2025-11-27 09:15:00+05:30
133.37,133.5,132.96,132.96,2886.0,1764215400.0,2025-11-27 09:20:00+05:30
132.8,133.0,132.55,132.79,3710.0,1764215700.0,2025-11-27 09:25:00+05:30
132.78,132.8,132.2,132.39,4170.0,1764216000.0,2025-11-27 09:30:00+05:30
132.39,132.6,132.25,132.25,2503.0,1764216300.0,2025-11-27 09:35:00+05:30
132.25,132.57,132.11,132.32,4857.0,1764216600.0,2025-11-27 09:40:00+05:30
132.5,132.88,132.36,132.88,1524.0,1764216900.0,2025-11-27 09:45:00+05:30
132.88,132.88,132.64,132.64,1349.0,1764217200.0,2025-11-27 09:50:00+05:30
132.66,132.86,132.66,132.86,649.0,1764217500.0,2025-11-27 09:55:00+05:30
132.96,133.0,132.96,133.0,106.0,1764217800.0,2025-11-27 10:00:00+05:30
132.96,133.11,132.0,132.13,20724.0,1764218100.0,2025-11-27 10:05:00+05:30
132.35,132.38,132.13,132.31,2034.0,1764218400.0,2025-11-27 10:10:00+05:30
132.14,132.28,132.14,132.25,275.0,1764218700.0,2025-11-27 10:15:00+05:30
132.14,132.29,132.14,132.27,225.0,1764219000.0,2025-11-27 10:20:00+05:30
132.27,132.27,132.0,132.21,2480.0,1764219300.0,2025-11-27 10:25:00+05:30
132.21,132.37,132.19,132.22,637.0,1764219600.0,2025-11-27 10:30:00+05:30
132.38,132.38,132.0,132.2,4681.0,1764219900.0,2025-11-27 10:35:00+05:30
132.2,132.2,132.0,132.0,240.0,1764220200.0,2025-11-27 10:40:00+05:30
132.02,132.02,131.85,131.85,542.0,1764220500.0,2025-11-27 10:45:00+05:30
131.97,131.97,131.5,131.63,4139.0,1764220800.0,2025-11-27 10:50:00+05:30
131.63,131.63,130.51,130.51,7278.0,1764221100.0,2025-11-27 10:55:00+05:30
130.51,130.59,129.81,129.95,14195.0,1764221400.0,2025-11-27 11:00:00+05:30
130.12,130.12,129.85,130.0,9553.0,1764221700.0,2025-11-27 11:05:00+05:30
130.0,130.11,129.91,130.0,3674.0,1764222000.0,2025-11-27 11:10:00+05:30
129.95,130.06,129.95,130.0,8702.0,1764222300.0,2025-11-27 11:15:00+05:30
130.0,130.01,129.92,129.99,1353.0,1764222600.0,2025-11-27 11:20:00+05:30
129.99,130.1,129.91,130.09,1385.0,1764222900.0,2025-11-27 11:25:00+05:30
130.02,130.02,129.79,129.8,4502.0,1764223200.0,2025-11-27 11:30:00+05:30
129.8,129.87,129.69,129.87,1448.0,1764223500.0,2025-11-27 11:35:00+05:30
129.86,130.09,128.96,130.0,48390.0,1764223800.0,2025-11-27 11:40:00+05:30
130.0,130.0,129.75,129.9,4497.0,1764224100.0,2025-11-27 11:45:00+05:30
129.55,129.9,129.55,129.9,15626.0,1764224400.0,2025-11-27 11:50:00+05:30
129.84,129.9,129.7,129.9,2135.0,1764224700.0,2025-11-27 11:55:00+05:30
129.8,129.93,129.8,129.9,269.0,1764225000.0,2025-11-27 12:00:00+05:30
129.9,129.93,129.63,129.81,818.0,1764225300.0,2025-11-27 12:05:00+05:30
129.78,129.85,129.6,129.84,1295.0,1764225600.0,2025-11-27 12:10:00+05:30
129.7,129.81,129.7,129.8,465.0,1764225900.0,2025-11-27 12:15:00+05:30
129.84,129.84,129.7,129.7,3183.0,1764226200.0,2025-11-27 12:20:00+05:30
129.8,129.8,129.63,129.7,1878.0,1764226500.0,2025-11-27 12:25:00+05:30
129.87,129.99,129.87,129.94,1860.0,1764226800.0,2025-11-27 12:30:00+05:30
129.94,129.94,129.76,129.88,153.0,1764227100.0,2025-11-27 12:35:00+05:30
129.88,129.91,129.76,129.89,286.0,1764227400.0,2025-11-27 12:40:00+05:30
129.89,129.89,129.88,129.88,30.0,1764227700.0,2025-11-27 12:45:00+05:30
129.9,129.91,129.88,129.9,362.0,1764228000.0,2025-11-27 12:50:00+05:30
129.9,129.9,129.81,129.88,632.0,1764228300.0,2025-11-27 12:55:00+05:30
129.88,129.93,129.81,129.88,665.0,1764228600.0,2025-11-27 13:00:00+05:30
129.91,129.95,129.91,129.95,356.0,1764228900.0,2025-11-27 13:05:00+05:30
129.95,129.96,129.81,129.81,386.0,1764229200.0,2025-11-27 13:10:00+05:30
129.65,129.79,129.65,129.77,2669.0,1764229500.0,2025-11-27 13:15:00+05:30
129.77,129.92,129.77,129.81,362.0,1764229800.0,2025-11-27 13:20:00+05:30
129.91,129.91,129.78,129.78,249.0,1764230100.0,2025-11-27 13:25:00+05:30
129.78,129.84,129.7,129.7,1395.0,1764230400.0,2025-11-27 13:30:00+05:30
129.7,129.85,129.59,129.72,8910.0,1764230700.0,2025-11-27 13:35:00+05:30
129.8,129.94,129.8,129.94,1330.0,1764231000.0,2025-11-27 13:40:00+05:30
129.64,129.7,129.64,129.7,1408.0,1764231300.0,2025-11-27 13:45:00+05:30
129.8,129.8,129.36,129.71,2363.0,1764231600.0,2025-11-27 13:50:00+05:30
129.71,129.81,129.46,129.7,2078.0,1764231900.0,2025-11-27 13:55:00+05:30
129.81,129.85,129.7,129.81,1573.0,1764232200.0,2025-11-27 14:00:00+05:30
129.78,129.93,129.7,129.88,876.0,1764232500.0,2025-11-27 14:05:00+05:30
129.75,129.75,129.64,129.7,6689.0,1764232800.0,2025-11-27 14:10:00+05:30
129.7,129.93,129.7,129.82,2563.0,1764233100.0,2025-11-27 14:15:00+05:30
129.82,129.82,129.7,129.7,448.0,1764233400.0,2025-11-27 14:20:00+05:30
129.8,129.8,129.06,129.4,31283.0,1764233700.0,2025-11-27 14:25:00+05:30
129.4,129.5,129.37,129.49,2618.0,1764234000.0,2025-11-27 14:30:00+05:30
129.47,129.48,129.4,129.4,1229.0,1764234300.0,2025-11-27 14:35:00+05:30
129.48,129.64,129.48,129.64,4173.0,1764234600.0,2025-11-27 14:40:00+05:30
129.64,129.88,129.64,129.88,1375.0,1764234900.0,2025-11-27 14:45:00+05:30
129.88,129.88,129.63,129.85,2171.0,1764235200.0,2025-11-27 14:50:00+05:30
129.8,129.91,129.7,129.7,4667.0,1764235500.0,2025-11-27 14:55:00+05:30
129.9,129.9,129.7,129.84,1399.0,1764235800.0,2025-11-27 15:00:00+05:30
129.7,129.88,129.7,129.7,1601.0,1764236100.0,2025-11-27 15:05:00+05:30
129.84,129.84,129.7,129.7,11673.0,1764236400.0,2025-11-27 15:10:00+05:30
129.7,129.85,129.7,129.77,5561.0,1764236700.0,2025-11-27 15:15:00+05:30
129.84,129.84,129.69,129.7,12743.0,1764237000.0,2025-11-27 15:20:00+05:30
129.7,129.8,129.65,129.75,12430.0,1764237300.0,2025-11-27 15:25:00+05:30
129.45,130.08,128.91,129.18,5062.0,1764301500.0,2025-11-28 09:15:00+05:30
129.03,129.03,128.19,128.32,11674.0,1764301800.0,2025-11-28 09:20:00+05:30
128.37,128.5,128.15,128.27,5513.0,1764302100.0,2025-11-28 09:25:00+05:30
128.37,128.58,128.3,128.58,672.0,1764302400.0,2025-11-28 09:30:00+05:30
128.55,128.62,128.05,128.18,6511.0,1764302700.0,2025-11-28 09:35:00+05:30
128.16,128.17,128.04,128.04,1138.0,1764303000.0,2025-11-28 09:40:00+05:30
127.98,128.1,127.9,128.0,3661.0,1764303300.0,2025-11-28 09:45:00+05:30
128.01,128.3,128.01,128.29,2066.0,1764303600.0,2025-11-28 09:50:00+05:30
128.29,128.84,128.27,128.84,8158.0,1764303900.0,2025-11-28 09:55:00+05:30
128.79,129.34,128.79,129.34,7926.0,1764304200.0,2025-11-28 10:00:00+05:30
129.48,129.51,129.35,129.51,838.0,1764304500.0,2025-11-28 10:05:00+05:30
129.54,129.54,129.1,129.1,5460.0,1764304800.0,2025-11-28 10:10:00+05:30
129.1,129.73,128.94,129.73,7828.0,1764305100.0,2025-11-28 10:15:00+05:30
129.83,129.89,129.53,129.7,421.0,1764305400.0,2025-11-28 10:20:00+05:30
129.7,129.7,129.47,129.5,492.0,1764305700.0,2025-11-28 10:25:00+05:30
129.45,129.6,129.36,129.52,4731.0,1764306000.0,2025-11-28 10:30:00+05:30
129.53,129.58,129.45,129.58,1016.0,1764306300.0,2025-11-28 10:35:00+05:30
129.58,129.7,129.46,129.7,1476.0,1764306600.0,2025-11-28 10:40:00+05:30
129.72,129.73,129.64,129.72,378.0,1764306900.0,2025-11-28 10:45:00+05:30
129.72,129.75,129.6,129.75,837.0,1764307200.0,2025-11-28 10:50:00+05:30
129.75,129.76,129.62,129.75,311.0,1764307500.0,2025-11-28 10:55:00+05:30
129.75,129.75,129.6,129.6,1199.0,1764307800.0,2025-11-28 11:00:00+05:30
129.6,129.65,129.1,129.45,5407.0,1764308100.0,2025-11-28 11:05:00+05:30
129.45,129.64,129.45,129.64,407.0,1764308400.0,2025-11-28 11:10:00+05:30
129.64,129.69,129.54,129.68,330.0,1764308700.0,2025-11-28 11:15:00+05:30
129.69,129.69,129.61,129.61,92.0,1764309000.0,2025-11-28 11:20:00+05:30
129.45,129.61,129.43,129.45,1703.0,1764309300.0,2025-11-28 11:25:00+05:30
129.45,129.61,129.4,129.46,240.0,1764309600.0,2025-11-28 11:30:00+05:30
129.46,129.55,129.31,129.31,83.0,1764309900.0,2025-11-28 11:35:00+05:30
129.44,129.46,129.28,129.46,17666.0,1764310200.0,2025-11-28 11:40:00+05:30
129.46,129.46,129.45,129.46,133.0,1764310500.0,2025-11-28 11:45:00+05:30
129.46,129.58,129.39,129.58,17099.0,1764310800.0,2025-11-28 11:50:00+05:30
129.58,129.72,129.56,129.72,791.0,1764311100.0,2025-11-28 11:55:00+05:30
129.73,129.8,129.59,129.73,21709.0,1764311400.0,2025-11-28 12:00:00+05:30
129.78,130.33,129.78,130.22,12635.0,1764311700.0,2025-11-28 12:05:00+05:30
130.32,130.32,130.19,130.19,1219.0,1764312000.0,2025-11-28 12:10:00+05:30
130.13,130.19,130.0,130.04,3506.0,1764312300.0,2025-11-28 12:15:00+05:30
130.05,130.19,130.0,130.01,1244.0,1764312600.0,2025-11-28 12:20:00+05:30
130.1,130.67,130.0,130.6,3302.0,1764312900.0,2025-11-28 12:25:00+05:30
130.67,130.73,129.96,130.73,39854.0,1764313200.0,2025-11-28 12:30:00+05:30
130.61,130.66,130.6,130.6,795.0,1764313500.0,2025-11-28 12:35:00+05:30
130.6,130.6,130.5,130.59,466.0,1764313800.0,2025-11-28 12:40:00+05:30
130.57,130.6,130.5,130.55,427.0,1764314100.0,2025-11-28 12:45:00+05:30
130.55,130.55,130.5,130.55,37.0,1764314400.0,2025-11-28 12:50:00+05:30
130.55,130.55,130.25,130.51,4893.0,1764314700.0,2025-11-28 12:55:00+05:30
130.51,130.55,130.51,130.55,806.0,1764315000.0,2025-11-28 13:00:00+05:30
130.55,130.57,130.5,130.57,140.0,1764315300.0,2025-11-28 13:05:00+05:30
130.57,130.57,130.5,130.5,1177.0,1764315600.0,2025-11-28 13:10:00+05:30
130.5,130.5,130.5,130.5,681.0,1764315900.0,2025-11-28 13:15:00+05:30
130.5,130.5,130.5,130.5,803.0,1764316200.0,2025-11-28 13:20:00+05:30
130.53,130.95,130.5,130.62,6010.0,1764316500.0,2025-11-28 13:25:00+05:30
130.62,130.72,130.58,130.69,164.0,1764316800.0,2025-11-28 13:30:00+05:30
130.69,131.2,130.69,131.19,7896.0,1764317100.0,2025-11-28 13:35:00+05:30
131.26,131.32,131.03,131.32,935.0,1764317400.0,2025-11-28 13:40:00+05:30
131.32,131.65,131.07,131.48,4802.0,1764317700.0,2025-11-28 13:45:00+05:30
131.31,131.31,131.11,131.31,2171.0,1764318000.0,2025-11-28 13:50:00+05:30
131.31,131.31,131.31,131.31,0.0,1764318300.0,2025-11-28 13:55:00+05:30
131.39,131.48,131.11,131.25,762.0,1764318600.0,2025-11-28 14:00:00+05:30
131.25,131.25,131.04,131.1,1500.0,1764318900.0,2025-11-28 14:05:00+05:30
131.1,131.23,131.1,131.16,152.0,1764319200.0,2025-11-28 14:10:00+05:30
131.17,131.55,131.16,131.34,2563.0,1764319500.0,2025-11-28 14:15:00+05:30
131.5,132.0,131.34,131.54,4763.0,1764319800.0,2025-11-28 14:20:00+05:30
131.55,131.55,131.1,131.24,1502.0,1764320100.0,2025-11-28 14:25:00+05:30
131.24,131.3,131.24,131.24,108.0,1764320400.0,2025-11-28 14:30:00+05:30
131.24,131.88,131.05,131.88,4503.0,1764320700.0,2025-11-28 14:35:00+05:30
131.8,132.49,131.8,132.04,7396.0,1764321000.0,2025-11-28 14:40:00+05:30
132.04,132.2,132.0,132.01,1657.0,1764321300.0,2025-11-28 14:45:00+05:30
132.01,132.14,132.0,132.09,589.0,1764321600.0,2025-11-28 14:50:00+05:30
132.0,132.25,132.0,132.19,4891.0,1764321900.0,2025-11-28 14:55:00+05:30
132.24,132.24,132.0,132.23,859.0,1764322200.0,2025-11-28 15:00:00+05:30
132.1,132.17,131.75,131.75,2081.0,1764322500.0,2025-11-28 15:05:00+05:30
131.69,131.75,131.37,131.57,1583.0,1764322800.0,2025-11-28 15:10:00+05:30
131.67,131.72,130.74,130.74,4949.0,1764323100.0,2025-11-28 15:15:00+05:30
130.64,130.82,130.4,130.71,3951.0,1764323400.0,2025-11-28 15:20:00+05:30
130.56,130.98,130.5,130.55,6878.0,1764323700.0,2025-11-28 15:25:00+05:30
131.09,131.1,130.26,130.53,5656.0,1764560700.0,2025-12-01 09:15:00+05:30
130.48,130.61,130.31,130.46,1933.0,1764561000.0,2025-12-01 09:20:00+05:30
130.48,130.75,130.15,130.75,6851.0,1764561300.0,2025-12-01 09:25:00+05:30
130.74,131.26,130.68,131.26,5271.0,1764561600.0,2025-12-01 09:30:00+05:30
131.21,131.28,130.91,131.1,2260.0,1764561900.0,2025-12-01 09:35:00+05:30
131.07,131.23,131.07,131.1,226.0,1764562200.0,2025-12-01 09:40:00+05:30
131.1,131.11,130.8,130.97,3734.0,1764562500.0,2025-12-01 09:45:00+05:30
130.97,130.97,130.82,130.94,550.0,1764562800.0,2025-12-01 09:50:00+05:30
130.94,130.94,130.65,130.85,400.0,1764563100.0,2025-12-01 09:55:00+05:30
130.85,131.06,130.7,131.02,1065.0,1764563400.0,2025-12-01 10:00:00+05:30
131.01,131.18,131.01,131.06,305.0,1764563700.0,2025-12-01 10:05:00+05:30
131.0,131.0,130.63,130.83,1766.0,1764564000.0,2025-12-01 10:10:00+05:30
130.63,130.7,130.61,130.61,919.0,1764564300.0,2025-12-01 10:15:00+05:30
130.61,130.93,130.61,130.81,561.0,1764564600.0,2025-12-01 10:20:00+05:30
130.71,130.82,130.6,130.6,262.0,1764564900.0,2025-12-01 10:25:00+05:30
130.74,131.04,130.74,130.99,2088.0,1764565200.0,2025-12-01 10:30:00+05:30
131.02,131.02,130.76,130.95,1735.0,1764565500.0,2025-12-01 10:35:00+05:30
130.95,131.07,130.95,131.07,590.0,1764565800.0,2025-12-01 10:40:00+05:30
131.02,131.16,131.01,131.02,424.0,1764566100.0,2025-12-01 10:45:00+05:30
131.03,131.15,131.0,131.0,558.0,1764566400.0,2025-12-01 10:50:00+05:30
131.0,131.19,131.0,131.18,533.0,1764566700.0,2025-12-01 10:55:00+05:30
130.91,131.72,130.91,131.64,3294.0,1764567000.0,2025-12-01 11:00:00+05:30
131.63,131.63,131.14,131.38,1082.0,1764567300.0,2025-12-01 11:05:00+05:30
131.11,131.4,131.11,131.17,723.0,1764567600.0,2025-12-01 11:10:00+05:30
131.31,131.34,131.13,131.29,3941.0,1764567900.0,2025-12-01 11:15:00+05:30
131.33,131.33,131.14,131.15,72.0,1764568200.0,2025-12-01 11:20:00+05:30
131.15,131.28,131.13,131.14,203.0,1764568500.0,2025-12-01 11:25:00+05:30
131.14,131.23,131.12,131.12,924.0,1764568800.0,2025-12-01 11:30:00+05:30
131.12,131.29,131.11,131.23,288.0,1764569100.0,2025-12-01 11:35:00+05:30
131.12,131.15,130.94,131.0,1760.0,1764569400.0,2025-12-01 11:40:00+05:30
130.99,131.1,130.85,131.1,3006.0,1764569700.0,2025-12-01 11:45:00+05:30
131.1,131.1,131.0,131.0,183.0,1764570000.0,2025-12-01 11:50:00+05:30
131.0,131.24,131.0,131.24,1258.0,1764570300.0,2025-12-01 11:55:00+05:30
131.24,131.24,131.06,131.06,104.0,1764570600.0,2025-12-01 12:00:00+05:30
131.19,131.25,131.12,131.25,2372.0,1764570900.0,2025-12-01 12:05:00+05:30
131.24,131.24,131.01,131.01,546.0,1764571200.0,2025-12-01 12:10:00+05:30
131.01,131.01,130.91,131.0,524.0,1764571500.0,2025-12-01 12:15:00+05:30
131.0,131.1,130.9,131.0,874.0,1764571800.0,2025-12-01 12:20:00+05:30
130.99,131.0,130.99,131.0,241.0,1764572100.0,2025-12-01 12:25:00+05:30
131.09,131.09,131.0,131.0,2010.0,1764572400.0,2025-12-01 12:30:00+05:30
131.06,131.18,131.0,131.05,1344.0,1764572700.0,2025-12-01 12:35:00+05:30
131.05,131.05,131.0,131.0,202.0,1764573000.0,2025-12-01 12:40:00+05:30
131.0,131.02,131.0,131.0,860.0,1764573300.0,2025-12-01 12:45:00+05:30
131.0,131.0,131.0,131.0,0.0,1764573600.0,2025-12-01 12:50:00+05:30
131.0,131.0,131.0,131.0,1005.0,1764573900.0,2025-12-01 12:55:00+05:30
131.0,131.16,131.0,131.03,286.0,1764574200.0,2025-12-01 13:00:00+05:30
131.0,131.16,131.0,131.0,530.0,1764574500.0,2025-12-01 13:05:00+05:30
131.0,131.11,131.0,131.0,614.0,1764574800.0,2025-12-01 13:10:00+05:30
130.99,131.16,130.99,131.16,1051.0,1764575100.0,2025-12-01 13:15:00+05:30
131.11,131.11,131.0,131.0,34.0,1764575400.0,2025-12-01 13:20:00+05:30
131.0,131.0,131.0,131.0,264.0,1764575700.0,2025-12-01 13:25:00+05:30
131.08,131.11,130.95,131.06,967.0,1764576000.0,2025-12-01 13:30:00+05:30
131.06,131.1,131.0,131.01,526.0,1764576300.0,2025-12-01 13:35:00+05:30
131.0,131.0,131.0,131.0,292.0,1764576600.0,2025-12-01 13:40:00+05:30
131.0,131.12,131.0,131.12,354.0,1764576900.0,2025-12-01 13:45:00+05:30
131.12,131.19,131.12,131.12,469.0,1764577200.0,2025-12-01 13:50:00+05:30
131.19,131.19,131.0,131.11,904.0,1764577500.0,2025-12-01 13:55:00+05:30
131.09,131.09,131.0,131.09,197.0,1764577800.0,2025-12-01 14:00:00+05:30
131.1,131.25,131.1,131.11,1997.0,1764578100.0,2025-12-01 14:05:00+05:30
131.11,131.64,131.11,131.49,2392.0,1764578400.0,2025-12-01 14:10:00+05:30
131.28,131.4,131.28,131.4,161.0,1764578700.0,2025-12-01 14:15:00+05:30
131.26,131.45,131.26,131.45,2703.0,1764579000.0,2025-12-01 14:20:00+05:30
131.45,131.48,131.3,131.33,1266.0,1764579300.0,2025-12-01 14:25:00+05:30
131.32,131.46,131.28,131.4,527.0,1764579600.0,2025-12-01 14:30:00+05:30
131.4,131.46,131.4,131.4,216.0,1764579900.0,2025-12-01 14:35:00+05:30
131.4,131.4,131.29,131.3,723.0,1764580200.0,2025-12-01 14:40:00+05:30
131.26,131.38,131.26,131.36,438.0,1764580500.0,2025-12-01 14:45:00+05:30
131.36,131.85,131.26,131.53,4797.0,1764580800.0,2025-12-01 14:50:00+05:30
131.53,131.54,131.26,131.26,1487.0,1764581100.0,2025-12-01 14:55:00+05:30
131.26,131.37,131.11,131.11,1180.0,1764581400.0,2025-12-01 15:00:00+05:30
131.11,131.27,131.1,131.13,3550.0,1764581700.0,2025-12-01 15:05:00+05:30
131.1,131.41,131.1,131.3,4597.0,1764582000.0,2025-12-01 15:10:00+05:30
131.25,131.53,131.1,131.26,6586.0,1764582300.0,2025-12-01 15:15:00+05:30
131.26,131.53,131.1,131.25,9887.0,1764582600.0,2025-12-01 15:20:00+05:30
131.25,131.95,131.1,131.1,4517.0,1764582900.0,2025-12-01 15:25:00+05:30
131.23,131.23,129.3,130.0,8759.0,1764647100.0,2025-12-02 09:15:00+05:30
129.88,130.08,129.0,129.57,8524.0,1764647400.0,2025-12-02 09:20:00+05:30
129.57,129.93,129.5,129.81,2726.0,1764647700.0,2025-12-02 09:25:00+05:30
129.82,129.82,129.3,129.5,3480.0,1764648000.0,2025-12-02 09:30:00+05:30
129.4,129.47,129.32,129.47,360.0,1764648300.0,2025-12-02 09:35:00+05:30
129.36,129.36,129.15,129.27,689.0,1764648600.0,2025-12-02 09:40:00+05:30
129.31,129.33,129.3,129.32,268.0,1764648900.0,2025-12-02 09:45:00+05:30
129.17,129.43,129.1,129.1,4355.0,1764649200.0,2025-12-02 09:50:00+05:30
129.1,129.1,128.8,128.91,3110.0,1764649500.0,2025-12-02 09:55:00+05:30
128.91,129.36,128.91,129.2,3509.0,1764649800.0,2025-12-02 10:00:00+05:30
129.12,129.34,129.0,129.1,2169.0,1764650100.0,2025-12-02 10:05:00+05:30
129.1,129.1,129.08,129.08,245.0,1764650400.0,2025-12-02 10:10:00+05:30
129.14,129.14,129.14,129.14,98.0,1764650700.0,2025-12-02 10:15:00+05:30
129.14,129.51,129.14,129.38,8888.0,1764651000.0,2025-12-02 10:20:00+05:30
129.38,129.4,129.23,129.38,138.0,1764651300.0,2025-12-02 10:25:00+05:30
129.38,130.77,129.38,130.6,6161.0,1764651600.0,2025-12-02 10:30:00+05:30
130.58,130.71,130.18,130.5,3618.0,1764651900.0,2025-12-02 10:35:00+05:30
130.5,130.51,130.35,130.43,507.0,1764652200.0,2025-12-02 10:40:00+05:30
130.46,130.55,130.46,130.47,192.0,1764652500.0,2025-12-02 10:45:00+05:30
130.47,130.52,130.31,130.52,667.0,1764652800.0,2025-12-02 10:50:00+05:30
130.38,130.6,130.38,130.6,368.0,1764653100.0,2025-12-02 10:55:00+05:30
130.65,130.65,130.46,130.54,593.0,1764653400.0,2025-12-02 11:00:00+05:30
130.54,130.59,130.5,130.5,706.0,1764653700.0,2025-12-02 11:05:00+05:30
130.5,130.5,130.38,130.38,2160.0,1764654000.0,2025-12-02 11:10:00+05:30
130.39,130.39,130.0,130.26,1806.0,1764654300.0,2025-12-02 11:15:00+05:30
130.24,130.25,130.05,130.19,505.0,1764654600.0,2025-12-02 11:20:00+05:30
130.19,130.24,130.0,130.09,1002.0,1764654900.0,2025-12-02 11:25:00+05:30
130.09,130.12,130.06,130.06,366.0,1764655200.0,2025-12-02 11:30:00+05:30
130.11,130.21,130.01,130.01,391.0,1764655500.0,2025-12-02 11:35:00+05:30
130.01,130.19,130.01,130.02,349.0,1764655800.0,2025-12-02 11:40:00+05:30
130.02,130.23,130.02,130.23,339.0,1764656100.0,2025-12-02 11:45:00+05:30
130.23,130.3,130.07,130.07,593.0,1764656400.0,2025-12-02 11:50:00+05:30
130.21,130.21,130.04,130.04,1061.0,1764656700.0,2025-12-02 11:55:00+05:30
130.04,130.18,130.02,130.06,366.0,1764657000.0,2025-12-02 12:00:00+05:30
130.06,130.06,130.03,130.03,165.0,1764657300.0,2025-12-02 12:05:00+05:30
130.17,130.25,130.17,130.18,225.0,1764657600.0,2025-12-02 12:10:00+05:30
130.11,130.11,130.11,130.11,111.0,1764657900.0,2025-12-02 12:15:00+05:30
130.11,130.62,130.11,130.53,2722.0,1764658200.0,2025-12-02 12:20:00+05:30
130.6,130.82,130.6,130.69,2145.0,1764658500.0,2025-12-02 12:25:00+05:30
130.68,130.68,130.4,130.53,1994.0,1764658800.0,2025-12-02 12:30:00+05:30
130.53,130.53,130.47,130.47,366.0,1764659100.0,2025-12-02 12:35:00+05:30
130.5,130.63,130.42,130.42,3478.0,1764659400.0,2025-12-02 12:40:00+05:30
130.42,130.58,130.42,130.46,171.0,1764659700.0,2025-12-02 12:45:00+05:30
130.57,130.68,130.57,130.68,633.0,1764660000.0,2025-12-02 12:50:00+05:30
130.68,130.68,130.51,130.61,369.0,1764660300.0,2025-12-02 12:55:00+05:30
130.4,130.49,130.31,130.49,498.0,1764660600.0,2025-12-02 13:00:00+05:30
130.49,130.49,130.41,130.42,407.0,1764660900.0,2025-12-02 13:05:00+05:30
130.56,130.56,130.34,130.34,502.0,1764661200.0,2025-12-02 13:10:00+05:30
130.34,130.41,130.23,130.37,194.0,1764661500.0,2025-12-02 13:15:00+05:30
130.37,130.39,130.22,130.22,37.0,1764661800.0,2025-12-02 13:20:00+05:30
130.22,130.4,130.22,130.33,218.0,1764662100.0,2025-12-02 13:25:00+05:30
130.33,130.33,130.14,130.14,286.0,1764662400.0,2025-12-02 13:30:00+05:30
130.26,130.26,130.26,130.26,7.0,1764662700.0,2025-12-02 13:35:00+05:30
130.31,130.33,130.2,130.2,223.0,1764663000.0,2025-12-02 13:40:00+05:30
130.2,130.33,130.2,130.2,300.0,1764663300.0,2025-12-02 13:45:00+05:30
130.2,130.32,130.13,130.13,368.0,1764663600.0,2025-12-02 13:50:00+05:30
130.13,130.38,130.13,130.22,1211.0,1764663900.0,2025-12-02 13:55:00+05:30
130.22,130.65,130.22,130.65,1941.0,1764664200.0,2025-12-02 14:00:00+05:30
130.64,130.68,130.61,130.68,556.0,1764664500.0,2025-12-02 14:05:00+05:30
130.68,130.68,130.53,130.53,566.0,1764664800.0,2025-12-02 14:10:00+05:30
130.52,130.52,130.3,130.3,1082.0,1764665100.0,2025-12-02 14:15:00+05:30
130.22,130.41,130.22,130.41,1026.0,1764665400.0,2025-12-02 14:20:00+05:30
130.31,130.35,130.22,130.35,2800.0,1764665700.0,2025-12-02 14:25:00+05:30
130.39,130.4,130.37,130.4,448.0,1764666000.0,2025-12-02 14:30:00+05:30
130.4,130.4,130.11,130.11,1320.0,1764666300.0,2025-12-02 14:35:00+05:30
130.17,130.33,130.1,130.12,831.0,1764666600.0,2025-12-02 14:40:00+05:30
130.16,130.29,130.08,130.29,2496.0,1764666900.0,2025-12-02 14:45:00+05:30
130.13,130.4,130.13,130.4,1081.0,1764667200.0,2025-12-02 14:50:00+05:30
130.4,130.4,130.3,130.3,828.0,1764667500.0,2025-12-02 14:55:00+05:30
130.38,131.87,130.38,131.65,10963.0,1764667800.0,2025-12-02 15:00:00+05:30
131.65,131.7,131.46,131.55,3602.0,1764668100.0,2025-12-02 15:05:00+05:30
131.55,131.55,130.83,131.05,6721.0,1764668400.0,2025-12-02 15:10:00+05:30
131.0,131.0,130.43,130.55,4319.0,1764668700.0,2025-12-02 15:15:00+05:30
130.54,130.62,130.05,130.33,2565.0,1764669000.0,2025-12-02 15:20:00+05:30
130.33,130.47,130.0,130.0,8230.0,1764669300.0,2025-12-02 15:25:00+05:30
130.34,130.68,130.0,130.44,3376.0,1764733500.0,2025-12-03 09:15:00+05:30
130.5,130.54,130.09,130.11,8351.0,1764733800.0,2025-12-03 09:20:00+05:30
129.9,129.9,129.17,129.55,1864.0,1764734100.0,2025-12-03 09:25:00+05:30
129.55,129.7,129.04,129.04,10190.0,1764734400.0,2025-12-03 09:30:00+05:30
129.04,129.38,129.0,129.05,7288.0,1764734700.0,2025-12-03 09:35:00+05:30
129.0,129.19,129.0,129.06,1459.0,1764735000.0,2025-12-03 09:40:00+05:30
129.06,129.24,129.01,129.01,1900.0,1764735300.0,2025-12-03 09:45:00+05:30
129.03,129.22,129.01,129.2,502.0,1764735600.0,2025-12-03 09:50:00+05:30
129.25,129.25,129.17,129.17,304.0,1764735900.0,2025-12-03 09:55:00+05:30
129.14,129.16,128.85,128.85,2428.0,1764736200.0,2025-12-03 10:00:00+05:30
129.03,129.04,128.85,128.99,1175.0,1764736500.0,2025-12-03 10:05:00+05:30
128.99,128.99,128.69,128.7,4907.0,1764736800.0,2025-12-03 10:10:00+05:30
128.7,128.8,128.59,128.7,808.0,1764737100.0,2025-12-03 10:15:00+05:30
128.75,128.8,128.7,128.7,2525.0,1764737400.0,2025-12-03 10:20:00+05:30
128.86,128.88,128.45,128.61,1227.0,1764737700.0,2025-12-03 10:25:00+05:30
128.51,128.63,128.51,128.63,766.0,1764738000.0,2025-12-03 10:30:00+05:30
128.35,128.8,128.35,128.72,4403.0,1764738300.0,2025-12-03 10:35:00+05:30
128.46,128.67,128.4,128.62,1586.0,1764738600.0,2025-12-03 10:40:00+05:30
128.73,128.73,128.53,128.69,1266.0,1764738900.0,2025-12-03 10:45:00+05:30
128.77,128.77,128.59,128.75,364.0,1764739200.0,2025-12-03 10:50:00+05:30
128.51,128.7,128.45,128.45,833.0,1764739500.0,2025-12-03 10:55:00+05:30
128.45,128.88,128.41,128.64,1790.0,1764739800.0,2025-12-03 11:00:00+05:30
128.64,128.79,128.62,128.62,158.0,1764740100.0,2025-12-03 11:05:00+05:30
128.82,128.82,128.5,128.51,1512.0,1764740400.0,2025-12-03 11:10:00+05:30
128.51,128.62,128.5,128.5,1130.0,1764740700.0,2025-12-03 11:15:00+05:30
128.5,128.5,128.4,128.42,685.0,1764741000.0,2025-12-03 11:20:00+05:30
128.49,128.57,128.4,128.4,220.0,1764741300.0,2025-12-03 11:25:00+05:30
128.5,128.5,128.2,128.2,3168.0,1764741600.0,2025-12-03 11:30:00+05:30
128.24,128.46,128.15,128.46,725.0,1764741900.0,2025-12-03 11:35:00+05:30
128.46,128.46,128.3,128.31,1214.0,1764742200.0,2025-12-03 11:40:00+05:30
128.31,128.53,128.31,128.53,830.0,1764742500.0,2025-12-03 11:45:00+05:30
128.41,128.54,128.41,128.42,2035.0,1764742800.0,2025-12-03 11:50:00+05:30
128.42,128.5,128.29,128.44,2908.0,1764743100.0,2025-12-03 11:55:00+05:30
128.44,128.46,128.29,128.29,1077.0,1764743400.0,2025-12-03 12:00:00+05:30
128.29,128.49,128.29,128.49,300.0,1764743700.0,2025-12-03 12:05:00+05:30
128.32,129.28,128.32,129.28,3294.0,1764744000.0,2025-12-03 12:10:00+05:30
129.02,129.02,128.61,128.88,1741.0,1764744300.0,2025-12-03 12:15:00+05:30
128.97,129.03,128.88,129.03,2058.0,1764744600.0,2025-12-03 12:20:00+05:30
129.09,129.1,129.05,129.1,1142.0,1764744900.0,2025-12-03 12:25:00+05:30
129.24,129.26,129.03,129.03,1000.0,1764745200.0,2025-12-03 12:30:00+05:30
129.01,129.05,128.89,128.89,325.0,1764745500.0,2025-12-03 12:35:00+05:30
128.87,129.0,128.85,128.98,283.0,1764745800.0,2025-12-03 12:40:00+05:30
128.98,129.23,128.98,129.14,472.0,1764746100.0,2025-12-03 12:45:00+05:30
129.14,129.22,129.14,129.22,20.0,1764746400.0,2025-12-03 12:50:00+05:30
129.22,129.22,129.01,129.01,597.0,1764746700.0,2025-12-03 12:55:00+05:30
129.01,129.06,128.81,129.05,1925.0,1764747000.0,2025-12-03 13:00:00+05:30
129.14,129.6,129.14,129.43,5036.0,1764747300.0,2025-12-03 13:05:00+05:30
129.43,129.43,129.23,129.23,11.0,1764747600.0,2025-12-03 13:10:00+05:30
129.36,129.38,129.36,129.38,175.0,1764747900.0,2025-12-03 13:15:00+05:30
129.18,129.32,129.15,129.32,432.0,1764748200.0,2025-12-03 13:20:00+05:30
129.32,129.32,129.32,129.32,0.0,1764748500.0,2025-12-03 13:25:00+05:30
129.32,129.32,129.17,129.17,456.0,1764748800.0,2025-12-03 13:30:00+05:30
129.25,129.25,129.21,129.21,259.0,1764749100.0,2025-12-03 13:35:00+05:30
129.21,129.21,129.1,129.1,70.0,1764749400.0,2025-12-03 13:40:00+05:30
129.1,129.21,129.0,129.0,514.0,1764749700.0,2025-12-03 13:45:00+05:30
129.0,129.15,128.94,129.03,442.0,1764750000.0,2025-12-03 13:50:00+05:30
129.16,129.2,129.0,129.2,1555.0,1764750300.0,2025-12-03 13:55:00+05:30
129.25,129.25,129.06,129.06,536.0,1764750600.0,2025-12-03 14:00:00+05:30
129.06,129.22,129.06,129.22,136.0,1764750900.0,2025-12-03 14:05:00+05:30
129.22,129.38,129.11,129.38,2264.0,1764751200.0,2025-12-03 14:10:00+05:30
129.38,129.38,129.23,129.23,177.0,1764751500.0,2025-12-03 14:15:00+05:30
129.12,129.32,129.12,129.32,604.0,1764751800.0,2025-12-03 14:20:00+05:30
129.32,129.32,129.08,129.08,756.0,1764752100.0,2025-12-03 14:25:00+05:30
129.12,129.33,129.12,129.33,501.0,1764752400.0,2025-12-03 14:30:00+05:30
129.38,129.38,129.18,129.18,515.0,1764752700.0,2025-12-03 14:35:00+05:30
129.18,129.3,129.12,129.3,301.0,1764753000.0,2025-12-03 14:40:00+05:30
129.3,129.3,129.12,129.15,261.0,1764753300.0,2025-12-03 14:45:00+05:30
129.29,129.3,129.11,129.19,1216.0,1764753600.0,2025-12-03 14:50:00+05:30
129.19,129.3,129.19,129.23,157.0,1764753900.0,2025-12-03 14:55:00+05:30
129.38,130.34,129.38,129.75,9156.0,1764754200.0,2025-12-03 15:00:00+05:30
129.71,130.14,129.48,129.99,5327.0,1764754500.0,2025-12-03 15:05:00+05:30
129.95,129.95,129.1,129.34,6124.0,1764754800.0,2025-12-03 15:10:00+05:30
129.19,129.48,128.11,129.15,20653.0,1764755100.0,2025-12-03 15:15:00+05:30
129.19,129.22,128.82,129.22,5959.0,1764755400.0,2025-12-03 15:20:00+05:30
129.11,129.23,128.2,129.13,6580.0,1764755700.0,2025-12-03 15:25:00+05:30
129.24,129.24,128.43,128.5,2167.0,1764819900.0,2025-12-04 09:15:00+05:30
128.5,128.55,128.08,128.55,3212.0,1764820200.0,2025-12-04 09:20:00+05:30
128.38,128.65,128.18,128.33,1672.0,1764820500.0,2025-12-04 09:25:00+05:30
128.46,128.79,128.45,128.51,1205.0,1764820800.0,2025-12-04 09:30:00+05:30
128.55,128.79,128.45,128.64,1103.0,1764821100.0,2025-12-04 09:35:00+05:30
128.64,128.64,128.28,128.33,987.0,1764821400.0,2025-12-04 09:40:00+05:30
128.55,128.55,128.32,128.4,662.0,1764821700.0,2025-12-04 09:45:00+05:30
128.4,128.69,128.18,128.69,7722.0,1764822000.0,2025-12-04 09:50:00+05:30
128.58,128.58,128.32,128.47,128.0,1764822300.0,2025-12-04 09:55:00+05:30
128.47,128.69,128.47,128.48,374.0,1764822600.0,2025-12-04 10:00:00+05:30
128.61,128.7,128.35,128.7,860.0,1764822900.0,2025-12-04 10:05:00+05:30
128.7,128.7,128.56,128.7,159.0,1764823200.0,2025-12-04 10:10:00+05:30
128.7,128.7,128.56,128.68,1899.0,1764823500.0,2025-12-04 10:15:00+05:30
128.74,128.81,128.68,128.7,2516.0,1764823800.0,2025-12-04 10:20:00+05:30
128.7,128.81,128.63,128.64,515.0,1764824100.0,2025-12-04 10:25:00+05:30
128.7,128.95,128.65,128.65,1064.0,1764824400.0,2025-12-04 10:30:00+05:30
128.64,128.9,128.53,128.86,1242.0,1764824700.0,2025-12-04 10:35:00+05:30
128.86,128.88,128.74,128.88,302.0,1764825000.0,2025-12-04 10:40:00+05:30
128.88,128.88,128.53,128.64,100.0,1764825300.0,2025-12-04 10:45:00+05:30
128.64,128.66,128.53,128.66,182.0,1764825600.0,2025-12-04 10:50:00+05:30
128.66,128.66,128.66,128.66,25.0,1764825900.0,2025-12-04 10:55:00+05:30
128.66,128.66,128.53,128.66,112.0,1764826200.0,2025-12-04 11:00:00+05:30
128.66,128.66,128.56,128.56,41.0,1764826500.0,2025-12-04 11:05:00+05:30
128.56,128.67,128.56,128.66,47.0,1764826800.0,2025-12-04 11:10:00+05:30
128.75,128.75,128.59,128.59,1008.0,1764827100.0,2025-12-04 11:15:00+05:30
128.59,128.7,128.5,128.54,1248.0,1764827400.0,2025-12-04 11:20:00+05:30
128.54,128.54,128.46,128.46,2234.0,1764827700.0,2025-12-04 11:25:00+05:30
128.35,128.5,128.35,128.5,1166.0,1764828000.0,2025-12-04 11:30:00+05:30
128.5,128.51,128.35,128.35,595.0,1764828300.0,2025-12-04 11:35:00+05:30
128.35,128.46,128.35,128.35,1864.0,1764828600.0,2025-12-04 11:40:00+05:30
128.35,128.41,128.28,128.28,882.0,1764828900.0,2025-12-04 11:45:00+05:30
128.28,128.41,128.28,128.4,14.0,1764829200.0,2025-12-04 11:50:00+05:30
128.4,128.4,128.18,128.18,2253.0,1764829500.0,2025-12-04 11:55:00+05:30
128.44,128.44,128.44,128.44,1000.0,1764829800.0,2025-12-04 12:00:00+05:30
128.36,128.36,128.2,128.24,90.0,1764830100.0,2025-12-04 12:05:00+05:30
128.44,128.44,128.32,128.32,355.0,1764830400.0,2025-12-04 12:10:00+05:30
128.32,128.44,128.32,128.44,24.0,1764830700.0,2025-12-04 12:15:00+05:30
128.31,128.44,128.31,128.44,162.0,1764831000.0,2025-12-04 12:20:00+05:30
128.4,128.4,128.35,128.35,610.0,1764831300.0,2025-12-04 12:25:00+05:30
128.35,128.35,128.32,128.32,61.0,1764831600.0,2025-12-04 12:30:00+05:30
128.32,128.54,128.32,128.5,1504.0,1764831900.0,2025-12-04 12:35:00+05:30
128.5,128.5,128.25,128.25,940.0,1764832200.0,2025-12-04 12:40:00+05:30
128.25,128.39,128.25,128.39,245.0,1764832500.0,2025-12-04 12:45:00+05:30
128.26,128.4,128.25,128.4,151.0,1764832800.0,2025-12-04 12:50:00+05:30
128.4,128.44,128.3,128.44,410.0,1764833100.0,2025-12-04 12:55:00+05:30
128.44,128.51,128.32,128.5,296.0,1764833400.0,2025-12-04 13:00:00+05:30
128.5,128.5,128.25,128.45,1004.0,1764833700.0,2025-12-04 13:05:00+05:30
128.45,128.45,128.4,128.4,51.0,1764834000.0,2025-12-04 13:10:00+05:30
128.25,128.39,128.25,128.39,1051.0,1764834300.0,2025-12-04 13:15:00+05:30
128.39,128.39,128.39,128.39,0.0,1764834600.0,2025-12-04 13:20:00+05:30
128.39,128.39,128.25,128.3,667.0,1764834900.0,2025-12-04 13:25:00+05:30
128.3,128.3,128.3,128.3,0.0,1764835200.0,2025-12-04 13:30:00+05:30
128.3,128.3,128.3,128.3,160.0,1764835500.0,2025-12-04 13:35:00+05:30
128.4,128.45,128.4,128.45,513.0,1764835800.0,2025-12-04 13:40:00+05:30
128.45,128.45,128.3,128.32,1248.0,1764836100.0,2025-12-04 13:45:00+05:30
128.32,128.38,128.17,128.25,1996.0,1764836400.0,2025-12-04 13:50:00+05:30
128.11,128.16,128.11,128.16,368.0,1764836700.0,2025-12-04 13:55:00+05:30
128.16,128.16,128.16,128.16,0.0,1764837000.0,2025-12-04 14:00:00+05:30
128.24,128.3,128.2,128.3,176.0,1764837300.0,2025-12-04 14:05:00+05:30
128.27,128.3,128.02,128.02,1682.0,1764837600.0,2025-12-04 14:10:00+05:30
128.19,128.28,128.07,128.28,1114.0,1764837900.0,2025-12-04 14:15:00+05:30
128.18,128.26,128.0,128.0,3329.0,1764838200.0,2025-12-04 14:20:00+05:30
128.02,128.2,128.02,128.19,1431.0,1764838500.0,2025-12-04 14:25:00+05:30
128.03,128.05,128.02,128.05,1006.0,1764838800.0,2025-12-04 14:30:00+05:30
128.1,128.1,127.71,127.81,7120.0,1764839100.0,2025-12-04 14:35:00+05:30
127.7,127.9,127.7,127.9,627.0,1764839400.0,2025-12-04 14:40:00+05:30
127.88,127.89,127.87,127.87,107.0,1764839700.0,2025-12-04 14:45:00+05:30
127.78,128.04,127.73,128.04,1069.0,1764840000.0,2025-12-04 14:50:00+05:30
128.0,128.0,127.78,128.0,842.0,1764840300.0,2025-12-04 14:55:00+05:30
128.0,128.0,127.85,127.99,117.0,1764840600.0,2025-12-04 15:00:00+05:30
127.94,127.97,127.32,127.86,10441.0,1764840900.0,2025-12-04 15:05:00+05:30
127.86,127.95,127.8,127.87,3561.0,1764841200.0,2025-12-04 15:10:00+05:30
127.8,127.89,127.8,127.87,2962.0,1764841500.0,2025-12-04 15:15:00+05:30
127.85,127.93,127.25,127.55,6863.0,1764841800.0,2025-12-04 15:20:00+05:30
127.64,127.64,127.55,127.6,6316.0,1764842100.0,2025-12-04 15:25:00+05:30
127.74,128.41,127.0,128.41,7852.0,1764906300.0,2025-12-05 09:15:00+05:30
128.41,129.21,128.35,129.15,6727.0,1764906600.0,2025-12-05 09:20:00+05:30
128.98,129.17,128.8,128.84,1589.0,1764906900.0,2025-12-05 09:25:00+05:30
128.84,129.03,128.66,128.66,1819.0,1764907200.0,2025-12-05 09:30:00+05:30
128.67,128.85,128.41,128.62,2247.0,1764907500.0,2025-12-05 09:35:00+05:30
128.62,128.73,128.37,128.66,1003.0,1764907800.0,2025-12-05 09:40:00+05:30
128.66,128.66,128.05,128.42,9043.0,1764908100.0,2025-12-05 09:45:00+05:30
128.46,128.67,128.18,128.67,2992.0,1764908400.0,2025-12-05 09:50:00+05:30
128.67,128.67,128.01,128.25,1746.0,1764908700.0,2025-12-05 09:55:00+05:30
128.2,128.56,127.92,128.38,17914.0,1764909000.0,2025-12-05 10:00:00+05:30
128.38,128.45,128.02,128.2,967.0,1764909300.0,2025-12-05 10:05:00+05:30
128.21,128.34,128.18,128.34,2458.0,1764909600.0,2025-12-05 10:10:00+05:30
128.46,128.76,128.44,128.62,2093.0,1764909900.0,2025-12-05 10:15:00+05:30
128.63,128.63,128.25,128.32,562.0,1764910200.0,2025-12-05 10:20:00+05:30
128.22,128.22,127.87,127.87,406.0,1764910500.0,2025-12-05 10:25:00+05:30
127.91,127.91,127.62,127.91,639.0,1764910800.0,2025-12-05 10:30:00+05:30
127.91,127.91,127.91,127.91,323.0,1764911100.0,2025-12-05 10:35:00+05:30
127.89,127.91,127.89,127.89,52.0,1764911400.0,2025-12-05 10:40:00+05:30
127.91,128.43,127.9,128.43,6539.0,1764911700.0,2025-12-05 10:45:00+05:30
128.35,128.36,128.24,128.36,120.0,1764912000.0,2025-12-05 10:50:00+05:30
128.36,128.36,128.12,128.34,236.0,1764912300.0,2025-12-05 10:55:00+05:30
128.33,128.33,127.98,128.25,1802.0,1764912600.0,2025-12-05 11:00:00+05:30
128.3,128.31,128.11,128.31,136.0,1764912900.0,2025-12-05 11:05:00+05:30
128.12,128.33,128.12,128.33,36.0,1764913200.0,2025-12-05 11:10:00+05:30
128.19,129.08,128.02,128.67,10322.0,1764913500.0,2025-12-05 11:15:00+05:30
128.57,128.7,128.57,128.7,80.0,1764913800.0,2025-12-05 11:20:00+05:30
128.7,128.7,128.49,128.51,1726.0,1764914100.0,2025-12-05 11:25:00+05:30
128.42,128.5,128.3,128.37,1300.0,1764914400.0,2025-12-05 11:30:00+05:30
128.5,128.5,128.4,128.4,6.0,1764914700.0,2025-12-05 11:35:00+05:30
128.4,128.49,128.22,128.39,4288.0,1764915000.0,2025-12-05 11:40:00+05:30
128.39,128.43,128.23,128.43,73.0,1764915300.0,2025-12-05 11:45:00+05:30
128.43,128.43,128.21,128.3,210.0,1764915600.0,2025-12-05 11:50:00+05:30
128.3,128.45,128.3,128.45,20.0,1764915900.0,2025-12-05 11:55:00+05:30
128.3,128.36,128.25,128.25,602.0,1764916200.0,2025-12-05 12:00:00+05:30
128.38,128.38,128.13,128.13,412.0,1764916500.0,2025-12-05 12:05:00+05:30
128.2,128.37,128.1,128.22,1644.0,1764916800.0,2025-12-05 12:10:00+05:30
128.22,128.23,128.06,128.23,129.0,1764917100.0,2025-12-05 12:15:00+05:30
127.98,128.2,127.98,128.2,246.0,1764917400.0,2025-12-05 12:20:00+05:30
128.2,128.2,128.19,128.2,139.0,1764917700.0,2025-12-05 12:25:00+05:30
128.2,128.34,128.04,128.34,1462.0,1764918000.0,2025-12-05 12:30:00+05:30
128.32,128.32,128.3,128.3,23.0,1764918300.0,2025-12-05 12:35:00+05:30
128.3,128.3,128.3,128.3,0.0,1764918600.0,2025-12-05 12:40:00+05:30
128.29,128.3,128.13,128.13,44.0,1764918900.0,2025-12-05 12:45:00+05:30
128.16,128.21,128.11,128.11,11.0,1764919200.0,2025-12-05 12:50:00+05:30
128.21,128.21,127.97,128.0,259.0,1764919500.0,2025-12-05 12:55:00+05:30
128.0,128.0,127.99,127.99,5.0,1764919800.0,2025-12-05 13:00:00+05:30
128.0,128.0,127.62,127.75,1604.0,1764920100.0,2025-12-05 13:05:00+05:30
127.75,127.88,127.67,127.76,411.0,1764920400.0,2025-12-05 13:10:00+05:30
127.76,127.85,127.76,127.77,18.0,1764920700.0,2025-12-05 13:15:00+05:30
127.9,127.97,127.81,127.81,1018.0,1764921000.0,2025-12-05 13:20:00+05:30
127.92,127.92,127.73,127.83,275.0,1764921300.0,2025-12-05 13:25:00+05:30
127.8,128.0,127.8,128.0,1144.0,1764921600.0,2025-12-05 13:30:00+05:30
128.0,128.0,128.0,128.0,0.0,1764921900.0,2025-12-05 13:35:00+05:30
128.0,128.15,127.78,128.15,1329.0,1764922200.0,2025-12-05 13:40:00+05:30
128.22,128.76,128.22,128.32,13478.0,1764922500.0,2025-12-05 13:45:00+05:30
128.32,128.32,127.95,127.95,1407.0,1764922800.0,2025-12-05 13:50:00+05:30
128.0,128.0,128.0,128.0,470.0,1764923100.0,2025-12-05 13:55:00+05:30
128.0,128.05,128.0,128.05,1.0,1764923400.0,2025-12-05 14:00:00+05:30
128.05,128.17,128.01,128.17,346.0,1764923700.0,2025-12-05 14:05:00+05:30
128.01,128.19,128.01,128.06,93.0,1764924000.0,2025-12-05 14:10:00+05:30
128.06,128.24,128.06,128.24,284.0,1764924300.0,2025-12-05 14:15:00+05:30
128.01,128.18,128.01,128.18,371.0,1764924600.0,2025-12-05 14:20:00+05:30
128.02,128.2,128.02,128.2,57.0,1764924900.0,2025-12-05 14:25:00+05:30
128.0,128.16,127.59,127.89,11257.0,1764925200.0,2025-12-05 14:30:00+05:30
127.89,127.89,127.36,127.44,934.0,1764925500.0,2025-12-05 14:35:00+05:30
127.5,127.68,127.15,127.45,2057.0,1764925800.0,2025-12-05 14:40:00+05:30
127.25,127.56,127.13,127.56,3061.0,1764926100.0,2025-12-05 14:45:00+05:30
127.38,127.52,126.65,126.72,16456.0,1764926400.0,2025-12-05 14:50:00+05:30
126.79,126.79,126.49,126.6,1583.0,1764926700.0,2025-12-05 14:55:00+05:30
126.73,127.0,126.6,126.86,4038.0,1764927000.0,2025-12-05 15:00:00+05:30
126.72,126.82,126.32,126.82,4458.0,1764927300.0,2025-12-05 15:05:00+05:30
126.76,126.76,126.1,126.29,7184.0,1764927600.0,2025-12-05 15:10:00+05:30
126.25,126.79,126.25,126.77,9940.0,1764927900.0,2025-12-05 15:15:00+05:30
126.63,126.76,125.77,126.28,16980.0,1764928200.0,2025-12-05 15:20:00+05:30
126.3,126.3,125.52,125.6,8721.0,1764928500.0,2025-12-05 15:25:00+05:30
126.06,126.64,125.67,126.31,8623.0,1765165500.0,2025-12-08 09:15:00+05:30
126.35,127.06,125.46,126.45,13607.0,1765165800.0,2025-12-08 09:20:00+05:30
126.32,126.34,125.56,125.85,8675.0,1765166100.0,2025-12-08 09:25:00+05:30
125.83,126.0,125.6,125.6,2940.0,1765166400.0,2025-12-08 09:30:00+05:30
125.6,125.9,125.6,125.87,461.0,1765166700.0,2025-12-08 09:35:00+05:30
125.62,125.62,125.3,125.5,841.0,1765167000.0,2025-12-08 09:40:00+05:30
125.5,125.52,125.23,125.5,2485.0,1765167300.0,2025-12-08 09:45:00+05:30
125.5,125.5,125.21,125.41,1787.0,1765167600.0,2025-12-08 09:50:00+05:30
125.48,125.48,125.13,125.31,544.0,1765167900.0,2025-12-08 09:55:00+05:30
125.31,125.39,125.14,125.14,1963.0,1765168200.0,2025-12-08 10:00:00+05:30
125.14,125.38,125.1,125.38,1321.0,1765168500.0,2025-12-08 10:05:00+05:30
125.31,125.51,125.29,125.51,687.0,1765168800.0,2025-12-08 10:10:00+05:30
125.53,125.61,125.5,125.51,353.0,1765169100.0,2025-12-08 10:15:00+05:30
125.51,125.51,125.24,125.41,2072.0,1765169400.0,2025-12-08 10:20:00+05:30
125.41,125.44,125.25,125.39,1298.0,1765169700.0,2025-12-08 10:25:00+05:30
125.19,125.51,125.19,125.4,971.0,1765170000.0,2025-12-08 10:30:00+05:30
125.4,125.4,125.05,125.08,976.0,1765170300.0,2025-12-08 10:35:00+05:30
125.29,125.29,125.1,125.25,767.0,1765170600.0,2025-12-08 10:40:00+05:30
125.38,125.39,125.19,125.3,2394.0,1765170900.0,2025-12-08 10:45:00+05:30
125.29,125.34,125.19,125.34,1162.0,1765171200.0,2025-12-08 10:50:00+05:30
125.34,125.34,125.16,125.28,252.0,1765171500.0,2025-12-08 10:55:00+05:30
125.29,125.3,125.11,125.29,229.0,1765171800.0,2025-12-08 11:00:00+05:30
125.1,125.23,125.04,125.05,1633.0,1765172100.0,2025-12-08 11:05:00+05:30
125.03,125.03,125.0,125.01,7525.0,1765172400.0,2025-12-08 11:10:00+05:30
125.0,125.21,125.0,125.21,1905.0,1765172700.0,2025-12-08 11:15:00+05:30
125.22,125.22,125.1,125.2,208.0,1765173000.0,2025-12-08 11:20:00+05:30
125.2,125.34,125.2,125.34,757.0,1765173300.0,2025-12-08 11:25:00+05:30
125.34,125.34,125.0,125.02,549.0,1765173600.0,2025-12-08 11:30:00+05:30
125.13,125.13,125.0,125.01,2047.0,1765173900.0,2025-12-08 11:35:00+05:30
125.01,125.1,124.6,124.61,8523.0,1765174200.0,2025-12-08 11:40:00+05:30
124.73,124.85,124.63,124.81,718.0,1765174500.0,2025-12-08 11:45:00+05:30
124.67,124.67,124.45,124.49,2311.0,1765174800.0,2025-12-08 11:50:00+05:30
124.38,124.67,124.38,124.67,1483.0,1765175100.0,2025-12-08 11:55:00+05:30
124.66,125.13,124.45,125.11,15078.0,1765175400.0,2025-12-08 12:00:00+05:30
125.09,125.09,124.69,125.08,2240.0,1765175700.0,2025-12-08 12:05:00+05:30
125.08,125.13,124.95,124.98,3199.0,1765176000.0,2025-12-08 12:10:00+05:30
124.88,125.0,124.7,124.89,1115.0,1765176300.0,2025-12-08 12:15:00+05:30
124.89,125.5,124.89,125.5,12253.0,1765176600.0,2025-12-08 12:20:00+05:30
125.5,125.89,124.85,125.46,75988.0,1765176900.0,2025-12-08 12:25:00+05:30
124.94,125.28,124.84,125.0,38116.0,1765177200.0,2025-12-08 12:30:00+05:30
125.0,125.22,124.84,125.0,93913.0,1765177500.0,2025-12-08 12:35:00+05:30
125.14,125.15,124.0,124.24,23403.0,1765177800.0,2025-12-08 12:40:00+05:30
124.19,124.21,123.54,124.08,9953.0,1765178100.0,2025-12-08 12:45:00+05:30
124.08,124.12,123.38,123.38,10496.0,1765178400.0,2025-12-08 12:50:00+05:30
123.36,123.72,123.36,123.47,4345.0,1765178700.0,2025-12-08 12:55:00+05:30
123.64,123.89,123.55,123.89,2100.0,1765179000.0,2025-12-08 13:00:00+05:30
123.89,124.01,123.7,123.7,5897.0,1765179300.0,2025-12-08 13:05:00+05:30
123.82,125.14,123.7,125.14,22385.0,1765179600.0,2025-12-08 13:10:00+05:30
125.18,125.29,125.03,125.24,420.0,1765179900.0,2025-12-08 13:15:00+05:30
125.21,125.23,124.87,125.06,5805.0,1765180200.0,2025-12-08 13:20:00+05:30
124.91,125.11,124.91,125.09,1967.0,1765180500.0,2025-12-08 13:25:00+05:30
125.0,125.08,124.81,125.08,5975.0,1765180800.0,2025-12-08 13:30:00+05:30
125.08,125.17,125.0,125.17,430.0,1765181100.0,2025-12-08 13:35:00+05:30
125.01,125.17,124.07,124.86,313916.0,1765181400.0,2025-12-08 13:40:00+05:30
124.86,125.08,124.86,125.05,52367.0,1765181700.0,2025-12-08 13:45:00+05:30
125.0,125.24,124.87,124.87,31168.0,1765182000.0,2025-12-08 13:50:00+05:30
125.13,125.19,124.86,125.19,1337.0,1765182300.0,2025-12-08 13:55:00+05:30
124.96,125.13,124.93,125.02,568.0,1765182600.0,2025-12-08 14:00:00+05:30
125.11,125.26,124.97,125.2,1558.0,1765182900.0,2025-12-08 14:05:00+05:30
125.22,125.44,125.22,125.43,562.0,1765183200.0,2025-12-08 14:10:00+05:30
125.45,125.49,125.35,125.48,380.0,1765183500.0,2025-12-08 14:15:00+05:30
125.48,125.48,125.11,125.38,3961.0,1765183800.0,2025-12-08 14:20:00+05:30
125.48,125.48,125.01,125.25,1260.0,1765184100.0,2025-12-08 14:25:00+05:30
125.3,125.3,125.0,125.0,2392.0,1765184400.0,2025-12-08 14:30:00+05:30
125.21,125.35,125.0,125.29,2147.0,1765184700.0,2025-12-08 14:35:00+05:30
125.27,125.27,125.06,125.12,541.0,1765185000.0,2025-12-08 14:40:00+05:30
125.25,125.43,125.07,125.29,356.0,1765185300.0,2025-12-08 14:45:00+05:30
125.29,125.29,125.17,125.25,378.0,1765185600.0,2025-12-08 14:50:00+05:30
125.25,125.25,125.01,125.22,2099.0,1765185900.0,2025-12-08 14:55:00+05:30
125.22,125.22,125.07,125.16,3264.0,1765186200.0,2025-12-08 15:00:00+05:30
125.16,125.16,125.08,125.16,644.0,1765186500.0,2025-12-08 15:05:00+05:30
125.19,125.19,124.84,124.84,6049.0,1765186800.0,2025-12-08 15:10:00+05:30
124.74,125.06,124.29,124.68,12343.0,1765187100.0,2025-12-08 15:15:00+05:30
124.64,124.82,124.5,124.82,4558.0,1765187400.0,2025-12-08 15:20:00+05:30
124.83,125.12,124.0,124.65,13112.0,1765187700.0,2025-12-08 15:25:00+05:30
124.65,124.86,123.98,124.61,17432.0,1765251900.0,2025-12-09 09:15:00+05:30
124.6,124.6,123.8,123.84,3862.0,1765252200.0,2025-12-09 09:20:00+05:30
123.76,123.76,123.22,123.63,5537.0,1765252500.0,2025-12-09 09:25:00+05:30
123.63,123.63,123.15,123.53,3589.0,1765252800.0,2025-12-09 09:30:00+05:30
123.42,123.42,122.8,122.82,7275.0,1765253100.0,2025-12-09 09:35:00+05:30
122.92,123.26,122.75,122.91,5717.0,1765253400.0,2025-12-09 09:40:00+05:30
122.88,122.93,122.58,122.81,3564.0,1765253700.0,2025-12-09 09:45:00+05:30
122.74,122.92,122.58,122.7,2028.0,1765254000.0,2025-12-09 09:50:00+05:30
122.59,122.85,122.54,122.85,5171.0,1765254300.0,2025-12-09 09:55:00+05:30
122.83,122.93,122.6,122.8,1801.0,1765254600.0,2025-12-09 10:00:00+05:30
122.79,122.8,122.15,122.77,12720.0,1765254900.0,2025-12-09 10:05:00+05:30
122.77,123.0,122.77,123.0,278.0,1765255200.0,2025-12-09 10:10:00+05:30
123.0,123.38,122.83,122.95,12695.0,1765255500.0,2025-12-09 10:15:00+05:30
122.76,123.4,122.53,123.4,12935.0,1765255800.0,2025-12-09 10:20:00+05:30
123.22,123.53,123.21,123.25,4206.0,1765256100.0,2025-12-09 10:25:00+05:30
123.23,123.5,123.12,123.25,1862.0,1765256400.0,2025-12-09 10:30:00+05:30
123.25,123.53,123.25,123.53,757.0,1765256700.0,2025-12-09 10:35:00+05:30
123.57,123.98,123.57,123.87,4975.0,1765257000.0,2025-12-09 10:40:00+05:30
123.68,123.89,123.68,123.72,916.0,1765257300.0,2025-12-09 10:45:00+05:30
123.87,124.87,123.86,124.87,15069.0,1765257600.0,2025-12-09 10:50:00+05:30
125.04,125.51,125.04,125.5,19138.0,1765257900.0,2025-12-09 10:55:00+05:30
125.36,125.49,125.36,125.4,293.0,1765258200.0,2025-12-09 11:00:00+05:30
125.5,126.0,125.5,125.76,3709.0,1765258500.0,2025-12-09 11:05:00+05:30
125.82,126.27,125.82,126.25,2408.0,1765258800.0,2025-12-09 11:10:00+05:30
126.05,126.1,125.99,126.1,2252.0,1765259100.0,2025-12-09 11:15:00+05:30
126.0,126.27,126.0,126.02,1242.0,1765259400.0,2025-12-09 11:20:00+05:30
126.07,126.19,125.99,126.13,473.0,1765259700.0,2025-12-09 11:25:00+05:30
126.17,126.17,126.0,126.06,184.0,1765260000.0,2025-12-09 11:30:00+05:30
126.0,127.83,125.75,127.83,14555.0,1765260300.0,2025-12-09 11:35:00+05:30
127.93,129.0,127.63,127.63,25013.0,1765260600.0,2025-12-09 11:40:00+05:30
127.64,128.24,127.63,127.63,3289.0,1765260900.0,2025-12-09 11:45:00+05:30
127.6,128.15,127.6,127.98,2333.0,1765261200.0,2025-12-09 11:50:00+05:30
127.78,127.97,127.78,127.97,1652.0,1765261500.0,2025-12-09 11:55:00+05:30
127.95,128.15,127.8,128.0,3475.0,1765261800.0,2025-12-09 12:00:00+05:30
128.0,128.1,127.89,127.94,958.0,1765262100.0,2025-12-09 12:05:00+05:30
128.15,128.18,128.0,128.13,1814.0,1765262400.0,2025-12-09 12:10:00+05:30
128.12,128.37,128.0,128.37,1885.0,1765262700.0,2025-12-09 12:15:00+05:30
128.26,128.26,127.93,127.93,2654.0,1765263000.0,2025-12-09 12:20:00+05:30
127.93,127.93,127.8,127.8,301.0,1765263300.0,2025-12-09 12:25:00+05:30
127.8,127.93,127.8,127.93,189.0,1765263600.0,2025-12-09 12:30:00+05:30
127.93,127.93,127.79,127.79,174.0,1765263900.0,2025-12-09 12:35:00+05:30
127.79,127.9,127.62,127.89,1307.0,1765264200.0,2025-12-09 12:40:00+05:30
127.89,127.89,127.82,127.82,84.0,1765264500.0,2025-12-09 12:45:00+05:30
127.82,127.89,127.6,127.89,496.0,1765264800.0,2025-12-09 12:50:00+05:30
127.8,127.8,127.6,127.6,450.0,1765265100.0,2025-12-09 12:55:00+05:30
127.6,127.8,127.6,127.67,2846.0,1765265400.0,2025-12-09 13:00:00+05:30
127.67,127.8,127.62,127.67,6960.0,1765265700.0,2025-12-09 13:05:00+05:30
127.67,127.67,127.58,127.67,96.0,1765266000.0,2025-12-09 13:10:00+05:30
127.67,127.82,127.56,127.81,548.0,1765266300.0,2025-12-09 13:15:00+05:30
127.71,127.73,127.61,127.73,665.0,1765266600.0,2025-12-09 13:20:00+05:30
127.56,127.71,127.2,127.25,3252.0,1765266900.0,2025-12-09 13:25:00+05:30
127.44,128.0,127.0,127.74,49206.0,1765267200.0,2025-12-09 13:30:00+05:30
127.74,127.87,127.68,127.71,598.0,1765267500.0,2025-12-09 13:35:00+05:30
127.71,127.96,127.62,127.82,1768.0,1765267800.0,2025-12-09 13:40:00+05:30
127.72,127.98,127.61,127.98,1926.0,1765268100.0,2025-12-09 13:45:00+05:30
127.98,127.99,127.98,127.98,111.0,1765268400.0,2025-12-09 13:50:00+05:30
127.98,127.98,127.8,127.82,202.0,1765268700.0,2025-12-09 13:55:00+05:30
127.82,128.0,127.82,128.0,1244.0,1765269000.0,2025-12-09 14:00:00+05:30
127.77,127.89,127.59,127.7,1497.0,1765269300.0,2025-12-09 14:05:00+05:30
127.86,127.92,127.86,127.92,25.0,1765269600.0,2025-12-09 14:10:00+05:30
127.8,127.97,127.61,127.9,2398.0,1765269900.0,2025-12-09 14:15:00+05:30
127.84,127.84,127.56,127.63,654.0,1765270200.0,2025-12-09 14:20:00+05:30
127.63,127.79,127.61,127.75,259.0,1765270500.0,2025-12-09 14:25:00+05:30
127.7,127.7,127.33,127.53,1180.0,1765270800.0,2025-12-09 14:30:00+05:30
127.28,127.48,127.28,127.29,443.0,1765271100.0,2025-12-09 14:35:00+05:30
127.3,127.64,127.28,127.49,1182.0,1765271400.0,2025-12-09 14:40:00+05:30
127.49,127.62,127.49,127.61,72.0,1765271700.0,2025-12-09 14:45:00+05:30
127.5,127.62,127.5,127.62,411.0,1765272000.0,2025-12-09 14:50:00+05:30
127.62,127.62,127.41,127.52,281.0,1765272300.0,2025-12-09 14:55:00+05:30
127.52,127.83,127.52,127.8,2059.0,1765272600.0,2025-12-09 15:00:00+05:30
127.8,127.9,127.56,127.74,3634.0,1765272900.0,2025-12-09 15:05:00+05:30
127.74,127.84,127.5,127.66,1188.0,1765273200.0,2025-12-09 15:10:00+05:30
127.65,127.88,127.5,127.52,3085.0,1765273500.0,2025-12-09 15:15:00+05:30
127.5,127.54,127.24,127.36,3923.0,1765273800.0,2025-12-09 15:20:00+05:30
127.33,127.58,127.0,127.42,6473.0,1765274100.0,2025-12-09 15:25:00+05:30
127.73,128.7,127.73,128.61,5344.0,1765338300.0,2025-12-10 09:15:00+05:30
128.34,128.64,127.79,127.9,2554.0,1765338600.0,2025-12-10 09:20:00+05:30
127.9,127.9,126.92,127.4,12773.0,1765338900.0,2025-12-10 09:25:00+05:30
127.39,127.5,127.17,127.35,1157.0,1765339200.0,2025-12-10 09:30:00+05:30
127.35,127.45,127.06,127.45,1516.0,1765339500.0,2025-12-10 09:35:00+05:30
127.45,127.45,127.09,127.12,331.0,1765339800.0,2025-12-10 09:40:00+05:30
127.17,127.3,127.0,127.12,824.0,1765340100.0,2025-12-10 09:45:00+05:30
127.12,127.41,127.12,127.32,1039.0,1765340400.0,2025-12-10 09:50:00+05:30
127.42,127.42,127.31,127.33,381.0,1765340700.0,2025-12-10 09:55:00+05:30
127.2,127.23,127.0,127.17,3074.0,1765341000.0,2025-12-10 10:00:00+05:30
127.18,127.35,127.07,127.18,267.0,1765341300.0,2025-12-10 10:05:00+05:30
127.19,127.21,126.71,126.79,2122.0,1765341600.0,2025-12-10 10:10:00+05:30
126.74,126.84,126.52,126.84,394.0,1765341900.0,2025-12-10 10:15:00+05:30
126.87,126.99,126.87,126.99,436.0,1765342200.0,2025-12-10 10:20:00+05:30
126.92,127.02,126.67,126.72,1258.0,1765342500.0,2025-12-10 10:25:00+05:30
126.75,126.89,126.52,126.82,1662.0,1765342800.0,2025-12-10 10:30:00+05:30
126.82,126.82,126.66,126.66,574.0,1765343100.0,2025-12-10 10:35:00+05:30
126.56,126.78,126.56,126.66,555.0,1765343400.0,2025-12-10 10:40:00+05:30
126.73,126.84,126.59,126.59,966.0,1765343700.0,2025-12-10 10:45:00+05:30
126.56,126.63,126.27,126.4,2917.0,1765344000.0,2025-12-10 10:50:00+05:30
126.25,126.25,126.05,126.21,1046.0,1765344300.0,2025-12-10 10:55:00+05:30
126.15,126.2,125.81,125.83,1024.0,1765344600.0,2025-12-10 11:00:00+05:30
126.04,126.06,125.88,126.03,1106.0,1765344900.0,2025-12-10 11:05:00+05:30
126.03,126.14,126.03,126.14,690.0,1765345200.0,2025-12-10 11:10:00+05:30
126.14,126.14,125.96,125.96,63.0,1765345500.0,2025-12-10 11:15:00+05:30
125.9,126.08,125.9,126.05,1253.0,1765345800.0,2025-12-10 11:20:00+05:30
125.9,125.99,125.87,125.87,259.0,1765346100.0,2025-12-10 11:25:00+05:30
125.8,125.93,125.7,125.8,732.0,1765346400.0,2025-12-10 11:30:00+05:30
125.81,125.91,125.62,125.62,718.0,1765346700.0,2025-12-10 11:35:00+05:30
125.63,125.8,125.63,125.65,1197.0,1765347000.0,2025-12-10 11:40:00+05:30
125.71,125.71,125.5,125.68,889.0,1765347300.0,2025-12-10 11:45:00+05:30
125.68,125.76,125.68,125.75,29.0,1765347600.0,2025-12-10 11:50:00+05:30
125.75,125.75,125.55,125.65,345.0,1765347900.0,2025-12-10 11:55:00+05:30
125.26,125.47,125.26,125.31,1539.0,1765348200.0,2025-12-10 12:00:00+05:30
125.32,125.61,125.28,125.53,2539.0,1765348500.0,2025-12-10 12:05:00+05:30
125.53,125.68,125.34,125.43,1027.0,1765348800.0,2025-12-10 12:10:00+05:30
125.43,125.61,125.43,125.61,72.0,1765349100.0,2025-12-10 12:15:00+05:30
125.6,125.81,125.6,125.81,713.0,1765349400.0,2025-12-10 12:20:00+05:30
125.81,125.81,125.81,125.81,157.0,1765349700.0,2025-12-10 12:25:00+05:30
125.59,125.62,125.31,125.46,671.0,1765350000.0,2025-12-10 12:30:00+05:30
125.65,125.68,125.44,125.52,2258.0,1765350300.0,2025-12-10 12:35:00+05:30
125.54,125.72,125.3,125.37,1528.0,1765350600.0,2025-12-10 12:40:00+05:30
125.37,125.47,125.3,125.3,354.0,1765350900.0,2025-12-10 12:45:00+05:30
125.4,125.59,125.4,125.54,1799.0,1765351200.0,2025-12-10 12:50:00+05:30
125.41,125.53,125.34,125.35,95.0,1765351500.0,2025-12-10 12:55:00+05:30
125.34,125.54,125.2,125.2,1388.0,1765351800.0,2025-12-10 13:00:00+05:30
125.35,125.49,125.35,125.49,401.0,1765352100.0,2025-12-10 13:05:00+05:30
125.48,125.48,125.48,125.48,171.0,1765352400.0,2025-12-10 13:10:00+05:30
125.45,125.5,125.45,125.5,210.0,1765352700.0,2025-12-10 13:15:00+05:30
125.5,125.5,125.5,125.5,100.0,1765353000.0,2025-12-10 13:20:00+05:30
125.5,125.52,125.45,125.52,137.0,1765353300.0,2025-12-10 13:25:00+05:30
125.52,125.67,125.52,125.67,107.0,1765353600.0,2025-12-10 13:30:00+05:30
125.59,126.34,125.59,126.04,18738.0,1765353900.0,2025-12-10 13:35:00+05:30
126.1,126.1,125.95,125.95,295.0,1765354200.0,2025-12-10 13:40:00+05:30
125.95,125.95,125.95,125.95,34.0,1765354500.0,2025-12-10 13:45:00+05:30
125.95,127.04,125.95,126.92,11995.0,1765354800.0,2025-12-10 13:50:00+05:30
127.02,127.02,126.55,126.55,1412.0,1765355100.0,2025-12-10 13:55:00+05:30
126.6,126.6,126.0,126.0,1089.0,1765355400.0,2025-12-10 14:00:00+05:30
126.0,126.22,126.0,126.22,27.0,1765355700.0,2025-12-10 14:05:00+05:30
126.22,126.25,126.1,126.25,62.0,1765356000.0,2025-12-10 14:10:00+05:30
126.25,126.25,126.03,126.22,381.0,1765356300.0,2025-12-10 14:15:00+05:30
126.22,126.22,125.8,126.09,741.0,1765356600.0,2025-12-10 14:20:00+05:30
126.09,126.09,125.95,126.09,629.0,1765356900.0,2025-12-10 14:25:00+05:30
126.09,126.2,125.92,125.93,1701.0,1765357200.0,2025-12-10 14:30:00+05:30
126.2,126.2,125.98,126.17,189.0,1765357500.0,2025-12-10 14:35:00+05:30
126.17,126.17,125.85,125.85,500.0,1765357800.0,2025-12-10 14:40:00+05:30
125.86,126.22,125.86,126.2,1885.0,1765358100.0,2025-12-10 14:45:00+05:30
126.29,126.29,126.09,126.28,1760.0,1765358400.0,2025-12-10 14:50:00+05:30
126.28,126.28,125.8,126.07,3678.0,1765358700.0,2025-12-10 14:55:00+05:30
126.07,126.23,126.02,126.23,477.0,1765359000.0,2025-12-10 15:00:00+05:30
126.23,126.55,125.95,125.98,12538.0,1765359300.0,2025-12-10 15:05:00+05:30
125.98,126.05,125.8,126.05,6052.0,1765359600.0,2025-12-10 15:10:00+05:30
126.07,126.07,125.83,125.89,626.0,1765359900.0,2025-12-10 15:15:00+05:30
125.83,125.98,125.61,125.63,5167.0,1765360200.0,2025-12-10 15:20:00+05:30
125.74,125.99,125.5,125.85,4474.0,1765360500.0,2025-12-10 15:25:00+05:30
125.99,127.0,124.69,125.0,3247.0,1765424700.0,2025-12-11 09:15:00+05:30
125.0,125.34,124.91,125.3,3030.0,1765425000.0,2025-12-11 09:20:00+05:30
125.31,125.33,125.03,125.33,270.0,1765425300.0,2025-12-11 09:25:00+05:30
125.33,125.34,125.03,125.12,5844.0,1765425600.0,2025-12-11 09:30:00+05:30
125.0,125.09,124.85,125.0,3444.0,1765425900.0,2025-12-11 09:35:00+05:30
124.8,125.0,124.31,124.73,10287.0,1765426200.0,2025-12-11 09:40:00+05:30
124.85,124.85,124.57,124.85,1739.0,1765426500.0,2025-12-11 09:45:00+05:30
124.85,124.94,124.75,124.76,2606.0,1765426800.0,2025-12-11 09:50:00+05:30
125.04,125.07,124.47,124.85,7863.0,1765427100.0,2025-12-11 09:55:00+05:30
124.85,124.94,124.85,124.94,32.0,1765427400.0,2025-12-11 10:00:00+05:30
125.04,125.34,125.04,125.34,1104.0,1765427700.0,2025-12-11 10:05:00+05:30
125.39,125.45,125.39,125.41,5265.0,1765428000.0,2025-12-11 10:10:00+05:30
125.42,125.87,125.42,125.85,4712.0,1765428300.0,2025-12-11 10:15:00+05:30
125.85,125.85,125.59,125.84,1018.0,1765428600.0,2025-12-11 10:20:00+05:30
125.79,125.79,125.54,125.73,550.0,1765428900.0,2025-12-11 10:25:00+05:30
125.63,125.77,125.5,125.6,683.0,1765429200.0,2025-12-11 10:30:00+05:30
125.6,125.62,125.41,125.41,1821.0,1765429500.0,2025-12-11 10:35:00+05:30
125.57,125.57,125.4,125.4,148.0,1765429800.0,2025-12-11 10:40:00+05:30
125.4,125.55,125.4,125.51,3179.0,1765430100.0,2025-12-11 10:45:00+05:30
125.51,125.62,125.51,125.54,400.0,1765430400.0,2025-12-11 10:50:00+05:30
125.44,125.53,125.39,125.4,377.0,1765430700.0,2025-12-11 10:55:00+05:30
125.44,125.59,125.2,125.31,2222.0,1765431000.0,2025-12-11 11:00:00+05:30
125.25,125.34,125.15,125.34,204.0,1765431300.0,2025-12-11 11:05:00+05:30
125.34,125.34,125.19,125.27,606.0,1765431600.0,2025-12-11 11:10:00+05:30
125.27,125.48,125.27,125.48,4.0,1765431900.0,2025-12-11 11:15:00+05:30
125.49,125.49,125.31,125.45,119.0,1765432200.0,2025-12-11 11:20:00+05:30
125.45,125.45,125.45,125.45,40.0,1765432500.0,2025-12-11 11:25:00+05:30
125.41,125.52,125.41,125.5,423.0,1765432800.0,2025-12-11 11:30:00+05:30
125.4,125.4,125.25,125.32,364.0,1765433100.0,2025-12-11 11:35:00+05:30
125.43,125.43,125.42,125.42,20.0,1765433400.0,2025-12-11 11:40:00+05:30
125.42,125.42,125.42,125.42,10.0,1765433700.0,2025-12-11 11:45:00+05:30
125.42,125.51,125.38,125.51,31.0,1765434000.0,2025-12-11 11:50:00+05:30
125.34,125.53,125.34,125.44,574.0,1765434300.0,2025-12-11 11:55:00+05:30
125.44,125.44,125.42,125.42,82.0,1765434600.0,2025-12-11 12:00:00+05:30
125.42,125.47,125.4,125.47,2778.0,1765434900.0,2025-12-11 12:05:00+05:30
125.45,125.59,125.45,125.59,768.0,1765435200.0,2025-12-11 12:10:00+05:30
125.59,125.59,125.46,125.46,109.0,1765435500.0,2025-12-11 12:15:00+05:30
125.46,125.55,125.46,125.54,35.0,1765435800.0,2025-12-11 12:20:00+05:30
125.54,125.55,125.45,125.45,1256.0,1765436100.0,2025-12-11 12:25:00+05:30
125.55,125.55,125.5,125.5,147.0,1765436400.0,2025-12-11 12:30:00+05:30
125.45,125.54,125.4,125.4,224.0,1765436700.0,2025-12-11 12:35:00+05:30
125.52,125.6,125.43,125.6,4284.0,1765437000.0,2025-12-11 12:40:00+05:30
125.65,126.05,125.61,125.61,6052.0,1765437300.0,2025-12-11 12:45:00+05:30
125.87,125.88,125.72,125.72,171.0,1765437600.0,2025-12-11 12:50:00+05:30
125.88,125.88,125.75,125.76,2081.0,1765437900.0,2025-12-11 12:55:00+05:30
125.76,125.86,125.65,125.86,147.0,1765438200.0,2025-12-11 13:00:00+05:30
125.72,125.75,125.72,125.75,52.0,1765438500.0,2025-12-11 13:05:00+05:30
125.72,125.72,125.6,125.6,534.0,1765438800.0,2025-12-11 13:10:00+05:30
125.6,125.78,125.54,125.78,2057.0,1765439100.0,2025-12-11 13:15:00+05:30
125.78,125.78,125.4,125.4,6790.0,1765439400.0,2025-12-11 13:20:00+05:30
125.41,125.58,125.41,125.58,72.0,1765439700.0,2025-12-11 13:25:00+05:30
125.58,125.58,125.58,125.58,0.0,1765440000.0,2025-12-11 13:30:00+05:30
125.5,125.51,125.5,125.5,114.0,1765440300.0,2025-12-11 13:35:00+05:30
125.5,125.5,125.4,125.45,195.0,1765440600.0,2025-12-11 13:40:00+05:30
125.45,125.45,125.4,125.4,273.0,1765440900.0,2025-12-11 13:45:00+05:30
125.29,125.42,125.29,125.34,2236.0,1765441200.0,2025-12-11 13:50:00+05:30
125.33,125.41,125.14,125.41,1734.0,1765441500.0,2025-12-11 13:55:00+05:30
125.41,125.45,125.26,125.45,887.0,1765441800.0,2025-12-11 14:00:00+05:30
125.45,125.45,125.01,125.15,8524.0,1765442100.0,2025-12-11 14:05:00+05:30
125.14,125.34,124.99,125.34,2225.0,1765442400.0,2025-12-11 14:10:00+05:30
125.35,125.35,125.0,125.0,1856.0,1765442700.0,2025-12-11 14:15:00+05:30
125.0,125.16,124.94,125.16,51.0,1765443000.0,2025-12-11 14:20:00+05:30
125.16,125.16,125.01,125.16,465.0,1765443300.0,2025-12-11 14:25:00+05:30
125.16,125.37,124.98,125.37,1256.0,1765443600.0,2025-12-11 14:30:00+05:30
125.33,125.36,125.13,125.13,280.0,1765443900.0,2025-12-11 14:35:00+05:30
125.26,125.29,125.15,125.15,398.0,1765444200.0,2025-12-11 14:40:00+05:30
125.15,125.15,125.13,125.13,1252.0,1765444500.0,2025-12-11 14:45:00+05:30
125.19,125.39,125.19,125.36,223.0,1765444800.0,2025-12-11 14:50:00+05:30
125.36,125.36,125.25,125.25,123.0,1765445100.0,2025-12-11 14:55:00+05:30
125.3,125.3,125.01,125.01,2320.0,1765445400.0,2025-12-11 15:00:00+05:30
125.33,125.35,125.07,125.35,1936.0,1765445700.0,2025-12-11 15:05:00+05:30
125.19,125.33,125.12,125.31,503.0,1765446000.0,2025-12-11 15:10:00+05:30
125.35,125.35,125.02,125.17,5705.0,1765446300.0,2025-12-11 15:15:00+05:30
125.16,125.16,124.71,125.09,3673.0,1765446600.0,2025-12-11 15:20:00+05:30
125.0,125.4,125.0,125.0,5121.0,1765446900.0,2025-12-11 15:25:00+05:30
125.14,127.14,125.0,125.65,5670.0,1765511100.0,2025-12-12 09:15:00+05:30
125.52,126.0,124.89,124.9,14781.0,1765511400.0,2025-12-12 09:20:00+05:30
125.01,125.28,124.87,125.06,2090.0,1765511700.0,2025-12-12 09:25:00+05:30
125.14,125.32,125.06,125.32,1772.0,1765512000.0,2025-12-12 09:30:00+05:30
125.32,125.32,125.1,125.32,2014.0,1765512300.0,2025-12-12 09:35:00+05:30
125.32,125.61,125.32,125.53,5622.0,1765512600.0,2025-12-12 09:40:00+05:30
125.71,125.74,125.32,125.5,2263.0,1765512900.0,2025-12-12 09:45:00+05:30
125.49,125.72,125.49,125.66,2366.0,1765513200.0,2025-12-12 09:50:00+05:30
125.66,125.69,125.66,125.69,170.0,1765513500.0,2025-12-12 09:55:00+05:30
125.77,125.8,125.54,125.66,1845.0,1765513800.0,2025-12-12 10:00:00+05:30
125.64,125.64,125.28,125.28,1601.0,1765514100.0,2025-12-12 10:05:00+05:30
125.28,125.42,125.21,125.42,652.0,1765514400.0,2025-12-12 10:10:00+05:30
125.55,125.76,125.55,125.76,596.0,1765514700.0,2025-12-12 10:15:00+05:30
125.77,125.89,125.66,125.67,1922.0,1765515000.0,2025-12-12 10:20:00+05:30
125.41,125.55,125.41,125.45,608.0,1765515300.0,2025-12-12 10:25:00+05:30
125.6,125.93,125.6,125.8,1718.0,1765515600.0,2025-12-12 10:30:00+05:30
125.8,125.95,125.77,125.77,306.0,1765515900.0,2025-12-12 10:35:00+05:30
125.74,125.77,125.54,125.77,646.0,1765516200.0,2025-12-12 10:40:00+05:30
125.69,125.83,125.42,125.59,1403.0,1765516500.0,2025-12-12 10:45:00+05:30
125.59,125.61,125.33,125.38,1318.0,1765516800.0,2025-12-12 10:50:00+05:30
125.4,125.46,125.26,125.46,1047.0,1765517100.0,2025-12-12 10:55:00+05:30
125.54,125.71,125.5,125.71,1018.0,1765517400.0,2025-12-12 11:00:00+05:30
125.71,125.71,125.6,125.71,84.0,1765517700.0,2025-12-12 11:05:00+05:30
125.71,125.8,125.51,125.51,658.0,1765518000.0,2025-12-12 11:10:00+05:30
125.75,125.84,125.63,125.84,186.0,1765518300.0,2025-12-12 11:15:00+05:30
125.84,125.93,125.84,125.93,67.0,1765518600.0,2025-12-12 11:20:00+05:30
125.91,125.91,125.57,125.57,215.0,1765518900.0,2025-12-12 11:25:00+05:30
125.57,125.79,125.57,125.75,87.0,1765519200.0,2025-12-12 11:30:00+05:30
125.73,125.73,125.6,125.73,631.0,1765519500.0,2025-12-12 11:35:00+05:30
125.73,125.73,125.58,125.58,1114.0,1765519800.0,2025-12-12 11:40:00+05:30
125.58,125.6,125.36,125.54,252.0,1765520100.0,2025-12-12 11:45:00+05:30
125.54,125.54,125.32,125.32,155.0,1765520400.0,2025-12-12 11:50:00+05:30
125.35,125.55,125.35,125.55,925.0,1765520700.0,2025-12-12 11:55:00+05:30
125.54,125.63,125.5,125.5,180.0,1765521000.0,2025-12-12 12:00:00+05:30
125.62,125.64,125.32,125.32,1466.0,1765521300.0,2025-12-12 12:05:00+05:30
125.32,125.55,125.32,125.55,35.0,1765521600.0,2025-12-12 12:10:00+05:30
125.55,125.55,125.38,125.38,177.0,1765521900.0,2025-12-12 12:15:00+05:30
125.38,125.64,125.38,125.57,1024.0,1765522200.0,2025-12-12 12:20:00+05:30
125.57,125.57,125.5,125.5,100.0,1765522500.0,2025-12-12 12:25:00+05:30
125.36,125.59,125.36,125.59,695.0,1765522800.0,2025-12-12 12:30:00+05:30
125.6,125.6,125.58,125.6,77.0,1765523100.0,2025-12-12 12:35:00+05:30
125.54,125.54,125.5,125.54,334.0,1765523400.0,2025-12-12 12:40:00+05:30
125.53,125.53,125.25,125.25,2043.0,1765523700.0,2025-12-12 12:45:00+05:30
125.44,125.5,125.44,125.5,17.0,1765524000.0,2025-12-12 12:50:00+05:30
125.44,125.46,125.39,125.46,220.0,1765524300.0,2025-12-12 12:55:00+05:30
125.46,125.55,125.46,125.55,88.0,1765524600.0,2025-12-12 13:00:00+05:30
125.55,125.55,125.46,125.55,119.0,1765524900.0,2025-12-12 13:05:00+05:30
125.55,125.55,125.4,125.4,55.0,1765525200.0,2025-12-12 13:10:00+05:30
125.4,125.42,125.4,125.41,30.0,1765525500.0,2025-12-12 13:15:00+05:30
125.41,125.41,125.41,125.41,18.0,1765525800.0,2025-12-12 13:20:00+05:30
125.41,125.41,125.01,125.29,2834.0,1765526100.0,2025-12-12 13:25:00+05:30
125.2,125.43,125.2,125.43,399.0,1765526400.0,2025-12-12 13:30:00+05:30
125.38,125.52,125.2,125.21,2343.0,1765526700.0,2025-12-12 13:35:00+05:30
125.21,125.25,125.21,125.25,45.0,1765527000.0,2025-12-12 13:40:00+05:30
125.41,125.41,125.3,125.3,6.0,1765527300.0,2025-12-12 13:45:00+05:30
125.3,125.5,125.3,125.45,179.0,1765527600.0,2025-12-12 13:50:00+05:30
125.5,125.56,125.5,125.56,2278.0,1765527900.0,2025-12-12 13:55:00+05:30
125.56,125.62,125.56,125.62,200.0,1765528200.0,2025-12-12 14:00:00+05:30
125.62,125.73,124.88,124.88,31365.0,1765528500.0,2025-12-12 14:05:00+05:30
124.86,124.86,124.5,124.5,5124.0,1765528800.0,2025-12-12 14:10:00+05:30
124.69,124.75,123.27,123.81,22599.0,1765529100.0,2025-12-12 14:15:00+05:30
123.86,124.0,123.61,123.9,3973.0,1765529400.0,2025-12-12 14:20:00+05:30
123.9,123.95,123.78,123.9,3536.0,1765529700.0,2025-12-12 14:25:00+05:30
123.9,124.0,123.9,123.94,2040.0,1765530000.0,2025-12-12 14:30:00+05:30
123.94,124.0,123.94,124.0,1270.0,1765530300.0,2025-12-12 14:35:00+05:30
124.0,124.01,123.86,124.01,4535.0,1765530600.0,2025-12-12 14:40:00+05:30
124.0,124.0,123.63,123.74,5599.0,1765530900.0,2025-12-12 14:45:00+05:30
123.77,123.8,123.74,123.8,2995.0,1765531200.0,2025-12-12 14:50:00+05:30
123.8,123.8,123.79,123.8,1347.0,1765531500.0,2025-12-12 14:55:00+05:30
123.8,124.1,123.5,123.71,12920.0,1765531800.0,2025-12-12 15:00:00+05:30
123.85,124.12,123.52,123.99,5139.0,1765532100.0,2025-12-12 15:05:00+05:30
123.99,124.23,123.91,124.2,7937.0,1765532400.0,2025-12-12 15:10:00+05:30
124.2,124.24,123.78,123.95,12339.0,1765532700.0,2025-12-12 15:15:00+05:30
124.31,124.56,124.3,124.46,6570.0,1765533000.0,2025-12-12 15:20:00+05:30
124.47,124.58,124.2,124.21,7571.0,1765533300.0,2025-12-12 15:25:00+05:30
123.98,124.42,123.61,124.4,2734.0,1765770300.0,2025-12-15 09:15:00+05:30
124.4,124.4,123.97,123.97,595.0,1765770600.0,2025-12-15 09:20:00+05:30
124.06,124.31,123.88,123.89,2678.0,1765770900.0,2025-12-15 09:25:00+05:30
124.09,124.3,123.93,124.29,1549.0,1765771200.0,2025-12-15 09:30:00+05:30
124.29,124.44,124.07,124.37,1384.0,1765771500.0,2025-12-15 09:35:00+05:30
124.2,124.34,124.13,124.34,370.0,1765771800.0,2025-12-15 09:40:00+05:30
124.15,124.66,124.15,124.65,2605.0,1765772100.0,2025-12-15 09:45:00+05:30
124.51,124.65,124.51,124.65,1620.0,1765772400.0,2025-12-15 09:50:00+05:30
124.65,124.65,124.55,124.65,155.0,1765772700.0,2025-12-15 09:55:00+05:30
124.65,124.93,124.54,124.93,852.0,1765773000.0,2025-12-15 10:00:00+05:30
124.92,124.92,124.66,124.86,219.0,1765773300.0,2025-12-15 10:05:00+05:30
124.86,124.86,124.59,124.8,759.0,1765773600.0,2025-12-15 10:10:00+05:30
124.78,124.82,124.68,124.82,896.0,1765773900.0,2025-12-15 10:15:00+05:30
124.82,124.98,124.77,124.81,711.0,1765774200.0,2025-12-15 10:20:00+05:30
124.8,124.97,124.8,124.96,321.0,1765774500.0,2025-12-15 10:25:00+05:30
124.96,124.99,124.8,124.95,2350.0,1765774800.0,2025-12-15 10:30:00+05:30
124.8,124.92,124.8,124.92,1880.0,1765775100.0,2025-12-15 10:35:00+05:30
124.92,124.92,124.62,124.62,229.0,1765775400.0,2025-12-15 10:40:00+05:30
124.78,124.78,124.77,124.77,60.0,1765775700.0,2025-12-15 10:45:00+05:30
124.77,124.92,124.77,124.92,372.0,1765776000.0,2025-12-15 10:50:00+05:30
124.92,124.94,124.77,124.79,884.0,1765776300.0,2025-12-15 10:55:00+05:30
124.98,125.19,124.98,125.15,9182.0,1765776600.0,2025-12-15 11:00:00+05:30
125.24,125.26,124.86,124.86,4272.0,1765776900.0,2025-12-15 11:05:00+05:30
125.08,125.08,124.86,124.99,363.0,1765777200.0,2025-12-15 11:10:00+05:30
125.11,125.64,125.11,125.41,3265.0,1765777500.0,2025-12-15 11:15:00+05:30
125.41,125.55,125.29,125.37,644.0,1765777800.0,2025-12-15 11:20:00+05:30
125.37,125.45,125.2,125.45,730.0,1765778100.0,2025-12-15 11:25:00+05:30
125.61,125.61,125.45,125.5,393.0,1765778400.0,2025-12-15 11:30:00+05:30
125.5,125.82,125.18,125.82,10047.0,1765778700.0,2025-12-15 11:35:00+05:30
125.78,125.8,125.52,125.73,1066.0,1765779000.0,2025-12-15 11:40:00+05:30
125.78,125.78,125.64,125.74,280.0,1765779300.0,2025-12-15 11:45:00+05:30
125.74,125.78,125.64,125.64,126.0,1765779600.0,2025-12-15 11:50:00+05:30
125.64,125.77,125.64,125.77,22.0,1765779900.0,2025-12-15 11:55:00+05:30
125.76,125.9,125.54,125.75,690.0,1765780200.0,2025-12-15 12:00:00+05:30
125.85,125.94,125.73,125.94,836.0,1765780500.0,2025-12-15 12:05:00+05:30
125.76,126.0,125.61,125.69,1141.0,1765780800.0,2025-12-15 12:10:00+05:30
125.69,125.82,125.5,125.5,1780.0,1765781100.0,2025-12-15 12:15:00+05:30
125.51,125.9,125.5,125.89,6463.0,1765781400.0,2025-12-15 12:20:00+05:30
125.89,125.89,125.7,125.84,88.0,1765781700.0,2025-12-15 12:25:00+05:30
125.84,126.07,125.84,126.07,3621.0,1765782000.0,2025-12-15 12:30:00+05:30
126.17,126.99,126.17,126.85,13261.0,1765782300.0,2025-12-15 12:35:00+05:30
126.85,126.85,126.38,126.4,1293.0,1765782600.0,2025-12-15 12:40:00+05:30
126.4,126.59,126.33,126.57,412.0,1765782900.0,2025-12-15 12:45:00+05:30
126.4,126.4,126.16,126.16,503.0,1765783200.0,2025-12-15 12:50:00+05:30
126.32,126.44,126.12,126.28,1083.0,1765783500.0,2025-12-15 12:55:00+05:30
126.47,126.47,126.38,126.38,19.0,1765783800.0,2025-12-15 13:00:00+05:30
126.38,126.38,126.38,126.38,44.0,1765784100.0,2025-12-15 13:05:00+05:30
126.46,126.52,126.39,126.52,837.0,1765784400.0,2025-12-15 13:10:00+05:30
126.58,126.99,126.58,126.99,2474.0,1765784700.0,2025-12-15 13:15:00+05:30
126.99,127.34,126.99,127.04,5742.0,1765785000.0,2025-12-15 13:20:00+05:30
127.04,127.04,126.75,126.75,206.0,1765785300.0,2025-12-15 13:25:00+05:30
126.75,126.75,126.68,126.68,50.0,1765785600.0,2025-12-15 13:30:00+05:30
126.7,126.7,126.58,126.58,80.0,1765785900.0,2025-12-15 13:35:00+05:30
126.45,126.45,126.07,126.27,3304.0,1765786200.0,2025-12-15 13:40:00+05:30
126.2,126.87,126.17,126.68,1340.0,1765786500.0,2025-12-15 13:45:00+05:30
126.72,126.9,126.71,126.76,3276.0,1765786800.0,2025-12-15 13:50:00+05:30
126.85,126.9,126.0,126.0,14560.0,1765787100.0,2025-12-15 13:55:00+05:30
126.0,126.23,125.89,125.89,366.0,1765787400.0,2025-12-15 14:00:00+05:30
126.05,126.05,126.05,126.05,140.0,1765787700.0,2025-12-15 14:05:00+05:30
126.22,126.22,126.05,126.05,320.0,1765788000.0,2025-12-15 14:10:00+05:30
126.19,126.19,126.19,126.19,120.0,1765788300.0,2025-12-15 14:15:00+05:30
126.19,126.25,126.19,126.23,73.0,1765788600.0,2025-12-15 14:20:00+05:30
126.22,126.22,126.13,126.13,1272.0,1765788900.0,2025-12-15 14:25:00+05:30
126.13,126.14,126.01,126.02,83.0,1765789200.0,2025-12-15 14:30:00+05:30
126.01,126.21,126.01,126.21,467.0,1765789500.0,2025-12-15 14:35:00+05:30
126.21,126.31,126.16,126.31,1976.0,1765789800.0,2025-12-15 14:40:00+05:30
126.29,126.32,126.17,126.32,134.0,1765790100.0,2025-12-15 14:45:00+05:30
126.04,126.22,125.75,126.02,2680.0,1765790400.0,2025-12-15 14:50:00+05:30
126.02,126.16,125.99,126.16,23.0,1765790700.0,2025-12-15 14:55:00+05:30
126.17,126.32,125.91,126.04,2069.0,1765791000.0,2025-12-15 15:00:00+05:30
126.14,126.33,126.05,126.32,931.0,1765791300.0,2025-12-15 15:05:00+05:30
126.21,126.31,126.11,126.23,609.0,1765791600.0,2025-12-15 15:10:00+05:30
126.08,126.5,126.08,126.5,3638.0,1765791900.0,2025-12-15 15:15:00+05:30
126.46,126.46,126.25,126.42,4869.0,1765792200.0,2025-12-15 15:20:00+05:30
126.41,126.87,126.4,126.75,5682.0,1765792500.0,2025-12-15 15:25:00+05:30
125.18,125.62,125.1,125.12,3641.0,1765856700.0,2025-12-16 09:15:00+05:30
125.13,125.13,124.6,124.73,1257.0,1765857000.0,2025-12-16 09:20:00+05:30
124.68,125.12,124.55,125.12,3835.0,1765857300.0,2025-12-16 09:25:00+05:30
125.18,125.18,124.7,124.94,5428.0,1765857600.0,2025-12-16 09:30:00+05:30
124.87,124.87,124.7,124.76,618.0,1765857900.0,2025-12-16 09:35:00+05:30
124.7,125.15,124.7,124.99,5596.0,1765858200.0,2025-12-16 09:40:00+05:30
125.0,125.43,124.86,125.25,3763.0,1765858500.0,2025-12-16 09:45:00+05:30
125.41,125.42,125.24,125.42,4840.0,1765858800.0,2025-12-16 09:50:00+05:30
125.43,125.43,125.06,125.06,692.0,1765859100.0,2025-12-16 09:55:00+05:30
125.11,125.11,124.86,124.86,289.0,1765859400.0,2025-12-16 10:00:00+05:30
124.86,124.99,124.84,124.95,763.0,1765859700.0,2025-12-16 10:05:00+05:30
124.95,124.95,124.84,124.94,234.0,1765860000.0,2025-12-16 10:10:00+05:30
124.95,125.05,124.95,124.95,1623.0,1765860300.0,2025-12-16 10:15:00+05:30
124.95,125.05,124.95,125.05,172.0,1765860600.0,2025-12-16 10:20:00+05:30
125.05,125.13,124.95,125.13,726.0,1765860900.0,2025-12-16 10:25:00+05:30
125.13,125.4,125.13,125.18,830.0,1765861200.0,2025-12-16 10:30:00+05:30
125.26,125.48,125.15,125.48,1550.0,1765861500.0,2025-12-16 10:35:00+05:30
125.27,125.5,125.27,125.27,3910.0,1765861800.0,2025-12-16 10:40:00+05:30
125.24,126.19,125.24,125.98,6030.0,1765862100.0,2025-12-16 10:45:00+05:30
125.98,125.98,125.95,125.95,37.0,1765862400.0,2025-12-16 10:50:00+05:30
125.95,125.95,125.82,125.82,140.0,1765862700.0,2025-12-16 10:55:00+05:30
125.82,125.82,125.52,125.76,1266.0,1765863000.0,2025-12-16 11:00:00+05:30
125.63,125.83,125.63,125.71,40.0,1765863300.0,2025-12-16 11:05:00+05:30
125.71,125.71,125.71,125.71,10.0,1765863600.0,2025-12-16 11:10:00+05:30
125.71,125.78,125.66,125.74,115.0,1765863900.0,2025-12-16 11:15:00+05:30
125.61,125.81,125.61,125.81,457.0,1765864200.0,2025-12-16 11:20:00+05:30
125.81,125.97,125.75,125.97,192.0,1765864500.0,2025-12-16 11:25:00+05:30
125.82,125.91,125.7,125.91,810.0,1765864800.0,2025-12-16 11:30:00+05:30
125.7,125.85,125.7,125.85,631.0,1765865100.0,2025-12-16 11:35:00+05:30
125.85,125.85,125.7,125.82,364.0,1765865400.0,2025-12-16 11:40:00+05:30
125.82,125.85,125.82,125.83,392.0,1765865700.0,2025-12-16 11:45:00+05:30
125.83,125.95,125.8,125.95,43.0,1765866000.0,2025-12-16 11:50:00+05:30
125.95,125.95,125.89,125.89,100.0,1765866300.0,2025-12-16 11:55:00+05:30
125.85,125.85,125.47,125.47,7852.0,1765866600.0,2025-12-16 12:00:00+05:30
125.47,125.47,125.32,125.43,337.0,1765866900.0,2025-12-16 12:05:00+05:30
125.43,125.67,125.31,125.67,997.0,1765867200.0,2025-12-16 12:10:00+05:30
125.67,125.67,125.57,125.57,9.0,1765867500.0,2025-12-16 12:15:00+05:30
125.66,125.7,125.66,125.7,1441.0,1765867800.0,2025-12-16 12:20:00+05:30
125.7,125.8,125.57,125.57,2279.0,1765868100.0,2025-12-16 12:25:00+05:30
125.57,125.65,125.47,125.47,310.0,1765868400.0,2025-12-16 12:30:00+05:30
125.54,125.54,125.48,125.48,143.0,1765868700.0,2025-12-16 12:35:00+05:30
125.37,125.38,125.25,125.25,260.0,1765869000.0,2025-12-16 12:40:00+05:30
125.26,125.38,125.26,125.36,122.0,1765869300.0,2025-12-16 12:45:00+05:30
125.21,125.36,125.21,125.36,56.0,1765869600.0,2025-12-16 12:50:00+05:30
125.36,125.36,125.36,125.36,9.0,1765869900.0,2025-12-16 12:55:00+05:30
125.36,125.36,125.21,125.22,161.0,1765870200.0,2025-12-16 13:00:00+05:30
125.22,125.28,125.22,125.28,63.0,1765870500.0,2025-12-16 13:05:00+05:30
125.28,125.32,125.1,125.22,1664.0,1765870800.0,2025-12-16 13:10:00+05:30
125.23,125.23,124.75,124.87,4191.0,1765871100.0,2025-12-16 13:15:00+05:30
124.87,124.95,124.87,124.95,135.0,1765871400.0,2025-12-16 13:20:00+05:30
124.9,125.03,124.76,125.03,847.0,1765871700.0,2025-12-16 13:25:00+05:30
124.92,125.06,124.92,125.06,404.0,1765872000.0,2025-12-16 13:30:00+05:30
125.06,125.1,125.06,125.1,2.0,1765872300.0,2025-12-16 13:35:00+05:30
125.1,125.1,125.1,125.1,1.0,1765872600.0,2025-12-16 13:40:00+05:30
125.1,125.18,124.99,125.05,488.0,1765872900.0,2025-12-16 13:45:00+05:30
125.02,125.24,125.02,125.24,388.0,1765873200.0,2025-12-16 13:50:00+05:30
125.24,125.3,125.09,125.09,631.0,1765873500.0,2025-12-16 13:55:00+05:30
125.09,125.19,125.06,125.06,239.0,1765873800.0,2025-12-16 14:00:00+05:30
125.06,125.06,125.0,125.0,314.0,1765874100.0,2025-12-16 14:05:00+05:30
125.0,125.2,125.0,125.2,304.0,1765874400.0,2025-12-16 14:10:00+05:30
125.08,125.08,125.0,125.0,678.0,1765874700.0,2025-12-16 14:15:00+05:30
125.05,125.09,125.0,125.09,4032.0,1765875000.0,2025-12-16 14:20:00+05:30
125.1,125.1,124.8,124.87,2318.0,1765875300.0,2025-12-16 14:25:00+05:30
124.87,124.87,124.76,124.76,1373.0,1765875600.0,2025-12-16 14:30:00+05:30
124.8,124.8,124.76,124.76,353.0,1765875900.0,2025-12-16 14:35:00+05:30
124.8,124.8,124.6,124.6,1155.0,1765876200.0,2025-12-16 14:40:00+05:30
124.6,124.99,124.55,124.84,4708.0,1765876500.0,2025-12-16 14:45:00+05:30
124.76,124.93,124.73,124.92,756.0,1765876800.0,2025-12-16 14:50:00+05:30
124.92,125.03,124.86,124.87,677.0,1765877100.0,2025-12-16 14:55:00+05:30
125.05,125.18,124.91,124.91,461.0,1765877400.0,2025-12-16 15:00:00+05:30
124.99,125.37,124.99,125.12,2936.0,1765877700.0,2025-12-16 15:05:00+05:30
125.31,125.38,125.26,125.38,521.0,1765878000.0,2025-12-16 15:10:00+05:30
125.3,125.37,125.0,125.27,2363.0,1765878300.0,2025-12-16 15:15:00+05:30
125.27,125.43,125.26,125.36,1139.0,1765878600.0,2025-12-16 15:20:00+05:30
125.36,126.0,125.18,126.0,5540.0,1765878900.0,2025-12-16 15:25:00+05:30
124.85,125.87,124.85,125.09,1779.0,1765943100.0,2025-12-17 09:15:00+05:30
125.11,125.11,124.76,124.99,542.0,1765943400.0,2025-12-17 09:20:00+05:30
124.99,125.02,124.65,124.66,865.0,1765943700.0,2025-12-17 09:25:00+05:30
124.84,125.01,124.71,125.01,644.0,1765944000.0,2025-12-17 09:30:00+05:30
125.11,125.64,125.06,125.62,11263.0,1765944300.0,2025-12-17 09:35:00+05:30
125.59,125.59,125.06,125.06,1616.0,1765944600.0,2025-12-17 09:40:00+05:30
125.06,125.32,125.06,125.28,384.0,1765944900.0,2025-12-17 09:45:00+05:30
125.28,125.28,124.97,125.08,1014.0,1765945200.0,2025-12-17 09:50:00+05:30
124.92,124.92,124.06,124.78,17287.0,1765945500.0,2025-12-17 09:55:00+05:30
124.77,124.82,124.58,124.6,2007.0,1765945800.0,2025-12-17 10:00:00+05:30
124.58,124.58,124.1,124.1,10207.0,1765946100.0,2025-12-17 10:05:00+05:30
124.13,124.44,124.12,124.44,415.0,1765946400.0,2025-12-17 10:10:00+05:30
124.49,124.49,124.25,124.45,1246.0,1765946700.0,2025-12-17 10:15:00+05:30
124.57,124.58,124.45,124.45,864.0,1765947000.0,2025-12-17 10:20:00+05:30
124.45,124.53,124.35,124.39,3230.0,1765947300.0,2025-12-17 10:25:00+05:30
124.25,124.6,124.25,124.6,894.0,1765947600.0,2025-12-17 10:30:00+05:30
124.46,124.56,124.25,124.49,1203.0,1765947900.0,2025-12-17 10:35:00+05:30
124.3,124.4,124.3,124.3,791.0,1765948200.0,2025-12-17 10:40:00+05:30
124.3,124.4,124.3,124.39,991.0,1765948500.0,2025-12-17 10:45:00+05:30
124.4,124.43,124.3,124.3,494.0,1765948800.0,2025-12-17 10:50:00+05:30
124.31,124.4,124.3,124.4,100.0,1765949100.0,2025-12-17 10:55:00+05:30
124.4,124.4,124.27,124.27,21.0,1765949400.0,2025-12-17 11:00:00+05:30
124.42,124.45,124.42,124.45,103.0,1765949700.0,2025-12-17 11:05:00+05:30
124.45,124.45,124.33,124.44,140.0,1765950000.0,2025-12-17 11:10:00+05:30
124.44,124.45,124.44,124.45,180.0,1765950300.0,2025-12-17 11:15:00+05:30
124.44,124.45,124.44,124.44,153.0,1765950600.0,2025-12-17 11:20:00+05:30
124.44,124.44,124.34,124.4,96.0,1765950900.0,2025-12-17 11:25:00+05:30
124.4,124.44,124.32,124.32,1763.0,1765951200.0,2025-12-17 11:30:00+05:30
124.32,124.47,124.32,124.47,120.0,1765951500.0,2025-12-17 11:35:00+05:30
124.47,124.49,124.32,124.43,1241.0,1765951800.0,2025-12-17 11:40:00+05:30
124.43,124.43,124.32,124.42,641.0,1765952100.0,2025-12-17 11:45:00+05:30
124.49,124.49,124.48,124.48,500.0,1765952400.0,2025-12-17 11:50:00+05:30
124.33,124.47,124.26,124.27,487.0,1765952700.0,2025-12-17 11:55:00+05:30
124.45,124.45,124.31,124.32,32.0,1765953000.0,2025-12-17 12:00:00+05:30
124.32,124.32,124.28,124.28,699.0,1765953300.0,2025-12-17 12:05:00+05:30
124.32,124.38,124.32,124.38,560.0,1765953600.0,2025-12-17 12:10:00+05:30
124.38,124.38,124.3,124.3,180.0,1765953900.0,2025-12-17 12:15:00+05:30
124.3,124.35,124.28,124.28,1869.0,1765954200.0,2025-12-17 12:20:00+05:30
124.28,124.28,124.28,124.28,100.0,1765954500.0,2025-12-17 12:25:00+05:30
124.28,124.35,124.28,124.35,11.0,1765954800.0,2025-12-17 12:30:00+05:30
124.35,124.35,124.28,124.35,562.0,1765955100.0,2025-12-17 12:35:00+05:30
124.26,124.35,124.26,124.35,190.0,1765955400.0,2025-12-17 12:40:00+05:30
124.35,124.35,124.22,124.22,1296.0,1765955700.0,2025-12-17 12:45:00+05:30
124.22,124.23,124.22,124.23,104.0,1765956000.0,2025-12-17 12:50:00+05:30
124.23,124.34,124.23,124.32,426.0,1765956300.0,2025-12-17 12:55:00+05:30
124.35,124.35,124.23,124.23,29.0,1765956600.0,2025-12-17 13:00:00+05:30
124.34,124.35,124.34,124.35,39.0,1765956900.0,2025-12-17 13:05:00+05:30
124.35,124.47,124.35,124.46,1765.0,1765957200.0,2025-12-17 13:10:00+05:30
124.46,124.47,124.46,124.47,4.0,1765957500.0,2025-12-17 13:15:00+05:30
124.47,124.47,124.35,124.35,65.0,1765957800.0,2025-12-17 13:20:00+05:30
124.35,124.44,124.28,124.44,111.0,1765958100.0,2025-12-17 13:25:00+05:30
124.44,124.44,124.23,124.23,160.0,1765958400.0,2025-12-17 13:30:00+05:30
124.23,124.3,124.11,124.25,2915.0,1765958700.0,2025-12-17 13:35:00+05:30
124.25,124.25,124.1,124.1,13.0,1765959000.0,2025-12-17 13:40:00+05:30
124.1,124.23,124.1,124.23,8.0,1765959300.0,2025-12-17 13:45:00+05:30
124.23,124.23,124.1,124.22,537.0,1765959600.0,2025-12-17 13:50:00+05:30
124.09,124.09,123.71,123.71,3856.0,1765959900.0,2025-12-17 13:55:00+05:30
123.75,123.75,123.12,123.39,6167.0,1765960200.0,2025-12-17 14:00:00+05:30
123.41,123.43,123.0,123.04,3192.0,1765960500.0,2025-12-17 14:05:00+05:30
123.02,123.42,123.02,123.42,722.0,1765960800.0,2025-12-17 14:10:00+05:30
123.42,123.5,123.4,123.5,631.0,1765961100.0,2025-12-17 14:15:00+05:30
123.5,123.69,123.5,123.69,1836.0,1765961400.0,2025-12-17 14:20:00+05:30
123.68,123.68,123.31,123.54,2208.0,1765961700.0,2025-12-17 14:25:00+05:30
123.55,123.73,123.55,123.72,362.0,1765962000.0,2025-12-17 14:30:00+05:30
123.72,123.72,123.45,123.5,1348.0,1765962300.0,2025-12-17 14:35:00+05:30
123.5,123.63,123.5,123.6,212.0,1765962600.0,2025-12-17 14:40:00+05:30
123.51,123.71,123.5,123.71,946.0,1765962900.0,2025-12-17 14:45:00+05:30
123.7,123.74,123.36,123.52,4958.0,1765963200.0,2025-12-17 14:50:00+05:30
123.67,123.68,123.6,123.6,275.0,1765963500.0,2025-12-17 14:55:00+05:30
123.71,123.91,123.57,123.77,740.0,1765963800.0,2025-12-17 15:00:00+05:30
123.82,124.1,123.66,124.1,6705.0,1765964100.0,2025-12-17 15:05:00+05:30
124.09,124.09,123.7,123.76,644.0,1765964400.0,2025-12-17 15:10:00+05:30
123.72,123.93,123.72,123.87,2655.0,1765964700.0,2025-12-17 15:15:00+05:30
123.88,123.88,123.05,123.16,6646.0,1765965000.0,2025-12-17 15:20:00+05:30
123.15,123.71,123.0,123.5,5718.0,1765965300.0,2025-12-17 15:25:00+05:30
123.0,123.48,122.71,122.84,4125.0,1766029500.0,2025-12-18 09:15:00+05:30
122.77,122.88,122.58,122.59,2837.0,1766029800.0,2025-12-18 09:20:00+05:30
122.55,123.11,122.5,122.68,9183.0,1766030100.0,2025-12-18 09:25:00+05:30
122.8,122.89,122.55,122.75,5290.0,1766030400.0,2025-12-18 09:30:00+05:30
122.74,122.74,122.2,122.2,1396.0,1766030700.0,2025-12-18 09:35:00+05:30
122.2,122.2,122.0,122.18,4355.0,1766031000.0,2025-12-18 09:40:00+05:30
122.01,122.41,122.01,122.22,3791.0,1766031300.0,2025-12-18 09:45:00+05:30
122.06,122.32,122.02,122.31,1003.0,1766031600.0,2025-12-18 09:50:00+05:30
122.3,122.3,122.03,122.03,2019.0,1766031900.0,2025-12-18 09:55:00+05:30
122.0,122.32,122.0,122.15,5944.0,1766032200.0,2025-12-18 10:00:00+05:30
122.15,122.44,122.15,122.3,1433.0,1766032500.0,2025-12-18 10:05:00+05:30
122.3,122.63,122.29,122.46,1106.0,1766032800.0,2025-12-18 10:10:00+05:30
122.65,122.66,122.34,122.66,1600.0,1766033100.0,2025-12-18 10:15:00+05:30
122.74,122.95,122.59,122.8,3322.0,1766033400.0,2025-12-18 10:20:00+05:30
122.89,122.96,122.77,122.77,786.0,1766033700.0,2025-12-18 10:25:00+05:30
122.89,122.95,122.83,122.94,716.0,1766034000.0,2025-12-18 10:30:00+05:30
122.94,122.94,122.8,122.84,153.0,1766034300.0,2025-12-18 10:35:00+05:30
122.84,122.88,122.73,122.87,2025.0,1766034600.0,2025-12-18 10:40:00+05:30
122.84,122.91,122.84,122.9,245.0,1766034900.0,2025-12-18 10:45:00+05:30
122.9,122.9,122.55,122.55,548.0,1766035200.0,2025-12-18 10:50:00+05:30
122.55,122.6,122.5,122.59,367.0,1766035500.0,2025-12-18 10:55:00+05:30
122.5,122.59,122.47,122.47,497.0,1766035800.0,2025-12-18 11:00:00+05:30
122.47,122.47,122.3,122.3,97.0,1766036100.0,2025-12-18 11:05:00+05:30
122.25,122.39,122.25,122.39,158.0,1766036400.0,2025-12-18 11:10:00+05:30
122.39,122.4,122.16,122.34,807.0,1766036700.0,2025-12-18 11:15:00+05:30
122.34,122.46,122.27,122.45,243.0,1766037000.0,2025-12-18 11:20:00+05:30
122.45,122.45,122.3,122.3,127.0,1766037300.0,2025-12-18 11:25:00+05:30
122.35,122.35,122.25,122.35,243.0,1766037600.0,2025-12-18 11:30:00+05:30
122.36,122.42,122.35,122.35,119.0,1766037900.0,2025-12-18 11:35:00+05:30
122.35,122.41,122.35,122.35,127.0,1766038200.0,2025-12-18 11:40:00+05:30
122.41,122.54,122.41,122.54,236.0,1766038500.0,2025-12-18 11:45:00+05:30
122.39,122.55,122.38,122.55,387.0,1766038800.0,2025-12-18 11:50:00+05:30
122.59,122.76,122.59,122.76,1662.0,1766039100.0,2025-12-18 11:55:00+05:30
122.76,122.93,122.76,122.91,2023.0,1766039400.0,2025-12-18 12:00:00+05:30
122.8,122.83,122.8,122.83,644.0,1766039700.0,2025-12-18 12:05:00+05:30
122.8,122.91,122.8,122.91,1424.0,1766040000.0,2025-12-18 12:10:00+05:30
122.91,122.91,122.91,122.91,44.0,1766040300.0,2025-12-18 12:15:00+05:30
122.91,122.91,122.86,122.9,941.0,1766040600.0,2025-12-18 12:20:00+05:30
122.91,122.92,122.8,122.8,275.0,1766040900.0,2025-12-18 12:25:00+05:30
122.89,122.99,122.89,122.99,1024.0,1766041200.0,2025-12-18 12:30:00+05:30
123.0,123.0,122.85,122.95,330.0,1766041500.0,2025-12-18 12:35:00+05:30
122.94,122.94,122.85,122.85,10.0,1766041800.0,2025-12-18 12:40:00+05:30
122.85,122.94,122.85,122.85,403.0,1766042100.0,2025-12-18 12:45:00+05:30
122.85,122.85,122.8,122.8,319.0,1766042400.0,2025-12-18 12:50:00+05:30
122.91,122.95,122.77,122.81,1969.0,1766042700.0,2025-12-18 12:55:00+05:30
122.81,122.95,122.8,122.8,1375.0,1766043000.0,2025-12-18 13:00:00+05:30
122.91,122.91,122.8,122.8,452.0,1766043300.0,2025-12-18 13:05:00+05:30
122.8,122.85,122.8,122.8,616.0,1766043600.0,2025-12-18 13:10:00+05:30
122.8,122.84,122.6,122.6,1347.0,1766043900.0,2025-12-18 13:15:00+05:30
122.68,122.68,122.6,122.63,528.0,1766044200.0,2025-12-18 13:20:00+05:30
122.51,122.63,122.5,122.6,148.0,1766044500.0,2025-12-18 13:25:00+05:30
122.6,122.76,122.6,122.6,485.0,1766044800.0,2025-12-18 13:30:00+05:30
122.52,122.6,122.52,122.52,72.0,1766045100.0,2025-12-18 13:35:00+05:30
122.6,122.6,122.57,122.58,504.0,1766045400.0,2025-12-18 13:40:00+05:30
122.57,122.59,122.5,122.58,291.0,1766045700.0,2025-12-18 13:45:00+05:30
122.58,122.58,122.5,122.5,226.0,1766046000.0,2025-12-18 13:50:00+05:30
122.51,122.75,122.5,122.75,696.0,1766046300.0,2025-12-18 13:55:00+05:30
122.75,122.75,122.52,122.52,493.0,1766046600.0,2025-12-18 14:00:00+05:30
122.63,122.63,122.3,122.45,2106.0,1766046900.0,2025-12-18 14:05:00+05:30
122.53,122.53,122.2,122.47,1724.0,1766047200.0,2025-12-18 14:10:00+05:30
122.47,122.48,122.27,122.46,418.0,1766047500.0,2025-12-18 14:15:00+05:30
122.46,122.47,122.4,122.4,94.0,1766047800.0,2025-12-18 14:20:00+05:30
122.4,122.4,122.32,122.32,42.0,1766048100.0,2025-12-18 14:25:00+05:30
122.32,122.46,122.32,122.43,347.0,1766048400.0,2025-12-18 14:30:00+05:30
122.43,122.43,122.39,122.39,53.0,1766048700.0,2025-12-18 14:35:00+05:30
122.39,122.55,122.39,122.55,1038.0,1766049000.0,2025-12-18 14:40:00+05:30
122.6,122.6,122.43,122.44,775.0,1766049300.0,2025-12-18 14:45:00+05:30
122.46,122.55,122.4,122.4,1219.0,1766049600.0,2025-12-18 14:50:00+05:30
122.45,122.53,122.36,122.36,353.0,1766049900.0,2025-12-18 14:55:00+05:30
122.53,122.58,122.35,122.58,981.0,1766050200.0,2025-12-18 15:00:00+05:30
122.58,122.8,122.56,122.65,7339.0,1766050500.0,2025-12-18 15:05:00+05:30
122.8,122.8,122.35,122.35,2540.0,1766050800.0,2025-12-18 15:10:00+05:30
122.5,122.74,122.47,122.73,3899.0,1766051100.0,2025-12-18 15:15:00+05:30
122.73,123.11,122.73,122.94,4577.0,1766051400.0,2025-12-18 15:20:00+05:30
122.94,123.5,122.12,123.11,7572.0,1766051700.0,2025-12-18 15:25:00+05:30
122.75,123.94,122.75,123.27,1768.0,1766115900.0,2025-12-19 09:15:00+05:30
123.12,123.3,122.85,123.01,2385.0,1766116200.0,2025-12-19 09:20:00+05:30
123.02,123.33,123.02,123.33,338.0,1766116500.0,2025-12-19 09:25:00+05:30
123.34,123.69,123.11,123.69,5710.0,1766116800.0,2025-12-19 09:30:00+05:30
123.7,123.75,123.45,123.46,1234.0,1766117100.0,2025-12-19 09:35:00+05:30
123.7,123.72,123.47,123.64,1284.0,1766117400.0,2025-12-19 09:40:00+05:30
123.64,123.89,123.64,123.84,1448.0,1766117700.0,2025-12-19 09:45:00+05:30
123.81,123.81,123.52,123.66,919.0,1766118000.0,2025-12-19 09:50:00+05:30
123.66,123.66,122.91,122.91,13163.0,1766118300.0,2025-12-19 09:55:00+05:30
123.0,123.0,122.9,122.99,3184.0,1766118600.0,2025-12-19 10:00:00+05:30
122.97,122.98,122.9,122.97,1462.0,1766118900.0,2025-12-19 10:05:00+05:30
122.9,122.9,122.79,122.79,411.0,1766119200.0,2025-12-19 10:10:00+05:30
122.77,122.88,122.76,122.86,288.0,1766119500.0,2025-12-19 10:15:00+05:30
122.87,122.9,122.75,122.89,1530.0,1766119800.0,2025-12-19 10:20:00+05:30
122.9,122.9,122.75,122.89,447.0,1766120100.0,2025-12-19 10:25:00+05:30
122.89,122.89,122.76,122.76,75.0,1766120400.0,2025-12-19 10:30:00+05:30
122.76,122.94,122.76,122.91,509.0,1766120700.0,2025-12-19 10:35:00+05:30
122.94,123.0,122.85,122.92,6632.0,1766121000.0,2025-12-19 10:40:00+05:30
123.0,123.0,122.94,122.94,7587.0,1766121300.0,2025-12-19 10:45:00+05:30
123.08,123.08,122.94,122.94,1668.0,1766121600.0,2025-12-19 10:50:00+05:30
123.08,123.4,123.08,123.23,5363.0,1766121900.0,2025-12-19 10:55:00+05:30
123.35,123.36,123.1,123.18,606.0,1766122200.0,2025-12-19 11:00:00+05:30
123.12,123.12,123.0,123.04,1021.0,1766122500.0,2025-12-19 11:05:00+05:30
123.04,123.15,123.04,123.15,6.0,1766122800.0,2025-12-19 11:10:00+05:30
123.15,123.15,122.86,122.99,1697.0,1766123100.0,2025-12-19 11:15:00+05:30
123.11,123.11,123.08,123.08,6.0,1766123400.0,2025-12-19 11:20:00+05:30
123.12,123.12,122.73,122.75,2388.0,1766123700.0,2025-12-19 11:25:00+05:30
122.7,122.77,122.69,122.77,205.0,1766124000.0,2025-12-19 11:30:00+05:30
122.77,122.79,122.7,122.74,57.0,1766124300.0,2025-12-19 11:35:00+05:30
122.82,122.84,122.6,122.8,1980.0,1766124600.0,2025-12-19 11:40:00+05:30
122.8,122.8,122.66,122.67,92.0,1766124900.0,2025-12-19 11:45:00+05:30
122.85,122.85,122.72,122.72,1339.0,1766125200.0,2025-12-19 11:50:00+05:30
122.72,122.83,122.72,122.72,34.0,1766125500.0,2025-12-19 11:55:00+05:30
122.72,122.72,122.6,122.64,1025.0,1766125800.0,2025-12-19 12:00:00+05:30
122.64,122.88,122.64,122.88,425.0,1766126100.0,2025-12-19 12:05:00+05:30
122.65,122.79,122.65,122.79,213.0,1766126400.0,2025-12-19 12:10:00+05:30
122.71,122.78,122.65,122.66,134.0,1766126700.0,2025-12-19 12:15:00+05:30
122.53,122.66,122.45,122.51,2685.0,1766127000.0,2025-12-19 12:20:00+05:30
122.51,122.69,122.37,122.37,1103.0,1766127300.0,2025-12-19 12:25:00+05:30
122.6,122.6,122.17,122.17,5344.0,1766127600.0,2025-12-19 12:30:00+05:30
122.35,122.45,122.2,122.45,410.0,1766127900.0,2025-12-19 12:35:00+05:30
122.11,122.36,122.11,122.36,1709.0,1766128200.0,2025-12-19 12:40:00+05:30
122.43,122.54,122.43,122.54,92.0,1766128500.0,2025-12-19 12:45:00+05:30
122.54,122.54,122.1,122.1,2991.0,1766128800.0,2025-12-19 12:50:00+05:30
122.1,122.34,122.1,122.1,771.0,1766129100.0,2025-12-19 12:55:00+05:30
122.26,122.28,122.1,122.2,2258.0,1766129400.0,2025-12-19 13:00:00+05:30
122.16,122.28,122.16,122.28,261.0,1766129700.0,2025-12-19 13:05:00+05:30
122.3,122.3,122.29,122.3,61.0,1766130000.0,2025-12-19 13:10:00+05:30
122.3,122.3,122.2,122.2,1330.0,1766130300.0,2025-12-19 13:15:00+05:30
122.2,122.35,122.2,122.31,86.0,1766130600.0,2025-12-19 13:20:00+05:30
122.38,122.39,122.2,122.2,828.0,1766130900.0,2025-12-19 13:25:00+05:30
122.3,122.3,122.2,122.2,2168.0,1766131200.0,2025-12-19 13:30:00+05:30
122.3,122.3,122.2,122.3,703.0,1766131500.0,2025-12-19 13:35:00+05:30
122.3,122.39,122.3,122.32,749.0,1766131800.0,2025-12-19 13:40:00+05:30
122.39,122.45,122.39,122.45,320.0,1766132100.0,2025-12-19 13:45:00+05:30
122.45,122.45,122.45,122.45,41.0,1766132400.0,2025-12-19 13:50:00+05:30
122.53,122.53,122.45,122.5,503.0,1766132700.0,2025-12-19 13:55:00+05:30
122.51,122.64,122.51,122.64,465.0,1766133000.0,2025-12-19 14:00:00+05:30
122.68,122.7,122.57,122.59,929.0,1766133300.0,2025-12-19 14:05:00+05:30
122.59,122.68,122.53,122.53,651.0,1766133600.0,2025-12-19 14:10:00+05:30
122.53,122.53,122.4,122.53,1021.0,1766133900.0,2025-12-19 14:15:00+05:30
122.53,122.53,122.3,122.3,422.0,1766134200.0,2025-12-19 14:20:00+05:30
122.53,122.55,122.5,122.55,2167.0,1766134500.0,2025-12-19 14:25:00+05:30
122.55,122.61,122.45,122.52,354.0,1766134800.0,2025-12-19 14:30:00+05:30
122.52,122.69,122.41,122.67,211.0,1766135100.0,2025-12-19 14:35:00+05:30
122.7,122.7,122.67,122.68,1296.0,1766135400.0,2025-12-19 14:40:00+05:30
122.68,122.68,122.41,122.64,624.0,1766135700.0,2025-12-19 14:45:00+05:30
122.62,122.65,122.5,122.5,226.0,1766136000.0,2025-12-19 14:50:00+05:30
122.49,122.56,122.4,122.55,692.0,1766136300.0,2025-12-19 14:55:00+05:30
122.61,122.63,122.4,122.58,1795.0,1766136600.0,2025-12-19 15:00:00+05:30
122.58,122.84,122.58,122.73,1113.0,1766136900.0,2025-12-19 15:05:00+05:30
122.73,122.79,122.5,122.5,673.0,1766137200.0,2025-12-19 15:10:00+05:30
122.67,122.88,122.53,122.87,10451.0,1766137500.0,2025-12-19 15:15:00+05:30
122.88,122.98,122.4,122.8,6108.0,1766137800.0,2025-12-19 15:20:00+05:30
122.8,123.94,122.54,123.6,34336.0,1766138100.0,2025-12-19 15:25:00+05:30
123.0,124.31,123.0,124.15,12499.0,1766375100.0,2025-12-22 09:15:00+05:30
124.15,124.2,123.8,124.04,1942.0,1766375400.0,2025-12-22 09:20:00+05:30
124.04,124.04,123.68,123.85,2233.0,1766375700.0,2025-12-22 09:25:00+05:30
123.79,124.01,123.6,124.0,2896.0,1766376000.0,2025-12-22 09:30:00+05:30
124.1,124.16,123.94,124.15,3787.0,1766376300.0,2025-12-22 09:35:00+05:30
124.12,124.19,124.09,124.1,336.0,1766376600.0,2025-12-22 09:40:00+05:30
124.16,124.36,124.16,124.35,1065.0,1766376900.0,2025-12-22 09:45:00+05:30
124.34,124.35,124.02,124.18,3433.0,1766377200.0,2025-12-22 09:50:00+05:30
124.18,124.45,124.18,124.2,2473.0,1766377500.0,2025-12-22 09:55:00+05:30
124.22,124.38,124.05,124.18,1670.0,1766377800.0,2025-12-22 10:00:00+05:30
124.25,124.31,124.01,124.21,1027.0,1766378100.0,2025-12-22 10:05:00+05:30
124.21,124.21,124.0,124.05,874.0,1766378400.0,2025-12-22 10:10:00+05:30
124.0,124.19,123.9,124.17,1195.0,1766378700.0,2025-12-22 10:15:00+05:30
124.21,125.0,124.21,124.65,5144.0,1766379000.0,2025-12-22 10:20:00+05:30
124.75,124.75,124.55,124.57,809.0,1766379300.0,2025-12-22 10:25:00+05:30
124.57,124.59,124.26,124.26,627.0,1766379600.0,2025-12-22 10:30:00+05:30
124.26,124.47,124.26,124.42,564.0,1766379900.0,2025-12-22 10:35:00+05:30
124.42,124.48,124.22,124.23,576.0,1766380200.0,2025-12-22 10:40:00+05:30
124.17,124.4,124.11,124.11,1557.0,1766380500.0,2025-12-22 10:45:00+05:30
124.11,124.4,124.11,124.3,1345.0,1766380800.0,2025-12-22 10:50:00+05:30
124.09,124.58,124.09,124.3,3223.0,1766381100.0,2025-12-22 10:55:00+05:30
124.41,124.41,124.06,124.06,344.0,1766381400.0,2025-12-22 11:00:00+05:30
124.23,124.4,124.14,124.14,571.0,1766381700.0,2025-12-22 11:05:00+05:30
124.14,124.45,124.14,124.45,1247.0,1766382000.0,2025-12-22 11:10:00+05:30
124.45,124.45,124.44,124.45,174.0,1766382300.0,2025-12-22 11:15:00+05:30
124.45,124.55,124.4,124.41,3054.0,1766382600.0,2025-12-22 11:20:00+05:30
124.41,124.55,124.41,124.41,472.0,1766382900.0,2025-12-22 11:25:00+05:30
124.41,124.55,124.35,124.35,2300.0,1766383200.0,2025-12-22 11:30:00+05:30
124.35,124.48,124.35,124.47,8.0,1766383500.0,2025-12-22 11:35:00+05:30
124.32,124.56,124.32,124.34,1455.0,1766383800.0,2025-12-22 11:40:00+05:30
124.35,124.45,124.35,124.45,207.0,1766384100.0,2025-12-22 11:45:00+05:30
124.54,124.56,124.45,124.5,72.0,1766384400.0,2025-12-22 11:50:00+05:30
124.5,124.5,124.12,124.15,4057.0,1766384700.0,2025-12-22 11:55:00+05:30
124.15,124.39,124.15,124.39,40.0,1766385000.0,2025-12-22 12:00:00+05:30
124.39,124.4,124.39,124.4,50.0,1766385300.0,2025-12-22 12:05:00+05:30
124.38,124.38,124.34,124.35,85.0,1766385600.0,2025-12-22 12:10:00+05:30
124.35,124.35,124.21,124.33,110.0,1766385900.0,2025-12-22 12:15:00+05:30
124.33,124.41,124.16,124.29,1668.0,1766386200.0,2025-12-22 12:20:00+05:30
124.29,124.29,124.16,124.29,5.0,1766386500.0,2025-12-22 12:25:00+05:30
124.27,124.59,124.27,124.38,12359.0,1766386800.0,2025-12-22 12:30:00+05:30
124.58,124.58,124.26,124.32,11171.0,1766387100.0,2025-12-22 12:35:00+05:30
124.58,124.58,124.35,124.35,4255.0,1766387400.0,2025-12-22 12:40:00+05:30
124.33,124.41,124.26,124.26,270.0,1766387700.0,2025-12-22 12:45:00+05:30
124.26,124.37,124.17,124.37,1327.0,1766388000.0,2025-12-22 12:50:00+05:30
124.22,124.36,124.2,124.33,124.0,1766388300.0,2025-12-22 12:55:00+05:30
124.15,124.3,123.5,123.5,11787.0,1766388600.0,2025-12-22 13:00:00+05:30
123.41,123.62,123.11,123.11,3692.0,1766388900.0,2025-12-22 13:05:00+05:30
123.28,123.38,123.25,123.35,582.0,1766389200.0,2025-12-22 13:10:00+05:30
123.26,123.5,123.26,123.36,1549.0,1766389500.0,2025-12-22 13:15:00+05:30
123.11,123.28,122.7,122.7,7228.0,1766389800.0,2025-12-22 13:20:00+05:30
122.7,122.95,122.64,122.7,4276.0,1766390100.0,2025-12-22 13:25:00+05:30
122.88,122.91,122.74,122.84,681.0,1766390400.0,2025-12-22 13:30:00+05:30
122.84,122.97,122.84,122.93,2642.0,1766390700.0,2025-12-22 13:35:00+05:30
122.94,123.0,122.94,122.99,2588.0,1766391000.0,2025-12-22 13:40:00+05:30
122.98,123.0,122.91,123.0,451.0,1766391300.0,2025-12-22 13:45:00+05:30
122.99,123.0,122.69,122.87,1865.0,1766391600.0,2025-12-22 13:50:00+05:30
122.89,122.97,122.88,122.88,428.0,1766391900.0,2025-12-22 13:55:00+05:30
122.97,123.0,122.97,122.97,642.0,1766392200.0,2025-12-22 14:00:00+05:30
123.0,123.0,123.0,123.0,471.0,1766392500.0,2025-12-22 14:05:00+05:30
123.0,123.0,122.81,122.81,3027.0,1766392800.0,2025-12-22 14:10:00+05:30
122.8,122.99,122.8,122.94,766.0,1766393100.0,2025-12-22 14:15:00+05:30
122.94,123.0,122.94,123.0,2476.0,1766393400.0,2025-12-22 14:20:00+05:30
123.0,123.6,123.0,123.6,7831.0,1766393700.0,2025-12-22 14:25:00+05:30
123.72,123.91,123.6,123.91,1686.0,1766394000.0,2025-12-22 14:30:00+05:30
123.7,123.7,123.61,123.61,303.0,1766394300.0,2025-12-22 14:35:00+05:30
123.6,123.6,123.42,123.5,1268.0,1766394600.0,2025-12-22 14:40:00+05:30
123.55,123.63,123.45,123.48,1153.0,1766394900.0,2025-12-22 14:45:00+05:30
123.48,123.76,123.48,123.76,1282.0,1766395200.0,2025-12-22 14:50:00+05:30
123.76,124.26,123.76,123.78,9035.0,1766395500.0,2025-12-22 14:55:00+05:30
123.98,124.13,123.8,123.98,196.0,1766395800.0,2025-12-22 15:00:00+05:30
123.97,124.02,123.89,123.9,309.0,1766396100.0,2025-12-22 15:05:00+05:30
123.95,124.22,123.9,124.2,5716.0,1766396400.0,2025-12-22 15:10:00+05:30
124.2,124.2,123.98,124.04,8215.0,1766396700.0,2025-12-22 15:15:00+05:30
124.04,124.35,123.9,123.96,8061.0,1766397000.0,2025-12-22 15:20:00+05:30
124.08,124.16,123.5,123.85,3755.0,1766397300.0,2025-12-22 15:25:00+05:30
124.06,124.61,123.72,123.75,6864.0,1766461500.0,2025-12-23 09:15:00+05:30
123.75,124.06,123.75,123.9,911.0,1766461800.0,2025-12-23 09:20:00+05:30
124.02,124.29,123.82,124.1,2240.0,1766462100.0,2025-12-23 09:25:00+05:30
124.1,124.12,123.51,123.75,4976.0,1766462400.0,2025-12-23 09:30:00+05:30
123.55,123.94,123.55,123.75,872.0,1766462700.0,2025-12-23 09:35:00+05:30
123.95,123.95,123.76,123.93,171.0,1766463000.0,2025-12-23 09:40:00+05:30
123.76,123.96,123.76,123.78,732.0,1766463300.0,2025-12-23 09:45:00+05:30
123.78,123.95,123.75,123.8,1448.0,1766463600.0,2025-12-23 09:50:00+05:30
123.8,124.5,123.8,124.5,3800.0,1766463900.0,2025-12-23 09:55:00+05:30
124.52,124.81,124.5,124.54,3069.0,1766464200.0,2025-12-23 10:00:00+05:30
124.72,124.73,124.5,124.68,1412.0,1766464500.0,2025-12-23 10:05:00+05:30
124.8,124.87,124.75,124.87,2313.0,1766464800.0,2025-12-23 10:10:00+05:30
124.87,124.9,124.53,124.79,8732.0,1766465100.0,2025-12-23 10:15:00+05:30
124.5,124.68,124.42,124.42,1847.0,1766465400.0,2025-12-23 10:20:00+05:30
124.42,124.56,124.42,124.42,362.0,1766465700.0,2025-12-23 10:25:00+05:30
124.42,124.6,124.42,124.59,280.0,1766466000.0,2025-12-23 10:30:00+05:30
124.59,124.68,124.59,124.59,93.0,1766466300.0,2025-12-23 10:35:00+05:30
124.67,124.67,124.52,124.52,1294.0,1766466600.0,2025-12-23 10:40:00+05:30
124.5,124.5,124.21,124.33,831.0,1766466900.0,2025-12-23 10:45:00+05:30
124.33,124.33,124.12,124.19,298.0,1766467200.0,2025-12-23 10:50:00+05:30
124.19,124.19,123.76,123.91,9408.0,1766467500.0,2025-12-23 10:55:00+05:30
123.91,123.99,123.8,123.8,677.0,1766467800.0,2025-12-23 11:00:00+05:30
123.8,123.87,123.77,123.87,3277.0,1766468100.0,2025-12-23 11:05:00+05:30
123.98,124.0,123.98,124.0,274.0,1766468400.0,2025-12-23 11:10:00+05:30
123.98,124.07,123.98,124.05,100.0,1766468700.0,2025-12-23 11:15:00+05:30
124.05,124.15,123.98,124.15,157.0,1766469000.0,2025-12-23 11:20:00+05:30
124.15,124.15,124.08,124.08,161.0,1766469300.0,2025-12-23 11:25:00+05:30
124.08,124.1,124.05,124.05,331.0,1766469600.0,2025-12-23 11:30:00+05:30
123.75,123.86,123.75,123.86,5813.0,1766469900.0,2025-12-23 11:35:00+05:30
123.85,123.85,123.75,123.84,70.0,1766470200.0,2025-12-23 11:40:00+05:30
123.84,123.93,123.76,123.82,495.0,1766470500.0,2025-12-23 11:45:00+05:30
123.86,123.87,123.65,123.86,785.0,1766470800.0,2025-12-23 11:50:00+05:30
123.86,123.96,123.7,123.84,638.0,1766471100.0,2025-12-23 11:55:00+05:30
123.84,123.9,123.7,123.86,370.0,1766471400.0,2025-12-23 12:00:00+05:30
123.91,123.96,123.81,123.81,1313.0,1766471700.0,2025-12-23 12:05:00+05:30
123.86,123.86,123.71,123.84,105.0,1766472000.0,2025-12-23 12:10:00+05:30
123.71,123.84,123.71,123.82,249.0,1766472300.0,2025-12-23 12:15:00+05:30
123.72,123.91,123.72,123.9,1376.0,1766472600.0,2025-12-23 12:20:00+05:30
123.89,123.94,123.72,123.94,1584.0,1766472900.0,2025-12-23 12:25:00+05:30
123.94,123.94,123.59,123.59,4671.0,1766473200.0,2025-12-23 12:30:00+05:30
123.73,123.73,123.5,123.67,830.0,1766473500.0,2025-12-23 12:35:00+05:30
123.67,123.67,123.5,123.5,191.0,1766473800.0,2025-12-23 12:40:00+05:30
123.59,123.61,123.5,123.61,407.0,1766474100.0,2025-12-23 12:45:00+05:30
123.61,123.63,123.59,123.59,349.0,1766474400.0,2025-12-23 12:50:00+05:30
123.59,123.63,123.5,123.57,2094.0,1766474700.0,2025-12-23 12:55:00+05:30
123.57,123.76,123.57,123.76,141.0,1766475000.0,2025-12-23 13:00:00+05:30
123.76,123.85,123.69,123.85,1384.0,1766475300.0,2025-12-23 13:05:00+05:30
123.85,124.0,123.69,123.99,943.0,1766475600.0,2025-12-23 13:10:00+05:30
123.99,124.02,123.99,124.02,1224.0,1766475900.0,2025-12-23 13:15:00+05:30
124.01,124.04,124.01,124.04,704.0,1766476200.0,2025-12-23 13:20:00+05:30
124.07,124.07,123.99,123.99,459.0,1766476500.0,2025-12-23 13:25:00+05:30
123.72,123.8,123.72,123.8,1687.0,1766476800.0,2025-12-23 13:30:00+05:30
123.67,123.85,123.51,123.85,828.0,1766477100.0,2025-12-23 13:35:00+05:30
123.84,123.85,123.62,123.74,127.0,1766477400.0,2025-12-23 13:40:00+05:30
123.7,123.74,123.61,123.68,136.0,1766477700.0,2025-12-23 13:45:00+05:30
123.68,123.76,123.68,123.75,318.0,1766478000.0,2025-12-23 13:50:00+05:30
123.75,123.85,123.6,123.73,973.0,1766478300.0,2025-12-23 13:55:00+05:30
123.74,123.74,123.72,123.73,45.0,1766478600.0,2025-12-23 14:00:00+05:30
123.61,123.89,123.61,123.89,362.0,1766478900.0,2025-12-23 14:05:00+05:30
123.89,123.98,123.75,123.89,734.0,1766479200.0,2025-12-23 14:10:00+05:30
123.9,123.9,123.9,123.9,108.0,1766479500.0,2025-12-23 14:15:00+05:30
123.77,123.77,123.43,123.66,4659.0,1766479800.0,2025-12-23 14:20:00+05:30
123.66,123.7,123.53,123.53,323.0,1766480100.0,2025-12-23 14:25:00+05:30
123.53,123.85,123.53,123.61,1556.0,1766480400.0,2025-12-23 14:30:00+05:30
123.7,123.74,123.7,123.7,138.0,1766480700.0,2025-12-23 14:35:00+05:30
123.7,123.7,123.53,123.6,2317.0,1766481000.0,2025-12-23 14:40:00+05:30
123.68,123.68,123.51,123.57,1666.0,1766481300.0,2025-12-23 14:45:00+05:30
123.57,123.59,123.57,123.57,188.0,1766481600.0,2025-12-23 14:50:00+05:30
123.57,123.57,123.28,123.47,3382.0,1766481900.0,2025-12-23 14:55:00+05:30
123.51,123.7,123.51,123.68,1795.0,1766482200.0,2025-12-23 15:00:00+05:30
123.68,123.93,123.64,123.74,4481.0,1766482500.0,2025-12-23 15:05:00+05:30
123.73,124.5,123.73,124.13,23757.0,1766482800.0,2025-12-23 15:10:00+05:30
124.18,124.18,124.0,124.06,1057.0,1766483100.0,2025-12-23 15:15:00+05:30
124.07,124.17,124.07,124.15,2823.0,1766483400.0,2025-12-23 15:20:00+05:30
124.11,124.95,124.0,124.6,9156.0,1766483700.0,2025-12-23 15:25:00+05:30
124.34,124.79,124.31,124.71,1461.0,1766547900.0,2025-12-24 09:15:00+05:30
124.71,125.95,124.71,125.6,14039.0,1766548200.0,2025-12-24 09:20:00+05:30
125.6,127.29,125.6,127.08,18064.0,1766548500.0,2025-12-24 09:25:00+05:30
127.05,127.05,126.05,126.1,8849.0,1766548800.0,2025-12-24 09:30:00+05:30
126.11,126.11,125.57,125.69,4915.0,1766549100.0,2025-12-24 09:35:00+05:30
125.72,125.74,125.41,125.48,6559.0,1766549400.0,2025-12-24 09:40:00+05:30
125.48,125.98,125.4,125.89,7327.0,1766549700.0,2025-12-24 09:45:00+05:30
125.89,125.9,125.76,125.9,371.0,1766550000.0,2025-12-24 09:50:00+05:30
125.9,125.9,125.76,125.88,316.0,1766550300.0,2025-12-24 09:55:00+05:30
125.75,125.75,125.29,125.29,6551.0,1766550600.0,2025-12-24 10:00:00+05:30
125.25,125.25,125.22,125.23,349.0,1766550900.0,2025-12-24 10:05:00+05:30
125.05,125.62,125.02,125.32,6625.0,1766551200.0,2025-12-24 10:10:00+05:30
125.32,125.53,125.23,125.23,237.0,1766551500.0,2025-12-24 10:15:00+05:30
125.23,125.39,125.2,125.2,259.0,1766551800.0,2025-12-24 10:20:00+05:30
125.06,125.13,125.0,125.01,3774.0,1766552100.0,2025-12-24 10:25:00+05:30
125.14,125.14,125.0,125.0,145.0,1766552400.0,2025-12-24 10:30:00+05:30
125.12,125.12,124.81,124.81,2356.0,1766552700.0,2025-12-24 10:35:00+05:30
124.84,124.85,124.84,124.85,11.0,1766553000.0,2025-12-24 10:40:00+05:30
124.81,124.81,124.43,124.63,5009.0,1766553300.0,2025-12-24 10:45:00+05:30
124.63,124.64,124.32,124.32,2277.0,1766553600.0,2025-12-24 10:50:00+05:30
124.53,124.61,124.42,124.59,206.0,1766553900.0,2025-12-24 10:55:00+05:30
124.49,124.77,124.49,124.73,1411.0,1766554200.0,2025-12-24 11:00:00+05:30
124.72,124.78,124.62,124.77,244.0,1766554500.0,2025-12-24 11:05:00+05:30
124.77,124.77,124.6,124.6,336.0,1766554800.0,2025-12-24 11:10:00+05:30
124.81,125.0,124.6,124.6,6185.0,1766555100.0,2025-12-24 11:15:00+05:30
124.61,124.61,124.51,124.6,946.0,1766555400.0,2025-12-24 11:20:00+05:30
124.6,124.6,124.4,124.4,5132.0,1766555700.0,2025-12-24 11:25:00+05:30
124.48,124.67,124.32,124.32,2659.0,1766556000.0,2025-12-24 11:30:00+05:30
124.32,124.38,124.32,124.32,1286.0,1766556300.0,2025-12-24 11:35:00+05:30
124.32,124.59,123.82,123.83,7179.0,1766556600.0,2025-12-24 11:40:00+05:30
123.96,123.96,123.53,123.68,3994.0,1766556900.0,2025-12-24 11:45:00+05:30
123.86,123.95,123.66,123.94,1408.0,1766557200.0,2025-12-24 11:50:00+05:30
123.99,123.99,123.73,123.88,1005.0,1766557500.0,2025-12-24 11:55:00+05:30
123.89,123.97,123.8,123.91,358.0,1766557800.0,2025-12-24 12:00:00+05:30
123.99,123.99,123.84,123.98,90.0,1766558100.0,2025-12-24 12:05:00+05:30
123.98,123.98,123.95,123.98,612.0,1766558400.0,2025-12-24 12:10:00+05:30
123.98,124.0,123.95,124.0,375.0,1766558700.0,2025-12-24 12:15:00+05:30
124.0,124.0,124.0,124.0,274.0,1766559000.0,2025-12-24 12:20:00+05:30
124.0,124.0,123.9,123.9,2531.0,1766559300.0,2025-12-24 12:25:00+05:30
123.99,123.99,123.99,123.99,96.0,1766559600.0,2025-12-24 12:30:00+05:30
123.99,124.0,123.99,124.0,103.0,1766559900.0,2025-12-24 12:35:00+05:30
124.0,124.0,124.0,124.0,36.0,1766560200.0,2025-12-24 12:40:00+05:30
124.0,124.0,124.0,124.0,671.0,1766560500.0,2025-12-24 12:45:00+05:30
123.9,124.0,123.9,123.98,2127.0,1766560800.0,2025-12-24 12:50:00+05:30
124.0,124.0,124.0,124.0,13.0,1766561100.0,2025-12-24 12:55:00+05:30
124.0,124.0,124.0,124.0,267.0,1766561400.0,2025-12-24 13:00:00+05:30
123.85,123.85,123.85,123.85,272.0,1766561700.0,2025-12-24 13:05:00+05:30
123.96,123.97,123.66,123.96,2156.0,1766562000.0,2025-12-24 13:10:00+05:30
123.96,123.99,123.8,123.99,3092.0,1766562300.0,2025-12-24 13:15:00+05:30
123.81,123.82,123.81,123.82,158.0,1766562600.0,2025-12-24 13:20:00+05:30
123.9,123.99,123.9,123.9,243.0,1766562900.0,2025-12-24 13:25:00+05:30
123.9,123.98,123.84,123.84,428.0,1766563200.0,2025-12-24 13:30:00+05:30
123.81,124.17,123.81,124.17,2279.0,1766563500.0,2025-12-24 13:35:00+05:30
124.17,124.19,124.1,124.1,38.0,1766563800.0,2025-12-24 13:40:00+05:30
124.19,124.19,124.05,124.05,194.0,1766564100.0,2025-12-24 13:45:00+05:30
124.2,124.25,124.0,124.1,1541.0,1766564400.0,2025-12-24 13:50:00+05:30
124.09,124.1,123.93,124.04,187.0,1766564700.0,2025-12-24 13:55:00+05:30
124.04,124.04,123.9,123.92,407.0,1766565000.0,2025-12-24 14:00:00+05:30
124.07,124.1,123.96,124.09,311.0,1766565300.0,2025-12-24 14:05:00+05:30
124.09,124.09,123.73,123.73,1955.0,1766565600.0,2025-12-24 14:10:00+05:30
123.73,124.0,123.73,124.0,11.0,1766565900.0,2025-12-24 14:15:00+05:30
124.0,124.0,123.81,123.98,43.0,1766566200.0,2025-12-24 14:20:00+05:30
123.81,124.08,123.81,124.08,159.0,1766566500.0,2025-12-24 14:25:00+05:30
124.08,124.09,124.08,124.09,5.0,1766566800.0,2025-12-24 14:30:00+05:30
124.08,124.1,124.08,124.1,43.0,1766567100.0,2025-12-24 14:35:00+05:30
124.1,124.1,123.92,123.92,241.0,1766567400.0,2025-12-24 14:40:00+05:30
123.92,124.1,123.92,123.93,895.0,1766567700.0,2025-12-24 14:45:00+05:30
124.09,124.09,124.07,124.09,182.0,1766568000.0,2025-12-24 14:50:00+05:30
124.17,124.17,124.09,124.1,523.0,1766568300.0,2025-12-24 14:55:00+05:30
124.09,124.1,124.0,124.05,1030.0,1766568600.0,2025-12-24 15:00:00+05:30
124.1,124.25,124.01,124.1,2841.0,1766568900.0,2025-12-24 15:05:00+05:30
124.02,124.1,123.82,123.82,918.0,1766569200.0,2025-12-24 15:10:00+05:30
123.93,124.05,123.56,124.03,4796.0,1766569500.0,2025-12-24 15:15:00+05:30
124.05,124.1,123.91,123.93,2496.0,1766569800.0,2025-12-24 15:20:00+05:30
123.93,124.16,123.89,124.16,7426.0,1766570100.0,2025-12-24 15:25:00+05:30
125.19,125.28,124.0,124.52,5687.0,1766720700.0,2025-12-26 09:15:00+05:30
124.5,124.7,124.5,124.66,1820.0,1766721000.0,2025-12-26 09:20:00+05:30
124.66,124.81,124.48,124.48,5138.0,1766721300.0,2025-12-26 09:25:00+05:30
124.48,124.73,124.35,124.49,1150.0,1766721600.0,2025-12-26 09:30:00+05:30
124.35,124.35,124.05,124.19,576.0,1766721900.0,2025-12-26 09:35:00+05:30
124.08,124.15,124.0,124.11,694.0,1766722200.0,2025-12-26 09:40:00+05:30
124.0,124.34,123.96,124.31,2510.0,1766722500.0,2025-12-26 09:45:00+05:30
124.35,124.35,123.96,124.2,813.0,1766722800.0,2025-12-26 09:50:00+05:30
124.1,124.24,124.1,124.11,299.0,1766723100.0,2025-12-26 09:55:00+05:30
124.27,124.28,123.48,123.77,5264.0,1766723400.0,2025-12-26 10:00:00+05:30
123.77,123.84,123.32,123.68,4385.0,1766723700.0,2025-12-26 10:05:00+05:30
123.46,123.69,123.32,123.69,1498.0,1766724000.0,2025-12-26 10:10:00+05:30
123.69,123.8,123.64,123.8,551.0,1766724300.0,2025-12-26 10:15:00+05:30
123.78,123.78,123.51,123.77,3530.0,1766724600.0,2025-12-26 10:20:00+05:30
123.77,123.82,123.52,123.82,495.0,1766724900.0,2025-12-26 10:25:00+05:30
123.82,123.82,123.53,123.53,2212.0,1766725200.0,2025-12-26 10:30:00+05:30
123.58,123.7,123.53,123.57,376.0,1766725500.0,2025-12-26 10:35:00+05:30
123.74,123.76,123.68,123.68,137.0,1766725800.0,2025-12-26 10:40:00+05:30
123.68,123.8,123.65,123.65,100.0,1766726100.0,2025-12-26 10:45:00+05:30
123.65,123.77,123.6,123.72,1286.0,1766726400.0,2025-12-26 10:50:00+05:30
123.75,123.75,123.6,123.6,1117.0,1766726700.0,2025-12-26 10:55:00+05:30
123.68,123.74,123.61,123.74,415.0,1766727000.0,2025-12-26 11:00:00+05:30
123.73,123.74,123.61,123.74,212.0,1766727300.0,2025-12-26 11:05:00+05:30
123.61,123.61,123.53,123.56,5258.0,1766727600.0,2025-12-26 11:10:00+05:30
123.56,123.68,123.53,123.67,1213.0,1766727900.0,2025-12-26 11:15:00+05:30
123.67,123.67,123.53,123.54,380.0,1766728200.0,2025-12-26 11:20:00+05:30
123.54,123.54,123.53,123.53,1287.0,1766728500.0,2025-12-26 11:25:00+05:30
123.53,123.63,123.53,123.53,871.0,1766728800.0,2025-12-26 11:30:00+05:30
123.65,123.74,123.55,123.56,2268.0,1766729100.0,2025-12-26 11:35:00+05:30
123.71,123.79,123.62,123.69,539.0,1766729400.0,2025-12-26 11:40:00+05:30
123.69,123.72,123.69,123.72,246.0,1766729700.0,2025-12-26 11:45:00+05:30
123.71,123.74,123.58,123.7,291.0,1766730000.0,2025-12-26 11:50:00+05:30
123.58,123.68,123.55,123.57,898.0,1766730300.0,2025-12-26 11:55:00+05:30
123.74,123.74,123.58,123.58,120.0,1766730600.0,2025-12-26 12:00:00+05:30
123.58,123.7,123.58,123.7,193.0,1766730900.0,2025-12-26 12:05:00+05:30
123.7,123.7,123.55,123.55,651.0,1766731200.0,2025-12-26 12:10:00+05:30
123.55,123.63,123.4,123.4,4671.0,1766731500.0,2025-12-26 12:15:00+05:30
123.41,123.62,123.4,123.62,552.0,1766731800.0,2025-12-26 12:20:00+05:30
123.62,123.64,123.55,123.64,133.0,1766732100.0,2025-12-26 12:25:00+05:30
123.63,123.65,123.48,123.65,383.0,1766732400.0,2025-12-26 12:30:00+05:30
123.65,123.67,123.62,123.67,1408.0,1766732700.0,2025-12-26 12:35:00+05:30
123.64,123.75,123.64,123.64,1570.0,1766733000.0,2025-12-26 12:40:00+05:30
123.64,123.75,123.48,123.68,2642.0,1766733300.0,2025-12-26 12:45:00+05:30
123.68,123.72,123.68,123.72,63.0,1766733600.0,2025-12-26 12:50:00+05:30
123.71,123.71,123.69,123.69,111.0,1766733900.0,2025-12-26 12:55:00+05:30
123.69,123.69,123.5,123.59,404.0,1766734200.0,2025-12-26 13:00:00+05:30
123.59,123.63,123.51,123.63,21.0,1766734500.0,2025-12-26 13:05:00+05:30
123.52,123.57,123.4,123.41,1571.0,1766734800.0,2025-12-26 13:10:00+05:30
123.41,123.54,123.4,123.5,398.0,1766735100.0,2025-12-26 13:15:00+05:30
123.5,123.6,123.38,123.6,2927.0,1766735400.0,2025-12-26 13:20:00+05:30
123.6,123.6,123.5,123.5,3373.0,1766735700.0,2025-12-26 13:25:00+05:30
123.5,123.63,123.5,123.63,63.0,1766736000.0,2025-12-26 13:30:00+05:30
123.52,123.7,123.5,123.5,2022.0,1766736300.0,2025-12-26 13:35:00+05:30
123.5,123.63,123.5,123.63,80.0,1766736600.0,2025-12-26 13:40:00+05:30
123.62,123.62,123.55,123.62,57.0,1766736900.0,2025-12-26 13:45:00+05:30
123.62,123.62,123.6,123.6,3.0,1766737200.0,2025-12-26 13:50:00+05:30
123.6,123.63,123.5,123.55,1511.0,1766737500.0,2025-12-26 13:55:00+05:30
123.62,123.63,123.5,123.63,1012.0,1766737800.0,2025-12-26 14:00:00+05:30
123.63,123.63,123.43,123.59,168.0,1766738100.0,2025-12-26 14:05:00+05:30
123.59,123.59,123.38,123.49,1324.0,1766738400.0,2025-12-26 14:10:00+05:30
123.49,123.49,123.32,123.32,135.0,1766738700.0,2025-12-26 14:15:00+05:30
123.32,123.84,123.32,123.55,6585.0,1766739000.0,2025-12-26 14:20:00+05:30
123.71,123.71,123.32,123.32,3466.0,1766739300.0,2025-12-26 14:25:00+05:30
123.32,123.49,123.32,123.49,802.0,1766739600.0,2025-12-26 14:30:00+05:30
123.41,123.65,123.41,123.65,171.0,1766739900.0,2025-12-26 14:35:00+05:30
123.65,123.65,123.44,123.63,310.0,1766740200.0,2025-12-26 14:40:00+05:30
123.63,123.63,123.41,123.59,478.0,1766740500.0,2025-12-26 14:45:00+05:30
123.46,123.62,123.3,123.3,3894.0,1766740800.0,2025-12-26 14:50:00+05:30
123.49,123.59,123.41,123.5,792.0,1766741100.0,2025-12-26 14:55:00+05:30
123.5,123.6,123.21,123.45,1559.0,1766741400.0,2025-12-26 15:00:00+05:30
123.49,123.58,123.3,123.46,3442.0,1766741700.0,2025-12-26 15:05:00+05:30
123.47,123.47,123.15,123.4,898.0,1766742000.0,2025-12-26 15:10:00+05:30
123.0,123.34,122.88,123.25,11403.0,1766742300.0,2025-12-26 15:15:00+05:30
123.25,123.29,122.72,123.25,3175.0,1766742600.0,2025-12-26 15:20:00+05:30
123.26,123.5,123.02,123.49,4883.0,1766742900.0,2025-12-26 15:25:00+05:30
123.18,124.15,122.78,123.02,5099.0,1766979900.0,2025-12-29 09:15:00+05:30
122.91,122.91,122.52,122.67,2206.0,1766980200.0,2025-12-29 09:20:00+05:30
122.51,122.9,122.51,122.63,5679.0,1766980500.0,2025-12-29 09:25:00+05:30
122.75,123.15,122.5,122.71,3402.0,1766980800.0,2025-12-29 09:30:00+05:30
122.9,122.99,122.65,122.65,3138.0,1766981100.0,2025-12-29 09:35:00+05:30
122.8,122.8,122.14,122.38,6244.0,1766981400.0,2025-12-29 09:40:00+05:30
122.4,122.52,122.07,122.49,4641.0,1766981700.0,2025-12-29 09:45:00+05:30
122.4,122.6,122.15,122.39,3514.0,1766982000.0,2025-12-29 09:50:00+05:30
122.38,122.44,122.3,122.42,1174.0,1766982300.0,2025-12-29 09:55:00+05:30
122.42,122.45,122.06,122.22,3116.0,1766982600.0,2025-12-29 10:00:00+05:30
122.23,122.23,122.0,122.0,1129.0,1766982900.0,2025-12-29 10:05:00+05:30
122.1,122.1,122.0,122.0,4930.0,1766983200.0,2025-12-29 10:10:00+05:30
122.09,122.29,122.01,122.15,1814.0,1766983500.0,2025-12-29 10:15:00+05:30
122.28,122.28,122.16,122.16,368.0,1766983800.0,2025-12-29 10:20:00+05:30
122.15,122.15,121.33,121.56,11701.0,1766984100.0,2025-12-29 10:25:00+05:30
121.6,121.75,121.3,121.61,6457.0,1766984400.0,2025-12-29 10:30:00+05:30
121.68,121.76,121.26,121.75,2202.0,1766984700.0,2025-12-29 10:35:00+05:30
121.76,121.95,121.76,121.95,3863.0,1766985000.0,2025-12-29 10:40:00+05:30
121.95,121.95,121.8,121.9,457.0,1766985300.0,2025-12-29 10:45:00+05:30
121.9,121.97,121.9,121.97,665.0,1766985600.0,2025-12-29 10:50:00+05:30
121.97,122.21,121.97,122.21,748.0,1766985900.0,2025-12-29 10:55:00+05:30
122.21,122.24,122.0,122.0,410.0,1766986200.0,2025-12-29 11:00:00+05:30
122.1,122.1,121.85,121.85,462.0,1766986500.0,2025-12-29 11:05:00+05:30
121.9,121.9,121.8,121.8,1293.0,1766986800.0,2025-12-29 11:10:00+05:30
121.8,121.85,121.8,121.85,119.0,1766987100.0,2025-12-29 11:15:00+05:30
121.85,121.9,121.8,121.8,3034.0,1766987400.0,2025-12-29 11:20:00+05:30
121.8,121.85,121.8,121.8,2538.0,1766987700.0,2025-12-29 11:25:00+05:30
121.79,121.8,121.51,121.62,4146.0,1766988000.0,2025-12-29 11:30:00+05:30
121.69,121.75,121.63,121.63,757.0,1766988300.0,2025-12-29 11:35:00+05:30
121.51,121.75,121.51,121.71,612.0,1766988600.0,2025-12-29 11:40:00+05:30
121.71,121.75,121.56,121.75,409.0,1766988900.0,2025-12-29 11:45:00+05:30
121.76,121.86,121.74,121.8,148.0,1766989200.0,2025-12-29 11:50:00+05:30
121.8,121.8,121.63,121.77,405.0,1766989500.0,2025-12-29 11:55:00+05:30
121.75,121.75,121.59,121.7,179.0,1766989800.0,2025-12-29 12:00:00+05:30
121.65,121.8,121.65,121.8,1325.0,1766990100.0,2025-12-29 12:05:00+05:30
121.8,121.9,121.8,121.81,97.0,1766990400.0,2025-12-29 12:10:00+05:30
121.81,121.9,121.8,121.85,258.0,1766990700.0,2025-12-29 12:15:00+05:30
121.9,121.9,121.81,121.89,864.0,1766991000.0,2025-12-29 12:20:00+05:30
121.89,121.89,121.7,121.75,1115.0,1766991300.0,2025-12-29 12:25:00+05:30
121.74,121.81,121.64,121.64,537.0,1766991600.0,2025-12-29 12:30:00+05:30
121.84,121.94,121.73,121.94,1628.0,1766991900.0,2025-12-29 12:35:00+05:30
121.72,121.9,121.72,121.9,923.0,1766992200.0,2025-12-29 12:40:00+05:30
121.82,121.84,121.7,121.84,151.0,1766992500.0,2025-12-29 12:45:00+05:30
121.8,121.8,121.79,121.8,447.0,1766992800.0,2025-12-29 12:50:00+05:30
121.8,122.05,121.8,121.91,672.0,1766993100.0,2025-12-29 12:55:00+05:30
121.91,122.06,121.88,121.9,469.0,1766993400.0,2025-12-29 13:00:00+05:30
121.9,121.9,121.71,121.85,116.0,1766993700.0,2025-12-29 13:05:00+05:30
121.85,121.85,121.84,121.85,20.0,1766994000.0,2025-12-29 13:10:00+05:30
121.85,121.85,121.65,121.65,270.0,1766994300.0,2025-12-29 13:15:00+05:30
121.65,121.81,121.63,121.7,331.0,1766994600.0,2025-12-29 13:20:00+05:30
121.61,121.61,121.6,121.6,502.0,1766994900.0,2025-12-29 13:25:00+05:30
121.6,121.74,121.6,121.65,108.0,1766995200.0,2025-12-29 13:30:00+05:30
121.65,121.66,121.6,121.64,910.0,1766995500.0,2025-12-29 13:35:00+05:30
121.62,121.8,121.62,121.7,181.0,1766995800.0,2025-12-29 13:40:00+05:30
121.8,121.9,121.78,121.9,486.0,1766996100.0,2025-12-29 13:45:00+05:30
121.9,122.0,121.9,122.0,935.0,1766996400.0,2025-12-29 13:50:00+05:30
121.9,122.05,121.83,121.97,1436.0,1766996700.0,2025-12-29 13:55:00+05:30
121.96,121.99,121.77,121.96,1264.0,1766997000.0,2025-12-29 14:00:00+05:30
121.96,122.13,121.96,122.13,1586.0,1766997300.0,2025-12-29 14:05:00+05:30
121.93,122.09,121.9,122.04,363.0,1766997600.0,2025-12-29 14:10:00+05:30
122.04,122.04,121.85,122.04,342.0,1766997900.0,2025-12-29 14:15:00+05:30
122.04,122.2,122.04,122.05,61.0,1766998200.0,2025-12-29 14:20:00+05:30
122.21,122.3,121.96,121.96,4362.0,1766998500.0,2025-12-29 14:25:00+05:30
122.04,122.12,122.04,122.12,67.0,1766998800.0,2025-12-29 14:30:00+05:30
122.12,122.12,121.61,121.82,3875.0,1766999100.0,2025-12-29 14:35:00+05:30
121.6,121.87,121.6,121.85,927.0,1766999400.0,2025-12-29 14:40:00+05:30
121.97,122.0,121.97,122.0,97.0,1766999700.0,2025-12-29 14:45:00+05:30
122.0,122.04,121.85,122.04,1222.0,1767000000.0,2025-12-29 14:50:00+05:30
122.0,122.02,121.96,122.0,437.0,1767000300.0,2025-12-29 14:55:00+05:30
122.0,122.05,121.82,121.83,324.0,1767000600.0,2025-12-29 15:00:00+05:30
121.97,122.65,121.8,122.57,10866.0,1767000900.0,2025-12-29 15:05:00+05:30
122.5,123.0,122.5,122.56,1803.0,1767001200.0,2025-12-29 15:10:00+05:30
122.54,122.67,122.27,122.48,2456.0,1767001500.0,2025-12-29 15:15:00+05:30
122.53,122.7,122.25,122.27,2981.0,1767001800.0,2025-12-29 15:20:00+05:30
122.31,122.4,122.0,122.24,2495.0,1767002100.0,2025-12-29 15:25:00+05:30
122.38,122.79,122.04,122.2,1566.0,1767066300.0,2025-12-30 09:15:00+05:30
122.17,122.17,121.2,121.3,5158.0,1767066600.0,2025-12-30 09:20:00+05:30
121.37,121.5,121.08,121.34,6307.0,1767066900.0,2025-12-30 09:25:00+05:30
121.38,121.49,121.25,121.49,997.0,1767067200.0,2025-12-30 09:30:00+05:30
121.51,121.95,121.46,121.76,3598.0,1767067500.0,2025-12-30 09:35:00+05:30
121.89,121.92,121.74,121.74,1360.0,1767067800.0,2025-12-30 09:40:00+05:30
121.86,121.86,121.41,121.69,2789.0,1767068100.0,2025-12-30 09:45:00+05:30
121.69,121.69,121.29,121.66,3630.0,1767068400.0,2025-12-30 09:50:00+05:30
121.66,121.8,121.46,121.71,1404.0,1767068700.0,2025-12-30 09:55:00+05:30
121.72,121.72,121.4,121.53,237.0,1767069000.0,2025-12-30 10:00:00+05:30
121.53,121.69,121.42,121.42,314.0,1767069300.0,2025-12-30 10:05:00+05:30
121.58,121.58,121.4,121.49,92.0,1767069600.0,2025-12-30 10:10:00+05:30
121.52,121.63,121.45,121.62,249.0,1767069900.0,2025-12-30 10:15:00+05:30
121.62,121.94,121.62,121.94,5596.0,1767070200.0,2025-12-30 10:20:00+05:30
121.94,122.27,121.9,121.9,5476.0,1767070500.0,2025-12-30 10:25:00+05:30
122.01,122.02,121.88,122.01,45.0,1767070800.0,2025-12-30 10:30:00+05:30
121.97,122.03,121.78,121.78,242.0,1767071100.0,2025-12-30 10:35:00+05:30
121.65,121.83,121.65,121.8,890.0,1767071400.0,2025-12-30 10:40:00+05:30
121.8,121.8,121.65,121.77,2047.0,1767071700.0,2025-12-30 10:45:00+05:30
121.65,121.65,121.65,121.65,2118.0,1767072000.0,2025-12-30 10:50:00+05:30
121.65,121.79,121.5,121.5,1291.0,1767072300.0,2025-12-30 10:55:00+05:30
121.5,121.5,121.26,121.3,2626.0,1767072600.0,2025-12-30 11:00:00+05:30
121.3,121.59,121.3,121.59,305.0,1767072900.0,2025-12-30 11:05:00+05:30
121.59,121.72,121.45,121.45,1238.0,1767073200.0,2025-12-30 11:10:00+05:30
121.57,121.59,121.41,121.59,468.0,1767073500.0,2025-12-30 11:15:00+05:30
121.59,121.69,121.5,121.69,727.0,1767073800.0,2025-12-30 11:20:00+05:30
121.67,121.77,121.67,121.76,99.0,1767074100.0,2025-12-30 11:25:00+05:30
121.72,121.76,121.57,121.57,821.0,1767074400.0,2025-12-30 11:30:00+05:30
121.52,121.66,121.52,121.54,253.0,1767074700.0,2025-12-30 11:35:00+05:30
121.67,121.67,121.54,121.54,15.0,1767075000.0,2025-12-30 11:40:00+05:30
121.7,121.7,121.5,121.51,443.0,1767075300.0,2025-12-30 11:45:00+05:30
121.51,121.63,121.51,121.59,71.0,1767075600.0,2025-12-30 11:50:00+05:30
121.6,121.6,121.6,121.6,774.0,1767075900.0,2025-12-30 11:55:00+05:30
121.6,121.77,121.6,121.77,183.0,1767076200.0,2025-12-30 12:00:00+05:30
121.6,121.6,121.5,121.5,606.0,1767076500.0,2025-12-30 12:05:00+05:30
121.5,121.5,121.41,121.5,1020.0,1767076800.0,2025-12-30 12:10:00+05:30
121.4,121.56,121.4,121.56,676.0,1767077100.0,2025-12-30 12:15:00+05:30
121.56,121.73,121.56,121.61,102.0,1767077400.0,2025-12-30 12:20:00+05:30
121.71,121.72,121.42,121.42,3294.0,1767077700.0,2025-12-30 12:25:00+05:30
121.42,121.67,121.42,121.67,110.0,1767078000.0,2025-12-30 12:30:00+05:30
121.72,121.72,121.52,121.52,101.0,1767078300.0,2025-12-30 12:35:00+05:30
121.52,121.78,121.45,121.75,1168.0,1767078600.0,2025-12-30 12:40:00+05:30
121.75,121.75,121.67,121.67,25.0,1767078900.0,2025-12-30 12:45:00+05:30
121.67,121.67,121.67,121.67,0.0,1767079200.0,2025-12-30 12:50:00+05:30
121.85,122.0,121.65,121.99,21261.0,1767079500.0,2025-12-30 12:55:00+05:30
122.0,122.0,121.9,121.98,3706.0,1767079800.0,2025-12-30 13:00:00+05:30
121.98,121.98,121.72,121.72,1596.0,1767080100.0,2025-12-30 13:05:00+05:30
121.86,121.95,121.68,121.95,180.0,1767080400.0,2025-12-30 13:10:00+05:30
121.95,121.95,121.88,121.9,560.0,1767080700.0,2025-12-30 13:15:00+05:30
121.9,121.9,121.9,121.9,66.0,1767081000.0,2025-12-30 13:20:00+05:30
121.9,121.9,121.8,121.89,123.0,1767081300.0,2025-12-30 13:25:00+05:30
121.9,121.9,121.9,121.9,10.0,1767081600.0,2025-12-30 13:30:00+05:30
121.9,121.9,121.78,121.78,335.0,1767081900.0,2025-12-30 13:35:00+05:30
121.6,121.88,121.6,121.88,4409.0,1767082200.0,2025-12-30 13:40:00+05:30
121.71,121.9,121.71,121.9,196.0,1767082500.0,2025-12-30 13:45:00+05:30
121.9,121.9,121.87,121.89,2143.0,1767082800.0,2025-12-30 13:50:00+05:30
121.89,121.89,121.7,121.7,1848.0,1767083100.0,2025-12-30 13:55:00+05:30
121.64,121.85,121.64,121.85,29.0,1767083400.0,2025-12-30 14:00:00+05:30
121.85,121.85,121.5,121.64,3046.0,1767083700.0,2025-12-30 14:05:00+05:30
121.8,121.89,121.75,121.89,624.0,1767084000.0,2025-12-30 14:10:00+05:30
121.89,122.14,121.89,121.95,3614.0,1767084300.0,2025-12-30 14:15:00+05:30
122.15,122.15,121.83,122.04,3976.0,1767084600.0,2025-12-30 14:20:00+05:30
122.08,122.23,121.98,121.99,2647.0,1767084900.0,2025-12-30 14:25:00+05:30
121.99,122.21,121.99,122.21,2789.0,1767085200.0,2025-12-30 14:30:00+05:30
122.21,122.21,122.02,122.17,38.0,1767085500.0,2025-12-30 14:35:00+05:30
122.21,122.21,122.15,122.15,314.0,1767085800.0,2025-12-30 14:40:00+05:30
122.05,122.29,122.05,122.29,279.0,1767086100.0,2025-12-30 14:45:00+05:30
122.22,122.24,121.95,122.23,948.0,1767086400.0,2025-12-30 14:50:00+05:30
122.19,122.24,122.05,122.05,138.0,1767086700.0,2025-12-30 14:55:00+05:30
122.21,122.21,121.81,121.97,965.0,1767087000.0,2025-12-30 15:00:00+05:30
121.99,121.99,121.56,121.91,3078.0,1767087300.0,2025-12-30 15:05:00+05:30
121.92,121.92,121.66,121.84,1420.0,1767087600.0,2025-12-30 15:10:00+05:30
121.86,121.94,121.67,121.7,3287.0,1767087900.0,2025-12-30 15:15:00+05:30
121.73,121.77,121.7,121.7,1239.0,1767088200.0,2025-12-30 15:20:00+05:30
121.71,122.29,121.7,122.28,8692.0,1767088500.0,2025-12-30 15:25:00+05:30
121.35,122.18,121.29,122.15,1699.0,1767152700.0,2025-12-31 09:15:00+05:30
122.2,122.43,122.04,122.43,2989.0,1767153000.0,2025-12-31 09:20:00+05:30
122.5,122.74,122.5,122.74,2891.0,1767153300.0,2025-12-31 09:25:00+05:30
122.7,122.7,122.39,122.65,264.0,1767153600.0,2025-12-31 09:30:00+05:30
122.46,123.32,122.45,122.67,7830.0,1767153900.0,2025-12-31 09:35:00+05:30
122.67,122.74,122.59,122.74,347.0,1767154200.0,2025-12-31 09:40:00+05:30
122.75,122.75,122.46,122.58,1144.0,1767154500.0,2025-12-31 09:45:00+05:30
122.43,122.43,122.11,122.13,3155.0,1767154800.0,2025-12-31 09:50:00+05:30
122.16,122.54,122.16,122.48,6833.0,1767155100.0,2025-12-31 09:55:00+05:30
122.3,122.51,122.26,122.5,777.0,1767155400.0,2025-12-31 10:00:00+05:30
122.43,122.43,122.43,122.43,200.0,1767155700.0,2025-12-31 10:05:00+05:30
122.47,122.48,122.2,122.48,2587.0,1767156000.0,2025-12-31 10:10:00+05:30
122.48,122.48,122.3,122.48,7296.0,1767156300.0,2025-12-31 10:15:00+05:30
122.48,122.59,122.46,122.58,345.0,1767156600.0,2025-12-31 10:20:00+05:30
122.56,122.58,122.4,122.57,248.0,1767156900.0,2025-12-31 10:25:00+05:30
122.57,122.73,122.09,122.45,5868.0,1767157200.0,2025-12-31 10:30:00+05:30
122.72,122.75,122.58,122.58,404.0,1767157500.0,2025-12-31 10:35:00+05:30
122.58,122.6,122.2,122.4,5465.0,1767157800.0,2025-12-31 10:40:00+05:30
122.39,122.39,122.16,122.16,120.0,1767158100.0,2025-12-31 10:45:00+05:30
122.3,122.66,122.3,122.66,606.0,1767158400.0,2025-12-31 10:50:00+05:30
122.66,122.7,122.48,122.68,126.0,1767158700.0,2025-12-31 10:55:00+05:30
122.63,122.65,122.3,122.46,758.0,1767159000.0,2025-12-31 11:00:00+05:30
122.46,122.48,122.21,122.48,1250.0,1767159300.0,2025-12-31 11:05:00+05:30
122.51,122.51,122.4,122.4,492.0,1767159600.0,2025-12-31 11:10:00+05:30
122.32,122.5,122.22,122.45,3304.0,1767159900.0,2025-12-31 11:15:00+05:30
122.45,122.45,122.36,122.36,254.0,1767160200.0,2025-12-31 11:20:00+05:30
122.37,122.37,122.05,122.29,302.0,1767160500.0,2025-12-31 11:25:00+05:30
122.1,122.4,122.1,122.31,1682.0,1767160800.0,2025-12-31 11:30:00+05:30
122.39,122.39,122.11,122.11,3882.0,1767161100.0,2025-12-31 11:35:00+05:30
122.11,122.33,122.11,122.33,5.0,1767161400.0,2025-12-31 11:40:00+05:30
122.33,122.33,122.33,122.33,42.0,1767161700.0,2025-12-31 11:45:00+05:30
122.11,122.39,122.11,122.35,318.0,1767162000.0,2025-12-31 11:50:00+05:30
122.14,122.36,122.14,122.34,35.0,1767162300.0,2025-12-31 11:55:00+05:30
122.34,122.34,122.15,122.17,4731.0,1767162600.0,2025-12-31 12:00:00+05:30
122.34,122.34,122.1,122.24,1575.0,1767162900.0,2025-12-31 12:05:00+05:30
122.24,122.24,121.97,122.01,4327.0,1767163200.0,2025-12-31 12:10:00+05:30
122.01,122.19,121.83,121.83,1639.0,1767163500.0,2025-12-31 12:15:00+05:30
121.83,122.1,121.81,122.1,501.0,1767163800.0,2025-12-31 12:20:00+05:30
122.1,122.1,121.8,121.8,980.0,1767164100.0,2025-12-31 12:25:00+05:30
121.83,122.22,121.83,122.22,4213.0,1767164400.0,2025-12-31 12:30:00+05:30
122.22,122.5,122.02,122.48,1236.0,1767164700.0,2025-12-31 12:35:00+05:30
122.24,124.5,122.17,124.14,25362.0,1767165000.0,2025-12-31 12:40:00+05:30
124.14,124.34,123.37,123.95,18067.0,1767165300.0,2025-12-31 12:45:00+05:30
123.71,124.05,123.49,123.51,4082.0,1767165600.0,2025-12-31 12:50:00+05:30
123.5,123.67,123.5,123.67,434.0,1767165900.0,2025-12-31 12:55:00+05:30
123.89,123.89,123.59,123.61,1615.0,1767166200.0,2025-12-31 13:00:00+05:30
123.62,124.27,123.62,123.92,5510.0,1767166500.0,2025-12-31 13:05:00+05:30
123.92,123.92,123.52,123.75,966.0,1767166800.0,2025-12-31 13:10:00+05:30
123.65,123.75,123.65,123.66,1017.0,1767167100.0,2025-12-31 13:15:00+05:30
123.56,123.74,123.56,123.74,219.0,1767167400.0,2025-12-31 13:20:00+05:30
123.59,124.37,123.59,123.98,5827.0,1767167700.0,2025-12-31 13:25:00+05:30
123.98,124.28,123.98,123.99,386.0,1767168000.0,2025-12-31 13:30:00+05:30
123.99,124.32,123.99,124.21,1521.0,1767168300.0,2025-12-31 13:35:00+05:30
124.21,124.4,124.0,124.21,3539.0,1767168600.0,2025-12-31 13:40:00+05:30
124.21,124.43,124.08,124.43,890.0,1767168900.0,2025-12-31 13:45:00+05:30
124.44,124.44,124.12,124.12,430.0,1767169200.0,2025-12-31 13:50:00+05:30
124.33,124.33,123.96,123.96,2186.0,1767169500.0,2025-12-31 13:55:00+05:30
123.96,124.02,123.96,124.02,337.0,1767169800.0,2025-12-31 14:00:00+05:30
124.0,124.8,124.0,124.53,7633.0,1767170100.0,2025-12-31 14:05:00+05:30
124.76,124.79,124.3,124.3,1220.0,1767170400.0,2025-12-31 14:10:00+05:30
124.3,124.3,124.06,124.25,2932.0,1767170700.0,2025-12-31 14:15:00+05:30
124.2,124.2,123.95,123.95,1329.0,1767171000.0,2025-12-31 14:20:00+05:30
123.95,124.19,123.95,124.19,1.0,1767171300.0,2025-12-31 14:25:00+05:30
123.97,124.05,123.97,123.97,1445.0,1767171600.0,2025-12-31 14:30:00+05:30
123.85,123.9,123.7,123.85,1925.0,1767171900.0,2025-12-31 14:35:00+05:30
124.07,124.09,123.6,123.77,2340.0,1767172200.0,2025-12-31 14:40:00+05:30
123.9,123.9,123.6,123.6,4491.0,1767172500.0,2025-12-31 14:45:00+05:30
123.6,123.6,123.59,123.6,484.0,1767172800.0,2025-12-31 14:50:00+05:30
123.6,124.2,123.6,124.06,5414.0,1767173100.0,2025-12-31 14:55:00+05:30
124.2,124.2,124.0,124.18,1622.0,1767173400.0,2025-12-31 15:00:00+05:30
124.16,124.16,123.85,123.98,2296.0,1767173700.0,2025-12-31 15:05:00+05:30
123.88,124.0,123.8,123.83,1641.0,1767174000.0,2025-12-31 15:10:00+05:30
123.98,123.98,123.81,123.95,1810.0,1767174300.0,2025-12-31 15:15:00+05:30
123.92,123.95,123.5,123.82,4698.0,1767174600.0,2025-12-31 15:20:00+05:30
123.79,124.2,123.79,124.18,7494.0,1767174900.0,2025-12-31 15:25:00+05:30
122.64,125.69,122.64,124.38,10302.0,1767239100.0,2026-01-01 09:15:00+05:30
124.73,124.73,124.0,124.18,2536.0,1767239400.0,2026-01-01 09:20:00+05:30
124.18,124.56,123.98,124.51,1347.0,1767239700.0,2026-01-01 09:25:00+05:30
124.36,124.52,124.21,124.23,4966.0,1767240000.0,2026-01-01 09:30:00+05:30
124.23,124.39,124.2,124.2,998.0,1767240300.0,2026-01-01 09:35:00+05:30
124.18,124.44,124.0,124.44,1805.0,1767240600.0,2026-01-01 09:40:00+05:30
124.28,124.28,124.19,124.19,159.0,1767240900.0,2026-01-01 09:45:00+05:30
124.19,124.34,124.19,124.3,420.0,1767241200.0,2026-01-01 09:50:00+05:30
124.3,124.42,123.98,123.98,722.0,1767241500.0,2026-01-01 09:55:00+05:30
123.93,124.09,123.9,123.9,757.0,1767241800.0,2026-01-01 10:00:00+05:30
124.08,124.08,123.89,123.89,1228.0,1767242100.0,2026-01-01 10:05:00+05:30
123.8,123.81,123.74,123.81,208.0,1767242400.0,2026-01-01 10:10:00+05:30
123.81,123.81,123.58,123.58,280.0,1767242700.0,2026-01-01 10:15:00+05:30
123.67,123.77,123.49,123.55,1182.0,1767243000.0,2026-01-01 10:20:00+05:30
123.55,123.84,123.53,123.84,618.0,1767243300.0,2026-01-01 10:25:00+05:30
123.93,124.19,123.93,124.19,745.0,1767243600.0,2026-01-01 10:30:00+05:30
124.2,124.27,123.84,124.13,842.0,1767243900.0,2026-01-01 10:35:00+05:30
124.13,124.13,123.98,123.98,86.0,1767244200.0,2026-01-01 10:40:00+05:30
124.39,124.39,124.03,124.12,1658.0,1767244500.0,2026-01-01 10:45:00+05:30
124.12,124.4,124.07,124.08,420.0,1767244800.0,2026-01-01 10:50:00+05:30
124.08,124.27,124.08,124.27,40.0,1767245100.0,2026-01-01 10:55:00+05:30
124.09,124.2,124.04,124.04,239.0,1767245400.0,2026-01-01 11:00:00+05:30
124.22,124.28,124.09,124.25,86.0,1767245700.0,2026-01-01 11:05:00+05:30
124.08,124.24,124.08,124.24,261.0,1767246000.0,2026-01-01 11:10:00+05:30
124.1,124.1,123.76,123.76,2548.0,1767246300.0,2026-01-01 11:15:00+05:30
123.76,123.97,123.76,123.8,169.0,1767246600.0,2026-01-01 11:20:00+05:30
123.8,123.98,123.8,123.98,150.0,1767246900.0,2026-01-01 11:25:00+05:30
123.98,123.98,123.86,123.86,50.0,1767247200.0,2026-01-01 11:30:00+05:30
123.86,123.98,123.86,123.98,29.0,1767247500.0,2026-01-01 11:35:00+05:30
123.97,123.97,123.96,123.96,1006.0,1767247800.0,2026-01-01 11:40:00+05:30
123.96,123.96,123.68,123.68,4037.0,1767248100.0,2026-01-01 11:45:00+05:30
123.6,123.6,123.5,123.6,859.0,1767248400.0,2026-01-01 11:50:00+05:30
123.6,123.66,123.6,123.66,2132.0,1767248700.0,2026-01-01 11:55:00+05:30
123.66,123.9,123.66,123.89,233.0,1767249000.0,2026-01-01 12:00:00+05:30
123.77,123.77,123.6,123.67,1690.0,1767249300.0,2026-01-01 12:05:00+05:30
123.67,123.67,123.39,123.41,2912.0,1767249600.0,2026-01-01 12:10:00+05:30
123.35,123.45,123.33,123.33,132.0,1767249900.0,2026-01-01 12:15:00+05:30
123.33,123.42,123.14,123.34,4027.0,1767250200.0,2026-01-01 12:20:00+05:30
123.49,123.58,123.41,123.58,776.0,1767250500.0,2026-01-01 12:25:00+05:30
123.58,123.58,123.3,123.3,158.0,1767250800.0,2026-01-01 12:30:00+05:30
123.3,123.62,123.3,123.62,1911.0,1767251100.0,2026-01-01 12:35:00+05:30
123.75,123.75,123.54,123.57,612.0,1767251400.0,2026-01-01 12:40:00+05:30
123.33,123.34,123.31,123.34,522.0,1767251700.0,2026-01-01 12:45:00+05:30
123.34,123.45,123.34,123.45,2.0,1767252000.0,2026-01-01 12:50:00+05:30
123.45,123.45,123.3,123.44,126.0,1767252300.0,2026-01-01 12:55:00+05:30
123.44,123.44,123.21,123.21,904.0,1767252600.0,2026-01-01 13:00:00+05:30
123.34,123.34,123.0,123.17,1303.0,1767252900.0,2026-01-01 13:05:00+05:30
123.2,123.37,123.2,123.34,160.0,1767253200.0,2026-01-01 13:10:00+05:30
123.34,123.39,123.33,123.33,864.0,1767253500.0,2026-01-01 13:15:00+05:30
123.35,123.35,122.8,123.0,5572.0,1767253800.0,2026-01-01 13:20:00+05:30
123.0,123.23,122.99,123.23,566.0,1767254100.0,2026-01-01 13:25:00+05:30
123.23,123.23,123.07,123.08,28.0,1767254400.0,2026-01-01 13:30:00+05:30
122.96,123.17,122.96,123.17,537.0,1767254700.0,2026-01-01 13:35:00+05:30
123.23,123.23,123.06,123.15,54.0,1767255000.0,2026-01-01 13:40:00+05:30
123.18,123.18,123.18,123.18,129.0,1767255300.0,2026-01-01 13:45:00+05:30
123.18,123.27,123.01,123.01,3018.0,1767255600.0,2026-01-01 13:50:00+05:30
123.01,123.58,123.01,123.58,4971.0,1767255900.0,2026-01-01 13:55:00+05:30
123.5,123.62,123.5,123.54,1713.0,1767256200.0,2026-01-01 14:00:00+05:30
123.54,123.74,123.5,123.51,886.0,1767256500.0,2026-01-01 14:05:00+05:30
123.68,123.68,123.56,123.56,132.0,1767256800.0,2026-01-01 14:10:00+05:30
123.56,123.68,123.56,123.68,600.0,1767257100.0,2026-01-01 14:15:00+05:30
123.6,123.6,123.5,123.59,1286.0,1767257400.0,2026-01-01 14:20:00+05:30
123.59,123.68,123.51,123.67,960.0,1767257700.0,2026-01-01 14:25:00+05:30
123.67,123.68,123.67,123.67,103.0,1767258000.0,2026-01-01 14:30:00+05:30
123.67,123.68,123.53,123.53,127.0,1767258300.0,2026-01-01 14:35:00+05:30
123.68,123.68,123.67,123.68,72.0,1767258600.0,2026-01-01 14:40:00+05:30
123.77,123.99,123.77,123.98,842.0,1767258900.0,2026-01-01 14:45:00+05:30
123.98,124.2,123.98,124.2,443.0,1767259200.0,2026-01-01 14:50:00+05:30
124.14,124.14,124.0,124.09,1818.0,1767259500.0,2026-01-01 14:55:00+05:30
124.0,124.5,123.68,124.12,12699.0,1767259800.0,2026-01-01 15:00:00+05:30
124.12,124.5,124.12,124.5,2357.0,1767260100.0,2026-01-01 15:05:00+05:30
124.35,124.5,124.2,124.21,1836.0,1767260400.0,2026-01-01 15:10:00+05:30
124.2,124.5,124.2,124.2,3954.0,1767260700.0,2026-01-01 15:15:00+05:30
124.49,124.49,124.09,124.37,1984.0,1767261000.0,2026-01-01 15:20:00+05:30
124.09,124.9,124.0,124.9,6957.0,1767261300.0,2026-01-01 15:25:00+05:30
124.48,124.86,123.71,123.71,6225.0,1767325500.0,2026-01-02 09:15:00+05:30
123.88,123.88,123.67,123.71,373.0,1767325800.0,2026-01-02 09:20:00+05:30
123.71,123.82,123.61,123.63,5669.0,1767326100.0,2026-01-02 09:25:00+05:30
123.79,123.88,123.51,123.88,2201.0,1767326400.0,2026-01-02 09:30:00+05:30
123.88,124.14,123.88,124.14,818.0,1767326700.0,2026-01-02 09:35:00+05:30
124.29,124.44,123.9,123.9,4189.0,1767327000.0,2026-01-02 09:40:00+05:30
123.9,124.05,123.9,124.05,385.0,1767327300.0,2026-01-02 09:45:00+05:30
124.0,124.05,124.0,124.05,141.0,1767327600.0,2026-01-02 09:50:00+05:30
124.05,124.25,124.05,124.25,1718.0,1767327900.0,2026-01-02 09:55:00+05:30
124.25,124.25,124.01,124.21,1650.0,1767328200.0,2026-01-02 10:00:00+05:30
124.0,124.19,124.0,124.0,1064.0,1767328500.0,2026-01-02 10:05:00+05:30
124.0,124.02,124.0,124.02,318.0,1767328800.0,2026-01-02 10:10:00+05:30
124.21,124.21,124.0,124.14,2967.0,1767329100.0,2026-01-02 10:15:00+05:30
124.14,124.14,124.0,124.14,414.0,1767329400.0,2026-01-02 10:20:00+05:30
124.01,124.46,124.01,124.46,3429.0,1767329700.0,2026-01-02 10:25:00+05:30
124.5,124.5,124.4,124.5,294.0,1767330000.0,2026-01-02 10:30:00+05:30
124.5,124.6,124.42,124.58,571.0,1767330300.0,2026-01-02 10:35:00+05:30
124.6,124.62,124.5,124.51,538.0,1767330600.0,2026-01-02 10:40:00+05:30
124.51,124.51,124.4,124.4,752.0,1767330900.0,2026-01-02 10:45:00+05:30
124.4,124.7,124.4,124.7,531.0,1767331200.0,2026-01-02 10:50:00+05:30
124.69,124.75,124.6,124.6,915.0,1767331500.0,2026-01-02 10:55:00+05:30
124.5,124.9,124.5,124.9,4067.0,1767331800.0,2026-01-02 11:00:00+05:30
124.9,125.05,124.6,124.6,6076.0,1767332100.0,2026-01-02 11:05:00+05:30
124.6,124.89,124.6,124.61,1133.0,1767332400.0,2026-01-02 11:10:00+05:30
124.61,124.84,124.61,124.84,529.0,1767332700.0,2026-01-02 11:15:00+05:30
124.84,124.91,124.84,124.91,984.0,1767333000.0,2026-01-02 11:20:00+05:30
124.84,124.92,124.84,124.92,3654.0,1767333300.0,2026-01-02 11:25:00+05:30
124.91,124.91,124.91,124.91,20.0,1767333600.0,2026-01-02 11:30:00+05:30
124.91,125.0,124.68,124.68,8343.0,1767333900.0,2026-01-02 11:35:00+05:30
124.68,124.71,124.6,124.6,2517.0,1767334200.0,2026-01-02 11:40:00+05:30
124.6,124.81,124.6,124.81,432.0,1767334500.0,2026-01-02 11:45:00+05:30
124.81,124.83,124.81,124.83,150.0,1767334800.0,2026-01-02 11:50:00+05:30
124.8,124.8,124.0,124.0,20265.0,1767335100.0,2026-01-02 11:55:00+05:30
124.0,124.25,124.0,124.11,1284.0,1767335400.0,2026-01-02 12:00:00+05:30
124.11,124.25,124.04,124.17,1446.0,1767335700.0,2026-01-02 12:05:00+05:30
124.25,124.25,124.05,124.05,495.0,1767336000.0,2026-01-02 12:10:00+05:30
124.24,124.24,124.09,124.09,443.0,1767336300.0,2026-01-02 12:15:00+05:30
124.25,124.25,124.15,124.15,212.0,1767336600.0,2026-01-02 12:20:00+05:30
124.05,124.41,124.05,124.41,1765.0,1767336900.0,2026-01-02 12:25:00+05:30
124.41,124.44,124.21,124.21,441.0,1767337200.0,2026-01-02 12:30:00+05:30
124.22,124.44,124.22,124.42,280.0,1767337500.0,2026-01-02 12:35:00+05:30
124.42,124.44,124.4,124.42,568.0,1767337800.0,2026-01-02 12:40:00+05:30
124.42,124.42,124.23,124.34,263.0,1767338100.0,2026-01-02 12:45:00+05:30
124.34,124.35,124.08,124.27,2831.0,1767338400.0,2026-01-02 12:50:00+05:30
124.27,124.28,124.0,124.05,1177.0,1767338700.0,2026-01-02 12:55:00+05:30
124.25,124.26,124.09,124.09,1155.0,1767339000.0,2026-01-02 13:00:00+05:30
124.28,124.44,124.28,124.44,1820.0,1767339300.0,2026-01-02 13:05:00+05:30
124.5,124.56,124.13,124.4,881.0,1767339600.0,2026-01-02 13:10:00+05:30
124.4,124.56,124.31,124.31,2400.0,1767339900.0,2026-01-02 13:15:00+05:30
124.31,124.48,124.17,124.48,1186.0,1767340200.0,2026-01-02 13:20:00+05:30
124.24,124.58,124.18,124.36,2950.0,1767340500.0,2026-01-02 13:25:00+05:30
124.36,124.46,124.18,124.46,430.0,1767340800.0,2026-01-02 13:30:00+05:30
124.46,124.49,124.3,124.35,1142.0,1767341100.0,2026-01-02 13:35:00+05:30
124.59,124.6,124.41,124.59,1289.0,1767341400.0,2026-01-02 13:40:00+05:30
124.6,124.65,124.44,124.49,291.0,1767341700.0,2026-01-02 13:45:00+05:30
124.65,124.65,124.36,124.37,1094.0,1767342000.0,2026-01-02 13:50:00+05:30
124.37,124.45,124.3,124.45,305.0,1767342300.0,2026-01-02 13:55:00+05:30
124.07,124.39,124.07,124.29,2060.0,1767342600.0,2026-01-02 14:00:00+05:30
124.29,124.42,124.04,124.41,1169.0,1767342900.0,2026-01-02 14:05:00+05:30
124.41,124.41,124.11,124.32,78.0,1767343200.0,2026-01-02 14:10:00+05:30
124.32,124.5,124.28,124.48,2903.0,1767343500.0,2026-01-02 14:15:00+05:30
124.43,124.43,124.2,124.2,309.0,1767343800.0,2026-01-02 14:20:00+05:30
124.21,124.37,124.21,124.37,254.0,1767344100.0,2026-01-02 14:25:00+05:30
124.22,124.43,124.22,124.43,156.0,1767344400.0,2026-01-02 14:30:00+05:30
124.43,124.43,124.32,124.32,1505.0,1767344700.0,2026-01-02 14:35:00+05:30
124.31,124.31,124.21,124.29,54.0,1767345000.0,2026-01-02 14:40:00+05:30
124.29,124.43,124.21,124.43,735.0,1767345300.0,2026-01-02 14:45:00+05:30
124.43,124.43,124.3,124.3,365.0,1767345600.0,2026-01-02 14:50:00+05:30
124.3,124.52,124.29,124.29,803.0,1767345900.0,2026-01-02 14:55:00+05:30
124.27,124.59,124.27,124.59,248.0,1767346200.0,2026-01-02 15:00:00+05:30
124.58,124.59,124.45,124.45,1673.0,1767346500.0,2026-01-02 15:05:00+05:30
124.45,124.48,124.26,124.4,2058.0,1767346800.0,2026-01-02 15:10:00+05:30
124.33,124.4,124.07,124.38,8405.0,1767347100.0,2026-01-02 15:15:00+05:30
124.36,124.37,124.03,124.29,8756.0,1767347400.0,2026-01-02 15:20:00+05:30
124.0,124.5,124.0,124.06,10127.0,1767347700.0,2026-01-02 15:25:00+05:30
123.51,124.51,123.5,123.91,5027.0,1767584700.0,2026-01-05 09:15:00+05:30
123.75,124.02,123.7,123.93,6074.0,1767585000.0,2026-01-05 09:20:00+05:30
123.66,123.92,123.13,123.41,2630.0,1767585300.0,2026-01-05 09:25:00+05:30
123.13,123.49,123.13,123.22,1390.0,1767585600.0,2026-01-05 09:30:00+05:30
123.22,123.35,123.03,123.03,2169.0,1767585900.0,2026-01-05 09:35:00+05:30
123.27,123.65,123.23,123.65,1191.0,1767586200.0,2026-01-05 09:40:00+05:30
123.64,123.64,123.46,123.56,96.0,1767586500.0,2026-01-05 09:45:00+05:30
123.55,123.71,123.36,123.52,1791.0,1767586800.0,2026-01-05 09:50:00+05:30
123.3,123.51,122.25,123.03,12806.0,1767587100.0,2026-01-05 09:55:00+05:30
123.11,123.11,122.73,123.04,2296.0,1767587400.0,2026-01-05 10:00:00+05:30
123.06,123.06,122.85,122.89,1191.0,1767587700.0,2026-01-05 10:05:00+05:30
122.89,123.0,122.71,122.84,894.0,1767588000.0,2026-01-05 10:10:00+05:30
122.97,123.11,122.96,122.97,1049.0,1767588300.0,2026-01-05 10:15:00+05:30
123.09,123.2,122.94,123.2,1535.0,1767588600.0,2026-01-05 10:20:00+05:30
123.2,123.29,123.06,123.26,430.0,1767588900.0,2026-01-05 10:25:00+05:30
123.28,123.28,122.88,123.21,1131.0,1767589200.0,2026-01-05 10:30:00+05:30
123.22,123.69,123.2,123.69,4866.0,1767589500.0,2026-01-05 10:35:00+05:30
123.5,123.68,123.38,123.4,565.0,1767589800.0,2026-01-05 10:40:00+05:30
123.5,123.85,123.31,123.68,13436.0,1767590100.0,2026-01-05 10:45:00+05:30
123.68,123.88,123.5,123.82,3529.0,1767590400.0,2026-01-05 10:50:00+05:30
123.68,123.89,123.68,123.89,681.0,1767590700.0,2026-01-05 10:55:00+05:30
123.89,123.89,123.5,123.5,1492.0,1767591000.0,2026-01-05 11:00:00+05:30
123.52,123.71,123.5,123.54,868.0,1767591300.0,2026-01-05 11:05:00+05:30
123.54,123.6,123.51,123.55,286.0,1767591600.0,2026-01-05 11:10:00+05:30
123.6,123.6,123.5,123.6,2471.0,1767591900.0,2026-01-05 11:15:00+05:30
123.5,123.6,123.2,123.2,5943.0,1767592200.0,2026-01-05 11:20:00+05:30
123.2,123.48,123.2,123.48,1351.0,1767592500.0,2026-01-05 11:25:00+05:30
123.53,123.57,123.39,123.51,1015.0,1767592800.0,2026-01-05 11:30:00+05:30
123.4,123.46,123.25,123.34,2603.0,1767593100.0,2026-01-05 11:35:00+05:30
123.2,123.48,123.2,123.45,1466.0,1767593400.0,2026-01-05 11:40:00+05:30
123.45,123.45,123.45,123.45,62.0,1767593700.0,2026-01-05 11:45:00+05:30
123.49,123.49,123.2,123.2,3148.0,1767594000.0,2026-01-05 11:50:00+05:30
123.21,123.42,123.2,123.42,719.0,1767594300.0,2026-01-05 11:55:00+05:30
123.42,123.43,123.25,123.39,746.0,1767594600.0,2026-01-05 12:00:00+05:30
123.39,123.39,123.2,123.2,478.0,1767594900.0,2026-01-05 12:05:00+05:30
123.2,123.58,123.2,123.58,1397.0,1767595200.0,2026-01-05 12:10:00+05:30
123.58,123.6,123.55,123.55,3000.0,1767595500.0,2026-01-05 12:15:00+05:30
123.52,123.52,123.52,123.52,156.0,1767595800.0,2026-01-05 12:20:00+05:30
123.52,123.52,123.5,123.51,203.0,1767596100.0,2026-01-05 12:25:00+05:30
123.51,123.51,123.41,123.41,25.0,1767596400.0,2026-01-05 12:30:00+05:30
123.32,123.43,123.21,123.27,1766.0,1767596700.0,2026-01-05 12:35:00+05:30
123.24,123.41,123.24,123.38,689.0,1767597000.0,2026-01-05 12:40:00+05:30
123.38,123.57,123.26,123.39,1509.0,1767597300.0,2026-01-05 12:45:00+05:30
123.34,123.57,123.27,123.57,889.0,1767597600.0,2026-01-05 12:50:00+05:30
123.5,123.6,123.5,123.6,1097.0,1767597900.0,2026-01-05 12:55:00+05:30
123.6,123.6,123.39,123.53,870.0,1767598200.0,2026-01-05 13:00:00+05:30
123.22,123.46,123.22,123.46,519.0,1767598500.0,2026-01-05 13:05:00+05:30
123.46,123.5,123.27,123.45,600.0,1767598800.0,2026-01-05 13:10:00+05:30
123.45,123.45,123.32,123.33,457.0,1767599100.0,2026-01-05 13:15:00+05:30
123.32,123.5,123.32,123.5,367.0,1767599400.0,2026-01-05 13:20:00+05:30
123.5,123.5,123.35,123.48,231.0,1767599700.0,2026-01-05 13:25:00+05:30
123.39,123.53,123.32,123.32,530.0,1767600000.0,2026-01-05 13:30:00+05:30
123.32,123.49,123.32,123.32,45.0,1767600300.0,2026-01-05 13:35:00+05:30
123.58,123.74,123.5,123.5,6347.0,1767600600.0,2026-01-05 13:40:00+05:30
123.4,123.4,123.2,123.3,3132.0,1767600900.0,2026-01-05 13:45:00+05:30
123.3,123.3,123.0,123.0,7784.0,1767601200.0,2026-01-05 13:50:00+05:30
123.0,123.15,122.75,122.86,2578.0,1767601500.0,2026-01-05 13:55:00+05:30
122.7,122.92,122.7,122.92,459.0,1767601800.0,2026-01-05 14:00:00+05:30
122.92,122.92,122.67,122.84,1313.0,1767602100.0,2026-01-05 14:05:00+05:30
122.83,123.03,122.83,123.0,106.0,1767602400.0,2026-01-05 14:10:00+05:30
123.0,123.0,122.83,122.87,791.0,1767602700.0,2026-01-05 14:15:00+05:30
122.94,123.0,122.8,122.92,1662.0,1767603000.0,2026-01-05 14:20:00+05:30
122.8,122.96,122.8,122.81,659.0,1767603300.0,2026-01-05 14:25:00+05:30
122.94,122.95,122.8,122.8,317.0,1767603600.0,2026-01-05 14:30:00+05:30
122.95,122.95,122.5,122.5,6254.0,1767603900.0,2026-01-05 14:35:00+05:30
122.72,122.72,122.5,122.71,1473.0,1767604200.0,2026-01-05 14:40:00+05:30
122.64,122.89,122.61,122.85,1456.0,1767604500.0,2026-01-05 14:45:00+05:30
122.65,122.84,122.54,122.72,1826.0,1767604800.0,2026-01-05 14:50:00+05:30
122.75,122.93,122.61,122.78,2296.0,1767605100.0,2026-01-05 14:55:00+05:30
122.83,122.83,122.6,122.82,764.0,1767605400.0,2026-01-05 15:00:00+05:30
122.89,122.89,122.64,122.86,1367.0,1767605700.0,2026-01-05 15:05:00+05:30
122.87,122.95,122.7,122.8,3196.0,1767606000.0,2026-01-05 15:10:00+05:30
122.89,123.18,122.76,123.18,5485.0,1767606300.0,2026-01-05 15:15:00+05:30
123.18,123.19,123.02,123.18,2110.0,1767606600.0,2026-01-05 15:20:00+05:30
123.2,123.2,123.0,123.0,3466.0,1767606900.0,2026-01-05 15:25:00+05:30
122.93,123.3,122.53,122.7,2126.0,1767671100.0,2026-01-06 09:15:00+05:30
122.94,122.94,122.14,122.25,10843.0,1767671400.0,2026-01-06 09:20:00+05:30
122.43,122.58,122.25,122.29,1262.0,1767671700.0,2026-01-06 09:25:00+05:30
122.44,122.47,121.75,122.26,5865.0,1767672000.0,2026-01-06 09:30:00+05:30
122.27,122.55,122.27,122.4,1165.0,1767672300.0,2026-01-06 09:35:00+05:30
122.16,122.29,122.16,122.16,31.0,1767672600.0,2026-01-06 09:40:00+05:30
122.15,122.49,121.81,122.49,4504.0,1767672900.0,2026-01-06 09:45:00+05:30
122.34,122.49,122.34,122.48,323.0,1767673200.0,2026-01-06 09:50:00+05:30
122.48,122.58,122.48,122.58,10.0,1767673500.0,2026-01-06 09:55:00+05:30
122.58,122.58,122.23,122.28,1020.0,1767673800.0,2026-01-06 10:00:00+05:30
122.24,122.24,122.2,122.2,816.0,1767674100.0,2026-01-06 10:05:00+05:30
122.4,122.4,122.2,122.2,1349.0,1767674400.0,2026-01-06 10:10:00+05:30
122.26,122.28,122.0,122.16,1305.0,1767674700.0,2026-01-06 10:15:00+05:30
121.98,122.19,121.91,121.99,2481.0,1767675000.0,2026-01-06 10:20:00+05:30
122.21,122.21,121.95,122.06,1179.0,1767675300.0,2026-01-06 10:25:00+05:30
122.19,122.19,121.75,121.76,10474.0,1767675600.0,2026-01-06 10:30:00+05:30
121.97,122.05,121.63,122.0,10818.0,1767675900.0,2026-01-06 10:35:00+05:30
122.0,122.17,122.0,122.05,6263.0,1767676200.0,2026-01-06 10:40:00+05:30
122.0,122.21,122.0,122.06,2204.0,1767676500.0,2026-01-06 10:45:00+05:30
122.07,122.08,122.06,122.06,207.0,1767676800.0,2026-01-06 10:50:00+05:30
122.06,122.2,122.06,122.2,14.0,1767677100.0,2026-01-06 10:55:00+05:30
122.2,122.21,122.08,122.2,228.0,1767677400.0,2026-01-06 11:00:00+05:30
122.2,122.2,122.0,122.01,794.0,1767677700.0,2026-01-06 11:05:00+05:30
122.01,122.12,122.0,122.1,1585.0,1767678000.0,2026-01-06 11:10:00+05:30
122.01,122.01,122.0,122.0,2239.0,1767678300.0,2026-01-06 11:15:00+05:30
122.0,122.02,122.0,122.01,1115.0,1767678600.0,2026-01-06 11:20:00+05:30
122.19,122.19,122.05,122.05,137.0,1767678900.0,2026-01-06 11:25:00+05:30
122.18,122.18,122.01,122.02,520.0,1767679200.0,2026-01-06 11:30:00+05:30
122.02,122.21,122.0,122.2,2132.0,1767679500.0,2026-01-06 11:35:00+05:30
122.2,122.2,122.0,122.0,484.0,1767679800.0,2026-01-06 11:40:00+05:30
122.2,122.38,122.0,122.38,2130.0,1767680100.0,2026-01-06 11:45:00+05:30
122.3,122.35,122.13,122.35,161.0,1767680400.0,2026-01-06 11:50:00+05:30
122.3,122.34,122.16,122.31,201.0,1767680700.0,2026-01-06 11:55:00+05:30
122.27,122.27,122.06,122.23,416.0,1767681000.0,2026-01-06 12:00:00+05:30
122.23,122.24,122.18,122.18,7.0,1767681300.0,2026-01-06 12:05:00+05:30
122.18,122.23,122.08,122.23,18.0,1767681600.0,2026-01-06 12:10:00+05:30
122.23,122.23,122.21,122.21,9.0,1767681900.0,2026-01-06 12:15:00+05:30
122.21,122.21,122.0,122.01,1156.0,1767682200.0,2026-01-06 12:20:00+05:30
122.0,122.01,121.87,121.87,5827.0,1767682500.0,2026-01-06 12:25:00+05:30
121.89,121.89,121.75,121.75,4172.0,1767682800.0,2026-01-06 12:30:00+05:30
121.63,121.63,121.2,121.6,10512.0,1767683100.0,2026-01-06 12:35:00+05:30
121.6,121.67,121.51,121.67,888.0,1767683400.0,2026-01-06 12:40:00+05:30
121.67,121.67,121.5,121.51,331.0,1767683700.0,2026-01-06 12:45:00+05:30
121.51,121.65,121.51,121.65,620.0,1767684000.0,2026-01-06 12:50:00+05:30
121.76,121.79,121.66,121.79,274.0,1767684300.0,2026-01-06 12:55:00+05:30
121.65,121.95,121.65,121.87,1976.0,1767684600.0,2026-01-06 13:00:00+05:30
121.87,121.92,121.81,121.82,197.0,1767684900.0,2026-01-06 13:05:00+05:30
121.81,121.95,121.81,121.82,187.0,1767685200.0,2026-01-06 13:10:00+05:30
121.82,121.92,121.81,121.81,3397.0,1767685500.0,2026-01-06 13:15:00+05:30
121.81,121.98,121.81,121.82,446.0,1767685800.0,2026-01-06 13:20:00+05:30
121.96,121.96,121.82,121.82,352.0,1767686100.0,2026-01-06 13:25:00+05:30
121.82,121.99,121.82,121.84,958.0,1767686400.0,2026-01-06 13:30:00+05:30
121.82,122.08,121.82,122.01,14281.0,1767686700.0,2026-01-06 13:35:00+05:30
122.08,122.14,122.0,122.0,1234.0,1767687000.0,2026-01-06 13:40:00+05:30
122.0,122.14,122.0,122.0,610.0,1767687300.0,2026-01-06 13:45:00+05:30
122.0,122.2,122.0,122.04,1829.0,1767687600.0,2026-01-06 13:50:00+05:30
122.0,122.14,121.9,122.04,1321.0,1767687900.0,2026-01-06 13:55:00+05:30
121.82,122.0,121.56,121.88,3898.0,1767688200.0,2026-01-06 14:00:00+05:30
121.87,121.87,121.7,121.71,166.0,1767688500.0,2026-01-06 14:05:00+05:30
121.71,121.81,121.7,121.7,247.0,1767688800.0,2026-01-06 14:10:00+05:30
121.79,121.79,121.67,121.67,308.0,1767689100.0,2026-01-06 14:15:00+05:30
121.57,121.57,121.31,121.31,3228.0,1767689400.0,2026-01-06 14:20:00+05:30
121.31,121.43,121.21,121.21,2125.0,1767689700.0,2026-01-06 14:25:00+05:30
121.37,121.53,121.15,121.36,1062.0,1767690000.0,2026-01-06 14:30:00+05:30
121.39,121.44,121.11,121.36,1966.0,1767690300.0,2026-01-06 14:35:00+05:30
121.16,121.48,121.14,121.46,2081.0,1767690600.0,2026-01-06 14:40:00+05:30
121.46,121.46,120.86,121.0,33797.0,1767690900.0,2026-01-06 14:45:00+05:30
121.12,121.24,120.8,120.9,3262.0,1767691200.0,2026-01-06 14:50:00+05:30
120.9,120.99,120.85,120.9,1371.0,1767691500.0,2026-01-06 14:55:00+05:30
120.9,120.9,117.33,119.47,63559.0,1767691800.0,2026-01-06 15:00:00+05:30
119.61,119.61,119.06,119.4,9989.0,1767692100.0,2026-01-06 15:05:00+05:30
119.44,119.44,118.43,119.05,25802.0,1767692400.0,2026-01-06 15:10:00+05:30
119.02,119.29,118.73,119.29,29791.0,1767692700.0,2026-01-06 15:15:00+05:30
119.33,119.84,119.0,119.67,10663.0,1767693000.0,2026-01-06 15:20:00+05:30
119.67,120.0,119.4,119.96,15417.0,1767693300.0,2026-01-06 15:25:00+05:30
119.51,120.76,119.51,120.22,13980.0,1767757500.0,2026-01-07 09:15:00+05:30
120.22,120.4,118.22,119.55,66966.0,1767757800.0,2026-01-07 09:20:00+05:30
119.55,119.74,119.35,119.44,2466.0,1767758100.0,2026-01-07 09:25:00+05:30
119.47,119.47,119.1,119.25,2704.0,1767758400.0,2026-01-07 09:30:00+05:30
119.25,119.48,118.76,119.16,11960.0,1767758700.0,2026-01-07 09:35:00+05:30
119.16,119.34,119.08,119.25,5450.0,1767759000.0,2026-01-07 09:40:00+05:30
119.25,119.35,118.96,119.19,6396.0,1767759300.0,2026-01-07 09:45:00+05:30
119.19,119.21,119.02,119.21,391.0,1767759600.0,2026-01-07 09:50:00+05:30
119.07,119.45,119.07,119.16,2391.0,1767759900.0,2026-01-07 09:55:00+05:30
119.35,119.96,119.35,119.92,12689.0,1767760200.0,2026-01-07 10:00:00+05:30
119.94,119.94,119.62,119.8,652.0,1767760500.0,2026-01-07 10:05:00+05:30
119.83,119.83,119.7,119.82,361.0,1767760800.0,2026-01-07 10:10:00+05:30
119.82,119.82,119.33,119.66,4200.0,1767761100.0,2026-01-07 10:15:00+05:30
119.44,119.63,119.44,119.47,461.0,1767761400.0,2026-01-07 10:20:00+05:30
119.47,119.65,119.27,119.6,1226.0,1767761700.0,2026-01-07 10:25:00+05:30
119.69,119.69,119.01,119.42,2374.0,1767762000.0,2026-01-07 10:30:00+05:30
119.42,119.42,119.38,119.38,54.0,1767762300.0,2026-01-07 10:35:00+05:30
119.22,119.34,119.13,119.22,3436.0,1767762600.0,2026-01-07 10:40:00+05:30
119.25,119.25,119.01,119.2,5899.0,1767762900.0,2026-01-07 10:45:00+05:30
119.2,119.21,119.2,119.21,619.0,1767763200.0,2026-01-07 10:50:00+05:30
119.21,119.25,119.15,119.16,2351.0,1767763500.0,2026-01-07 10:55:00+05:30
119.18,119.2,119.01,119.07,2740.0,1767763800.0,2026-01-07 11:00:00+05:30
119.1,119.19,119.0,119.19,668.0,1767764100.0,2026-01-07 11:05:00+05:30
119.19,119.19,119.0,119.12,1889.0,1767764400.0,2026-01-07 11:10:00+05:30
119.12,119.27,119.12,119.13,3608.0,1767764700.0,2026-01-07 11:15:00+05:30
119.26,119.26,119.12,119.12,693.0,1767765000.0,2026-01-07 11:20:00+05:30
119.12,119.19,119.0,119.19,1383.0,1767765300.0,2026-01-07 11:25:00+05:30
119.19,119.21,119.1,119.21,110.0,1767765600.0,2026-01-07 11:30:00+05:30
119.2,119.45,119.2,119.45,1587.0,1767765900.0,2026-01-07 11:35:00+05:30
119.45,119.45,119.1,119.27,2010.0,1767766200.0,2026-01-07 11:40:00+05:30
119.29,119.29,119.11,119.11,295.0,1767766500.0,2026-01-07 11:45:00+05:30
119.11,119.23,119.11,119.11,1023.0,1767766800.0,2026-01-07 11:50:00+05:30
119.11,119.22,119.11,119.21,585.0,1767767100.0,2026-01-07 11:55:00+05:30
119.13,119.21,119.11,119.19,287.0,1767767400.0,2026-01-07 12:00:00+05:30
119.2,119.2,119.11,119.2,544.0,1767767700.0,2026-01-07 12:05:00+05:30
119.2,119.2,119.1,119.1,649.0,1767768000.0,2026-01-07 12:10:00+05:30
119.1,119.19,119.1,119.1,284.0,1767768300.0,2026-01-07 12:15:00+05:30
119.19,119.2,119.11,119.11,122.0,1767768600.0,2026-01-07 12:20:00+05:30
119.11,119.19,119.11,119.12,172.0,1767768900.0,2026-01-07 12:25:00+05:30
119.12,119.18,119.02,119.11,1840.0,1767769200.0,2026-01-07 12:30:00+05:30
119.11,119.17,119.11,119.11,948.0,1767769500.0,2026-01-07 12:35:00+05:30
119.11,119.11,119.01,119.11,1036.0,1767769800.0,2026-01-07 12:40:00+05:30
119.11,119.11,119.0,119.11,3446.0,1767770100.0,2026-01-07 12:45:00+05:30
119.11,119.11,118.5,118.81,15470.0,1767770400.0,2026-01-07 12:50:00+05:30
118.79,118.79,118.66,118.77,20.0,1767770700.0,2026-01-07 12:55:00+05:30
118.78,118.91,118.67,118.67,1465.0,1767771000.0,2026-01-07 13:00:00+05:30
118.83,118.94,118.83,118.94,391.0,1767771300.0,2026-01-07 13:05:00+05:30
118.94,118.94,118.8,118.8,599.0,1767771600.0,2026-01-07 13:10:00+05:30
118.89,118.95,118.89,118.9,918.0,1767771900.0,2026-01-07 13:15:00+05:30
118.9,118.95,118.9,118.95,857.0,1767772200.0,2026-01-07 13:20:00+05:30
118.93,118.93,118.66,118.83,1379.0,1767772500.0,2026-01-07 13:25:00+05:30
118.83,118.83,118.69,118.81,70.0,1767772800.0,2026-01-07 13:30:00+05:30
118.81,119.13,118.81,118.81,2809.0,1767773100.0,2026-01-07 13:35:00+05:30
118.9,118.99,118.8,118.99,293.0,1767773400.0,2026-01-07 13:40:00+05:30
119.33,119.45,119.28,119.45,5128.0,1767773700.0,2026-01-07 13:45:00+05:30
119.45,119.49,119.21,119.39,764.0,1767774000.0,2026-01-07 13:50:00+05:30
119.39,119.7,119.35,119.55,1466.0,1767774300.0,2026-01-07 13:55:00+05:30
119.41,119.54,119.41,119.54,1007.0,1767774600.0,2026-01-07 14:00:00+05:30
119.5,119.84,119.4,119.64,6936.0,1767774900.0,2026-01-07 14:05:00+05:30
119.81,119.81,119.52,119.58,3266.0,1767775200.0,2026-01-07 14:10:00+05:30
119.47,119.66,119.47,119.66,1323.0,1767775500.0,2026-01-07 14:15:00+05:30
119.56,119.78,119.55,119.78,1819.0,1767775800.0,2026-01-07 14:20:00+05:30
119.78,119.78,119.6,119.6,33.0,1767776100.0,2026-01-07 14:25:00+05:30
119.6,119.6,119.55,119.6,517.0,1767776400.0,2026-01-07 14:30:00+05:30
119.6,119.6,119.27,119.35,3280.0,1767776700.0,2026-01-07 14:35:00+05:30
119.55,119.9,119.36,119.8,9753.0,1767777000.0,2026-01-07 14:40:00+05:30
119.96,119.96,119.62,119.83,3811.0,1767777300.0,2026-01-07 14:45:00+05:30
119.7,119.9,119.7,119.9,4996.0,1767777600.0,2026-01-07 14:50:00+05:30
119.9,120.2,119.8,120.2,6319.0,1767777900.0,2026-01-07 14:55:00+05:30
120.05,120.05,119.87,120.0,2762.0,1767778200.0,2026-01-07 15:00:00+05:30
120.12,120.3,119.75,119.77,6651.0,1767778500.0,2026-01-07 15:05:00+05:30
119.74,120.04,119.6,120.0,11683.0,1767778800.0,2026-01-07 15:10:00+05:30
120.08,120.2,119.85,120.06,3734.0,1767779100.0,2026-01-07 15:15:00+05:30
120.15,120.5,120.02,120.42,11229.0,1767779400.0,2026-01-07 15:20:00+05:30
120.35,120.5,120.3,120.3,4395.0,1767779700.0,2026-01-07 15:25:00+05:30
120.5,121.43,120.17,120.54,4867.0,1767843900.0,2026-01-08 09:15:00+05:30
120.33,120.34,119.88,120.05,1657.0,1767844200.0,2026-01-08 09:20:00+05:30
119.88,119.93,119.72,119.93,1231.0,1767844500.0,2026-01-08 09:25:00+05:30
119.9,119.9,119.28,119.46,2293.0,1767844800.0,2026-01-08 09:30:00+05:30
119.52,119.81,119.38,119.81,1663.0,1767845100.0,2026-01-08 09:35:00+05:30
119.81,119.97,119.69,119.69,809.0,1767845400.0,2026-01-08 09:40:00+05:30
119.69,119.8,119.6,119.6,1052.0,1767845700.0,2026-01-08 09:45:00+05:30
119.84,119.84,119.56,119.7,1040.0,1767846000.0,2026-01-08 09:50:00+05:30
119.7,120.04,119.7,119.95,3217.0,1767846300.0,2026-01-08 09:55:00+05:30
119.95,119.99,119.72,119.83,2625.0,1767846600.0,2026-01-08 10:00:00+05:30
119.84,119.85,119.62,119.62,540.0,1767846900.0,2026-01-08 10:05:00+05:30
119.62,119.79,119.0,119.45,7493.0,1767847200.0,2026-01-08 10:10:00+05:30
119.32,119.32,119.25,119.25,203.0,1767847500.0,2026-01-08 10:15:00+05:30
119.12,119.21,119.02,119.17,2146.0,1767847800.0,2026-01-08 10:20:00+05:30
119.17,119.2,119.14,119.14,381.0,1767848100.0,2026-01-08 10:25:00+05:30
119.23,119.24,118.96,119.0,6403.0,1767848400.0,2026-01-08 10:30:00+05:30
119.03,119.17,119.01,119.01,623.0,1767848700.0,2026-01-08 10:35:00+05:30
119.14,119.14,118.77,118.93,2337.0,1767849000.0,2026-01-08 10:40:00+05:30
118.93,118.99,118.56,118.99,2920.0,1767849300.0,2026-01-08 10:45:00+05:30
118.99,119.0,118.71,118.79,1158.0,1767849600.0,2026-01-08 10:50:00+05:30
118.84,119.0,118.84,118.9,1576.0,1767849900.0,2026-01-08 10:55:00+05:30
118.95,118.95,118.51,118.64,2283.0,1767850200.0,2026-01-08 11:00:00+05:30
118.77,118.9,118.64,118.81,733.0,1767850500.0,2026-01-08 11:05:00+05:30
118.81,118.84,118.6,118.7,2072.0,1767850800.0,2026-01-08 11:10:00+05:30
118.7,118.88,118.68,118.88,3357.0,1767851100.0,2026-01-08 11:15:00+05:30
118.72,118.87,118.35,118.58,2394.0,1767851400.0,2026-01-08 11:20:00+05:30
118.59,118.59,118.03,118.35,8993.0,1767851700.0,2026-01-08 11:25:00+05:30
118.35,118.35,118.1,118.22,1633.0,1767852000.0,2026-01-08 11:30:00+05:30
118.22,118.28,118.2,118.28,536.0,1767852300.0,2026-01-08 11:35:00+05:30
118.3,118.34,118.13,118.34,1385.0,1767852600.0,2026-01-08 11:40:00+05:30
118.32,118.32,118.13,118.25,817.0,1767852900.0,2026-01-08 11:45:00+05:30
118.25,118.25,117.81,117.82,10114.0,1767853200.0,2026-01-08 11:50:00+05:30
117.98,117.98,117.62,117.62,4370.0,1767853500.0,2026-01-08 11:55:00+05:30
117.86,117.92,117.62,117.8,2851.0,1767853800.0,2026-01-08 12:00:00+05:30
117.8,117.92,117.62,117.92,734.0,1767854100.0,2026-01-08 12:05:00+05:30
117.92,117.97,117.62,117.97,818.0,1767854400.0,2026-01-08 12:10:00+05:30
117.97,118.07,117.72,117.92,1586.0,1767854700.0,2026-01-08 12:15:00+05:30
117.87,118.19,117.87,118.0,1150.0,1767855000.0,2026-01-08 12:20:00+05:30
118.0,118.08,117.98,118.08,1651.0,1767855300.0,2026-01-08 12:25:00+05:30
118.0,118.0,117.87,117.93,3990.0,1767855600.0,2026-01-08 12:30:00+05:30
117.92,117.99,117.81,117.9,2237.0,1767855900.0,2026-01-08 12:35:00+05:30
117.8,118.08,117.74,117.98,3522.0,1767856200.0,2026-01-08 12:40:00+05:30
117.98,117.99,117.83,117.9,3499.0,1767856500.0,2026-01-08 12:45:00+05:30
117.9,117.9,117.72,117.89,1927.0,1767856800.0,2026-01-08 12:50:00+05:30
117.74,117.75,117.5,117.53,5192.0,1767857100.0,2026-01-08 12:55:00+05:30
117.53,117.68,117.53,117.56,562.0,1767857400.0,2026-01-08 13:00:00+05:30
117.7,117.86,117.65,117.65,422.0,1767857700.0,2026-01-08 13:05:00+05:30
117.84,117.87,117.64,117.74,826.0,1767858000.0,2026-01-08 13:10:00+05:30
117.62,117.71,117.33,117.46,2894.0,1767858300.0,2026-01-08 13:15:00+05:30
117.46,117.56,117.21,117.55,1501.0,1767858600.0,2026-01-08 13:20:00+05:30
117.42,117.57,117.21,117.21,590.0,1767858900.0,2026-01-08 13:25:00+05:30
117.2,117.39,117.2,117.39,1452.0,1767859200.0,2026-01-08 13:30:00+05:30
117.38,117.49,117.2,117.49,1479.0,1767859500.0,2026-01-08 13:35:00+05:30
117.49,117.49,117.32,117.46,369.0,1767859800.0,2026-01-08 13:40:00+05:30
117.45,117.75,117.45,117.75,2406.0,1767860100.0,2026-01-08 13:45:00+05:30
117.74,117.87,117.53,117.73,1792.0,1767860400.0,2026-01-08 13:50:00+05:30
117.69,117.97,117.66,117.79,2237.0,1767860700.0,2026-01-08 13:55:00+05:30
117.81,117.94,117.73,117.89,1612.0,1767861000.0,2026-01-08 14:00:00+05:30
117.92,117.94,117.81,117.87,369.0,1767861300.0,2026-01-08 14:05:00+05:30
117.98,117.98,117.7,117.79,3637.0,1767861600.0,2026-01-08 14:10:00+05:30
117.95,117.95,117.79,117.93,216.0,1767861900.0,2026-01-08 14:15:00+05:30
117.92,117.99,117.79,117.87,774.0,1767862200.0,2026-01-08 14:20:00+05:30
117.87,117.9,117.75,117.89,992.0,1767862500.0,2026-01-08 14:25:00+05:30
117.89,118.0,117.77,118.0,638.0,1767862800.0,2026-01-08 14:30:00+05:30
117.81,117.93,117.77,117.87,714.0,1767863100.0,2026-01-08 14:35:00+05:30
117.87,118.3,117.76,118.29,2186.0,1767863400.0,2026-01-08 14:40:00+05:30
118.29,118.64,118.25,118.45,7219.0,1767863700.0,2026-01-08 14:45:00+05:30
118.45,118.59,118.38,118.38,1117.0,1767864000.0,2026-01-08 14:50:00+05:30
118.54,118.54,118.31,118.46,821.0,1767864300.0,2026-01-08 14:55:00+05:30
118.24,118.24,117.97,118.0,4045.0,1767864600.0,2026-01-08 15:00:00+05:30
118.24,118.24,117.75,117.88,5685.0,1767864900.0,2026-01-08 15:05:00+05:30
117.85,118.05,117.65,117.75,1281.0,1767865200.0,2026-01-08 15:10:00+05:30
117.69,117.86,117.35,117.47,22475.0,1767865500.0,2026-01-08 15:15:00+05:30
117.48,117.51,117.47,117.51,3601.0,1767865800.0,2026-01-08 15:20:00+05:30
117.51,118.07,117.36,118.07,6947.0,1767866100.0,2026-01-08 15:25:00+05:30
117.0,117.0,116.41,116.56,13745.0,1767930300.0,2026-01-09 09:15:00+05:30
116.5,117.09,115.71,116.97,29408.0,1767930600.0,2026-01-09 09:20:00+05:30
116.94,117.55,116.92,117.47,7566.0,1767930900.0,2026-01-09 09:25:00+05:30
117.23,117.5,117.15,117.21,4668.0,1767931200.0,2026-01-09 09:30:00+05:30
117.3,117.59,116.41,116.41,12382.0,1767931500.0,2026-01-09 09:35:00+05:30
116.3,116.91,115.84,116.91,10426.0,1767931800.0,2026-01-09 09:40:00+05:30
117.01,118.16,116.97,118.02,9202.0,1767932100.0,2026-01-09 09:45:00+05:30
118.03,118.41,118.0,118.41,3574.0,1767932400.0,2026-01-09 09:50:00+05:30
118.33,118.59,118.28,118.4,942.0,1767932700.0,2026-01-09 09:55:00+05:30
118.17,118.48,117.96,117.96,1806.0,1767933000.0,2026-01-09 10:00:00+05:30
117.76,117.99,117.6,117.6,1705.0,1767933300.0,2026-01-09 10:05:00+05:30
117.78,117.94,117.55,117.85,2070.0,1767933600.0,2026-01-09 10:10:00+05:30
117.85,118.06,117.75,118.06,637.0,1767933900.0,2026-01-09 10:15:00+05:30
118.06,118.31,117.9,118.31,1911.0,1767934200.0,2026-01-09 10:20:00+05:30
118.31,119.16,118.31,118.96,7019.0,1767934500.0,2026-01-09 10:25:00+05:30
118.9,118.98,118.77,118.8,2212.0,1767934800.0,2026-01-09 10:30:00+05:30
118.8,118.81,118.7,118.7,3100.0,1767935100.0,2026-01-09 10:35:00+05:30
118.79,118.79,118.78,118.79,36.0,1767935400.0,2026-01-09 10:40:00+05:30
118.7,118.78,118.25,118.53,12814.0,1767935700.0,2026-01-09 10:45:00+05:30
118.53,118.55,118.32,118.55,1482.0,1767936000.0,2026-01-09 10:50:00+05:30
118.6,118.76,118.55,118.76,408.0,1767936300.0,2026-01-09 10:55:00+05:30
118.76,118.76,118.72,118.72,4089.0,1767936600.0,2026-01-09 11:00:00+05:30
118.76,118.76,118.55,118.65,1133.0,1767936900.0,2026-01-09 11:05:00+05:30
118.65,118.65,118.55,118.55,614.0,1767937200.0,2026-01-09 11:10:00+05:30
118.55,118.65,118.35,118.65,3096.0,1767937500.0,2026-01-09 11:15:00+05:30
118.65,118.71,118.65,118.69,268.0,1767937800.0,2026-01-09 11:20:00+05:30
118.69,118.93,118.6,118.78,5690.0,1767938100.0,2026-01-09 11:25:00+05:30
118.85,119.68,118.85,119.59,16044.0,1767938400.0,2026-01-09 11:30:00+05:30
119.42,119.45,119.11,119.14,292.0,1767938700.0,2026-01-09 11:35:00+05:30
119.15,119.25,119.14,119.15,415.0,1767939000.0,2026-01-09 11:40:00+05:30
119.15,119.19,119.15,119.19,51.0,1767939300.0,2026-01-09 11:45:00+05:30
119.19,119.27,118.85,118.95,1110.0,1767939600.0,2026-01-09 11:50:00+05:30
118.91,118.91,118.65,118.89,4191.0,1767939900.0,2026-01-09 11:55:00+05:30
118.8,118.85,118.68,118.8,6646.0,1767940200.0,2026-01-09 12:00:00+05:30
118.94,118.94,118.8,118.84,139.0,1767940500.0,2026-01-09 12:05:00+05:30
118.68,118.95,118.68,118.95,459.0,1767940800.0,2026-01-09 12:10:00+05:30
118.95,119.01,118.95,119.01,1048.0,1767941100.0,2026-01-09 12:15:00+05:30
119.01,119.05,118.79,118.79,681.0,1767941400.0,2026-01-09 12:20:00+05:30
118.8,118.96,118.8,118.96,80.0,1767941700.0,2026-01-09 12:25:00+05:30
118.97,118.98,118.81,118.92,169.0,1767942000.0,2026-01-09 12:30:00+05:30
118.82,118.99,118.79,118.99,3881.0,1767942300.0,2026-01-09 12:35:00+05:30
118.98,118.98,118.8,118.8,142.0,1767942600.0,2026-01-09 12:40:00+05:30
118.8,118.93,118.65,118.85,3698.0,1767942900.0,2026-01-09 12:45:00+05:30
118.85,118.94,118.63,118.82,1072.0,1767943200.0,2026-01-09 12:50:00+05:30
118.82,118.91,118.8,118.91,362.0,1767943500.0,2026-01-09 12:55:00+05:30
118.93,118.93,118.79,118.79,323.0,1767943800.0,2026-01-09 13:00:00+05:30
118.79,119.0,118.61,118.81,2630.0,1767944100.0,2026-01-09 13:05:00+05:30
118.98,118.98,117.9,118.18,26306.0,1767944400.0,2026-01-09 13:10:00+05:30
118.18,118.28,118.0,118.0,12365.0,1767944700.0,2026-01-09 13:15:00+05:30
118.1,118.16,118.1,118.1,1089.0,1767945000.0,2026-01-09 13:20:00+05:30
118.1,118.1,118.1,118.1,1662.0,1767945300.0,2026-01-09 13:25:00+05:30
118.1,118.15,118.08,118.1,3347.0,1767945600.0,2026-01-09 13:30:00+05:30
118.1,118.1,118.1,118.1,100.0,1767945900.0,2026-01-09 13:35:00+05:30
118.1,118.2,118.1,118.19,100.0,1767946200.0,2026-01-09 13:40:00+05:30
118.07,118.1,118.07,118.1,2126.0,1767946500.0,2026-01-09 13:45:00+05:30
118.1,118.22,118.1,118.21,175.0,1767946800.0,2026-01-09 13:50:00+05:30
118.22,118.22,117.85,118.1,1622.0,1767947100.0,2026-01-09 13:55:00+05:30
118.1,118.18,117.82,118.1,3788.0,1767947400.0,2026-01-09 14:00:00+05:30
118.1,118.17,117.36,117.36,1933.0,1767947700.0,2026-01-09 14:05:00+05:30
117.3,117.3,116.85,116.87,3301.0,1767948000.0,2026-01-09 14:10:00+05:30
116.87,116.87,116.56,116.56,1941.0,1767948300.0,2026-01-09 14:15:00+05:30
116.71,116.75,116.48,116.75,1423.0,1767948600.0,2026-01-09 14:20:00+05:30
116.75,116.89,116.73,116.74,1345.0,1767948900.0,2026-01-09 14:25:00+05:30
116.87,116.87,116.62,116.87,392.0,1767949200.0,2026-01-09 14:30:00+05:30
116.91,117.09,116.62,116.62,2307.0,1767949500.0,2026-01-09 14:35:00+05:30
116.7,117.09,116.6,117.09,2841.0,1767949800.0,2026-01-09 14:40:00+05:30
117.1,117.1,116.72,117.07,1018.0,1767950100.0,2026-01-09 14:45:00+05:30
117.07,117.07,116.44,116.66,14677.0,1767950400.0,2026-01-09 14:50:00+05:30
116.76,116.92,116.76,116.79,721.0,1767950700.0,2026-01-09 14:55:00+05:30
116.79,116.79,116.4,116.4,2021.0,1767951000.0,2026-01-09 15:00:00+05:30
116.48,116.48,116.2,116.31,1107.0,1767951300.0,2026-01-09 15:05:00+05:30
116.21,116.34,116.1,116.1,3701.0,1767951600.0,2026-01-09 15:10:00+05:30
116.16,116.49,116.01,116.3,15767.0,1767951900.0,2026-01-09 15:15:00+05:30
116.3,116.55,116.22,116.35,7280.0,1767952200.0,2026-01-09 15:20:00+05:30
116.35,117.44,116.22,116.66,12727.0,1767952500.0,2026-01-09 15:25:00+05:30
115.74,116.08,114.73,114.93,22242.0,1768189500.0,2026-01-12 09:15:00+05:30
114.93,114.93,114.01,114.01,12205.0,1768189800.0,2026-01-12 09:20:00+05:30
113.93,114.0,113.4,113.76,7389.0,1768190100.0,2026-01-12 09:25:00+05:30
113.76,114.59,113.37,114.59,13629.0,1768190400.0,2026-01-12 09:30:00+05:30
114.59,115.0,114.11,114.11,17403.0,1768190700.0,2026-01-12 09:35:00+05:30
114.24,114.35,113.46,113.67,4143.0,1768191000.0,2026-01-12 09:40:00+05:30
113.58,114.3,113.56,114.3,8411.0,1768191300.0,2026-01-12 09:45:00+05:30
114.3,114.4,114.1,114.18,2084.0,1768191600.0,2026-01-12 09:50:00+05:30
114.38,114.4,114.03,114.2,2812.0,1768191900.0,2026-01-12 09:55:00+05:30
114.19,114.2,113.44,114.02,11327.0,1768192200.0,2026-01-12 10:00:00+05:30
114.08,114.5,114.0,114.0,7244.0,1768192500.0,2026-01-12 10:05:00+05:30
114.0,114.0,113.79,113.81,1619.0,1768192800.0,2026-01-12 10:10:00+05:30
113.81,113.81,113.43,113.6,7097.0,1768193100.0,2026-01-12 10:15:00+05:30
113.6,113.6,113.06,113.29,17895.0,1768193400.0,2026-01-12 10:20:00+05:30
113.31,113.59,113.06,113.52,2572.0,1768193700.0,2026-01-12 10:25:00+05:30
113.47,113.47,112.66,112.77,7323.0,1768194000.0,2026-01-12 10:30:00+05:30
112.79,113.0,112.65,112.85,4584.0,1768194300.0,2026-01-12 10:35:00+05:30
112.8,112.99,112.7,112.8,4111.0,1768194600.0,2026-01-12 10:40:00+05:30
112.65,112.97,112.65,112.8,2648.0,1768194900.0,2026-01-12 10:45:00+05:30
112.95,113.12,112.9,112.95,4337.0,1768195200.0,2026-01-12 10:50:00+05:30
112.8,113.0,112.75,112.8,4209.0,1768195500.0,2026-01-12 10:55:00+05:30
112.86,112.87,112.67,112.72,2673.0,1768195800.0,2026-01-12 11:00:00+05:30
112.72,112.82,112.6,112.8,2475.0,1768196100.0,2026-01-12 11:05:00+05:30
112.8,112.8,112.51,112.75,1583.0,1768196400.0,2026-01-12 11:10:00+05:30
112.72,112.72,112.55,112.58,2605.0,1768196700.0,2026-01-12 11:15:00+05:30
112.66,113.34,112.49,113.1,10711.0,1768197000.0,2026-01-12 11:20:00+05:30
113.2,113.3,113.02,113.19,6134.0,1768197300.0,2026-01-12 11:25:00+05:30
113.18,113.32,113.13,113.19,2661.0,1768197600.0,2026-01-12 11:30:00+05:30
113.21,113.31,113.0,113.11,3219.0,1768197900.0,2026-01-12 11:35:00+05:30
113.12,113.2,113.12,113.17,754.0,1768198200.0,2026-01-12 11:40:00+05:30
113.02,114.09,113.02,114.09,9107.0,1768198500.0,2026-01-12 11:45:00+05:30
114.09,114.19,113.94,114.1,3620.0,1768198800.0,2026-01-12 11:50:00+05:30
114.18,114.3,114.18,114.24,1699.0,1768199100.0,2026-01-12 11:55:00+05:30
114.01,114.38,114.01,114.25,1742.0,1768199400.0,2026-01-12 12:00:00+05:30
114.25,114.39,114.23,114.39,400.0,1768199700.0,2026-01-12 12:05:00+05:30
114.38,114.46,114.25,114.46,1513.0,1768200000.0,2026-01-12 12:10:00+05:30
114.5,114.6,114.35,114.58,731.0,1768200300.0,2026-01-12 12:15:00+05:30
114.58,114.59,114.25,114.35,4419.0,1768200600.0,2026-01-12 12:20:00+05:30
114.32,115.33,114.25,115.1,12799.0,1768200900.0,2026-01-12 12:25:00+05:30
115.1,115.4,115.1,115.29,10931.0,1768201200.0,2026-01-12 12:30:00+05:30
115.25,115.32,115.25,115.31,17078.0,1768201500.0,2026-01-12 12:35:00+05:30
115.32,115.45,115.3,115.45,2437.0,1768201800.0,2026-01-12 12:40:00+05:30
115.45,115.45,115.3,115.43,2233.0,1768202100.0,2026-01-12 12:45:00+05:30
115.43,115.45,115.42,115.43,1063.0,1768202400.0,2026-01-12 12:50:00+05:30
115.43,115.7,115.3,115.7,5662.0,1768202700.0,2026-01-12 12:55:00+05:30
115.55,115.63,115.55,115.63,1691.0,1768203000.0,2026-01-12 13:00:00+05:30
115.63,115.63,115.62,115.62,216.0,1768203300.0,2026-01-12 13:05:00+05:30
115.55,115.63,115.52,115.6,453.0,1768203600.0,2026-01-12 13:10:00+05:30
115.6,116.07,115.58,116.07,13988.0,1768203900.0,2026-01-12 13:15:00+05:30
116.07,116.1,116.0,116.08,2712.0,1768204200.0,2026-01-12 13:20:00+05:30
116.0,116.08,116.0,116.08,4367.0,1768204500.0,2026-01-12 13:25:00+05:30
116.08,116.2,115.91,116.2,1694.0,1768204800.0,2026-01-12 13:30:00+05:30
116.06,116.27,116.02,116.2,1269.0,1768205100.0,2026-01-12 13:35:00+05:30
116.24,116.24,116.08,116.17,756.0,1768205400.0,2026-01-12 13:40:00+05:30
116.17,116.17,116.0,116.0,274.0,1768205700.0,2026-01-12 13:45:00+05:30
116.0,116.13,116.0,116.03,156.0,1768206000.0,2026-01-12 13:50:00+05:30
116.08,116.16,116.0,116.09,1448.0,1768206300.0,2026-01-12 13:55:00+05:30
116.05,116.06,116.0,116.05,253.0,1768206600.0,2026-01-12 14:00:00+05:30
116.05,116.06,116.0,116.05,205.0,1768206900.0,2026-01-12 14:05:00+05:30
116.09,116.2,116.09,116.13,163.0,1768207200.0,2026-01-12 14:10:00+05:30
116.0,116.08,115.81,116.0,4603.0,1768207500.0,2026-01-12 14:15:00+05:30
116.0,116.08,116.0,116.08,1709.0,1768207800.0,2026-01-12 14:20:00+05:30
116.08,116.25,116.08,116.25,3017.0,1768208100.0,2026-01-12 14:25:00+05:30
116.2,116.34,116.08,116.28,1705.0,1768208400.0,2026-01-12 14:30:00+05:30
116.14,116.27,116.0,116.27,440.0,1768208700.0,2026-01-12 14:35:00+05:30
116.11,116.38,116.11,116.25,2946.0,1768209000.0,2026-01-12 14:40:00+05:30
116.22,116.37,116.22,116.3,311.0,1768209300.0,2026-01-12 14:45:00+05:30
116.25,116.25,116.02,116.1,1338.0,1768209600.0,2026-01-12 14:50:00+05:30
116.11,116.28,116.05,116.28,1665.0,1768209900.0,2026-01-12 14:55:00+05:30
116.28,116.38,116.11,116.14,2378.0,1768210200.0,2026-01-12 15:00:00+05:30
116.14,116.2,115.95,116.13,2934.0,1768210500.0,2026-01-12 15:05:00+05:30
116.0,116.14,116.0,116.14,1358.0,1768210800.0,2026-01-12 15:10:00+05:30
116.04,116.14,116.0,116.14,1915.0,1768211100.0,2026-01-12 15:15:00+05:30
116.0,116.5,116.0,116.34,5544.0,1768211400.0,2026-01-12 15:20:00+05:30
116.33,116.9,116.1,116.9,7146.0,1768211700.0,2026-01-12 15:25:00+05:30
116.27,116.95,116.25,116.34,2971.0,1768275900.0,2026-01-13 09:15:00+05:30
116.53,116.68,116.32,116.5,2109.0,1768276200.0,2026-01-13 09:20:00+05:30
116.5,116.7,116.08,116.08,7868.0,1768276500.0,2026-01-13 09:25:00+05:30
116.16,116.26,115.7,115.7,5933.0,1768276800.0,2026-01-13 09:30:00+05:30
115.9,116.05,115.81,115.83,305.0,1768277100.0,2026-01-13 09:35:00+05:30
115.94,115.94,115.33,115.47,2437.0,1768277400.0,2026-01-13 09:40:00+05:30
115.47,116.73,115.47,116.65,14941.0,1768277700.0,2026-01-13 09:45:00+05:30
116.55,116.55,116.38,116.5,731.0,1768278000.0,2026-01-13 09:50:00+05:30
116.61,116.68,116.22,116.34,972.0,1768278300.0,2026-01-13 09:55:00+05:30
116.34,116.62,116.19,116.62,620.0,1768278600.0,2026-01-13 10:00:00+05:30
116.62,116.67,116.44,116.6,462.0,1768278900.0,2026-01-13 10:05:00+05:30
116.49,116.72,116.49,116.52,2321.0,1768279200.0,2026-01-13 10:10:00+05:30
116.55,116.67,116.38,116.55,2355.0,1768279500.0,2026-01-13 10:15:00+05:30
116.55,116.88,116.55,116.88,184.0,1768279800.0,2026-01-13 10:20:00+05:30
116.88,116.95,116.84,116.95,72.0,1768280100.0,2026-01-13 10:25:00+05:30
116.98,117.01,116.72,116.84,1726.0,1768280400.0,2026-01-13 10:30:00+05:30
116.83,116.83,116.53,116.65,922.0,1768280700.0,2026-01-13 10:35:00+05:30
116.54,116.67,116.54,116.67,497.0,1768281000.0,2026-01-13 10:40:00+05:30
116.67,116.67,116.4,116.55,567.0,1768281300.0,2026-01-13 10:45:00+05:30
116.66,116.76,116.66,116.76,431.0,1768281600.0,2026-01-13 10:50:00+05:30
116.7,116.8,116.55,116.8,1106.0,1768281900.0,2026-01-13 10:55:00+05:30
116.81,117.0,116.8,116.96,3599.0,1768282200.0,2026-01-13 11:00:00+05:30
116.96,116.99,116.82,116.99,881.0,1768282500.0,2026-01-13 11:05:00+05:30
116.99,116.99,116.85,116.96,365.0,1768282800.0,2026-01-13 11:10:00+05:30
117.12,117.13,116.97,117.13,1926.0,1768283100.0,2026-01-13 11:15:00+05:30
117.13,117.15,117.04,117.04,200.0,1768283400.0,2026-01-13 11:20:00+05:30
117.17,117.17,117.04,117.04,315.0,1768283700.0,2026-01-13 11:25:00+05:30
117.17,117.19,117.17,117.17,303.0,1768284000.0,2026-01-13 11:30:00+05:30
117.19,117.21,117.17,117.17,2868.0,1768284300.0,2026-01-13 11:35:00+05:30
117.19,117.19,117.19,117.19,82.0,1768284600.0,2026-01-13 11:40:00+05:30
117.07,117.07,117.04,117.04,218.0,1768284900.0,2026-01-13 11:45:00+05:30
117.04,117.04,116.85,116.85,424.0,1768285200.0,2026-01-13 11:50:00+05:30
116.85,117.01,116.85,117.0,70.0,1768285500.0,2026-01-13 11:55:00+05:30
117.0,117.0,116.85,116.88,88.0,1768285800.0,2026-01-13 12:00:00+05:30
116.82,116.82,116.61,116.61,3711.0,1768286100.0,2026-01-13 12:05:00+05:30
116.57,116.57,116.0,116.0,21634.0,1768286400.0,2026-01-13 12:10:00+05:30
116.1,116.27,116.1,116.27,500.0,1768286700.0,2026-01-13 12:15:00+05:30
116.21,116.21,115.0,115.23,24734.0,1768287000.0,2026-01-13 12:20:00+05:30
115.19,115.52,115.15,115.52,1899.0,1768287300.0,2026-01-13 12:25:00+05:30
115.52,115.65,115.52,115.6,792.0,1768287600.0,2026-01-13 12:30:00+05:30
115.68,115.83,115.61,115.61,12317.0,1768287900.0,2026-01-13 12:35:00+05:30
115.66,115.66,115.6,115.6,120.0,1768288200.0,2026-01-13 12:40:00+05:30
115.36,115.45,115.33,115.45,920.0,1768288500.0,2026-01-13 12:45:00+05:30
115.45,115.45,115.31,115.35,249.0,1768288800.0,2026-01-13 12:50:00+05:30
115.35,115.43,115.23,115.36,664.0,1768289100.0,2026-01-13 12:55:00+05:30
115.23,115.23,115.03,115.03,781.0,1768289400.0,2026-01-13 13:00:00+05:30
115.03,115.15,115.03,115.04,116.0,1768289700.0,2026-01-13 13:05:00+05:30
115.04,115.16,115.04,115.14,152.0,1768290000.0,2026-01-13 13:10:00+05:30
115.2,115.21,115.07,115.07,953.0,1768290300.0,2026-01-13 13:15:00+05:30
115.15,115.2,115.05,115.08,302.0,1768290600.0,2026-01-13 13:20:00+05:30
115.08,115.22,115.08,115.21,35.0,1768290900.0,2026-01-13 13:25:00+05:30
115.21,115.21,115.19,115.19,27.0,1768291200.0,2026-01-13 13:30:00+05:30
115.25,115.36,115.25,115.36,201.0,1768291500.0,2026-01-13 13:35:00+05:30
115.36,115.36,115.21,115.25,563.0,1768291800.0,2026-01-13 13:40:00+05:30
115.25,115.25,115.11,115.11,476.0,1768292100.0,2026-01-13 13:45:00+05:30
115.11,115.32,115.11,115.14,431.0,1768292400.0,2026-01-13 13:50:00+05:30
115.14,115.14,115.0,115.0,1970.0,1768292700.0,2026-01-13 13:55:00+05:30
115.06,115.1,114.72,115.1,8595.0,1768293000.0,2026-01-13 14:00:00+05:30
115.16,115.2,114.87,114.87,767.0,1768293300.0,2026-01-13 14:05:00+05:30
115.04,115.04,114.82,114.83,334.0,1768293600.0,2026-01-13 14:10:00+05:30
114.94,114.94,114.83,114.83,6.0,1768293900.0,2026-01-13 14:15:00+05:30
114.82,114.93,114.82,114.85,303.0,1768294200.0,2026-01-13 14:20:00+05:30
114.85,115.08,114.85,114.95,20550.0,1768294500.0,2026-01-13 14:25:00+05:30
115.03,115.38,115.03,115.31,2981.0,1768294800.0,2026-01-13 14:30:00+05:30
115.31,115.31,115.08,115.16,6472.0,1768295100.0,2026-01-13 14:35:00+05:30
115.42,115.71,115.42,115.63,1534.0,1768295400.0,2026-01-13 14:40:00+05:30
115.72,115.87,115.57,115.57,2097.0,1768295700.0,2026-01-13 14:45:00+05:30
115.7,115.87,115.56,115.6,1180.0,1768296000.0,2026-01-13 14:50:00+05:30
115.76,115.95,115.76,115.8,758.0,1768296300.0,2026-01-13 14:55:00+05:30
115.68,125.78,115.68,121.77,303588.0,1768296600.0,2026-01-13 15:00:00+05:30
121.5,123.96,120.17,120.8,186162.0,1768296900.0,2026-01-13 15:05:00+05:30
120.8,130.0,118.68,129.76,378356.0,1768297200.0,2026-01-13 15:10:00+05:30
129.4,134.8,128.85,132.1,1220913.0,1768297500.0,2026-01-13 15:15:00+05:30
132.1,132.7,131.16,131.36,384097.0,1768297800.0,2026-01-13 15:20:00+05:30
131.35,131.4,128.16,128.27,145323.0,1768298100.0,2026-01-13 15:25:00+05:30
124.94,124.94,121.12,122.34,302919.0,1768362300.0,2026-01-14 09:15:00+05:30
122.38,122.5,119.52,120.2,260844.0,1768362600.0,2026-01-14 09:20:00+05:30
120.33,121.41,120.33,120.9,100197.0,1768362900.0,2026-01-14 09:25:00+05:30
121.13,121.67,121.0,121.43,61722.0,1768363200.0,2026-01-14 09:30:00+05:30
121.31,121.87,121.01,121.15,46597.0,1768363500.0,2026-01-14 09:35:00+05:30
121.26,121.4,121.0,121.05,12933.0,1768363800.0,2026-01-14 09:40:00+05:30
121.08,121.8,120.9,121.51,34617.0,1768364100.0,2026-01-14 09:45:00+05:30
121.75,121.84,121.46,121.55,19834.0,1768364400.0,2026-01-14 09:50:00+05:30
121.71,122.16,121.69,121.88,46320.0,1768364700.0,2026-01-14 09:55:00+05:30
121.88,121.88,120.58,120.81,54187.0,1768365000.0,2026-01-14 10:00:00+05:30
120.94,121.28,120.6,120.81,32821.0,1768365300.0,2026-01-14 10:05:00+05:30
120.89,120.89,120.5,120.65,21671.0,1768365600.0,2026-01-14 10:10:00+05:30
120.69,120.7,120.12,120.35,19865.0,1768365900.0,2026-01-14 10:15:00+05:30
120.33,120.93,120.3,120.93,16837.0,1768366200.0,2026-01-14 10:20:00+05:30
120.98,121.2,120.21,120.21,28714.0,1768366500.0,2026-01-14 10:25:00+05:30
120.29,120.55,119.8,120.33,79246.0,1768366800.0,2026-01-14 10:30:00+05:30
120.4,120.5,120.04,120.25,19699.0,1768367100.0,2026-01-14 10:35:00+05:30
120.25,120.46,120.01,120.01,10889.0,1768367400.0,2026-01-14 10:40:00+05:30
120.1,120.35,120.0,120.31,16232.0,1768367700.0,2026-01-14 10:45:00+05:30
120.2,120.66,120.07,120.18,19798.0,1768368000.0,2026-01-14 10:50:00+05:30
120.18,120.61,120.18,120.6,4515.0,1768368300.0,2026-01-14 10:55:00+05:30
120.75,120.81,120.19,120.38,17106.0,1768368600.0,2026-01-14 11:00:00+05:30
120.38,120.65,120.3,120.65,13832.0,1768368900.0,2026-01-14 11:05:00+05:30
120.61,120.89,120.61,120.85,12297.0,1768369200.0,2026-01-14 11:10:00+05:30
120.75,121.27,120.6,121.05,17125.0,1768369500.0,2026-01-14 11:15:00+05:30
121.0,121.32,120.52,120.79,26943.0,1768369800.0,2026-01-14 11:20:00+05:30
120.79,121.21,120.71,121.06,7584.0,1768370100.0,2026-01-14 11:25:00+05:30
121.12,121.67,121.05,121.44,39027.0,1768370400.0,2026-01-14 11:30:00+05:30
121.17,121.42,121.14,121.34,33324.0,1768370700.0,2026-01-14 11:35:00+05:30
121.41,121.5,121.33,121.43,21782.0,1768371000.0,2026-01-14 11:40:00+05:30
121.45,121.62,121.33,121.4,6421.0,1768371300.0,2026-01-14 11:45:00+05:30
121.49,121.61,121.34,121.5,9246.0,1768371600.0,2026-01-14 11:50:00+05:30
121.51,121.57,121.41,121.55,6086.0,1768371900.0,2026-01-14 11:55:00+05:30
121.47,121.65,121.47,121.58,5890.0,1768372200.0,2026-01-14 12:00:00+05:30
121.5,121.65,121.12,121.14,22956.0,1768372500.0,2026-01-14 12:05:00+05:30
121.13,121.45,121.13,121.4,8002.0,1768372800.0,2026-01-14 12:10:00+05:30
121.29,121.45,121.26,121.26,3052.0,1768373100.0,2026-01-14 12:15:00+05:30
121.23,121.45,121.2,121.25,2226.0,1768373400.0,2026-01-14 12:20:00+05:30
121.25,121.58,121.25,121.58,8145.0,1768373700.0,2026-01-14 12:25:00+05:30
121.67,121.68,121.3,121.3,4133.0,1768374000.0,2026-01-14 12:30:00+05:30
121.23,121.51,121.13,121.5,5582.0,1768374300.0,2026-01-14 12:35:00+05:30
121.44,121.53,121.22,121.36,2160.0,1768374600.0,2026-01-14 12:40:00+05:30
121.36,121.38,121.2,121.36,2588.0,1768374900.0,2026-01-14 12:45:00+05:30
121.35,121.35,121.15,121.29,2684.0,1768375200.0,2026-01-14 12:50:00+05:30
121.22,121.3,121.15,121.28,3251.0,1768375500.0,2026-01-14 12:55:00+05:30
121.29,121.39,121.17,121.29,4893.0,1768375800.0,2026-01-14 13:00:00+05:30
121.18,121.46,121.18,121.45,12660.0,1768376100.0,2026-01-14 13:05:00+05:30
121.45,121.67,121.41,121.53,10857.0,1768376400.0,2026-01-14 13:10:00+05:30
121.65,121.67,121.49,121.49,2521.0,1768376700.0,2026-01-14 13:15:00+05:30
121.41,121.55,121.4,121.54,20879.0,1768377000.0,2026-01-14 13:20:00+05:30
121.48,121.75,121.48,121.7,8410.0,1768377300.0,2026-01-14 13:25:00+05:30
121.7,121.7,121.5,121.55,5166.0,1768377600.0,2026-01-14 13:30:00+05:30
121.52,121.53,121.45,121.49,3606.0,1768377900.0,2026-01-14 13:35:00+05:30
121.48,121.5,121.4,121.5,9653.0,1768378200.0,2026-01-14 13:40:00+05:30
121.49,121.49,121.41,121.45,3365.0,1768378500.0,2026-01-14 13:45:00+05:30
121.41,121.65,121.41,121.5,4318.0,1768378800.0,2026-01-14 13:50:00+05:30
121.5,121.59,121.5,121.55,1637.0,1768379100.0,2026-01-14 13:55:00+05:30
121.55,122.24,121.51,122.24,32761.0,1768379400.0,2026-01-14 14:00:00+05:30
122.24,122.87,121.82,122.14,39401.0,1768379700.0,2026-01-14 14:05:00+05:30
121.92,122.11,121.72,121.73,4823.0,1768380000.0,2026-01-14 14:10:00+05:30
121.73,121.9,121.7,121.7,3430.0,1768380300.0,2026-01-14 14:15:00+05:30
121.7,121.7,121.5,121.59,6292.0,1768380600.0,2026-01-14 14:20:00+05:30
121.58,121.65,121.5,121.5,14338.0,1768380900.0,2026-01-14 14:25:00+05:30
121.61,122.33,121.45,122.33,10567.0,1768381200.0,2026-01-14 14:30:00+05:30
122.3,122.35,122.08,122.25,3750.0,1768381500.0,2026-01-14 14:35:00+05:30
122.17,122.38,122.17,122.3,13279.0,1768381800.0,2026-01-14 14:40:00+05:30
122.34,122.43,122.26,122.43,9381.0,1768382100.0,2026-01-14 14:45:00+05:30
122.42,122.53,122.14,122.47,48620.0,1768382400.0,2026-01-14 14:50:00+05:30
122.41,122.9,122.4,122.6,10432.0,1768382700.0,2026-01-14 14:55:00+05:30
122.6,127.0,122.6,125.78,142005.0,1768383000.0,2026-01-14 15:00:00+05:30
125.62,126.67,124.61,126.1,116891.0,1768383300.0,2026-01-14 15:05:00+05:30
126.01,126.01,124.08,124.47,38849.0,1768383600.0,2026-01-14 15:10:00+05:30
124.47,125.6,124.06,125.05,67930.0,1768383900.0,2026-01-14 15:15:00+05:30
125.05,127.99,124.85,126.41,114336.0,1768384200.0,2026-01-14 15:20:00+05:30
126.25,127.0,125.11,125.42,37243.0,1768384500.0,2026-01-14 15:25:00+05:30
125.0,125.0,122.43,123.6,46596.0,1768535100.0,2026-01-16 09:15:00+05:30
123.6,123.97,123.15,123.29,33730.0,1768535400.0,2026-01-16 09:20:00+05:30
123.39,123.75,123.1,123.58,8798.0,1768535700.0,2026-01-16 09:25:00+05:30
123.55,123.55,123.22,123.49,9170.0,1768536000.0,2026-01-16 09:30:00+05:30
123.49,124.15,123.49,123.71,15419.0,1768536300.0,2026-01-16 09:35:00+05:30
123.77,124.2,123.46,123.95,16426.0,1768536600.0,2026-01-16 09:40:00+05:30
124.0,124.41,124.0,124.24,7979.0,1768536900.0,2026-01-16 09:45:00+05:30
124.11,124.48,124.08,124.24,4267.0,1768537200.0,2026-01-16 09:50:00+05:30
124.24,124.24,123.27,123.71,12480.0,1768537500.0,2026-01-16 09:55:00+05:30
123.71,123.71,123.5,123.5,3969.0,1768537800.0,2026-01-16 10:00:00+05:30
123.5,123.81,123.5,123.68,3350.0,1768538100.0,2026-01-16 10:05:00+05:30
123.7,123.7,123.5,123.5,5008.0,1768538400.0,2026-01-16 10:10:00+05:30
123.63,123.63,123.27,123.27,3418.0,1768538700.0,2026-01-16 10:15:00+05:30
123.27,123.63,123.27,123.6,28818.0,1768539000.0,2026-01-16 10:20:00+05:30
123.61,123.62,123.51,123.53,949.0,1768539300.0,2026-01-16 10:25:00+05:30
123.51,123.61,123.42,123.42,1172.0,1768539600.0,2026-01-16 10:30:00+05:30
123.37,123.58,123.37,123.5,1273.0,1768539900.0,2026-01-16 10:35:00+05:30
123.61,123.69,123.46,123.54,1498.0,1768540200.0,2026-01-16 10:40:00+05:30
123.66,123.7,123.4,123.53,2956.0,1768540500.0,2026-01-16 10:45:00+05:30
123.54,123.76,123.54,123.76,812.0,1768540800.0,2026-01-16 10:50:00+05:30
123.77,123.95,123.54,123.57,2053.0,1768541100.0,2026-01-16 10:55:00+05:30
123.63,123.65,123.41,123.49,2317.0,1768541400.0,2026-01-16 11:00:00+05:30
123.5,123.63,123.41,123.5,433.0,1768541700.0,2026-01-16 11:05:00+05:30
123.5,123.5,123.42,123.42,426.0,1768542000.0,2026-01-16 11:10:00+05:30
123.42,123.63,123.42,123.6,826.0,1768542300.0,2026-01-16 11:15:00+05:30
123.6,123.6,123.42,123.6,1122.0,1768542600.0,2026-01-16 11:20:00+05:30
123.6,123.6,123.6,123.6,633.0,1768542900.0,2026-01-16 11:25:00+05:30
123.6,123.99,123.6,123.85,11569.0,1768543200.0,2026-01-16 11:30:00+05:30
123.73,124.11,123.73,123.88,4908.0,1768543500.0,2026-01-16 11:35:00+05:30
124.0,124.0,123.9,123.9,613.0,1768543800.0,2026-01-16 11:40:00+05:30
123.9,123.9,123.8,123.8,241.0,1768544100.0,2026-01-16 11:45:00+05:30
123.8,123.89,123.8,123.89,105.0,1768544400.0,2026-01-16 11:50:00+05:30
123.81,123.81,123.5,123.65,2100.0,1768544700.0,2026-01-16 11:55:00+05:30
123.65,123.65,123.65,123.65,7.0,1768545000.0,2026-01-16 12:00:00+05:30
123.65,123.74,123.55,123.7,737.0,1768545300.0,2026-01-16 12:05:00+05:30
123.7,123.85,123.55,123.65,2391.0,1768545600.0,2026-01-16 12:10:00+05:30
123.59,123.77,123.57,123.77,569.0,1768545900.0,2026-01-16 12:15:00+05:30
123.76,123.76,123.43,123.43,1777.0,1768546200.0,2026-01-16 12:20:00+05:30
123.54,123.9,123.42,123.9,13944.0,1768546500.0,2026-01-16 12:25:00+05:30
123.62,124.67,123.62,124.17,16659.0,1768546800.0,2026-01-16 12:30:00+05:30
124.17,124.27,123.88,123.99,865.0,1768547100.0,2026-01-16 12:35:00+05:30
124.21,124.47,123.73,123.73,8014.0,1768547400.0,2026-01-16 12:40:00+05:30
123.75,123.75,123.67,123.67,369.0,1768547700.0,2026-01-16 12:45:00+05:30
123.67,123.95,123.67,123.73,568.0,1768548000.0,2026-01-16 12:50:00+05:30
123.73,123.79,123.62,123.68,1765.0,1768548300.0,2026-01-16 12:55:00+05:30
123.68,123.87,123.63,123.63,338.0,1768548600.0,2026-01-16 13:00:00+05:30
123.69,123.74,123.69,123.74,1555.0,1768548900.0,2026-01-16 13:05:00+05:30
123.74,123.81,123.74,123.78,2021.0,1768549200.0,2026-01-16 13:10:00+05:30
123.9,124.0,123.55,123.57,4955.0,1768549500.0,2026-01-16 13:15:00+05:30
123.57,123.65,123.43,123.43,4919.0,1768549800.0,2026-01-16 13:20:00+05:30
123.52,123.52,123.41,123.41,1556.0,1768550100.0,2026-01-16 13:25:00+05:30
123.73,123.74,123.59,123.67,4212.0,1768550400.0,2026-01-16 13:30:00+05:30
123.67,123.67,123.56,123.67,163.0,1768550700.0,2026-01-16 13:35:00+05:30
123.69,123.83,123.63,123.74,2900.0,1768551000.0,2026-01-16 13:40:00+05:30
123.74,123.81,123.64,123.68,244.0,1768551300.0,2026-01-16 13:45:00+05:30
123.86,123.86,123.7,123.79,217.0,1768551600.0,2026-01-16 13:50:00+05:30
123.78,123.78,123.53,123.55,378.0,1768551900.0,2026-01-16 13:55:00+05:30
123.63,123.8,123.63,123.68,487.0,1768552200.0,2026-01-16 14:00:00+05:30
123.82,123.83,123.64,123.68,2237.0,1768552500.0,2026-01-16 14:05:00+05:30
123.68,123.78,123.59,123.7,385.0,1768552800.0,2026-01-16 14:10:00+05:30
123.7,123.7,123.58,123.63,216.0,1768553100.0,2026-01-16 14:15:00+05:30
123.7,123.83,123.7,123.83,1203.0,1768553400.0,2026-01-16 14:20:00+05:30
123.84,123.9,123.81,123.81,562.0,1768553700.0,2026-01-16 14:25:00+05:30
123.9,124.05,123.83,123.89,31887.0,1768554000.0,2026-01-16 14:30:00+05:30
123.89,124.11,123.89,123.99,4552.0,1768554300.0,2026-01-16 14:35:00+05:30
124.01,124.11,123.94,123.94,3300.0,1768554600.0,2026-01-16 14:40:00+05:30
123.94,124.36,123.94,124.08,2900.0,1768554900.0,2026-01-16 14:45:00+05:30
124.14,124.4,124.11,124.15,1760.0,1768555200.0,2026-01-16 14:50:00+05:30
124.15,124.37,124.15,124.27,1204.0,1768555500.0,2026-01-16 14:55:00+05:30
124.18,124.5,124.1,124.1,7280.0,1768555800.0,2026-01-16 15:00:00+05:30
124.1,124.45,123.93,124.24,26373.0,1768556100.0,2026-01-16 15:05:00+05:30
124.28,124.47,124.01,124.01,17252.0,1768556400.0,2026-01-16 15:10:00+05:30
124.01,124.28,124.0,124.1,15360.0,1768556700.0,2026-01-16 15:15:00+05:30
124.25,125.0,124.02,124.25,30277.0,1768557000.0,2026-01-16 15:20:00+05:30
124.33,124.49,124.01,124.04,16909.0,1768557300.0,2026-01-16 15:25:00+05:30
124.06,124.18,123.5,124.18,7222.0,1768794300.0,2026-01-19 09:15:00+05:30
124.06,124.49,123.56,123.89,12462.0,1768794600.0,2026-01-19 09:20:00+05:30
123.68,124.01,123.65,123.95,7568.0,1768794900.0,2026-01-19 09:25:00+05:30
123.83,124.05,123.57,123.57,5343.0,1768795200.0,2026-01-19 09:30:00+05:30
123.63,123.8,123.57,123.57,1411.0,1768795500.0,2026-01-19 09:35:00+05:30
123.64,123.72,123.57,123.71,1518.0,1768795800.0,2026-01-19 09:40:00+05:30
123.79,123.82,123.58,123.58,7402.0,1768796100.0,2026-01-19 09:45:00+05:30
123.61,123.87,123.61,123.71,2349.0,1768796400.0,2026-01-19 09:50:00+05:30
123.71,123.82,123.6,123.69,2121.0,1768796700.0,2026-01-19 09:55:00+05:30
123.85,123.86,123.59,123.73,1141.0,1768797000.0,2026-01-19 10:00:00+05:30
123.73,123.73,123.61,123.7,1647.0,1768797300.0,2026-01-19 10:05:00+05:30
123.7,123.86,123.61,123.74,738.0,1768797600.0,2026-01-19 10:10:00+05:30
123.74,123.88,123.74,123.74,168.0,1768797900.0,2026-01-19 10:15:00+05:30
123.74,123.74,123.6,123.61,293.0,1768798200.0,2026-01-19 10:20:00+05:30
123.64,123.64,123.58,123.58,5619.0,1768798500.0,2026-01-19 10:25:00+05:30
123.58,123.61,123.57,123.57,4495.0,1768798800.0,2026-01-19 10:30:00+05:30
123.57,123.99,123.55,123.61,19967.0,1768799100.0,2026-01-19 10:35:00+05:30
123.59,123.64,123.59,123.59,6474.0,1768799400.0,2026-01-19 10:40:00+05:30
123.59,123.61,123.58,123.58,752.0,1768799700.0,2026-01-19 10:45:00+05:30
123.57,123.75,123.57,123.58,550.0,1768800000.0,2026-01-19 10:50:00+05:30
123.58,123.75,123.58,123.6,2397.0,1768800300.0,2026-01-19 10:55:00+05:30
123.75,123.79,123.61,123.7,1562.0,1768800600.0,2026-01-19 11:00:00+05:30
123.7,123.7,123.58,123.58,279.0,1768800900.0,2026-01-19 11:05:00+05:30
123.59,123.7,123.58,123.58,1000.0,1768801200.0,2026-01-19 11:10:00+05:30
123.7,123.7,123.58,123.58,223.0,1768801500.0,2026-01-19 11:15:00+05:30
123.58,123.58,123.58,123.58,64.0,1768801800.0,2026-01-19 11:20:00+05:30
123.58,123.65,123.58,123.58,275.0,1768802100.0,2026-01-19 11:25:00+05:30
123.65,123.7,123.58,123.7,5723.0,1768802400.0,2026-01-19 11:30:00+05:30
123.59,123.72,123.58,123.58,2112.0,1768802700.0,2026-01-19 11:35:00+05:30
123.62,123.82,123.58,123.62,433.0,1768803000.0,2026-01-19 11:40:00+05:30
123.81,123.81,123.58,123.58,2667.0,1768803300.0,2026-01-19 11:45:00+05:30
123.73,123.73,123.59,123.59,92.0,1768803600.0,2026-01-19 11:50:00+05:30
123.59,123.7,123.58,123.59,350.0,1768803900.0,2026-01-19 11:55:00+05:30
123.58,123.7,123.58,123.64,3273.0,1768804200.0,2026-01-19 12:00:00+05:30
123.64,123.64,123.56,123.56,8955.0,1768804500.0,2026-01-19 12:05:00+05:30
123.61,123.61,123.56,123.6,2769.0,1768804800.0,2026-01-19 12:10:00+05:30
123.71,123.71,123.59,123.61,559.0,1768805100.0,2026-01-19 12:15:00+05:30
123.61,123.72,123.61,123.61,906.0,1768805400.0,2026-01-19 12:20:00+05:30
123.59,123.68,123.59,123.6,424.0,1768805700.0,2026-01-19 12:25:00+05:30
123.6,123.6,123.51,123.51,12634.0,1768806000.0,2026-01-19 12:30:00+05:30
123.51,123.61,123.51,123.61,1108.0,1768806300.0,2026-01-19 12:35:00+05:30
123.62,123.75,123.61,123.75,856.0,1768806600.0,2026-01-19 12:40:00+05:30
123.7,123.7,123.56,123.7,1509.0,1768806900.0,2026-01-19 12:45:00+05:30
123.7,123.71,123.58,123.7,267.0,1768807200.0,2026-01-19 12:50:00+05:30
123.71,123.76,123.61,123.61,564.0,1768807500.0,2026-01-19 12:55:00+05:30
123.61,123.78,123.6,123.62,116.0,1768807800.0,2026-01-19 13:00:00+05:30
123.62,123.76,123.57,123.74,1785.0,1768808100.0,2026-01-19 13:05:00+05:30
123.8,123.86,123.72,123.72,5097.0,1768808400.0,2026-01-19 13:10:00+05:30
123.72,123.89,123.65,123.71,1592.0,1768808700.0,2026-01-19 13:15:00+05:30
123.47,123.69,123.45,123.67,32700.0,1768809000.0,2026-01-19 13:20:00+05:30
123.67,123.67,123.67,123.67,10.0,1768809300.0,2026-01-19 13:25:00+05:30
123.67,123.67,123.67,123.67,0.0,1768809600.0,2026-01-19 13:30:00+05:30
123.67,123.8,123.67,123.8,53.0,1768809900.0,2026-01-19 13:35:00+05:30
123.8,123.8,123.64,123.64,180.0,1768810200.0,2026-01-19 13:40:00+05:30
123.75,123.75,123.56,123.56,6110.0,1768810500.0,2026-01-19 13:45:00+05:30
123.72,123.8,123.71,123.71,620.0,1768810800.0,2026-01-19 13:50:00+05:30
123.86,123.86,123.86,123.86,316.0,1768811100.0,2026-01-19 13:55:00+05:30
123.85,124.0,123.67,124.0,3362.0,1768811400.0,2026-01-19 14:00:00+05:30
123.91,123.91,123.6,123.89,1711.0,1768811700.0,2026-01-19 14:05:00+05:30
123.89,123.89,123.8,123.8,93.0,1768812000.0,2026-01-19 14:10:00+05:30
123.8,123.89,123.8,123.88,51.0,1768812300.0,2026-01-19 14:15:00+05:30
123.89,123.89,123.69,123.87,314.0,1768812600.0,2026-01-19 14:20:00+05:30
123.84,123.84,123.61,123.74,533.0,1768812900.0,2026-01-19 14:25:00+05:30
123.65,123.65,123.63,123.63,392.0,1768813200.0,2026-01-19 14:30:00+05:30
123.6,124.09,123.6,124.09,4485.0,1768813500.0,2026-01-19 14:35:00+05:30
124.18,124.18,123.91,123.91,1425.0,1768813800.0,2026-01-19 14:40:00+05:30
123.82,124.24,123.82,124.24,2009.0,1768814100.0,2026-01-19 14:45:00+05:30
123.99,124.66,123.99,124.6,2119.0,1768814400.0,2026-01-19 14:50:00+05:30
124.68,124.98,124.53,124.7,6297.0,1768814700.0,2026-01-19 14:55:00+05:30
124.57,124.69,124.32,124.39,2708.0,1768815000.0,2026-01-19 15:00:00+05:30
124.39,124.79,124.18,124.79,12826.0,1768815300.0,2026-01-19 15:05:00+05:30
124.74,124.91,124.62,124.62,3295.0,1768815600.0,2026-01-19 15:10:00+05:30
124.59,124.61,124.44,124.49,1731.0,1768815900.0,2026-01-19 15:15:00+05:30
124.47,124.5,124.13,124.22,3454.0,1768816200.0,2026-01-19 15:20:00+05:30
124.22,124.5,123.6,123.6,8336.0,1768816500.0,2026-01-19 15:25:00+05:30
123.61,124.67,123.51,123.51,12895.0,1768880700.0,2026-01-20 09:15:00+05:30
123.71,124.2,123.5,123.57,13691.0,1768881000.0,2026-01-20 09:20:00+05:30
123.86,123.94,123.57,123.57,2391.0,1768881300.0,2026-01-20 09:25:00+05:30
123.72,124.01,123.57,123.85,6713.0,1768881600.0,2026-01-20 09:30:00+05:30
123.97,124.11,123.61,123.61,1954.0,1768881900.0,2026-01-20 09:35:00+05:30
123.63,124.07,123.63,123.9,3610.0,1768882200.0,2026-01-20 09:40:00+05:30
123.95,124.02,123.72,123.72,875.0,1768882500.0,2026-01-20 09:45:00+05:30
123.72,123.99,123.57,123.76,4289.0,1768882800.0,2026-01-20 09:50:00+05:30
123.57,123.86,123.57,123.86,524.0,1768883100.0,2026-01-20 09:55:00+05:30
123.87,123.95,123.63,123.63,706.0,1768883400.0,2026-01-20 10:00:00+05:30
123.63,123.82,123.62,123.62,788.0,1768883700.0,2026-01-20 10:05:00+05:30
123.7,123.89,123.66,123.85,848.0,1768884000.0,2026-01-20 10:10:00+05:30
123.88,123.88,123.63,123.63,171.0,1768884300.0,2026-01-20 10:15:00+05:30
123.79,123.79,123.57,123.63,447.0,1768884600.0,2026-01-20 10:20:00+05:30
123.63,123.78,123.61,123.66,805.0,1768884900.0,2026-01-20 10:25:00+05:30
123.66,123.66,123.57,123.57,315.0,1768885200.0,2026-01-20 10:30:00+05:30
123.62,123.66,123.59,123.66,153.0,1768885500.0,2026-01-20 10:35:00+05:30
123.6,123.78,123.6,123.7,964.0,1768885800.0,2026-01-20 10:40:00+05:30
123.61,124.61,123.6,124.32,26228.0,1768886100.0,2026-01-20 10:45:00+05:30
124.35,124.4,123.67,123.94,15586.0,1768886400.0,2026-01-20 10:50:00+05:30
124.0,124.0,123.77,123.79,251.0,1768886700.0,2026-01-20 10:55:00+05:30
123.9,123.9,123.51,123.76,31577.0,1768887000.0,2026-01-20 11:00:00+05:30
123.79,123.84,123.6,123.83,4355.0,1768887300.0,2026-01-20 11:05:00+05:30
123.82,123.86,123.65,123.86,1493.0,1768887600.0,2026-01-20 11:10:00+05:30
123.86,124.36,123.75,124.01,3460.0,1768887900.0,2026-01-20 11:15:00+05:30
124.01,124.1,123.87,123.88,907.0,1768888200.0,2026-01-20 11:20:00+05:30
124.0,124.0,123.94,123.94,40.0,1768888500.0,2026-01-20 11:25:00+05:30
124.09,124.09,123.94,124.0,357.0,1768888800.0,2026-01-20 11:30:00+05:30
124.09,124.09,124.01,124.01,4431.0,1768889100.0,2026-01-20 11:35:00+05:30
123.85,123.98,123.85,123.97,161.0,1768889400.0,2026-01-20 11:40:00+05:30
123.85,124.02,123.76,123.93,723.0,1768889700.0,2026-01-20 11:45:00+05:30
123.93,124.02,123.61,123.72,3711.0,1768890000.0,2026-01-20 11:50:00+05:30
123.72,123.84,123.67,123.8,92.0,1768890300.0,2026-01-20 11:55:00+05:30
123.8,123.8,123.6,123.6,1705.0,1768890600.0,2026-01-20 12:00:00+05:30
123.67,123.68,123.54,123.68,638.0,1768890900.0,2026-01-20 12:05:00+05:30
123.68,123.68,123.44,123.44,14380.0,1768891200.0,2026-01-20 12:10:00+05:30
123.35,123.35,122.05,122.3,6775.0,1768891500.0,2026-01-20 12:15:00+05:30
122.25,122.25,121.64,121.82,2911.0,1768891800.0,2026-01-20 12:20:00+05:30
121.82,121.82,121.44,121.6,4382.0,1768892100.0,2026-01-20 12:25:00+05:30
121.52,122.39,120.88,122.39,39066.0,1768892400.0,2026-01-20 12:30:00+05:30
122.49,122.95,122.38,122.89,6199.0,1768892700.0,2026-01-20 12:35:00+05:30
122.58,122.87,122.58,122.67,2222.0,1768893000.0,2026-01-20 12:40:00+05:30
122.75,122.75,122.53,122.6,1387.0,1768893300.0,2026-01-20 12:45:00+05:30
122.58,122.9,122.58,122.6,1033.0,1768893600.0,2026-01-20 12:50:00+05:30
122.6,122.9,122.6,122.9,1033.0,1768893900.0,2026-01-20 12:55:00+05:30
122.7,122.85,122.61,122.61,3553.0,1768894200.0,2026-01-20 13:00:00+05:30
122.61,122.75,122.61,122.61,687.0,1768894500.0,2026-01-20 13:05:00+05:30
122.61,122.75,122.61,122.75,980.0,1768894800.0,2026-01-20 13:10:00+05:30
122.7,122.78,122.61,122.61,1172.0,1768895100.0,2026-01-20 13:15:00+05:30
122.61,122.77,122.61,122.62,1994.0,1768895400.0,2026-01-20 13:20:00+05:30
122.62,122.65,122.56,122.65,4701.0,1768895700.0,2026-01-20 13:25:00+05:30
122.65,122.75,122.52,122.75,7475.0,1768896000.0,2026-01-20 13:30:00+05:30
122.75,122.75,122.56,122.57,116.0,1768896300.0,2026-01-20 13:35:00+05:30
122.73,122.73,121.68,121.68,11019.0,1768896600.0,2026-01-20 13:40:00+05:30
121.68,121.95,121.68,121.82,3021.0,1768896900.0,2026-01-20 13:45:00+05:30
121.68,121.87,121.68,121.68,1252.0,1768897200.0,2026-01-20 13:50:00+05:30
121.68,121.82,121.68,121.68,1710.0,1768897500.0,2026-01-20 13:55:00+05:30
121.65,121.65,121.5,121.5,1794.0,1768897800.0,2026-01-20 14:00:00+05:30
121.55,121.55,121.0,121.01,5636.0,1768898100.0,2026-01-20 14:05:00+05:30
120.81,120.82,120.17,120.2,9283.0,1768898400.0,2026-01-20 14:10:00+05:30
120.2,120.62,120.12,120.13,3306.0,1768898700.0,2026-01-20 14:15:00+05:30
120.29,120.29,120.2,120.2,426.0,1768899000.0,2026-01-20 14:20:00+05:30
120.32,120.89,120.24,120.24,7541.0,1768899300.0,2026-01-20 14:25:00+05:30
120.3,120.44,120.04,120.43,1191.0,1768899600.0,2026-01-20 14:30:00+05:30
120.27,120.52,120.27,120.49,1202.0,1768899900.0,2026-01-20 14:35:00+05:30
120.48,120.5,120.4,120.49,730.0,1768900200.0,2026-01-20 14:40:00+05:30
120.45,120.45,119.35,119.61,14599.0,1768900500.0,2026-01-20 14:45:00+05:30
119.43,119.58,118.2,118.66,9568.0,1768900800.0,2026-01-20 14:50:00+05:30
118.66,118.9,118.49,118.49,6666.0,1768901100.0,2026-01-20 14:55:00+05:30
118.6,118.6,118.01,118.22,2531.0,1768901400.0,2026-01-20 15:00:00+05:30
118.31,118.51,118.0,118.37,10706.0,1768901700.0,2026-01-20 15:05:00+05:30
118.24,118.36,117.75,118.1,9024.0,1768902000.0,2026-01-20 15:10:00+05:30
118.5,119.0,118.5,118.5,8450.0,1768902300.0,2026-01-20 15:15:00+05:30
118.66,118.66,118.45,118.45,2466.0,1768902600.0,2026-01-20 15:20:00+05:30
118.32,118.5,117.3,117.8,14088.0,1768902900.0,2026-01-20 15:25:00+05:30
116.45,117.94,116.41,116.42,18287.0,1768967100.0,2026-01-21 09:15:00+05:30
116.8,116.8,115.86,116.76,14978.0,1768967400.0,2026-01-21 09:20:00+05:30
116.95,117.51,116.06,116.06,22017.0,1768967700.0,2026-01-21 09:25:00+05:30
116.2,116.6,115.96,116.53,3588.0,1768968000.0,2026-01-21 09:30:00+05:30
116.35,116.35,115.62,116.05,3328.0,1768968300.0,2026-01-21 09:35:00+05:30
115.83,116.41,115.78,116.06,5165.0,1768968600.0,2026-01-21 09:40:00+05:30
116.13,116.6,115.97,116.37,3764.0,1768968900.0,2026-01-21 09:45:00+05:30
116.47,116.8,116.28,116.34,3493.0,1768969200.0,2026-01-21 09:50:00+05:30
116.34,116.4,115.79,115.89,8282.0,1768969500.0,2026-01-21 09:55:00+05:30
116.04,116.38,115.86,116.06,7334.0,1768969800.0,2026-01-21 10:00:00+05:30
116.04,116.11,115.6,115.64,5355.0,1768970100.0,2026-01-21 10:05:00+05:30
115.61,115.95,115.51,115.69,3988.0,1768970400.0,2026-01-21 10:10:00+05:30
115.76,115.76,115.52,115.69,4859.0,1768970700.0,2026-01-21 10:15:00+05:30
115.87,115.87,115.2,115.2,6106.0,1768971000.0,2026-01-21 10:20:00+05:30
115.27,115.41,114.8,115.0,10464.0,1768971300.0,2026-01-21 10:25:00+05:30
115.0,115.15,114.68,114.91,2298.0,1768971600.0,2026-01-21 10:30:00+05:30
114.91,114.95,114.0,114.5,20815.0,1768971900.0,2026-01-21 10:35:00+05:30
114.18,114.21,113.72,113.83,5588.0,1768972200.0,2026-01-21 10:40:00+05:30
113.84,114.16,113.67,113.98,8784.0,1768972500.0,2026-01-21 10:45:00+05:30
113.98,114.37,113.83,114.21,5699.0,1768972800.0,2026-01-21 10:50:00+05:30
114.21,114.37,113.76,114.37,6958.0,1768973100.0,2026-01-21 10:55:00+05:30
114.39,115.23,114.15,115.23,2528.0,1768973400.0,2026-01-21 11:00:00+05:30
115.23,116.12,115.12,115.92,13695.0,1768973700.0,2026-01-21 11:05:00+05:30
115.76,116.02,115.42,115.63,2254.0,1768974000.0,2026-01-21 11:10:00+05:30
115.42,115.76,115.42,115.64,2615.0,1768974300.0,2026-01-21 11:15:00+05:30
115.77,116.07,115.61,115.61,6735.0,1768974600.0,2026-01-21 11:20:00+05:30
115.61,116.08,115.58,115.85,7357.0,1768974900.0,2026-01-21 11:25:00+05:30
115.97,116.36,115.9,116.0,15466.0,1768975200.0,2026-01-21 11:30:00+05:30
115.99,116.37,115.86,116.21,3766.0,1768975500.0,2026-01-21 11:35:00+05:30
116.13,116.25,115.82,115.98,773.0,1768975800.0,2026-01-21 11:40:00+05:30
115.98,116.0,115.88,115.88,1605.0,1768976100.0,2026-01-21 11:45:00+05:30
115.88,115.98,115.8,115.93,366.0,1768976400.0,2026-01-21 11:50:00+05:30
116.0,116.0,115.85,115.85,639.0,1768976700.0,2026-01-21 11:55:00+05:30
115.9,116.1,115.8,116.1,11387.0,1768977000.0,2026-01-21 12:00:00+05:30
116.17,116.58,116.02,116.43,6988.0,1768977300.0,2026-01-21 12:05:00+05:30
116.56,116.61,116.24,116.24,3244.0,1768977600.0,2026-01-21 12:10:00+05:30
116.48,116.55,116.41,116.41,1110.0,1768977900.0,2026-01-21 12:15:00+05:30
116.57,116.61,116.41,116.6,814.0,1768978200.0,2026-01-21 12:20:00+05:30
116.55,116.6,116.37,116.6,3536.0,1768978500.0,2026-01-21 12:25:00+05:30
116.6,116.65,116.46,116.65,1335.0,1768978800.0,2026-01-21 12:30:00+05:30
116.59,116.59,116.34,116.43,1145.0,1768979100.0,2026-01-21 12:35:00+05:30
116.59,116.62,116.4,116.4,1063.0,1768979400.0,2026-01-21 12:40:00+05:30
116.43,116.47,116.38,116.38,332.0,1768979700.0,2026-01-21 12:45:00+05:30
116.54,116.54,116.34,116.34,1211.0,1768980000.0,2026-01-21 12:50:00+05:30
116.45,116.7,116.45,116.61,8942.0,1768980300.0,2026-01-21 12:55:00+05:30
116.6,116.88,116.6,116.88,6305.0,1768980600.0,2026-01-21 13:00:00+05:30
117.0,117.0,116.91,117.0,1819.0,1768980900.0,2026-01-21 13:05:00+05:30
117.0,117.06,116.93,116.94,1982.0,1768981200.0,2026-01-21 13:10:00+05:30
116.94,116.94,116.81,116.81,100.0,1768981500.0,2026-01-21 13:15:00+05:30
116.85,116.85,116.65,116.75,371.0,1768981800.0,2026-01-21 13:20:00+05:30
116.75,116.94,116.75,116.84,211.0,1768982100.0,2026-01-21 13:25:00+05:30
116.84,116.84,116.7,116.7,523.0,1768982400.0,2026-01-21 13:30:00+05:30
116.73,116.73,116.73,116.73,24.0,1768982700.0,2026-01-21 13:35:00+05:30
116.83,116.83,116.73,116.73,190.0,1768983000.0,2026-01-21 13:40:00+05:30
116.86,116.86,116.6,116.6,663.0,1768983300.0,2026-01-21 13:45:00+05:30
116.75,116.81,116.48,116.48,3398.0,1768983600.0,2026-01-21 13:50:00+05:30
116.51,116.51,116.38,116.38,148.0,1768983900.0,2026-01-21 13:55:00+05:30
116.38,116.52,116.38,116.48,1089.0,1768984200.0,2026-01-21 14:00:00+05:30
116.43,116.77,116.43,116.67,3024.0,1768984500.0,2026-01-21 14:05:00+05:30
116.77,116.77,116.5,116.5,208.0,1768984800.0,2026-01-21 14:10:00+05:30
116.39,116.61,116.39,116.61,830.0,1768985100.0,2026-01-21 14:15:00+05:30
116.61,116.61,116.51,116.51,161.0,1768985400.0,2026-01-21 14:20:00+05:30
116.51,116.66,116.51,116.51,1344.0,1768985700.0,2026-01-21 14:25:00+05:30
116.63,116.82,116.63,116.76,1087.0,1768986000.0,2026-01-21 14:30:00+05:30
116.74,116.8,116.6,116.62,2615.0,1768986300.0,2026-01-21 14:35:00+05:30
116.62,116.74,116.62,116.74,10.0,1768986600.0,2026-01-21 14:40:00+05:30
116.74,116.79,116.65,116.65,772.0,1768986900.0,2026-01-21 14:45:00+05:30
116.65,116.71,116.62,116.62,128.0,1768987200.0,2026-01-21 14:50:00+05:30
116.62,116.7,116.62,116.7,212.0,1768987500.0,2026-01-21 14:55:00+05:30
116.7,116.72,116.53,116.63,971.0,1768987800.0,2026-01-21 15:00:00+05:30
116.53,116.86,116.53,116.64,3725.0,1768988100.0,2026-01-21 15:05:00+05:30
116.88,117.12,116.59,116.82,6569.0,1768988400.0,2026-01-21 15:10:00+05:30
116.82,117.2,116.63,117.01,7062.0,1768988700.0,2026-01-21 15:15:00+05:30
117.16,117.7,117.09,117.7,9318.0,1768989000.0,2026-01-21 15:20:00+05:30
117.77,118.57,117.0,118.12,16384.0,1768989300.0,2026-01-21 15:25:00+05:30
117.62,118.91,117.43,117.43,17862.0,1769053500.0,2026-01-22 09:15:00+05:30
117.66,117.88,117.39,117.55,3319.0,1769053800.0,2026-01-22 09:20:00+05:30
117.71,119.12,117.69,118.61,7702.0,1769054100.0,2026-01-22 09:25:00+05:30
118.6,119.53,118.6,118.74,4896.0,1769054400.0,2026-01-22 09:30:00+05:30
118.84,119.07,118.72,118.72,1931.0,1769054700.0,2026-01-22 09:35:00+05:30
118.99,118.99,118.67,118.99,1810.0,1769055000.0,2026-01-22 09:40:00+05:30
118.82,119.01,118.71,118.91,1597.0,1769055300.0,2026-01-22 09:45:00+05:30
118.87,118.9,118.01,118.01,11297.0,1769055600.0,2026-01-22 09:50:00+05:30
118.03,118.11,117.51,117.69,3072.0,1769055900.0,2026-01-22 09:55:00+05:30
117.67,117.89,117.54,117.89,5949.0,1769056200.0,2026-01-22 10:00:00+05:30
117.91,118.07,117.32,117.32,4106.0,1769056500.0,2026-01-22 10:05:00+05:30
117.57,117.71,117.57,117.7,440.0,1769056800.0,2026-01-22 10:10:00+05:30
117.66,117.66,117.27,117.27,1210.0,1769057100.0,2026-01-22 10:15:00+05:30
117.18,117.41,117.09,117.38,745.0,1769057400.0,2026-01-22 10:20:00+05:30
117.54,117.54,117.15,117.18,1182.0,1769057700.0,2026-01-22 10:25:00+05:30
117.08,117.18,116.83,117.04,4835.0,1769058000.0,2026-01-22 10:30:00+05:30
117.2,117.21,116.94,116.98,723.0,1769058300.0,2026-01-22 10:35:00+05:30
116.9,117.03,116.81,116.81,1207.0,1769058600.0,2026-01-22 10:40:00+05:30
116.97,116.99,116.64,116.64,1540.0,1769058900.0,2026-01-22 10:45:00+05:30
116.54,116.79,116.54,116.58,1576.0,1769059200.0,2026-01-22 10:50:00+05:30
116.71,116.73,116.55,116.62,983.0,1769059500.0,2026-01-22 10:55:00+05:30
116.75,116.83,116.51,116.81,1498.0,1769059800.0,2026-01-22 11:00:00+05:30
116.7,116.79,116.5,116.5,1885.0,1769060100.0,2026-01-22 11:05:00+05:30
116.59,116.63,116.39,116.39,1872.0,1769060400.0,2026-01-22 11:10:00+05:30
116.39,116.62,116.39,116.43,936.0,1769060700.0,2026-01-22 11:15:00+05:30
116.43,116.58,116.43,116.58,128.0,1769061000.0,2026-01-22 11:20:00+05:30
116.58,116.73,116.48,116.73,1164.0,1769061300.0,2026-01-22 11:25:00+05:30
116.58,116.58,116.44,116.44,1667.0,1769061600.0,2026-01-22 11:30:00+05:30
116.44,116.53,116.27,116.43,2337.0,1769061900.0,2026-01-22 11:35:00+05:30
116.3,116.38,115.7,115.8,9014.0,1769062200.0,2026-01-22 11:40:00+05:30
115.8,115.98,115.8,115.97,296.0,1769062500.0,2026-01-22 11:45:00+05:30
116.1,116.22,116.01,116.1,1351.0,1769062800.0,2026-01-22 11:50:00+05:30
116.21,116.21,116.1,116.16,251.0,1769063100.0,2026-01-22 11:55:00+05:30
116.16,116.16,115.91,116.07,1510.0,1769063400.0,2026-01-22 12:00:00+05:30
115.94,116.0,115.94,115.95,390.0,1769063700.0,2026-01-22 12:05:00+05:30
116.09,116.1,116.09,116.1,92.0,1769064000.0,2026-01-22 12:10:00+05:30
116.1,116.11,115.9,115.9,835.0,1769064300.0,2026-01-22 12:15:00+05:30
115.9,116.11,115.9,116.03,216.0,1769064600.0,2026-01-22 12:20:00+05:30
116.03,116.09,116.03,116.03,254.0,1769064900.0,2026-01-22 12:25:00+05:30
115.95,116.06,115.9,115.9,2147.0,1769065200.0,2026-01-22 12:30:00+05:30
115.9,116.06,115.9,116.06,122.0,1769065500.0,2026-01-22 12:35:00+05:30
116.06,116.11,116.0,116.0,429.0,1769065800.0,2026-01-22 12:40:00+05:30
115.95,116.1,115.94,115.94,116.0,1769066100.0,2026-01-22 12:45:00+05:30
115.94,116.11,115.94,115.98,12.0,1769066400.0,2026-01-22 12:50:00+05:30
115.98,116.15,115.98,116.15,456.0,1769066700.0,2026-01-22 12:55:00+05:30
116.11,116.14,116.11,116.14,7.0,1769067000.0,2026-01-22 13:00:00+05:30
116.14,116.2,116.1,116.19,106.0,1769067300.0,2026-01-22 13:05:00+05:30
116.2,116.4,115.99,115.99,1706.0,1769067600.0,2026-01-22 13:10:00+05:30
115.97,116.05,115.9,115.91,375.0,1769067900.0,2026-01-22 13:15:00+05:30
115.91,116.17,115.87,116.05,1723.0,1769068200.0,2026-01-22 13:20:00+05:30
116.1,116.1,116.02,116.02,30.0,1769068500.0,2026-01-22 13:25:00+05:30
116.02,116.02,115.8,115.97,524.0,1769068800.0,2026-01-22 13:30:00+05:30
115.85,115.98,115.74,115.95,1026.0,1769069100.0,2026-01-22 13:35:00+05:30
115.95,116.03,115.95,116.03,96.0,1769069400.0,2026-01-22 13:40:00+05:30
116.03,116.03,115.81,116.03,1604.0,1769069700.0,2026-01-22 13:45:00+05:30
116.0,116.0,115.8,115.9,2498.0,1769070000.0,2026-01-22 13:50:00+05:30
115.9,115.97,115.74,115.91,909.0,1769070300.0,2026-01-22 13:55:00+05:30
115.91,116.0,115.83,115.83,372.0,1769070600.0,2026-01-22 14:00:00+05:30
115.84,116.19,115.84,115.97,538.0,1769070900.0,2026-01-22 14:05:00+05:30
115.97,116.03,115.96,115.96,171.0,1769071200.0,2026-01-22 14:10:00+05:30
115.96,115.96,115.73,115.91,1185.0,1769071500.0,2026-01-22 14:15:00+05:30
115.91,115.91,115.74,115.74,115.0,1769071800.0,2026-01-22 14:20:00+05:30
115.79,116.13,115.79,116.13,725.0,1769072100.0,2026-01-22 14:25:00+05:30
116.13,116.13,115.74,116.0,2150.0,1769072400.0,2026-01-22 14:30:00+05:30
116.0,116.0,115.96,115.96,10.0,1769072700.0,2026-01-22 14:35:00+05:30
115.98,115.98,115.81,115.95,559.0,1769073000.0,2026-01-22 14:40:00+05:30
115.95,116.13,115.78,115.85,1717.0,1769073300.0,2026-01-22 14:45:00+05:30
115.99,116.13,115.91,116.0,1681.0,1769073600.0,2026-01-22 14:50:00+05:30
116.13,116.28,116.0,116.23,1639.0,1769073900.0,2026-01-22 14:55:00+05:30
116.1,116.1,115.85,115.94,3257.0,1769074200.0,2026-01-22 15:00:00+05:30
115.93,116.24,115.86,116.21,15719.0,1769074500.0,2026-01-22 15:05:00+05:30
116.34,116.48,115.92,116.23,2917.0,1769074800.0,2026-01-22 15:10:00+05:30
116.25,116.25,115.88,116.19,8197.0,1769075100.0,2026-01-22 15:15:00+05:30
116.12,116.45,116.02,116.24,9219.0,1769075400.0,2026-01-22 15:20:00+05:30
116.53,116.9,116.45,116.5,4924.0,1769075700.0,2026-01-22 15:25:00+05:30
116.42,116.76,114.84,115.04,12036.0,1769139900.0,2026-01-23 09:15:00+05:30
115.34,115.6,115.14,115.27,7796.0,1769140200.0,2026-01-23 09:20:00+05:30
115.27,116.34,115.21,116.34,6200.0,1769140500.0,2026-01-23 09:25:00+05:30
116.23,116.23,115.78,116.03,3099.0,1769140800.0,2026-01-23 09:30:00+05:30
116.03,116.19,115.77,115.84,3322.0,1769141100.0,2026-01-23 09:35:00+05:30
115.89,115.95,115.49,115.64,1602.0,1769141400.0,2026-01-23 09:40:00+05:30
115.83,115.83,115.45,115.52,540.0,1769141700.0,2026-01-23 09:45:00+05:30
115.79,115.79,115.43,115.43,632.0,1769142000.0,2026-01-23 09:50:00+05:30
115.52,115.52,115.15,115.35,1731.0,1769142300.0,2026-01-23 09:55:00+05:30
115.35,115.35,115.19,115.28,794.0,1769142600.0,2026-01-23 10:00:00+05:30
115.34,115.76,115.34,115.74,3294.0,1769142900.0,2026-01-23 10:05:00+05:30
115.51,115.72,115.22,115.3,1014.0,1769143200.0,2026-01-23 10:10:00+05:30
115.3,115.38,115.25,115.25,176.0,1769143500.0,2026-01-23 10:15:00+05:30
115.39,115.52,115.26,115.52,1261.0,1769143800.0,2026-01-23 10:20:00+05:30
115.36,115.68,115.3,115.47,2173.0,1769144100.0,2026-01-23 10:25:00+05:30
115.47,115.67,115.43,115.43,314.0,1769144400.0,2026-01-23 10:30:00+05:30
115.33,115.35,115.0,115.21,3354.0,1769144700.0,2026-01-23 10:35:00+05:30
115.04,115.24,114.86,115.0,3734.0,1769145000.0,2026-01-23 10:40:00+05:30
114.95,115.04,114.71,114.91,1265.0,1769145300.0,2026-01-23 10:45:00+05:30
114.89,114.89,114.6,114.69,2674.0,1769145600.0,2026-01-23 10:50:00+05:30
114.69,114.88,114.69,114.73,113.0,1769145900.0,2026-01-23 10:55:00+05:30
114.75,114.85,114.69,114.7,783.0,1769146200.0,2026-01-23 11:00:00+05:30
114.71,114.75,114.54,114.54,1007.0,1769146500.0,2026-01-23 11:05:00+05:30
114.57,114.92,114.57,114.67,1728.0,1769146800.0,2026-01-23 11:10:00+05:30
114.67,114.93,114.67,114.93,1170.0,1769147100.0,2026-01-23 11:15:00+05:30
114.75,114.91,114.74,114.91,17.0,1769147400.0,2026-01-23 11:20:00+05:30
114.91,114.91,114.59,114.59,2348.0,1769147700.0,2026-01-23 11:25:00+05:30
114.59,114.83,114.59,114.83,405.0,1769148000.0,2026-01-23 11:30:00+05:30
114.83,114.83,114.66,114.66,122.0,1769148300.0,2026-01-23 11:35:00+05:30
114.66,114.82,114.6,114.7,282.0,1769148600.0,2026-01-23 11:40:00+05:30
114.7,114.82,114.54,114.6,1549.0,1769148900.0,2026-01-23 11:45:00+05:30
114.6,114.6,114.6,114.6,0.0,1769149200.0,2026-01-23 11:50:00+05:30
114.77,114.98,114.71,114.98,828.0,1769149500.0,2026-01-23 11:55:00+05:30
114.86,114.98,114.73,114.94,463.0,1769149800.0,2026-01-23 12:00:00+05:30
114.94,114.94,114.64,114.77,7970.0,1769150100.0,2026-01-23 12:05:00+05:30
114.77,114.83,114.6,114.8,888.0,1769150400.0,2026-01-23 12:10:00+05:30
114.8,114.86,114.66,114.7,608.0,1769150700.0,2026-01-23 12:15:00+05:30
114.86,114.86,114.55,114.55,1435.0,1769151000.0,2026-01-23 12:20:00+05:30
114.57,114.71,114.57,114.71,254.0,1769151300.0,2026-01-23 12:25:00+05:30
114.71,114.71,114.59,114.61,110.0,1769151600.0,2026-01-23 12:30:00+05:30
114.6,114.75,114.48,114.54,5617.0,1769151900.0,2026-01-23 12:35:00+05:30
114.17,114.22,113.43,113.94,31196.0,1769152200.0,2026-01-23 12:40:00+05:30
114.03,114.1,113.59,113.78,1667.0,1769152500.0,2026-01-23 12:45:00+05:30
113.81,113.81,113.5,113.69,2981.0,1769152800.0,2026-01-23 12:50:00+05:30
113.7,113.7,112.62,113.29,13815.0,1769153100.0,2026-01-23 12:55:00+05:30
113.2,113.29,113.13,113.25,1758.0,1769153400.0,2026-01-23 13:00:00+05:30
113.25,113.25,113.04,113.04,680.0,1769153700.0,2026-01-23 13:05:00+05:30
113.0,113.0,112.41,112.9,6700.0,1769154000.0,2026-01-23 13:10:00+05:30
112.9,112.95,112.63,112.71,2297.0,1769154300.0,2026-01-23 13:15:00+05:30
112.71,112.96,112.5,112.92,8629.0,1769154600.0,2026-01-23 13:20:00+05:30
112.11,112.52,112.11,112.23,9499.0,1769154900.0,2026-01-23 13:25:00+05:30
112.25,112.25,112.0,112.13,2454.0,1769155200.0,2026-01-23 13:30:00+05:30
112.14,112.14,110.98,111.45,20826.0,1769155500.0,2026-01-23 13:35:00+05:30
110.96,111.36,110.89,111.23,28143.0,1769155800.0,2026-01-23 13:40:00+05:30
111.38,111.6,111.29,111.32,5686.0,1769156100.0,2026-01-23 13:45:00+05:30
111.47,111.9,111.47,111.89,2936.0,1769156400.0,2026-01-23 13:50:00+05:30
111.89,111.97,111.48,111.73,2652.0,1769156700.0,2026-01-23 13:55:00+05:30
111.73,111.97,111.65,111.94,2621.0,1769157000.0,2026-01-23 14:00:00+05:30
111.98,111.98,111.72,111.74,999.0,1769157300.0,2026-01-23 14:05:00+05:30
111.74,111.89,111.56,111.89,2262.0,1769157600.0,2026-01-23 14:10:00+05:30
111.65,112.17,111.65,112.01,5149.0,1769157900.0,2026-01-23 14:15:00+05:30
112.16,112.22,111.87,111.87,544.0,1769158200.0,2026-01-23 14:20:00+05:30
111.84,112.24,111.84,112.16,930.0,1769158500.0,2026-01-23 14:25:00+05:30
112.3,112.35,112.07,112.22,738.0,1769158800.0,2026-01-23 14:30:00+05:30
112.24,112.32,112.06,112.27,2079.0,1769159100.0,2026-01-23 14:35:00+05:30
112.25,112.27,112.0,112.1,6123.0,1769159400.0,2026-01-23 14:40:00+05:30
112.13,112.34,112.09,112.28,1359.0,1769159700.0,2026-01-23 14:45:00+05:30
112.35,112.35,112.0,112.23,795.0,1769160000.0,2026-01-23 14:50:00+05:30
112.31,112.41,112.2,112.36,1911.0,1769160300.0,2026-01-23 14:55:00+05:30
112.28,112.28,112.02,112.18,5680.0,1769160600.0,2026-01-23 15:00:00+05:30
112.02,112.59,112.0,112.16,10322.0,1769160900.0,2026-01-23 15:05:00+05:30
112.15,112.15,111.68,111.72,5859.0,1769161200.0,2026-01-23 15:10:00+05:30
111.72,111.88,111.25,111.55,11724.0,1769161500.0,2026-01-23 15:15:00+05:30
111.33,112.37,111.3,111.9,13817.0,1769161800.0,2026-01-23 15:20:00+05:30
112.11,112.5,111.53,112.0,8441.0,1769162100.0,2026-01-23 15:25:00+05:30
113.37,113.37,110.77,110.77,10066.0,1769485500.0,2026-01-27 09:15:00+05:30
110.66,111.33,109.83,111.33,22896.0,1769485800.0,2026-01-27 09:20:00+05:30
111.15,111.98,110.94,111.42,5973.0,1769486100.0,2026-01-27 09:25:00+05:30
111.28,111.34,110.69,110.94,7313.0,1769486400.0,2026-01-27 09:30:00+05:30
110.84,111.85,110.84,111.82,6945.0,1769486700.0,2026-01-27 09:35:00+05:30
111.6,111.6,111.11,111.24,1638.0,1769487000.0,2026-01-27 09:40:00+05:30
111.24,111.44,110.16,110.4,15886.0,1769487300.0,2026-01-27 09:45:00+05:30
110.31,110.59,110.22,110.26,3838.0,1769487600.0,2026-01-27 09:50:00+05:30
110.37,110.7,110.05,110.44,11028.0,1769487900.0,2026-01-27 09:55:00+05:30
110.45,110.85,110.32,110.76,4532.0,1769488200.0,2026-01-27 10:00:00+05:30
110.62,110.81,110.34,110.62,2429.0,1769488500.0,2026-01-27 10:05:00+05:30
110.62,110.63,110.5,110.63,667.0,1769488800.0,2026-01-27 10:10:00+05:30
110.63,110.68,110.5,110.66,1053.0,1769489100.0,2026-01-27 10:15:00+05:30
110.44,110.56,110.25,110.32,3298.0,1769489400.0,2026-01-27 10:20:00+05:30
110.32,110.39,110.05,110.09,5508.0,1769489700.0,2026-01-27 10:25:00+05:30
110.01,110.35,109.83,110.17,12960.0,1769490000.0,2026-01-27 10:30:00+05:30
110.18,110.18,109.5,109.51,9146.0,1769490300.0,2026-01-27 10:35:00+05:30
109.64,109.64,109.06,109.1,7003.0,1769490600.0,2026-01-27 10:40:00+05:30
109.06,109.06,108.02,108.44,14865.0,1769490900.0,2026-01-27 10:45:00+05:30
108.44,108.44,108.23,108.44,2585.0,1769491200.0,2026-01-27 10:50:00+05:30
108.44,108.49,108.1,108.1,3003.0,1769491500.0,2026-01-27 10:55:00+05:30
108.19,108.59,108.19,108.44,5958.0,1769491800.0,2026-01-27 11:00:00+05:30
108.52,108.6,108.27,108.48,6303.0,1769492100.0,2026-01-27 11:05:00+05:30
108.48,108.59,108.3,108.39,4305.0,1769492400.0,2026-01-27 11:10:00+05:30
108.39,108.4,108.28,108.35,306.0,1769492700.0,2026-01-27 11:15:00+05:30
108.35,108.49,108.16,108.19,1905.0,1769493000.0,2026-01-27 11:20:00+05:30
108.16,108.4,108.14,108.3,800.0,1769493300.0,2026-01-27 11:25:00+05:30
108.3,108.84,108.3,108.69,4076.0,1769493600.0,2026-01-27 11:30:00+05:30
108.67,109.89,108.67,109.89,13735.0,1769493900.0,2026-01-27 11:35:00+05:30
109.89,110.31,109.79,109.93,3734.0,1769494200.0,2026-01-27 11:40:00+05:30
110.05,110.11,109.84,109.84,6473.0,1769494500.0,2026-01-27 11:45:00+05:30
109.7,110.29,109.7,110.16,4643.0,1769494800.0,2026-01-27 11:50:00+05:30
110.02,110.07,109.89,109.89,745.0,1769495100.0,2026-01-27 11:55:00+05:30
109.89,109.95,109.7,109.7,625.0,1769495400.0,2026-01-27 12:00:00+05:30
109.7,109.86,109.53,109.8,3172.0,1769495700.0,2026-01-27 12:05:00+05:30
109.8,109.8,109.6,109.75,479.0,1769496000.0,2026-01-27 12:10:00+05:30
109.76,109.76,109.1,109.1,1796.0,1769496300.0,2026-01-27 12:15:00+05:30
109.1,109.46,109.1,109.46,1307.0,1769496600.0,2026-01-27 12:20:00+05:30
109.51,109.51,109.11,109.11,1531.0,1769496900.0,2026-01-27 12:25:00+05:30
109.27,109.27,109.0,109.27,2179.0,1769497200.0,2026-01-27 12:30:00+05:30
109.27,109.27,108.97,108.97,13690.0,1769497500.0,2026-01-27 12:35:00+05:30
108.97,109.16,108.94,109.16,16570.0,1769497800.0,2026-01-27 12:40:00+05:30
109.15,109.19,109.0,109.0,1585.0,1769498100.0,2026-01-27 12:45:00+05:30
109.03,109.19,108.85,109.19,127.0,1769498400.0,2026-01-27 12:50:00+05:30
109.05,109.17,108.85,108.96,648.0,1769498700.0,2026-01-27 12:55:00+05:30
108.86,108.98,108.81,108.97,604.0,1769499000.0,2026-01-27 13:00:00+05:30
108.98,109.11,108.96,109.11,1187.0,1769499300.0,2026-01-27 13:05:00+05:30
109.15,109.15,108.92,109.02,4695.0,1769499600.0,2026-01-27 13:10:00+05:30
109.03,109.03,108.81,108.81,2055.0,1769499900.0,2026-01-27 13:15:00+05:30
108.8,108.94,108.72,108.94,2151.0,1769500200.0,2026-01-27 13:20:00+05:30
108.77,109.03,108.75,109.03,2128.0,1769500500.0,2026-01-27 13:25:00+05:30
108.9,109.2,108.81,108.95,4334.0,1769500800.0,2026-01-27 13:30:00+05:30
108.93,108.93,108.48,108.48,2753.0,1769501100.0,2026-01-27 13:35:00+05:30
108.47,108.5,108.3,108.5,2743.0,1769501400.0,2026-01-27 13:40:00+05:30
108.5,108.6,108.43,108.56,1005.0,1769501700.0,2026-01-27 13:45:00+05:30
108.6,108.64,108.55,108.64,1709.0,1769502000.0,2026-01-27 13:50:00+05:30
108.61,108.61,108.13,108.13,2668.0,1769502300.0,2026-01-27 13:55:00+05:30
108.32,108.35,108.01,108.05,1601.0,1769502600.0,2026-01-27 14:00:00+05:30
107.95,108.15,107.7,108.08,6085.0,1769502900.0,2026-01-27 14:05:00+05:30
108.08,108.24,108.08,108.2,602.0,1769503200.0,2026-01-27 14:10:00+05:30
108.2,108.24,108.0,108.04,2753.0,1769503500.0,2026-01-27 14:15:00+05:30
108.15,108.26,108.0,108.19,3038.0,1769503800.0,2026-01-27 14:20:00+05:30
108.08,108.24,107.53,107.85,11711.0,1769504100.0,2026-01-27 14:25:00+05:30
107.84,108.18,107.77,108.17,1648.0,1769504400.0,2026-01-27 14:30:00+05:30
108.18,108.29,108.13,108.29,809.0,1769504700.0,2026-01-27 14:35:00+05:30
108.29,108.47,107.81,108.18,6326.0,1769505000.0,2026-01-27 14:40:00+05:30
108.24,108.4,108.24,108.24,1802.0,1769505300.0,2026-01-27 14:45:00+05:30
108.23,108.4,108.05,108.29,2085.0,1769505600.0,2026-01-27 14:50:00+05:30
108.33,108.46,108.17,108.45,2887.0,1769505900.0,2026-01-27 14:55:00+05:30
108.45,108.45,107.82,108.03,8521.0,1769506200.0,2026-01-27 15:00:00+05:30
108.04,110.85,108.04,109.84,30442.0,1769506500.0,2026-01-27 15:05:00+05:30
109.84,110.1,109.52,109.77,6591.0,1769506800.0,2026-01-27 15:10:00+05:30
109.77,110.4,109.77,109.92,10826.0,1769507100.0,2026-01-27 15:15:00+05:30
109.92,110.94,109.64,110.8,6728.0,1769507400.0,2026-01-27 15:20:00+05:30
110.85,110.94,110.1,110.94,6977.0,1769507700.0,2026-01-27 15:25:00+05:30
110.41,113.56,110.41,113.11,14975.0,1769571900.0,2026-01-28 09:15:00+05:30
113.1,114.15,112.94,113.65,39516.0,1769572200.0,2026-01-28 09:20:00+05:30
113.71,113.79,113.42,113.42,7071.0,1769572500.0,2026-01-28 09:25:00+05:30
113.66,115.59,113.55,115.54,23460.0,1769572800.0,2026-01-28 09:30:00+05:30
115.34,117.3,115.34,116.88,67883.0,1769573100.0,2026-01-28 09:35:00+05:30
116.98,116.98,115.32,115.86,67481.0,1769573400.0,2026-01-28 09:40:00+05:30
115.86,116.44,115.34,116.44,13540.0,1769573700.0,2026-01-28 09:45:00+05:30
116.42,116.42,115.44,115.86,8550.0,1769574000.0,2026-01-28 09:50:00+05:30
115.71,119.36,115.64,119.15,52900.0,1769574300.0,2026-01-28 09:55:00+05:30
119.1,120.1,117.01,119.07,146299.0,1769574600.0,2026-01-28 10:00:00+05:30
118.91,119.37,117.01,117.05,84748.0,1769574900.0,2026-01-28 10:05:00+05:30
117.02,118.67,116.12,118.19,62757.0,1769575200.0,2026-01-28 10:10:00+05:30
118.0,120.47,118.0,120.01,119174.0,1769575500.0,2026-01-28 10:15:00+05:30
120.19,123.78,120.01,122.31,298198.0,1769575800.0,2026-01-28 10:20:00+05:30
122.52,122.82,121.42,121.8,159226.0,1769576100.0,2026-01-28 10:25:00+05:30
121.83,123.48,121.32,123.0,141842.0,1769576400.0,2026-01-28 10:30:00+05:30
123.0,123.0,121.11,121.61,115928.0,1769576700.0,2026-01-28 10:35:00+05:30
121.66,122.4,121.55,121.98,54007.0,1769577000.0,2026-01-28 10:40:00+05:30
121.97,123.38,121.5,123.13,84710.0,1769577300.0,2026-01-28 10:45:00+05:30
123.24,123.35,121.52,121.79,100546.0,1769577600.0,2026-01-28 10:50:00+05:30
121.64,121.78,121.0,121.44,73316.0,1769577900.0,2026-01-28 10:55:00+05:30
121.11,121.41,120.46,120.85,113816.0,1769578200.0,2026-01-28 11:00:00+05:30
120.99,121.59,120.85,121.29,38349.0,1769578500.0,2026-01-28 11:05:00+05:30
121.28,121.28,120.2,120.5,48486.0,1769578800.0,2026-01-28 11:10:00+05:30
120.53,121.0,119.77,120.2,76179.0,1769579100.0,2026-01-28 11:15:00+05:30
120.22,120.81,119.9,120.8,25167.0,1769579400.0,2026-01-28 11:20:00+05:30
120.6,121.67,120.04,121.36,86987.0,1769579700.0,2026-01-28 11:25:00+05:30
121.22,121.48,120.96,121.32,11652.0,1769580000.0,2026-01-28 11:30:00+05:30
121.14,121.9,120.6,120.61,31424.0,1769580300.0,2026-01-28 11:35:00+05:30
120.6,120.9,120.5,120.5,13967.0,1769580600.0,2026-01-28 11:40:00+05:30
120.5,120.97,120.5,120.85,5016.0,1769580900.0,2026-01-28 11:45:00+05:30
120.66,120.9,120.66,120.76,2003.0,1769581200.0,2026-01-28 11:50:00+05:30
120.77,122.64,120.77,121.16,84127.0,1769581500.0,2026-01-28 11:55:00+05:30
121.14,121.5,121.0,121.16,25198.0,1769581800.0,2026-01-28 12:00:00+05:30
121.14,121.84,121.04,121.84,26581.0,1769582100.0,2026-01-28 12:05:00+05:30
121.7,123.6,121.7,122.28,121822.0,1769582400.0,2026-01-28 12:10:00+05:30
122.35,122.6,121.75,122.12,59736.0,1769582700.0,2026-01-28 12:15:00+05:30
122.12,122.7,121.9,122.12,39236.0,1769583000.0,2026-01-28 12:20:00+05:30
122.13,122.4,121.9,122.02,27443.0,1769583300.0,2026-01-28 12:25:00+05:30
122.04,124.44,121.17,123.22,176753.0,1769583600.0,2026-01-28 12:30:00+05:30
123.22,124.2,122.74,123.24,121176.0,1769583900.0,2026-01-28 12:35:00+05:30
123.4,123.9,123.2,123.34,66709.0,1769584200.0,2026-01-28 12:40:00+05:30
123.2,124.83,123.0,124.36,99407.0,1769584500.0,2026-01-28 12:45:00+05:30
124.36,124.36,123.33,123.53,54760.0,1769584800.0,2026-01-28 12:50:00+05:30
123.43,123.57,122.57,122.88,73175.0,1769585100.0,2026-01-28 12:55:00+05:30
122.93,123.72,122.88,122.88,40837.0,1769585400.0,2026-01-28 13:00:00+05:30
123.0,123.07,122.77,122.92,22259.0,1769585700.0,2026-01-28 13:05:00+05:30
122.92,124.07,122.71,123.8,84254.0,1769586000.0,2026-01-28 13:10:00+05:30
124.15,126.61,123.8,125.94,193322.0,1769586300.0,2026-01-28 13:15:00+05:30
126.13,131.71,125.35,127.57,1420638.0,1769586600.0,2026-01-28 13:20:00+05:30
127.82,127.82,126.17,126.17,234626.0,1769586900.0,2026-01-28 13:25:00+05:30
126.16,127.75,126.0,127.32,188284.0,1769587200.0,2026-01-28 13:30:00+05:30
127.3,127.47,126.18,126.98,73159.0,1769587500.0,2026-01-28 13:35:00+05:30
126.99,127.38,126.92,127.38,82743.0,1769587800.0,2026-01-28 13:40:00+05:30
127.39,127.48,126.0,126.67,83991.0,1769588100.0,2026-01-28 13:45:00+05:30
126.68,126.75,126.3,126.7,31773.0,1769588400.0,2026-01-28 13:50:00+05:30
126.7,126.75,126.3,126.3,16905.0,1769588700.0,2026-01-28 13:55:00+05:30
126.3,126.6,126.0,126.6,39846.0,1769589000.0,2026-01-28 14:00:00+05:30
126.47,126.8,126.12,126.38,22981.0,1769589300.0,2026-01-28 14:05:00+05:30
126.31,126.5,126.16,126.34,11616.0,1769589600.0,2026-01-28 14:10:00+05:30
126.34,126.8,125.12,125.4,44195.0,1769589900.0,2026-01-28 14:15:00+05:30
125.19,125.49,124.36,124.85,114895.0,1769590200.0,2026-01-28 14:20:00+05:30
124.95,125.5,124.41,125.3,48339.0,1769590500.0,2026-01-28 14:25:00+05:30
125.2,125.3,123.61,123.64,65674.0,1769590800.0,2026-01-28 14:30:00+05:30
123.96,125.0,123.77,124.88,49519.0,1769591100.0,2026-01-28 14:35:00+05:30
124.76,124.9,124.2,124.25,14850.0,1769591400.0,2026-01-28 14:40:00+05:30
124.3,124.79,124.0,124.54,24980.0,1769591700.0,2026-01-28 14:45:00+05:30
124.54,125.9,124.36,125.34,68300.0,1769592000.0,2026-01-28 14:50:00+05:30
125.33,125.9,124.53,125.9,52757.0,1769592300.0,2026-01-28 14:55:00+05:30
125.89,125.89,124.86,125.25,31173.0,1769592600.0,2026-01-28 15:00:00+05:30
125.35,125.9,125.15,125.85,21031.0,1769592900.0,2026-01-28 15:05:00+05:30
125.86,126.98,125.76,126.26,89942.0,1769593200.0,2026-01-28 15:10:00+05:30
126.26,126.9,125.62,126.44,147600.0,1769593500.0,2026-01-28 15:15:00+05:30
126.43,126.95,125.71,126.76,60968.0,1769593800.0,2026-01-28 15:20:00+05:30
126.77,127.23,125.12,126.79,75077.0,1769594100.0,2026-01-28 15:25:00+05:30
125.98,126.0,120.25,120.78,146163.0,1769658300.0,2026-01-29 09:15:00+05:30
120.78,121.01,120.0,120.83,69800.0,1769658600.0,2026-01-29 09:20:00+05:30
120.81,121.15,120.28,120.38,26241.0,1769658900.0,2026-01-29 09:25:00+05:30
120.46,120.56,120.0,120.28,30084.0,1769659200.0,2026-01-29 09:30:00+05:30
120.25,120.7,119.8,120.41,44922.0,1769659500.0,2026-01-29 09:35:00+05:30
120.25,120.62,120.13,120.52,7111.0,1769659800.0,2026-01-29 09:40:00+05:30
120.48,120.73,120.3,120.66,9129.0,1769660100.0,2026-01-29 09:45:00+05:30
120.67,120.99,120.2,120.74,20785.0,1769660400.0,2026-01-29 09:50:00+05:30
120.74,120.87,120.5,120.75,8042.0,1769660700.0,2026-01-29 09:55:00+05:30
120.91,121.41,120.55,121.16,31717.0,1769661000.0,2026-01-29 10:00:00+05:30
121.16,121.71,120.91,121.71,31004.0,1769661300.0,2026-01-29 10:05:00+05:30
121.62,121.95,121.08,121.22,28864.0,1769661600.0,2026-01-29 10:10:00+05:30
121.11,121.41,120.48,120.63,21535.0,1769661900.0,2026-01-29 10:15:00+05:30
120.67,121.0,120.17,120.96,13019.0,1769662200.0,2026-01-29 10:20:00+05:30
120.78,120.8,120.35,120.65,8324.0,1769662500.0,2026-01-29 10:25:00+05:30
120.3,120.61,120.21,120.5,9118.0,1769662800.0,2026-01-29 10:30:00+05:30
120.56,120.78,120.4,120.57,9283.0,1769663100.0,2026-01-29 10:35:00+05:30
120.66,121.2,120.66,121.2,3172.0,1769663400.0,2026-01-29 10:40:00+05:30
121.2,121.31,121.0,121.17,3195.0,1769663700.0,2026-01-29 10:45:00+05:30
121.17,121.84,121.15,121.82,7060.0,1769664000.0,2026-01-29 10:50:00+05:30
121.72,121.82,121.2,121.55,6721.0,1769664300.0,2026-01-29 10:55:00+05:30
121.54,121.77,121.54,121.59,2329.0,1769664600.0,2026-01-29 11:00:00+05:30
121.43,121.65,121.2,121.65,6176.0,1769664900.0,2026-01-29 11:05:00+05:30
121.6,121.6,121.37,121.37,2609.0,1769665200.0,2026-01-29 11:10:00+05:30
121.44,121.81,121.34,121.6,2577.0,1769665500.0,2026-01-29 11:15:00+05:30
121.69,121.75,121.61,121.75,1002.0,1769665800.0,2026-01-29 11:20:00+05:30
121.75,122.0,120.56,120.73,19995.0,1769666100.0,2026-01-29 11:25:00+05:30
120.74,121.01,120.47,120.87,3047.0,1769666400.0,2026-01-29 11:30:00+05:30
120.81,120.96,120.44,120.44,6742.0,1769666700.0,2026-01-29 11:35:00+05:30
120.65,120.81,120.31,120.63,3211.0,1769667000.0,2026-01-29 11:40:00+05:30
120.63,120.63,120.46,120.46,1723.0,1769667300.0,2026-01-29 11:45:00+05:30
120.62,120.62,119.43,119.43,23544.0,1769667600.0,2026-01-29 11:50:00+05:30
119.5,119.88,119.5,119.79,2523.0,1769667900.0,2026-01-29 11:55:00+05:30
119.8,119.84,119.32,119.47,8168.0,1769668200.0,2026-01-29 12:00:00+05:30
119.5,119.7,119.5,119.57,2544.0,1769668500.0,2026-01-29 12:05:00+05:30
119.61,119.77,119.5,119.5,4438.0,1769668800.0,2026-01-29 12:10:00+05:30
119.6,119.73,118.53,118.7,21483.0,1769669100.0,2026-01-29 12:15:00+05:30
118.8,119.4,118.78,119.07,21658.0,1769669400.0,2026-01-29 12:20:00+05:30
119.09,119.29,118.74,118.96,3285.0,1769669700.0,2026-01-29 12:25:00+05:30
118.97,118.97,118.81,118.81,2727.0,1769670000.0,2026-01-29 12:30:00+05:30
118.8,118.9,117.87,117.99,11260.0,1769670300.0,2026-01-29 12:35:00+05:30
117.91,118.11,117.75,117.88,32063.0,1769670600.0,2026-01-29 12:40:00+05:30
117.88,117.95,117.43,117.95,12247.0,1769670900.0,2026-01-29 12:45:00+05:30
118.31,118.6,118.03,118.25,12815.0,1769671200.0,2026-01-29 12:50:00+05:30
118.25,118.4,118.1,118.2,4663.0,1769671500.0,2026-01-29 12:55:00+05:30
118.2,118.56,118.17,118.47,3079.0,1769671800.0,2026-01-29 13:00:00+05:30
118.47,118.78,118.37,118.38,3368.0,1769672100.0,2026-01-29 13:05:00+05:30
118.3,118.5,118.18,118.34,2797.0,1769672400.0,2026-01-29 13:10:00+05:30
118.33,118.4,117.88,118.08,3942.0,1769672700.0,2026-01-29 13:15:00+05:30
118.08,118.35,117.9,118.27,1294.0,1769673000.0,2026-01-29 13:20:00+05:30
118.34,118.48,118.04,118.04,3410.0,1769673300.0,2026-01-29 13:25:00+05:30
118.33,118.4,118.12,118.16,933.0,1769673600.0,2026-01-29 13:30:00+05:30
118.21,118.31,118.04,118.26,2392.0,1769673900.0,2026-01-29 13:35:00+05:30
118.3,118.47,118.3,118.39,906.0,1769674200.0,2026-01-29 13:40:00+05:30
118.28,118.99,118.26,118.75,11374.0,1769674500.0,2026-01-29 13:45:00+05:30
118.85,118.85,118.48,118.65,5592.0,1769674800.0,2026-01-29 13:50:00+05:30
118.65,118.93,118.55,118.85,4431.0,1769675100.0,2026-01-29 13:55:00+05:30
118.69,118.87,118.66,118.78,457.0,1769675400.0,2026-01-29 14:00:00+05:30
118.63,118.79,118.62,118.73,563.0,1769675700.0,2026-01-29 14:05:00+05:30
118.76,118.77,118.63,118.75,166.0,1769676000.0,2026-01-29 14:10:00+05:30
118.77,118.77,118.2,118.45,7286.0,1769676300.0,2026-01-29 14:15:00+05:30
118.45,118.53,118.09,118.1,13377.0,1769676600.0,2026-01-29 14:20:00+05:30
118.1,118.25,117.95,118.1,2908.0,1769676900.0,2026-01-29 14:25:00+05:30
118.25,118.68,118.25,118.51,5532.0,1769677200.0,2026-01-29 14:30:00+05:30
118.66,118.66,118.34,118.63,2983.0,1769677500.0,2026-01-29 14:35:00+05:30
118.63,118.85,118.45,118.85,7579.0,1769677800.0,2026-01-29 14:40:00+05:30
118.85,119.3,118.56,119.3,13397.0,1769678100.0,2026-01-29 14:45:00+05:30
119.28,119.3,118.65,118.83,12437.0,1769678400.0,2026-01-29 14:50:00+05:30
118.86,118.86,118.65,118.7,3168.0,1769678700.0,2026-01-29 14:55:00+05:30
118.73,118.8,118.6,118.6,4452.0,1769679000.0,2026-01-29 15:00:00+05:30
118.59,119.49,118.5,119.2,12922.0,1769679300.0,2026-01-29 15:05:00+05:30
119.16,119.4,118.54,118.73,4388.0,1769679600.0,2026-01-29 15:10:00+05:30
119.59,119.74,118.76,118.98,18051.0,1769679900.0,2026-01-29 15:15:00+05:30
119.02,119.66,118.78,118.9,12511.0,1769680200.0,2026-01-29 15:20:00+05:30
119.09,119.09,118.36,118.97,11645.0,1769680500.0,2026-01-29 15:25:00+05:30
119.01,119.36,116.94,117.85,16682.0,1769744700.0,2026-01-30 09:15:00+05:30
117.49,118.64,117.49,118.0,8949.0,1769745000.0,2026-01-30 09:20:00+05:30
118.13,118.46,117.72,117.8,19795.0,1769745300.0,2026-01-30 09:25:00+05:30
117.96,123.07,117.96,122.93,49613.0,1769745600.0,2026-01-30 09:30:00+05:30
122.52,124.74,121.61,124.57,93245.0,1769745900.0,2026-01-30 09:35:00+05:30
124.49,124.8,123.5,124.8,47278.0,1769746200.0,2026-01-30 09:40:00+05:30
124.7,125.3,123.5,123.88,81730.0,1769746500.0,2026-01-30 09:45:00+05:30
123.71,124.19,122.82,123.46,33323.0,1769746800.0,2026-01-30 09:50:00+05:30
123.4,123.43,122.5,123.43,13015.0,1769747100.0,2026-01-30 09:55:00+05:30
123.4,124.17,123.01,123.09,21748.0,1769747400.0,2026-01-30 10:00:00+05:30
123.09,123.58,123.05,123.35,9256.0,1769747700.0,2026-01-30 10:05:00+05:30
123.35,123.85,123.32,123.47,8398.0,1769748000.0,2026-01-30 10:10:00+05:30
123.57,123.82,123.43,123.8,3879.0,1769748300.0,2026-01-30 10:15:00+05:30
124.19,124.6,123.84,124.18,32088.0,1769748600.0,2026-01-30 10:20:00+05:30
124.18,124.24,123.65,124.09,14428.0,1769748900.0,2026-01-30 10:25:00+05:30
124.1,124.1,123.51,123.81,6714.0,1769749200.0,2026-01-30 10:30:00+05:30
123.79,124.09,123.54,123.86,6751.0,1769749500.0,2026-01-30 10:35:00+05:30
123.91,123.91,123.5,123.5,3503.0,1769749800.0,2026-01-30 10:40:00+05:30
123.63,123.8,123.63,123.7,539.0,1769750100.0,2026-01-30 10:45:00+05:30
123.85,124.09,123.7,124.0,4172.0,1769750400.0,2026-01-30 10:50:00+05:30
123.88,124.09,123.86,123.86,2779.0,1769750700.0,2026-01-30 10:55:00+05:30
123.96,124.28,123.91,124.18,3756.0,1769751000.0,2026-01-30 11:00:00+05:30
124.0,124.34,123.96,124.0,3732.0,1769751300.0,2026-01-30 11:05:00+05:30
123.93,123.99,123.68,123.68,3677.0,1769751600.0,2026-01-30 11:10:00+05:30
123.81,123.94,123.6,123.93,1772.0,1769751900.0,2026-01-30 11:15:00+05:30
123.89,124.12,123.61,124.12,11199.0,1769752200.0,2026-01-30 11:20:00+05:30
124.12,124.2,123.84,123.84,3001.0,1769752500.0,2026-01-30 11:25:00+05:30
123.84,124.12,123.81,123.81,2057.0,1769752800.0,2026-01-30 11:30:00+05:30
123.81,123.81,123.35,123.7,4308.0,1769753100.0,2026-01-30 11:35:00+05:30
123.63,123.93,123.63,123.86,3204.0,1769753400.0,2026-01-30 11:40:00+05:30
123.66,123.68,123.57,123.68,1418.0,1769753700.0,2026-01-30 11:45:00+05:30
123.68,124.0,123.6,123.88,3718.0,1769754000.0,2026-01-30 11:50:00+05:30
123.81,123.81,123.05,123.05,8985.0,1769754300.0,2026-01-30 11:55:00+05:30
123.09,123.74,122.74,123.53,32285.0,1769754600.0,2026-01-30 12:00:00+05:30
123.38,123.38,123.24,123.24,659.0,1769754900.0,2026-01-30 12:05:00+05:30
123.29,123.64,123.24,123.24,4004.0,1769755200.0,2026-01-30 12:10:00+05:30
123.59,123.59,122.32,122.55,14846.0,1769755500.0,2026-01-30 12:15:00+05:30
122.5,122.86,122.5,122.68,1524.0,1769755800.0,2026-01-30 12:20:00+05:30
122.68,123.67,122.68,123.59,14956.0,1769756100.0,2026-01-30 12:25:00+05:30
123.66,123.72,123.55,123.72,381.0,1769756400.0,2026-01-30 12:30:00+05:30
123.72,123.99,123.72,123.96,1482.0,1769756700.0,2026-01-30 12:35:00+05:30
123.88,124.0,123.67,124.0,2978.0,1769757000.0,2026-01-30 12:40:00+05:30
123.99,124.0,123.73,123.88,12041.0,1769757300.0,2026-01-30 12:45:00+05:30
123.85,123.91,123.82,123.82,1002.0,1769757600.0,2026-01-30 12:50:00+05:30
123.75,123.88,123.75,123.77,1400.0,1769757900.0,2026-01-30 12:55:00+05:30
123.82,124.35,123.79,124.32,7449.0,1769758200.0,2026-01-30 13:00:00+05:30
124.19,124.19,123.58,123.58,3136.0,1769758500.0,2026-01-30 13:05:00+05:30
123.72,123.87,123.55,123.86,4412.0,1769758800.0,2026-01-30 13:10:00+05:30
123.72,123.98,123.63,123.72,3290.0,1769759100.0,2026-01-30 13:15:00+05:30
123.39,123.42,122.01,122.97,27652.0,1769759400.0,2026-01-30 13:20:00+05:30
122.86,123.23,122.86,122.89,2555.0,1769759700.0,2026-01-30 13:25:00+05:30
122.89,123.89,122.89,123.89,7426.0,1769760000.0,2026-01-30 13:30:00+05:30
123.74,123.86,123.74,123.86,1768.0,1769760300.0,2026-01-30 13:35:00+05:30
123.77,124.0,123.7,123.87,3113.0,1769760600.0,2026-01-30 13:40:00+05:30
123.87,123.87,123.5,123.67,2981.0,1769760900.0,2026-01-30 13:45:00+05:30
123.5,123.83,123.5,123.82,1091.0,1769761200.0,2026-01-30 13:50:00+05:30
123.81,124.55,123.81,124.27,12555.0,1769761500.0,2026-01-30 13:55:00+05:30
124.38,124.38,123.8,123.88,19309.0,1769761800.0,2026-01-30 14:00:00+05:30
123.97,124.2,123.97,124.17,1455.0,1769762100.0,2026-01-30 14:05:00+05:30
124.17,124.23,123.81,123.96,4710.0,1769762400.0,2026-01-30 14:10:00+05:30
123.96,124.08,123.66,124.0,17863.0,1769762700.0,2026-01-30 14:15:00+05:30
124.12,124.5,124.08,124.3,6995.0,1769763000.0,2026-01-30 14:20:00+05:30
124.12,124.47,124.11,124.11,3319.0,1769763300.0,2026-01-30 14:25:00+05:30
124.12,124.31,123.43,123.43,2896.0,1769763600.0,2026-01-30 14:30:00+05:30
123.7,123.8,123.39,123.68,1523.0,1769763900.0,2026-01-30 14:35:00+05:30
123.69,123.83,123.16,123.16,10520.0,1769764200.0,2026-01-30 14:40:00+05:30
123.13,124.31,122.32,123.86,28312.0,1769764500.0,2026-01-30 14:45:00+05:30
123.86,123.95,123.65,123.65,434.0,1769764800.0,2026-01-30 14:50:00+05:30
123.65,123.84,123.2,123.84,37612.0,1769765100.0,2026-01-30 14:55:00+05:30
123.8,124.34,123.41,123.41,10128.0,1769765400.0,2026-01-30 15:00:00+05:30
123.49,123.81,123.23,123.29,12496.0,1769765700.0,2026-01-30 15:05:00+05:30
123.29,123.6,123.29,123.54,5189.0,1769766000.0,2026-01-30 15:10:00+05:30
123.26,124.33,123.23,123.89,19593.0,1769766300.0,2026-01-30 15:15:00+05:30
123.97,123.97,123.48,123.48,12332.0,1769766600.0,2026-01-30 15:20:00+05:30
123.48,124.32,123.2,123.83,33865.0,1769766900.0,2026-01-30 15:25:00+05:30
123.7,124.01,122.61,122.61,3526.0,1769917500.0,2026-02-01 09:15:00+05:30
122.74,122.74,121.45,121.74,4827.0,1769917800.0,2026-02-01 09:20:00+05:30
121.61,121.91,121.34,121.67,2297.0,1769918100.0,2026-02-01 09:25:00+05:30
121.66,121.75,121.34,121.7,829.0,1769918400.0,2026-02-01 09:30:00+05:30
122.11,122.52,122.11,122.37,6019.0,1769918700.0,2026-02-01 09:35:00+05:30
122.4,122.59,121.81,122.04,3395.0,1769919000.0,2026-02-01 09:40:00+05:30
122.32,122.57,122.04,122.29,1287.0,1769919300.0,2026-02-01 09:45:00+05:30
122.29,122.56,122.29,122.54,267.0,1769919600.0,2026-02-01 09:50:00+05:30
122.52,123.15,122.27,123.15,3042.0,1769919900.0,2026-02-01 09:55:00+05:30
123.17,123.45,123.0,123.23,2263.0,1769920200.0,2026-02-01 10:00:00+05:30
123.13,123.31,123.05,123.31,241.0,1769920500.0,2026-02-01 10:05:00+05:30
123.31,125.15,122.99,125.15,16521.0,1769920800.0,2026-02-01 10:10:00+05:30
125.26,125.85,124.47,124.63,7229.0,1769921100.0,2026-02-01 10:15:00+05:30
124.62,124.82,124.5,124.5,3001.0,1769921400.0,2026-02-01 10:20:00+05:30
124.52,124.64,124.5,124.63,2320.0,1769921700.0,2026-02-01 10:25:00+05:30
124.62,126.3,124.62,125.55,40780.0,1769922000.0,2026-02-01 10:30:00+05:30
125.44,125.57,125.35,125.36,1711.0,1769922300.0,2026-02-01 10:35:00+05:30
127.09,127.6,126.7,126.88,23597.0,1769922600.0,2026-02-01 10:40:00+05:30
126.88,126.88,126.17,126.22,8749.0,1769922900.0,2026-02-01 10:45:00+05:30
126.4,126.56,126.18,126.39,4875.0,1769923200.0,2026-02-01 10:50:00+05:30
126.39,128.99,126.1,128.99,26843.0,1769923500.0,2026-02-01 10:55:00+05:30
128.99,129.0,127.7,128.45,30533.0,1769923800.0,2026-02-01 11:00:00+05:30
128.88,129.89,128.0,129.66,25907.0,1769924100.0,2026-02-01 11:05:00+05:30
129.7,131.04,129.29,131.04,57022.0,1769924400.0,2026-02-01 11:10:00+05:30
131.0,131.15,129.0,130.1,47618.0,1769924700.0,2026-02-01 11:15:00+05:30
130.13,130.38,129.36,130.1,15006.0,1769925000.0,2026-02-01 11:20:00+05:30
129.82,129.82,128.01,128.52,41275.0,1769925300.0,2026-02-01 11:25:00+05:30
128.54,129.99,128.41,128.96,19347.0,1769925600.0,2026-02-01 11:30:00+05:30
129.1,129.81,128.97,128.97,12999.0,1769925900.0,2026-02-01 11:35:00+05:30
128.72,128.79,127.79,127.8,19174.0,1769926200.0,2026-02-01 11:40:00+05:30
127.71,127.71,125.28,125.75,30853.0,1769926500.0,2026-02-01 11:45:00+05:30
125.85,126.81,125.55,126.24,14222.0,1769926800.0,2026-02-01 11:50:00+05:30
126.22,126.41,126.04,126.07,2345.0,1769927100.0,2026-02-01 11:55:00+05:30
125.95,125.95,124.47,124.99,17146.0,1769927400.0,2026-02-01 12:00:00+05:30
124.99,125.48,124.09,124.54,31248.0,1769927700.0,2026-02-01 12:05:00+05:30
124.55,124.61,123.69,123.69,6490.0,1769928000.0,2026-02-01 12:10:00+05:30
123.97,128.0,123.37,126.34,73010.0,1769928300.0,2026-02-01 12:15:00+05:30
126.03,126.37,123.36,123.91,18565.0,1769928600.0,2026-02-01 12:20:00+05:30
123.5,125.25,123.5,124.72,21633.0,1769928900.0,2026-02-01 12:25:00+05:30
124.0,124.1,121.85,123.67,38647.0,1769929200.0,2026-02-01 12:30:00+05:30
123.75,123.88,123.49,123.71,2054.0,1769929500.0,2026-02-01 12:35:00+05:30
123.71,124.42,123.71,124.31,7611.0,1769929800.0,2026-02-01 12:40:00+05:30
124.34,125.25,124.2,124.2,8933.0,1769930100.0,2026-02-01 12:45:00+05:30
124.2,124.38,123.68,124.26,3303.0,1769930400.0,2026-02-01 12:50:00+05:30
124.29,124.97,124.29,124.45,1638.0,1769930700.0,2026-02-01 12:55:00+05:30
124.72,124.79,124.42,124.61,1845.0,1769931000.0,2026-02-01 13:00:00+05:30
124.51,125.5,124.51,125.12,8646.0,1769931300.0,2026-02-01 13:05:00+05:30
125.32,125.32,124.58,124.65,2367.0,1769931600.0,2026-02-01 13:10:00+05:30
124.89,124.89,124.55,124.67,1257.0,1769931900.0,2026-02-01 13:15:00+05:30
124.58,124.59,124.28,124.59,1454.0,1769932200.0,2026-02-01 13:20:00+05:30
124.5,124.55,123.63,123.63,1725.0,1769932500.0,2026-02-01 13:25:00+05:30
123.3,123.58,123.2,123.58,881.0,1769932800.0,2026-02-01 13:30:00+05:30
123.58,123.7,123.0,123.26,2214.0,1769933100.0,2026-02-01 13:35:00+05:30
123.28,123.44,122.89,123.23,9989.0,1769933400.0,2026-02-01 13:40:00+05:30
123.41,124.2,123.41,123.58,5063.0,1769933700.0,2026-02-01 13:45:00+05:30
123.57,123.57,123.06,123.29,1804.0,1769934000.0,2026-02-01 13:50:00+05:30
123.23,123.23,122.53,123.06,4317.0,1769934300.0,2026-02-01 13:55:00+05:30
123.06,123.06,122.46,122.92,2547.0,1769934600.0,2026-02-01 14:00:00+05:30
123.06,123.06,122.5,122.5,5145.0,1769934900.0,2026-02-01 14:05:00+05:30
122.71,123.15,122.71,122.92,3471.0,1769935200.0,2026-02-01 14:10:00+05:30
122.89,123.0,122.75,122.81,699.0,1769935500.0,2026-02-01 14:15:00+05:30
123.0,123.15,122.81,122.88,4002.0,1769935800.0,2026-02-01 14:20:00+05:30
123.0,123.95,123.0,123.95,1546.0,1769936100.0,2026-02-01 14:25:00+05:30
123.8,123.94,123.8,123.84,618.0,1769936400.0,2026-02-01 14:30:00+05:30
123.97,123.97,123.65,123.65,706.0,1769936700.0,2026-02-01 14:35:00+05:30
123.64,123.83,123.64,123.77,136.0,1769937000.0,2026-02-01 14:40:00+05:30
123.79,123.79,123.23,123.23,784.0,1769937300.0,2026-02-01 14:45:00+05:30
123.41,123.41,123.05,123.23,1264.0,1769937600.0,2026-02-01 14:50:00+05:30
123.23,123.25,123.01,123.02,165.0,1769937900.0,2026-02-01 14:55:00+05:30
123.01,123.2,123.01,123.2,739.0,1769938200.0,2026-02-01 15:00:00+05:30
123.3,123.44,123.0,123.35,9213.0,1769938500.0,2026-02-01 15:05:00+05:30
123.27,123.34,123.05,123.24,1063.0,1769938800.0,2026-02-01 15:10:00+05:30
123.15,123.27,122.51,122.51,4431.0,1769939100.0,2026-02-01 15:15:00+05:30
122.64,126.81,122.56,125.0,27170.0,1769939400.0,2026-02-01 15:20:00+05:30
125.11,126.81,125.0,126.39,15181.0,1769939700.0,2026-02-01 15:25:00+05:30
124.02,124.45,121.38,121.77,16646.0,1770003900.0,2026-02-02 09:15:00+05:30
121.8,123.21,121.76,123.13,7043.0,1770004200.0,2026-02-02 09:20:00+05:30
123.31,124.49,122.82,123.06,18851.0,1770004500.0,2026-02-02 09:25:00+05:30
123.14,123.79,123.14,123.29,3831.0,1770004800.0,2026-02-02 09:30:00+05:30
123.53,123.91,123.1,123.85,3751.0,1770005100.0,2026-02-02 09:35:00+05:30
123.65,123.93,123.6,123.63,1110.0,1770005400.0,2026-02-02 09:40:00+05:30
123.5,123.7,123.12,123.32,5104.0,1770005700.0,2026-02-02 09:45:00+05:30
123.23,123.23,122.45,122.45,6999.0,1770006000.0,2026-02-02 09:50:00+05:30
122.59,123.09,122.1,122.35,12445.0,1770006300.0,2026-02-02 09:55:00+05:30
122.31,123.0,122.1,122.51,14273.0,1770006600.0,2026-02-02 10:00:00+05:30
122.36,122.79,122.28,122.58,2005.0,1770006900.0,2026-02-02 10:05:00+05:30
122.47,122.63,122.26,122.54,1327.0,1770007200.0,2026-02-02 10:10:00+05:30
122.53,122.67,122.4,122.56,223.0,1770007500.0,2026-02-02 10:15:00+05:30
122.49,122.69,122.17,122.17,1159.0,1770007800.0,2026-02-02 10:20:00+05:30
122.1,122.23,122.0,122.02,5196.0,1770008100.0,2026-02-02 10:25:00+05:30
122.15,122.2,122.0,122.12,502.0,1770008400.0,2026-02-02 10:30:00+05:30
122.1,122.17,122.0,122.06,1271.0,1770008700.0,2026-02-02 10:35:00+05:30
122.19,122.2,122.01,122.11,1341.0,1770009000.0,2026-02-02 10:40:00+05:30
122.01,122.03,121.63,121.86,4513.0,1770009300.0,2026-02-02 10:45:00+05:30
121.83,122.02,121.83,122.0,565.0,1770009600.0,2026-02-02 10:50:00+05:30
121.99,121.99,121.8,121.92,491.0,1770009900.0,2026-02-02 10:55:00+05:30
121.9,121.91,121.41,121.55,4467.0,1770010200.0,2026-02-02 11:00:00+05:30
121.71,121.98,121.45,121.45,11370.0,1770010500.0,2026-02-02 11:05:00+05:30
121.48,121.55,121.17,121.52,3051.0,1770010800.0,2026-02-02 11:10:00+05:30
121.4,121.6,121.21,121.21,1133.0,1770011100.0,2026-02-02 11:15:00+05:30
121.33,121.33,120.7,121.02,8415.0,1770011400.0,2026-02-02 11:20:00+05:30
121.02,121.4,121.02,121.14,1420.0,1770011700.0,2026-02-02 11:25:00+05:30
121.36,121.95,121.36,121.9,1213.0,1770012000.0,2026-02-02 11:30:00+05:30
121.9,121.95,121.67,121.79,514.0,1770012300.0,2026-02-02 11:35:00+05:30
121.78,121.93,121.71,121.9,461.0,1770012600.0,2026-02-02 11:40:00+05:30
121.9,122.35,121.68,122.17,8431.0,1770012900.0,2026-02-02 11:45:00+05:30
122.17,122.41,122.17,122.33,500.0,1770013200.0,2026-02-02 11:50:00+05:30
122.31,122.4,122.23,122.4,554.0,1770013500.0,2026-02-02 11:55:00+05:30
122.44,122.89,122.19,122.65,6957.0,1770013800.0,2026-02-02 12:00:00+05:30
122.9,123.21,122.88,123.16,8773.0,1770014100.0,2026-02-02 12:05:00+05:30
123.18,123.18,122.9,122.9,10081.0,1770014400.0,2026-02-02 12:10:00+05:30
123.11,123.18,122.96,123.08,402.0,1770014700.0,2026-02-02 12:15:00+05:30
123.08,123.11,122.9,122.9,1157.0,1770015000.0,2026-02-02 12:20:00+05:30
122.9,123.05,122.8,122.99,1997.0,1770015300.0,2026-02-02 12:25:00+05:30
122.99,123.01,122.77,122.77,295.0,1770015600.0,2026-02-02 12:30:00+05:30
122.7,122.76,122.41,122.41,1005.0,1770015900.0,2026-02-02 12:35:00+05:30
122.66,122.77,122.37,122.77,638.0,1770016200.0,2026-02-02 12:40:00+05:30
122.76,122.8,122.41,122.69,1226.0,1770016500.0,2026-02-02 12:45:00+05:30
122.74,122.8,122.42,122.64,544.0,1770016800.0,2026-02-02 12:50:00+05:30
122.64,122.77,122.25,122.25,1050.0,1770017100.0,2026-02-02 12:55:00+05:30
122.55,122.79,122.32,122.78,3520.0,1770017400.0,2026-02-02 13:00:00+05:30
122.82,122.96,122.82,122.83,469.0,1770017700.0,2026-02-02 13:05:00+05:30
122.99,123.0,122.81,123.0,1438.0,1770018000.0,2026-02-02 13:10:00+05:30
123.0,123.0,122.71,122.88,203.0,1770018300.0,2026-02-02 13:15:00+05:30
122.88,122.89,122.53,122.7,519.0,1770018600.0,2026-02-02 13:20:00+05:30
122.7,122.7,122.52,122.7,243.0,1770018900.0,2026-02-02 13:25:00+05:30
122.7,122.7,122.43,122.7,2397.0,1770019200.0,2026-02-02 13:30:00+05:30
122.7,122.86,122.62,122.86,229.0,1770019500.0,2026-02-02 13:35:00+05:30
122.86,123.4,122.86,123.4,1745.0,1770019800.0,2026-02-02 13:40:00+05:30
123.28,123.34,122.81,123.12,2573.0,1770020100.0,2026-02-02 13:45:00+05:30
123.11,123.2,122.94,123.15,558.0,1770020400.0,2026-02-02 13:50:00+05:30
122.98,123.38,122.98,123.26,2395.0,1770020700.0,2026-02-02 13:55:00+05:30
123.38,123.4,123.22,123.39,196.0,1770021000.0,2026-02-02 14:00:00+05:30
123.39,123.66,123.38,123.55,716.0,1770021300.0,2026-02-02 14:05:00+05:30
123.61,123.61,123.35,123.38,694.0,1770021600.0,2026-02-02 14:10:00+05:30
123.43,123.66,123.31,123.31,2243.0,1770021900.0,2026-02-02 14:15:00+05:30
123.52,123.52,123.26,123.33,907.0,1770022200.0,2026-02-02 14:20:00+05:30
123.47,123.47,123.18,123.18,265.0,1770022500.0,2026-02-02 14:25:00+05:30
123.17,123.37,123.16,123.35,243.0,1770022800.0,2026-02-02 14:30:00+05:30
123.42,123.44,123.4,123.4,164.0,1770023100.0,2026-02-02 14:35:00+05:30
123.4,123.41,123.23,123.24,262.0,1770023400.0,2026-02-02 14:40:00+05:30
123.4,123.4,123.24,123.37,264.0,1770023700.0,2026-02-02 14:45:00+05:30
123.37,123.43,123.17,123.2,2356.0,1770024000.0,2026-02-02 14:50:00+05:30
123.36,123.48,123.12,123.48,533.0,1770024300.0,2026-02-02 14:55:00+05:30
123.37,125.0,123.37,124.98,17905.0,1770024600.0,2026-02-02 15:00:00+05:30
124.98,126.2,124.84,126.13,11325.0,1770024900.0,2026-02-02 15:05:00+05:30
126.05,126.09,125.64,125.66,8344.0,1770025200.0,2026-02-02 15:10:00+05:30
125.7,125.79,125.08,125.12,7770.0,1770025500.0,2026-02-02 15:15:00+05:30
125.07,125.32,124.61,124.83,3674.0,1770025800.0,2026-02-02 15:20:00+05:30
124.96,124.96,124.1,124.93,13344.0,1770026100.0,2026-02-02 15:25:00+05:30
130.0,130.65,125.77,126.0,57890.0,1770090300.0,2026-02-03 09:15:00+05:30
125.81,126.47,125.49,125.94,27992.0,1770090600.0,2026-02-03 09:20:00+05:30
125.78,126.33,125.6,126.19,22752.0,1770090900.0,2026-02-03 09:25:00+05:30
126.26,126.79,126.16,126.39,14051.0,1770091200.0,2026-02-03 09:30:00+05:30
126.4,127.17,126.28,126.93,8732.0,1770091500.0,2026-02-03 09:35:00+05:30
127.11,127.17,126.55,126.81,10737.0,1770091800.0,2026-02-03 09:40:00+05:30
126.72,126.83,126.4,126.4,5770.0,1770092100.0,2026-02-03 09:45:00+05:30
126.3,126.58,125.64,125.82,10578.0,1770092400.0,2026-02-03 09:50:00+05:30
125.78,126.27,125.78,125.83,4175.0,1770092700.0,2026-02-03 09:55:00+05:30
125.84,125.84,125.3,125.3,4587.0,1770093000.0,2026-02-03 10:00:00+05:30
125.54,126.12,125.54,125.95,9195.0,1770093300.0,2026-02-03 10:05:00+05:30
126.09,126.57,125.86,126.57,2982.0,1770093600.0,2026-02-03 10:10:00+05:30
126.44,126.55,126.37,126.45,1829.0,1770093900.0,2026-02-03 10:15:00+05:30
126.18,126.35,126.05,126.3,2819.0,1770094200.0,2026-02-03 10:20:00+05:30
126.3,126.32,125.9,126.17,10053.0,1770094500.0,2026-02-03 10:25:00+05:30
126.27,126.27,125.6,125.6,1780.0,1770094800.0,2026-02-03 10:30:00+05:30
125.99,126.03,125.66,125.79,277.0,1770095100.0,2026-02-03 10:35:00+05:30
125.79,125.95,125.6,125.8,1643.0,1770095400.0,2026-02-03 10:40:00+05:30
125.94,125.94,125.71,125.72,2075.0,1770095700.0,2026-02-03 10:45:00+05:30
125.79,125.87,125.64,125.8,1097.0,1770096000.0,2026-02-03 10:50:00+05:30
125.8,126.27,125.8,125.87,2304.0,1770096300.0,2026-02-03 10:55:00+05:30
126.18,126.26,125.8,125.8,3064.0,1770096600.0,2026-02-03 11:00:00+05:30
125.66,126.72,125.5,126.5,19130.0,1770096900.0,2026-02-03 11:05:00+05:30
126.47,126.88,126.47,126.5,3777.0,1770097200.0,2026-02-03 11:10:00+05:30
126.5,126.75,126.3,126.53,3524.0,1770097500.0,2026-02-03 11:15:00+05:30
126.52,126.53,126.19,126.21,3488.0,1770097800.0,2026-02-03 11:20:00+05:30
126.25,126.41,126.25,126.3,738.0,1770098100.0,2026-02-03 11:25:00+05:30
126.3,126.64,126.3,126.64,3039.0,1770098400.0,2026-02-03 11:30:00+05:30
126.5,126.6,126.27,126.51,1152.0,1770098700.0,2026-02-03 11:35:00+05:30
126.51,126.54,126.18,126.4,1629.0,1770099000.0,2026-02-03 11:40:00+05:30
126.4,126.4,126.13,126.34,229.0,1770099300.0,2026-02-03 11:45:00+05:30
126.11,126.2,125.8,126.0,6104.0,1770099600.0,2026-02-03 11:50:00+05:30
126.0,126.0,125.76,125.9,1385.0,1770099900.0,2026-02-03 11:55:00+05:30
125.9,126.0,125.66,125.66,568.0,1770100200.0,2026-02-03 12:00:00+05:30
125.89,125.9,125.66,125.88,852.0,1770100500.0,2026-02-03 12:05:00+05:30
125.88,125.88,125.51,125.51,322.0,1770100800.0,2026-02-03 12:10:00+05:30
125.34,125.86,125.34,125.82,1023.0,1770101100.0,2026-02-03 12:15:00+05:30
125.72,125.83,125.72,125.83,132.0,1770101400.0,2026-02-03 12:20:00+05:30
125.83,125.93,125.83,125.92,681.0,1770101700.0,2026-02-03 12:25:00+05:30
125.92,125.96,125.76,125.76,660.0,1770102000.0,2026-02-03 12:30:00+05:30
125.76,125.9,125.68,125.83,369.0,1770102300.0,2026-02-03 12:35:00+05:30
125.83,126.11,125.83,126.11,2221.0,1770102600.0,2026-02-03 12:40:00+05:30
126.1,126.2,126.0,126.0,776.0,1770102900.0,2026-02-03 12:45:00+05:30
125.84,125.99,125.84,125.91,782.0,1770103200.0,2026-02-03 12:50:00+05:30
126.05,126.5,126.05,126.5,3528.0,1770103500.0,2026-02-03 12:55:00+05:30
126.4,126.4,126.26,126.26,328.0,1770103800.0,2026-02-03 13:00:00+05:30
126.26,126.46,126.25,126.46,490.0,1770104100.0,2026-02-03 13:05:00+05:30
126.44,126.45,126.28,126.33,2645.0,1770104400.0,2026-02-03 13:10:00+05:30
126.1,126.32,125.87,126.0,4121.0,1770104700.0,2026-02-03 13:15:00+05:30
126.0,126.0,125.83,125.83,2384.0,1770105000.0,2026-02-03 13:20:00+05:30
125.96,125.96,125.83,125.9,344.0,1770105300.0,2026-02-03 13:25:00+05:30
125.9,126.0,125.81,125.81,4505.0,1770105600.0,2026-02-03 13:30:00+05:30
125.6,125.8,125.46,125.8,697.0,1770105900.0,2026-02-03 13:35:00+05:30
125.8,125.8,125.67,125.8,360.0,1770106200.0,2026-02-03 13:40:00+05:30
125.5,125.82,125.5,125.82,1315.0,1770106500.0,2026-02-03 13:45:00+05:30
125.76,125.92,125.69,125.69,3660.0,1770106800.0,2026-02-03 13:50:00+05:30
125.69,125.9,125.69,125.9,275.0,1770107100.0,2026-02-03 13:55:00+05:30
125.9,126.0,125.82,125.98,1390.0,1770107400.0,2026-02-03 14:00:00+05:30
125.98,125.98,125.69,125.95,1546.0,1770107700.0,2026-02-03 14:05:00+05:30
125.95,125.95,125.58,125.82,2091.0,1770108000.0,2026-02-03 14:10:00+05:30
125.82,125.82,125.7,125.82,104.0,1770108300.0,2026-02-03 14:15:00+05:30
125.82,125.82,125.54,125.58,1960.0,1770108600.0,2026-02-03 14:20:00+05:30
125.6,125.99,125.6,125.74,2969.0,1770108900.0,2026-02-03 14:25:00+05:30
125.74,125.92,125.67,125.67,705.0,1770109200.0,2026-02-03 14:30:00+05:30
125.79,125.79,124.6,124.6,27222.0,1770109500.0,2026-02-03 14:35:00+05:30
124.65,124.88,124.24,124.8,4469.0,1770109800.0,2026-02-03 14:40:00+05:30
124.8,124.85,124.6,124.77,1884.0,1770110100.0,2026-02-03 14:45:00+05:30
124.82,124.91,124.6,124.6,1205.0,1770110400.0,2026-02-03 14:50:00+05:30
124.61,124.98,124.52,124.71,2631.0,1770110700.0,2026-02-03 14:55:00+05:30
124.71,124.95,124.16,124.95,3430.0,1770111000.0,2026-02-03 15:00:00+05:30
124.88,126.19,124.88,126.19,36940.0,1770111300.0,2026-02-03 15:05:00+05:30
126.2,126.2,125.6,125.66,3948.0,1770111600.0,2026-02-03 15:10:00+05:30
125.79,125.79,124.76,125.02,6958.0,1770111900.0,2026-02-03 15:15:00+05:30
125.02,125.17,124.76,124.76,4459.0,1770112200.0,2026-02-03 15:20:00+05:30
124.66,124.66,124.0,124.0,20191.0,1770112500.0,2026-02-03 15:25:00+05:30
125.22,125.22,123.36,123.81,8494.0,1770176700.0,2026-02-04 09:15:00+05:30
123.96,124.2,123.31,123.99,10020.0,1770177000.0,2026-02-04 09:20:00+05:30
124.16,124.27,123.8,124.0,6464.0,1770177300.0,2026-02-04 09:25:00+05:30
124.09,124.29,123.96,124.09,3657.0,1770177600.0,2026-02-04 09:30:00+05:30
124.07,124.83,123.9,124.43,3640.0,1770177900.0,2026-02-04 09:35:00+05:30
124.43,124.49,124.21,124.21,1202.0,1770178200.0,2026-02-04 09:40:00+05:30
124.16,124.44,124.06,124.07,3238.0,1770178500.0,2026-02-04 09:45:00+05:30
124.06,124.44,123.81,124.2,5213.0,1770178800.0,2026-02-04 09:50:00+05:30
124.19,124.37,124.07,124.35,1688.0,1770179100.0,2026-02-04 09:55:00+05:30
124.17,124.25,123.87,124.06,1303.0,1770179400.0,2026-02-04 10:00:00+05:30
123.87,124.18,123.87,123.96,1760.0,1770179700.0,2026-02-04 10:05:00+05:30
123.95,124.33,123.95,124.05,1502.0,1770180000.0,2026-02-04 10:10:00+05:30
124.01,124.23,124.0,124.11,4487.0,1770180300.0,2026-02-04 10:15:00+05:30
123.9,124.0,123.9,123.9,2517.0,1770180600.0,2026-02-04 10:20:00+05:30
123.99,123.99,123.81,123.85,814.0,1770180900.0,2026-02-04 10:25:00+05:30
123.85,124.45,123.8,124.45,7854.0,1770181200.0,2026-02-04 10:30:00+05:30
124.37,124.5,124.02,124.23,3955.0,1770181500.0,2026-02-04 10:35:00+05:30
124.12,124.5,123.96,124.0,6208.0,1770181800.0,2026-02-04 10:40:00+05:30
123.9,123.97,123.83,123.95,708.0,1770182100.0,2026-02-04 10:45:00+05:30
123.83,123.95,123.81,123.88,652.0,1770182400.0,2026-02-04 10:50:00+05:30
123.81,123.81,123.62,123.62,8457.0,1770182700.0,2026-02-04 10:55:00+05:30
123.75,123.9,123.6,123.9,1361.0,1770183000.0,2026-02-04 11:00:00+05:30
123.9,123.9,123.77,123.77,646.0,1770183300.0,2026-02-04 11:05:00+05:30
123.77,123.89,123.75,123.75,658.0,1770183600.0,2026-02-04 11:10:00+05:30
123.75,123.84,123.75,123.84,364.0,1770183900.0,2026-02-04 11:15:00+05:30
123.84,123.84,123.68,123.84,1051.0,1770184200.0,2026-02-04 11:20:00+05:30
123.84,124.0,123.78,123.78,1934.0,1770184500.0,2026-02-04 11:25:00+05:30
123.66,123.94,123.6,123.91,2715.0,1770184800.0,2026-02-04 11:30:00+05:30
123.75,123.87,123.66,123.7,1239.0,1770185100.0,2026-02-04 11:35:00+05:30
123.7,124.16,123.7,124.0,3750.0,1770185400.0,2026-02-04 11:40:00+05:30
123.88,124.1,123.84,123.85,980.0,1770185700.0,2026-02-04 11:45:00+05:30
124.0,124.0,123.63,123.8,1696.0,1770186000.0,2026-02-04 11:50:00+05:30
123.8,123.96,123.79,123.96,78.0,1770186300.0,2026-02-04 11:55:00+05:30
123.96,123.96,123.94,123.94,16.0,1770186600.0,2026-02-04 12:00:00+05:30
123.94,123.94,123.71,123.71,437.0,1770186900.0,2026-02-04 12:05:00+05:30
123.71,123.91,123.7,123.7,513.0,1770187200.0,2026-02-04 12:10:00+05:30
123.72,124.0,123.72,124.0,849.0,1770187500.0,2026-02-04 12:15:00+05:30
124.0,124.0,123.84,123.95,56.0,1770187800.0,2026-02-04 12:20:00+05:30
123.94,124.06,123.79,124.06,600.0,1770188100.0,2026-02-04 12:25:00+05:30
124.02,124.3,124.02,124.17,2627.0,1770188400.0,2026-02-04 12:30:00+05:30
124.17,124.49,124.17,124.49,959.0,1770188700.0,2026-02-04 12:35:00+05:30
124.42,124.5,124.42,124.5,3463.0,1770189000.0,2026-02-04 12:40:00+05:30
124.5,124.5,124.4,124.4,671.0,1770189300.0,2026-02-04 12:45:00+05:30
124.4,124.42,124.22,124.34,2576.0,1770189600.0,2026-02-04 12:50:00+05:30
124.16,124.32,123.81,123.81,3675.0,1770189900.0,2026-02-04 12:55:00+05:30
123.81,123.98,123.81,123.98,325.0,1770190200.0,2026-02-04 13:00:00+05:30
124.0,124.25,124.0,124.12,1020.0,1770190500.0,2026-02-04 13:05:00+05:30
124.12,124.4,124.11,124.15,1391.0,1770190800.0,2026-02-04 13:10:00+05:30
124.15,124.15,124.12,124.12,450.0,1770191100.0,2026-02-04 13:15:00+05:30
124.28,124.29,124.28,124.29,235.0,1770191400.0,2026-02-04 13:20:00+05:30
124.25,124.26,124.0,124.26,3258.0,1770191700.0,2026-02-04 13:25:00+05:30
124.28,124.28,124.28,124.28,2330.0,1770192000.0,2026-02-04 13:30:00+05:30
124.28,124.32,124.28,124.32,125.0,1770192300.0,2026-02-04 13:35:00+05:30
124.32,124.33,124.16,124.33,222.0,1770192600.0,2026-02-04 13:40:00+05:30
124.33,124.37,124.05,124.33,1489.0,1770192900.0,2026-02-04 13:45:00+05:30
124.33,124.42,124.2,124.42,779.0,1770193200.0,2026-02-04 13:50:00+05:30
124.42,124.99,124.42,124.99,11013.0,1770193500.0,2026-02-04 13:55:00+05:30
124.6,126.49,124.6,126.17,43099.0,1770193800.0,2026-02-04 14:00:00+05:30
126.48,127.9,126.38,127.06,32616.0,1770194100.0,2026-02-04 14:05:00+05:30
127.16,128.51,127.15,127.5,20919.0,1770194400.0,2026-02-04 14:10:00+05:30
127.65,127.81,127.36,127.46,4342.0,1770194700.0,2026-02-04 14:15:00+05:30
127.9,128.18,127.45,128.04,17434.0,1770195000.0,2026-02-04 14:20:00+05:30
128.04,128.2,127.83,127.95,6024.0,1770195300.0,2026-02-04 14:25:00+05:30
128.03,128.14,128.0,128.08,4599.0,1770195600.0,2026-02-04 14:30:00+05:30
128.1,128.18,127.5,127.5,13113.0,1770195900.0,2026-02-04 14:35:00+05:30
127.54,127.54,127.22,127.22,6155.0,1770196200.0,2026-02-04 14:40:00+05:30
127.28,127.49,126.74,127.18,8290.0,1770196500.0,2026-02-04 14:45:00+05:30
126.99,127.35,126.99,127.03,4082.0,1770196800.0,2026-02-04 14:50:00+05:30
126.81,127.16,126.8,127.0,5688.0,1770197100.0,2026-02-04 14:55:00+05:30
126.95,127.0,126.82,126.92,2196.0,1770197400.0,2026-02-04 15:00:00+05:30
127.0,128.0,126.92,127.62,19386.0,1770197700.0,2026-02-04 15:05:00+05:30
127.81,127.81,127.51,127.51,4594.0,1770198000.0,2026-02-04 15:10:00+05:30
127.5,127.78,125.87,126.62,19574.0,1770198300.0,2026-02-04 15:15:00+05:30
126.7,126.86,126.3,126.59,5151.0,1770198600.0,2026-02-04 15:20:00+05:30
126.59,126.6,125.84,126.0,14943.0,1770198900.0,2026-02-04 15:25:00+05:30
126.57,126.89,126.25,126.73,14315.0,1770263100.0,2026-02-05 09:15:00+05:30
126.54,126.63,125.67,125.67,14925.0,1770263400.0,2026-02-05 09:20:00+05:30
125.66,125.66,125.0,125.25,5930.0,1770263700.0,2026-02-05 09:25:00+05:30
125.34,125.47,124.96,125.0,4120.0,1770264000.0,2026-02-05 09:30:00+05:30
124.86,125.72,124.86,125.36,10971.0,1770264300.0,2026-02-05 09:35:00+05:30
125.45,125.46,124.72,124.84,4685.0,1770264600.0,2026-02-05 09:40:00+05:30
124.7,124.9,124.67,124.9,3046.0,1770264900.0,2026-02-05 09:45:00+05:30
124.97,125.12,124.67,124.67,3810.0,1770265200.0,2026-02-05 09:50:00+05:30
124.79,125.0,124.68,125.0,1118.0,1770265500.0,2026-02-05 09:55:00+05:30
125.0,125.0,124.51,124.71,2952.0,1770265800.0,2026-02-05 10:00:00+05:30
124.65,124.68,124.51,124.68,497.0,1770266100.0,2026-02-05 10:05:00+05:30
124.68,125.06,124.59,125.06,728.0,1770266400.0,2026-02-05 10:10:00+05:30
125.03,125.09,124.65,124.68,640.0,1770266700.0,2026-02-05 10:15:00+05:30
124.68,125.04,124.68,125.04,612.0,1770267000.0,2026-02-05 10:20:00+05:30
124.8,124.82,124.65,124.65,2539.0,1770267300.0,2026-02-05 10:25:00+05:30
124.71,124.76,124.54,124.64,878.0,1770267600.0,2026-02-05 10:30:00+05:30
124.56,124.61,124.51,124.51,1472.0,1770267900.0,2026-02-05 10:35:00+05:30
124.51,124.65,124.49,124.49,834.0,1770268200.0,2026-02-05 10:40:00+05:30
124.46,124.62,124.42,124.47,124.0,1770268500.0,2026-02-05 10:45:00+05:30
124.47,124.61,124.42,124.42,368.0,1770268800.0,2026-02-05 10:50:00+05:30
124.42,124.5,123.81,124.5,9652.0,1770269100.0,2026-02-05 10:55:00+05:30
124.5,124.68,124.4,124.5,4771.0,1770269400.0,2026-02-05 11:00:00+05:30
124.3,124.6,124.3,124.6,6235.0,1770269700.0,2026-02-05 11:05:00+05:30
124.6,124.66,124.5,124.65,8149.0,1770270000.0,2026-02-05 11:10:00+05:30
124.6,124.6,124.5,124.5,361.0,1770270300.0,2026-02-05 11:15:00+05:30
124.5,124.5,124.27,124.27,1708.0,1770270600.0,2026-02-05 11:20:00+05:30
124.27,124.46,124.27,124.46,201.0,1770270900.0,2026-02-05 11:25:00+05:30
124.46,124.66,124.46,124.46,342.0,1770271200.0,2026-02-05 11:30:00+05:30
124.46,124.74,124.46,124.74,1852.0,1770271500.0,2026-02-05 11:35:00+05:30
124.48,124.48,124.38,124.38,173.0,1770271800.0,2026-02-05 11:40:00+05:30
124.38,124.63,124.36,124.36,74.0,1770272100.0,2026-02-05 11:45:00+05:30
124.36,124.62,124.32,124.62,546.0,1770272400.0,2026-02-05 11:50:00+05:30
124.62,124.69,124.6,124.66,629.0,1770272700.0,2026-02-05 11:55:00+05:30
124.45,124.45,124.45,124.45,100.0,1770273000.0,2026-02-05 12:00:00+05:30
124.45,124.59,124.32,124.59,707.0,1770273300.0,2026-02-05 12:05:00+05:30
124.59,124.59,124.54,124.54,17.0,1770273600.0,2026-02-05 12:10:00+05:30
124.54,124.54,124.36,124.36,60.0,1770273900.0,2026-02-05 12:15:00+05:30
124.39,124.47,124.32,124.45,170.0,1770274200.0,2026-02-05 12:20:00+05:30
124.45,124.45,123.81,123.97,5929.0,1770274500.0,2026-02-05 12:25:00+05:30
123.97,123.99,123.85,123.95,124.0,1770274800.0,2026-02-05 12:30:00+05:30
123.95,123.98,123.81,123.81,741.0,1770275100.0,2026-02-05 12:35:00+05:30
123.81,123.89,123.81,123.89,153.0,1770275400.0,2026-02-05 12:40:00+05:30
123.89,123.89,123.85,123.89,462.0,1770275700.0,2026-02-05 12:45:00+05:30
123.89,124.0,123.89,124.0,3036.0,1770276000.0,2026-02-05 12:50:00+05:30
124.0,124.0,124.0,124.0,201.0,1770276300.0,2026-02-05 12:55:00+05:30
123.87,123.99,123.87,123.99,135.0,1770276600.0,2026-02-05 13:00:00+05:30
123.99,123.99,123.62,123.8,1730.0,1770276900.0,2026-02-05 13:05:00+05:30
123.75,124.16,123.75,124.06,2513.0,1770277200.0,2026-02-05 13:10:00+05:30
124.06,124.29,123.86,124.28,2017.0,1770277500.0,2026-02-05 13:15:00+05:30
124.12,124.35,124.05,124.14,447.0,1770277800.0,2026-02-05 13:20:00+05:30
124.14,124.24,124.14,124.23,23.0,1770278100.0,2026-02-05 13:25:00+05:30
124.23,124.23,124.06,124.13,1025.0,1770278400.0,2026-02-05 13:30:00+05:30
124.13,124.27,124.13,124.27,35.0,1770278700.0,2026-02-05 13:35:00+05:30
124.13,124.13,124.05,124.05,170.0,1770279000.0,2026-02-05 13:40:00+05:30
124.05,124.44,124.05,124.44,2559.0,1770279300.0,2026-02-05 13:45:00+05:30
124.25,124.25,124.23,124.23,285.0,1770279600.0,2026-02-05 13:50:00+05:30
124.23,124.32,124.07,124.32,334.0,1770279900.0,2026-02-05 13:55:00+05:30
124.16,124.34,124.14,124.3,170.0,1770280200.0,2026-02-05 14:00:00+05:30
124.3,124.3,124.07,124.25,86.0,1770280500.0,2026-02-05 14:05:00+05:30
124.25,124.25,124.07,124.07,1120.0,1770280800.0,2026-02-05 14:10:00+05:30
124.07,124.07,124.06,124.06,2029.0,1770281100.0,2026-02-05 14:15:00+05:30
124.2,124.2,124.06,124.06,121.0,1770281400.0,2026-02-05 14:20:00+05:30
124.06,124.06,124.03,124.06,482.0,1770281700.0,2026-02-05 14:25:00+05:30
124.23,124.44,124.09,124.2,26017.0,1770282000.0,2026-02-05 14:30:00+05:30
124.11,124.24,124.11,124.21,546.0,1770282300.0,2026-02-05 14:35:00+05:30
124.21,124.21,124.07,124.07,200.0,1770282600.0,2026-02-05 14:40:00+05:30
124.07,124.07,123.88,123.88,1398.0,1770282900.0,2026-02-05 14:45:00+05:30
124.01,124.02,123.9,123.98,1202.0,1770283200.0,2026-02-05 14:50:00+05:30
124.05,124.24,124.0,124.1,2213.0,1770283500.0,2026-02-05 14:55:00+05:30
124.1,124.23,123.95,124.07,1560.0,1770283800.0,2026-02-05 15:00:00+05:30
124.23,125.0,124.12,125.0,7166.0,1770284100.0,2026-02-05 15:05:00+05:30
125.0,125.0,124.73,124.92,943.0,1770284400.0,2026-02-05 15:10:00+05:30
124.96,125.0,124.64,124.84,3507.0,1770284700.0,2026-02-05 15:15:00+05:30
124.86,125.0,124.5,124.65,3410.0,1770285000.0,2026-02-05 15:20:00+05:30
124.74,125.0,124.26,124.51,4791.0,1770285300.0,2026-02-05 15:25:00+05:30
123.3,124.0,123.3,123.3,2370.0,1770349500.0,2026-02-06 09:15:00+05:30
123.22,123.47,122.41,122.66,3278.0,1770349800.0,2026-02-06 09:20:00+05:30
122.81,122.81,122.04,122.33,6100.0,1770350100.0,2026-02-06 09:25:00+05:30
122.25,122.32,121.57,122.0,7117.0,1770350400.0,2026-02-06 09:30:00+05:30
122.0,122.09,121.85,122.09,2588.0,1770350700.0,2026-02-06 09:35:00+05:30
122.0,122.15,121.85,121.85,2904.0,1770351000.0,2026-02-06 09:40:00+05:30
121.99,122.13,121.98,122.13,385.0,1770351300.0,2026-02-06 09:45:00+05:30
122.17,122.31,122.13,122.14,195.0,1770351600.0,2026-02-06 09:50:00+05:30
122.2,122.2,121.95,122.15,1737.0,1770351900.0,2026-02-06 09:55:00+05:30
122.15,122.15,121.92,122.04,52.0,1770352200.0,2026-02-06 10:00:00+05:30
121.89,122.03,121.85,121.87,767.0,1770352500.0,2026-02-06 10:05:00+05:30
121.87,121.87,121.54,121.67,3531.0,1770352800.0,2026-02-06 10:10:00+05:30
121.67,121.75,121.4,121.65,1687.0,1770353100.0,2026-02-06 10:15:00+05:30
121.61,121.85,121.61,121.75,318.0,1770353400.0,2026-02-06 10:20:00+05:30
121.89,121.89,121.64,121.64,201.0,1770353700.0,2026-02-06 10:25:00+05:30
121.79,121.83,121.54,121.54,623.0,1770354000.0,2026-02-06 10:30:00+05:30
121.54,121.74,121.46,121.74,2536.0,1770354300.0,2026-02-06 10:35:00+05:30
121.93,121.93,121.38,121.63,2724.0,1770354600.0,2026-02-06 10:40:00+05:30
121.43,121.87,121.43,121.6,1352.0,1770354900.0,2026-02-06 10:45:00+05:30
121.65,121.79,121.5,121.68,1351.0,1770355200.0,2026-02-06 10:50:00+05:30
121.68,121.68,120.98,121.45,12274.0,1770355500.0,2026-02-06 10:55:00+05:30
121.23,121.31,120.9,121.02,13891.0,1770355800.0,2026-02-06 11:00:00+05:30
121.25,121.25,120.87,121.11,4212.0,1770356100.0,2026-02-06 11:05:00+05:30
120.92,121.5,120.92,121.14,2211.0,1770356400.0,2026-02-06 11:10:00+05:30
121.36,121.45,121.27,121.27,1962.0,1770356700.0,2026-02-06 11:15:00+05:30
121.27,121.43,121.26,121.26,72.0,1770357000.0,2026-02-06 11:20:00+05:30
121.26,121.41,121.25,121.25,728.0,1770357300.0,2026-02-06 11:25:00+05:30
121.31,121.31,121.0,121.0,1249.0,1770357600.0,2026-02-06 11:30:00+05:30
121.0,121.35,121.0,121.35,26.0,1770357900.0,2026-02-06 11:35:00+05:30
121.35,121.46,121.11,121.25,1868.0,1770358200.0,2026-02-06 11:40:00+05:30
121.43,121.51,121.29,121.51,233.0,1770358500.0,2026-02-06 11:45:00+05:30
121.54,121.65,121.54,121.58,703.0,1770358800.0,2026-02-06 11:50:00+05:30
121.66,121.66,121.51,121.59,478.0,1770359100.0,2026-02-06 11:55:00+05:30
121.58,121.78,121.58,121.77,287.0,1770359400.0,2026-02-06 12:00:00+05:30
121.56,121.69,121.46,121.69,245.0,1770359700.0,2026-02-06 12:05:00+05:30
121.69,121.69,121.02,121.44,2874.0,1770360000.0,2026-02-06 12:10:00+05:30
121.44,121.44,121.06,121.07,417.0,1770360300.0,2026-02-06 12:15:00+05:30
121.07,121.23,121.07,121.08,223.0,1770360600.0,2026-02-06 12:20:00+05:30
121.08,121.09,120.8,120.8,6760.0,1770360900.0,2026-02-06 12:25:00+05:30
120.8,120.96,120.24,120.96,9661.0,1770361200.0,2026-02-06 12:30:00+05:30
120.96,121.14,120.78,120.93,5326.0,1770361500.0,2026-02-06 12:35:00+05:30
120.93,120.96,120.7,120.85,1565.0,1770361800.0,2026-02-06 12:40:00+05:30
120.85,121.8,120.85,121.61,11008.0,1770362100.0,2026-02-06 12:45:00+05:30
121.55,122.15,121.45,122.15,4543.0,1770362400.0,2026-02-06 12:50:00+05:30
122.07,123.0,122.07,122.77,12548.0,1770362700.0,2026-02-06 12:55:00+05:30
122.87,124.7,122.76,124.7,22936.0,1770363000.0,2026-02-06 13:00:00+05:30
124.7,125.0,123.9,123.9,71873.0,1770363300.0,2026-02-06 13:05:00+05:30
124.08,124.25,123.4,123.95,5908.0,1770363600.0,2026-02-06 13:10:00+05:30
123.93,124.5,123.93,124.28,10208.0,1770363900.0,2026-02-06 13:15:00+05:30
124.27,125.99,124.2,125.99,30666.0,1770364200.0,2026-02-06 13:20:00+05:30
126.78,128.45,126.25,127.75,64797.0,1770364500.0,2026-02-06 13:25:00+05:30
127.83,128.8,125.3,125.49,116170.0,1770364800.0,2026-02-06 13:30:00+05:30
125.89,125.89,124.59,124.73,14696.0,1770365100.0,2026-02-06 13:35:00+05:30
124.73,126.09,124.7,125.3,20724.0,1770365400.0,2026-02-06 13:40:00+05:30
125.16,125.48,125.09,125.38,1447.0,1770365700.0,2026-02-06 13:45:00+05:30
125.13,125.15,124.41,125.15,3622.0,1770366000.0,2026-02-06 13:50:00+05:30
124.9,124.93,124.22,124.68,18277.0,1770366300.0,2026-02-06 13:55:00+05:30
124.68,124.94,124.32,124.65,3636.0,1770366600.0,2026-02-06 14:00:00+05:30
124.65,124.9,124.65,124.79,1716.0,1770366900.0,2026-02-06 14:05:00+05:30
124.96,125.07,124.91,124.96,1250.0,1770367200.0,2026-02-06 14:10:00+05:30
124.96,125.05,124.87,125.0,573.0,1770367500.0,2026-02-06 14:15:00+05:30
125.19,125.19,124.92,124.99,845.0,1770367800.0,2026-02-06 14:20:00+05:30
124.99,124.99,124.52,124.74,4126.0,1770368100.0,2026-02-06 14:25:00+05:30
124.74,124.89,124.47,124.53,3808.0,1770368400.0,2026-02-06 14:30:00+05:30
124.44,124.44,124.36,124.36,1340.0,1770368700.0,2026-02-06 14:35:00+05:30
124.15,124.32,124.15,124.32,2924.0,1770369000.0,2026-02-06 14:40:00+05:30
124.32,124.4,124.28,124.32,567.0,1770369300.0,2026-02-06 14:45:00+05:30
124.25,124.25,124.0,124.1,4338.0,1770369600.0,2026-02-06 14:50:00+05:30
124.1,124.1,123.55,123.56,6613.0,1770369900.0,2026-02-06 14:55:00+05:30
123.96,124.0,123.65,123.81,1555.0,1770370200.0,2026-02-06 15:00:00+05:30
123.82,124.4,123.7,123.88,10480.0,1770370500.0,2026-02-06 15:05:00+05:30
124.19,124.56,124.19,124.51,10055.0,1770370800.0,2026-02-06 15:10:00+05:30
124.51,124.79,124.16,124.16,6718.0,1770371100.0,2026-02-06 15:15:00+05:30
124.31,125.03,124.2,124.97,11147.0,1770371400.0,2026-02-06 15:20:00+05:30
124.99,125.1,122.15,122.83,15287.0,1770371700.0,2026-02-06 15:25:00+05:30
124.21,128.22,123.89,127.17,55260.0,1770608700.0,2026-02-09 09:15:00+05:30
127.69,128.14,126.93,127.15,27334.0,1770609000.0,2026-02-09 09:20:00+05:30
127.29,127.47,126.99,127.18,2084.0,1770609300.0,2026-02-09 09:25:00+05:30
127.14,127.48,126.85,126.85,10165.0,1770609600.0,2026-02-09 09:30:00+05:30
126.98,126.98,125.74,125.91,16008.0,1770609900.0,2026-02-09 09:35:00+05:30
125.83,126.5,125.53,125.8,9421.0,1770610200.0,2026-02-09 09:40:00+05:30
125.53,126.68,125.38,126.68,7330.0,1770610500.0,2026-02-09 09:45:00+05:30
126.92,127.0,126.23,126.9,7569.0,1770610800.0,2026-02-09 09:50:00+05:30
126.71,126.85,126.4,126.49,2372.0,1770611100.0,2026-02-09 09:55:00+05:30
126.5,126.83,126.48,126.51,8439.0,1770611400.0,2026-02-09 10:00:00+05:30
126.51,126.66,126.49,126.6,596.0,1770611700.0,2026-02-09 10:05:00+05:30
126.5,128.0,126.41,127.75,21914.0,1770612000.0,2026-02-09 10:10:00+05:30
127.71,129.46,127.64,128.95,36685.0,1770612300.0,2026-02-09 10:15:00+05:30
128.95,128.98,127.93,127.93,11011.0,1770612600.0,2026-02-09 10:20:00+05:30
127.88,128.43,127.56,128.14,35976.0,1770612900.0,2026-02-09 10:25:00+05:30
128.0,128.14,127.98,128.08,2108.0,1770613200.0,2026-02-09 10:30:00+05:30
128.06,128.6,128.06,128.43,4427.0,1770613500.0,2026-02-09 10:35:00+05:30
128.18,128.32,127.87,127.92,7114.0,1770613800.0,2026-02-09 10:40:00+05:30
127.84,128.0,127.74,127.74,1522.0,1770614100.0,2026-02-09 10:45:00+05:30
127.63,127.7,127.31,127.61,1764.0,1770614400.0,2026-02-09 10:50:00+05:30
127.59,127.59,127.31,127.55,1596.0,1770614700.0,2026-02-09 10:55:00+05:30
127.54,128.33,127.32,127.54,8995.0,1770615000.0,2026-02-09 11:00:00+05:30
127.7,127.7,127.5,127.67,747.0,1770615300.0,2026-02-09 11:05:00+05:30
127.66,127.79,127.61,127.61,62.0,1770615600.0,2026-02-09 11:10:00+05:30
127.61,127.75,127.61,127.75,367.0,1770615900.0,2026-02-09 11:15:00+05:30
127.75,127.79,127.66,127.79,320.0,1770616200.0,2026-02-09 11:20:00+05:30
127.79,128.04,127.79,127.79,3355.0,1770616500.0,2026-02-09 11:25:00+05:30
127.86,127.94,127.66,127.66,2122.0,1770616800.0,2026-02-09 11:30:00+05:30
127.8,127.99,127.77,127.97,416.0,1770617100.0,2026-02-09 11:35:00+05:30
127.97,127.98,127.44,127.44,925.0,1770617400.0,2026-02-09 11:40:00+05:30
127.45,127.48,127.34,127.45,137.0,1770617700.0,2026-02-09 11:45:00+05:30
127.45,127.58,127.25,127.43,650.0,1770618000.0,2026-02-09 11:50:00+05:30
127.43,127.59,127.34,127.5,2817.0,1770618300.0,2026-02-09 11:55:00+05:30
127.63,127.79,127.44,127.79,686.0,1770618600.0,2026-02-09 12:00:00+05:30
127.79,127.79,127.46,127.71,1110.0,1770618900.0,2026-02-09 12:05:00+05:30
127.77,128.14,127.58,127.86,7957.0,1770619200.0,2026-02-09 12:10:00+05:30
127.86,127.98,127.79,127.79,207.0,1770619500.0,2026-02-09 12:15:00+05:30
127.78,128.01,127.78,127.8,386.0,1770619800.0,2026-02-09 12:20:00+05:30
127.98,128.1,127.76,127.76,3072.0,1770620100.0,2026-02-09 12:25:00+05:30
128.02,129.7,128.02,129.5,25855.0,1770620400.0,2026-02-09 12:30:00+05:30
129.5,130.89,129.5,129.5,49572.0,1770620700.0,2026-02-09 12:35:00+05:30
129.5,129.5,129.1,129.31,3650.0,1770621000.0,2026-02-09 12:40:00+05:30
129.16,129.3,129.13,129.25,658.0,1770621300.0,2026-02-09 12:45:00+05:30
129.3,129.45,128.94,129.0,8736.0,1770621600.0,2026-02-09 12:50:00+05:30
129.0,129.61,128.85,129.61,9368.0,1770621900.0,2026-02-09 12:55:00+05:30
129.61,129.66,129.32,129.66,5298.0,1770622200.0,2026-02-09 13:00:00+05:30
129.54,130.98,129.37,130.62,9680.0,1770622500.0,2026-02-09 13:05:00+05:30
130.84,133.0,130.49,132.63,104413.0,1770622800.0,2026-02-09 13:10:00+05:30
132.83,132.96,131.22,131.52,25770.0,1770623100.0,2026-02-09 13:15:00+05:30
131.26,132.02,130.8,131.38,40101.0,1770623400.0,2026-02-09 13:20:00+05:30
131.44,131.76,131.0,131.38,10298.0,1770623700.0,2026-02-09 13:25:00+05:30
131.38,131.99,131.3,131.8,11360.0,1770624000.0,2026-02-09 13:30:00+05:30
131.74,131.79,131.18,131.47,10110.0,1770624300.0,2026-02-09 13:35:00+05:30
131.64,131.66,131.24,131.32,4980.0,1770624600.0,2026-02-09 13:40:00+05:30
131.33,131.63,131.27,131.3,4151.0,1770624900.0,2026-02-09 13:45:00+05:30
131.46,131.7,131.2,131.35,6396.0,1770625200.0,2026-02-09 13:50:00+05:30
131.36,131.52,131.3,131.49,4076.0,1770625500.0,2026-02-09 13:55:00+05:30
131.49,131.7,131.14,131.43,12048.0,1770625800.0,2026-02-09 14:00:00+05:30
131.62,132.2,131.49,132.16,16015.0,1770626100.0,2026-02-09 14:05:00+05:30
131.94,131.99,131.49,131.49,5078.0,1770626400.0,2026-02-09 14:10:00+05:30
131.56,131.74,131.46,131.69,5424.0,1770626700.0,2026-02-09 14:15:00+05:30
131.68,132.1,131.55,131.9,4020.0,1770627000.0,2026-02-09 14:20:00+05:30
131.8,131.9,131.51,131.82,4237.0,1770627300.0,2026-02-09 14:25:00+05:30
131.49,131.9,131.49,131.76,5496.0,1770627600.0,2026-02-09 14:30:00+05:30
131.6,132.21,131.51,132.21,15119.0,1770627900.0,2026-02-09 14:35:00+05:30
132.3,132.44,131.73,131.81,19811.0,1770628200.0,2026-02-09 14:40:00+05:30
131.94,132.23,131.72,132.23,3751.0,1770628500.0,2026-02-09 14:45:00+05:30
132.23,132.34,131.73,132.12,8704.0,1770628800.0,2026-02-09 14:50:00+05:30
132.0,132.3,131.92,132.22,3604.0,1770629100.0,2026-02-09 14:55:00+05:30
132.22,132.47,131.95,132.2,5824.0,1770629400.0,2026-02-09 15:00:00+05:30
132.1,132.2,131.53,131.83,8971.0,1770629700.0,2026-02-09 15:05:00+05:30
131.77,131.77,131.44,131.44,13777.0,1770630000.0,2026-02-09 15:10:00+05:30
131.44,131.45,130.51,130.51,17641.0,1770630300.0,2026-02-09 15:15:00+05:30
130.51,131.5,130.38,131.13,23247.0,1770630600.0,2026-02-09 15:20:00+05:30
131.0,131.5,130.95,131.0,17288.0,1770630900.0,2026-02-09 15:25:00+05:30
131.1,134.19,131.0,132.57,35543.0,1770695100.0,2026-02-10 09:15:00+05:30
132.35,132.99,132.11,132.11,8547.0,1770695400.0,2026-02-10 09:20:00+05:30
132.07,132.77,132.07,132.65,12314.0,1770695700.0,2026-02-10 09:25:00+05:30
132.58,132.58,130.66,130.94,23743.0,1770696000.0,2026-02-10 09:30:00+05:30
131.34,131.34,130.57,130.8,8964.0,1770696300.0,2026-02-10 09:35:00+05:30
130.86,130.97,130.61,130.83,6523.0,1770696600.0,2026-02-10 09:40:00+05:30
130.4,130.78,129.17,129.2,47801.0,1770696900.0,2026-02-10 09:45:00+05:30
129.38,129.79,129.16,129.57,6759.0,1770697200.0,2026-02-10 09:50:00+05:30
129.31,129.54,129.02,129.43,7304.0,1770697500.0,2026-02-10 09:55:00+05:30
129.25,129.54,129.25,129.4,1841.0,1770697800.0,2026-02-10 10:00:00+05:30
129.36,129.62,129.36,129.5,5048.0,1770698100.0,2026-02-10 10:05:00+05:30
129.53,129.6,129.27,129.27,1907.0,1770698400.0,2026-02-10 10:10:00+05:30
129.4,129.46,129.27,129.27,894.0,1770698700.0,2026-02-10 10:15:00+05:30
129.45,129.45,129.0,129.15,7567.0,1770699000.0,2026-02-10 10:20:00+05:30
129.16,129.33,129.16,129.32,1748.0,1770699300.0,2026-02-10 10:25:00+05:30
129.31,129.31,129.0,129.03,5320.0,1770699600.0,2026-02-10 10:30:00+05:30
129.03,129.32,129.03,129.1,1770.0,1770699900.0,2026-02-10 10:35:00+05:30
129.07,129.19,128.9,129.19,4579.0,1770700200.0,2026-02-10 10:40:00+05:30
129.0,129.05,128.84,128.93,1714.0,1770700500.0,2026-02-10 10:45:00+05:30
128.92,128.96,128.22,128.69,9027.0,1770700800.0,2026-02-10 10:50:00+05:30
128.55,128.55,128.43,128.44,1774.0,1770701100.0,2026-02-10 10:55:00+05:30
128.44,129.7,128.44,129.18,11026.0,1770701400.0,2026-02-10 11:00:00+05:30
129.39,129.4,129.2,129.2,32.0,1770701700.0,2026-02-10 11:05:00+05:30
129.34,129.39,129.29,129.39,1280.0,1770702000.0,2026-02-10 11:10:00+05:30
129.33,129.35,129.04,129.31,867.0,1770702300.0,2026-02-10 11:15:00+05:30
129.31,129.31,129.0,129.0,2351.0,1770702600.0,2026-02-10 11:20:00+05:30
129.2,129.2,128.8,128.85,4796.0,1770702900.0,2026-02-10 11:25:00+05:30
128.6,128.6,128.55,128.6,1476.0,1770703200.0,2026-02-10 11:30:00+05:30
128.6,128.81,128.6,128.81,924.0,1770703500.0,2026-02-10 11:35:00+05:30
128.56,128.79,128.56,128.6,1080.0,1770703800.0,2026-02-10 11:40:00+05:30
128.75,128.82,128.5,128.63,1594.0,1770704100.0,2026-02-10 11:45:00+05:30
128.63,128.79,128.55,128.71,573.0,1770704400.0,2026-02-10 11:50:00+05:30
128.71,128.71,128.5,128.5,1686.0,1770704700.0,2026-02-10 11:55:00+05:30
128.51,128.97,128.29,128.88,6062.0,1770705000.0,2026-02-10 12:00:00+05:30
128.61,128.84,128.56,128.76,1387.0,1770705300.0,2026-02-10 12:05:00+05:30
128.76,128.86,128.66,128.86,773.0,1770705600.0,2026-02-10 12:10:00+05:30
128.86,128.95,128.7,128.95,1418.0,1770705900.0,2026-02-10 12:15:00+05:30
128.95,128.95,128.77,128.8,129.0,1770706200.0,2026-02-10 12:20:00+05:30
128.8,128.94,128.8,128.81,668.0,1770706500.0,2026-02-10 12:25:00+05:30
128.82,128.94,128.82,128.82,1128.0,1770706800.0,2026-02-10 12:30:00+05:30
128.82,128.89,128.6,128.81,3063.0,1770707100.0,2026-02-10 12:35:00+05:30
128.75,128.94,128.75,128.94,5610.0,1770707400.0,2026-02-10 12:40:00+05:30
128.94,128.94,128.77,128.89,123.0,1770707700.0,2026-02-10 12:45:00+05:30
128.94,128.94,128.75,128.75,1353.0,1770708000.0,2026-02-10 12:50:00+05:30
128.75,129.19,128.75,129.19,1303.0,1770708300.0,2026-02-10 12:55:00+05:30
129.25,129.25,128.8,128.8,1037.0,1770708600.0,2026-02-10 13:00:00+05:30
128.55,129.06,128.55,129.04,2311.0,1770708900.0,2026-02-10 13:05:00+05:30
129.04,129.04,128.8,128.85,891.0,1770709200.0,2026-02-10 13:10:00+05:30
129.04,129.07,128.79,128.79,1080.0,1770709500.0,2026-02-10 13:15:00+05:30
128.91,128.91,128.68,128.68,677.0,1770709800.0,2026-02-10 13:20:00+05:30
128.68,128.83,128.56,128.56,469.0,1770710100.0,2026-02-10 13:25:00+05:30
128.8,128.8,128.57,128.75,556.0,1770710400.0,2026-02-10 13:30:00+05:30
128.75,128.75,128.61,128.7,256.0,1770710700.0,2026-02-10 13:35:00+05:30
128.7,128.7,128.36,128.37,2670.0,1770711000.0,2026-02-10 13:40:00+05:30
128.25,128.54,128.25,128.4,1261.0,1770711300.0,2026-02-10 13:45:00+05:30
128.35,128.39,128.12,128.39,3054.0,1770711600.0,2026-02-10 13:50:00+05:30
128.3,128.46,128.15,128.15,434.0,1770711900.0,2026-02-10 13:55:00+05:30
128.24,128.24,128.01,128.16,8785.0,1770712200.0,2026-02-10 14:00:00+05:30
128.06,128.37,128.06,128.36,724.0,1770712500.0,2026-02-10 14:05:00+05:30
128.36,128.36,128.1,128.16,1615.0,1770712800.0,2026-02-10 14:10:00+05:30
128.1,128.31,128.09,128.31,406.0,1770713100.0,2026-02-10 14:15:00+05:30
128.2,128.2,128.06,128.07,1330.0,1770713400.0,2026-02-10 14:20:00+05:30
128.07,128.2,128.01,128.01,1345.0,1770713700.0,2026-02-10 14:25:00+05:30
128.19,128.19,127.75,128.02,8610.0,1770714000.0,2026-02-10 14:30:00+05:30
128.02,128.16,128.0,128.0,493.0,1770714300.0,2026-02-10 14:35:00+05:30
128.0,128.0,127.77,127.9,3793.0,1770714600.0,2026-02-10 14:40:00+05:30
127.94,128.0,127.87,127.98,732.0,1770714900.0,2026-02-10 14:45:00+05:30
127.98,127.99,127.79,127.99,1042.0,1770715200.0,2026-02-10 14:50:00+05:30
128.03,128.15,127.81,128.0,6059.0,1770715500.0,2026-02-10 14:55:00+05:30
128.0,128.42,127.92,128.12,6019.0,1770715800.0,2026-02-10 15:00:00+05:30
128.13,128.67,128.12,128.67,2667.0,1770716100.0,2026-02-10 15:05:00+05:30
128.37,128.91,128.37,128.81,9311.0,1770716400.0,2026-02-10 15:10:00+05:30
128.74,129.2,128.5,129.15,16514.0,1770716700.0,2026-02-10 15:15:00+05:30
129.06,129.15,128.95,129.0,4061.0,1770717000.0,2026-02-10 15:20:00+05:30
129.0,129.16,128.61,129.0,5946.0,1770717300.0,2026-02-10 15:25:00+05:30
128.5,128.94,128.0,128.5,16766.0,1770781500.0,2026-02-11 09:15:00+05:30
128.15,130.73,127.8,130.7,36564.0,1770781800.0,2026-02-11 09:20:00+05:30
130.48,130.7,129.46,130.1,18942.0,1770782100.0,2026-02-11 09:25:00+05:30
130.34,130.44,129.47,129.88,6747.0,1770782400.0,2026-02-11 09:30:00+05:30
129.75,129.81,129.01,129.33,5659.0,1770782700.0,2026-02-11 09:35:00+05:30
129.09,129.34,128.72,129.14,3282.0,1770783000.0,2026-02-11 09:40:00+05:30
129.19,129.59,129.0,129.2,10148.0,1770783300.0,2026-02-11 09:45:00+05:30
129.2,131.0,129.2,130.34,23122.0,1770783600.0,2026-02-11 09:50:00+05:30
130.11,130.84,130.0,130.4,17911.0,1770783900.0,2026-02-11 09:55:00+05:30
129.99,130.2,129.56,129.94,10115.0,1770784200.0,2026-02-11 10:00:00+05:30
129.74,130.2,129.64,130.0,6455.0,1770784500.0,2026-02-11 10:05:00+05:30
130.0,130.0,129.67,129.84,5179.0,1770784800.0,2026-02-11 10:10:00+05:30
129.66,130.0,129.65,129.81,1119.0,1770785100.0,2026-02-11 10:15:00+05:30
130.03,130.09,129.75,130.09,2896.0,1770785400.0,2026-02-11 10:20:00+05:30
130.15,130.2,130.02,130.15,860.0,1770785700.0,2026-02-11 10:25:00+05:30
130.03,130.13,129.7,129.7,3819.0,1770786000.0,2026-02-11 10:30:00+05:30
129.7,129.7,129.5,129.67,1106.0,1770786300.0,2026-02-11 10:35:00+05:30
129.68,129.7,129.53,129.7,348.0,1770786600.0,2026-02-11 10:40:00+05:30
129.7,129.7,129.55,129.56,311.0,1770786900.0,2026-02-11 10:45:00+05:30
129.56,129.71,129.46,129.51,2454.0,1770787200.0,2026-02-11 10:50:00+05:30
129.51,129.92,129.49,129.73,5089.0,1770787500.0,2026-02-11 10:55:00+05:30
129.7,129.7,129.51,129.6,614.0,1770787800.0,2026-02-11 11:00:00+05:30
129.51,129.7,129.39,129.4,1707.0,1770788100.0,2026-02-11 11:05:00+05:30
129.77,129.77,129.12,129.34,2557.0,1770788400.0,2026-02-11 11:10:00+05:30
129.34,129.73,129.01,129.25,12886.0,1770788700.0,2026-02-11 11:15:00+05:30
129.14,129.25,129.1,129.12,550.0,1770789000.0,2026-02-11 11:20:00+05:30
129.3,129.3,128.86,129.11,5337.0,1770789300.0,2026-02-11 11:25:00+05:30
128.9,129.19,128.9,129.16,575.0,1770789600.0,2026-02-11 11:30:00+05:30
129.19,129.46,128.69,128.69,7228.0,1770789900.0,2026-02-11 11:35:00+05:30
128.81,128.81,128.15,128.46,4378.0,1770790200.0,2026-02-11 11:40:00+05:30
128.46,128.46,128.11,128.36,1300.0,1770790500.0,2026-02-11 11:45:00+05:30
128.38,128.38,128.38,128.38,300.0,1770790800.0,2026-02-11 11:50:00+05:30
128.38,128.38,128.18,128.38,2671.0,1770791100.0,2026-02-11 11:55:00+05:30
128.38,128.38,127.71,127.89,21699.0,1770791400.0,2026-02-11 12:00:00+05:30
127.75,127.79,127.45,127.51,4170.0,1770791700.0,2026-02-11 12:05:00+05:30
127.66,127.89,127.61,127.72,771.0,1770792000.0,2026-02-11 12:10:00+05:30
127.88,127.88,127.58,127.58,787.0,1770792300.0,2026-02-11 12:15:00+05:30
127.58,127.6,127.4,127.6,1697.0,1770792600.0,2026-02-11 12:20:00+05:30
127.59,127.65,127.44,127.65,870.0,1770792900.0,2026-02-11 12:25:00+05:30
127.79,127.79,127.5,127.5,613.0,1770793200.0,2026-02-11 12:30:00+05:30
127.35,127.37,127.25,127.37,2100.0,1770793500.0,2026-02-11 12:35:00+05:30
127.19,127.36,126.75,126.77,7288.0,1770793800.0,2026-02-11 12:40:00+05:30
126.77,126.87,126.57,126.85,4602.0,1770794100.0,2026-02-11 12:45:00+05:30
126.85,126.91,126.31,126.68,4741.0,1770794400.0,2026-02-11 12:50:00+05:30
126.68,126.88,126.67,126.88,262.0,1770794700.0,2026-02-11 12:55:00+05:30
126.88,127.13,126.88,127.04,4213.0,1770795000.0,2026-02-11 13:00:00+05:30
127.04,127.47,127.04,127.04,2160.0,1770795300.0,2026-02-11 13:05:00+05:30
127.32,127.32,127.14,127.15,1452.0,1770795600.0,2026-02-11 13:10:00+05:30
127.15,127.15,127.15,127.15,0.0,1770795900.0,2026-02-11 13:15:00+05:30
127.31,127.45,127.3,127.3,613.0,1770796200.0,2026-02-11 13:20:00+05:30
127.3,127.47,127.16,127.21,1043.0,1770796500.0,2026-02-11 13:25:00+05:30
127.42,127.42,127.42,127.42,203.0,1770796800.0,2026-02-11 13:30:00+05:30
127.41,127.41,127.16,127.16,619.0,1770797100.0,2026-02-11 13:35:00+05:30
127.16,127.37,127.16,127.37,22.0,1770797400.0,2026-02-11 13:40:00+05:30
127.4,127.4,127.39,127.39,197.0,1770797700.0,2026-02-11 13:45:00+05:30
127.33,127.37,127.15,127.15,771.0,1770798000.0,2026-02-11 13:50:00+05:30
127.15,127.46,127.0,127.0,5392.0,1770798300.0,2026-02-11 13:55:00+05:30
127.0,127.34,127.0,127.3,72.0,1770798600.0,2026-02-11 14:00:00+05:30
127.31,127.34,127.08,127.17,2736.0,1770798900.0,2026-02-11 14:05:00+05:30
127.17,127.35,127.02,127.35,2429.0,1770799200.0,2026-02-11 14:10:00+05:30
127.35,127.35,127.0,127.06,826.0,1770799500.0,2026-02-11 14:15:00+05:30
127.22,127.35,127.21,127.35,1213.0,1770799800.0,2026-02-11 14:20:00+05:30
127.35,127.45,127.35,127.41,251.0,1770800100.0,2026-02-11 14:25:00+05:30
127.43,127.77,127.43,127.77,1899.0,1770800400.0,2026-02-11 14:30:00+05:30
127.51,127.75,127.51,127.57,861.0,1770800700.0,2026-02-11 14:35:00+05:30
127.57,127.57,127.41,127.57,678.0,1770801000.0,2026-02-11 14:40:00+05:30
127.5,127.57,127.24,127.24,3015.0,1770801300.0,2026-02-11 14:45:00+05:30
127.59,127.64,127.28,127.49,2624.0,1770801600.0,2026-02-11 14:50:00+05:30
127.29,127.54,127.29,127.54,2582.0,1770801900.0,2026-02-11 14:55:00+05:30
127.4,127.63,127.37,127.38,1314.0,1770802200.0,2026-02-11 15:00:00+05:30
127.56,128.53,127.37,128.19,17054.0,1770802500.0,2026-02-11 15:05:00+05:30
128.11,128.11,127.54,127.99,6720.0,1770802800.0,2026-02-11 15:10:00+05:30
128.05,128.05,127.15,127.15,7777.0,1770803100.0,2026-02-11 15:15:00+05:30
127.14,128.8,127.0,127.54,13428.0,1770803400.0,2026-02-11 15:20:00+05:30
127.4,128.26,127.1,128.26,9588.0,1770803700.0,2026-02-11 15:25:00+05:30
127.84,128.18,126.38,126.74,12589.0,1770867900.0,2026-02-12 09:15:00+05:30
126.74,127.15,126.52,126.52,5015.0,1770868200.0,2026-02-12 09:20:00+05:30
126.76,127.1,126.5,126.61,3957.0,1770868500.0,2026-02-12 09:25:00+05:30
126.64,126.89,126.21,126.27,2504.0,1770868800.0,2026-02-12 09:30:00+05:30
126.27,126.46,126.25,126.46,304.0,1770869100.0,2026-02-12 09:35:00+05:30
126.28,126.56,126.27,126.49,1013.0,1770869400.0,2026-02-12 09:40:00+05:30
126.31,126.49,126.0,126.49,5987.0,1770869700.0,2026-02-12 09:45:00+05:30
126.17,126.4,126.17,126.32,1091.0,1770870000.0,2026-02-12 09:50:00+05:30
126.29,126.75,126.14,126.5,6205.0,1770870300.0,2026-02-12 09:55:00+05:30
126.52,126.52,126.45,126.45,141.0,1770870600.0,2026-02-12 10:00:00+05:30
126.3,126.51,126.3,126.3,1627.0,1770870900.0,2026-02-12 10:05:00+05:30
126.3,126.6,126.21,126.5,312.0,1770871200.0,2026-02-12 10:10:00+05:30
126.5,126.51,126.29,126.51,368.0,1770871500.0,2026-02-12 10:15:00+05:30
126.01,126.4,126.01,126.3,4475.0,1770871800.0,2026-02-12 10:20:00+05:30
126.23,126.23,126.01,126.1,756.0,1770872100.0,2026-02-12 10:25:00+05:30
126.1,126.21,125.9,126.16,13925.0,1770872400.0,2026-02-12 10:30:00+05:30
126.25,126.44,126.04,126.11,2999.0,1770872700.0,2026-02-12 10:35:00+05:30
126.18,127.8,126.18,127.32,13801.0,1770873000.0,2026-02-12 10:40:00+05:30
127.94,128.19,127.44,127.72,15746.0,1770873300.0,2026-02-12 10:45:00+05:30
128.04,130.83,128.0,130.5,25459.0,1770873600.0,2026-02-12 10:50:00+05:30
130.23,132.24,130.23,131.9,69844.0,1770873900.0,2026-02-12 10:55:00+05:30
131.85,133.71,131.2,132.17,110748.0,1770874200.0,2026-02-12 11:00:00+05:30
132.3,133.33,131.5,132.92,76769.0,1770874500.0,2026-02-12 11:05:00+05:30
133.43,133.71,132.74,133.5,42578.0,1770874800.0,2026-02-12 11:10:00+05:30
133.6,135.0,132.75,133.07,86282.0,1770875100.0,2026-02-12 11:15:00+05:30
133.38,134.43,132.82,133.46,59507.0,1770875400.0,2026-02-12 11:20:00+05:30
133.27,133.58,133.01,133.01,56980.0,1770875700.0,2026-02-12 11:25:00+05:30
133.01,133.8,132.75,133.45,45873.0,1770876000.0,2026-02-12 11:30:00+05:30
133.73,133.75,131.42,131.9,49793.0,1770876300.0,2026-02-12 11:35:00+05:30
131.86,132.83,131.66,132.55,23047.0,1770876600.0,2026-02-12 11:40:00+05:30
133.0,134.3,132.83,133.79,84042.0,1770876900.0,2026-02-12 11:45:00+05:30
133.86,134.5,133.73,133.94,47557.0,1770877200.0,2026-02-12 11:50:00+05:30
133.91,134.85,133.65,134.67,49664.0,1770877500.0,2026-02-12 11:55:00+05:30
134.6,135.6,133.63,133.92,96228.0,1770877800.0,2026-02-12 12:00:00+05:30
133.95,134.59,133.48,134.26,35004.0,1770878100.0,2026-02-12 12:05:00+05:30
134.2,135.19,134.09,134.81,68917.0,1770878400.0,2026-02-12 12:10:00+05:30
134.95,136.0,134.6,135.69,51946.0,1770878700.0,2026-02-12 12:15:00+05:30
135.59,137.5,135.59,137.4,134847.0,1770879000.0,2026-02-12 12:20:00+05:30
137.15,137.5,136.2,136.38,59207.0,1770879300.0,2026-02-12 12:25:00+05:30
136.95,138.7,136.41,137.0,261319.0,1770879600.0,2026-02-12 12:30:00+05:30
137.03,138.3,136.9,137.89,125293.0,1770879900.0,2026-02-12 12:35:00+05:30
137.89,137.99,137.19,137.54,45759.0,1770880200.0,2026-02-12 12:40:00+05:30
137.43,137.54,136.2,136.34,100221.0,1770880500.0,2026-02-12 12:45:00+05:30
136.36,137.39,135.14,135.38,103595.0,1770880800.0,2026-02-12 12:50:00+05:30
135.31,135.94,134.5,135.29,92169.0,1770881100.0,2026-02-12 12:55:00+05:30
135.28,135.56,134.71,135.0,21347.0,1770881400.0,2026-02-12 13:00:00+05:30
135.0,135.0,134.7,134.9,19610.0,1770881700.0,2026-02-12 13:05:00+05:30
134.97,135.12,134.25,134.63,47272.0,1770882000.0,2026-02-12 13:10:00+05:30
134.41,134.85,134.31,134.54,10953.0,1770882300.0,2026-02-12 13:15:00+05:30
134.52,135.5,134.25,134.77,18878.0,1770882600.0,2026-02-12 13:20:00+05:30
135.0,136.44,134.8,136.02,46914.0,1770882900.0,2026-02-12 13:25:00+05:30
136.13,137.48,136.0,136.8,76203.0,1770883200.0,2026-02-12 13:30:00+05:30
136.5,137.24,136.0,136.3,33805.0,1770883500.0,2026-02-12 13:35:00+05:30
136.45,136.9,136.1,136.25,10322.0,1770883800.0,2026-02-12 13:40:00+05:30
136.43,136.43,134.44,135.0,60383.0,1770884100.0,2026-02-12 13:45:00+05:30
134.95,135.21,134.6,135.0,39514.0,1770884400.0,2026-02-12 13:50:00+05:30
135.03,137.29,134.3,134.86,410099.0,1770884700.0,2026-02-12 13:55:00+05:30
135.0,135.0,131.02,134.5,501235.0,1770885000.0,2026-02-12 14:00:00+05:30
134.5,135.7,133.72,135.11,425242.0,1770885300.0,2026-02-12 14:05:00+05:30
135.2,135.3,133.5,134.16,180123.0,1770885600.0,2026-02-12 14:10:00+05:30
134.16,134.8,133.72,133.96,72232.0,1770885900.0,2026-02-12 14:15:00+05:30
133.97,136.9,133.96,136.14,289762.0,1770886200.0,2026-02-12 14:20:00+05:30
136.0,137.45,135.78,136.86,232678.0,1770886500.0,2026-02-12 14:25:00+05:30
136.86,137.0,134.53,134.71,135814.0,1770886800.0,2026-02-12 14:30:00+05:30
134.34,135.0,133.2,133.69,145506.0,1770887100.0,2026-02-12 14:35:00+05:30
133.57,134.5,133.42,133.65,64097.0,1770887400.0,2026-02-12 14:40:00+05:30
133.63,133.79,133.01,133.15,40976.0,1770887700.0,2026-02-12 14:45:00+05:30
133.15,133.46,132.88,133.0,84788.0,1770888000.0,2026-02-12 14:50:00+05:30
133.0,133.5,132.76,132.76,53970.0,1770888300.0,2026-02-12 14:55:00+05:30
132.94,132.94,131.51,131.8,65791.0,1770888600.0,2026-02-12 15:00:00+05:30
131.8,132.06,130.25,130.46,121278.0,1770888900.0,2026-02-12 15:05:00+05:30
130.5,131.39,130.01,130.13,102286.0,1770889200.0,2026-02-12 15:10:00+05:30
130.38,131.0,129.5,129.97,88909.0,1770889500.0,2026-02-12 15:15:00+05:30
129.96,130.19,129.29,129.6,120643.0,1770889800.0,2026-02-12 15:20:00+05:30
129.69,130.14,129.0,129.27,100235.0,1770890100.0,2026-02-12 15:25:00+05:30
130.0,134.75,127.29,133.77,385265.0,1770954300.0,2026-02-13 09:15:00+05:30
133.69,134.54,132.0,132.27,153909.0,1770954600.0,2026-02-13 09:20:00+05:30
132.24,134.42,132.04,133.96,111133.0,1770954900.0,2026-02-13 09:25:00+05:30
134.0,136.0,133.86,134.25,224637.0,1770955200.0,2026-02-13 09:30:00+05:30
134.0,134.14,133.38,133.7,50527.0,1770955500.0,2026-02-13 09:35:00+05:30
133.7,134.9,133.55,134.5,45848.0,1770955800.0,2026-02-13 09:40:00+05:30
134.5,135.5,134.32,135.04,79919.0,1770956100.0,2026-02-13 09:45:00+05:30
134.9,136.0,134.78,135.04,143134.0,1770956400.0,2026-02-13 09:50:00+05:30
135.04,135.04,134.01,134.18,34556.0,1770956700.0,2026-02-13 09:55:00+05:30
134.18,135.2,134.18,135.02,33669.0,1770957000.0,2026-02-13 10:00:00+05:30
135.16,135.3,134.04,134.53,51806.0,1770957300.0,2026-02-13 10:05:00+05:30
134.86,135.0,132.51,132.71,99978.0,1770957600.0,2026-02-13 10:10:00+05:30
132.54,133.29,131.68,132.8,57676.0,1770957900.0,2026-02-13 10:15:00+05:30
132.86,133.25,132.83,133.19,23697.0,1770958200.0,2026-02-13 10:20:00+05:30
133.18,133.67,132.78,133.6,57389.0,1770958500.0,2026-02-13 10:25:00+05:30
133.6,133.91,133.45,133.67,17181.0,1770958800.0,2026-02-13 10:30:00+05:30
133.67,133.75,133.16,133.5,27997.0,1770959100.0,2026-02-13 10:35:00+05:30
133.5,133.55,132.84,133.02,38670.0,1770959400.0,2026-02-13 10:40:00+05:30
133.14,133.9,133.14,133.8,17800.0,1770959700.0,2026-02-13 10:45:00+05:30
133.8,133.85,133.52,133.8,14268.0,1770960000.0,2026-02-13 10:50:00+05:30
133.67,133.75,133.56,133.56,15948.0,1770960300.0,2026-02-13 10:55:00+05:30
133.53,133.57,133.32,133.39,7019.0,1770960600.0,2026-02-13 11:00:00+05:30
133.3,133.49,133.0,133.06,16016.0,1770960900.0,2026-02-13 11:05:00+05:30
133.05,133.05,132.82,132.97,5901.0,1770961200.0,2026-02-13 11:10:00+05:30
132.97,132.97,131.67,131.76,34782.0,1770961500.0,2026-02-13 11:15:00+05:30
131.72,132.01,131.51,131.63,12046.0,1770961800.0,2026-02-13 11:20:00+05:30
131.47,131.57,131.21,131.46,20745.0,1770962100.0,2026-02-13 11:25:00+05:30
131.46,132.18,131.4,131.65,18117.0,1770962400.0,2026-02-13 11:30:00+05:30
131.51,131.9,131.51,131.72,10949.0,1770962700.0,2026-02-13 11:35:00+05:30
131.72,132.02,131.72,132.02,2125.0,1770963000.0,2026-02-13 11:40:00+05:30
132.03,132.35,131.78,132.16,15940.0,1770963300.0,2026-02-13 11:45:00+05:30
132.16,132.2,131.88,131.98,6138.0,1770963600.0,2026-02-13 11:50:00+05:30
132.12,132.29,132.0,132.0,3990.0,1770963900.0,2026-02-13 11:55:00+05:30
132.12,132.27,132.0,132.09,7628.0,1770964200.0,2026-02-13 12:00:00+05:30
132.09,132.36,132.03,132.1,5946.0,1770964500.0,2026-02-13 12:05:00+05:30
132.09,132.1,132.0,132.08,14765.0,1770964800.0,2026-02-13 12:10:00+05:30
132.23,132.28,132.09,132.22,10378.0,1770965100.0,2026-02-13 12:15:00+05:30
132.22,132.22,132.0,132.17,1873.0,1770965400.0,2026-02-13 12:20:00+05:30
132.17,132.51,132.17,132.36,6948.0,1770965700.0,2026-02-13 12:25:00+05:30
132.42,133.02,132.19,132.81,10476.0,1770966000.0,2026-02-13 12:30:00+05:30
132.79,132.81,132.46,132.49,15614.0,1770966300.0,2026-02-13 12:35:00+05:30
132.49,132.97,132.46,132.69,9013.0,1770966600.0,2026-02-13 12:40:00+05:30
132.79,133.0,132.71,132.98,16414.0,1770966900.0,2026-02-13 12:45:00+05:30
132.99,133.0,132.69,132.82,9510.0,1770967200.0,2026-02-13 12:50:00+05:30
132.84,132.96,132.64,132.85,18528.0,1770967500.0,2026-02-13 12:55:00+05:30
132.85,133.25,132.85,132.96,14877.0,1770967800.0,2026-02-13 13:00:00+05:30
133.1,133.41,132.91,133.41,13652.0,1770968100.0,2026-02-13 13:05:00+05:30
133.3,133.6,133.28,133.35,19209.0,1770968400.0,2026-02-13 13:10:00+05:30
133.25,133.25,133.03,133.03,5588.0,1770968700.0,2026-02-13 13:15:00+05:30
133.05,133.2,132.91,133.0,14521.0,1770969000.0,2026-02-13 13:20:00+05:30
133.0,133.0,132.95,133.0,5675.0,1770969300.0,2026-02-13 13:25:00+05:30
133.0,133.0,132.5,132.61,7730.0,1770969600.0,2026-02-13 13:30:00+05:30
132.7,132.75,132.6,132.6,1400.0,1770969900.0,2026-02-13 13:35:00+05:30
132.63,132.87,132.56,132.76,1136.0,1770970200.0,2026-02-13 13:40:00+05:30
132.76,133.0,132.5,132.5,4872.0,1770970500.0,2026-02-13 13:45:00+05:30
132.5,132.67,132.5,132.67,6357.0,1770970800.0,2026-02-13 13:50:00+05:30
132.67,132.96,132.5,132.96,5259.0,1770971100.0,2026-02-13 13:55:00+05:30
132.95,132.95,132.68,132.88,1742.0,1770971400.0,2026-02-13 14:00:00+05:30
132.89,132.89,132.64,132.82,2920.0,1770971700.0,2026-02-13 14:05:00+05:30
132.85,133.24,132.85,132.92,12600.0,1770972000.0,2026-02-13 14:10:00+05:30
133.03,133.03,132.81,132.81,7878.0,1770972300.0,2026-02-13 14:15:00+05:30
132.7,132.87,132.63,132.71,4502.0,1770972600.0,2026-02-13 14:20:00+05:30
132.79,132.93,132.58,132.73,2478.0,1770972900.0,2026-02-13 14:25:00+05:30
132.55,132.78,132.12,132.2,37609.0,1770973200.0,2026-02-13 14:30:00+05:30
132.2,132.49,132.1,132.12,17508.0,1770973500.0,2026-02-13 14:35:00+05:30
132.04,132.21,131.61,131.86,13313.0,1770973800.0,2026-02-13 14:40:00+05:30
131.9,132.57,131.9,132.12,21959.0,1770974100.0,2026-02-13 14:45:00+05:30
132.2,132.52,132.2,132.25,6645.0,1770974400.0,2026-02-13 14:50:00+05:30
132.29,132.29,131.94,132.08,11758.0,1770974700.0,2026-02-13 14:55:00+05:30
132.08,132.75,131.88,132.75,14471.0,1770975000.0,2026-02-13 15:00:00+05:30
132.67,135.51,132.62,135.16,209988.0,1770975300.0,2026-02-13 15:05:00+05:30
135.24,135.4,132.19,132.35,114347.0,1770975600.0,2026-02-13 15:10:00+05:30
132.35,132.6,131.58,132.5,59848.0,1770975900.0,2026-02-13 15:15:00+05:30
132.48,133.54,132.25,133.54,40683.0,1770976200.0,2026-02-13 15:20:00+05:30
133.57,134.0,132.41,132.9,86039.0,1770976500.0,2026-02-13 15:25:00+05:30
134.0,134.0,131.0,131.5,36193.0,1771213500.0,2026-02-16 09:15:00+05:30
131.46,131.69,131.05,131.69,17275.0,1771213800.0,2026-02-16 09:20:00+05:30
131.63,131.85,131.5,131.55,17563.0,1771214100.0,2026-02-16 09:25:00+05:30
131.55,132.19,131.55,132.04,13600.0,1771214400.0,2026-02-16 09:30:00+05:30
132.09,132.09,131.55,131.61,8754.0,1771214700.0,2026-02-16 09:35:00+05:30
131.59,131.71,131.19,131.2,7774.0,1771215000.0,2026-02-16 09:40:00+05:30
131.25,131.4,130.01,130.57,27358.0,1771215300.0,2026-02-16 09:45:00+05:30
130.57,130.61,130.16,130.37,11953.0,1771215600.0,2026-02-16 09:50:00+05:30
130.49,130.64,130.27,130.64,2554.0,1771215900.0,2026-02-16 09:55:00+05:30
130.47,131.0,130.47,130.67,5988.0,1771216200.0,2026-02-16 10:00:00+05:30
130.88,130.9,130.5,130.71,3901.0,1771216500.0,2026-02-16 10:05:00+05:30
130.71,130.78,130.6,130.74,2034.0,1771216800.0,2026-02-16 10:10:00+05:30
130.74,130.74,130.5,130.68,2466.0,1771217100.0,2026-02-16 10:15:00+05:30
130.79,130.79,130.35,130.35,5070.0,1771217400.0,2026-02-16 10:20:00+05:30
130.25,130.25,128.23,128.47,30820.0,1771217700.0,2026-02-16 10:25:00+05:30
128.47,128.47,128.05,128.05,16424.0,1771218000.0,2026-02-16 10:30:00+05:30
127.8,128.0,127.31,127.76,26777.0,1771218300.0,2026-02-16 10:35:00+05:30
128.3,128.68,128.08,128.24,31940.0,1771218600.0,2026-02-16 10:40:00+05:30
128.3,128.31,128.0,128.25,13625.0,1771218900.0,2026-02-16 10:45:00+05:30
128.25,128.25,127.79,127.8,4486.0,1771219200.0,2026-02-16 10:50:00+05:30
127.94,128.14,127.82,128.13,1276.0,1771219500.0,2026-02-16 10:55:00+05:30
128.15,128.2,127.83,128.2,3068.0,1771219800.0,2026-02-16 11:00:00+05:30
128.2,128.22,127.95,128.0,5488.0,1771220100.0,2026-02-16 11:05:00+05:30
128.03,128.06,128.0,128.06,4529.0,1771220400.0,2026-02-16 11:10:00+05:30
128.06,128.24,128.06,128.24,1199.0,1771220700.0,2026-02-16 11:15:00+05:30
128.22,128.66,128.12,128.5,10425.0,1771221000.0,2026-02-16 11:20:00+05:30
128.5,128.6,128.43,128.43,4560.0,1771221300.0,2026-02-16 11:25:00+05:30
128.52,128.52,128.43,128.52,1345.0,1771221600.0,2026-02-16 11:30:00+05:30
128.51,128.54,128.51,128.54,1548.0,1771221900.0,2026-02-16 11:35:00+05:30
128.54,128.63,128.29,128.29,5815.0,1771222200.0,2026-02-16 11:40:00+05:30
128.1,128.1,127.5,127.7,12607.0,1771222500.0,2026-02-16 11:45:00+05:30
127.69,127.7,127.63,127.63,4240.0,1771222800.0,2026-02-16 11:50:00+05:30
127.7,127.7,127.5,127.67,1306.0,1771223100.0,2026-02-16 11:55:00+05:30
127.57,127.7,127.5,127.65,3085.0,1771223400.0,2026-02-16 12:00:00+05:30
127.65,127.7,127.5,127.6,3053.0,1771223700.0,2026-02-16 12:05:00+05:30
127.6,127.78,127.6,127.76,2423.0,1771224000.0,2026-02-16 12:10:00+05:30
127.9,127.99,127.89,127.99,3292.0,1771224300.0,2026-02-16 12:15:00+05:30
127.95,127.99,127.69,127.69,3763.0,1771224600.0,2026-02-16 12:20:00+05:30
127.65,127.65,127.25,127.3,25010.0,1771224900.0,2026-02-16 12:25:00+05:30
127.29,127.46,127.05,127.38,16204.0,1771225200.0,2026-02-16 12:30:00+05:30
127.43,127.61,127.32,127.61,3178.0,1771225500.0,2026-02-16 12:35:00+05:30
127.61,127.96,127.36,127.69,8993.0,1771225800.0,2026-02-16 12:40:00+05:30
127.88,127.89,127.67,127.8,943.0,1771226100.0,2026-02-16 12:45:00+05:30
127.89,127.89,127.26,127.61,6344.0,1771226400.0,2026-02-16 12:50:00+05:30
127.61,127.69,127.45,127.6,26604.0,1771226700.0,2026-02-16 12:55:00+05:30
127.5,127.72,127.45,127.72,7132.0,1771227000.0,2026-02-16 13:00:00+05:30
127.6,127.73,127.6,127.73,1153.0,1771227300.0,2026-02-16 13:05:00+05:30
127.79,127.82,127.74,127.76,1552.0,1771227600.0,2026-02-16 13:10:00+05:30
127.76,128.33,127.45,127.93,32607.0,1771227900.0,2026-02-16 13:15:00+05:30
128.14,128.92,128.14,128.15,13453.0,1771228200.0,2026-02-16 13:20:00+05:30
128.15,128.6,128.14,128.25,8542.0,1771228500.0,2026-02-16 13:25:00+05:30
128.25,128.41,128.07,128.4,7032.0,1771228800.0,2026-02-16 13:30:00+05:30
128.4,128.49,128.23,128.3,3130.0,1771229100.0,2026-02-16 13:35:00+05:30
128.3,128.3,128.23,128.27,390.0,1771229400.0,2026-02-16 13:40:00+05:30
128.1,128.13,127.8,127.8,4154.0,1771229700.0,2026-02-16 13:45:00+05:30
127.99,128.0,127.63,127.8,5174.0,1771230000.0,2026-02-16 13:50:00+05:30
127.8,127.8,127.73,127.79,741.0,1771230300.0,2026-02-16 13:55:00+05:30
127.79,127.87,127.79,127.87,1272.0,1771230600.0,2026-02-16 14:00:00+05:30
127.87,128.29,127.79,128.0,14789.0,1771230900.0,2026-02-16 14:05:00+05:30
128.0,128.0,127.92,128.0,149.0,1771231200.0,2026-02-16 14:10:00+05:30
128.0,128.0,127.69,127.69,1873.0,1771231500.0,2026-02-16 14:15:00+05:30
127.99,128.0,127.8,127.8,1150.0,1771231800.0,2026-02-16 14:20:00+05:30
127.98,128.06,127.81,127.98,6783.0,1771232100.0,2026-02-16 14:25:00+05:30
128.14,128.14,127.87,127.87,1130.0,1771232400.0,2026-02-16 14:30:00+05:30
128.01,128.01,127.84,127.84,486.0,1771232700.0,2026-02-16 14:35:00+05:30
128.05,128.05,127.84,127.99,1366.0,1771233000.0,2026-02-16 14:40:00+05:30
127.99,128.1,127.86,128.1,2556.0,1771233300.0,2026-02-16 14:45:00+05:30
128.1,128.3,128.01,128.1,1948.0,1771233600.0,2026-02-16 14:50:00+05:30
128.01,128.13,127.91,128.0,8828.0,1771233900.0,2026-02-16 14:55:00+05:30
128.0,128.0,127.9,128.0,6136.0,1771234200.0,2026-02-16 15:00:00+05:30
127.95,128.11,127.87,128.11,12806.0,1771234500.0,2026-02-16 15:05:00+05:30
128.0,128.13,127.9,127.94,5439.0,1771234800.0,2026-02-16 15:10:00+05:30
127.9,127.99,127.63,127.7,9749.0,1771235100.0,2026-02-16 15:15:00+05:30
127.69,128.6,127.69,128.1,26514.0,1771235400.0,2026-02-16 15:20:00+05:30
128.05,128.48,127.5,128.03,18704.0,1771235700.0,2026-02-16 15:25:00+05:30
128.49,128.63,127.69,128.08,18031.0,1771299900.0,2026-02-17 09:15:00+05:30
128.35,128.42,127.81,128.0,3533.0,1771300200.0,2026-02-17 09:20:00+05:30
128.22,128.55,127.99,128.4,6819.0,1771300500.0,2026-02-17 09:25:00+05:30
128.43,128.9,128.21,128.9,5631.0,1771300800.0,2026-02-17 09:30:00+05:30
128.91,130.49,128.91,130.18,33490.0,1771301100.0,2026-02-17 09:35:00+05:30
130.0,130.5,129.75,130.5,20362.0,1771301400.0,2026-02-17 09:40:00+05:30
130.5,130.99,130.2,130.24,14323.0,1771301700.0,2026-02-17 09:45:00+05:30
130.21,130.48,130.15,130.15,1999.0,1771302000.0,2026-02-17 09:50:00+05:30
130.31,130.39,130.17,130.39,1002.0,1771302300.0,2026-02-17 09:55:00+05:30
130.39,130.49,130.1,130.19,6641.0,1771302600.0,2026-02-17 10:00:00+05:30
130.11,130.15,129.72,129.76,4621.0,1771302900.0,2026-02-17 10:05:00+05:30
129.77,129.9,129.75,129.9,1897.0,1771303200.0,2026-02-17 10:10:00+05:30
129.99,130.02,128.64,129.05,9503.0,1771303500.0,2026-02-17 10:15:00+05:30
129.05,129.14,128.7,128.73,4476.0,1771303800.0,2026-02-17 10:20:00+05:30
128.73,129.02,128.73,128.98,1323.0,1771304100.0,2026-02-17 10:25:00+05:30
128.98,128.99,128.35,128.36,6060.0,1771304400.0,2026-02-17 10:30:00+05:30
128.45,128.53,128.28,128.53,1032.0,1771304700.0,2026-02-17 10:35:00+05:30
128.44,128.7,128.31,128.38,5708.0,1771305000.0,2026-02-17 10:40:00+05:30
128.38,128.45,128.13,128.2,2158.0,1771305300.0,2026-02-17 10:45:00+05:30
128.13,128.2,128.05,128.05,2207.0,1771305600.0,2026-02-17 10:50:00+05:30
128.06,128.28,128.06,128.12,1840.0,1771305900.0,2026-02-17 10:55:00+05:30
128.27,128.3,128.11,128.3,2548.0,1771306200.0,2026-02-17 11:00:00+05:30
128.31,128.45,128.31,128.33,954.0,1771306500.0,2026-02-17 11:05:00+05:30
128.3,128.44,128.11,128.11,826.0,1771306800.0,2026-02-17 11:10:00+05:30
128.29,128.4,128.11,128.4,5865.0,1771307100.0,2026-02-17 11:15:00+05:30
128.44,128.95,128.4,128.87,1665.0,1771307400.0,2026-02-17 11:20:00+05:30
128.74,128.74,128.67,128.67,69.0,1771307700.0,2026-02-17 11:25:00+05:30
128.67,128.72,128.6,128.72,836.0,1771308000.0,2026-02-17 11:30:00+05:30
128.72,128.91,128.72,128.91,610.0,1771308300.0,2026-02-17 11:35:00+05:30
128.9,128.9,128.73,128.83,552.0,1771308600.0,2026-02-17 11:40:00+05:30
128.65,128.83,128.61,128.79,1382.0,1771308900.0,2026-02-17 11:45:00+05:30
128.79,128.8,128.62,128.8,1446.0,1771309200.0,2026-02-17 11:50:00+05:30
128.8,128.8,128.66,128.77,223.0,1771309500.0,2026-02-17 11:55:00+05:30
128.77,128.79,128.6,128.6,552.0,1771309800.0,2026-02-17 12:00:00+05:30
128.6,129.12,128.6,129.12,6757.0,1771310100.0,2026-02-17 12:05:00+05:30
128.97,129.04,128.62,128.64,899.0,1771310400.0,2026-02-17 12:10:00+05:30
128.77,128.77,128.7,128.7,1411.0,1771310700.0,2026-02-17 12:15:00+05:30
128.7,128.7,128.7,128.7,296.0,1771311000.0,2026-02-17 12:20:00+05:30
128.83,128.88,128.83,128.88,502.0,1771311300.0,2026-02-17 12:25:00+05:30
128.85,128.85,128.55,128.58,2611.0,1771311600.0,2026-02-17 12:30:00+05:30
128.58,128.6,128.55,128.55,919.0,1771311900.0,2026-02-17 12:35:00+05:30
128.81,129.17,128.8,129.02,1189.0,1771312200.0,2026-02-17 12:40:00+05:30
129.02,129.52,129.02,129.22,13247.0,1771312500.0,2026-02-17 12:45:00+05:30
129.14,129.18,129.14,129.18,533.0,1771312800.0,2026-02-17 12:50:00+05:30
129.18,129.4,129.18,129.4,1913.0,1771313100.0,2026-02-17 12:55:00+05:30
129.4,129.4,129.3,129.3,170.0,1771313400.0,2026-02-17 13:00:00+05:30
129.3,129.31,129.2,129.26,1615.0,1771313700.0,2026-02-17 13:05:00+05:30
129.26,129.37,129.26,129.35,52.0,1771314000.0,2026-02-17 13:10:00+05:30
129.35,129.35,129.33,129.33,248.0,1771314300.0,2026-02-17 13:15:00+05:30
129.2,129.22,128.6,128.63,17283.0,1771314600.0,2026-02-17 13:20:00+05:30
128.75,128.75,128.35,128.45,14163.0,1771314900.0,2026-02-17 13:25:00+05:30
128.59,128.6,128.51,128.51,109.0,1771315200.0,2026-02-17 13:30:00+05:30
128.65,128.86,128.62,128.75,1204.0,1771315500.0,2026-02-17 13:35:00+05:30
128.75,128.76,128.58,128.58,2229.0,1771315800.0,2026-02-17 13:40:00+05:30
128.32,128.58,128.32,128.58,10580.0,1771316100.0,2026-02-17 13:45:00+05:30
128.58,128.61,128.58,128.61,63.0,1771316400.0,2026-02-17 13:50:00+05:30
128.61,128.82,128.5,128.5,4188.0,1771316700.0,2026-02-17 13:55:00+05:30
128.47,128.8,128.47,128.63,1941.0,1771317000.0,2026-02-17 14:00:00+05:30
128.77,128.78,128.67,128.78,443.0,1771317300.0,2026-02-17 14:05:00+05:30
128.81,128.81,128.52,128.62,4892.0,1771317600.0,2026-02-17 14:10:00+05:30
128.46,128.56,128.35,128.35,1790.0,1771317900.0,2026-02-17 14:15:00+05:30
128.35,128.49,128.35,128.49,313.0,1771318200.0,2026-02-17 14:20:00+05:30
128.49,128.49,128.11,128.32,5713.0,1771318500.0,2026-02-17 14:25:00+05:30
128.32,128.32,128.05,128.25,5526.0,1771318800.0,2026-02-17 14:30:00+05:30
128.25,128.25,128.07,128.23,1009.0,1771319100.0,2026-02-17 14:35:00+05:30
128.23,128.23,127.93,127.93,4032.0,1771319400.0,2026-02-17 14:40:00+05:30
127.98,128.28,127.85,128.15,3927.0,1771319700.0,2026-02-17 14:45:00+05:30
128.16,128.27,127.8,128.22,18939.0,1771320000.0,2026-02-17 14:50:00+05:30
128.19,128.29,128.09,128.27,503.0,1771320300.0,2026-02-17 14:55:00+05:30
128.31,128.31,127.69,127.8,12720.0,1771320600.0,2026-02-17 15:00:00+05:30
127.92,129.17,127.92,129.17,35733.0,1771320900.0,2026-02-17 15:05:00+05:30
129.17,129.23,128.77,128.9,11364.0,1771321200.0,2026-02-17 15:10:00+05:30
128.83,129.0,128.4,128.77,9575.0,1771321500.0,2026-02-17 15:15:00+05:30
128.78,128.9,128.78,128.9,2361.0,1771321800.0,2026-02-17 15:20:00+05:30
128.9,130.0,128.47,128.9,12895.0,1771322100.0,2026-02-17 15:25:00+05:30
128.1,128.47,126.02,128.15,17799.0,1771386300.0,2026-02-18 09:15:00+05:30
128.09,128.38,127.35,127.57,13225.0,1771386600.0,2026-02-18 09:20:00+05:30
127.78,128.36,127.78,128.03,10579.0,1771386900.0,2026-02-18 09:25:00+05:30
128.03,128.03,127.5,127.7,10799.0,1771387200.0,2026-02-18 09:30:00+05:30
127.54,127.81,127.54,127.81,2232.0,1771387500.0,2026-02-18 09:35:00+05:30
127.81,128.06,127.81,127.81,4066.0,1771387800.0,2026-02-18 09:40:00+05:30
127.99,128.15,127.54,127.54,3828.0,1771388100.0,2026-02-18 09:45:00+05:30
127.49,127.63,127.13,127.13,2680.0,1771388400.0,2026-02-18 09:50:00+05:30
127.22,127.22,126.86,126.86,6912.0,1771388700.0,2026-02-18 09:55:00+05:30
126.86,126.94,126.38,126.4,15114.0,1771389000.0,2026-02-18 10:00:00+05:30
126.43,126.61,126.15,126.61,3111.0,1771389300.0,2026-02-18 10:05:00+05:30
126.61,126.61,126.1,126.41,13120.0,1771389600.0,2026-02-18 10:10:00+05:30
126.41,126.67,126.3,126.53,2407.0,1771389900.0,2026-02-18 10:15:00+05:30
126.7,127.26,126.68,126.96,17160.0,1771390200.0,2026-02-18 10:20:00+05:30
127.0,127.2,126.46,126.47,7767.0,1771390500.0,2026-02-18 10:25:00+05:30
126.68,127.15,126.5,127.04,4939.0,1771390800.0,2026-02-18 10:30:00+05:30
127.04,127.04,126.82,126.82,100.0,1771391100.0,2026-02-18 10:35:00+05:30
126.83,126.83,126.55,126.55,1706.0,1771391400.0,2026-02-18 10:40:00+05:30
126.55,126.72,126.51,126.72,889.0,1771391700.0,2026-02-18 10:45:00+05:30
126.72,127.0,126.72,127.0,1237.0,1771392000.0,2026-02-18 10:50:00+05:30
126.77,127.01,126.67,126.67,2896.0,1771392300.0,2026-02-18 10:55:00+05:30
126.67,126.98,126.67,126.98,349.0,1771392600.0,2026-02-18 11:00:00+05:30
126.79,126.79,126.5,126.74,4703.0,1771392900.0,2026-02-18 11:05:00+05:30
126.74,126.74,126.39,126.49,3169.0,1771393200.0,2026-02-18 11:10:00+05:30
126.64,126.64,126.37,126.45,1371.0,1771393500.0,2026-02-18 11:15:00+05:30
126.45,126.6,126.45,126.59,1862.0,1771393800.0,2026-02-18 11:20:00+05:30
126.59,126.59,126.11,126.44,10613.0,1771394100.0,2026-02-18 11:25:00+05:30
126.47,126.59,126.31,126.52,3587.0,1771394400.0,2026-02-18 11:30:00+05:30
126.52,126.78,126.39,126.74,2110.0,1771394700.0,2026-02-18 11:35:00+05:30
126.74,126.74,126.46,126.46,1108.0,1771395000.0,2026-02-18 11:40:00+05:30
126.61,126.66,126.46,126.53,1042.0,1771395300.0,2026-02-18 11:45:00+05:30
126.63,126.75,126.58,126.75,2984.0,1771395600.0,2026-02-18 11:50:00+05:30
126.77,126.77,126.5,126.5,3782.0,1771395900.0,2026-02-18 11:55:00+05:30
126.76,126.76,126.56,126.56,1560.0,1771396200.0,2026-02-18 12:00:00+05:30
126.72,126.74,126.51,126.74,1451.0,1771396500.0,2026-02-18 12:05:00+05:30
126.73,126.73,126.56,126.71,479.0,1771396800.0,2026-02-18 12:10:00+05:30
126.7,126.75,126.51,126.71,5210.0,1771397100.0,2026-02-18 12:15:00+05:30
126.71,126.79,126.62,126.79,1105.0,1771397400.0,2026-02-18 12:20:00+05:30
126.62,126.65,126.6,126.6,2025.0,1771397700.0,2026-02-18 12:25:00+05:30
126.61,126.61,126.61,126.61,72.0,1771398000.0,2026-02-18 12:30:00+05:30
126.61,126.78,126.6,126.6,1224.0,1771398300.0,2026-02-18 12:35:00+05:30
126.75,126.76,126.6,126.76,350.0,1771398600.0,2026-02-18 12:40:00+05:30
126.61,126.99,126.6,126.81,8001.0,1771398900.0,2026-02-18 12:45:00+05:30
126.81,126.95,126.69,126.95,1352.0,1771399200.0,2026-02-18 12:50:00+05:30
126.95,126.95,126.67,126.67,133.0,1771399500.0,2026-02-18 12:55:00+05:30
126.82,126.93,126.41,126.41,3926.0,1771399800.0,2026-02-18 13:00:00+05:30
126.58,126.85,126.5,126.59,2639.0,1771400100.0,2026-02-18 13:05:00+05:30
126.68,126.84,126.68,126.73,701.0,1771400400.0,2026-02-18 13:10:00+05:30
126.73,126.84,126.67,126.71,208.0,1771400700.0,2026-02-18 13:15:00+05:30
126.68,126.68,126.0,126.01,16502.0,1771401000.0,2026-02-18 13:20:00+05:30
126.1,126.1,125.31,125.51,26859.0,1771401300.0,2026-02-18 13:25:00+05:30
125.6,125.69,125.51,125.68,1167.0,1771401600.0,2026-02-18 13:30:00+05:30
125.68,125.78,125.56,125.56,1318.0,1771401900.0,2026-02-18 13:35:00+05:30
125.56,125.8,125.56,125.8,273.0,1771402200.0,2026-02-18 13:40:00+05:30
125.77,125.77,125.41,125.68,3921.0,1771402500.0,2026-02-18 13:45:00+05:30
125.68,125.98,125.68,125.93,2086.0,1771402800.0,2026-02-18 13:50:00+05:30
125.93,125.93,125.69,125.87,2212.0,1771403100.0,2026-02-18 13:55:00+05:30
125.74,125.87,125.46,125.58,6915.0,1771403400.0,2026-02-18 14:00:00+05:30
125.58,125.7,125.15,125.35,11348.0,1771403700.0,2026-02-18 14:05:00+05:30
125.35,125.5,125.15,125.5,3110.0,1771404000.0,2026-02-18 14:10:00+05:30
125.27,125.48,125.27,125.48,1965.0,1771404300.0,2026-02-18 14:15:00+05:30
125.48,125.5,125.48,125.5,1224.0,1771404600.0,2026-02-18 14:20:00+05:30
125.5,125.5,125.43,125.5,6888.0,1771404900.0,2026-02-18 14:25:00+05:30
125.5,125.53,125.42,125.45,3495.0,1771405200.0,2026-02-18 14:30:00+05:30
125.45,125.45,125.1,125.23,8895.0,1771405500.0,2026-02-18 14:35:00+05:30
125.25,125.29,125.1,125.29,2757.0,1771405800.0,2026-02-18 14:40:00+05:30
125.24,125.26,125.1,125.26,2034.0,1771406100.0,2026-02-18 14:45:00+05:30
125.25,125.25,125.11,125.2,809.0,1771406400.0,2026-02-18 14:50:00+05:30
125.2,125.2,124.73,124.98,22752.0,1771406700.0,2026-02-18 14:55:00+05:30
125.0,125.74,125.0,125.59,21039.0,1771407000.0,2026-02-18 15:00:00+05:30
125.7,126.0,125.6,125.99,12703.0,1771407300.0,2026-02-18 15:05:00+05:30
126.0,126.21,125.9,126.21,15582.0,1771407600.0,2026-02-18 15:10:00+05:30
126.19,126.23,125.9,126.15,15510.0,1771407900.0,2026-02-18 15:15:00+05:30
126.15,126.94,126.15,126.9,48038.0,1771408200.0,2026-02-18 15:20:00+05:30
126.9,127.2,126.11,127.1,21776.0,1771408500.0,2026-02-18 15:25:00+05:30
126.2,127.53,126.2,127.0,16911.0,1771472700.0,2026-02-19 09:15:00+05:30
126.92,127.88,126.6,127.88,8092.0,1771473000.0,2026-02-19 09:20:00+05:30
127.89,127.97,126.89,126.93,7052.0,1771473300.0,2026-02-19 09:25:00+05:30
127.25,127.28,126.83,126.98,748.0,1771473600.0,2026-02-19 09:30:00+05:30
127.02,127.49,126.82,127.25,17051.0,1771473900.0,2026-02-19 09:35:00+05:30
127.12,127.49,127.01,127.42,5123.0,1771474200.0,2026-02-19 09:40:00+05:30
127.21,127.8,127.2,127.8,7913.0,1771474500.0,2026-02-19 09:45:00+05:30
128.03,128.33,128.0,128.0,9859.0,1771474800.0,2026-02-19 09:50:00+05:30
128.15,129.5,128.01,129.5,10586.0,1771475100.0,2026-02-19 09:55:00+05:30
129.58,129.8,128.68,129.14,22162.0,1771475400.0,2026-02-19 10:00:00+05:30
129.1,129.29,129.0,129.29,12637.0,1771475700.0,2026-02-19 10:05:00+05:30
129.36,129.42,129.15,129.15,3544.0,1771476000.0,2026-02-19 10:10:00+05:30
129.02,129.4,128.65,129.27,5757.0,1771476300.0,2026-02-19 10:15:00+05:30
129.28,129.31,128.7,128.88,2951.0,1771476600.0,2026-02-19 10:20:00+05:30
128.69,128.88,128.5,128.69,4244.0,1771476900.0,2026-02-19 10:25:00+05:30
128.77,128.85,128.63,128.64,771.0,1771477200.0,2026-02-19 10:30:00+05:30
128.65,128.75,128.5,128.5,3938.0,1771477500.0,2026-02-19 10:35:00+05:30
128.5,128.74,128.5,128.74,1193.0,1771477800.0,2026-02-19 10:40:00+05:30
128.63,128.63,128.11,128.11,5620.0,1771478100.0,2026-02-19 10:45:00+05:30
128.06,128.41,128.06,128.41,2456.0,1771478400.0,2026-02-19 10:50:00+05:30
128.41,128.47,128.18,128.23,1258.0,1771478700.0,2026-02-19 10:55:00+05:30
128.07,128.35,128.0,128.11,2135.0,1771479000.0,2026-02-19 11:00:00+05:30
128.11,128.33,128.08,128.08,927.0,1771479300.0,2026-02-19 11:05:00+05:30
128.25,128.28,128.07,128.07,407.0,1771479600.0,2026-02-19 11:10:00+05:30
128.07,128.22,127.88,127.91,3956.0,1771479900.0,2026-02-19 11:15:00+05:30
127.95,128.15,127.9,127.97,1332.0,1771480200.0,2026-02-19 11:20:00+05:30
127.71,127.99,127.71,127.96,5542.0,1771480500.0,2026-02-19 11:25:00+05:30
127.8,128.22,127.65,128.06,2068.0,1771480800.0,2026-02-19 11:30:00+05:30
128.06,128.11,127.81,128.0,5662.0,1771481100.0,2026-02-19 11:35:00+05:30
128.0,128.07,127.75,127.96,1235.0,1771481400.0,2026-02-19 11:40:00+05:30
128.0,128.0,127.83,127.96,459.0,1771481700.0,2026-02-19 11:45:00+05:30
127.81,127.94,127.75,127.76,350.0,1771482000.0,2026-02-19 11:50:00+05:30
127.69,127.89,127.69,127.89,6823.0,1771482300.0,2026-02-19 11:55:00+05:30
127.89,128.04,127.89,128.04,700.0,1771482600.0,2026-02-19 12:00:00+05:30
128.14,128.14,127.73,127.8,2677.0,1771482900.0,2026-02-19 12:05:00+05:30
127.93,127.93,127.42,127.43,5221.0,1771483200.0,2026-02-19 12:10:00+05:30
127.34,127.34,127.05,127.1,9393.0,1771483500.0,2026-02-19 12:15:00+05:30
127.1,127.28,127.0,127.27,7832.0,1771483800.0,2026-02-19 12:20:00+05:30
127.27,127.97,127.26,127.97,7486.0,1771484100.0,2026-02-19 12:25:00+05:30
127.67,127.82,127.16,127.16,1681.0,1771484400.0,2026-02-19 12:30:00+05:30
127.16,127.32,126.3,126.31,14252.0,1771484700.0,2026-02-19 12:35:00+05:30
126.31,126.48,125.74,125.92,20935.0,1771485000.0,2026-02-19 12:40:00+05:30
125.92,126.25,125.9,126.24,1603.0,1771485300.0,2026-02-19 12:45:00+05:30
126.1,126.48,125.97,126.48,4108.0,1771485600.0,2026-02-19 12:50:00+05:30
126.27,126.41,126.03,126.03,1965.0,1771485900.0,2026-02-19 12:55:00+05:30
126.2,126.32,125.72,125.8,5517.0,1771486200.0,2026-02-19 13:00:00+05:30
125.84,125.86,124.42,124.83,53714.0,1771486500.0,2026-02-19 13:05:00+05:30
124.8,124.9,124.5,124.68,8908.0,1771486800.0,2026-02-19 13:10:00+05:30
124.79,124.98,124.51,124.89,5744.0,1771487100.0,2026-02-19 13:15:00+05:30
124.91,125.18,124.69,124.8,20432.0,1771487400.0,2026-02-19 13:20:00+05:30
124.9,125.0,124.8,124.8,4916.0,1771487700.0,2026-02-19 13:25:00+05:30
124.8,124.8,124.5,124.75,2915.0,1771488000.0,2026-02-19 13:30:00+05:30
124.72,124.99,124.72,124.75,6090.0,1771488300.0,2026-02-19 13:35:00+05:30
124.75,124.75,124.7,124.7,45.0,1771488600.0,2026-02-19 13:40:00+05:30
124.75,124.75,124.6,124.75,319.0,1771488900.0,2026-02-19 13:45:00+05:30
124.75,124.75,124.3,124.56,13392.0,1771489200.0,2026-02-19 13:50:00+05:30
124.56,124.7,124.5,124.5,1382.0,1771489500.0,2026-02-19 13:55:00+05:30
124.57,124.57,124.3,124.49,1177.0,1771489800.0,2026-02-19 14:00:00+05:30
124.49,124.49,124.02,124.02,3850.0,1771490100.0,2026-02-19 14:05:00+05:30
124.33,124.33,123.82,124.19,7736.0,1771490400.0,2026-02-19 14:10:00+05:30
124.25,124.48,124.14,124.48,3782.0,1771490700.0,2026-02-19 14:15:00+05:30
124.48,124.5,124.2,124.2,3809.0,1771491000.0,2026-02-19 14:20:00+05:30
124.39,124.5,124.22,124.39,3734.0,1771491300.0,2026-02-19 14:25:00+05:30
124.25,124.39,124.19,124.19,451.0,1771491600.0,2026-02-19 14:30:00+05:30
124.19,124.35,124.1,124.34,1273.0,1771491900.0,2026-02-19 14:35:00+05:30
124.34,124.34,124.12,124.24,809.0,1771492200.0,2026-02-19 14:40:00+05:30
124.17,124.59,124.17,124.43,3793.0,1771492500.0,2026-02-19 14:45:00+05:30
124.43,124.48,124.01,124.32,6693.0,1771492800.0,2026-02-19 14:50:00+05:30
124.34,124.37,124.0,124.27,3095.0,1771493100.0,2026-02-19 14:55:00+05:30
124.23,124.26,123.8,124.01,5175.0,1771493400.0,2026-02-19 15:00:00+05:30
124.01,125.3,123.82,125.11,20987.0,1771493700.0,2026-02-19 15:05:00+05:30
124.99,125.99,124.99,125.55,36232.0,1771494000.0,2026-02-19 15:10:00+05:30
125.5,125.8,125.15,125.51,69220.0,1771494300.0,2026-02-19 15:15:00+05:30
125.51,125.69,123.51,123.75,47622.0,1771494600.0,2026-02-19 15:20:00+05:30
123.82,124.48,123.1,123.5,12555.0,1771494900.0,2026-02-19 15:25:00+05:30
124.5,124.5,122.92,122.99,21014.0,1771559100.0,2026-02-20 09:15:00+05:30
123.0,124.26,123.0,123.52,18808.0,1771559400.0,2026-02-20 09:20:00+05:30
123.44,123.54,123.0,123.16,7369.0,1771559700.0,2026-02-20 09:25:00+05:30
123.12,124.89,123.12,124.61,11177.0,1771560000.0,2026-02-20 09:30:00+05:30
124.79,124.99,124.51,124.93,3221.0,1771560300.0,2026-02-20 09:35:00+05:30
124.67,125.89,124.67,125.69,37020.0,1771560600.0,2026-02-20 09:40:00+05:30
125.62,126.0,125.5,125.87,5125.0,1771560900.0,2026-02-20 09:45:00+05:30
125.64,125.76,125.5,125.62,1138.0,1771561200.0,2026-02-20 09:50:00+05:30
125.51,125.85,125.5,125.84,1329.0,1771561500.0,2026-02-20 09:55:00+05:30
125.86,126.0,125.4,125.89,19148.0,1771561800.0,2026-02-20 10:00:00+05:30
125.89,125.89,125.29,125.31,1204.0,1771562100.0,2026-02-20 10:05:00+05:30
125.31,125.31,124.98,125.15,7579.0,1771562400.0,2026-02-20 10:10:00+05:30
125.05,125.59,124.99,125.21,21548.0,1771562700.0,2026-02-20 10:15:00+05:30
125.43,125.64,125.23,125.42,1932.0,1771563000.0,2026-02-20 10:20:00+05:30
125.58,125.79,125.58,125.67,1195.0,1771563300.0,2026-02-20 10:25:00+05:30
125.67,126.49,125.67,126.3,12021.0,1771563600.0,2026-02-20 10:30:00+05:30
126.3,126.3,125.96,125.96,3465.0,1771563900.0,2026-02-20 10:35:00+05:30
125.9,126.14,125.9,126.09,1033.0,1771564200.0,2026-02-20 10:40:00+05:30
126.0,126.2,125.89,126.08,7306.0,1771564500.0,2026-02-20 10:45:00+05:30
126.2,126.43,126.2,126.24,1052.0,1771564800.0,2026-02-20 10:50:00+05:30
126.24,126.39,126.23,126.34,123.0,1771565100.0,2026-02-20 10:55:00+05:30
126.31,126.31,126.0,126.0,2398.0,1771565400.0,2026-02-20 11:00:00+05:30
126.19,126.25,126.07,126.25,2392.0,1771565700.0,2026-02-20 11:05:00+05:30
126.07,126.2,126.07,126.18,188.0,1771566000.0,2026-02-20 11:10:00+05:30
126.11,126.33,126.11,126.21,2485.0,1771566300.0,2026-02-20 11:15:00+05:30
126.21,126.21,126.1,126.1,225.0,1771566600.0,2026-02-20 11:20:00+05:30
126.29,126.29,126.0,126.1,2648.0,1771566900.0,2026-02-20 11:25:00+05:30
126.02,126.29,126.02,126.17,236.0,1771567200.0,2026-02-20 11:30:00+05:30
126.17,126.21,125.71,126.07,7782.0,1771567500.0,2026-02-20 11:35:00+05:30
126.21,126.26,126.07,126.11,563.0,1771567800.0,2026-02-20 11:40:00+05:30
126.12,126.5,126.08,126.49,3745.0,1771568100.0,2026-02-20 11:45:00+05:30
126.5,126.53,126.21,126.21,3162.0,1771568400.0,2026-02-20 11:50:00+05:30
126.21,126.45,126.21,126.4,818.0,1771568700.0,2026-02-20 11:55:00+05:30
126.4,126.4,126.13,126.18,389.0,1771569000.0,2026-02-20 12:00:00+05:30
126.18,126.32,126.14,126.14,1092.0,1771569300.0,2026-02-20 12:05:00+05:30
126.14,126.32,126.14,126.32,400.0,1771569600.0,2026-02-20 12:10:00+05:30
126.28,126.3,126.1,126.3,1190.0,1771569900.0,2026-02-20 12:15:00+05:30
126.3,126.3,126.04,126.04,1360.0,1771570200.0,2026-02-20 12:20:00+05:30
126.07,126.07,126.07,126.07,504.0,1771570500.0,2026-02-20 12:25:00+05:30
126.13,126.13,126.01,126.07,1513.0,1771570800.0,2026-02-20 12:30:00+05:30
126.07,126.07,126.01,126.07,913.0,1771571100.0,2026-02-20 12:35:00+05:30
126.07,126.29,126.02,126.17,2424.0,1771571400.0,2026-02-20 12:40:00+05:30
126.13,126.29,126.12,126.12,1502.0,1771571700.0,2026-02-20 12:45:00+05:30
126.12,126.25,126.12,126.23,226.0,1771572000.0,2026-02-20 12:50:00+05:30
126.4,126.42,126.23,126.42,4576.0,1771572300.0,2026-02-20 12:55:00+05:30
126.42,126.42,126.26,126.26,65.0,1771572600.0,2026-02-20 13:00:00+05:30
126.26,126.37,126.23,126.23,3698.0,1771572900.0,2026-02-20 13:05:00+05:30
126.23,126.28,126.01,126.09,3791.0,1771573200.0,2026-02-20 13:10:00+05:30
126.09,126.3,126.09,126.3,1727.0,1771573500.0,2026-02-20 13:15:00+05:30
126.3,126.3,126.07,126.07,602.0,1771573800.0,2026-02-20 13:20:00+05:30
126.07,126.11,126.07,126.11,847.0,1771574100.0,2026-02-20 13:25:00+05:30
126.16,126.42,126.07,126.4,1723.0,1771574400.0,2026-02-20 13:30:00+05:30
126.11,126.58,126.09,126.58,5219.0,1771574700.0,2026-02-20 13:35:00+05:30
126.7,126.7,126.64,126.65,1104.0,1771575000.0,2026-02-20 13:40:00+05:30
126.66,126.66,126.48,126.48,478.0,1771575300.0,2026-02-20 13:45:00+05:30
126.43,126.62,126.4,126.4,2341.0,1771575600.0,2026-02-20 13:50:00+05:30
126.16,126.25,126.1,126.25,2619.0,1771575900.0,2026-02-20 13:55:00+05:30
126.3,126.44,126.24,126.4,2087.0,1771576200.0,2026-02-20 14:00:00+05:30
126.4,126.58,126.28,126.28,854.0,1771576500.0,2026-02-20 14:05:00+05:30
126.28,126.48,126.28,126.46,163.0,1771576800.0,2026-02-20 14:10:00+05:30
126.29,126.29,126.21,126.21,510.0,1771577100.0,2026-02-20 14:15:00+05:30
126.21,126.38,126.13,126.38,893.0,1771577400.0,2026-02-20 14:20:00+05:30
126.1,126.27,126.07,126.07,2135.0,1771577700.0,2026-02-20 14:25:00+05:30
126.07,126.24,125.46,125.46,5930.0,1771578000.0,2026-02-20 14:30:00+05:30
125.71,126.02,125.71,125.9,4349.0,1771578300.0,2026-02-20 14:35:00+05:30
126.07,126.26,125.86,126.12,4806.0,1771578600.0,2026-02-20 14:40:00+05:30
126.12,126.3,126.1,126.3,2807.0,1771578900.0,2026-02-20 14:45:00+05:30
126.3,126.3,126.1,126.26,317.0,1771579200.0,2026-02-20 14:50:00+05:30
126.29,126.39,126.1,126.37,1835.0,1771579500.0,2026-02-20 14:55:00+05:30
126.37,126.39,126.18,126.25,2172.0,1771579800.0,2026-02-20 15:00:00+05:30
126.26,126.39,125.5,126.07,17414.0,1771580100.0,2026-02-20 15:05:00+05:30
126.14,126.14,125.9,125.9,4346.0,1771580400.0,2026-02-20 15:10:00+05:30
125.9,126.2,125.79,126.01,14108.0,1771580700.0,2026-02-20 15:15:00+05:30
126.01,126.2,125.89,125.9,17171.0,1771581000.0,2026-02-20 15:20:00+05:30
125.97,126.0,125.75,125.9,6906.0,1771581300.0,2026-02-20 15:25:00+05:30
127.19,127.2,125.87,126.33,9721.0,1771818300.0,2026-02-23 09:15:00+05:30
126.3,126.61,126.16,126.61,3342.0,1771818600.0,2026-02-23 09:20:00+05:30
126.85,128.0,126.67,127.92,16586.0,1771818900.0,2026-02-23 09:25:00+05:30
127.88,127.99,126.97,127.26,16264.0,1771819200.0,2026-02-23 09:30:00+05:30
127.07,127.3,126.52,126.75,10925.0,1771819500.0,2026-02-23 09:35:00+05:30
126.75,127.08,126.62,126.78,5196.0,1771819800.0,2026-02-23 09:40:00+05:30
126.65,126.79,126.15,126.3,7935.0,1771820100.0,2026-02-23 09:45:00+05:30
126.28,126.37,125.74,125.74,6627.0,1771820400.0,2026-02-23 09:50:00+05:30
125.56,126.11,125.49,125.79,5743.0,1771820700.0,2026-02-23 09:55:00+05:30
125.82,125.92,125.5,125.5,2385.0,1771821000.0,2026-02-23 10:00:00+05:30
125.5,125.54,125.08,125.29,4453.0,1771821300.0,2026-02-23 10:05:00+05:30
125.26,125.26,124.51,124.67,5115.0,1771821600.0,2026-02-23 10:10:00+05:30
124.85,124.97,124.71,124.71,873.0,1771821900.0,2026-02-23 10:15:00+05:30
124.71,125.16,124.67,125.16,1616.0,1771822200.0,2026-02-23 10:20:00+05:30
125.2,125.39,125.2,125.28,908.0,1771822500.0,2026-02-23 10:25:00+05:30
125.32,125.32,124.68,124.9,4119.0,1771822800.0,2026-02-23 10:30:00+05:30
124.6,124.81,124.49,124.49,3859.0,1771823100.0,2026-02-23 10:35:00+05:30
124.57,124.59,124.35,124.35,2200.0,1771823400.0,2026-02-23 10:40:00+05:30
124.35,124.35,124.19,124.33,1050.0,1771823700.0,2026-02-23 10:45:00+05:30
124.33,124.59,124.21,124.59,1400.0,1771824000.0,2026-02-23 10:50:00+05:30
124.52,124.6,124.33,124.6,1957.0,1771824300.0,2026-02-23 10:55:00+05:30
124.6,124.82,124.42,124.67,1694.0,1771824600.0,2026-02-23 11:00:00+05:30
124.67,124.67,124.42,124.63,80.0,1771824900.0,2026-02-23 11:05:00+05:30
124.63,124.71,124.41,124.41,1392.0,1771825200.0,2026-02-23 11:10:00+05:30
124.52,124.79,124.43,124.49,1897.0,1771825500.0,2026-02-23 11:15:00+05:30
124.46,124.66,124.4,124.48,1184.0,1771825800.0,2026-02-23 11:20:00+05:30
124.45,124.46,124.21,124.35,1100.0,1771826100.0,2026-02-23 11:25:00+05:30
124.34,124.34,124.1,124.24,1461.0,1771826400.0,2026-02-23 11:30:00+05:30
124.05,124.24,123.8,124.22,16357.0,1771826700.0,2026-02-23 11:35:00+05:30
124.22,124.22,124.02,124.02,33.0,1771827000.0,2026-02-23 11:40:00+05:30
124.19,124.21,124.02,124.02,3818.0,1771827300.0,2026-02-23 11:45:00+05:30
124.02,124.31,124.02,124.31,603.0,1771827600.0,2026-02-23 11:50:00+05:30
124.31,124.37,124.2,124.2,328.0,1771827900.0,2026-02-23 11:55:00+05:30
124.2,124.45,124.2,124.27,508.0,1771828200.0,2026-02-23 12:00:00+05:30
124.27,124.53,124.27,124.35,185.0,1771828500.0,2026-02-23 12:05:00+05:30
124.35,124.35,124.25,124.25,59.0,1771828800.0,2026-02-23 12:10:00+05:30
124.59,124.98,124.29,124.66,3269.0,1771829100.0,2026-02-23 12:15:00+05:30
124.68,124.83,124.51,124.51,974.0,1771829400.0,2026-02-23 12:20:00+05:30
124.46,124.86,124.46,124.86,425.0,1771829700.0,2026-02-23 12:25:00+05:30
124.91,124.91,124.5,124.84,3363.0,1771830000.0,2026-02-23 12:30:00+05:30
124.84,124.89,124.58,124.61,1666.0,1771830300.0,2026-02-23 12:35:00+05:30
124.61,124.84,124.52,124.71,264.0,1771830600.0,2026-02-23 12:40:00+05:30
124.71,124.77,124.58,124.77,796.0,1771830900.0,2026-02-23 12:45:00+05:30
124.61,124.61,124.4,124.4,280.0,1771831200.0,2026-02-23 12:50:00+05:30
124.4,124.4,124.35,124.35,3.0,1771831500.0,2026-02-23 12:55:00+05:30
124.3,124.45,124.3,124.45,299.0,1771831800.0,2026-02-23 13:00:00+05:30
124.3,124.59,124.21,124.59,1697.0,1771832100.0,2026-02-23 13:05:00+05:30
124.43,124.65,124.43,124.62,118.0,1771832400.0,2026-02-23 13:10:00+05:30
124.62,124.62,124.48,124.48,2.0,1771832700.0,2026-02-23 13:15:00+05:30
124.48,124.63,124.31,124.31,1051.0,1771833000.0,2026-02-23 13:20:00+05:30
124.31,124.51,124.26,124.26,519.0,1771833300.0,2026-02-23 13:25:00+05:30
124.45,124.5,124.22,124.22,277.0,1771833600.0,2026-02-23 13:30:00+05:30
124.22,124.22,124.22,124.22,0.0,1771833900.0,2026-02-23 13:35:00+05:30
124.4,124.42,124.4,124.42,102.0,1771834200.0,2026-02-23 13:40:00+05:30
124.28,124.32,124.28,124.32,250.0,1771834500.0,2026-02-23 13:45:00+05:30
124.32,124.33,124.32,124.33,10.0,1771834800.0,2026-02-23 13:50:00+05:30
124.33,124.33,124.2,124.2,1123.0,1771835100.0,2026-02-23 13:55:00+05:30
124.3,124.37,124.2,124.2,460.0,1771835400.0,2026-02-23 14:00:00+05:30
124.0,124.24,124.0,124.24,2043.0,1771835700.0,2026-02-23 14:05:00+05:30
124.04,124.48,124.0,124.48,8334.0,1771836000.0,2026-02-23 14:10:00+05:30
124.33,124.49,124.01,124.23,3376.0,1771836300.0,2026-02-23 14:15:00+05:30
124.19,124.22,124.14,124.14,492.0,1771836600.0,2026-02-23 14:20:00+05:30
124.14,124.33,123.95,123.95,30684.0,1771836900.0,2026-02-23 14:25:00+05:30
123.9,124.3,123.9,124.22,5152.0,1771837200.0,2026-02-23 14:30:00+05:30
124.26,124.26,124.0,124.14,2614.0,1771837500.0,2026-02-23 14:35:00+05:30
124.14,124.38,124.14,124.24,5784.0,1771837800.0,2026-02-23 14:40:00+05:30
124.31,125.1,124.31,125.1,5078.0,1771838100.0,2026-02-23 14:45:00+05:30
125.08,125.08,124.7,124.7,2884.0,1771838400.0,2026-02-23 14:50:00+05:30
124.7,124.9,124.7,124.9,73.0,1771838700.0,2026-02-23 14:55:00+05:30
124.88,125.35,124.88,125.0,5120.0,1771839000.0,2026-02-23 15:00:00+05:30
125.0,125.35,124.87,125.35,8308.0,1771839300.0,2026-02-23 15:05:00+05:30
125.17,125.28,124.98,124.98,3725.0,1771839600.0,2026-02-23 15:10:00+05:30
124.97,124.98,124.01,124.2,13878.0,1771839900.0,2026-02-23 15:15:00+05:30
124.1,124.68,124.0,124.42,5504.0,1771840200.0,2026-02-23 15:20:00+05:30
124.4,124.48,124.0,124.01,9967.0,1771840500.0,2026-02-23 15:25:00+05:30
124.01,124.29,123.16,124.29,10371.0,1771904700.0,2026-02-24 09:15:00+05:30
124.06,124.29,124.0,124.05,4629.0,1771905000.0,2026-02-24 09:20:00+05:30
124.09,124.5,123.61,124.5,22861.0,1771905300.0,2026-02-24 09:25:00+05:30
124.47,124.49,124.14,124.33,928.0,1771905600.0,2026-02-24 09:30:00+05:30
124.18,125.1,124.03,124.9,6572.0,1771905900.0,2026-02-24 09:35:00+05:30
124.79,125.0,124.62,124.62,1092.0,1771906200.0,2026-02-24 09:40:00+05:30
124.82,125.26,124.64,125.26,296.0,1771906500.0,2026-02-24 09:45:00+05:30
125.29,125.29,124.85,125.07,3536.0,1771906800.0,2026-02-24 09:50:00+05:30
125.08,125.28,124.98,125.24,813.0,1771907100.0,2026-02-24 09:55:00+05:30
125.39,125.39,125.1,125.12,1112.0,1771907400.0,2026-02-24 10:00:00+05:30
125.06,125.28,125.06,125.24,218.0,1771907700.0,2026-02-24 10:05:00+05:30
125.24,125.27,124.94,125.27,9254.0,1771908000.0,2026-02-24 10:10:00+05:30
125.27,125.27,125.1,125.16,227.0,1771908300.0,2026-02-24 10:15:00+05:30
125.16,125.16,125.14,125.14,10.0,1771908600.0,2026-02-24 10:20:00+05:30
125.14,125.2,125.0,125.0,1775.0,1771908900.0,2026-02-24 10:25:00+05:30
125.15,125.25,125.0,125.05,1736.0,1771909200.0,2026-02-24 10:30:00+05:30
125.03,125.27,124.98,125.07,1588.0,1771909500.0,2026-02-24 10:35:00+05:30
125.07,125.25,125.07,125.24,131.0,1771909800.0,2026-02-24 10:40:00+05:30
125.24,125.24,125.11,125.2,186.0,1771910100.0,2026-02-24 10:45:00+05:30
125.2,125.2,125.2,125.2,2.0,1771910400.0,2026-02-24 10:50:00+05:30
125.11,125.11,124.52,124.63,1542.0,1771910700.0,2026-02-24 10:55:00+05:30
124.63,124.63,124.44,124.44,8.0,1771911000.0,2026-02-24 11:00:00+05:30
124.28,124.43,124.28,124.28,186.0,1771911300.0,2026-02-24 11:05:00+05:30
124.42,124.85,124.42,124.83,1850.0,1771911600.0,2026-02-24 11:10:00+05:30
124.6,124.79,124.6,124.79,235.0,1771911900.0,2026-02-24 11:15:00+05:30
124.79,124.8,124.66,124.8,396.0,1771912200.0,2026-02-24 11:20:00+05:30
124.8,125.16,124.8,125.15,3080.0,1771912500.0,2026-02-24 11:25:00+05:30
125.15,125.23,125.15,125.23,300.0,1771912800.0,2026-02-24 11:30:00+05:30
125.23,125.23,124.99,125.1,1243.0,1771913100.0,2026-02-24 11:35:00+05:30
125.15,125.79,125.15,125.51,4435.0,1771913400.0,2026-02-24 11:40:00+05:30
125.55,125.64,125.5,125.6,763.0,1771913700.0,2026-02-24 11:45:00+05:30
125.6,125.6,125.24,125.24,1758.0,1771914000.0,2026-02-24 11:50:00+05:30
125.1,125.1,125.0,125.0,2421.0,1771914300.0,2026-02-24 11:55:00+05:30
125.0,125.0,124.84,124.91,1343.0,1771914600.0,2026-02-24 12:00:00+05:30
124.91,124.95,124.8,124.95,1186.0,1771914900.0,2026-02-24 12:05:00+05:30
124.94,125.12,124.52,124.92,3378.0,1771915200.0,2026-02-24 12:10:00+05:30
124.92,124.94,124.73,124.73,241.0,1771915500.0,2026-02-24 12:15:00+05:30
124.85,124.85,124.52,124.52,471.0,1771915800.0,2026-02-24 12:20:00+05:30
124.52,124.79,124.52,124.67,748.0,1771916100.0,2026-02-24 12:25:00+05:30
124.88,125.05,124.66,125.05,2915.0,1771916400.0,2026-02-24 12:30:00+05:30
124.97,125.03,124.82,124.82,309.0,1771916700.0,2026-02-24 12:35:00+05:30
124.82,125.01,124.79,124.79,250.0,1771917000.0,2026-02-24 12:40:00+05:30
124.81,124.81,124.75,124.75,278.0,1771917300.0,2026-02-24 12:45:00+05:30
124.75,124.77,124.5,124.61,1022.0,1771917600.0,2026-02-24 12:50:00+05:30
124.52,124.89,124.52,124.65,631.0,1771917900.0,2026-02-24 12:55:00+05:30
124.81,124.81,124.52,124.52,228.0,1771918200.0,2026-02-24 13:00:00+05:30
124.52,124.69,124.52,124.69,85.0,1771918500.0,2026-02-24 13:05:00+05:30
124.79,124.79,124.79,124.79,61.0,1771918800.0,2026-02-24 13:10:00+05:30
124.79,124.95,124.79,124.79,1734.0,1771919100.0,2026-02-24 13:15:00+05:30
124.8,125.34,124.8,125.23,4422.0,1771919400.0,2026-02-24 13:20:00+05:30
125.23,125.28,125.05,125.09,840.0,1771919700.0,2026-02-24 13:25:00+05:30
125.29,125.29,124.42,124.54,5987.0,1771920000.0,2026-02-24 13:30:00+05:30
124.54,124.54,124.28,124.42,747.0,1771920300.0,2026-02-24 13:35:00+05:30
124.43,124.51,124.43,124.5,655.0,1771920600.0,2026-02-24 13:40:00+05:30
124.5,124.5,124.31,124.31,221.0,1771920900.0,2026-02-24 13:45:00+05:30
124.41,124.9,124.3,124.9,5267.0,1771921200.0,2026-02-24 13:50:00+05:30
124.86,124.86,124.7,124.81,610.0,1771921500.0,2026-02-24 13:55:00+05:30
124.8,124.8,124.47,124.47,256.0,1771921800.0,2026-02-24 14:00:00+05:30
124.47,124.93,124.47,124.93,5671.0,1771922100.0,2026-02-24 14:05:00+05:30
124.78,124.95,124.4,124.69,6158.0,1771922400.0,2026-02-24 14:10:00+05:30
124.73,124.73,124.59,124.59,2294.0,1771922700.0,2026-02-24 14:15:00+05:30
124.59,124.62,124.46,124.46,78.0,1771923000.0,2026-02-24 14:20:00+05:30
124.32,124.46,124.31,124.46,249.0,1771923300.0,2026-02-24 14:25:00+05:30
124.46,124.66,124.46,124.66,665.0,1771923600.0,2026-02-24 14:30:00+05:30
124.66,124.66,124.61,124.61,1025.0,1771923900.0,2026-02-24 14:35:00+05:30
124.67,124.8,124.59,124.8,1289.0,1771924200.0,2026-02-24 14:40:00+05:30
124.55,124.73,124.55,124.68,1219.0,1771924500.0,2026-02-24 14:45:00+05:30
124.77,125.0,124.7,124.7,3047.0,1771924800.0,2026-02-24 14:50:00+05:30
124.56,124.92,124.56,124.92,4579.0,1771925100.0,2026-02-24 14:55:00+05:30
124.92,124.92,124.55,124.8,1700.0,1771925400.0,2026-02-24 15:00:00+05:30
124.57,125.5,124.5,124.89,42232.0,1771925700.0,2026-02-24 15:05:00+05:30
124.92,124.94,124.66,124.78,1468.0,1771926000.0,2026-02-24 15:10:00+05:30
124.6,125.0,124.6,124.85,6077.0,1771926300.0,2026-02-24 15:15:00+05:30
124.78,125.0,124.73,124.74,2214.0,1771926600.0,2026-02-24 15:20:00+05:30
124.73,125.0,124.6,124.99,8564.0,1771926900.0,2026-02-24 15:25:00+05:30
124.99,125.48,124.76,125.09,5000.0,1771991100.0,2026-02-25 09:15:00+05:30
124.76,124.76,124.11,124.18,3615.0,1771991400.0,2026-02-25 09:20:00+05:30
124.18,124.51,124.18,124.48,1236.0,1771991700.0,2026-02-25 09:25:00+05:30
124.3,124.42,124.18,124.42,2490.0,1771992000.0,2026-02-25 09:30:00+05:30
124.34,125.17,124.0,124.57,11297.0,1771992300.0,2026-02-25 09:35:00+05:30
124.55,124.75,124.29,124.52,1560.0,1771992600.0,2026-02-25 09:40:00+05:30
124.58,124.61,124.26,124.43,6035.0,1771992900.0,2026-02-25 09:45:00+05:30
124.85,125.03,124.74,124.96,5071.0,1771993200.0,2026-02-25 09:50:00+05:30
124.89,125.24,124.88,125.24,996.0,1771993500.0,2026-02-25 09:55:00+05:30
125.01,125.4,125.01,125.21,6650.0,1771993800.0,2026-02-25 10:00:00+05:30
125.33,125.49,125.07,125.07,3846.0,1771994100.0,2026-02-25 10:05:00+05:30
125.44,125.44,124.62,124.66,4398.0,1771994400.0,2026-02-25 10:10:00+05:30
124.86,124.86,124.68,124.68,266.0,1771994700.0,2026-02-25 10:15:00+05:30
124.85,124.93,124.6,124.6,2677.0,1771995000.0,2026-02-25 10:20:00+05:30
124.6,125.6,124.6,125.47,17112.0,1771995300.0,2026-02-25 10:25:00+05:30
125.31,125.42,125.2,125.42,439.0,1771995600.0,2026-02-25 10:30:00+05:30
125.23,125.35,125.16,125.28,1641.0,1771995900.0,2026-02-25 10:35:00+05:30
125.34,125.34,125.0,125.0,256.0,1771996200.0,2026-02-25 10:40:00+05:30
125.0,125.15,124.75,124.8,1161.0,1771996500.0,2026-02-25 10:45:00+05:30
124.92,124.98,124.58,124.84,2649.0,1771996800.0,2026-02-25 10:50:00+05:30
124.82,124.83,124.61,124.82,405.0,1771997100.0,2026-02-25 10:55:00+05:30
124.82,124.9,124.7,124.9,2124.0,1771997400.0,2026-02-25 11:00:00+05:30
124.9,124.95,124.9,124.95,385.0,1771997700.0,2026-02-25 11:05:00+05:30
124.9,124.9,124.75,124.87,646.0,1771998000.0,2026-02-25 11:10:00+05:30
124.75,124.75,124.52,124.52,1000.0,1771998300.0,2026-02-25 11:15:00+05:30
124.64,124.64,124.51,124.54,703.0,1771998600.0,2026-02-25 11:20:00+05:30
124.54,124.65,124.54,124.63,475.0,1771998900.0,2026-02-25 11:25:00+05:30
124.63,124.79,124.62,124.62,423.0,1771999200.0,2026-02-25 11:30:00+05:30
124.76,124.92,124.62,124.63,1372.0,1771999500.0,2026-02-25 11:35:00+05:30
124.64,124.79,124.64,124.79,197.0,1771999800.0,2026-02-25 11:40:00+05:30
124.79,124.79,124.66,124.79,2024.0,1772000100.0,2026-02-25 11:45:00+05:30
124.79,124.89,124.55,124.6,2698.0,1772000400.0,2026-02-25 11:50:00+05:30
124.6,124.6,124.51,124.51,1232.0,1772000700.0,2026-02-25 11:55:00+05:30
124.51,124.74,124.51,124.62,360.0,1772001000.0,2026-02-25 12:00:00+05:30
124.62,124.62,124.6,124.6,36.0,1772001300.0,2026-02-25 12:05:00+05:30
124.6,124.92,124.6,124.73,1835.0,1772001600.0,2026-02-25 12:10:00+05:30
124.72,124.77,124.6,124.63,816.0,1772001900.0,2026-02-25 12:15:00+05:30
124.59,124.73,124.59,124.63,29.0,1772002200.0,2026-02-25 12:20:00+05:30
124.73,124.9,124.53,124.59,3315.0,1772002500.0,2026-02-25 12:25:00+05:30
124.59,124.75,124.56,124.75,1073.0,1772002800.0,2026-02-25 12:30:00+05:30
124.75,124.8,124.56,124.71,3839.0,1772003100.0,2026-02-25 12:35:00+05:30
124.71,124.74,124.64,124.74,220.0,1772003400.0,2026-02-25 12:40:00+05:30
124.79,124.79,124.51,124.51,3188.0,1772003700.0,2026-02-25 12:45:00+05:30
124.5,124.51,124.3,124.3,2903.0,1772004000.0,2026-02-25 12:50:00+05:30
124.3,124.3,124.1,124.1,2108.0,1772004300.0,2026-02-25 12:55:00+05:30
124.1,124.1,124.1,124.1,131.0,1772004600.0,2026-02-25 13:00:00+05:30
124.23,124.32,124.03,124.13,1136.0,1772004900.0,2026-02-25 13:05:00+05:30
124.13,124.43,124.13,124.27,2188.0,1772005200.0,2026-02-25 13:10:00+05:30
124.27,124.34,124.21,124.23,4400.0,1772005500.0,2026-02-25 13:15:00+05:30
124.32,124.32,124.26,124.32,215.0,1772005800.0,2026-02-25 13:20:00+05:30
124.32,124.32,124.2,124.2,559.0,1772006100.0,2026-02-25 13:25:00+05:30
124.2,124.2,124.2,124.2,0.0,1772006400.0,2026-02-25 13:30:00+05:30
124.2,124.45,124.2,124.32,1057.0,1772006700.0,2026-02-25 13:35:00+05:30
124.45,124.46,124.45,124.46,123.0,1772007000.0,2026-02-25 13:40:00+05:30
124.36,124.36,124.29,124.29,210.0,1772007300.0,2026-02-25 13:45:00+05:30
124.29,124.44,124.29,124.34,411.0,1772007600.0,2026-02-25 13:50:00+05:30
124.36,124.36,124.29,124.29,301.0,1772007900.0,2026-02-25 13:55:00+05:30
124.29,124.43,124.22,124.22,525.0,1772008200.0,2026-02-25 14:00:00+05:30
124.29,124.29,124.25,124.25,2669.0,1772008500.0,2026-02-25 14:05:00+05:30
124.25,124.41,124.21,124.4,203.0,1772008800.0,2026-02-25 14:10:00+05:30
124.36,124.37,124.23,124.37,228.0,1772009100.0,2026-02-25 14:15:00+05:30
124.37,124.38,124.36,124.38,188.0,1772009400.0,2026-02-25 14:20:00+05:30
124.38,124.39,124.0,124.37,44177.0,1772009700.0,2026-02-25 14:25:00+05:30
124.05,124.34,124.01,124.34,3236.0,1772010000.0,2026-02-25 14:30:00+05:30
124.25,124.4,124.25,124.4,351.0,1772010300.0,2026-02-25 14:35:00+05:30
124.25,124.39,124.25,124.39,831.0,1772010600.0,2026-02-25 14:40:00+05:30
124.4,125.0,124.4,124.91,5306.0,1772010900.0,2026-02-25 14:45:00+05:30
124.88,124.89,124.0,124.76,12113.0,1772011200.0,2026-02-25 14:50:00+05:30
124.78,124.78,124.32,124.44,1934.0,1772011500.0,2026-02-25 14:55:00+05:30
124.49,124.5,124.15,124.15,890.0,1772011800.0,2026-02-25 15:00:00+05:30
124.36,124.5,124.32,124.45,2912.0,1772012100.0,2026-02-25 15:05:00+05:30
124.44,124.44,124.01,124.04,6143.0,1772012400.0,2026-02-25 15:10:00+05:30
124.16,124.29,124.02,124.24,5205.0,1772012700.0,2026-02-25 15:15:00+05:30
124.08,124.24,124.0,124.18,10000.0,1772013000.0,2026-02-25 15:20:00+05:30
124.19,124.19,124.0,124.15,10999.0,1772013300.0,2026-02-25 15:25:00+05:30
124.14,124.72,124.0,124.27,913.0,1772077500.0,2026-02-26 09:15:00+05:30
124.27,124.3,123.71,124.04,4544.0,1772077800.0,2026-02-26 09:20:00+05:30
124.04,124.04,123.0,123.02,4986.0,1772078100.0,2026-02-26 09:25:00+05:30
123.21,123.21,122.57,122.71,4266.0,1772078400.0,2026-02-26 09:30:00+05:30
122.79,122.99,122.5,122.91,10186.0,1772078700.0,2026-02-26 09:35:00+05:30
122.8,123.0,122.78,122.9,3148.0,1772079000.0,2026-02-26 09:40:00+05:30
122.9,123.21,122.9,123.05,15716.0,1772079300.0,2026-02-26 09:45:00+05:30
123.05,123.18,122.88,123.12,2694.0,1772079600.0,2026-02-26 09:50:00+05:30
123.12,123.14,122.8,123.09,4343.0,1772079900.0,2026-02-26 09:55:00+05:30
123.09,123.09,122.81,123.09,1345.0,1772080200.0,2026-02-26 10:00:00+05:30
123.03,123.14,123.0,123.0,459.0,1772080500.0,2026-02-26 10:05:00+05:30
123.0,123.12,122.81,123.12,1884.0,1772080800.0,2026-02-26 10:10:00+05:30
123.0,123.13,122.95,123.1,1823.0,1772081100.0,2026-02-26 10:15:00+05:30
123.08,123.09,122.21,122.75,12981.0,1772081400.0,2026-02-26 10:20:00+05:30
122.75,122.99,122.75,122.81,1475.0,1772081700.0,2026-02-26 10:25:00+05:30
122.81,122.99,122.81,122.96,759.0,1772082000.0,2026-02-26 10:30:00+05:30
122.82,122.95,122.63,122.63,680.0,1772082300.0,2026-02-26 10:35:00+05:30
122.63,123.21,122.5,122.95,13849.0,1772082600.0,2026-02-26 10:40:00+05:30
122.87,122.87,122.64,122.84,1383.0,1772082900.0,2026-02-26 10:45:00+05:30
122.84,122.89,122.51,122.89,4316.0,1772083200.0,2026-02-26 10:50:00+05:30
122.84,123.01,122.8,122.8,8104.0,1772083500.0,2026-02-26 10:55:00+05:30
122.93,122.93,122.6,122.63,2973.0,1772083800.0,2026-02-26 11:00:00+05:30
122.49,122.6,122.42,122.57,671.0,1772084100.0,2026-02-26 11:05:00+05:30
122.57,122.66,122.57,122.66,600.0,1772084400.0,2026-02-26 11:10:00+05:30
122.65,122.71,122.51,122.65,1125.0,1772084700.0,2026-02-26 11:15:00+05:30
122.65,122.66,122.45,122.66,3738.0,1772085000.0,2026-02-26 11:20:00+05:30
122.66,122.66,122.42,122.45,1036.0,1772085300.0,2026-02-26 11:25:00+05:30
122.39,122.39,122.25,122.36,563.0,1772085600.0,2026-02-26 11:30:00+05:30
122.3,122.36,122.25,122.25,358.0,1772085900.0,2026-02-26 11:35:00+05:30
122.25,122.49,122.02,122.49,6172.0,1772086200.0,2026-02-26 11:40:00+05:30
122.5,122.69,122.49,122.61,1269.0,1772086500.0,2026-02-26 11:45:00+05:30
122.79,123.26,122.78,123.25,23487.0,1772086800.0,2026-02-26 11:50:00+05:30
123.0,123.0,123.0,123.0,541.0,1772087100.0,2026-02-26 11:55:00+05:30
123.0,123.0,122.61,122.61,2795.0,1772087400.0,2026-02-26 12:00:00+05:30
122.53,122.74,122.32,122.58,2269.0,1772087700.0,2026-02-26 12:05:00+05:30
122.58,122.58,122.56,122.56,107.0,1772088000.0,2026-02-26 12:10:00+05:30
122.57,122.72,122.57,122.72,4616.0,1772088300.0,2026-02-26 12:15:00+05:30
122.72,122.75,122.5,122.5,588.0,1772088600.0,2026-02-26 12:20:00+05:30
122.54,122.67,122.54,122.67,37.0,1772088900.0,2026-02-26 12:25:00+05:30
122.72,123.0,122.51,123.0,23046.0,1772089200.0,2026-02-26 12:30:00+05:30
123.0,123.1,123.0,123.1,1399.0,1772089500.0,2026-02-26 12:35:00+05:30
123.1,123.1,123.1,123.1,263.0,1772089800.0,2026-02-26 12:40:00+05:30
123.1,123.1,123.0,123.0,1156.0,1772090100.0,2026-02-26 12:45:00+05:30
123.0,123.09,123.0,123.0,2012.0,1772090400.0,2026-02-26 12:50:00+05:30
123.0,123.05,123.0,123.0,168.0,1772090700.0,2026-02-26 12:55:00+05:30
123.0,123.0,123.0,123.0,0.0,1772091000.0,2026-02-26 13:00:00+05:30
123.0,123.0,123.0,123.0,32.0,1772091300.0,2026-02-26 13:05:00+05:30
123.0,123.0,123.0,123.0,257.0,1772091600.0,2026-02-26 13:10:00+05:30
123.0,123.1,123.0,123.1,407.0,1772091900.0,2026-02-26 13:15:00+05:30
123.1,123.1,123.0,123.1,4572.0,1772092200.0,2026-02-26 13:20:00+05:30
123.1,123.18,123.03,123.1,1776.0,1772092500.0,2026-02-26 13:25:00+05:30
123.1,123.21,123.1,123.21,250.0,1772092800.0,2026-02-26 13:30:00+05:30
123.21,123.21,123.15,123.15,33.0,1772093100.0,2026-02-26 13:35:00+05:30
123.15,123.19,123.15,123.19,786.0,1772093400.0,2026-02-26 13:40:00+05:30
123.19,123.19,123.15,123.18,774.0,1772093700.0,2026-02-26 13:45:00+05:30
123.15,123.28,123.05,123.05,7276.0,1772094000.0,2026-02-26 13:50:00+05:30
123.0,123.15,122.65,122.82,5563.0,1772094300.0,2026-02-26 13:55:00+05:30
122.82,122.82,122.7,122.82,83.0,1772094600.0,2026-02-26 14:00:00+05:30
122.82,122.82,122.63,122.63,1487.0,1772094900.0,2026-02-26 14:05:00+05:30
122.5,122.87,122.5,122.83,1283.0,1772095200.0,2026-02-26 14:10:00+05:30
122.83,122.83,122.58,122.65,760.0,1772095500.0,2026-02-26 14:15:00+05:30
122.65,122.75,122.5,122.5,10864.0,1772095800.0,2026-02-26 14:20:00+05:30
122.5,122.5,122.16,122.16,1465.0,1772096100.0,2026-02-26 14:25:00+05:30
122.1,122.47,122.1,122.4,1300.0,1772096400.0,2026-02-26 14:30:00+05:30
122.4,122.56,122.36,122.36,295.0,1772096700.0,2026-02-26 14:35:00+05:30
122.36,122.5,122.2,122.5,2368.0,1772097000.0,2026-02-26 14:40:00+05:30
122.59,122.89,122.54,122.54,8469.0,1772097300.0,2026-02-26 14:45:00+05:30
122.54,122.54,122.54,122.54,0.0,1772097600.0,2026-02-26 14:50:00+05:30
122.54,122.54,122.54,122.54,0.0,1772097900.0,2026-02-26 14:55:00+05:30
122.64,122.96,122.64,122.68,1526.0,1772098200.0,2026-02-26 15:00:00+05:30
122.69,122.71,122.62,122.62,841.0,1772098500.0,2026-02-26 15:05:00+05:30
122.63,122.8,122.63,122.8,1597.0,1772098800.0,2026-02-26 15:10:00+05:30
122.63,122.8,122.21,122.31,6884.0,1772099100.0,2026-02-26 15:15:00+05:30
122.31,122.69,121.83,122.19,17050.0,1772099400.0,2026-02-26 15:20:00+05:30
122.19,122.43,121.12,121.35,12903.0,1772099700.0,2026-02-26 15:25:00+05:30
121.36,122.07,120.9,121.32,7772.0,1772163900.0,2026-02-27 09:15:00+05:30
121.5,121.9,121.3,121.68,3726.0,1772164200.0,2026-02-27 09:20:00+05:30
121.4,121.4,120.77,120.77,4107.0,1772164500.0,2026-02-27 09:25:00+05:30
120.82,121.0,120.65,120.82,1718.0,1772164800.0,2026-02-27 09:30:00+05:30
120.73,120.85,120.51,120.85,3878.0,1772165100.0,2026-02-27 09:35:00+05:30
120.85,120.87,119.41,119.92,29797.0,1772165400.0,2026-02-27 09:40:00+05:30
120.0,120.25,119.89,120.25,7101.0,1772165700.0,2026-02-27 09:45:00+05:30
120.19,120.24,120.0,120.24,1642.0,1772166000.0,2026-02-27 09:50:00+05:30
120.05,120.16,120.0,120.0,1395.0,1772166300.0,2026-02-27 09:55:00+05:30
120.13,120.74,120.13,120.51,4235.0,1772166600.0,2026-02-27 10:00:00+05:30
120.56,120.68,120.29,120.51,3111.0,1772166900.0,2026-02-27 10:05:00+05:30
120.44,120.57,120.0,120.17,7529.0,1772167200.0,2026-02-27 10:10:00+05:30
120.21,120.3,119.69,119.97,3330.0,1772167500.0,2026-02-27 10:15:00+05:30
119.85,119.85,119.01,119.22,22470.0,1772167800.0,2026-02-27 10:20:00+05:30
119.39,119.55,119.33,119.55,3356.0,1772168100.0,2026-02-27 10:25:00+05:30
119.6,119.6,119.3,119.3,3901.0,1772168400.0,2026-02-27 10:30:00+05:30
119.3,119.55,119.2,119.2,9349.0,1772168700.0,2026-02-27 10:35:00+05:30
119.3,119.3,118.73,118.85,14469.0,1772169000.0,2026-02-27 10:40:00+05:30
118.91,119.0,118.73,119.0,5752.0,1772169300.0,2026-02-27 10:45:00+05:30
119.0,119.0,118.89,118.89,914.0,1772169600.0,2026-02-27 10:50:00+05:30
118.84,118.87,118.27,118.78,7899.0,1772169900.0,2026-02-27 10:55:00+05:30
118.78,118.99,118.78,118.99,1017.0,1772170200.0,2026-02-27 11:00:00+05:30
118.81,119.11,118.81,119.05,619.0,1772170500.0,2026-02-27 11:05:00+05:30
119.05,119.07,118.97,118.97,652.0,1772170800.0,2026-02-27 11:10:00+05:30
118.98,119.4,118.82,119.0,7465.0,1772171100.0,2026-02-27 11:15:00+05:30
118.8,118.8,118.55,118.73,5363.0,1772171400.0,2026-02-27 11:20:00+05:30
118.73,118.75,118.7,118.75,795.0,1772171700.0,2026-02-27 11:25:00+05:30
118.81,118.81,118.55,118.62,2020.0,1772172000.0,2026-02-27 11:30:00+05:30
118.69,118.69,118.25,118.27,4372.0,1772172300.0,2026-02-27 11:35:00+05:30
118.2,118.24,118.0,118.03,3978.0,1772172600.0,2026-02-27 11:40:00+05:30
118.21,118.21,117.48,117.87,24142.0,1772172900.0,2026-02-27 11:45:00+05:30
117.97,118.1,117.8,118.0,2031.0,1772173200.0,2026-02-27 11:50:00+05:30
118.0,118.04,117.8,117.9,2106.0,1772173500.0,2026-02-27 11:55:00+05:30
117.8,118.0,117.75,118.0,19988.0,1772173800.0,2026-02-27 12:00:00+05:30
117.9,117.98,117.75,117.98,1472.0,1772174100.0,2026-02-27 12:05:00+05:30
117.67,117.76,117.5,117.73,8817.0,1772174400.0,2026-02-27 12:10:00+05:30
117.73,117.84,117.6,117.8,2684.0,1772174700.0,2026-02-27 12:15:00+05:30
117.8,117.89,117.63,117.88,2387.0,1772175000.0,2026-02-27 12:20:00+05:30
117.88,117.99,117.87,117.87,1518.0,1772175300.0,2026-02-27 12:25:00+05:30
118.03,118.03,117.57,117.57,4826.0,1772175600.0,2026-02-27 12:30:00+05:30
117.86,117.86,117.49,117.7,5308.0,1772175900.0,2026-02-27 12:35:00+05:30
117.65,117.73,117.47,117.53,1451.0,1772176200.0,2026-02-27 12:40:00+05:30
117.51,117.71,117.1,117.43,3995.0,1772176500.0,2026-02-27 12:45:00+05:30
117.4,117.49,117.2,117.39,1590.0,1772176800.0,2026-02-27 12:50:00+05:30
117.39,117.45,117.25,117.29,837.0,1772177100.0,2026-02-27 12:55:00+05:30
117.44,117.62,117.44,117.6,3129.0,1772177400.0,2026-02-27 13:00:00+05:30
117.6,117.62,117.6,117.62,1896.0,1772177700.0,2026-02-27 13:05:00+05:30
117.6,117.62,117.5,117.62,2174.0,1772178000.0,2026-02-27 13:10:00+05:30
117.54,117.62,117.48,117.49,1607.0,1772178300.0,2026-02-27 13:15:00+05:30
117.59,117.62,117.49,117.53,1079.0,1772178600.0,2026-02-27 13:20:00+05:30
117.62,118.18,117.62,118.18,6320.0,1772178900.0,2026-02-27 13:25:00+05:30
118.43,118.47,118.2,118.2,740.0,1772179200.0,2026-02-27 13:30:00+05:30
118.2,118.33,118.08,118.18,4602.0,1772179500.0,2026-02-27 13:35:00+05:30
118.17,118.17,118.05,118.1,1744.0,1772179800.0,2026-02-27 13:40:00+05:30
118.17,118.34,118.11,118.27,3687.0,1772180100.0,2026-02-27 13:45:00+05:30
118.27,118.48,118.27,118.48,1408.0,1772180400.0,2026-02-27 13:50:00+05:30
118.33,118.35,118.13,118.34,2820.0,1772180700.0,2026-02-27 13:55:00+05:30
118.35,118.36,118.18,118.3,585.0,1772181000.0,2026-02-27 14:00:00+05:30
118.18,118.29,118.03,118.03,1764.0,1772181300.0,2026-02-27 14:05:00+05:30
118.11,118.25,118.11,118.2,225.0,1772181600.0,2026-02-27 14:10:00+05:30
118.15,118.25,118.1,118.23,1650.0,1772181900.0,2026-02-27 14:15:00+05:30
118.23,118.28,118.15,118.2,1883.0,1772182200.0,2026-02-27 14:20:00+05:30
118.02,118.1,117.85,117.94,5499.0,1772182500.0,2026-02-27 14:25:00+05:30
117.94,118.1,117.94,118.1,4446.0,1772182800.0,2026-02-27 14:30:00+05:30
118.1,118.12,118.0,118.1,2924.0,1772183100.0,2026-02-27 14:35:00+05:30
118.1,118.12,117.8,117.93,4862.0,1772183400.0,2026-02-27 14:40:00+05:30
117.93,118.0,117.8,118.0,1680.0,1772183700.0,2026-02-27 14:45:00+05:30
117.91,117.94,117.78,117.94,3025.0,1772184000.0,2026-02-27 14:50:00+05:30
117.94,117.94,117.39,117.55,13691.0,1772184300.0,2026-02-27 14:55:00+05:30
117.54,117.99,117.04,117.22,16033.0,1772184600.0,2026-02-27 15:00:00+05:30
117.38,117.38,117.01,117.11,12072.0,1772184900.0,2026-02-27 15:05:00+05:30
117.19,117.35,117.1,117.28,5355.0,1772185200.0,2026-02-27 15:10:00+05:30
117.1,117.95,117.1,117.59,21911.0,1772185500.0,2026-02-27 15:15:00+05:30
117.58,117.78,117.15,117.77,16021.0,1772185800.0,2026-02-27 15:20:00+05:30
117.7,117.97,117.1,117.5,15257.0,1772186100.0,2026-02-27 15:25:00+05:30
110.25,115.5,109.0,115.07,48944.0,1772423100.0,2026-03-02 09:15:00+05:30
115.17,115.83,114.88,115.38,20153.0,1772423400.0,2026-03-02 09:20:00+05:30
115.38,116.9,114.77,115.66,24365.0,1772423700.0,2026-03-02 09:25:00+05:30
115.86,115.99,115.3,115.3,14344.0,1772424000.0,2026-03-02 09:30:00+05:30
115.07,115.59,115.02,115.56,9951.0,1772424300.0,2026-03-02 09:35:00+05:30
115.57,115.76,115.18,115.6,5080.0,1772424600.0,2026-03-02 09:40:00+05:30
115.34,115.96,115.07,115.76,12008.0,1772424900.0,2026-03-02 09:45:00+05:30
115.52,115.61,115.09,115.09,5055.0,1772425200.0,2026-03-02 09:50:00+05:30
115.07,115.31,115.01,115.31,2899.0,1772425500.0,2026-03-02 09:55:00+05:30
115.25,115.37,115.01,115.1,1237.0,1772425800.0,2026-03-02 10:00:00+05:30
115.16,115.23,114.9,114.98,3376.0,1772426100.0,2026-03-02 10:05:00+05:30
115.01,115.25,114.85,115.0,2475.0,1772426400.0,2026-03-02 10:10:00+05:30
115.0,115.0,114.87,114.95,318.0,1772426700.0,2026-03-02 10:15:00+05:30
114.97,114.97,114.61,114.68,2853.0,1772427000.0,2026-03-02 10:20:00+05:30
114.83,114.95,114.76,114.8,1445.0,1772427300.0,2026-03-02 10:25:00+05:30
114.73,114.73,114.5,114.71,3152.0,1772427600.0,2026-03-02 10:30:00+05:30
114.83,114.87,114.66,114.7,2389.0,1772427900.0,2026-03-02 10:35:00+05:30
114.7,114.7,114.23,114.35,2361.0,1772428200.0,2026-03-02 10:40:00+05:30
114.18,114.31,113.79,114.05,4635.0,1772428500.0,2026-03-02 10:45:00+05:30
114.02,114.12,113.65,113.81,5789.0,1772428800.0,2026-03-02 10:50:00+05:30
113.81,114.52,113.53,114.36,8068.0,1772429100.0,2026-03-02 10:55:00+05:30
114.23,114.41,114.23,114.41,732.0,1772429400.0,2026-03-02 11:00:00+05:30
114.43,114.48,114.15,114.48,2216.0,1772429700.0,2026-03-02 11:05:00+05:30
114.32,114.32,114.11,114.11,438.0,1772430000.0,2026-03-02 11:10:00+05:30
114.28,114.3,114.09,114.25,492.0,1772430300.0,2026-03-02 11:15:00+05:30
114.1,114.1,113.7,113.99,4506.0,1772430600.0,2026-03-02 11:20:00+05:30
113.95,113.97,113.73,113.73,730.0,1772430900.0,2026-03-02 11:25:00+05:30
113.86,113.86,113.27,113.66,9266.0,1772431200.0,2026-03-02 11:30:00+05:30
113.66,113.82,113.52,113.66,1522.0,1772431500.0,2026-03-02 11:35:00+05:30
113.65,113.68,113.44,113.62,791.0,1772431800.0,2026-03-02 11:40:00+05:30
113.62,113.62,113.22,113.22,1702.0,1772432100.0,2026-03-02 11:45:00+05:30
113.37,113.79,113.37,113.67,5388.0,1772432400.0,2026-03-02 11:50:00+05:30
113.48,113.59,113.38,113.57,794.0,1772432700.0,2026-03-02 11:55:00+05:30
113.37,113.39,113.15,113.3,1079.0,1772433000.0,2026-03-02 12:00:00+05:30
113.36,113.36,112.76,112.9,16127.0,1772433300.0,2026-03-02 12:05:00+05:30
112.87,113.1,112.87,112.92,1159.0,1772433600.0,2026-03-02 12:10:00+05:30
112.84,112.85,112.29,112.57,6786.0,1772433900.0,2026-03-02 12:15:00+05:30
112.57,112.79,112.49,112.6,3466.0,1772434200.0,2026-03-02 12:20:00+05:30
112.6,112.6,112.2,112.47,3298.0,1772434500.0,2026-03-02 12:25:00+05:30
112.49,112.55,112.32,112.4,1672.0,1772434800.0,2026-03-02 12:30:00+05:30
112.4,112.4,112.4,112.4,1404.0,1772435100.0,2026-03-02 12:35:00+05:30
112.31,112.4,112.1,112.3,7656.0,1772435400.0,2026-03-02 12:40:00+05:30
112.25,112.53,112.2,112.4,6341.0,1772435700.0,2026-03-02 12:45:00+05:30
112.4,112.9,112.4,112.9,1354.0,1772436000.0,2026-03-02 12:50:00+05:30
112.72,112.82,112.61,112.78,3406.0,1772436300.0,2026-03-02 12:55:00+05:30
112.78,112.82,112.74,112.82,844.0,1772436600.0,2026-03-02 13:00:00+05:30
112.83,112.91,112.68,112.89,1780.0,1772436900.0,2026-03-02 13:05:00+05:30
112.89,112.89,112.35,112.5,5903.0,1772437200.0,2026-03-02 13:10:00+05:30
112.57,112.65,112.45,112.45,3655.0,1772437500.0,2026-03-02 13:15:00+05:30
112.45,112.6,112.39,112.6,1618.0,1772437800.0,2026-03-02 13:20:00+05:30
112.61,112.66,112.5,112.54,1042.0,1772438100.0,2026-03-02 13:25:00+05:30
112.44,112.63,112.2,112.32,3530.0,1772438400.0,2026-03-02 13:30:00+05:30
112.36,112.53,112.3,112.35,2257.0,1772438700.0,2026-03-02 13:35:00+05:30
112.48,112.58,112.4,112.58,1580.0,1772439000.0,2026-03-02 13:40:00+05:30
112.55,112.8,112.55,112.7,2089.0,1772439300.0,2026-03-02 13:45:00+05:30
112.7,112.71,112.44,112.5,3891.0,1772439600.0,2026-03-02 13:50:00+05:30
112.61,112.7,112.5,112.68,1597.0,1772439900.0,2026-03-02 13:55:00+05:30
112.68,113.4,112.44,113.3,6149.0,1772440200.0,2026-03-02 14:00:00+05:30
113.4,113.75,113.26,113.26,4640.0,1772440500.0,2026-03-02 14:05:00+05:30
113.23,113.26,112.85,113.22,14748.0,1772440800.0,2026-03-02 14:10:00+05:30
113.35,113.99,112.99,113.93,24044.0,1772441100.0,2026-03-02 14:15:00+05:30
114.0,114.87,114.0,114.64,13788.0,1772441400.0,2026-03-02 14:20:00+05:30
114.52,114.9,114.5,114.8,11725.0,1772441700.0,2026-03-02 14:25:00+05:30
114.81,114.97,114.73,114.97,1068.0,1772442000.0,2026-03-02 14:30:00+05:30
115.0,115.5,115.0,115.19,13856.0,1772442300.0,2026-03-02 14:35:00+05:30
115.19,115.61,114.83,115.61,14042.0,1772442600.0,2026-03-02 14:40:00+05:30
115.6,115.6,115.11,115.35,2593.0,1772442900.0,2026-03-02 14:45:00+05:30
115.44,115.78,115.33,115.63,2147.0,1772443200.0,2026-03-02 14:50:00+05:30
115.8,115.99,115.59,115.59,2992.0,1772443500.0,2026-03-02 14:55:00+05:30
115.5,115.79,115.29,115.54,7888.0,1772443800.0,2026-03-02 15:00:00+05:30
115.51,115.94,115.41,115.8,1833.0,1772444100.0,2026-03-02 15:05:00+05:30
115.66,115.74,115.45,115.59,2706.0,1772444400.0,2026-03-02 15:10:00+05:30
115.49,115.59,115.09,115.57,13760.0,1772444700.0,2026-03-02 15:15:00+05:30
115.56,116.89,115.46,116.89,20011.0,1772445000.0,2026-03-02 15:20:00+05:30
116.9,117.95,116.0,116.0,29351.0,1772445300.0,2026-03-02 15:25:00+05:30
112.47,114.45,112.47,113.75,29798.0,1772595900.0,2026-03-04 09:15:00+05:30
113.73,113.93,113.25,113.73,19979.0,1772596200.0,2026-03-04 09:20:00+05:30
113.8,114.5,113.54,114.2,21264.0,1772596500.0,2026-03-04 09:25:00+05:30
114.14,114.95,114.12,114.75,11659.0,1772596800.0,2026-03-04 09:30:00+05:30
115.09,116.04,115.0,115.49,21085.0,1772597100.0,2026-03-04 09:35:00+05:30
115.39,115.8,115.27,115.4,10945.0,1772597400.0,2026-03-04 09:40:00+05:30
115.29,115.52,115.2,115.31,2167.0,1772597700.0,2026-03-04 09:45:00+05:30
115.26,116.19,114.78,116.19,16062.0,1772598000.0,2026-03-04 09:50:00+05:30
116.18,116.24,115.42,115.87,8531.0,1772598300.0,2026-03-04 09:55:00+05:30
115.83,116.28,115.7,116.08,4790.0,1772598600.0,2026-03-04 10:00:00+05:30
116.31,116.65,116.09,116.43,7077.0,1772598900.0,2026-03-04 10:05:00+05:30
116.36,116.79,116.25,116.56,10485.0,1772599200.0,2026-03-04 10:10:00+05:30
116.7,116.99,116.48,116.6,11176.0,1772599500.0,2026-03-04 10:15:00+05:30
116.65,116.7,116.34,116.5,2684.0,1772599800.0,2026-03-04 10:20:00+05:30
116.5,116.87,116.5,116.85,1940.0,1772600100.0,2026-03-04 10:25:00+05:30
116.87,117.12,116.71,116.71,4363.0,1772600400.0,2026-03-04 10:30:00+05:30
116.7,116.73,116.14,116.29,4152.0,1772600700.0,2026-03-04 10:35:00+05:30
116.3,116.54,116.1,116.54,2063.0,1772601000.0,2026-03-04 10:40:00+05:30
116.5,117.28,116.38,117.09,8481.0,1772601300.0,2026-03-04 10:45:00+05:30
117.48,118.0,117.11,117.79,19164.0,1772601600.0,2026-03-04 10:50:00+05:30
117.94,118.45,117.59,117.9,12648.0,1772601900.0,2026-03-04 10:55:00+05:30
117.89,117.89,117.22,117.51,3452.0,1772602200.0,2026-03-04 11:00:00+05:30
117.29,117.43,117.07,117.28,2901.0,1772602500.0,2026-03-04 11:05:00+05:30
117.3,117.5,116.74,116.74,2007.0,1772602800.0,2026-03-04 11:10:00+05:30
116.76,116.9,116.67,116.81,2288.0,1772603100.0,2026-03-04 11:15:00+05:30
116.8,117.37,116.8,116.9,6660.0,1772603400.0,2026-03-04 11:20:00+05:30
116.9,116.9,116.27,116.34,5023.0,1772603700.0,2026-03-04 11:25:00+05:30
116.34,116.41,116.24,116.24,2219.0,1772604000.0,2026-03-04 11:30:00+05:30
116.24,116.52,116.24,116.36,2022.0,1772604300.0,2026-03-04 11:35:00+05:30
116.55,116.55,115.91,115.91,6643.0,1772604600.0,2026-03-04 11:40:00+05:30
115.62,115.94,115.62,115.94,2311.0,1772604900.0,2026-03-04 11:45:00+05:30
115.94,116.19,115.84,115.84,2412.0,1772605200.0,2026-03-04 11:50:00+05:30
115.8,116.07,115.8,115.91,3599.0,1772605500.0,2026-03-04 11:55:00+05:30
115.9,116.0,115.82,115.97,976.0,1772605800.0,2026-03-04 12:00:00+05:30
115.82,115.94,115.72,115.75,603.0,1772606100.0,2026-03-04 12:05:00+05:30
115.94,116.53,115.62,116.53,8232.0,1772606400.0,2026-03-04 12:10:00+05:30
116.78,116.78,116.33,116.33,7218.0,1772606700.0,2026-03-04 12:15:00+05:30
116.3,116.33,116.0,116.0,2303.0,1772607000.0,2026-03-04 12:20:00+05:30
116.02,116.02,115.73,115.73,477.0,1772607300.0,2026-03-04 12:25:00+05:30
115.92,116.52,115.92,116.41,16251.0,1772607600.0,2026-03-04 12:30:00+05:30
116.25,116.87,116.25,116.62,3444.0,1772607900.0,2026-03-04 12:35:00+05:30
116.62,116.72,116.55,116.55,204.0,1772608200.0,2026-03-04 12:40:00+05:30
116.55,117.44,116.5,117.44,10167.0,1772608500.0,2026-03-04 12:45:00+05:30
117.44,117.44,117.01,117.01,1443.0,1772608800.0,2026-03-04 12:50:00+05:30
117.14,117.72,117.01,117.57,3935.0,1772609100.0,2026-03-04 12:55:00+05:30
117.37,117.59,117.37,117.56,371.0,1772609400.0,2026-03-04 13:00:00+05:30
117.56,118.04,117.24,117.93,7965.0,1772609700.0,2026-03-04 13:05:00+05:30
117.9,117.9,117.7,117.7,3142.0,1772610000.0,2026-03-04 13:10:00+05:30
117.56,117.58,117.31,117.35,581.0,1772610300.0,2026-03-04 13:15:00+05:30
117.35,117.7,117.14,117.7,5047.0,1772610600.0,2026-03-04 13:20:00+05:30
117.5,117.5,117.28,117.4,730.0,1772610900.0,2026-03-04 13:25:00+05:30
117.38,118.0,117.38,117.92,8424.0,1772611200.0,2026-03-04 13:30:00+05:30
117.61,117.91,117.61,117.7,25934.0,1772611500.0,2026-03-04 13:35:00+05:30
117.7,117.84,117.7,117.7,938.0,1772611800.0,2026-03-04 13:40:00+05:30
117.7,117.7,117.42,117.54,5940.0,1772612100.0,2026-03-04 13:45:00+05:30
117.54,117.54,117.21,117.36,4360.0,1772612400.0,2026-03-04 13:50:00+05:30
117.51,117.51,117.37,117.37,12.0,1772612700.0,2026-03-04 13:55:00+05:30
117.35,117.8,117.35,117.79,2689.0,1772613000.0,2026-03-04 14:00:00+05:30
117.85,118.04,117.69,118.04,9300.0,1772613300.0,2026-03-04 14:05:00+05:30
117.95,118.83,117.92,118.83,7481.0,1772613600.0,2026-03-04 14:10:00+05:30
118.9,119.3,118.7,119.13,5657.0,1772613900.0,2026-03-04 14:15:00+05:30
119.0,119.2,118.72,118.72,7738.0,1772614200.0,2026-03-04 14:20:00+05:30
118.72,118.88,118.51,118.88,3953.0,1772614500.0,2026-03-04 14:25:00+05:30
118.86,119.03,118.52,119.03,3721.0,1772614800.0,2026-03-04 14:30:00+05:30
119.03,119.03,118.51,118.62,2958.0,1772615100.0,2026-03-04 14:35:00+05:30
118.76,119.2,118.76,119.15,2569.0,1772615400.0,2026-03-04 14:40:00+05:30
119.16,120.64,119.0,120.14,19221.0,1772615700.0,2026-03-04 14:45:00+05:30
120.12,120.69,119.8,120.1,19940.0,1772616000.0,2026-03-04 14:50:00+05:30
120.06,120.23,119.58,119.78,7567.0,1772616300.0,2026-03-04 14:55:00+05:30
119.78,119.78,119.28,119.46,10400.0,1772616600.0,2026-03-04 15:00:00+05:30
119.46,120.33,119.4,120.33,6374.0,1772616900.0,2026-03-04 15:05:00+05:30
120.21,121.49,120.21,120.64,18501.0,1772617200.0,2026-03-04 15:10:00+05:30
121.0,121.3,120.45,121.3,20220.0,1772617500.0,2026-03-04 15:15:00+05:30
121.3,122.85,121.05,122.35,42028.0,1772617800.0,2026-03-04 15:20:00+05:30
122.49,124.0,122.34,123.0,45564.0,1772618100.0,2026-03-04 15:25:00+05:30
122.64,122.95,119.87,120.05,23317.0,1772682300.0,2026-03-05 09:15:00+05:30
120.04,120.04,119.13,119.88,3838.0,1772682600.0,2026-03-05 09:20:00+05:30
119.91,119.97,119.58,119.71,1453.0,1772682900.0,2026-03-05 09:25:00+05:30
119.66,119.87,119.56,119.6,681.0,1772683200.0,2026-03-05 09:30:00+05:30
119.6,120.32,119.5,119.64,4855.0,1772683500.0,2026-03-05 09:35:00+05:30
119.48,119.6,119.26,119.26,2071.0,1772683800.0,2026-03-05 09:40:00+05:30
119.34,119.47,119.0,119.18,1837.0,1772684100.0,2026-03-05 09:45:00+05:30
119.21,119.55,119.08,119.5,4274.0,1772684400.0,2026-03-05 09:50:00+05:30
119.69,121.03,119.69,120.66,25226.0,1772684700.0,2026-03-05 09:55:00+05:30
120.87,121.02,120.6,120.6,395.0,1772685000.0,2026-03-05 10:00:00+05:30
120.61,120.7,119.88,119.98,2184.0,1772685300.0,2026-03-05 10:05:00+05:30
120.24,120.24,120.03,120.08,800.0,1772685600.0,2026-03-05 10:10:00+05:30
119.97,120.18,119.88,119.88,767.0,1772685900.0,2026-03-05 10:15:00+05:30
119.83,120.0,119.83,119.89,414.0,1772686200.0,2026-03-05 10:20:00+05:30
120.02,120.02,119.35,119.71,5095.0,1772686500.0,2026-03-05 10:25:00+05:30
119.69,119.75,119.44,119.55,913.0,1772686800.0,2026-03-05 10:30:00+05:30
119.56,119.75,119.55,119.55,385.0,1772687100.0,2026-03-05 10:35:00+05:30
119.55,119.6,119.49,119.49,380.0,1772687400.0,2026-03-05 10:40:00+05:30
119.49,119.49,119.27,119.3,319.0,1772687700.0,2026-03-05 10:45:00+05:30
119.22,119.34,119.2,119.3,368.0,1772688000.0,2026-03-05 10:50:00+05:30
119.23,119.31,119.11,119.31,268.0,1772688300.0,2026-03-05 10:55:00+05:30
119.49,119.58,118.89,119.14,4494.0,1772688600.0,2026-03-05 11:00:00+05:30
119.19,119.47,119.18,119.41,774.0,1772688900.0,2026-03-05 11:05:00+05:30
119.41,119.41,118.57,118.57,4724.0,1772689200.0,2026-03-05 11:10:00+05:30
118.74,118.87,118.7,118.87,228.0,1772689500.0,2026-03-05 11:15:00+05:30
118.77,118.8,118.73,118.8,118.0,1772689800.0,2026-03-05 11:20:00+05:30
118.65,118.65,118.06,118.36,3877.0,1772690100.0,2026-03-05 11:25:00+05:30
118.4,118.5,118.27,118.5,643.0,1772690400.0,2026-03-05 11:30:00+05:30
118.28,118.42,117.64,117.69,8726.0,1772690700.0,2026-03-05 11:35:00+05:30
117.69,117.69,117.15,117.6,6183.0,1772691000.0,2026-03-05 11:40:00+05:30
117.61,117.7,117.43,117.64,2244.0,1772691300.0,2026-03-05 11:45:00+05:30
117.64,117.85,117.52,117.59,794.0,1772691600.0,2026-03-05 11:50:00+05:30
117.6,117.84,117.52,117.52,1419.0,1772691900.0,2026-03-05 11:55:00+05:30
117.6,117.61,117.52,117.61,678.0,1772692200.0,2026-03-05 12:00:00+05:30
117.66,117.75,117.66,117.66,134.0,1772692500.0,2026-03-05 12:05:00+05:30
117.66,117.84,117.6,117.84,433.0,1772692800.0,2026-03-05 12:10:00+05:30
117.84,117.88,117.76,117.88,190.0,1772693100.0,2026-03-05 12:15:00+05:30
117.87,118.0,117.87,118.0,979.0,1772693400.0,2026-03-05 12:20:00+05:30
118.14,118.2,117.95,118.06,392.0,1772693700.0,2026-03-05 12:25:00+05:30
117.89,118.33,117.89,118.28,1691.0,1772694000.0,2026-03-05 12:30:00+05:30
118.08,118.08,117.89,117.99,241.0,1772694300.0,2026-03-05 12:35:00+05:30
117.99,118.0,117.85,118.0,129.0,1772694600.0,2026-03-05 12:40:00+05:30
118.0,118.02,117.7,117.97,1014.0,1772694900.0,2026-03-05 12:45:00+05:30
117.97,117.97,117.86,117.88,48.0,1772695200.0,2026-03-05 12:50:00+05:30
117.88,117.97,117.77,117.77,2410.0,1772695500.0,2026-03-05 12:55:00+05:30
117.92,117.98,117.81,117.95,409.0,1772695800.0,2026-03-05 13:00:00+05:30
117.95,117.96,117.95,117.96,256.0,1772696100.0,2026-03-05 13:05:00+05:30
117.8,117.81,117.75,117.75,1547.0,1772696400.0,2026-03-05 13:10:00+05:30
117.75,117.77,117.3,117.35,8357.0,1772696700.0,2026-03-05 13:15:00+05:30
117.43,117.79,117.43,117.69,1072.0,1772697000.0,2026-03-05 13:20:00+05:30
117.5,117.64,117.49,117.64,1349.0,1772697300.0,2026-03-05 13:25:00+05:30
117.64,117.9,117.64,117.9,1671.0,1772697600.0,2026-03-05 13:30:00+05:30
117.89,117.9,117.78,117.78,711.0,1772697900.0,2026-03-05 13:35:00+05:30
117.78,117.94,117.78,117.94,260.0,1772698200.0,2026-03-05 13:40:00+05:30
117.94,117.94,117.91,117.91,1268.0,1772698500.0,2026-03-05 13:45:00+05:30
117.92,117.92,117.51,117.75,1169.0,1772698800.0,2026-03-05 13:50:00+05:30
117.61,117.78,117.61,117.67,179.0,1772699100.0,2026-03-05 13:55:00+05:30
117.8,117.83,117.67,117.75,2797.0,1772699400.0,2026-03-05 14:00:00+05:30
117.65,117.65,117.51,117.52,2029.0,1772699700.0,2026-03-05 14:05:00+05:30
117.52,117.52,117.43,117.49,1735.0,1772700000.0,2026-03-05 14:10:00+05:30
117.52,117.68,117.52,117.59,732.0,1772700300.0,2026-03-05 14:15:00+05:30
117.59,117.7,117.54,117.7,120.0,1772700600.0,2026-03-05 14:20:00+05:30
117.7,117.9,117.7,117.9,170.0,1772700900.0,2026-03-05 14:25:00+05:30
117.96,117.96,117.54,117.85,3250.0,1772701200.0,2026-03-05 14:30:00+05:30
117.85,118.56,117.85,118.16,6202.0,1772701500.0,2026-03-05 14:35:00+05:30
118.4,120.0,118.01,119.75,18509.0,1772701800.0,2026-03-05 14:40:00+05:30
119.54,119.7,119.13,119.69,9470.0,1772702100.0,2026-03-05 14:45:00+05:30
119.75,120.0,119.7,119.93,4609.0,1772702400.0,2026-03-05 14:50:00+05:30
119.91,120.0,119.65,119.98,2663.0,1772702700.0,2026-03-05 14:55:00+05:30
119.98,119.98,119.04,119.15,2075.0,1772703000.0,2026-03-05 15:00:00+05:30
119.14,119.14,118.56,119.11,2908.0,1772703300.0,2026-03-05 15:05:00+05:30
119.15,120.08,119.15,120.08,13429.0,1772703600.0,2026-03-05 15:10:00+05:30
120.18,120.41,120.0,120.1,6191.0,1772703900.0,2026-03-05 15:15:00+05:30
120.05,120.07,119.4,119.4,1821.0,1772704200.0,2026-03-05 15:20:00+05:30
119.4,119.89,119.01,119.22,4243.0,1772704500.0,2026-03-05 15:25:00+05:30
118.97,119.52,118.57,119.52,7524.0,1772768700.0,2026-03-06 09:15:00+05:30
119.29,119.84,119.04,119.84,2726.0,1772769000.0,2026-03-06 09:20:00+05:30
119.84,120.45,119.84,120.45,1939.0,1772769300.0,2026-03-06 09:25:00+05:30
120.45,120.83,120.45,120.49,2191.0,1772769600.0,2026-03-06 09:30:00+05:30
120.46,120.66,120.32,120.45,1882.0,1772769900.0,2026-03-06 09:35:00+05:30
120.45,120.59,120.32,120.32,1183.0,1772770200.0,2026-03-06 09:40:00+05:30
120.32,120.6,120.3,120.3,2949.0,1772770500.0,2026-03-06 09:45:00+05:30
120.36,120.62,120.36,120.62,1293.0,1772770800.0,2026-03-06 09:50:00+05:30
120.44,120.62,120.08,120.44,2883.0,1772771100.0,2026-03-06 09:55:00+05:30
120.44,120.55,120.4,120.4,1052.0,1772771400.0,2026-03-06 10:00:00+05:30
120.4,120.44,120.11,120.44,1257.0,1772771700.0,2026-03-06 10:05:00+05:30
120.47,120.47,119.66,119.95,8904.0,1772772000.0,2026-03-06 10:10:00+05:30
119.95,119.96,119.61,119.75,2350.0,1772772300.0,2026-03-06 10:15:00+05:30
119.72,119.72,119.5,119.6,1541.0,1772772600.0,2026-03-06 10:20:00+05:30
119.59,119.59,119.29,119.4,1034.0,1772772900.0,2026-03-06 10:25:00+05:30
119.4,119.4,119.04,119.21,1419.0,1772773200.0,2026-03-06 10:30:00+05:30
119.21,119.21,119.0,119.12,1130.0,1772773500.0,2026-03-06 10:35:00+05:30
119.12,119.28,119.01,119.13,855.0,1772773800.0,2026-03-06 10:40:00+05:30
119.16,119.43,118.3,118.3,7132.0,1772774100.0,2026-03-06 10:45:00+05:30
118.23,118.67,118.23,118.39,705.0,1772774400.0,2026-03-06 10:50:00+05:30
118.5,118.56,118.35,118.56,495.0,1772774700.0,2026-03-06 10:55:00+05:30
118.53,118.82,118.53,118.62,3025.0,1772775000.0,2026-03-06 11:00:00+05:30
118.57,118.88,118.57,118.75,1642.0,1772775300.0,2026-03-06 11:05:00+05:30
118.75,118.9,118.75,118.76,115.0,1772775600.0,2026-03-06 11:10:00+05:30
118.75,118.75,118.42,118.59,3375.0,1772775900.0,2026-03-06 11:15:00+05:30
118.59,118.61,118.59,118.61,50.0,1772776200.0,2026-03-06 11:20:00+05:30
118.32,118.54,118.32,118.54,1425.0,1772776500.0,2026-03-06 11:25:00+05:30
118.54,118.58,118.44,118.58,109.0,1772776800.0,2026-03-06 11:30:00+05:30
118.58,118.72,118.47,118.6,1201.0,1772777100.0,2026-03-06 11:35:00+05:30
118.79,118.9,118.73,118.73,820.0,1772777400.0,2026-03-06 11:40:00+05:30
118.73,118.73,118.32,118.46,2039.0,1772777700.0,2026-03-06 11:45:00+05:30
118.46,118.46,118.46,118.46,0.0,1772778000.0,2026-03-06 11:50:00+05:30
118.39,118.64,118.39,118.49,1377.0,1772778300.0,2026-03-06 11:55:00+05:30
118.55,118.79,118.49,118.79,525.0,1772778600.0,2026-03-06 12:00:00+05:30
118.79,118.79,118.7,118.77,403.0,1772778900.0,2026-03-06 12:05:00+05:30
118.75,118.75,118.63,118.63,11.0,1772779200.0,2026-03-06 12:10:00+05:30
118.71,118.71,118.57,118.57,139.0,1772779500.0,2026-03-06 12:15:00+05:30
118.57,118.71,118.56,118.6,134.0,1772779800.0,2026-03-06 12:20:00+05:30
118.6,118.6,118.47,118.47,209.0,1772780100.0,2026-03-06 12:25:00+05:30
118.43,118.52,118.43,118.52,5.0,1772780400.0,2026-03-06 12:30:00+05:30
118.52,118.59,118.52,118.59,125.0,1772780700.0,2026-03-06 12:35:00+05:30
118.59,118.59,118.43,118.43,544.0,1772781000.0,2026-03-06 12:40:00+05:30
118.43,118.61,118.43,118.61,30.0,1772781300.0,2026-03-06 12:45:00+05:30
118.48,118.48,118.48,118.48,36.0,1772781600.0,2026-03-06 12:50:00+05:30
118.48,118.5,118.48,118.5,64.0,1772781900.0,2026-03-06 12:55:00+05:30
118.5,118.59,118.5,118.5,9.0,1772782200.0,2026-03-06 13:00:00+05:30
118.5,118.51,118.5,118.51,7.0,1772782500.0,2026-03-06 13:05:00+05:30
118.51,118.66,118.51,118.64,49.0,1772782800.0,2026-03-06 13:10:00+05:30
118.64,118.69,118.52,118.67,379.0,1772783100.0,2026-03-06 13:15:00+05:30
118.67,118.67,118.52,118.52,170.0,1772783400.0,2026-03-06 13:20:00+05:30
118.52,118.63,118.51,118.51,1407.0,1772783700.0,2026-03-06 13:25:00+05:30
118.51,118.51,118.5,118.5,430.0,1772784000.0,2026-03-06 13:30:00+05:30
118.7,118.71,118.67,118.71,552.0,1772784300.0,2026-03-06 13:35:00+05:30
118.71,118.72,118.5,118.5,950.0,1772784600.0,2026-03-06 13:40:00+05:30
118.5,118.65,118.5,118.5,423.0,1772784900.0,2026-03-06 13:45:00+05:30
118.5,118.63,118.5,118.5,26.0,1772785200.0,2026-03-06 13:50:00+05:30
118.5,118.73,118.5,118.52,862.0,1772785500.0,2026-03-06 13:55:00+05:30
118.51,118.64,118.41,118.41,702.0,1772785800.0,2026-03-06 14:00:00+05:30
118.64,118.64,118.47,118.47,988.0,1772786100.0,2026-03-06 14:05:00+05:30
118.47,118.8,118.45,118.64,2223.0,1772786400.0,2026-03-06 14:10:00+05:30
118.64,119.01,118.64,119.01,18001.0,1772786700.0,2026-03-06 14:15:00+05:30
119.02,119.03,119.02,119.03,488.0,1772787000.0,2026-03-06 14:20:00+05:30
119.03,119.03,118.84,118.89,317.0,1772787300.0,2026-03-06 14:25:00+05:30
118.89,119.02,118.81,118.92,541.0,1772787600.0,2026-03-06 14:30:00+05:30
118.92,118.99,118.8,118.99,1263.0,1772787900.0,2026-03-06 14:35:00+05:30
118.98,118.98,118.71,118.71,1368.0,1772788200.0,2026-03-06 14:40:00+05:30
118.8,118.8,118.5,118.71,250.0,1772788500.0,2026-03-06 14:45:00+05:30
118.54,118.69,118.54,118.69,236.0,1772788800.0,2026-03-06 14:50:00+05:30
118.5,118.59,118.41,118.41,1106.0,1772789100.0,2026-03-06 14:55:00+05:30
118.28,118.31,118.2,118.2,1476.0,1772789400.0,2026-03-06 15:00:00+05:30
118.2,118.68,118.2,118.36,1613.0,1772789700.0,2026-03-06 15:05:00+05:30
118.59,118.59,118.25,118.35,2277.0,1772790000.0,2026-03-06 15:10:00+05:30
118.42,118.95,118.42,118.89,2192.0,1772790300.0,2026-03-06 15:15:00+05:30
118.89,118.9,118.54,118.64,1524.0,1772790600.0,2026-03-06 15:20:00+05:30
118.64,118.8,118.05,118.05,4041.0,1772790900.0,2026-03-06 15:25:00+05:30
115.0,116.98,114.0,114.44,8312.0,1773027900.0,2026-03-09 09:15:00+05:30
114.44,114.74,113.96,114.47,2877.0,1773028200.0,2026-03-09 09:20:00+05:30
114.4,114.64,113.0,114.57,9192.0,1773028500.0,2026-03-09 09:25:00+05:30
114.57,114.99,114.04,114.34,4731.0,1773028800.0,2026-03-09 09:30:00+05:30
114.4,114.44,114.01,114.13,5144.0,1773029100.0,2026-03-09 09:35:00+05:30
114.15,114.5,113.04,113.46,11141.0,1773029400.0,2026-03-09 09:40:00+05:30
113.46,113.46,113.02,113.39,4929.0,1773029700.0,2026-03-09 09:45:00+05:30
113.1,113.46,112.75,113.3,7557.0,1773030000.0,2026-03-09 09:50:00+05:30
113.37,113.46,113.02,113.46,2601.0,1773030300.0,2026-03-09 09:55:00+05:30
113.4,113.46,113.1,113.1,4101.0,1773030600.0,2026-03-09 10:00:00+05:30
113.33,113.45,108.92,112.78,86256.0,1773030900.0,2026-03-09 10:05:00+05:30
112.99,112.99,112.33,112.76,4109.0,1773031200.0,2026-03-09 10:10:00+05:30
112.9,112.94,112.5,112.5,4397.0,1773031500.0,2026-03-09 10:15:00+05:30
112.62,112.68,112.0,112.26,6021.0,1773031800.0,2026-03-09 10:20:00+05:30
112.25,112.41,112.01,112.28,5766.0,1773032100.0,2026-03-09 10:25:00+05:30
112.49,112.49,112.05,112.14,5966.0,1773032400.0,2026-03-09 10:30:00+05:30
112.15,112.51,111.87,112.2,8119.0,1773032700.0,2026-03-09 10:35:00+05:30
112.3,112.3,112.16,112.27,566.0,1773033000.0,2026-03-09 10:40:00+05:30
112.53,112.53,112.0,112.0,5241.0,1773033300.0,2026-03-09 10:45:00+05:30
112.0,113.03,111.99,113.0,5005.0,1773033600.0,2026-03-09 10:50:00+05:30
112.75,113.21,112.75,112.97,1991.0,1773033900.0,2026-03-09 10:55:00+05:30
113.29,113.3,112.71,113.0,6904.0,1773034200.0,2026-03-09 11:00:00+05:30
112.99,113.23,112.71,112.91,3371.0,1773034500.0,2026-03-09 11:05:00+05:30
113.05,113.06,112.63,113.06,2453.0,1773034800.0,2026-03-09 11:10:00+05:30
113.06,113.06,112.61,112.96,1482.0,1773035100.0,2026-03-09 11:15:00+05:30
112.97,113.16,112.97,113.15,719.0,1773035400.0,2026-03-09 11:20:00+05:30
113.15,113.34,112.96,113.34,442.0,1773035700.0,2026-03-09 11:25:00+05:30
113.34,113.45,113.09,113.09,1970.0,1773036000.0,2026-03-09 11:30:00+05:30
113.09,113.32,113.03,113.3,1766.0,1773036300.0,2026-03-09 11:35:00+05:30
113.39,113.43,113.14,113.23,2396.0,1773036600.0,2026-03-09 11:40:00+05:30
113.23,113.33,113.09,113.19,423.0,1773036900.0,2026-03-09 11:45:00+05:30
113.2,113.28,112.95,112.97,1982.0,1773037200.0,2026-03-09 11:50:00+05:30
112.97,113.01,112.82,112.86,647.0,1773037500.0,2026-03-09 11:55:00+05:30
112.86,112.97,112.8,112.88,1708.0,1773037800.0,2026-03-09 12:00:00+05:30
112.93,112.93,112.73,112.84,451.0,1773038100.0,2026-03-09 12:05:00+05:30
112.85,112.9,112.74,112.82,146.0,1773038400.0,2026-03-09 12:10:00+05:30
112.82,112.91,112.75,112.88,819.0,1773038700.0,2026-03-09 12:15:00+05:30
112.88,113.08,112.86,112.86,1361.0,1773039000.0,2026-03-09 12:20:00+05:30
112.86,113.07,112.86,113.0,266.0,1773039300.0,2026-03-09 12:25:00+05:30
113.1,113.34,113.1,113.32,568.0,1773039600.0,2026-03-09 12:30:00+05:30
113.32,113.32,113.27,113.32,157.0,1773039900.0,2026-03-09 12:35:00+05:30
113.32,113.35,113.1,113.1,546.0,1773040200.0,2026-03-09 12:40:00+05:30
113.13,113.37,113.13,113.31,1890.0,1773040500.0,2026-03-09 12:45:00+05:30
113.1,113.81,112.88,113.63,3704.0,1773040800.0,2026-03-09 12:50:00+05:30
113.63,113.88,113.56,113.88,1978.0,1773041100.0,2026-03-09 12:55:00+05:30
113.88,113.99,113.77,113.77,625.0,1773041400.0,2026-03-09 13:00:00+05:30
113.77,113.96,113.56,113.76,581.0,1773041700.0,2026-03-09 13:05:00+05:30
113.76,113.85,113.6,113.84,1337.0,1773042000.0,2026-03-09 13:10:00+05:30
113.84,113.85,113.6,113.85,403.0,1773042300.0,2026-03-09 13:15:00+05:30
113.87,114.14,113.79,113.79,1457.0,1773042600.0,2026-03-09 13:20:00+05:30
113.79,114.18,113.79,114.05,587.0,1773042900.0,2026-03-09 13:25:00+05:30
114.1,114.23,114.1,114.2,1481.0,1773043200.0,2026-03-09 13:30:00+05:30
113.96,114.25,113.89,113.97,3698.0,1773043500.0,2026-03-09 13:35:00+05:30
113.97,114.23,113.89,114.0,3157.0,1773043800.0,2026-03-09 13:40:00+05:30
114.0,114.0,113.67,113.72,802.0,1773044100.0,2026-03-09 13:45:00+05:30
113.7,113.85,113.17,113.8,5571.0,1773044400.0,2026-03-09 13:50:00+05:30
113.8,113.84,113.62,113.62,1178.0,1773044700.0,2026-03-09 13:55:00+05:30
113.62,113.7,113.41,113.7,545.0,1773045000.0,2026-03-09 14:00:00+05:30
113.85,113.89,113.7,113.89,2390.0,1773045300.0,2026-03-09 14:05:00+05:30
113.89,113.89,113.69,113.69,688.0,1773045600.0,2026-03-09 14:10:00+05:30
113.67,113.68,113.5,113.68,1089.0,1773045900.0,2026-03-09 14:15:00+05:30
113.52,113.89,113.52,113.89,2288.0,1773046200.0,2026-03-09 14:20:00+05:30
113.89,113.99,113.85,113.97,658.0,1773046500.0,2026-03-09 14:25:00+05:30
113.85,114.0,113.75,113.88,6956.0,1773046800.0,2026-03-09 14:30:00+05:30
113.88,113.88,113.45,113.66,2403.0,1773047100.0,2026-03-09 14:35:00+05:30
113.7,113.92,113.6,113.64,1213.0,1773047400.0,2026-03-09 14:40:00+05:30
113.86,114.04,113.86,114.04,1130.0,1773047700.0,2026-03-09 14:45:00+05:30
114.07,114.22,113.86,114.0,3406.0,1773048000.0,2026-03-09 14:50:00+05:30
114.0,114.49,114.0,114.4,2747.0,1773048300.0,2026-03-09 14:55:00+05:30
114.4,114.69,114.21,114.69,1118.0,1773048600.0,2026-03-09 15:00:00+05:30
114.6,114.8,114.16,114.2,7790.0,1773048900.0,2026-03-09 15:05:00+05:30
113.95,114.44,113.95,114.44,4604.0,1773049200.0,2026-03-09 15:10:00+05:30
114.3,114.8,114.19,114.75,9139.0,1773049500.0,2026-03-09 15:15:00+05:30
114.48,115.25,114.48,115.19,10432.0,1773049800.0,2026-03-09 15:20:00+05:30
115.19,115.68,114.74,115.44,7825.0,1773050100.0,2026-03-09 15:25:00+05:30
116.76,117.01,115.92,115.94,5625.0,1773114300.0,2026-03-10 09:15:00+05:30
115.95,116.72,115.94,116.4,3186.0,1773114600.0,2026-03-10 09:20:00+05:30
116.4,117.0,116.05,117.0,5229.0,1773114900.0,2026-03-10 09:25:00+05:30
117.12,117.75,117.0,117.56,8562.0,1773115200.0,2026-03-10 09:30:00+05:30
117.55,117.55,117.0,117.29,7304.0,1773115500.0,2026-03-10 09:35:00+05:30
117.3,117.3,116.72,117.19,4943.0,1773115800.0,2026-03-10 09:40:00+05:30
117.01,117.15,116.8,116.93,1493.0,1773116100.0,2026-03-10 09:45:00+05:30
116.85,117.07,116.85,116.86,353.0,1773116400.0,2026-03-10 09:50:00+05:30
117.0,117.05,116.52,116.77,3097.0,1773116700.0,2026-03-10 09:55:00+05:30
116.77,116.84,116.61,116.62,581.0,1773117000.0,2026-03-10 10:00:00+05:30
116.79,116.87,116.64,116.86,1630.0,1773117300.0,2026-03-10 10:05:00+05:30
116.72,116.85,116.64,116.8,783.0,1773117600.0,2026-03-10 10:10:00+05:30
116.8,117.1,116.79,117.0,2732.0,1773117900.0,2026-03-10 10:15:00+05:30
116.9,117.05,116.5,116.5,1076.0,1773118200.0,2026-03-10 10:20:00+05:30
116.5,116.8,116.5,116.78,350.0,1773118500.0,2026-03-10 10:25:00+05:30
116.63,116.82,116.46,116.82,1511.0,1773118800.0,2026-03-10 10:30:00+05:30
116.95,117.04,116.79,116.79,7271.0,1773119100.0,2026-03-10 10:35:00+05:30
117.04,117.99,117.04,117.64,10468.0,1773119400.0,2026-03-10 10:40:00+05:30
117.64,117.9,117.64,117.76,162.0,1773119700.0,2026-03-10 10:45:00+05:30
117.9,117.9,117.56,117.75,1531.0,1773120000.0,2026-03-10 10:50:00+05:30
117.8,118.0,117.58,118.0,4346.0,1773120300.0,2026-03-10 10:55:00+05:30
118.23,118.25,118.1,118.1,634.0,1773120600.0,2026-03-10 11:00:00+05:30
118.07,118.1,117.9,118.09,2905.0,1773120900.0,2026-03-10 11:05:00+05:30
118.0,118.09,117.61,117.61,3804.0,1773121200.0,2026-03-10 11:10:00+05:30
117.72,117.95,117.51,117.51,7746.0,1773121500.0,2026-03-10 11:15:00+05:30
117.51,118.1,117.51,118.1,1893.0,1773121800.0,2026-03-10 11:20:00+05:30
117.9,118.06,117.9,118.01,1711.0,1773122100.0,2026-03-10 11:25:00+05:30
118.01,118.01,117.15,117.71,12269.0,1773122400.0,2026-03-10 11:30:00+05:30
117.64,117.83,117.59,117.59,1332.0,1773122700.0,2026-03-10 11:35:00+05:30
117.57,117.79,117.54,117.65,1053.0,1773123000.0,2026-03-10 11:40:00+05:30
117.79,117.79,117.44,117.48,9005.0,1773123300.0,2026-03-10 11:45:00+05:30
117.44,117.55,117.36,117.55,934.0,1773123600.0,2026-03-10 11:50:00+05:30
117.56,117.56,117.25,117.25,432.0,1773123900.0,2026-03-10 11:55:00+05:30
117.41,117.41,117.39,117.39,1893.0,1773124200.0,2026-03-10 12:00:00+05:30
117.28,117.42,117.28,117.42,337.0,1773124500.0,2026-03-10 12:05:00+05:30
117.42,117.42,117.24,117.24,130.0,1773124800.0,2026-03-10 12:10:00+05:30
117.24,117.24,117.11,117.11,8.0,1773125100.0,2026-03-10 12:15:00+05:30
117.11,117.33,117.11,117.25,1551.0,1773125400.0,2026-03-10 12:20:00+05:30
117.25,117.25,117.1,117.1,350.0,1773125700.0,2026-03-10 12:25:00+05:30
117.24,117.24,117.24,117.24,145.0,1773126000.0,2026-03-10 12:30:00+05:30
117.34,117.47,117.24,117.35,298.0,1773126300.0,2026-03-10 12:35:00+05:30
117.28,117.28,117.28,117.28,600.0,1773126600.0,2026-03-10 12:40:00+05:30
117.28,117.5,117.28,117.42,542.0,1773126900.0,2026-03-10 12:45:00+05:30
117.42,117.42,117.4,117.4,100.0,1773127200.0,2026-03-10 12:50:00+05:30
117.4,117.58,117.4,117.57,230.0,1773127500.0,2026-03-10 12:55:00+05:30
117.6,117.77,117.58,117.58,3543.0,1773127800.0,2026-03-10 13:00:00+05:30
117.66,117.66,117.38,117.38,6869.0,1773128100.0,2026-03-10 13:05:00+05:30
117.35,117.35,117.06,117.06,342.0,1773128400.0,2026-03-10 13:10:00+05:30
117.06,117.1,116.74,116.77,2122.0,1773128700.0,2026-03-10 13:15:00+05:30
116.54,116.85,116.54,116.62,1470.0,1773129000.0,2026-03-10 13:20:00+05:30
116.76,116.79,116.65,116.79,1081.0,1773129300.0,2026-03-10 13:25:00+05:30
117.02,117.1,117.0,117.01,852.0,1773129600.0,2026-03-10 13:30:00+05:30
117.06,117.09,116.87,116.87,4260.0,1773129900.0,2026-03-10 13:35:00+05:30
116.87,116.98,116.85,116.85,369.0,1773130200.0,2026-03-10 13:40:00+05:30
116.85,116.85,116.84,116.85,333.0,1773130500.0,2026-03-10 13:45:00+05:30
116.85,116.85,116.6,116.74,320.0,1773130800.0,2026-03-10 13:50:00+05:30
116.74,116.75,116.74,116.75,66.0,1773131100.0,2026-03-10 13:55:00+05:30
116.73,116.73,116.5,116.5,98.0,1773131400.0,2026-03-10 14:00:00+05:30
116.53,116.6,116.52,116.6,1928.0,1773131700.0,2026-03-10 14:05:00+05:30
116.6,116.75,116.6,116.75,309.0,1773132000.0,2026-03-10 14:10:00+05:30
116.77,116.85,116.7,116.73,445.0,1773132300.0,2026-03-10 14:15:00+05:30
116.73,116.73,116.73,116.73,0.0,1773132600.0,2026-03-10 14:20:00+05:30
116.78,116.84,116.63,116.71,852.0,1773132900.0,2026-03-10 14:25:00+05:30
116.62,116.8,116.62,116.72,546.0,1773133200.0,2026-03-10 14:30:00+05:30
116.72,116.74,116.6,116.6,702.0,1773133500.0,2026-03-10 14:35:00+05:30
116.6,116.71,116.6,116.71,256.0,1773133800.0,2026-03-10 14:40:00+05:30
116.63,116.74,116.4,116.55,1498.0,1773134100.0,2026-03-10 14:45:00+05:30
116.46,116.67,116.46,116.67,397.0,1773134400.0,2026-03-10 14:50:00+05:30
116.67,116.67,116.36,116.64,1700.0,1773134700.0,2026-03-10 14:55:00+05:30
116.56,116.57,115.74,116.05,5880.0,1773135000.0,2026-03-10 15:00:00+05:30
116.05,116.59,116.0,116.32,2691.0,1773135300.0,2026-03-10 15:05:00+05:30
116.27,116.27,116.21,116.22,2085.0,1773135600.0,2026-03-10 15:10:00+05:30
116.12,116.54,116.1,116.54,6555.0,1773135900.0,2026-03-10 15:15:00+05:30
116.54,116.99,115.68,116.99,14075.0,1773136200.0,2026-03-10 15:20:00+05:30
116.99,117.09,115.1,116.33,17666.0,1773136500.0,2026-03-10 15:25:00+05:30
116.1,117.61,116.1,116.36,7546.0,1773200700.0,2026-03-11 09:15:00+05:30
116.31,117.5,116.26,116.85,4388.0,1773201000.0,2026-03-11 09:20:00+05:30
116.66,116.99,116.45,116.99,6278.0,1773201300.0,2026-03-11 09:25:00+05:30
116.97,116.97,116.26,116.45,6761.0,1773201600.0,2026-03-11 09:30:00+05:30
116.75,116.84,116.22,116.35,5927.0,1773201900.0,2026-03-11 09:35:00+05:30
116.36,116.46,116.1,116.12,1520.0,1773202200.0,2026-03-11 09:40:00+05:30
116.27,116.85,116.24,116.75,1205.0,1773202500.0,2026-03-11 09:45:00+05:30
116.56,116.79,116.53,116.59,1223.0,1773202800.0,2026-03-11 09:50:00+05:30
116.59,116.59,115.51,115.51,5222.0,1773203100.0,2026-03-11 09:55:00+05:30
115.51,115.77,115.42,115.7,2371.0,1773203400.0,2026-03-11 10:00:00+05:30
115.58,115.68,115.43,115.45,1625.0,1773203700.0,2026-03-11 10:05:00+05:30
115.45,115.49,115.27,115.35,1395.0,1773204000.0,2026-03-11 10:10:00+05:30
115.35,115.57,115.35,115.54,565.0,1773204300.0,2026-03-11 10:15:00+05:30
115.59,115.79,115.39,115.79,6931.0,1773204600.0,2026-03-11 10:20:00+05:30
115.7,115.79,115.41,115.56,3166.0,1773204900.0,2026-03-11 10:25:00+05:30
115.66,115.78,115.59,115.77,4167.0,1773205200.0,2026-03-11 10:30:00+05:30
115.77,115.77,115.37,115.42,296.0,1773205500.0,2026-03-11 10:35:00+05:30
115.54,115.59,115.3,115.33,1721.0,1773205800.0,2026-03-11 10:40:00+05:30
115.49,115.49,115.25,115.25,6212.0,1773206100.0,2026-03-11 10:45:00+05:30
115.25,115.28,115.15,115.28,882.0,1773206400.0,2026-03-11 10:50:00+05:30
115.29,115.58,115.29,115.58,1295.0,1773206700.0,2026-03-11 10:55:00+05:30
115.58,115.58,115.22,115.53,2347.0,1773207000.0,2026-03-11 11:00:00+05:30
115.53,115.55,115.11,115.3,3256.0,1773207300.0,2026-03-11 11:05:00+05:30
115.3,115.55,115.3,115.48,1902.0,1773207600.0,2026-03-11 11:10:00+05:30
115.3,115.39,115.2,115.2,3282.0,1773207900.0,2026-03-11 11:15:00+05:30
115.2,115.26,115.11,115.11,1372.0,1773208200.0,2026-03-11 11:20:00+05:30
115.11,115.25,115.11,115.25,254.0,1773208500.0,2026-03-11 11:25:00+05:30
115.35,115.49,115.21,115.21,432.0,1773208800.0,2026-03-11 11:30:00+05:30
115.29,115.29,115.12,115.2,827.0,1773209100.0,2026-03-11 11:35:00+05:30
115.31,115.37,115.2,115.21,350.0,1773209400.0,2026-03-11 11:40:00+05:30
115.34,115.45,115.34,115.35,908.0,1773209700.0,2026-03-11 11:45:00+05:30
115.35,115.35,115.11,115.35,544.0,1773210000.0,2026-03-11 11:50:00+05:30
115.27,115.27,115.12,115.12,849.0,1773210300.0,2026-03-11 11:55:00+05:30
115.12,115.28,115.07,115.28,4227.0,1773210600.0,2026-03-11 12:00:00+05:30
115.5,115.5,115.3,115.3,1528.0,1773210900.0,2026-03-11 12:05:00+05:30
115.39,115.55,115.23,115.55,792.0,1773211200.0,2026-03-11 12:10:00+05:30
115.57,115.69,115.57,115.57,748.0,1773211500.0,2026-03-11 12:15:00+05:30
115.5,115.5,115.3,115.3,4774.0,1773211800.0,2026-03-11 12:20:00+05:30
115.3,115.4,115.3,115.31,539.0,1773212100.0,2026-03-11 12:25:00+05:30
115.33,115.5,115.31,115.39,1573.0,1773212400.0,2026-03-11 12:30:00+05:30
115.56,115.56,115.35,115.5,852.0,1773212700.0,2026-03-11 12:35:00+05:30
115.35,115.49,115.28,115.45,2221.0,1773213000.0,2026-03-11 12:40:00+05:30
115.45,115.6,115.45,115.6,2549.0,1773213300.0,2026-03-11 12:45:00+05:30
115.6,115.6,115.06,115.06,3804.0,1773213600.0,2026-03-11 12:50:00+05:30
115.43,115.43,115.29,115.4,90.0,1773213900.0,2026-03-11 12:55:00+05:30
115.4,115.4,115.4,115.4,1.0,1773214200.0,2026-03-11 13:00:00+05:30
115.4,115.4,115.29,115.29,134.0,1773214500.0,2026-03-11 13:05:00+05:30
115.25,115.31,115.0,115.0,3205.0,1773214800.0,2026-03-11 13:10:00+05:30
115.0,115.0,114.76,114.89,2616.0,1773215100.0,2026-03-11 13:15:00+05:30
114.75,115.11,114.75,115.11,424.0,1773215400.0,2026-03-11 13:20:00+05:30
115.07,115.23,115.03,115.03,1048.0,1773215700.0,2026-03-11 13:25:00+05:30
114.98,115.4,114.98,115.37,7937.0,1773216000.0,2026-03-11 13:30:00+05:30
115.09,115.18,115.09,115.18,89.0,1773216300.0,2026-03-11 13:35:00+05:30
115.18,115.18,115.0,115.0,715.0,1773216600.0,2026-03-11 13:40:00+05:30
114.94,115.09,114.78,114.78,651.0,1773216900.0,2026-03-11 13:45:00+05:30
114.93,115.02,114.75,115.0,762.0,1773217200.0,2026-03-11 13:50:00+05:30
115.0,115.18,114.93,115.03,531.0,1773217500.0,2026-03-11 13:55:00+05:30
115.03,115.15,115.03,115.15,910.0,1773217800.0,2026-03-11 14:00:00+05:30
115.15,115.15,115.05,115.15,565.0,1773218100.0,2026-03-11 14:05:00+05:30
115.15,115.15,115.05,115.05,762.0,1773218400.0,2026-03-11 14:10:00+05:30
115.05,115.35,115.05,115.32,1247.0,1773218700.0,2026-03-11 14:15:00+05:30
115.35,115.6,115.35,115.38,1653.0,1773219000.0,2026-03-11 14:20:00+05:30
115.26,115.3,115.23,115.25,1632.0,1773219300.0,2026-03-11 14:25:00+05:30
115.41,115.41,115.03,115.03,393.0,1773219600.0,2026-03-11 14:30:00+05:30
115.2,115.3,115.16,115.22,1527.0,1773219900.0,2026-03-11 14:35:00+05:30
115.22,115.3,114.99,115.3,1239.0,1773220200.0,2026-03-11 14:40:00+05:30
115.3,115.38,115.22,115.3,909.0,1773220500.0,2026-03-11 14:45:00+05:30
115.3,115.3,115.15,115.19,124.0,1773220800.0,2026-03-11 14:50:00+05:30
115.11,115.38,115.05,115.19,1017.0,1773221100.0,2026-03-11 14:55:00+05:30
115.0,115.12,114.91,114.91,4025.0,1773221400.0,2026-03-11 15:00:00+05:30
114.91,114.91,114.41,114.53,6081.0,1773221700.0,2026-03-11 15:05:00+05:30
114.73,114.92,114.32,114.49,3595.0,1773222000.0,2026-03-11 15:10:00+05:30
114.34,114.5,114.04,114.42,7587.0,1773222300.0,2026-03-11 15:15:00+05:30
114.42,114.42,114.12,114.41,3128.0,1773222600.0,2026-03-11 15:20:00+05:30
114.41,114.41,113.89,113.93,8247.0,1773222900.0,2026-03-11 15:25:00+05:30
113.67,113.67,111.59,112.45,10009.0,1773287100.0,2026-03-12 09:15:00+05:30
112.48,112.81,112.36,112.78,6357.0,1773287400.0,2026-03-12 09:20:00+05:30
112.74,113.12,112.4,112.56,9133.0,1773287700.0,2026-03-12 09:25:00+05:30
112.4,112.4,112.0,112.21,3898.0,1773288000.0,2026-03-12 09:30:00+05:30
112.11,112.9,112.1,112.9,5666.0,1773288300.0,2026-03-12 09:35:00+05:30
112.68,112.8,112.57,112.62,1794.0,1773288600.0,2026-03-12 09:40:00+05:30
112.55,112.75,112.5,112.69,5170.0,1773288900.0,2026-03-12 09:45:00+05:30
112.69,112.69,112.45,112.46,2377.0,1773289200.0,2026-03-12 09:50:00+05:30
112.47,112.93,112.45,112.93,1587.0,1773289500.0,2026-03-12 09:55:00+05:30
113.11,113.13,112.52,113.01,4222.0,1773289800.0,2026-03-12 10:00:00+05:30
112.9,112.9,112.73,112.82,2430.0,1773290100.0,2026-03-12 10:05:00+05:30
112.8,112.8,112.41,112.45,3038.0,1773290400.0,2026-03-12 10:10:00+05:30
112.57,112.57,112.4,112.4,1195.0,1773290700.0,2026-03-12 10:15:00+05:30
112.5,112.56,112.34,112.52,1209.0,1773291000.0,2026-03-12 10:20:00+05:30
112.6,113.15,112.6,113.02,2533.0,1773291300.0,2026-03-12 10:25:00+05:30
113.11,113.21,112.84,112.88,2285.0,1773291600.0,2026-03-12 10:30:00+05:30
113.09,113.11,112.84,112.93,1251.0,1773291900.0,2026-03-12 10:35:00+05:30
112.94,113.08,112.69,112.71,1818.0,1773292200.0,2026-03-12 10:40:00+05:30
112.71,112.92,112.71,112.8,1176.0,1773292500.0,2026-03-12 10:45:00+05:30
112.8,112.87,112.66,112.8,1215.0,1773292800.0,2026-03-12 10:50:00+05:30
112.8,113.14,112.66,113.12,728.0,1773293100.0,2026-03-12 10:55:00+05:30
113.12,113.46,113.12,113.46,1615.0,1773293400.0,2026-03-12 11:00:00+05:30
113.48,113.49,113.4,113.4,1461.0,1773293700.0,2026-03-12 11:05:00+05:30
113.39,113.5,113.39,113.5,702.0,1773294000.0,2026-03-12 11:10:00+05:30
113.48,113.5,113.03,113.03,1199.0,1773294300.0,2026-03-12 11:15:00+05:30
113.05,113.26,112.88,113.26,4719.0,1773294600.0,2026-03-12 11:20:00+05:30
113.26,113.29,113.1,113.29,215.0,1773294900.0,2026-03-12 11:25:00+05:30
113.18,113.31,113.14,113.28,787.0,1773295200.0,2026-03-12 11:30:00+05:30
113.13,113.45,113.13,113.45,588.0,1773295500.0,2026-03-12 11:35:00+05:30
113.48,113.78,113.48,113.78,692.0,1773295800.0,2026-03-12 11:40:00+05:30
113.78,113.84,113.7,113.7,608.0,1773296100.0,2026-03-12 11:45:00+05:30
113.83,113.85,113.83,113.84,1699.0,1773296400.0,2026-03-12 11:50:00+05:30
113.73,113.99,113.73,113.98,630.0,1773296700.0,2026-03-12 11:55:00+05:30
113.99,114.25,113.98,114.25,2694.0,1773297000.0,2026-03-12 12:00:00+05:30
114.25,114.25,114.03,114.16,5365.0,1773297300.0,2026-03-12 12:05:00+05:30
114.46,114.67,114.14,114.55,3879.0,1773297600.0,2026-03-12 12:10:00+05:30
114.55,114.71,114.55,114.64,1296.0,1773297900.0,2026-03-12 12:15:00+05:30
114.64,114.93,114.64,114.73,3042.0,1773298200.0,2026-03-12 12:20:00+05:30
114.73,114.73,114.66,114.66,3157.0,1773298500.0,2026-03-12 12:25:00+05:30
114.66,114.75,114.55,114.55,2436.0,1773298800.0,2026-03-12 12:30:00+05:30
114.55,114.55,114.3,114.3,1085.0,1773299100.0,2026-03-12 12:35:00+05:30
114.32,114.47,114.3,114.47,250.0,1773299400.0,2026-03-12 12:40:00+05:30
114.55,114.65,114.55,114.56,1400.0,1773299700.0,2026-03-12 12:45:00+05:30
114.3,114.3,114.17,114.17,1459.0,1773300000.0,2026-03-12 12:50:00+05:30
114.17,114.4,114.17,114.4,72.0,1773300300.0,2026-03-12 12:55:00+05:30
114.4,114.4,114.24,114.38,2346.0,1773300600.0,2026-03-12 13:00:00+05:30
114.34,114.34,114.34,114.34,134.0,1773300900.0,2026-03-12 13:05:00+05:30
114.34,114.4,114.3,114.4,2895.0,1773301200.0,2026-03-12 13:10:00+05:30
114.4,114.4,114.35,114.35,176.0,1773301500.0,2026-03-12 13:15:00+05:30
114.44,114.5,114.4,114.5,3590.0,1773301800.0,2026-03-12 13:20:00+05:30
114.49,114.65,114.49,114.55,4387.0,1773302100.0,2026-03-12 13:25:00+05:30
114.65,114.65,114.55,114.55,102.0,1773302400.0,2026-03-12 13:30:00+05:30
114.55,114.64,114.55,114.55,234.0,1773302700.0,2026-03-12 13:35:00+05:30
114.56,114.58,114.51,114.51,352.0,1773303000.0,2026-03-12 13:40:00+05:30
114.5,114.59,114.39,114.39,1920.0,1773303300.0,2026-03-12 13:45:00+05:30
114.39,114.65,114.39,114.4,1800.0,1773303600.0,2026-03-12 13:50:00+05:30
114.4,114.53,114.37,114.37,2062.0,1773303900.0,2026-03-12 13:55:00+05:30
114.3,114.4,114.15,114.4,1439.0,1773304200.0,2026-03-12 14:00:00+05:30
114.4,114.4,114.25,114.29,1096.0,1773304500.0,2026-03-12 14:05:00+05:30
114.28,114.3,114.08,114.3,1526.0,1773304800.0,2026-03-12 14:10:00+05:30
114.3,114.3,114.05,114.05,232.0,1773305100.0,2026-03-12 14:15:00+05:30
114.05,115.0,114.0,115.0,15826.0,1773305400.0,2026-03-12 14:20:00+05:30
115.1,116.3,115.1,116.0,18805.0,1773305700.0,2026-03-12 14:25:00+05:30
116.14,116.14,115.5,115.5,5459.0,1773306000.0,2026-03-12 14:30:00+05:30
115.6,115.6,115.12,115.23,8896.0,1773306300.0,2026-03-12 14:35:00+05:30
115.41,115.41,115.08,115.08,2315.0,1773306600.0,2026-03-12 14:40:00+05:30
115.0,115.18,115.0,115.1,1119.0,1773306900.0,2026-03-12 14:45:00+05:30
114.9,114.99,114.2,114.44,19566.0,1773307200.0,2026-03-12 14:50:00+05:30
114.2,114.68,114.2,114.68,2103.0,1773307500.0,2026-03-12 14:55:00+05:30
114.58,114.6,114.32,114.32,1950.0,1773307800.0,2026-03-12 15:00:00+05:30
114.47,114.47,114.01,114.01,1708.0,1773308100.0,2026-03-12 15:05:00+05:30
114.03,114.31,114.03,114.11,1848.0,1773308400.0,2026-03-12 15:10:00+05:30
114.12,114.12,113.44,113.62,5477.0,1773308700.0,2026-03-12 15:15:00+05:30
113.67,114.67,113.17,114.67,15425.0,1773309000.0,2026-03-12 15:20:00+05:30
114.67,114.98,113.12,113.3,7397.0,1773309300.0,2026-03-12 15:25:00+05:30
113.64,113.64,112.53,112.75,8178.0,1773373500.0,2026-03-13 09:15:00+05:30
112.75,113.64,112.5,112.8,12795.0,1773373800.0,2026-03-13 09:20:00+05:30
112.67,113.15,112.26,113.13,5030.0,1773374100.0,2026-03-13 09:25:00+05:30
113.13,113.13,112.85,112.85,1978.0,1773374400.0,2026-03-13 09:30:00+05:30
112.85,112.98,112.68,112.68,2299.0,1773374700.0,2026-03-13 09:35:00+05:30
112.81,113.0,112.5,112.5,8590.0,1773375000.0,2026-03-13 09:40:00+05:30
112.23,112.45,112.01,112.17,5119.0,1773375300.0,2026-03-13 09:45:00+05:30
112.17,112.17,112.0,112.0,3367.0,1773375600.0,2026-03-13 09:50:00+05:30
112.12,112.12,112.0,112.05,5920.0,1773375900.0,2026-03-13 09:55:00+05:30
112.05,112.12,111.77,112.11,3538.0,1773376200.0,2026-03-13 10:00:00+05:30
112.0,112.05,111.77,111.79,896.0,1773376500.0,2026-03-13 10:05:00+05:30
111.89,112.2,111.88,112.1,6402.0,1773376800.0,2026-03-13 10:10:00+05:30
111.94,112.07,111.94,112.0,551.0,1773377100.0,2026-03-13 10:15:00+05:30
111.94,112.07,111.87,112.01,2707.0,1773377400.0,2026-03-13 10:20:00+05:30
112.01,112.07,111.9,112.07,448.0,1773377700.0,2026-03-13 10:25:00+05:30
112.07,112.16,111.9,112.05,4326.0,1773378000.0,2026-03-13 10:30:00+05:30
112.05,112.05,111.61,111.61,2434.0,1773378300.0,2026-03-13 10:35:00+05:30
111.7,111.89,111.57,111.85,3190.0,1773378600.0,2026-03-13 10:40:00+05:30
111.85,111.85,111.65,111.68,344.0,1773378900.0,2026-03-13 10:45:00+05:30
112.0,112.75,112.0,112.36,7645.0,1773379200.0,2026-03-13 10:50:00+05:30
112.35,112.35,111.8,112.02,2179.0,1773379500.0,2026-03-13 10:55:00+05:30
111.96,112.0,111.91,112.0,2635.0,1773379800.0,2026-03-13 11:00:00+05:30
112.0,112.08,111.81,111.9,6326.0,1773380100.0,2026-03-13 11:05:00+05:30
111.5,112.02,111.22,111.99,20348.0,1773380400.0,2026-03-13 11:10:00+05:30
111.9,112.0,111.69,111.87,3618.0,1773380700.0,2026-03-13 11:15:00+05:30
112.08,112.12,111.79,111.86,406.0,1773381000.0,2026-03-13 11:20:00+05:30
111.86,112.21,111.86,112.21,3901.0,1773381300.0,2026-03-13 11:25:00+05:30
111.97,112.21,111.92,112.14,3490.0,1773381600.0,2026-03-13 11:30:00+05:30
112.14,112.14,111.92,111.92,239.0,1773381900.0,2026-03-13 11:35:00+05:30
112.04,112.04,111.7,111.7,3194.0,1773382200.0,2026-03-13 11:40:00+05:30
111.6,112.0,111.6,111.99,3843.0,1773382500.0,2026-03-13 11:45:00+05:30
111.99,111.99,111.84,111.84,128.0,1773382800.0,2026-03-13 11:50:00+05:30
111.6,111.72,111.6,111.6,645.0,1773383100.0,2026-03-13 11:55:00+05:30
111.75,111.79,111.62,111.78,441.0,1773383400.0,2026-03-13 12:00:00+05:30
111.0,111.54,111.0,111.28,15232.0,1773383700.0,2026-03-13 12:05:00+05:30
111.25,111.25,111.01,111.25,2621.0,1773384000.0,2026-03-13 12:10:00+05:30
111.2,111.25,110.7,111.25,14721.0,1773384300.0,2026-03-13 12:15:00+05:30
111.11,111.14,110.79,110.98,1020.0,1773384600.0,2026-03-13 12:20:00+05:30
110.82,110.97,110.65,110.83,1965.0,1773384900.0,2026-03-13 12:25:00+05:30
110.76,110.85,110.65,110.82,1239.0,1773385200.0,2026-03-13 12:30:00+05:30
110.82,110.85,110.52,110.78,1762.0,1773385500.0,2026-03-13 12:35:00+05:30
110.77,110.77,110.5,110.6,1518.0,1773385800.0,2026-03-13 12:40:00+05:30
110.6,110.79,110.27,110.5,8605.0,1773386100.0,2026-03-13 12:45:00+05:30
110.5,110.51,110.4,110.41,1417.0,1773386400.0,2026-03-13 12:50:00+05:30
110.51,112.03,110.51,111.86,34802.0,1773386700.0,2026-03-13 12:55:00+05:30
111.9,113.45,111.9,112.82,20444.0,1773387000.0,2026-03-13 13:00:00+05:30
112.94,114.7,112.66,113.72,29867.0,1773387300.0,2026-03-13 13:05:00+05:30
113.5,115.0,113.5,114.3,22369.0,1773387600.0,2026-03-13 13:10:00+05:30
114.3,115.0,113.21,114.34,21103.0,1773387900.0,2026-03-13 13:15:00+05:30
114.27,114.44,114.04,114.26,3251.0,1773388200.0,2026-03-13 13:20:00+05:30
114.05,114.24,113.81,114.17,3329.0,1773388500.0,2026-03-13 13:25:00+05:30
114.17,114.8,114.17,114.29,6436.0,1773388800.0,2026-03-13 13:30:00+05:30
114.14,114.33,113.85,113.85,8659.0,1773389100.0,2026-03-13 13:35:00+05:30
113.68,114.16,113.66,114.16,8052.0,1773389400.0,2026-03-13 13:40:00+05:30
114.39,114.4,114.2,114.4,4738.0,1773389700.0,2026-03-13 13:45:00+05:30
114.4,114.7,114.4,114.59,9202.0,1773390000.0,2026-03-13 13:50:00+05:30
114.38,114.38,113.82,113.88,9458.0,1773390300.0,2026-03-13 13:55:00+05:30
113.84,114.09,113.84,113.99,1202.0,1773390600.0,2026-03-13 14:00:00+05:30
114.0,114.6,114.0,114.6,4681.0,1773390900.0,2026-03-13 14:05:00+05:30
114.5,114.6,114.43,114.59,1201.0,1773391200.0,2026-03-13 14:10:00+05:30
114.6,114.64,114.43,114.56,2075.0,1773391500.0,2026-03-13 14:15:00+05:30
114.69,114.73,114.44,114.68,1868.0,1773391800.0,2026-03-13 14:20:00+05:30
114.68,114.69,114.49,114.66,861.0,1773392100.0,2026-03-13 14:25:00+05:30
114.68,117.84,114.68,117.48,33349.0,1773392400.0,2026-03-13 14:30:00+05:30
117.48,117.48,116.36,116.88,16585.0,1773392700.0,2026-03-13 14:35:00+05:30
116.96,117.9,116.47,117.83,22834.0,1773393000.0,2026-03-13 14:40:00+05:30
117.52,117.83,116.59,116.59,7814.0,1773393300.0,2026-03-13 14:45:00+05:30
116.61,116.88,115.99,116.23,17897.0,1773393600.0,2026-03-13 14:50:00+05:30
116.22,116.23,115.51,115.7,3261.0,1773393900.0,2026-03-13 14:55:00+05:30
115.52,115.52,114.69,114.69,10856.0,1773394200.0,2026-03-13 15:00:00+05:30
114.61,115.01,114.39,114.59,5958.0,1773394500.0,2026-03-13 15:05:00+05:30
114.5,114.5,114.01,114.14,6463.0,1773394800.0,2026-03-13 15:10:00+05:30
114.37,115.2,114.15,114.91,10051.0,1773395100.0,2026-03-13 15:15:00+05:30
114.88,115.1,114.71,115.07,4311.0,1773395400.0,2026-03-13 15:20:00+05:30
115.12,115.12,114.02,114.52,11603.0,1773395700.0,2026-03-13 15:25:00+05:30
113.71,114.29,112.89,113.34,12185.0,1773632700.0,2026-03-16 09:15:00+05:30
113.39,113.52,112.9,113.2,7828.0,1773633000.0,2026-03-16 09:20:00+05:30
113.2,113.45,112.84,113.18,7083.0,1773633300.0,2026-03-16 09:25:00+05:30
113.34,113.5,113.04,113.5,2445.0,1773633600.0,2026-03-16 09:30:00+05:30
113.94,113.94,113.56,113.9,3565.0,1773633900.0,2026-03-16 09:35:00+05:30
113.9,114.29,113.7,113.92,4941.0,1773634200.0,2026-03-16 09:40:00+05:30
113.88,113.91,113.57,113.59,3916.0,1773634500.0,2026-03-16 09:45:00+05:30
113.56,114.08,113.56,113.88,2221.0,1773634800.0,2026-03-16 09:50:00+05:30
113.88,113.88,113.04,113.19,5933.0,1773635100.0,2026-03-16 09:55:00+05:30
113.0,113.26,112.55,113.0,7640.0,1773635400.0,2026-03-16 10:00:00+05:30
113.08,113.08,112.68,112.69,2038.0,1773635700.0,2026-03-16 10:05:00+05:30
112.69,112.72,112.14,112.26,4144.0,1773636000.0,2026-03-16 10:10:00+05:30
112.22,112.26,111.66,111.7,5505.0,1773636300.0,2026-03-16 10:15:00+05:30
111.78,111.86,111.66,111.71,2689.0,1773636600.0,2026-03-16 10:20:00+05:30
111.71,111.92,111.59,111.59,4261.0,1773636900.0,2026-03-16 10:25:00+05:30
111.51,111.85,111.3,111.39,2013.0,1773637200.0,2026-03-16 10:30:00+05:30
111.16,111.68,111.15,111.42,7250.0,1773637500.0,2026-03-16 10:35:00+05:30
111.39,111.52,110.0,110.81,34787.0,1773637800.0,2026-03-16 10:40:00+05:30
110.8,111.01,110.54,110.62,3055.0,1773638100.0,2026-03-16 10:45:00+05:30
110.67,110.67,110.18,110.34,6787.0,1773638400.0,2026-03-16 10:50:00+05:30
110.34,111.8,110.15,111.8,12013.0,1773638700.0,2026-03-16 10:55:00+05:30
111.75,111.75,111.01,111.01,4254.0,1773639000.0,2026-03-16 11:00:00+05:30
111.04,111.69,111.04,111.54,3674.0,1773639300.0,2026-03-16 11:05:00+05:30
111.53,111.68,111.05,111.17,3671.0,1773639600.0,2026-03-16 11:10:00+05:30
111.0,112.0,111.0,112.0,1716.0,1773639900.0,2026-03-16 11:15:00+05:30
112.0,112.0,111.43,111.59,1820.0,1773640200.0,2026-03-16 11:20:00+05:30
111.26,111.49,111.21,111.43,2820.0,1773640500.0,2026-03-16 11:25:00+05:30
111.31,111.61,111.25,111.57,30023.0,1773640800.0,2026-03-16 11:30:00+05:30
111.6,111.6,111.46,111.46,626.0,1773641100.0,2026-03-16 11:35:00+05:30
111.46,111.84,111.46,111.52,2688.0,1773641400.0,2026-03-16 11:40:00+05:30
111.38,111.72,111.38,111.65,490.0,1773641700.0,2026-03-16 11:45:00+05:30
111.56,111.94,111.52,111.78,1730.0,1773642000.0,2026-03-16 11:50:00+05:30
111.66,111.66,111.57,111.64,1627.0,1773642300.0,2026-03-16 11:55:00+05:30
111.68,111.8,111.66,111.73,678.0,1773642600.0,2026-03-16 12:00:00+05:30
111.63,111.69,111.48,111.65,784.0,1773642900.0,2026-03-16 12:05:00+05:30
111.65,111.65,111.39,111.43,1796.0,1773643200.0,2026-03-16 12:10:00+05:30
111.63,111.66,111.29,111.53,3377.0,1773643500.0,2026-03-16 12:15:00+05:30
111.47,111.68,111.27,111.66,924.0,1773643800.0,2026-03-16 12:20:00+05:30
111.66,111.74,111.66,111.74,149.0,1773644100.0,2026-03-16 12:25:00+05:30
111.66,111.8,111.48,111.48,3667.0,1773644400.0,2026-03-16 12:30:00+05:30
111.41,111.72,111.41,111.69,867.0,1773644700.0,2026-03-16 12:35:00+05:30
111.8,111.8,111.64,111.65,1158.0,1773645000.0,2026-03-16 12:40:00+05:30
111.64,111.64,111.35,111.35,2580.0,1773645300.0,2026-03-16 12:45:00+05:30
111.35,111.44,111.2,111.4,2472.0,1773645600.0,2026-03-16 12:50:00+05:30
111.51,111.51,111.12,111.21,1272.0,1773645900.0,2026-03-16 12:55:00+05:30
111.12,111.3,110.79,110.79,15895.0,1773646200.0,2026-03-16 13:00:00+05:30
110.79,111.27,110.64,111.27,3634.0,1773646500.0,2026-03-16 13:05:00+05:30
111.23,111.42,110.96,111.15,2615.0,1773646800.0,2026-03-16 13:10:00+05:30
111.13,111.3,111.04,111.04,1174.0,1773647100.0,2026-03-16 13:15:00+05:30
111.04,111.24,110.98,111.24,1699.0,1773647400.0,2026-03-16 13:20:00+05:30
111.23,111.24,111.05,111.24,2063.0,1773647700.0,2026-03-16 13:25:00+05:30
111.25,111.26,111.13,111.24,149.0,1773648000.0,2026-03-16 13:30:00+05:30
111.24,111.39,111.06,111.39,962.0,1773648300.0,2026-03-16 13:35:00+05:30
111.39,111.39,110.9,111.14,4334.0,1773648600.0,2026-03-16 13:40:00+05:30
111.24,111.34,111.02,111.02,3485.0,1773648900.0,2026-03-16 13:45:00+05:30
111.18,112.55,111.0,112.46,24115.0,1773649200.0,2026-03-16 13:50:00+05:30
112.1,112.16,111.92,111.97,2310.0,1773649500.0,2026-03-16 13:55:00+05:30
111.98,112.6,111.98,112.6,12059.0,1773649800.0,2026-03-16 14:00:00+05:30
112.61,112.99,112.61,112.8,2596.0,1773650100.0,2026-03-16 14:05:00+05:30
112.82,113.32,112.82,112.89,4475.0,1773650400.0,2026-03-16 14:10:00+05:30
112.65,113.52,112.65,113.52,7114.0,1773650700.0,2026-03-16 14:15:00+05:30
113.69,113.89,113.68,113.89,5563.0,1773651000.0,2026-03-16 14:20:00+05:30
113.89,113.89,113.7,113.88,5369.0,1773651300.0,2026-03-16 14:25:00+05:30
113.9,113.98,113.73,113.87,2782.0,1773651600.0,2026-03-16 14:30:00+05:30
114.0,114.24,113.94,113.94,6291.0,1773651900.0,2026-03-16 14:35:00+05:30
113.95,114.09,113.76,114.0,1373.0,1773652200.0,2026-03-16 14:40:00+05:30
114.0,114.47,113.96,114.35,3047.0,1773652500.0,2026-03-16 14:45:00+05:30
114.18,114.26,113.98,114.04,4632.0,1773652800.0,2026-03-16 14:50:00+05:30
114.1,114.35,113.71,114.01,5659.0,1773653100.0,2026-03-16 14:55:00+05:30
114.06,114.06,113.28,113.48,1415.0,1773653400.0,2026-03-16 15:00:00+05:30
113.54,114.48,113.46,114.24,9749.0,1773653700.0,2026-03-16 15:05:00+05:30
114.21,114.21,113.25,113.52,8734.0,1773654000.0,2026-03-16 15:10:00+05:30
113.66,114.06,113.66,113.92,5354.0,1773654300.0,2026-03-16 15:15:00+05:30
113.85,113.88,113.2,113.2,5135.0,1773654600.0,2026-03-16 15:20:00+05:30
113.0,113.16,112.0,112.65,8756.0,1773654900.0,2026-03-16 15:25:00+05:30
113.53,114.18,111.56,112.86,13057.0,1773719100.0,2026-03-17 09:15:00+05:30
113.07,113.07,112.54,112.96,3593.0,1773719400.0,2026-03-17 09:20:00+05:30
113.17,113.29,112.65,112.87,3286.0,1773719700.0,2026-03-17 09:25:00+05:30
112.8,113.13,112.76,112.82,934.0,1773720000.0,2026-03-17 09:30:00+05:30
112.83,113.28,112.83,113.11,3316.0,1773720300.0,2026-03-17 09:35:00+05:30
113.11,113.5,113.11,113.37,1317.0,1773720600.0,2026-03-17 09:40:00+05:30
113.37,113.37,113.0,113.0,1165.0,1773720900.0,2026-03-17 09:45:00+05:30
113.16,113.5,113.06,113.5,3536.0,1773721200.0,2026-03-17 09:50:00+05:30
113.33,113.8,113.29,113.8,9386.0,1773721500.0,2026-03-17 09:55:00+05:30
113.87,114.32,113.87,114.22,3796.0,1773721800.0,2026-03-17 10:00:00+05:30
114.07,114.32,114.05,114.14,1987.0,1773722100.0,2026-03-17 10:05:00+05:30
114.14,114.24,114.04,114.04,1202.0,1773722400.0,2026-03-17 10:10:00+05:30
114.1,114.22,113.9,114.01,2364.0,1773722700.0,2026-03-17 10:15:00+05:30
114.01,114.76,114.01,114.58,3166.0,1773723000.0,2026-03-17 10:20:00+05:30
114.75,114.99,114.55,114.6,6057.0,1773723300.0,2026-03-17 10:25:00+05:30
114.59,114.78,114.58,114.65,1003.0,1773723600.0,2026-03-17 10:30:00+05:30
114.85,117.64,114.24,116.69,48048.0,1773723900.0,2026-03-17 10:35:00+05:30
117.01,117.01,115.31,115.46,9372.0,1773724200.0,2026-03-17 10:40:00+05:30
115.4,115.46,115.25,115.35,1623.0,1773724500.0,2026-03-17 10:45:00+05:30
115.65,115.86,115.58,115.59,1088.0,1773724800.0,2026-03-17 10:50:00+05:30
115.58,115.58,115.4,115.4,636.0,1773725100.0,2026-03-17 10:55:00+05:30
115.4,115.4,115.11,115.11,661.0,1773725400.0,2026-03-17 11:00:00+05:30
115.07,115.54,115.07,115.38,906.0,1773725700.0,2026-03-17 11:05:00+05:30
115.26,115.41,115.2,115.41,1524.0,1773726000.0,2026-03-17 11:10:00+05:30
115.41,115.53,115.24,115.24,1052.0,1773726300.0,2026-03-17 11:15:00+05:30
115.24,115.24,115.11,115.11,546.0,1773726600.0,2026-03-17 11:20:00+05:30
115.01,115.2,115.0,115.0,378.0,1773726900.0,2026-03-17 11:25:00+05:30
115.0,115.01,114.98,114.98,215.0,1773727200.0,2026-03-17 11:30:00+05:30
114.98,115.15,114.8,115.15,978.0,1773727500.0,2026-03-17 11:35:00+05:30
115.0,115.14,114.76,114.93,3550.0,1773727800.0,2026-03-17 11:40:00+05:30
114.93,115.01,114.86,115.01,1903.0,1773728100.0,2026-03-17 11:45:00+05:30
115.13,115.37,115.13,115.37,1534.0,1773728400.0,2026-03-17 11:50:00+05:30
115.5,115.5,115.49,115.49,17.0,1773728700.0,2026-03-17 11:55:00+05:30
115.48,115.53,115.38,115.53,488.0,1773729000.0,2026-03-17 12:00:00+05:30
115.63,115.72,115.51,115.56,888.0,1773729300.0,2026-03-17 12:05:00+05:30
115.56,115.67,115.56,115.67,1318.0,1773729600.0,2026-03-17 12:10:00+05:30
115.43,115.72,115.43,115.72,2391.0,1773729900.0,2026-03-17 12:15:00+05:30
115.72,115.72,115.58,115.58,371.0,1773730200.0,2026-03-17 12:20:00+05:30
115.6,115.85,115.6,115.85,930.0,1773730500.0,2026-03-17 12:25:00+05:30
115.85,115.85,115.75,115.8,562.0,1773730800.0,2026-03-17 12:30:00+05:30
115.73,116.0,115.6,115.66,6910.0,1773731100.0,2026-03-17 12:35:00+05:30
115.66,115.79,115.6,115.64,110.0,1773731400.0,2026-03-17 12:40:00+05:30
115.58,115.73,115.49,115.73,3628.0,1773731700.0,2026-03-17 12:45:00+05:30
115.73,116.08,115.73,115.94,1229.0,1773732000.0,2026-03-17 12:50:00+05:30
115.94,115.94,115.84,115.84,212.0,1773732300.0,2026-03-17 12:55:00+05:30
115.85,116.38,115.85,116.36,2212.0,1773732600.0,2026-03-17 13:00:00+05:30
116.5,116.63,116.32,116.42,2167.0,1773732900.0,2026-03-17 13:05:00+05:30
116.44,116.44,116.17,116.3,3416.0,1773733200.0,2026-03-17 13:10:00+05:30
116.14,116.3,116.07,116.07,1809.0,1773733500.0,2026-03-17 13:15:00+05:30
116.07,116.1,116.07,116.09,180.0,1773733800.0,2026-03-17 13:20:00+05:30
116.09,116.3,116.09,116.16,403.0,1773734100.0,2026-03-17 13:25:00+05:30
116.16,116.28,116.16,116.2,201.0,1773734400.0,2026-03-17 13:30:00+05:30
116.23,116.23,116.19,116.2,286.0,1773734700.0,2026-03-17 13:35:00+05:30
116.2,116.28,116.07,116.1,1475.0,1773735000.0,2026-03-17 13:40:00+05:30
116.07,116.11,116.07,116.08,416.0,1773735300.0,2026-03-17 13:45:00+05:30
116.08,116.15,116.08,116.15,339.0,1773735600.0,2026-03-17 13:50:00+05:30
116.17,116.17,116.17,116.17,885.0,1773735900.0,2026-03-17 13:55:00+05:30
116.15,116.18,116.06,116.18,413.0,1773736200.0,2026-03-17 14:00:00+05:30
116.23,116.23,116.08,116.22,402.0,1773736500.0,2026-03-17 14:05:00+05:30
116.3,116.3,116.28,116.28,539.0,1773736800.0,2026-03-17 14:10:00+05:30
116.28,116.57,116.18,116.57,4046.0,1773737100.0,2026-03-17 14:15:00+05:30
116.44,116.62,116.28,116.28,3868.0,1773737400.0,2026-03-17 14:20:00+05:30
116.01,116.02,115.76,115.76,2030.0,1773737700.0,2026-03-17 14:25:00+05:30
115.77,116.31,115.77,115.96,2388.0,1773738000.0,2026-03-17 14:30:00+05:30
115.96,116.1,115.9,115.98,2564.0,1773738300.0,2026-03-17 14:35:00+05:30
115.98,115.98,115.9,115.9,1045.0,1773738600.0,2026-03-17 14:40:00+05:30
116.03,116.09,115.91,116.09,550.0,1773738900.0,2026-03-17 14:45:00+05:30
116.09,116.27,116.01,116.14,2268.0,1773739200.0,2026-03-17 14:50:00+05:30
115.99,116.12,115.8,116.11,2492.0,1773739500.0,2026-03-17 14:55:00+05:30
116.12,118.0,115.94,117.78,22271.0,1773739800.0,2026-03-17 15:00:00+05:30
117.77,117.89,116.17,116.57,13558.0,1773740100.0,2026-03-17 15:05:00+05:30
116.78,116.78,116.11,116.44,6654.0,1773740400.0,2026-03-17 15:10:00+05:30
116.47,116.47,115.99,115.99,6095.0,1773740700.0,2026-03-17 15:15:00+05:30
115.91,116.0,115.2,115.81,12776.0,1773741000.0,2026-03-17 15:20:00+05:30
115.5,115.5,114.76,114.76,14232.0,1773741300.0,2026-03-17 15:25:00+05:30
116.3,120.68,114.6,120.2,42044.0,1773805500.0,2026-03-18 09:15:00+05:30
120.2,120.2,118.9,118.9,13102.0,1773805800.0,2026-03-18 09:20:00+05:30
119.11,119.39,118.77,119.39,3502.0,1773806100.0,2026-03-18 09:25:00+05:30
119.5,119.65,119.11,119.28,4044.0,1773806400.0,2026-03-18 09:30:00+05:30
119.45,119.7,119.28,119.28,7254.0,1773806700.0,2026-03-18 09:35:00+05:30
119.2,119.61,119.2,119.37,3757.0,1773807000.0,2026-03-18 09:40:00+05:30
119.44,119.5,118.93,119.1,3576.0,1773807300.0,2026-03-18 09:45:00+05:30
119.69,119.73,119.3,119.3,3433.0,1773807600.0,2026-03-18 09:50:00+05:30
119.32,119.32,119.0,119.02,1903.0,1773807900.0,2026-03-18 09:55:00+05:30
119.02,119.33,118.7,118.87,2946.0,1773808200.0,2026-03-18 10:00:00+05:30
118.75,118.75,118.21,118.41,2705.0,1773808500.0,2026-03-18 10:05:00+05:30
118.39,118.7,118.37,118.7,762.0,1773808800.0,2026-03-18 10:10:00+05:30
118.7,119.41,118.7,119.24,1292.0,1773809100.0,2026-03-18 10:15:00+05:30
119.24,119.24,118.7,119.0,1962.0,1773809400.0,2026-03-18 10:20:00+05:30
119.11,119.27,118.94,119.21,1936.0,1773809700.0,2026-03-18 10:25:00+05:30
119.11,119.11,118.85,118.93,4948.0,1773810000.0,2026-03-18 10:30:00+05:30
118.79,118.93,118.73,118.73,2800.0,1773810300.0,2026-03-18 10:35:00+05:30
118.79,118.98,118.65,118.65,276.0,1773810600.0,2026-03-18 10:40:00+05:30
118.69,119.0,118.69,118.79,4171.0,1773810900.0,2026-03-18 10:45:00+05:30
118.8,118.99,118.75,118.99,792.0,1773811200.0,2026-03-18 10:50:00+05:30
118.81,119.02,118.8,118.85,316.0,1773811500.0,2026-03-18 10:55:00+05:30
119.0,119.0,118.72,118.76,4063.0,1773811800.0,2026-03-18 11:00:00+05:30
118.99,118.99,118.61,118.76,852.0,1773812100.0,2026-03-18 11:05:00+05:30
118.71,118.76,118.71,118.76,264.0,1773812400.0,2026-03-18 11:10:00+05:30
118.76,118.97,118.72,118.91,238.0,1773812700.0,2026-03-18 11:15:00+05:30
118.62,118.75,118.62,118.75,2302.0,1773813000.0,2026-03-18 11:20:00+05:30
118.75,118.79,118.62,118.75,413.0,1773813300.0,2026-03-18 11:25:00+05:30
118.75,118.75,118.63,118.63,50.0,1773813600.0,2026-03-18 11:30:00+05:30
118.63,118.75,118.63,118.63,1441.0,1773813900.0,2026-03-18 11:35:00+05:30
118.63,118.69,118.6,118.69,3279.0,1773814200.0,2026-03-18 11:40:00+05:30
118.69,118.93,118.68,118.72,371.0,1773814500.0,2026-03-18 11:45:00+05:30
118.62,118.88,118.62,118.72,431.0,1773814800.0,2026-03-18 11:50:00+05:30
118.96,118.96,118.63,118.63,767.0,1773815100.0,2026-03-18 11:55:00+05:30
118.66,118.8,118.66,118.8,590.0,1773815400.0,2026-03-18 12:00:00+05:30
118.9,118.9,118.54,118.65,704.0,1773815700.0,2026-03-18 12:05:00+05:30
118.7,118.83,118.33,118.41,7027.0,1773816000.0,2026-03-18 12:10:00+05:30
118.41,118.64,118.37,118.64,710.0,1773816300.0,2026-03-18 12:15:00+05:30
118.71,118.71,118.66,118.66,590.0,1773816600.0,2026-03-18 12:20:00+05:30
118.66,118.66,118.43,118.57,259.0,1773816900.0,2026-03-18 12:25:00+05:30
118.41,118.65,118.4,118.65,584.0,1773817200.0,2026-03-18 12:30:00+05:30
118.81,118.9,118.4,118.4,621.0,1773817500.0,2026-03-18 12:35:00+05:30
118.4,118.77,118.4,118.77,1404.0,1773817800.0,2026-03-18 12:40:00+05:30
118.77,118.85,118.7,118.7,266.0,1773818100.0,2026-03-18 12:45:00+05:30
118.71,118.85,118.7,118.76,1910.0,1773818400.0,2026-03-18 12:50:00+05:30
118.85,118.89,118.66,118.89,558.0,1773818700.0,2026-03-18 12:55:00+05:30
118.89,118.89,118.73,118.89,442.0,1773819000.0,2026-03-18 13:00:00+05:30
118.89,118.89,118.47,118.51,4907.0,1773819300.0,2026-03-18 13:05:00+05:30
118.66,118.84,118.48,118.71,881.0,1773819600.0,2026-03-18 13:10:00+05:30
118.85,118.88,118.73,118.88,330.0,1773819900.0,2026-03-18 13:15:00+05:30
118.72,118.89,118.64,118.64,15015.0,1773820200.0,2026-03-18 13:20:00+05:30
118.67,118.67,118.33,118.55,7312.0,1773820500.0,2026-03-18 13:25:00+05:30
118.4,118.65,118.4,118.65,490.0,1773820800.0,2026-03-18 13:30:00+05:30
118.52,118.78,118.52,118.78,932.0,1773821100.0,2026-03-18 13:35:00+05:30
118.83,118.97,118.78,118.94,2675.0,1773821400.0,2026-03-18 13:40:00+05:30
118.94,118.94,118.93,118.93,470.0,1773821700.0,2026-03-18 13:45:00+05:30
118.93,118.93,118.8,118.8,413.0,1773822000.0,2026-03-18 13:50:00+05:30
118.79,118.92,118.79,118.8,406.0,1773822300.0,2026-03-18 13:55:00+05:30
118.8,118.83,118.8,118.83,377.0,1773822600.0,2026-03-18 14:00:00+05:30
118.82,118.82,118.75,118.82,248.0,1773822900.0,2026-03-18 14:05:00+05:30
118.79,118.82,118.7,118.82,700.0,1773823200.0,2026-03-18 14:10:00+05:30
118.82,118.97,118.82,118.96,764.0,1773823500.0,2026-03-18 14:15:00+05:30
118.96,118.96,118.71,118.71,608.0,1773823800.0,2026-03-18 14:20:00+05:30
118.71,118.83,118.62,118.72,5184.0,1773824100.0,2026-03-18 14:25:00+05:30
118.72,118.96,118.68,118.68,3156.0,1773824400.0,2026-03-18 14:30:00+05:30
118.78,118.78,118.37,118.37,6499.0,1773824700.0,2026-03-18 14:35:00+05:30
118.36,118.37,118.33,118.33,453.0,1773825000.0,2026-03-18 14:40:00+05:30
118.33,118.33,118.21,118.23,660.0,1773825300.0,2026-03-18 14:45:00+05:30
118.26,118.48,118.23,118.4,1556.0,1773825600.0,2026-03-18 14:50:00+05:30
118.4,118.89,118.4,118.89,2810.0,1773825900.0,2026-03-18 14:55:00+05:30
118.88,118.88,118.75,118.76,831.0,1773826200.0,2026-03-18 15:00:00+05:30
118.88,118.99,118.76,118.92,5139.0,1773826500.0,2026-03-18 15:05:00+05:30
118.92,118.92,118.79,118.89,2901.0,1773826800.0,2026-03-18 15:10:00+05:30
118.81,118.99,118.81,118.98,8437.0,1773827100.0,2026-03-18 15:15:00+05:30
118.95,118.99,118.83,118.84,3652.0,1773827400.0,2026-03-18 15:20:00+05:30
118.83,118.84,118.0,118.7,6438.0,1773827700.0,2026-03-18 15:25:00+05:30
115.0,117.83,114.79,116.1,11289.0,1773891900.0,2026-03-19 09:15:00+05:30
116.08,116.6,116.06,116.6,4467.0,1773892200.0,2026-03-19 09:20:00+05:30
116.55,116.9,116.49,116.55,3626.0,1773892500.0,2026-03-19 09:25:00+05:30
116.7,118.0,116.27,118.0,5214.0,1773892800.0,2026-03-19 09:30:00+05:30
118.25,118.25,117.9,118.25,1560.0,1773893100.0,2026-03-19 09:35:00+05:30
118.3,118.94,118.2,118.7,13099.0,1773893400.0,2026-03-19 09:40:00+05:30
118.73,118.94,118.56,118.6,4292.0,1773893700.0,2026-03-19 09:45:00+05:30
118.6,118.85,118.58,118.68,2292.0,1773894000.0,2026-03-19 09:50:00+05:30
118.68,119.31,118.22,118.75,30367.0,1773894300.0,2026-03-19 09:55:00+05:30
118.82,118.95,118.79,118.8,1464.0,1773894600.0,2026-03-19 10:00:00+05:30
118.8,119.17,118.75,119.17,1531.0,1773894900.0,2026-03-19 10:05:00+05:30
119.15,119.31,119.0,119.13,1197.0,1773895200.0,2026-03-19 10:10:00+05:30
119.22,119.24,119.03,119.24,4729.0,1773895500.0,2026-03-19 10:15:00+05:30
119.09,119.3,119.09,119.1,1224.0,1773895800.0,2026-03-19 10:20:00+05:30
119.13,119.3,119.13,119.18,425.0,1773896100.0,2026-03-19 10:25:00+05:30
119.15,119.35,119.08,119.16,1871.0,1773896400.0,2026-03-19 10:30:00+05:30
119.3,119.47,119.09,119.47,4164.0,1773896700.0,2026-03-19 10:35:00+05:30
119.46,119.46,119.35,119.42,814.0,1773897000.0,2026-03-19 10:40:00+05:30
119.42,119.42,119.17,119.35,929.0,1773897300.0,2026-03-19 10:45:00+05:30
119.28,119.6,119.28,119.5,7012.0,1773897600.0,2026-03-19 10:50:00+05:30
119.55,119.55,119.39,119.47,386.0,1773897900.0,2026-03-19 10:55:00+05:30
119.47,119.58,119.4,119.54,2515.0,1773898200.0,2026-03-19 11:00:00+05:30
119.5,119.99,119.5,119.79,4040.0,1773898500.0,2026-03-19 11:05:00+05:30
119.79,119.79,119.66,119.66,124.0,1773898800.0,2026-03-19 11:10:00+05:30
119.89,120.35,119.71,120.02,14608.0,1773899100.0,2026-03-19 11:15:00+05:30
120.16,120.39,120.0,120.0,3742.0,1773899400.0,2026-03-19 11:20:00+05:30
120.05,120.26,120.05,120.24,2212.0,1773899700.0,2026-03-19 11:25:00+05:30
120.27,120.9,120.11,120.71,5083.0,1773900000.0,2026-03-19 11:30:00+05:30
120.71,120.87,120.36,120.6,6902.0,1773900300.0,2026-03-19 11:35:00+05:30
120.6,120.6,120.4,120.42,2002.0,1773900600.0,2026-03-19 11:40:00+05:30
120.42,120.6,120.4,120.4,1719.0,1773900900.0,2026-03-19 11:45:00+05:30
120.4,120.6,120.24,120.5,2567.0,1773901200.0,2026-03-19 11:50:00+05:30
120.6,121.6,120.51,121.13,15865.0,1773901500.0,2026-03-19 11:55:00+05:30
121.3,121.3,120.92,120.97,1247.0,1773901800.0,2026-03-19 12:00:00+05:30
120.68,120.68,120.24,120.24,1900.0,1773902100.0,2026-03-19 12:05:00+05:30
120.4,121.27,120.4,121.17,5532.0,1773902400.0,2026-03-19 12:10:00+05:30
121.12,121.37,120.84,121.37,4880.0,1773902700.0,2026-03-19 12:15:00+05:30
121.34,121.34,120.32,120.52,4609.0,1773903000.0,2026-03-19 12:20:00+05:30
120.48,120.86,120.38,120.38,7944.0,1773903300.0,2026-03-19 12:25:00+05:30
120.38,120.79,120.35,120.63,867.0,1773903600.0,2026-03-19 12:30:00+05:30
120.63,120.7,120.6,120.68,518.0,1773903900.0,2026-03-19 12:35:00+05:30
120.61,120.61,120.4,120.4,1874.0,1773904200.0,2026-03-19 12:40:00+05:30
120.3,120.3,120.0,120.0,14781.0,1773904500.0,2026-03-19 12:45:00+05:30
120.2,120.2,119.85,119.85,1380.0,1773904800.0,2026-03-19 12:50:00+05:30
120.0,120.06,119.84,119.84,1010.0,1773905100.0,2026-03-19 12:55:00+05:30
119.99,120.04,119.94,119.94,1791.0,1773905400.0,2026-03-19 13:00:00+05:30
119.94,120.06,119.94,120.06,334.0,1773905700.0,2026-03-19 13:05:00+05:30
120.06,120.2,119.96,120.2,1426.0,1773906000.0,2026-03-19 13:10:00+05:30
120.2,120.2,119.89,119.95,2204.0,1773906300.0,2026-03-19 13:15:00+05:30
119.77,120.0,119.76,119.76,2110.0,1773906600.0,2026-03-19 13:20:00+05:30
120.05,120.07,119.86,120.07,1177.0,1773906900.0,2026-03-19 13:25:00+05:30
120.1,120.12,119.88,120.08,1031.0,1773907200.0,2026-03-19 13:30:00+05:30
120.08,120.13,119.92,119.92,253.0,1773907500.0,2026-03-19 13:35:00+05:30
120.18,120.18,119.87,120.06,2479.0,1773907800.0,2026-03-19 13:40:00+05:30
120.06,120.06,120.0,120.0,525.0,1773908100.0,2026-03-19 13:45:00+05:30
120.1,120.11,119.94,120.0,1880.0,1773908400.0,2026-03-19 13:50:00+05:30
119.98,120.12,119.86,119.86,3655.0,1773908700.0,2026-03-19 13:55:00+05:30
119.97,120.05,119.85,119.99,1617.0,1773909000.0,2026-03-19 14:00:00+05:30
120.0,120.0,119.87,119.96,1565.0,1773909300.0,2026-03-19 14:05:00+05:30
120.0,120.0,119.6,120.0,19192.0,1773909600.0,2026-03-19 14:10:00+05:30
119.84,120.11,119.84,120.05,792.0,1773909900.0,2026-03-19 14:15:00+05:30
120.05,120.06,119.44,120.0,28418.0,1773910200.0,2026-03-19 14:20:00+05:30
119.78,120.06,119.78,120.0,1475.0,1773910500.0,2026-03-19 14:25:00+05:30
119.85,120.06,119.8,119.9,5935.0,1773910800.0,2026-03-19 14:30:00+05:30
119.93,120.08,119.63,120.08,3193.0,1773911100.0,2026-03-19 14:35:00+05:30
119.81,120.08,119.69,120.05,3158.0,1773911400.0,2026-03-19 14:40:00+05:30
120.03,120.04,119.78,120.0,5794.0,1773911700.0,2026-03-19 14:45:00+05:30
120.0,120.06,119.86,120.0,4427.0,1773912000.0,2026-03-19 14:50:00+05:30
119.72,119.94,117.51,117.63,24179.0,1773912300.0,2026-03-19 14:55:00+05:30
117.9,117.9,117.49,117.52,1032.0,1773912600.0,2026-03-19 15:00:00+05:30
117.68,117.89,117.51,117.86,3026.0,1773912900.0,2026-03-19 15:05:00+05:30
117.86,117.86,117.0,117.63,14074.0,1773913200.0,2026-03-19 15:10:00+05:30
117.6,120.1,117.5,120.1,52252.0,1773913500.0,2026-03-19 15:15:00+05:30
120.01,120.14,119.13,120.09,29668.0,1773913800.0,2026-03-19 15:20:00+05:30
119.57,120.99,119.57,120.69,17114.0,1773914100.0,2026-03-19 15:25:00+05:30
119.37,120.89,118.71,120.56,12488.0,1773978300.0,2026-03-20 09:15:00+05:30
120.56,120.56,119.61,119.88,5326.0,1773978600.0,2026-03-20 09:20:00+05:30
119.9,120.13,119.76,119.76,2475.0,1773978900.0,2026-03-20 09:25:00+05:30
119.6,119.77,119.36,119.4,2768.0,1773979200.0,2026-03-20 09:30:00+05:30
119.4,119.63,119.4,119.63,2338.0,1773979500.0,2026-03-20 09:35:00+05:30
119.4,119.73,119.35,119.5,4210.0,1773979800.0,2026-03-20 09:40:00+05:30
119.49,119.49,119.08,119.17,7556.0,1773980100.0,2026-03-20 09:45:00+05:30
119.15,119.33,119.05,119.05,3707.0,1773980400.0,2026-03-20 09:50:00+05:30
119.21,119.53,119.08,119.33,246.0,1773980700.0,2026-03-20 09:55:00+05:30
119.46,119.46,119.16,119.36,197.0,1773981000.0,2026-03-20 10:00:00+05:30
119.36,119.36,119.3,119.3,403.0,1773981300.0,2026-03-20 10:05:00+05:30
119.3,119.3,119.07,119.3,801.0,1773981600.0,2026-03-20 10:10:00+05:30
119.44,119.44,119.11,119.11,516.0,1773981900.0,2026-03-20 10:15:00+05:30
119.12,119.27,119.05,119.05,315.0,1773982200.0,2026-03-20 10:20:00+05:30
119.05,119.05,118.81,118.99,3274.0,1773982500.0,2026-03-20 10:25:00+05:30
118.99,118.99,118.81,118.81,21.0,1773982800.0,2026-03-20 10:30:00+05:30
118.81,118.98,118.81,118.95,491.0,1773983100.0,2026-03-20 10:35:00+05:30
118.95,118.95,118.95,118.95,200.0,1773983400.0,2026-03-20 10:40:00+05:30
118.95,119.44,118.95,119.42,2672.0,1773983700.0,2026-03-20 10:45:00+05:30
119.5,119.53,119.5,119.53,300.0,1773984000.0,2026-03-20 10:50:00+05:30
119.53,119.53,119.35,119.45,786.0,1773984300.0,2026-03-20 10:55:00+05:30
119.45,119.54,119.39,119.4,173.0,1773984600.0,2026-03-20 11:00:00+05:30
119.4,119.52,119.4,119.52,26.0,1773984900.0,2026-03-20 11:05:00+05:30
119.54,119.69,119.52,119.61,357.0,1773985200.0,2026-03-20 11:10:00+05:30
119.61,119.87,119.61,119.85,219.0,1773985500.0,2026-03-20 11:15:00+05:30
119.9,120.56,119.87,120.06,8793.0,1773985800.0,2026-03-20 11:20:00+05:30
120.19,120.19,120.0,120.0,992.0,1773986100.0,2026-03-20 11:25:00+05:30
120.0,120.13,119.98,120.13,1513.0,1773986400.0,2026-03-20 11:30:00+05:30
120.0,120.0,119.96,120.0,335.0,1773986700.0,2026-03-20 11:35:00+05:30
120.0,120.0,119.67,119.69,571.0,1773987000.0,2026-03-20 11:40:00+05:30
119.69,119.69,119.57,119.67,203.0,1773987300.0,2026-03-20 11:45:00+05:30
119.81,119.81,119.26,119.26,2363.0,1773987600.0,2026-03-20 11:50:00+05:30
119.26,119.42,119.12,119.12,1064.0,1773987900.0,2026-03-20 11:55:00+05:30
119.14,119.24,119.04,119.24,315.0,1773988200.0,2026-03-20 12:00:00+05:30
119.24,119.24,118.97,118.97,1116.0,1773988500.0,2026-03-20 12:05:00+05:30
118.87,118.87,118.71,118.71,192.0,1773988800.0,2026-03-20 12:10:00+05:30
118.73,118.73,117.7,117.86,4293.0,1773989100.0,2026-03-20 12:15:00+05:30
117.79,117.84,117.6,117.6,2002.0,1773989400.0,2026-03-20 12:20:00+05:30
117.6,117.86,117.6,117.86,193.0,1773989700.0,2026-03-20 12:25:00+05:30
117.86,117.94,117.31,117.53,5546.0,1773990000.0,2026-03-20 12:30:00+05:30
117.59,117.71,117.39,117.66,185.0,1773990300.0,2026-03-20 12:35:00+05:30
117.66,117.66,117.66,117.66,0.0,1773990600.0,2026-03-20 12:40:00+05:30
117.84,117.84,117.64,117.84,498.0,1773990900.0,2026-03-20 12:45:00+05:30
117.84,117.84,117.78,117.8,40.0,1773991200.0,2026-03-20 12:50:00+05:30
117.8,118.13,117.8,117.9,1387.0,1773991500.0,2026-03-20 12:55:00+05:30
117.65,117.89,117.65,117.89,591.0,1773991800.0,2026-03-20 13:00:00+05:30
117.89,117.92,117.65,117.92,568.0,1773992100.0,2026-03-20 13:05:00+05:30
117.92,117.92,117.64,117.92,952.0,1773992400.0,2026-03-20 13:10:00+05:30
117.8,117.88,117.8,117.88,3.0,1773992700.0,2026-03-20 13:15:00+05:30
117.8,117.8,117.75,117.75,305.0,1773993000.0,2026-03-20 13:20:00+05:30
117.75,117.8,117.75,117.8,50.0,1773993300.0,2026-03-20 13:25:00+05:30
117.81,117.81,117.81,117.81,100.0,1773993600.0,2026-03-20 13:30:00+05:30
117.81,118.0,117.81,118.0,22.0,1773993900.0,2026-03-20 13:35:00+05:30
118.0,118.0,117.8,117.93,327.0,1773994200.0,2026-03-20 13:40:00+05:30
117.91,117.92,117.91,117.92,30.0,1773994500.0,2026-03-20 13:45:00+05:30
117.81,117.9,117.68,117.68,1100.0,1773994800.0,2026-03-20 13:50:00+05:30
117.68,117.68,117.68,117.68,198.0,1773995100.0,2026-03-20 13:55:00+05:30
117.64,117.76,117.64,117.64,106.0,1773995400.0,2026-03-20 14:00:00+05:30
117.64,117.76,117.47,117.47,1416.0,1773995700.0,2026-03-20 14:05:00+05:30
117.4,117.71,117.37,117.41,1036.0,1773996000.0,2026-03-20 14:10:00+05:30
117.41,117.63,117.41,117.63,260.0,1773996300.0,2026-03-20 14:15:00+05:30
117.6,117.75,117.6,117.75,1178.0,1773996600.0,2026-03-20 14:20:00+05:30
117.75,117.75,117.47,117.51,467.0,1773996900.0,2026-03-20 14:25:00+05:30
117.51,117.51,117.51,117.51,120.0,1773997200.0,2026-03-20 14:30:00+05:30
117.41,117.5,117.01,117.5,3291.0,1773997500.0,2026-03-20 14:35:00+05:30
117.15,117.44,117.15,117.44,1257.0,1773997800.0,2026-03-20 14:40:00+05:30
117.44,117.47,117.29,117.29,67.0,1773998100.0,2026-03-20 14:45:00+05:30
117.47,117.7,117.47,117.7,1295.0,1773998400.0,2026-03-20 14:50:00+05:30
117.72,117.9,117.4,117.43,1040.0,1773998700.0,2026-03-20 14:55:00+05:30
117.43,117.43,117.23,117.23,476.0,1773999000.0,2026-03-20 15:00:00+05:30
117.23,118.08,117.01,118.08,7185.0,1773999300.0,2026-03-20 15:05:00+05:30
118.09,118.93,118.02,118.67,4971.0,1773999600.0,2026-03-20 15:10:00+05:30
118.9,118.9,115.1,117.21,58052.0,1773999900.0,2026-03-20 15:15:00+05:30
117.26,117.82,117.11,117.62,2967.0,1774000200.0,2026-03-20 15:20:00+05:30
117.62,118.9,116.55,118.9,22472.0,1774000500.0,2026-03-20 15:25:00+05:30
116.1,116.37,114.27,114.68,24460.0,1774237500.0,2026-03-23 09:15:00+05:30
114.64,116.28,114.5,115.79,8759.0,1774237800.0,2026-03-23 09:20:00+05:30
115.79,116.13,115.38,115.38,3294.0,1774238100.0,2026-03-23 09:25:00+05:30
115.38,115.64,115.05,115.57,5249.0,1774238400.0,2026-03-23 09:30:00+05:30
115.63,115.9,115.47,115.47,1268.0,1774238700.0,2026-03-23 09:35:00+05:30
115.23,115.37,114.85,115.2,7488.0,1774239000.0,2026-03-23 09:40:00+05:30
115.35,115.59,115.17,115.46,1898.0,1774239300.0,2026-03-23 09:45:00+05:30
115.45,115.99,115.04,115.56,5131.0,1774239600.0,2026-03-23 09:50:00+05:30
115.78,116.0,115.32,115.59,5541.0,1774239900.0,2026-03-23 09:55:00+05:30
115.64,115.8,115.0,115.72,13526.0,1774240200.0,2026-03-23 10:00:00+05:30
115.71,115.73,115.0,115.25,2111.0,1774240500.0,2026-03-23 10:05:00+05:30
115.29,115.29,114.78,114.91,5192.0,1774240800.0,2026-03-23 10:10:00+05:30
114.82,115.0,114.82,115.0,339.0,1774241100.0,2026-03-23 10:15:00+05:30
114.97,115.14,114.88,115.02,934.0,1774241400.0,2026-03-23 10:20:00+05:30
114.95,114.99,114.5,114.5,4550.0,1774241700.0,2026-03-23 10:25:00+05:30
114.5,114.86,114.43,114.65,2188.0,1774242000.0,2026-03-23 10:30:00+05:30
114.81,115.06,114.81,114.95,1964.0,1774242300.0,2026-03-23 10:35:00+05:30
115.04,115.04,114.89,114.98,1988.0,1774242600.0,2026-03-23 10:40:00+05:30
115.09,115.2,114.89,115.07,1052.0,1774242900.0,2026-03-23 10:45:00+05:30
115.1,115.12,114.0,114.41,10724.0,1774243200.0,2026-03-23 10:50:00+05:30
114.18,114.39,114.1,114.35,1185.0,1774243500.0,2026-03-23 10:55:00+05:30
114.37,114.42,114.09,114.09,717.0,1774243800.0,2026-03-23 11:00:00+05:30
114.29,114.88,114.2,114.56,1232.0,1774244100.0,2026-03-23 11:05:00+05:30
114.69,114.69,114.33,114.33,845.0,1774244400.0,2026-03-23 11:10:00+05:30
114.33,114.55,114.23,114.36,631.0,1774244700.0,2026-03-23 11:15:00+05:30
114.36,114.44,114.36,114.43,48.0,1774245000.0,2026-03-23 11:20:00+05:30
114.11,114.41,114.11,114.31,1243.0,1774245300.0,2026-03-23 11:25:00+05:30
114.47,114.59,114.0,114.0,8482.0,1774245600.0,2026-03-23 11:30:00+05:30
114.13,114.32,114.13,114.3,577.0,1774245900.0,2026-03-23 11:35:00+05:30
114.36,114.54,114.16,114.16,502.0,1774246200.0,2026-03-23 11:40:00+05:30
114.28,114.28,113.82,114.13,5914.0,1774246500.0,2026-03-23 11:45:00+05:30
114.13,114.44,114.13,114.44,66.0,1774246800.0,2026-03-23 11:50:00+05:30
114.32,114.72,114.32,114.52,886.0,1774247100.0,2026-03-23 11:55:00+05:30
114.52,114.86,114.52,114.68,744.0,1774247400.0,2026-03-23 12:00:00+05:30
114.66,114.66,114.35,114.52,640.0,1774247700.0,2026-03-23 12:05:00+05:30
114.77,114.77,114.39,114.39,393.0,1774248000.0,2026-03-23 12:10:00+05:30
114.5,114.5,113.56,113.92,2532.0,1774248300.0,2026-03-23 12:15:00+05:30
113.92,113.92,113.62,113.69,657.0,1774248600.0,2026-03-23 12:20:00+05:30
113.57,114.28,113.57,114.1,2146.0,1774248900.0,2026-03-23 12:25:00+05:30
114.27,114.28,114.04,114.1,249.0,1774249200.0,2026-03-23 12:30:00+05:30
114.1,114.32,114.1,114.13,504.0,1774249500.0,2026-03-23 12:35:00+05:30
114.0,114.16,113.84,113.84,2274.0,1774249800.0,2026-03-23 12:40:00+05:30
113.84,114.08,113.84,114.08,824.0,1774250100.0,2026-03-23 12:45:00+05:30
113.95,114.04,113.36,113.74,4458.0,1774250400.0,2026-03-23 12:50:00+05:30
113.67,113.83,113.07,113.07,3170.0,1774250700.0,2026-03-23 12:55:00+05:30
113.62,113.62,113.11,113.2,938.0,1774251000.0,2026-03-23 13:00:00+05:30
113.06,113.54,111.0,112.58,30142.0,1774251300.0,2026-03-23 13:05:00+05:30
112.78,112.86,112.35,112.55,3161.0,1774251600.0,2026-03-23 13:10:00+05:30
112.61,112.87,112.53,112.87,1445.0,1774251900.0,2026-03-23 13:15:00+05:30
112.59,112.63,112.37,112.46,5593.0,1774252200.0,2026-03-23 13:20:00+05:30
112.46,112.62,112.27,112.62,3806.0,1774252500.0,2026-03-23 13:25:00+05:30
112.74,112.87,112.63,112.63,1412.0,1774252800.0,2026-03-23 13:30:00+05:30
112.3,113.19,112.3,113.19,2643.0,1774253100.0,2026-03-23 13:35:00+05:30
113.11,113.34,112.5,113.34,3938.0,1774253400.0,2026-03-23 13:40:00+05:30
113.34,113.5,113.31,113.45,350.0,1774253700.0,2026-03-23 13:45:00+05:30
113.45,113.5,113.41,113.41,497.0,1774254000.0,2026-03-23 13:50:00+05:30
113.65,113.7,113.28,113.62,4716.0,1774254300.0,2026-03-23 13:55:00+05:30
113.5,113.63,113.42,113.63,668.0,1774254600.0,2026-03-23 14:00:00+05:30
113.62,113.74,113.5,113.53,4774.0,1774254900.0,2026-03-23 14:05:00+05:30
113.53,113.85,113.53,113.73,675.0,1774255200.0,2026-03-23 14:10:00+05:30
113.58,113.75,113.58,113.65,727.0,1774255500.0,2026-03-23 14:15:00+05:30
113.87,113.97,113.8,113.8,866.0,1774255800.0,2026-03-23 14:20:00+05:30
113.7,113.7,113.45,113.6,1146.0,1774256100.0,2026-03-23 14:25:00+05:30
113.48,113.63,113.32,113.37,1477.0,1774256400.0,2026-03-23 14:30:00+05:30
113.37,113.56,113.37,113.44,1127.0,1774256700.0,2026-03-23 14:35:00+05:30
113.43,113.74,113.18,113.55,1957.0,1774257000.0,2026-03-23 14:40:00+05:30
113.52,113.52,113.23,113.27,1231.0,1774257300.0,2026-03-23 14:45:00+05:30
113.27,113.37,113.0,113.0,2981.0,1774257600.0,2026-03-23 14:50:00+05:30
113.0,113.3,113.0,113.3,1186.0,1774257900.0,2026-03-23 14:55:00+05:30
113.3,113.3,112.82,113.0,2107.0,1774258200.0,2026-03-23 15:00:00+05:30
113.0,113.0,112.76,112.76,3509.0,1774258500.0,2026-03-23 15:05:00+05:30
112.76,112.8,112.71,112.79,3544.0,1774258800.0,2026-03-23 15:10:00+05:30
112.73,112.79,112.72,112.78,3898.0,1774259100.0,2026-03-23 15:15:00+05:30
112.78,112.82,112.36,112.39,18952.0,1774259400.0,2026-03-23 15:20:00+05:30
112.49,112.79,112.0,112.2,10573.0,1774259700.0,2026-03-23 15:25:00+05:30
114.31,119.9,113.08,115.95,13194.0,1774323900.0,2026-03-24 09:15:00+05:30
115.0,116.76,114.81,115.93,9337.0,1774324200.0,2026-03-24 09:20:00+05:30
115.99,117.2,115.47,116.87,8254.0,1774324500.0,2026-03-24 09:25:00+05:30
117.12,117.12,115.58,115.96,33197.0,1774324800.0,2026-03-24 09:30:00+05:30
115.96,116.38,115.01,115.01,19732.0,1774325100.0,2026-03-24 09:35:00+05:30
114.75,114.95,114.5,114.6,2200.0,1774325400.0,2026-03-24 09:40:00+05:30
114.5,114.66,114.34,114.55,1570.0,1774325700.0,2026-03-24 09:45:00+05:30
114.52,114.56,113.52,114.2,4881.0,1774326000.0,2026-03-24 09:50:00+05:30
114.33,115.16,114.31,114.9,3530.0,1774326300.0,2026-03-24 09:55:00+05:30
114.9,114.9,114.0,114.0,3080.0,1774326600.0,2026-03-24 10:00:00+05:30
114.09,114.32,113.85,113.85,1410.0,1774326900.0,2026-03-24 10:05:00+05:30
113.8,114.05,113.34,114.0,1184.0,1774327200.0,2026-03-24 10:10:00+05:30
114.02,114.45,113.37,114.45,1208.0,1774327500.0,2026-03-24 10:15:00+05:30
114.4,114.49,114.0,114.49,1641.0,1774327800.0,2026-03-24 10:20:00+05:30
114.53,114.67,114.0,114.37,1768.0,1774328100.0,2026-03-24 10:25:00+05:30
114.2,114.6,114.2,114.2,2925.0,1774328400.0,2026-03-24 10:30:00+05:30
112.22,112.96,112.2,112.85,36566.0,1774328700.0,2026-03-24 10:35:00+05:30
112.88,112.96,112.63,112.96,5406.0,1774329000.0,2026-03-24 10:40:00+05:30
112.93,113.55,112.55,113.55,29013.0,1774329300.0,2026-03-24 10:45:00+05:30
113.0,113.3,112.44,113.1,9897.0,1774329600.0,2026-03-24 10:50:00+05:30
113.15,113.4,112.99,113.04,8655.0,1774329900.0,2026-03-24 10:55:00+05:30
113.22,113.79,113.19,113.35,4410.0,1774330200.0,2026-03-24 11:00:00+05:30
113.35,113.56,113.3,113.3,471.0,1774330500.0,2026-03-24 11:05:00+05:30
113.4,113.4,113.24,113.24,2925.0,1774330800.0,2026-03-24 11:10:00+05:30
113.45,116.0,113.45,115.7,67284.0,1774331100.0,2026-03-24 11:15:00+05:30
115.37,115.44,115.21,115.35,4682.0,1774331400.0,2026-03-24 11:20:00+05:30
115.46,115.46,114.57,114.57,14472.0,1774331700.0,2026-03-24 11:25:00+05:30
114.44,114.89,114.44,114.89,8538.0,1774332000.0,2026-03-24 11:30:00+05:30
115.03,115.12,114.71,114.99,1869.0,1774332300.0,2026-03-24 11:35:00+05:30
114.66,114.71,114.66,114.71,2555.0,1774332600.0,2026-03-24 11:40:00+05:30
114.82,115.14,114.81,114.91,1707.0,1774332900.0,2026-03-24 11:45:00+05:30
114.87,115.0,114.57,114.57,745.0,1774333200.0,2026-03-24 11:50:00+05:30
114.56,114.82,114.35,114.57,5190.0,1774333500.0,2026-03-24 11:55:00+05:30
115.01,115.01,114.71,114.9,3253.0,1774333800.0,2026-03-24 12:00:00+05:30
114.73,114.89,114.35,114.6,5720.0,1774334100.0,2026-03-24 12:05:00+05:30
114.6,114.69,114.13,114.32,4605.0,1774334400.0,2026-03-24 12:10:00+05:30
114.32,114.59,114.32,114.36,1081.0,1774334700.0,2026-03-24 12:15:00+05:30
114.36,114.6,114.07,114.6,1718.0,1774335000.0,2026-03-24 12:20:00+05:30
114.6,114.81,114.6,114.79,104.0,1774335300.0,2026-03-24 12:25:00+05:30
114.78,114.92,114.48,114.73,4525.0,1774335600.0,2026-03-24 12:30:00+05:30
114.92,115.55,114.92,115.54,5881.0,1774335900.0,2026-03-24 12:35:00+05:30
115.26,115.4,115.04,115.17,1234.0,1774336200.0,2026-03-24 12:40:00+05:30
115.17,115.19,114.98,115.0,2576.0,1774336500.0,2026-03-24 12:45:00+05:30
115.0,115.49,115.0,115.48,2699.0,1774336800.0,2026-03-24 12:50:00+05:30
115.3,115.41,115.05,115.31,2668.0,1774337100.0,2026-03-24 12:55:00+05:30
115.32,115.35,115.08,115.08,339.0,1774337400.0,2026-03-24 13:00:00+05:30
115.0,115.41,115.0,115.33,2101.0,1774337700.0,2026-03-24 13:05:00+05:30
115.35,116.1,115.35,115.78,1892.0,1774338000.0,2026-03-24 13:10:00+05:30
115.78,115.88,115.67,115.8,650.0,1774338300.0,2026-03-24 13:15:00+05:30
115.66,115.95,115.6,115.84,2922.0,1774338600.0,2026-03-24 13:20:00+05:30
115.94,116.26,115.94,116.1,26248.0,1774338900.0,2026-03-24 13:25:00+05:30
116.1,116.1,115.69,115.69,6710.0,1774339200.0,2026-03-24 13:30:00+05:30
115.83,115.89,115.49,115.49,3153.0,1774339500.0,2026-03-24 13:35:00+05:30
115.78,116.0,115.78,115.87,6120.0,1774339800.0,2026-03-24 13:40:00+05:30
115.87,116.09,115.01,115.01,7904.0,1774340100.0,2026-03-24 13:45:00+05:30
115.34,115.68,115.16,115.5,7425.0,1774340400.0,2026-03-24 13:50:00+05:30
115.4,115.45,115.21,115.44,5857.0,1774340700.0,2026-03-24 13:55:00+05:30
115.4,115.72,115.4,115.52,764.0,1774341000.0,2026-03-24 14:00:00+05:30
115.52,115.52,115.33,115.52,1782.0,1774341300.0,2026-03-24 14:05:00+05:30
115.43,115.52,115.36,115.49,811.0,1774341600.0,2026-03-24 14:10:00+05:30
115.51,115.89,115.51,115.89,2775.0,1774341900.0,2026-03-24 14:15:00+05:30
115.9,115.9,115.59,115.83,1901.0,1774342200.0,2026-03-24 14:20:00+05:30
115.66,115.98,115.66,115.95,467.0,1774342500.0,2026-03-24 14:25:00+05:30
115.83,115.98,115.83,115.86,873.0,1774342800.0,2026-03-24 14:30:00+05:30
115.85,116.0,115.58,115.58,1749.0,1774343100.0,2026-03-24 14:35:00+05:30
115.4,115.75,115.4,115.75,713.0,1774343400.0,2026-03-24 14:40:00+05:30
115.77,115.78,115.4,115.6,1291.0,1774343700.0,2026-03-24 14:45:00+05:30
115.24,115.64,115.24,115.64,2893.0,1774344000.0,2026-03-24 14:50:00+05:30
115.64,115.66,115.6,115.66,786.0,1774344300.0,2026-03-24 14:55:00+05:30
115.68,115.8,115.25,115.8,7222.0,1774344600.0,2026-03-24 15:00:00+05:30
115.79,115.9,115.59,115.66,2455.0,1774344900.0,2026-03-24 15:05:00+05:30
115.49,116.2,115.45,116.2,16038.0,1774345200.0,2026-03-24 15:10:00+05:30
116.02,116.43,115.66,116.17,5966.0,1774345500.0,2026-03-24 15:15:00+05:30
116.26,116.26,115.48,115.76,7950.0,1774345800.0,2026-03-24 15:20:00+05:30
115.64,116.26,115.52,116.25,13498.0,1774346100.0,2026-03-24 15:25:00+05:30
117.0,117.51,116.33,116.87,5806.0,1774410300.0,2026-03-25 09:15:00+05:30
116.83,117.27,116.21,116.88,6198.0,1774410600.0,2026-03-25 09:20:00+05:30
116.88,117.37,116.88,117.0,2501.0,1774410900.0,2026-03-25 09:25:00+05:30
116.98,116.99,116.4,116.68,8645.0,1774411200.0,2026-03-25 09:30:00+05:30
116.67,116.68,116.2,116.21,6921.0,1774411500.0,2026-03-25 09:35:00+05:30
116.12,116.22,115.89,116.22,5432.0,1774411800.0,2026-03-25 09:40:00+05:30
115.97,117.18,115.97,117.18,10083.0,1774412100.0,2026-03-25 09:45:00+05:30
117.1,117.37,117.04,117.24,5952.0,1774412400.0,2026-03-25 09:50:00+05:30
117.24,117.3,116.98,117.04,2132.0,1774412700.0,2026-03-25 09:55:00+05:30
116.99,117.25,116.78,116.78,1504.0,1774413000.0,2026-03-25 10:00:00+05:30
116.78,116.78,116.57,116.73,1174.0,1774413300.0,2026-03-25 10:05:00+05:30
116.7,116.97,116.5,116.78,4467.0,1774413600.0,2026-03-25 10:10:00+05:30
116.78,116.94,116.74,116.74,2206.0,1774413900.0,2026-03-25 10:15:00+05:30
116.84,116.84,116.6,116.72,642.0,1774414200.0,2026-03-25 10:20:00+05:30
116.48,116.54,116.0,116.0,4217.0,1774414500.0,2026-03-25 10:25:00+05:30
116.31,116.51,116.31,116.42,3537.0,1774414800.0,2026-03-25 10:30:00+05:30
116.3,116.75,116.3,116.75,6610.0,1774415100.0,2026-03-25 10:35:00+05:30
116.5,117.48,116.5,117.2,20544.0,1774415400.0,2026-03-25 10:40:00+05:30
116.97,116.98,116.81,116.9,2425.0,1774415700.0,2026-03-25 10:45:00+05:30
117.05,117.05,115.78,115.78,18865.0,1774416000.0,2026-03-25 10:50:00+05:30
115.83,115.97,115.65,115.97,3088.0,1774416300.0,2026-03-25 10:55:00+05:30
115.73,115.88,115.73,115.88,1476.0,1774416600.0,2026-03-25 11:00:00+05:30
115.83,115.96,115.83,115.83,472.0,1774416900.0,2026-03-25 11:05:00+05:30
115.85,115.95,115.56,115.81,6317.0,1774417200.0,2026-03-25 11:10:00+05:30
115.94,115.94,115.58,115.58,3284.0,1774417500.0,2026-03-25 11:15:00+05:30
115.65,116.0,115.36,116.0,14970.0,1774417800.0,2026-03-25 11:20:00+05:30
115.85,115.87,115.6,115.74,429.0,1774418100.0,2026-03-25 11:25:00+05:30
115.74,115.74,115.6,115.6,556.0,1774418400.0,2026-03-25 11:30:00+05:30
115.69,115.69,115.25,115.32,3256.0,1774418700.0,2026-03-25 11:35:00+05:30
115.32,115.32,114.95,115.18,6332.0,1774419000.0,2026-03-25 11:40:00+05:30
115.18,115.18,115.1,115.18,2035.0,1774419300.0,2026-03-25 11:45:00+05:30
115.2,115.37,114.82,115.15,9700.0,1774419600.0,2026-03-25 11:50:00+05:30
115.02,115.05,114.6,114.7,6623.0,1774419900.0,2026-03-25 11:55:00+05:30
114.74,114.78,114.49,114.51,8319.0,1774420200.0,2026-03-25 12:00:00+05:30
114.71,114.95,114.7,114.75,1958.0,1774420500.0,2026-03-25 12:05:00+05:30
114.97,114.97,114.75,114.89,526.0,1774420800.0,2026-03-25 12:10:00+05:30
114.9,115.2,114.89,115.0,3718.0,1774421100.0,2026-03-25 12:15:00+05:30
115.0,115.43,114.98,115.19,3402.0,1774421400.0,2026-03-25 12:20:00+05:30
115.1,115.28,115.02,115.28,943.0,1774421700.0,2026-03-25 12:25:00+05:30
115.19,115.25,114.87,114.96,1322.0,1774422000.0,2026-03-25 12:30:00+05:30
114.96,115.19,114.88,115.02,1525.0,1774422300.0,2026-03-25 12:35:00+05:30
115.09,115.44,115.04,115.44,1413.0,1774422600.0,2026-03-25 12:40:00+05:30
115.04,115.43,115.04,115.35,1379.0,1774422900.0,2026-03-25 12:45:00+05:30
115.35,115.35,115.02,115.2,184.0,1774423200.0,2026-03-25 12:50:00+05:30
115.2,115.35,114.91,115.35,2407.0,1774423500.0,2026-03-25 12:55:00+05:30
115.18,116.0,115.18,115.26,6854.0,1774423800.0,2026-03-25 13:00:00+05:30
115.3,115.39,115.24,115.3,979.0,1774424100.0,2026-03-25 13:05:00+05:30
115.3,115.74,115.3,115.49,15716.0,1774424400.0,2026-03-25 13:10:00+05:30
115.33,115.49,115.3,115.49,664.0,1774424700.0,2026-03-25 13:15:00+05:30
115.48,115.48,115.22,115.43,709.0,1774425000.0,2026-03-25 13:20:00+05:30
115.4,115.55,115.4,115.49,6139.0,1774425300.0,2026-03-25 13:25:00+05:30
115.54,115.65,115.46,115.61,831.0,1774425600.0,2026-03-25 13:30:00+05:30
115.61,115.76,114.71,115.63,9081.0,1774425900.0,2026-03-25 13:35:00+05:30
115.43,115.87,115.25,115.74,7265.0,1774426200.0,2026-03-25 13:40:00+05:30
115.49,115.75,115.48,115.5,2216.0,1774426500.0,2026-03-25 13:45:00+05:30
115.4,115.6,115.28,115.47,6536.0,1774426800.0,2026-03-25 13:50:00+05:30
115.59,115.59,115.45,115.59,763.0,1774427100.0,2026-03-25 13:55:00+05:30
115.59,115.85,115.4,115.75,4670.0,1774427400.0,2026-03-25 14:00:00+05:30
115.75,115.99,115.6,115.8,4123.0,1774427700.0,2026-03-25 14:05:00+05:30
115.89,115.9,115.41,115.74,4284.0,1774428000.0,2026-03-25 14:10:00+05:30
115.74,115.75,115.56,115.7,819.0,1774428300.0,2026-03-25 14:15:00+05:30
115.6,115.69,115.15,115.3,2996.0,1774428600.0,2026-03-25 14:20:00+05:30
115.3,115.3,115.01,115.29,2090.0,1774428900.0,2026-03-25 14:25:00+05:30
115.28,115.28,115.05,115.22,1865.0,1774429200.0,2026-03-25 14:30:00+05:30
115.12,115.23,114.56,114.65,4269.0,1774429500.0,2026-03-25 14:35:00+05:30
114.61,114.89,114.51,114.8,6291.0,1774429800.0,2026-03-25 14:40:00+05:30
114.8,114.91,114.1,114.72,11448.0,1774430100.0,2026-03-25 14:45:00+05:30
114.92,115.48,114.52,114.8,36871.0,1774430400.0,2026-03-25 14:50:00+05:30
114.68,114.75,114.58,114.58,3263.0,1774430700.0,2026-03-25 14:55:00+05:30
114.67,114.88,114.65,114.83,1152.0,1774431000.0,2026-03-25 15:00:00+05:30
114.81,115.12,114.27,114.35,9357.0,1774431300.0,2026-03-25 15:05:00+05:30
114.29,115.05,114.29,114.84,12530.0,1774431600.0,2026-03-25 15:10:00+05:30
114.77,115.89,114.29,115.89,19229.0,1774431900.0,2026-03-25 15:15:00+05:30
115.85,115.85,114.59,114.6,20883.0,1774432200.0,2026-03-25 15:20:00+05:30
114.6,116.0,114.43,114.45,29436.0,1774432500.0,2026-03-25 15:25:00+05:30
117.5,117.88,113.89,114.6,19789.0,1774583100.0,2026-03-27 09:15:00+05:30
114.61,116.75,114.39,116.31,41366.0,1774583400.0,2026-03-27 09:20:00+05:30
116.64,117.32,116.31,116.37,26139.0,1774583700.0,2026-03-27 09:25:00+05:30
116.53,117.29,116.53,116.83,16991.0,1774584000.0,2026-03-27 09:30:00+05:30
116.83,116.83,115.75,115.76,20614.0,1774584300.0,2026-03-27 09:35:00+05:30
115.7,116.23,115.5,115.65,23254.0,1774584600.0,2026-03-27 09:40:00+05:30
115.58,116.47,115.5,115.94,6021.0,1774584900.0,2026-03-27 09:45:00+05:30
116.15,116.15,115.09,115.2,7349.0,1774585200.0,2026-03-27 09:50:00+05:30
115.41,115.91,115.3,115.67,3958.0,1774585500.0,2026-03-27 09:55:00+05:30
116.04,116.1,115.87,116.0,9317.0,1774585800.0,2026-03-27 10:00:00+05:30
115.74,115.74,115.04,115.28,3654.0,1774586100.0,2026-03-27 10:05:00+05:30
115.28,115.83,115.19,115.5,3799.0,1774586400.0,2026-03-27 10:10:00+05:30
115.55,115.68,115.31,115.68,6144.0,1774586700.0,2026-03-27 10:15:00+05:30
115.85,115.85,115.56,115.76,627.0,1774587000.0,2026-03-27 10:20:00+05:30
115.76,116.0,115.53,115.53,3660.0,1774587300.0,2026-03-27 10:25:00+05:30
115.57,116.0,115.57,115.76,1090.0,1774587600.0,2026-03-27 10:30:00+05:30
115.76,116.21,115.76,116.14,3179.0,1774587900.0,2026-03-27 10:35:00+05:30
116.1,116.1,115.8,115.8,2346.0,1774588200.0,2026-03-27 10:40:00+05:30
115.8,115.8,115.8,115.8,2268.0,1774588500.0,2026-03-27 10:45:00+05:30
115.8,116.36,115.8,116.01,4743.0,1774588800.0,2026-03-27 10:50:00+05:30
116.18,116.18,115.16,115.16,4796.0,1774589100.0,2026-03-27 10:55:00+05:30
115.57,115.57,114.73,114.9,5981.0,1774589400.0,2026-03-27 11:00:00+05:30
115.0,115.37,114.75,115.21,6013.0,1774589700.0,2026-03-27 11:05:00+05:30
115.25,115.25,114.9,114.9,1406.0,1774590000.0,2026-03-27 11:10:00+05:30
114.88,115.1,114.86,115.04,1599.0,1774590300.0,2026-03-27 11:15:00+05:30
114.81,115.52,114.81,115.49,5506.0,1774590600.0,2026-03-27 11:20:00+05:30
115.49,115.49,115.21,115.39,457.0,1774590900.0,2026-03-27 11:25:00+05:30
115.15,115.81,115.15,115.74,6331.0,1774591200.0,2026-03-27 11:30:00+05:30
115.74,116.25,115.74,116.09,11727.0,1774591500.0,2026-03-27 11:35:00+05:30
115.93,115.93,115.47,115.47,1047.0,1774591800.0,2026-03-27 11:40:00+05:30
115.47,115.77,115.37,115.77,1401.0,1774592100.0,2026-03-27 11:45:00+05:30
116.11,116.25,115.8,116.25,5434.0,1774592400.0,2026-03-27 11:50:00+05:30
116.17,116.2,115.82,116.05,235.0,1774592700.0,2026-03-27 11:55:00+05:30
115.76,116.17,115.43,115.81,7609.0,1774593000.0,2026-03-27 12:00:00+05:30
115.81,115.88,115.58,115.88,1429.0,1774593300.0,2026-03-27 12:05:00+05:30
115.9,116.23,115.7,116.06,2805.0,1774593600.0,2026-03-27 12:10:00+05:30
115.82,116.06,115.82,115.91,1176.0,1774593900.0,2026-03-27 12:15:00+05:30
116.1,116.38,115.88,116.17,6500.0,1774594200.0,2026-03-27 12:20:00+05:30
116.07,116.5,116.07,116.3,8745.0,1774594500.0,2026-03-27 12:25:00+05:30
116.33,116.54,116.13,116.31,5795.0,1774594800.0,2026-03-27 12:30:00+05:30
116.32,116.93,116.22,116.34,9404.0,1774595100.0,2026-03-27 12:35:00+05:30
116.33,116.34,115.75,116.34,33166.0,1774595400.0,2026-03-27 12:40:00+05:30
116.17,116.67,116.17,116.4,27705.0,1774595700.0,2026-03-27 12:45:00+05:30
116.31,116.51,116.31,116.35,2217.0,1774596000.0,2026-03-27 12:50:00+05:30
116.35,116.54,116.3,116.51,975.0,1774596300.0,2026-03-27 12:55:00+05:30
116.4,116.54,116.23,116.36,7071.0,1774596600.0,2026-03-27 13:00:00+05:30
116.36,116.42,116.17,116.4,2270.0,1774596900.0,2026-03-27 13:05:00+05:30
116.22,116.47,116.14,116.22,2260.0,1774597200.0,2026-03-27 13:10:00+05:30
116.22,116.44,116.15,116.44,1248.0,1774597500.0,2026-03-27 13:15:00+05:30
116.11,116.13,116.05,116.05,980.0,1774597800.0,2026-03-27 13:20:00+05:30
116.05,116.51,115.99,116.05,25260.0,1774598100.0,2026-03-27 13:25:00+05:30
116.19,116.19,115.41,115.78,3847.0,1774598400.0,2026-03-27 13:30:00+05:30
115.78,115.93,115.58,115.92,406.0,1774598700.0,2026-03-27 13:35:00+05:30
115.92,115.94,115.75,115.87,5479.0,1774599000.0,2026-03-27 13:40:00+05:30
115.76,115.87,115.6,115.61,2510.0,1774599300.0,2026-03-27 13:45:00+05:30
115.61,115.62,115.5,115.56,5732.0,1774599600.0,2026-03-27 13:50:00+05:30
115.52,115.52,115.15,115.15,2222.0,1774599900.0,2026-03-27 13:55:00+05:30
115.55,115.55,115.16,115.29,775.0,1774600200.0,2026-03-27 14:00:00+05:30
115.29,115.29,115.25,115.25,68.0,1774600500.0,2026-03-27 14:05:00+05:30
115.11,115.2,114.81,115.0,3331.0,1774600800.0,2026-03-27 14:10:00+05:30
114.85,114.85,114.7,114.82,1849.0,1774601100.0,2026-03-27 14:15:00+05:30
114.7,114.7,114.1,114.1,5917.0,1774601400.0,2026-03-27 14:20:00+05:30
114.2,114.2,114.03,114.03,1173.0,1774601700.0,2026-03-27 14:25:00+05:30
114.18,114.18,113.5,113.51,16371.0,1774602000.0,2026-03-27 14:30:00+05:30
113.52,113.71,113.4,113.44,4951.0,1774602300.0,2026-03-27 14:35:00+05:30
113.43,113.6,112.98,112.98,14930.0,1774602600.0,2026-03-27 14:40:00+05:30
113.21,113.37,112.88,113.0,6374.0,1774602900.0,2026-03-27 14:45:00+05:30
113.03,114.54,113.03,114.19,13603.0,1774603200.0,2026-03-27 14:50:00+05:30
114.19,114.19,113.58,113.95,4875.0,1774603500.0,2026-03-27 14:55:00+05:30
113.95,115.66,113.95,114.5,135898.0,1774603800.0,2026-03-27 15:00:00+05:30
114.24,114.62,113.51,113.96,113592.0,1774604100.0,2026-03-27 15:05:00+05:30
113.96,114.99,113.96,114.25,120616.0,1774604400.0,2026-03-27 15:10:00+05:30
114.24,114.27,110.05,110.49,211949.0,1774604700.0,2026-03-27 15:15:00+05:30
110.5,111.95,110.5,111.71,160633.0,1774605000.0,2026-03-27 15:20:00+05:30
111.46,112.83,111.0,112.41,71151.0,1774605300.0,2026-03-27 15:25:00+05:30
110.2,112.94,110.2,110.7,6414.0,1774842300.0,2026-03-30 09:15:00+05:30
111.02,112.29,110.62,111.35,14615.0,1774842600.0,2026-03-30 09:20:00+05:30
111.36,111.69,111.26,111.53,4331.0,1774842900.0,2026-03-30 09:25:00+05:30
111.54,112.13,111.54,111.96,3612.0,1774843200.0,2026-03-30 09:30:00+05:30
111.96,111.96,111.44,111.7,2367.0,1774843500.0,2026-03-30 09:35:00+05:30
111.7,112.09,111.61,112.09,9378.0,1774843800.0,2026-03-30 09:40:00+05:30
112.14,114.3,112.05,113.37,41084.0,1774844100.0,2026-03-30 09:45:00+05:30
113.37,113.59,113.0,113.0,3777.0,1774844400.0,2026-03-30 09:50:00+05:30
113.0,113.14,112.33,112.58,7683.0,1774844700.0,2026-03-30 09:55:00+05:30
112.22,112.46,112.22,112.46,1638.0,1774845000.0,2026-03-30 10:00:00+05:30
112.41,112.47,111.79,111.79,7359.0,1774845300.0,2026-03-30 10:05:00+05:30
111.82,111.99,111.44,111.58,2505.0,1774845600.0,2026-03-30 10:10:00+05:30
111.5,111.5,110.68,110.72,12828.0,1774845900.0,2026-03-30 10:15:00+05:30
110.81,110.88,110.67,110.71,623.0,1774846200.0,2026-03-30 10:20:00+05:30
110.71,111.02,110.5,110.73,3385.0,1774846500.0,2026-03-30 10:25:00+05:30
110.59,110.8,110.3,110.37,5348.0,1774846800.0,2026-03-30 10:30:00+05:30
110.42,110.71,110.25,110.6,6224.0,1774847100.0,2026-03-30 10:35:00+05:30
110.62,110.62,110.25,110.25,3151.0,1774847400.0,2026-03-30 10:40:00+05:30
110.25,110.39,110.1,110.35,3640.0,1774847700.0,2026-03-30 10:45:00+05:30
110.15,110.37,110.15,110.31,4007.0,1774848000.0,2026-03-30 10:50:00+05:30
110.15,110.24,109.6,109.78,27194.0,1774848300.0,2026-03-30 10:55:00+05:30
109.77,110.34,109.67,110.06,9734.0,1774848600.0,2026-03-30 11:00:00+05:30
110.06,110.16,109.87,110.04,3738.0,1774848900.0,2026-03-30 11:05:00+05:30
110.04,110.06,109.86,110.06,1150.0,1774849200.0,2026-03-30 11:10:00+05:30
110.05,110.19,109.35,109.35,19075.0,1774849500.0,2026-03-30 11:15:00+05:30
109.5,109.5,109.05,109.2,2061.0,1774849800.0,2026-03-30 11:20:00+05:30
109.06,109.18,108.57,108.83,15043.0,1774850100.0,2026-03-30 11:25:00+05:30
108.8,109.0,108.74,109.0,2710.0,1774850400.0,2026-03-30 11:30:00+05:30
109.0,109.0,108.65,108.77,7444.0,1774850700.0,2026-03-30 11:35:00+05:30
108.77,108.84,108.16,108.34,5326.0,1774851000.0,2026-03-30 11:40:00+05:30
108.38,108.47,108.27,108.41,947.0,1774851300.0,2026-03-30 11:45:00+05:30
108.36,108.62,108.22,108.46,11004.0,1774851600.0,2026-03-30 11:50:00+05:30
108.35,108.64,108.24,108.5,5348.0,1774851900.0,2026-03-30 11:55:00+05:30
108.5,108.99,108.44,108.85,1395.0,1774852200.0,2026-03-30 12:00:00+05:30
108.89,108.91,108.61,108.73,1411.0,1774852500.0,2026-03-30 12:05:00+05:30
108.73,108.74,108.7,108.7,319.0,1774852800.0,2026-03-30 12:10:00+05:30
108.69,108.84,108.62,108.7,986.0,1774853100.0,2026-03-30 12:15:00+05:30
108.61,108.75,108.5,108.71,3459.0,1774853400.0,2026-03-30 12:20:00+05:30
108.57,108.73,108.52,108.73,982.0,1774853700.0,2026-03-30 12:25:00+05:30
108.73,108.73,108.53,108.69,1947.0,1774854000.0,2026-03-30 12:30:00+05:30
108.69,109.0,108.59,109.0,3735.0,1774854300.0,2026-03-30 12:35:00+05:30
109.0,109.36,109.0,109.14,4536.0,1774854600.0,2026-03-30 12:40:00+05:30
109.05,109.19,108.93,108.93,5839.0,1774854900.0,2026-03-30 12:45:00+05:30
108.87,109.1,108.8,109.0,1251.0,1774855200.0,2026-03-30 12:50:00+05:30
108.97,108.97,108.77,108.77,493.0,1774855500.0,2026-03-30 12:55:00+05:30
108.6,108.83,108.59,108.59,10618.0,1774855800.0,2026-03-30 13:00:00+05:30
108.72,108.97,108.7,108.83,596.0,1774856100.0,2026-03-30 13:05:00+05:30
108.83,108.83,108.43,108.45,1936.0,1774856400.0,2026-03-30 13:10:00+05:30
108.5,108.72,108.44,108.69,2786.0,1774856700.0,2026-03-30 13:15:00+05:30
108.6,108.63,108.6,108.6,1044.0,1774857000.0,2026-03-30 13:20:00+05:30
108.61,108.69,108.6,108.69,1459.0,1774857300.0,2026-03-30 13:25:00+05:30
108.69,108.69,108.46,108.66,787.0,1774857600.0,2026-03-30 13:30:00+05:30
108.69,108.69,108.5,108.6,1251.0,1774857900.0,2026-03-30 13:35:00+05:30
108.49,108.61,108.42,108.54,599.0,1774858200.0,2026-03-30 13:40:00+05:30
108.54,108.54,108.25,108.38,3509.0,1774858500.0,2026-03-30 13:45:00+05:30
108.29,109.14,108.17,109.14,5502.0,1774858800.0,2026-03-30 13:50:00+05:30
109.27,110.44,109.0,110.29,37023.0,1774859100.0,2026-03-30 13:55:00+05:30
110.04,110.38,110.0,110.2,2619.0,1774859400.0,2026-03-30 14:00:00+05:30
110.2,110.25,110.01,110.25,1769.0,1774859700.0,2026-03-30 14:05:00+05:30
110.07,110.25,109.75,109.75,8116.0,1774860000.0,2026-03-30 14:10:00+05:30
110.18,110.18,109.85,109.85,256.0,1774860300.0,2026-03-30 14:15:00+05:30
109.84,110.01,109.47,110.01,2496.0,1774860600.0,2026-03-30 14:20:00+05:30
110.01,110.12,109.95,110.12,2261.0,1774860900.0,2026-03-30 14:25:00+05:30
110.12,110.12,109.62,110.05,18435.0,1774861200.0,2026-03-30 14:30:00+05:30
110.05,110.06,109.71,110.0,12559.0,1774861500.0,2026-03-30 14:35:00+05:30
110.0,110.07,109.9,110.0,11114.0,1774861800.0,2026-03-30 14:40:00+05:30
110.07,110.07,109.8,109.94,9634.0,1774862100.0,2026-03-30 14:45:00+05:30
110.0,110.25,110.0,110.0,10462.0,1774862400.0,2026-03-30 14:50:00+05:30
110.12,110.12,109.72,110.04,6660.0,1774862700.0,2026-03-30 14:55:00+05:30
110.09,110.14,109.93,110.0,13290.0,1774863000.0,2026-03-30 15:00:00+05:30
110.0,110.24,110.0,110.15,6804.0,1774863300.0,2026-03-30 15:05:00+05:30
110.23,110.23,110.0,110.0,6063.0,1774863600.0,2026-03-30 15:10:00+05:30
110.0,110.29,109.22,110.0,13446.0,1774863900.0,2026-03-30 15:15:00+05:30
110.0,110.24,109.0,110.0,12805.0,1774864200.0,2026-03-30 15:20:00+05:30
110.01,110.1,109.01,110.0,8475.0,1774864500.0,2026-03-30 15:25:00+05:30
112.35,113.1,112.13,112.7,8004.0,1775015100.0,2026-04-01 09:15:00+05:30
112.44,114.55,112.44,114.55,14699.0,1775015400.0,2026-04-01 09:20:00+05:30
114.56,114.65,113.91,114.09,8992.0,1775015700.0,2026-04-01 09:25:00+05:30
114.0,114.7,113.85,114.05,16717.0,1775016000.0,2026-04-01 09:30:00+05:30
113.94,114.0,113.59,113.59,6071.0,1775016300.0,2026-04-01 09:35:00+05:30
113.68,113.89,113.51,113.89,8613.0,1775016600.0,2026-04-01 09:40:00+05:30
113.86,114.46,113.82,114.25,2078.0,1775016900.0,2026-04-01 09:45:00+05:30
114.32,114.7,114.32,114.44,6287.0,1775017200.0,2026-04-01 09:50:00+05:30
114.63,114.69,114.3,114.3,2227.0,1775017500.0,2026-04-01 09:55:00+05:30
114.37,114.5,114.37,114.5,561.0,1775017800.0,2026-04-01 10:00:00+05:30
114.5,114.9,114.49,114.7,5555.0,1775018100.0,2026-04-01 10:05:00+05:30
114.79,114.79,114.74,114.74,586.0,1775018400.0,2026-04-01 10:10:00+05:30
114.74,115.0,114.57,114.97,5702.0,1775018700.0,2026-04-01 10:15:00+05:30
114.98,115.0,114.5,114.5,2263.0,1775019000.0,2026-04-01 10:20:00+05:30
114.58,115.35,113.82,114.05,23580.0,1775019300.0,2026-04-01 10:25:00+05:30
114.3,114.82,114.05,114.64,6210.0,1775019600.0,2026-04-01 10:30:00+05:30
114.41,114.88,114.4,114.71,2020.0,1775019900.0,2026-04-01 10:35:00+05:30
114.88,114.95,114.62,114.68,1072.0,1775020200.0,2026-04-01 10:40:00+05:30
114.47,114.75,114.47,114.55,2455.0,1775020500.0,2026-04-01 10:45:00+05:30
114.68,114.68,114.4,114.4,192.0,1775020800.0,2026-04-01 10:50:00+05:30
114.4,114.4,114.25,114.35,254.0,1775021100.0,2026-04-01 10:55:00+05:30
114.18,114.18,113.91,113.91,777.0,1775021400.0,2026-04-01 11:00:00+05:30
114.19,114.45,114.01,114.14,3969.0,1775021700.0,2026-04-01 11:05:00+05:30
114.24,114.64,113.91,114.64,12756.0,1775022000.0,2026-04-01 11:10:00+05:30
114.64,114.69,114.64,114.69,408.0,1775022300.0,2026-04-01 11:15:00+05:30
114.69,115.0,114.69,115.0,1149.0,1775022600.0,2026-04-01 11:20:00+05:30
115.11,115.46,115.1,115.1,1869.0,1775022900.0,2026-04-01 11:25:00+05:30
115.14,115.28,115.13,115.28,432.0,1775023200.0,2026-04-01 11:30:00+05:30
115.27,115.4,115.2,115.4,1481.0,1775023500.0,2026-04-01 11:35:00+05:30
115.4,115.4,115.18,115.19,459.0,1775023800.0,2026-04-01 11:40:00+05:30
115.19,115.19,114.61,114.91,2748.0,1775024100.0,2026-04-01 11:45:00+05:30
114.83,115.4,114.83,115.05,5665.0,1775024400.0,2026-04-01 11:50:00+05:30
115.11,115.4,115.11,115.3,496.0,1775024700.0,2026-04-01 11:55:00+05:30
115.39,116.02,115.31,116.0,7792.0,1775025000.0,2026-04-01 12:00:00+05:30
115.8,115.87,115.53,115.72,1457.0,1775025300.0,2026-04-01 12:05:00+05:30
115.73,116.28,115.7,116.25,1675.0,1775025600.0,2026-04-01 12:10:00+05:30
116.12,116.81,116.12,116.22,16779.0,1775025900.0,2026-04-01 12:15:00+05:30
116.22,116.22,115.83,115.94,3365.0,1775026200.0,2026-04-01 12:20:00+05:30
115.74,115.81,115.53,115.81,975.0,1775026500.0,2026-04-01 12:25:00+05:30
115.91,115.91,115.68,115.83,475.0,1775026800.0,2026-04-01 12:30:00+05:30
115.83,115.83,115.69,115.8,186.0,1775027100.0,2026-04-01 12:35:00+05:30
115.95,116.09,115.8,116.04,2094.0,1775027400.0,2026-04-01 12:40:00+05:30
116.04,116.09,116.04,116.08,41.0,1775027700.0,2026-04-01 12:45:00+05:30
116.08,116.08,115.83,115.84,1532.0,1775028000.0,2026-04-01 12:50:00+05:30
115.74,116.0,115.74,116.0,2258.0,1775028300.0,2026-04-01 12:55:00+05:30
115.83,115.83,115.82,115.82,314.0,1775028600.0,2026-04-01 13:00:00+05:30
115.82,115.94,115.05,115.05,9868.0,1775028900.0,2026-04-01 13:05:00+05:30
115.7,115.84,115.32,115.84,2092.0,1775029200.0,2026-04-01 13:10:00+05:30
115.84,115.86,115.67,115.67,3284.0,1775029500.0,2026-04-01 13:15:00+05:30
115.67,115.67,115.63,115.63,200.0,1775029800.0,2026-04-01 13:20:00+05:30
115.63,115.67,115.4,115.67,687.0,1775030100.0,2026-04-01 13:25:00+05:30
115.44,115.66,115.44,115.48,339.0,1775030400.0,2026-04-01 13:30:00+05:30
115.48,115.62,115.48,115.62,154.0,1775030700.0,2026-04-01 13:35:00+05:30
115.4,115.4,114.59,115.04,17725.0,1775031000.0,2026-04-01 13:40:00+05:30
115.0,115.0,114.58,114.71,6342.0,1775031300.0,2026-04-01 13:45:00+05:30
114.7,114.8,114.5,114.5,2068.0,1775031600.0,2026-04-01 13:50:00+05:30
114.68,114.86,114.51,114.86,721.0,1775031900.0,2026-04-01 13:55:00+05:30
114.75,114.75,114.75,114.75,1.0,1775032200.0,2026-04-01 14:00:00+05:30
114.6,114.99,114.6,114.93,1904.0,1775032500.0,2026-04-01 14:05:00+05:30
114.93,115.0,114.88,115.0,581.0,1775032800.0,2026-04-01 14:10:00+05:30
114.86,115.33,114.86,115.33,1313.0,1775033100.0,2026-04-01 14:15:00+05:30
115.35,115.39,114.85,115.08,13066.0,1775033400.0,2026-04-01 14:20:00+05:30
115.08,115.26,115.08,115.26,250.0,1775033700.0,2026-04-01 14:25:00+05:30
115.26,115.26,115.12,115.12,35.0,1775034000.0,2026-04-01 14:30:00+05:30
115.12,115.12,114.72,115.02,2189.0,1775034300.0,2026-04-01 14:35:00+05:30
115.02,115.02,114.63,114.67,974.0,1775034600.0,2026-04-01 14:40:00+05:30
114.67,114.67,114.25,114.25,3280.0,1775034900.0,2026-04-01 14:45:00+05:30
114.42,114.48,114.27,114.27,1040.0,1775035200.0,2026-04-01 14:50:00+05:30
114.44,114.45,114.2,114.23,4390.0,1775035500.0,2026-04-01 14:55:00+05:30
114.41,115.49,114.28,114.78,10148.0,1775035800.0,2026-04-01 15:00:00+05:30
114.75,114.93,114.5,114.93,4468.0,1775036100.0,2026-04-01 15:05:00+05:30
114.96,115.25,114.45,114.7,6317.0,1775036400.0,2026-04-01 15:10:00+05:30
114.92,115.46,114.36,115.09,5667.0,1775036700.0,2026-04-01 15:15:00+05:30
115.1,115.39,114.41,115.04,9239.0,1775037000.0,2026-04-01 15:20:00+05:30
115.07,115.25,114.0,114.0,15093.0,1775037300.0,2026-04-01 15:25:00+05:30
112.0,112.0,110.65,111.32,18784.0,1775101500.0,2026-04-02 09:15:00+05:30
111.26,112.01,111.0,112.01,17271.0,1775101800.0,2026-04-02 09:20:00+05:30
112.06,112.18,111.9,111.98,2619.0,1775102100.0,2026-04-02 09:25:00+05:30
111.95,112.25,111.95,112.12,2317.0,1775102400.0,2026-04-02 09:30:00+05:30
112.03,112.3,112.03,112.15,1511.0,1775102700.0,2026-04-02 09:35:00+05:30
112.09,112.26,112.09,112.15,1232.0,1775103000.0,2026-04-02 09:40:00+05:30
112.15,112.34,112.07,112.33,555.0,1775103300.0,2026-04-02 09:45:00+05:30
112.15,112.29,111.83,111.85,1590.0,1775103600.0,2026-04-02 09:50:00+05:30
111.83,111.84,111.6,111.84,697.0,1775103900.0,2026-04-02 09:55:00+05:30
111.84,111.84,111.1,111.13,17452.0,1775104200.0,2026-04-02 10:00:00+05:30
111.13,111.18,110.81,111.14,5938.0,1775104500.0,2026-04-02 10:05:00+05:30
111.14,111.16,110.93,111.14,1131.0,1775104800.0,2026-04-02 10:10:00+05:30
111.33,111.56,111.1,111.27,3604.0,1775105100.0,2026-04-02 10:15:00+05:30
111.27,111.36,111.0,111.0,648.0,1775105400.0,2026-04-02 10:20:00+05:30
111.21,111.36,111.03,111.03,1222.0,1775105700.0,2026-04-02 10:25:00+05:30
111.28,111.53,111.28,111.34,440.0,1775106000.0,2026-04-02 10:30:00+05:30
111.34,111.66,111.34,111.48,1468.0,1775106300.0,2026-04-02 10:35:00+05:30
111.69,112.19,111.59,112.12,732.0,1775106600.0,2026-04-02 10:40:00+05:30
112.0,112.64,112.0,112.13,13998.0,1775106900.0,2026-04-02 10:45:00+05:30
112.13,112.32,112.01,112.31,2862.0,1775107200.0,2026-04-02 10:50:00+05:30
112.31,113.35,112.25,113.26,2126.0,1775107500.0,2026-04-02 10:55:00+05:30
112.91,113.18,112.91,112.91,1947.0,1775107800.0,2026-04-02 11:00:00+05:30
113.0,113.12,112.84,112.89,508.0,1775108100.0,2026-04-02 11:05:00+05:30
112.62,112.78,112.59,112.59,503.0,1775108400.0,2026-04-02 11:10:00+05:30
112.59,112.78,112.59,112.77,36.0,1775108700.0,2026-04-02 11:15:00+05:30
112.75,112.75,112.75,112.75,100.0,1775109000.0,2026-04-02 11:20:00+05:30
112.63,112.82,112.62,112.82,222.0,1775109300.0,2026-04-02 11:25:00+05:30
112.82,112.82,112.65,112.65,125.0,1775109600.0,2026-04-02 11:30:00+05:30
112.76,112.89,112.76,112.89,308.0,1775109900.0,2026-04-02 11:35:00+05:30
112.89,112.9,112.89,112.9,1112.0,1775110200.0,2026-04-02 11:40:00+05:30
112.63,112.63,112.63,112.63,196.0,1775110500.0,2026-04-02 11:45:00+05:30
112.63,112.84,112.62,112.84,101.0,1775110800.0,2026-04-02 11:50:00+05:30
112.89,112.9,112.89,112.9,1136.0,1775111100.0,2026-04-02 11:55:00+05:30
112.89,112.89,112.56,112.8,257.0,1775111400.0,2026-04-02 12:00:00+05:30
112.5,112.55,112.25,112.25,422.0,1775111700.0,2026-04-02 12:05:00+05:30
112.32,112.51,112.32,112.51,198.0,1775112000.0,2026-04-02 12:10:00+05:30
112.51,112.51,112.51,112.51,0.0,1775112300.0,2026-04-02 12:15:00+05:30
112.23,112.41,112.0,112.25,1402.0,1775112600.0,2026-04-02 12:20:00+05:30
112.48,112.5,112.38,112.5,8595.0,1775112900.0,2026-04-02 12:25:00+05:30
112.75,112.9,112.72,112.87,7642.0,1775113200.0,2026-04-02 12:30:00+05:30
112.87,113.07,112.8,112.8,7167.0,1775113500.0,2026-04-02 12:35:00+05:30
112.87,112.87,112.86,112.86,112.0,1775113800.0,2026-04-02 12:40:00+05:30
112.83,112.83,112.7,112.73,365.0,1775114100.0,2026-04-02 12:45:00+05:30
112.73,113.0,112.73,112.79,1584.0,1775114400.0,2026-04-02 12:50:00+05:30
112.79,113.69,112.71,113.69,1570.0,1775114700.0,2026-04-02 12:55:00+05:30
113.7,113.83,113.41,113.53,1004.0,1775115000.0,2026-04-02 13:00:00+05:30
113.53,113.53,113.19,113.19,97.0,1775115300.0,2026-04-02 13:05:00+05:30
113.36,113.36,113.03,113.14,1178.0,1775115600.0,2026-04-02 13:10:00+05:30
113.14,113.19,113.14,113.19,10.0,1775115900.0,2026-04-02 13:15:00+05:30
113.19,113.45,113.16,113.25,206.0,1775116200.0,2026-04-02 13:20:00+05:30
113.5,113.9,113.36,113.9,2191.0,1775116500.0,2026-04-02 13:25:00+05:30
113.9,114.09,113.82,114.09,1077.0,1775116800.0,2026-04-02 13:30:00+05:30
114.09,114.2,114.09,114.2,206.0,1775117100.0,2026-04-02 13:35:00+05:30
114.12,114.2,114.0,114.2,1664.0,1775117400.0,2026-04-02 13:40:00+05:30
114.2,114.35,114.07,114.07,930.0,1775117700.0,2026-04-02 13:45:00+05:30
114.13,114.19,114.1,114.19,231.0,1775118000.0,2026-04-02 13:50:00+05:30
114.05,114.1,114.05,114.05,2127.0,1775118300.0,2026-04-02 13:55:00+05:30
114.04,114.17,112.95,113.6,22502.0,1775118600.0,2026-04-02 14:00:00+05:30
113.79,114.32,113.65,114.03,4208.0,1775118900.0,2026-04-02 14:05:00+05:30
113.89,114.15,113.89,114.15,166.0,1775119200.0,2026-04-02 14:10:00+05:30
114.15,114.34,113.8,113.8,2489.0,1775119500.0,2026-04-02 14:15:00+05:30
113.94,114.48,113.82,114.39,6344.0,1775119800.0,2026-04-02 14:20:00+05:30
114.39,114.5,114.14,114.35,3490.0,1775120100.0,2026-04-02 14:25:00+05:30
114.24,114.35,114.12,114.34,1350.0,1775120400.0,2026-04-02 14:30:00+05:30
114.35,114.35,114.15,114.32,1818.0,1775120700.0,2026-04-02 14:35:00+05:30
114.2,114.2,113.49,113.61,9762.0,1775121000.0,2026-04-02 14:40:00+05:30
113.58,113.69,113.38,113.69,1606.0,1775121300.0,2026-04-02 14:45:00+05:30
113.69,113.85,113.65,113.65,258.0,1775121600.0,2026-04-02 14:50:00+05:30
113.87,114.0,113.87,114.0,1382.0,1775121900.0,2026-04-02 14:55:00+05:30
114.09,114.32,114.0,114.24,7878.0,1775122200.0,2026-04-02 15:00:00+05:30
114.34,114.85,114.34,114.85,1837.0,1775122500.0,2026-04-02 15:05:00+05:30
114.8,114.9,114.49,114.7,5148.0,1775122800.0,2026-04-02 15:10:00+05:30
114.52,114.9,114.28,114.8,4135.0,1775123100.0,2026-04-02 15:15:00+05:30
114.5,114.56,113.75,114.56,9630.0,1775123400.0,2026-04-02 15:20:00+05:30
114.49,114.5,113.53,114.5,7370.0,1775123700.0,2026-04-02 15:25:00+05:30
113.05,114.09,113.05,113.73,3842.0,1775447100.0,2026-04-06 09:15:00+05:30
113.7,114.31,113.63,113.83,3291.0,1775447400.0,2026-04-06 09:20:00+05:30
114.2,114.66,113.68,113.72,5585.0,1775447700.0,2026-04-06 09:25:00+05:30
113.76,113.78,113.12,113.78,4979.0,1775448000.0,2026-04-06 09:30:00+05:30
113.79,114.87,113.79,114.52,4848.0,1775448300.0,2026-04-06 09:35:00+05:30
114.52,114.88,114.22,114.22,916.0,1775448600.0,2026-04-06 09:40:00+05:30
114.16,114.75,114.16,114.39,507.0,1775448900.0,2026-04-06 09:45:00+05:30
114.4,114.4,113.91,113.98,1836.0,1775449200.0,2026-04-06 09:50:00+05:30
114.07,114.07,113.69,113.69,280.0,1775449500.0,2026-04-06 09:55:00+05:30
113.6,113.78,113.54,113.61,1214.0,1775449800.0,2026-04-06 10:00:00+05:30
113.82,114.26,113.82,114.05,1502.0,1775450100.0,2026-04-06 10:05:00+05:30
114.05,114.4,114.05,114.4,411.0,1775450400.0,2026-04-06 10:10:00+05:30
114.4,114.5,114.33,114.4,1439.0,1775450700.0,2026-04-06 10:15:00+05:30
114.4,114.7,114.4,114.7,1371.0,1775451000.0,2026-04-06 10:20:00+05:30
114.56,114.67,114.28,114.51,1316.0,1775451300.0,2026-04-06 10:25:00+05:30
114.67,114.67,114.37,114.37,147.0,1775451600.0,2026-04-06 10:30:00+05:30
114.52,114.96,114.5,114.96,625.0,1775451900.0,2026-04-06 10:35:00+05:30
114.94,115.0,114.69,114.95,6530.0,1775452200.0,2026-04-06 10:40:00+05:30
115.0,115.0,114.88,115.0,3163.0,1775452500.0,2026-04-06 10:45:00+05:30
115.0,115.3,115.0,115.28,3920.0,1775452800.0,2026-04-06 10:50:00+05:30
115.3,115.3,115.2,115.3,211.0,1775453100.0,2026-04-06 10:55:00+05:30
115.3,115.36,115.15,115.15,1281.0,1775453400.0,2026-04-06 11:00:00+05:30
115.25,115.33,114.93,115.0,4541.0,1775453700.0,2026-04-06 11:05:00+05:30
115.0,115.0,114.53,114.7,104.0,1775454000.0,2026-04-06 11:10:00+05:30
114.67,114.67,114.41,114.54,591.0,1775454300.0,2026-04-06 11:15:00+05:30
114.66,114.66,114.49,114.5,126.0,1775454600.0,2026-04-06 11:20:00+05:30
114.22,114.61,114.22,114.61,1300.0,1775454900.0,2026-04-06 11:25:00+05:30
114.61,114.61,114.61,114.61,110.0,1775455200.0,2026-04-06 11:30:00+05:30
114.61,115.29,114.61,115.28,3686.0,1775455500.0,2026-04-06 11:35:00+05:30
115.17,115.21,115.01,115.01,1216.0,1775455800.0,2026-04-06 11:40:00+05:30
114.0,114.01,113.74,114.01,16421.0,1775456100.0,2026-04-06 11:45:00+05:30
114.01,114.01,113.5,113.96,33858.0,1775456400.0,2026-04-06 11:50:00+05:30
113.96,114.52,113.89,114.51,1203.0,1775456700.0,2026-04-06 11:55:00+05:30
114.34,114.5,114.2,114.5,4521.0,1775457000.0,2026-04-06 12:00:00+05:30
114.5,115.09,114.39,114.87,4450.0,1775457300.0,2026-04-06 12:05:00+05:30
114.71,114.89,114.62,114.62,1955.0,1775457600.0,2026-04-06 12:10:00+05:30
114.62,115.03,114.62,115.03,4304.0,1775457900.0,2026-04-06 12:15:00+05:30
115.05,115.05,114.39,114.39,948.0,1775458200.0,2026-04-06 12:20:00+05:30
114.49,114.7,114.47,114.7,1363.0,1775458500.0,2026-04-06 12:25:00+05:30
114.7,115.0,114.57,114.66,2921.0,1775458800.0,2026-04-06 12:30:00+05:30
114.55,114.77,114.38,114.38,582.0,1775459100.0,2026-04-06 12:35:00+05:30
114.2,114.39,114.2,114.39,41.0,1775459400.0,2026-04-06 12:40:00+05:30
114.39,114.51,114.19,114.51,237.0,1775459700.0,2026-04-06 12:45:00+05:30
114.51,115.0,114.51,114.99,2625.0,1775460000.0,2026-04-06 12:50:00+05:30
115.0,115.15,114.91,115.15,4574.0,1775460300.0,2026-04-06 12:55:00+05:30
115.03,115.28,114.98,115.09,516.0,1775460600.0,2026-04-06 13:00:00+05:30
115.21,115.21,113.98,114.68,9939.0,1775460900.0,2026-04-06 13:05:00+05:30
114.61,114.61,114.2,114.52,803.0,1775461200.0,2026-04-06 13:10:00+05:30
114.65,114.79,114.3,114.65,3761.0,1775461500.0,2026-04-06 13:15:00+05:30
114.82,114.92,114.75,114.75,109.0,1775461800.0,2026-04-06 13:20:00+05:30
114.75,115.0,114.62,114.71,2248.0,1775462100.0,2026-04-06 13:25:00+05:30
114.7,115.2,114.7,114.97,21025.0,1775462400.0,2026-04-06 13:30:00+05:30
114.88,115.33,114.88,115.19,2781.0,1775462700.0,2026-04-06 13:35:00+05:30
115.17,115.17,114.5,114.5,507.0,1775463000.0,2026-04-06 13:40:00+05:30
114.41,114.88,114.41,114.8,490.0,1775463300.0,2026-04-06 13:45:00+05:30
114.8,114.8,114.58,114.58,996.0,1775463600.0,2026-04-06 13:50:00+05:30
114.59,114.8,114.41,114.49,1394.0,1775463900.0,2026-04-06 13:55:00+05:30
114.49,114.56,114.48,114.48,150.0,1775464200.0,2026-04-06 14:00:00+05:30
114.5,114.58,114.41,114.48,3107.0,1775464500.0,2026-04-06 14:05:00+05:30
114.48,114.84,114.48,114.84,764.0,1775464800.0,2026-04-06 14:10:00+05:30
114.84,114.85,114.7,114.7,123.0,1775465100.0,2026-04-06 14:15:00+05:30
114.7,115.1,114.7,115.1,950.0,1775465400.0,2026-04-06 14:20:00+05:30
115.0,115.0,114.57,114.57,7195.0,1775465700.0,2026-04-06 14:25:00+05:30
114.79,115.08,114.79,115.01,3209.0,1775466000.0,2026-04-06 14:30:00+05:30
115.01,115.01,114.6,114.6,218.0,1775466300.0,2026-04-06 14:35:00+05:30
114.5,114.7,114.5,114.65,2160.0,1775466600.0,2026-04-06 14:40:00+05:30
114.71,114.71,114.1,114.67,1964.0,1775466900.0,2026-04-06 14:45:00+05:30
114.73,114.8,114.5,114.5,4886.0,1775467200.0,2026-04-06 14:50:00+05:30
114.5,114.54,114.06,114.54,4417.0,1775467500.0,2026-04-06 14:55:00+05:30
114.41,114.59,114.37,114.59,2074.0,1775467800.0,2026-04-06 15:00:00+05:30
114.59,114.9,114.59,114.88,2204.0,1775468100.0,2026-04-06 15:05:00+05:30
114.9,115.08,114.33,114.91,15963.0,1775468400.0,2026-04-06 15:10:00+05:30
114.91,114.96,114.1,114.69,8740.0,1775468700.0,2026-04-06 15:15:00+05:30
114.79,114.93,114.17,114.49,9354.0,1775469000.0,2026-04-06 15:20:00+05:30
114.53,115.0,113.15,113.2,24082.0,1775469300.0,2026-04-06 15:25:00+05:30
113.27,115.4,113.27,114.5,5319.0,1775533500.0,2026-04-07 09:15:00+05:30
114.95,115.69,114.71,115.49,6867.0,1775533800.0,2026-04-07 09:20:00+05:30
115.49,115.5,115.21,115.25,4514.0,1775534100.0,2026-04-07 09:25:00+05:30
115.59,115.63,114.83,114.91,2883.0,1775534400.0,2026-04-07 09:30:00+05:30
114.91,114.95,114.0,114.35,5137.0,1775534700.0,2026-04-07 09:35:00+05:30
114.44,114.6,114.18,114.28,973.0,1775535000.0,2026-04-07 09:40:00+05:30
114.31,114.31,113.68,113.82,11675.0,1775535300.0,2026-04-07 09:45:00+05:30
113.82,114.0,113.5,113.5,6404.0,1775535600.0,2026-04-07 09:50:00+05:30
113.88,114.05,113.78,114.05,2142.0,1775535900.0,2026-04-07 09:55:00+05:30
114.22,114.31,114.05,114.31,1344.0,1775536200.0,2026-04-07 10:00:00+05:30
114.49,114.49,114.23,114.25,1509.0,1775536500.0,2026-04-07 10:05:00+05:30
114.29,114.36,114.29,114.36,55.0,1775536800.0,2026-04-07 10:10:00+05:30
114.46,114.63,114.44,114.57,553.0,1775537100.0,2026-04-07 10:15:00+05:30
114.35,114.61,114.35,114.6,1817.0,1775537400.0,2026-04-07 10:20:00+05:30
114.6,114.6,114.56,114.58,1629.0,1775537700.0,2026-04-07 10:25:00+05:30
114.58,114.85,114.58,114.85,441.0,1775538000.0,2026-04-07 10:30:00+05:30
114.85,114.85,114.73,114.77,994.0,1775538300.0,2026-04-07 10:35:00+05:30
114.78,114.82,114.66,114.66,72.0,1775538600.0,2026-04-07 10:40:00+05:30
114.66,114.93,114.66,114.92,1357.0,1775538900.0,2026-04-07 10:45:00+05:30
114.93,114.93,114.2,114.2,2573.0,1775539200.0,2026-04-07 10:50:00+05:30
114.71,114.71,114.48,114.48,543.0,1775539500.0,2026-04-07 10:55:00+05:30
114.48,114.48,114.02,114.13,1824.0,1775539800.0,2026-04-07 11:00:00+05:30
114.31,114.47,114.31,114.47,620.0,1775540100.0,2026-04-07 11:05:00+05:30
114.47,114.5,113.89,113.89,5137.0,1775540400.0,2026-04-07 11:10:00+05:30
113.93,114.35,113.93,114.35,640.0,1775540700.0,2026-04-07 11:15:00+05:30
114.48,114.48,114.24,114.45,909.0,1775541000.0,2026-04-07 11:20:00+05:30
114.26,114.3,114.1,114.3,1907.0,1775541300.0,2026-04-07 11:25:00+05:30
114.39,114.39,114.05,114.05,290.0,1775541600.0,2026-04-07 11:30:00+05:30
114.05,114.24,114.0,114.2,263.0,1775541900.0,2026-04-07 11:35:00+05:30
114.19,114.3,114.19,114.3,601.0,1775542200.0,2026-04-07 11:40:00+05:30
114.06,114.36,114.06,114.33,256.0,1775542500.0,2026-04-07 11:45:00+05:30
114.33,114.33,114.33,114.33,2.0,1775542800.0,2026-04-07 11:50:00+05:30
114.11,114.39,114.11,114.39,230.0,1775543100.0,2026-04-07 11:55:00+05:30
114.39,114.39,114.32,114.32,34.0,1775543400.0,2026-04-07 12:00:00+05:30
114.39,114.39,114.39,114.39,217.0,1775543700.0,2026-04-07 12:05:00+05:30
114.39,114.39,114.3,114.36,150.0,1775544000.0,2026-04-07 12:10:00+05:30
114.36,114.36,114.35,114.35,15.0,1775544300.0,2026-04-07 12:15:00+05:30
114.35,114.35,114.13,114.34,57.0,1775544600.0,2026-04-07 12:20:00+05:30
114.23,114.23,114.23,114.23,81.0,1775544900.0,2026-04-07 12:25:00+05:30
114.01,114.05,114.0,114.0,5876.0,1775545200.0,2026-04-07 12:30:00+05:30
113.73,113.96,113.73,113.96,261.0,1775545500.0,2026-04-07 12:35:00+05:30
113.96,114.09,113.96,114.02,250.0,1775545800.0,2026-04-07 12:40:00+05:30
114.09,114.09,114.09,114.09,2162.0,1775546100.0,2026-04-07 12:45:00+05:30
114.09,114.09,113.67,113.67,608.0,1775546400.0,2026-04-07 12:50:00+05:30
113.81,113.81,113.5,113.7,1965.0,1775546700.0,2026-04-07 12:55:00+05:30
113.55,113.77,113.55,113.77,3269.0,1775547000.0,2026-04-07 13:00:00+05:30
113.77,113.77,113.45,113.52,4546.0,1775547300.0,2026-04-07 13:05:00+05:30
113.52,113.58,113.45,113.58,185.0,1775547600.0,2026-04-07 13:10:00+05:30
113.57,113.73,113.57,113.73,105.0,1775547900.0,2026-04-07 13:15:00+05:30
113.73,113.74,113.5,113.65,272.0,1775548200.0,2026-04-07 13:20:00+05:30
113.64,113.65,113.5,113.65,234.0,1775548500.0,2026-04-07 13:25:00+05:30
113.67,113.89,113.67,113.71,1309.0,1775548800.0,2026-04-07 13:30:00+05:30
113.94,114.05,113.94,114.05,104.0,1775549100.0,2026-04-07 13:35:00+05:30
113.95,113.98,113.73,113.93,1000.0,1775549400.0,2026-04-07 13:40:00+05:30
113.93,114.11,113.9,113.9,415.0,1775549700.0,2026-04-07 13:45:00+05:30
113.9,114.0,113.8,113.83,174.0,1775550000.0,2026-04-07 13:50:00+05:30
113.83,113.83,113.69,113.69,2169.0,1775550300.0,2026-04-07 13:55:00+05:30
113.69,113.85,113.69,113.82,628.0,1775550600.0,2026-04-07 14:00:00+05:30
113.87,113.87,113.6,113.6,3320.0,1775550900.0,2026-04-07 14:05:00+05:30
113.6,113.6,113.5,113.5,2378.0,1775551200.0,2026-04-07 14:10:00+05:30
113.5,113.67,113.5,113.5,428.0,1775551500.0,2026-04-07 14:15:00+05:30
113.5,113.76,113.5,113.54,368.0,1775551800.0,2026-04-07 14:20:00+05:30
113.86,113.86,113.66,113.77,1170.0,1775552100.0,2026-04-07 14:25:00+05:30
113.77,113.83,113.54,113.79,514.0,1775552400.0,2026-04-07 14:30:00+05:30
113.8,114.0,113.51,113.85,3167.0,1775552700.0,2026-04-07 14:35:00+05:30
113.85,113.85,113.82,113.82,160.0,1775553000.0,2026-04-07 14:40:00+05:30
113.81,113.98,113.5,113.8,3191.0,1775553300.0,2026-04-07 14:45:00+05:30
113.8,113.88,113.7,113.88,400.0,1775553600.0,2026-04-07 14:50:00+05:30
113.71,114.08,113.7,114.0,2818.0,1775553900.0,2026-04-07 14:55:00+05:30
113.84,114.19,113.61,114.19,2408.0,1775554200.0,2026-04-07 15:00:00+05:30
114.18,114.18,113.87,114.14,430.0,1775554500.0,2026-04-07 15:05:00+05:30
114.14,114.14,114.0,114.0,1813.0,1775554800.0,2026-04-07 15:10:00+05:30
113.95,114.48,113.73,113.78,3171.0,1775555100.0,2026-04-07 15:15:00+05:30
114.34,114.44,113.71,113.91,27947.0,1775555400.0,2026-04-07 15:20:00+05:30
114.4,114.4,113.72,114.39,13808.0,1775555700.0,2026-04-07 15:25:00+05:30
119.5,119.5,115.76,118.64,25711.0,1775619900.0,2026-04-08 09:15:00+05:30
118.72,118.72,116.36,117.29,20300.0,1775620200.0,2026-04-08 09:20:00+05:30
117.24,117.5,116.64,116.8,11542.0,1775620500.0,2026-04-08 09:25:00+05:30
116.57,117.48,116.57,117.38,6432.0,1775620800.0,2026-04-08 09:30:00+05:30
117.36,117.5,117.15,117.23,7487.0,1775621100.0,2026-04-08 09:35:00+05:30
117.1,117.75,117.1,117.64,8047.0,1775621400.0,2026-04-08 09:40:00+05:30
117.6,118.4,117.6,117.84,12932.0,1775621700.0,2026-04-08 09:45:00+05:30
117.84,117.84,117.59,117.7,4018.0,1775622000.0,2026-04-08 09:50:00+05:30
117.53,117.7,117.36,117.66,2768.0,1775622300.0,2026-04-08 09:55:00+05:30
117.36,117.58,117.34,117.4,2944.0,1775622600.0,2026-04-08 10:00:00+05:30
117.4,117.42,117.0,117.24,2406.0,1775622900.0,2026-04-08 10:05:00+05:30
117.42,117.47,117.11,117.11,4341.0,1775623200.0,2026-04-08 10:10:00+05:30
117.2,117.47,117.1,117.1,3463.0,1775623500.0,2026-04-08 10:15:00+05:30
117.1,117.8,116.57,117.49,14455.0,1775623800.0,2026-04-08 10:20:00+05:30
117.61,117.77,117.5,117.77,1889.0,1775624100.0,2026-04-08 10:25:00+05:30
117.53,118.0,117.53,117.93,10981.0,1775624400.0,2026-04-08 10:30:00+05:30
117.85,117.91,117.7,117.9,1030.0,1775624700.0,2026-04-08 10:35:00+05:30
117.97,118.4,117.9,118.32,7070.0,1775625000.0,2026-04-08 10:40:00+05:30
118.32,118.5,117.68,118.14,9927.0,1775625300.0,2026-04-08 10:45:00+05:30
118.17,118.33,118.0,118.18,1545.0,1775625600.0,2026-04-08 10:50:00+05:30
118.18,118.39,118.17,118.34,1624.0,1775625900.0,2026-04-08 10:55:00+05:30
118.2,118.37,118.2,118.35,448.0,1775626200.0,2026-04-08 11:00:00+05:30
118.0,118.14,117.92,117.92,3965.0,1775626500.0,2026-04-08 11:05:00+05:30
117.92,118.4,117.92,118.4,5176.0,1775626800.0,2026-04-08 11:10:00+05:30
118.3,118.3,117.95,118.0,1073.0,1775627100.0,2026-04-08 11:15:00+05:30
118.0,118.5,117.98,118.09,3284.0,1775627400.0,2026-04-08 11:20:00+05:30
118.2,118.2,118.04,118.15,1428.0,1775627700.0,2026-04-08 11:25:00+05:30
118.0,118.37,117.95,118.37,1591.0,1775628000.0,2026-04-08 11:30:00+05:30
118.25,118.38,117.98,117.98,2830.0,1775628300.0,2026-04-08 11:35:00+05:30
117.96,118.31,117.94,118.22,1739.0,1775628600.0,2026-04-08 11:40:00+05:30
118.29,118.29,118.14,118.15,165.0,1775628900.0,2026-04-08 11:45:00+05:30
118.15,118.29,117.79,117.79,6202.0,1775629200.0,2026-04-08 11:50:00+05:30
117.7,118.06,117.7,117.91,905.0,1775629500.0,2026-04-08 11:55:00+05:30
117.92,118.18,117.92,118.18,810.0,1775629800.0,2026-04-08 12:00:00+05:30
118.07,118.5,118.07,118.37,6703.0,1775630100.0,2026-04-08 12:05:00+05:30
118.19,118.36,118.19,118.35,1016.0,1775630400.0,2026-04-08 12:10:00+05:30
118.35,118.5,118.23,118.4,1698.0,1775630700.0,2026-04-08 12:15:00+05:30
118.45,118.45,118.29,118.29,201.0,1775631000.0,2026-04-08 12:20:00+05:30
118.42,118.42,118.12,118.12,1827.0,1775631300.0,2026-04-08 12:25:00+05:30
118.26,118.44,118.0,118.0,2371.0,1775631600.0,2026-04-08 12:30:00+05:30
117.96,118.0,117.76,117.92,330.0,1775631900.0,2026-04-08 12:35:00+05:30
117.95,118.07,117.79,118.07,1327.0,1775632200.0,2026-04-08 12:40:00+05:30
118.22,118.27,118.1,118.1,519.0,1775632500.0,2026-04-08 12:45:00+05:30
118.1,118.24,118.1,118.18,115.0,1775632800.0,2026-04-08 12:50:00+05:30
118.24,118.38,118.24,118.26,2000.0,1775633100.0,2026-04-08 12:55:00+05:30
118.3,118.3,118.1,118.23,1046.0,1775633400.0,2026-04-08 13:00:00+05:30
118.23,118.3,118.15,118.3,177.0,1775633700.0,2026-04-08 13:05:00+05:30
118.3,118.9,118.3,118.35,20199.0,1775634000.0,2026-04-08 13:10:00+05:30
118.32,119.25,118.31,118.85,21530.0,1775634300.0,2026-04-08 13:15:00+05:30
118.98,119.0,118.68,118.68,3552.0,1775634600.0,2026-04-08 13:20:00+05:30
118.68,118.68,118.59,118.59,721.0,1775634900.0,2026-04-08 13:25:00+05:30
118.59,119.6,118.59,119.31,13166.0,1775635200.0,2026-04-08 13:30:00+05:30
120.0,120.51,119.71,120.48,42795.0,1775635500.0,2026-04-08 13:35:00+05:30
120.28,120.5,119.76,120.0,10158.0,1775635800.0,2026-04-08 13:40:00+05:30
120.0,120.33,119.38,120.04,11168.0,1775636100.0,2026-04-08 13:45:00+05:30
120.28,120.5,120.07,120.37,7193.0,1775636400.0,2026-04-08 13:50:00+05:30
120.01,120.8,120.01,120.5,12000.0,1775636700.0,2026-04-08 13:55:00+05:30
120.53,120.7,120.25,120.48,3895.0,1775637000.0,2026-04-08 14:00:00+05:30
120.48,120.64,120.42,120.47,3633.0,1775637300.0,2026-04-08 14:05:00+05:30
120.47,120.64,120.25,120.6,1384.0,1775637600.0,2026-04-08 14:10:00+05:30
120.58,120.58,120.02,120.06,2170.0,1775637900.0,2026-04-08 14:15:00+05:30
120.08,120.64,120.08,120.49,5058.0,1775638200.0,2026-04-08 14:20:00+05:30
120.64,121.73,120.48,121.45,20636.0,1775638500.0,2026-04-08 14:25:00+05:30
121.46,121.5,121.15,121.35,607.0,1775638800.0,2026-04-08 14:30:00+05:30
121.21,121.39,121.04,121.31,2590.0,1775639100.0,2026-04-08 14:35:00+05:30
121.12,122.0,121.12,121.52,17480.0,1775639400.0,2026-04-08 14:40:00+05:30
121.31,122.81,121.31,122.5,43826.0,1775639700.0,2026-04-08 14:45:00+05:30
122.14,122.17,121.87,121.95,992.0,1775640000.0,2026-04-08 14:50:00+05:30
121.76,121.76,121.44,121.52,821.0,1775640300.0,2026-04-08 14:55:00+05:30
121.52,122.2,121.12,121.9,8948.0,1775640600.0,2026-04-08 15:00:00+05:30
121.75,121.75,121.14,121.65,4794.0,1775640900.0,2026-04-08 15:05:00+05:30
121.65,121.89,121.6,121.8,8159.0,1775641200.0,2026-04-08 15:10:00+05:30
121.7,121.7,120.1,121.21,15902.0,1775641500.0,2026-04-08 15:15:00+05:30
121.2,121.44,120.89,120.97,8041.0,1775641800.0,2026-04-08 15:20:00+05:30
121.0,121.09,120.71,121.0,7691.0,1775642100.0,2026-04-08 15:25:00+05:30
124.79,128.9,124.23,125.68,244697.0,1775706300.0,2026-04-09 09:15:00+05:30
125.67,126.0,124.47,124.81,101335.0,1775706600.0,2026-04-09 09:20:00+05:30
124.81,125.96,124.67,125.16,44154.0,1775706900.0,2026-04-09 09:25:00+05:30
125.3,125.58,123.14,123.62,79054.0,1775707200.0,2026-04-09 09:30:00+05:30
123.6,124.54,123.3,124.22,45367.0,1775707500.0,2026-04-09 09:35:00+05:30
123.88,124.5,123.52,123.65,51245.0,1775707800.0,2026-04-09 09:40:00+05:30
123.87,124.5,123.32,123.45,23145.0,1775708100.0,2026-04-09 09:45:00+05:30
123.3,123.36,123.05,123.06,12282.0,1775708400.0,2026-04-09 09:50:00+05:30
123.06,123.52,122.65,123.2,35371.0,1775708700.0,2026-04-09 09:55:00+05:30
122.89,123.31,122.22,122.66,15860.0,1775709000.0,2026-04-09 10:00:00+05:30
122.61,123.18,122.61,123.18,5182.0,1775709300.0,2026-04-09 10:05:00+05:30
123.23,123.99,123.23,123.68,17441.0,1775709600.0,2026-04-09 10:10:00+05:30
123.65,124.32,123.65,124.3,30080.0,1775709900.0,2026-04-09 10:15:00+05:30
124.3,124.3,123.79,124.22,18108.0,1775710200.0,2026-04-09 10:20:00+05:30
124.27,124.27,123.46,123.97,9176.0,1775710500.0,2026-04-09 10:25:00+05:30
123.88,124.5,123.85,124.0,13394.0,1775710800.0,2026-04-09 10:30:00+05:30
124.14,124.39,123.84,123.85,9152.0,1775711100.0,2026-04-09 10:35:00+05:30
123.87,124.18,123.72,123.91,7310.0,1775711400.0,2026-04-09 10:40:00+05:30
123.84,124.22,123.69,123.99,3753.0,1775711700.0,2026-04-09 10:45:00+05:30
123.99,124.09,123.58,123.58,3660.0,1775712000.0,2026-04-09 10:50:00+05:30
123.59,123.76,122.96,123.62,19846.0,1775712300.0,2026-04-09 10:55:00+05:30
123.61,123.85,123.43,123.7,5038.0,1775712600.0,2026-04-09 11:00:00+05:30
123.7,123.81,123.51,123.81,4056.0,1775712900.0,2026-04-09 11:05:00+05:30
123.54,123.55,123.36,123.55,2096.0,1775713200.0,2026-04-09 11:10:00+05:30
123.47,123.66,123.1,123.38,3040.0,1775713500.0,2026-04-09 11:15:00+05:30
123.29,123.41,123.2,123.36,2164.0,1775713800.0,2026-04-09 11:20:00+05:30
123.44,123.85,123.38,123.74,3421.0,1775714100.0,2026-04-09 11:25:00+05:30
123.56,124.0,123.56,123.99,4353.0,1775714400.0,2026-04-09 11:30:00+05:30
123.95,123.95,123.64,123.83,5829.0,1775714700.0,2026-04-09 11:35:00+05:30
123.66,124.23,123.51,124.17,10655.0,1775715000.0,2026-04-09 11:40:00+05:30
124.4,124.5,123.94,123.94,3507.0,1775715300.0,2026-04-09 11:45:00+05:30
123.95,124.13,123.94,123.94,928.0,1775715600.0,2026-04-09 11:50:00+05:30
124.08,124.08,123.7,123.7,8879.0,1775715900.0,2026-04-09 11:55:00+05:30
123.65,123.65,123.35,123.35,6793.0,1775716200.0,2026-04-09 12:00:00+05:30
123.35,123.78,123.2,123.74,26985.0,1775716500.0,2026-04-09 12:05:00+05:30
123.74,123.87,123.57,123.57,977.0,1775716800.0,2026-04-09 12:10:00+05:30
123.57,123.7,123.38,123.39,3444.0,1775717100.0,2026-04-09 12:15:00+05:30
123.5,123.7,123.38,123.7,1923.0,1775717400.0,2026-04-09 12:20:00+05:30
123.5,123.51,123.3,123.5,6220.0,1775717700.0,2026-04-09 12:25:00+05:30
123.5,123.5,123.2,123.38,1944.0,1775718000.0,2026-04-09 12:30:00+05:30
123.2,123.4,123.2,123.24,633.0,1775718300.0,2026-04-09 12:35:00+05:30
123.24,123.34,123.24,123.24,835.0,1775718600.0,2026-04-09 12:40:00+05:30
123.35,123.38,122.4,122.4,15992.0,1775718900.0,2026-04-09 12:45:00+05:30
122.3,122.76,122.3,122.7,6340.0,1775719200.0,2026-04-09 12:50:00+05:30
122.7,123.03,122.7,122.8,4681.0,1775719500.0,2026-04-09 12:55:00+05:30
122.96,123.16,122.51,122.9,8410.0,1775719800.0,2026-04-09 13:00:00+05:30
122.6,123.55,122.6,123.09,21461.0,1775720100.0,2026-04-09 13:05:00+05:30
123.12,123.15,122.82,122.91,3628.0,1775720400.0,2026-04-09 13:10:00+05:30
122.84,122.84,122.5,122.51,11538.0,1775720700.0,2026-04-09 13:15:00+05:30
122.51,122.75,122.49,122.63,6156.0,1775721000.0,2026-04-09 13:20:00+05:30
122.62,122.62,121.71,121.71,16588.0,1775721300.0,2026-04-09 13:25:00+05:30
121.86,122.23,121.86,122.11,8609.0,1775721600.0,2026-04-09 13:30:00+05:30
122.11,122.22,122.1,122.19,4497.0,1775721900.0,2026-04-09 13:35:00+05:30
122.19,122.2,121.9,121.9,10548.0,1775722200.0,2026-04-09 13:40:00+05:30
121.88,121.9,121.61,121.9,9352.0,1775722500.0,2026-04-09 13:45:00+05:30
121.8,122.46,121.8,122.08,4212.0,1775722800.0,2026-04-09 13:50:00+05:30
122.1,122.48,122.09,122.48,1745.0,1775723100.0,2026-04-09 13:55:00+05:30
122.48,122.48,122.11,122.34,878.0,1775723400.0,2026-04-09 14:00:00+05:30
122.34,122.47,122.11,122.46,3604.0,1775723700.0,2026-04-09 14:05:00+05:30
122.32,122.47,122.11,122.11,1495.0,1775724000.0,2026-04-09 14:10:00+05:30
122.11,122.32,122.1,122.21,2265.0,1775724300.0,2026-04-09 14:15:00+05:30
122.31,122.31,122.0,122.0,2626.0,1775724600.0,2026-04-09 14:20:00+05:30
122.0,122.22,121.9,121.9,4173.0,1775724900.0,2026-04-09 14:25:00+05:30
121.95,122.34,121.7,122.3,10629.0,1775725200.0,2026-04-09 14:30:00+05:30
122.24,122.28,122.03,122.12,1000.0,1775725500.0,2026-04-09 14:35:00+05:30
122.39,122.83,122.2,122.79,6118.0,1775725800.0,2026-04-09 14:40:00+05:30
122.38,122.74,122.31,122.67,3216.0,1775726100.0,2026-04-09 14:45:00+05:30
123.11,123.15,122.08,122.47,27632.0,1775726400.0,2026-04-09 14:50:00+05:30
122.47,122.84,122.2,122.55,5260.0,1775726700.0,2026-04-09 14:55:00+05:30
122.72,122.79,122.31,122.46,6101.0,1775727000.0,2026-04-09 15:00:00+05:30
122.46,123.44,122.21,122.9,37631.0,1775727300.0,2026-04-09 15:05:00+05:30
122.9,123.3,122.1,122.75,42269.0,1775727600.0,2026-04-09 15:10:00+05:30
122.82,123.29,122.5,122.62,31158.0,1775727900.0,2026-04-09 15:15:00+05:30
122.84,122.9,122.01,122.13,30736.0,1775728200.0,2026-04-09 15:20:00+05:30
122.0,122.43,121.1,121.16,33343.0,1775728500.0,2026-04-09 15:25:00+05:30
123.45,123.6,122.21,123.07,26100.0,1775792700.0,2026-04-10 09:15:00+05:30
123.37,124.0,122.93,122.93,10602.0,1775793000.0,2026-04-10 09:20:00+05:30
122.96,123.88,122.96,123.69,6715.0,1775793300.0,2026-04-10 09:25:00+05:30
123.7,124.23,123.7,123.77,6902.0,1775793600.0,2026-04-10 09:30:00+05:30
123.7,123.7,123.31,123.6,2298.0,1775793900.0,2026-04-10 09:35:00+05:30
123.45,123.89,123.45,123.79,3891.0,1775794200.0,2026-04-10 09:40:00+05:30
123.8,123.8,123.33,123.72,1078.0,1775794500.0,2026-04-10 09:45:00+05:30
123.7,123.81,123.48,123.63,6908.0,1775794800.0,2026-04-10 09:50:00+05:30
123.63,123.64,123.32,123.64,3249.0,1775795100.0,2026-04-10 09:55:00+05:30
123.42,123.57,123.31,123.4,2112.0,1775795400.0,2026-04-10 10:00:00+05:30
123.27,123.35,123.0,123.35,2317.0,1775795700.0,2026-04-10 10:05:00+05:30
123.49,123.6,123.3,123.44,2734.0,1775796000.0,2026-04-10 10:10:00+05:30
123.43,124.0,123.36,124.0,6011.0,1775796300.0,2026-04-10 10:15:00+05:30
124.0,124.0,123.81,123.81,862.0,1775796600.0,2026-04-10 10:20:00+05:30
123.8,123.98,123.73,123.73,1112.0,1775796900.0,2026-04-10 10:25:00+05:30
123.84,123.87,123.69,123.85,230.0,1775797200.0,2026-04-10 10:30:00+05:30
123.85,123.85,123.7,123.79,493.0,1775797500.0,2026-04-10 10:35:00+05:30
123.68,124.0,123.68,123.89,737.0,1775797800.0,2026-04-10 10:40:00+05:30
123.98,123.98,123.73,123.8,582.0,1775798100.0,2026-04-10 10:45:00+05:30
123.8,123.89,123.54,123.57,1814.0,1775798400.0,2026-04-10 10:50:00+05:30
123.61,123.91,123.51,123.91,2700.0,1775798700.0,2026-04-10 10:55:00+05:30
123.98,123.99,123.69,123.69,390.0,1775799000.0,2026-04-10 11:00:00+05:30
123.71,123.8,123.5,123.62,2044.0,1775799300.0,2026-04-10 11:05:00+05:30
123.64,123.82,123.42,123.53,440.0,1775799600.0,2026-04-10 11:10:00+05:30
123.55,123.56,123.55,123.56,202.0,1775799900.0,2026-04-10 11:15:00+05:30
123.56,123.56,123.37,123.52,399.0,1775800200.0,2026-04-10 11:20:00+05:30
123.52,123.52,123.28,123.29,736.0,1775800500.0,2026-04-10 11:25:00+05:30
123.47,123.48,123.28,123.28,255.0,1775800800.0,2026-04-10 11:30:00+05:30
123.25,123.45,122.84,123.02,7718.0,1775801100.0,2026-04-10 11:35:00+05:30
122.98,122.98,122.65,122.65,583.0,1775801400.0,2026-04-10 11:40:00+05:30
122.65,122.89,122.51,122.7,3937.0,1775801700.0,2026-04-10 11:45:00+05:30
122.5,122.56,122.5,122.55,1402.0,1775802000.0,2026-04-10 11:50:00+05:30
122.55,122.83,122.55,122.68,630.0,1775802300.0,2026-04-10 11:55:00+05:30
122.69,122.69,122.68,122.68,42.0,1775802600.0,2026-04-10 12:00:00+05:30
122.92,122.96,122.71,122.73,1851.0,1775802900.0,2026-04-10 12:05:00+05:30
122.73,123.58,122.73,123.58,16681.0,1775803200.0,2026-04-10 12:10:00+05:30
123.46,123.5,123.35,123.35,840.0,1775803500.0,2026-04-10 12:15:00+05:30
123.35,123.49,123.35,123.49,521.0,1775803800.0,2026-04-10 12:20:00+05:30
123.49,123.61,123.31,123.56,1892.0,1775804100.0,2026-04-10 12:25:00+05:30
123.56,123.56,123.35,123.52,355.0,1775804400.0,2026-04-10 12:30:00+05:30
123.52,123.52,123.35,123.5,47.0,1775804700.0,2026-04-10 12:35:00+05:30
123.31,123.53,123.31,123.39,1424.0,1775805000.0,2026-04-10 12:40:00+05:30
123.39,123.48,123.31,123.48,125.0,1775805300.0,2026-04-10 12:45:00+05:30
123.3,123.3,123.3,123.3,120.0,1775805600.0,2026-04-10 12:50:00+05:30
123.02,123.29,123.0,123.0,3595.0,1775805900.0,2026-04-10 12:55:00+05:30
123.0,123.13,122.76,123.13,3658.0,1775806200.0,2026-04-10 13:00:00+05:30
123.13,123.3,123.11,123.11,718.0,1775806500.0,2026-04-10 13:05:00+05:30
123.13,123.38,123.12,123.38,305.0,1775806800.0,2026-04-10 13:10:00+05:30
123.38,123.48,123.32,123.48,641.0,1775807100.0,2026-04-10 13:15:00+05:30
123.32,123.45,123.31,123.35,1085.0,1775807400.0,2026-04-10 13:20:00+05:30
123.35,123.46,123.35,123.45,1001.0,1775807700.0,2026-04-10 13:25:00+05:30
123.45,123.46,123.21,123.4,646.0,1775808000.0,2026-04-10 13:30:00+05:30
123.4,123.4,123.3,123.3,1090.0,1775808300.0,2026-04-10 13:35:00+05:30
123.3,123.46,123.3,123.46,1353.0,1775808600.0,2026-04-10 13:40:00+05:30
123.46,123.46,123.27,123.42,446.0,1775808900.0,2026-04-10 13:45:00+05:30
123.46,123.46,123.45,123.45,1004.0,1775809200.0,2026-04-10 13:50:00+05:30
123.46,123.46,123.3,123.45,1155.0,1775809500.0,2026-04-10 13:55:00+05:30
123.45,123.45,123.28,123.4,144.0,1775809800.0,2026-04-10 14:00:00+05:30
123.28,123.4,123.28,123.38,2698.0,1775810100.0,2026-04-10 14:05:00+05:30
123.38,123.38,123.29,123.29,22.0,1775810400.0,2026-04-10 14:10:00+05:30
123.16,123.16,122.91,122.91,7005.0,1775810700.0,2026-04-10 14:15:00+05:30
122.91,122.98,122.74,122.9,565.0,1775811000.0,2026-04-10 14:20:00+05:30
122.9,122.94,122.8,122.94,1177.0,1775811300.0,2026-04-10 14:25:00+05:30
122.72,122.94,122.72,122.94,491.0,1775811600.0,2026-04-10 14:30:00+05:30
123.11,123.28,122.8,122.8,2249.0,1775811900.0,2026-04-10 14:35:00+05:30
122.8,122.99,122.8,122.99,1271.0,1775812200.0,2026-04-10 14:40:00+05:30
122.99,123.34,122.78,123.34,3143.0,1775812500.0,2026-04-10 14:45:00+05:30
123.34,123.34,123.0,123.0,392.0,1775812800.0,2026-04-10 14:50:00+05:30
123.0,123.04,122.86,123.04,283.0,1775813100.0,2026-04-10 14:55:00+05:30
123.1,123.32,123.1,123.24,1925.0,1775813400.0,2026-04-10 15:00:00+05:30
123.11,123.24,123.09,123.14,2065.0,1775813700.0,2026-04-10 15:05:00+05:30
123.24,123.24,123.05,123.1,4619.0,1775814000.0,2026-04-10 15:10:00+05:30
123.09,123.17,122.58,122.99,6115.0,1775814300.0,2026-04-10 15:15:00+05:30
122.89,123.0,122.5,122.5,9926.0,1775814600.0,2026-04-10 15:20:00+05:30
122.78,123.24,122.1,122.1,21016.0,1775814900.0,2026-04-10 15:25:00+05:30
118.05,121.45,117.51,118.58,27625.0,1776051900.0,2026-04-13 09:15:00+05:30
118.93,119.32,118.62,118.9,10537.0,1776052200.0,2026-04-13 09:20:00+05:30
118.9,119.38,118.78,119.27,15911.0,1776052500.0,2026-04-13 09:25:00+05:30
119.3,119.79,119.11,119.79,1809.0,1776052800.0,2026-04-13 09:30:00+05:30
119.62,119.77,118.9,118.9,9842.0,1776053100.0,2026-04-13 09:35:00+05:30
118.74,119.38,118.63,119.34,6979.0,1776053400.0,2026-04-13 09:40:00+05:30
119.28,119.28,118.73,118.9,1906.0,1776053700.0,2026-04-13 09:45:00+05:30
118.75,119.51,118.75,119.51,4821.0,1776054000.0,2026-04-13 09:50:00+05:30
119.51,119.66,119.16,119.4,3375.0,1776054300.0,2026-04-13 09:55:00+05:30
119.4,119.89,119.16,119.67,16425.0,1776054600.0,2026-04-13 10:00:00+05:30
119.48,120.29,119.48,120.27,13013.0,1776054900.0,2026-04-13 10:05:00+05:30
120.34,120.5,120.08,120.21,9238.0,1776055200.0,2026-04-13 10:10:00+05:30
120.15,120.32,120.02,120.23,848.0,1776055500.0,2026-04-13 10:15:00+05:30
120.23,120.89,120.23,120.7,25888.0,1776055800.0,2026-04-13 10:20:00+05:30
120.7,120.89,120.59,120.69,5210.0,1776056100.0,2026-04-13 10:25:00+05:30
120.69,120.7,120.21,120.21,5939.0,1776056400.0,2026-04-13 10:30:00+05:30
120.21,120.41,119.99,120.07,11405.0,1776056700.0,2026-04-13 10:35:00+05:30
120.1,120.29,119.75,120.23,3523.0,1776057000.0,2026-04-13 10:40:00+05:30
120.44,120.85,120.44,120.85,5293.0,1776057300.0,2026-04-13 10:45:00+05:30
120.84,121.0,120.84,121.0,5801.0,1776057600.0,2026-04-13 10:50:00+05:30
121.0,121.2,121.0,121.0,1934.0,1776057900.0,2026-04-13 10:55:00+05:30
121.0,121.0,120.61,120.8,1188.0,1776058200.0,2026-04-13 11:00:00+05:30
120.63,120.74,120.51,120.69,958.0,1776058500.0,2026-04-13 11:05:00+05:30
120.69,120.99,120.5,120.77,5173.0,1776058800.0,2026-04-13 11:10:00+05:30
120.77,120.97,120.77,120.97,372.0,1776059100.0,2026-04-13 11:15:00+05:30
120.97,120.97,120.61,120.87,1990.0,1776059400.0,2026-04-13 11:20:00+05:30
120.87,121.14,120.57,121.05,4163.0,1776059700.0,2026-04-13 11:25:00+05:30
120.87,120.87,120.78,120.78,115.0,1776060000.0,2026-04-13 11:30:00+05:30
120.78,120.81,120.66,120.81,612.0,1776060300.0,2026-04-13 11:35:00+05:30
120.81,121.0,120.81,121.0,164.0,1776060600.0,2026-04-13 11:40:00+05:30
120.78,121.0,120.71,120.96,1109.0,1776060900.0,2026-04-13 11:45:00+05:30
121.02,121.02,120.82,120.82,1627.0,1776061200.0,2026-04-13 11:50:00+05:30
121.0,121.0,120.8,120.99,749.0,1776061500.0,2026-04-13 11:55:00+05:30
120.82,120.99,120.51,120.77,10395.0,1776061800.0,2026-04-13 12:00:00+05:30
120.61,120.77,120.6,120.6,619.0,1776062100.0,2026-04-13 12:05:00+05:30
120.59,120.59,120.23,120.46,892.0,1776062400.0,2026-04-13 12:10:00+05:30
121.05,121.5,121.05,121.5,31772.0,1776062700.0,2026-04-13 12:15:00+05:30
121.6,121.85,121.49,121.49,2975.0,1776063000.0,2026-04-13 12:20:00+05:30
121.49,121.49,121.4,121.4,131.0,1776063300.0,2026-04-13 12:25:00+05:30
121.34,121.5,121.25,121.25,3043.0,1776063600.0,2026-04-13 12:30:00+05:30
121.25,121.25,120.97,121.15,14277.0,1776063900.0,2026-04-13 12:35:00+05:30
121.15,121.15,120.9,120.9,734.0,1776064200.0,2026-04-13 12:40:00+05:30
121.06,121.06,121.0,121.0,5.0,1776064500.0,2026-04-13 12:45:00+05:30
120.9,120.96,120.7,120.7,798.0,1776064800.0,2026-04-13 12:50:00+05:30
120.74,120.74,120.26,120.26,1335.0,1776065100.0,2026-04-13 12:55:00+05:30
120.25,120.4,120.17,120.17,4242.0,1776065400.0,2026-04-13 13:00:00+05:30
120.21,120.21,120.1,120.1,1059.0,1776065700.0,2026-04-13 13:05:00+05:30
120.06,120.33,120.06,120.33,157.0,1776066000.0,2026-04-13 13:10:00+05:30
120.32,120.32,120.3,120.3,123.0,1776066300.0,2026-04-13 13:15:00+05:30
120.19,120.3,120.14,120.14,517.0,1776066600.0,2026-04-13 13:20:00+05:30
120.33,121.32,120.33,121.32,21301.0,1776066900.0,2026-04-13 13:25:00+05:30
121.32,121.32,121.12,121.12,661.0,1776067200.0,2026-04-13 13:30:00+05:30
121.12,121.46,121.12,121.31,1653.0,1776067500.0,2026-04-13 13:35:00+05:30
121.31,121.31,121.01,121.01,1989.0,1776067800.0,2026-04-13 13:40:00+05:30
121.0,121.02,121.0,121.02,3381.0,1776068100.0,2026-04-13 13:45:00+05:30
121.02,121.02,121.02,121.02,0.0,1776068400.0,2026-04-13 13:50:00+05:30
121.2,121.44,121.2,121.44,627.0,1776068700.0,2026-04-13 13:55:00+05:30
121.32,121.32,121.23,121.25,709.0,1776069000.0,2026-04-13 14:00:00+05:30
121.25,121.25,120.8,120.8,11379.0,1776069300.0,2026-04-13 14:05:00+05:30
120.8,121.38,120.8,121.03,5623.0,1776069600.0,2026-04-13 14:10:00+05:30
121.04,121.21,121.0,121.21,1290.0,1776069900.0,2026-04-13 14:15:00+05:30
121.21,121.21,121.01,121.02,572.0,1776070200.0,2026-04-13 14:20:00+05:30
121.02,121.17,121.01,121.17,473.0,1776070500.0,2026-04-13 14:25:00+05:30
121.17,121.21,121.02,121.02,350.0,1776070800.0,2026-04-13 14:30:00+05:30
121.02,121.22,121.02,121.22,331.0,1776071100.0,2026-04-13 14:35:00+05:30
121.22,121.22,121.0,121.19,1129.0,1776071400.0,2026-04-13 14:40:00+05:30
121.19,121.2,121.03,121.2,352.0,1776071700.0,2026-04-13 14:45:00+05:30
121.2,121.23,121.2,121.23,3969.0,1776072000.0,2026-04-13 14:50:00+05:30
121.15,121.25,121.01,121.07,1043.0,1776072300.0,2026-04-13 14:55:00+05:30
121.0,121.22,120.82,120.99,6017.0,1776072600.0,2026-04-13 15:00:00+05:30
120.97,121.09,120.71,121.05,6026.0,1776072900.0,2026-04-13 15:05:00+05:30
121.05,121.4,121.05,121.25,6583.0,1776073200.0,2026-04-13 15:10:00+05:30
121.28,121.28,120.21,120.76,34655.0,1776073500.0,2026-04-13 15:15:00+05:30
120.73,120.73,119.72,120.0,31164.0,1776073800.0,2026-04-13 15:20:00+05:30
119.94,121.19,119.35,121.19,12932.0,1776074100.0,2026-04-13 15:25:00+05:30
123.3,123.92,122.58,122.87,9484.0,1776224700.0,2026-04-15 09:15:00+05:30
122.85,122.9,122.2,122.57,7095.0,1776225000.0,2026-04-15 09:20:00+05:30
122.31,122.6,122.1,122.43,5140.0,1776225300.0,2026-04-15 09:25:00+05:30
122.23,123.2,122.23,122.77,7999.0,1776225600.0,2026-04-15 09:30:00+05:30
122.74,123.18,122.74,123.0,4541.0,1776225900.0,2026-04-15 09:35:00+05:30
122.94,123.25,122.94,123.25,772.0,1776226200.0,2026-04-15 09:40:00+05:30
123.13,123.5,123.13,123.28,2451.0,1776226500.0,2026-04-15 09:45:00+05:30
123.4,123.4,123.2,123.2,631.0,1776226800.0,2026-04-15 09:50:00+05:30
123.2,124.25,123.2,123.88,8921.0,1776227100.0,2026-04-15 09:55:00+05:30
123.76,123.91,123.41,123.56,2610.0,1776227400.0,2026-04-15 10:00:00+05:30
123.59,123.79,123.48,123.53,1838.0,1776227700.0,2026-04-15 10:05:00+05:30
123.48,123.7,123.45,123.69,1487.0,1776228000.0,2026-04-15 10:10:00+05:30
123.64,123.69,123.37,123.37,2301.0,1776228300.0,2026-04-15 10:15:00+05:30
123.47,123.5,123.31,123.45,1191.0,1776228600.0,2026-04-15 10:20:00+05:30
123.45,123.46,123.32,123.32,2028.0,1776228900.0,2026-04-15 10:25:00+05:30
123.45,123.48,123.45,123.48,102.0,1776229200.0,2026-04-15 10:30:00+05:30
123.34,123.48,123.3,123.4,865.0,1776229500.0,2026-04-15 10:35:00+05:30
123.4,123.46,123.28,123.4,2216.0,1776229800.0,2026-04-15 10:40:00+05:30
123.24,123.35,123.24,123.27,1128.0,1776230100.0,2026-04-15 10:45:00+05:30
123.25,123.28,123.04,123.28,1476.0,1776230400.0,2026-04-15 10:50:00+05:30
123.29,123.55,123.1,123.46,6165.0,1776230700.0,2026-04-15 10:55:00+05:30
123.33,123.49,123.21,123.21,850.0,1776231000.0,2026-04-15 11:00:00+05:30
123.23,123.43,123.23,123.31,1451.0,1776231300.0,2026-04-15 11:05:00+05:30
123.31,123.38,123.25,123.25,746.0,1776231600.0,2026-04-15 11:10:00+05:30
123.23,123.25,123.01,123.24,1151.0,1776231900.0,2026-04-15 11:15:00+05:30
123.25,123.25,123.15,123.25,109.0,1776232200.0,2026-04-15 11:20:00+05:30
123.25,123.25,123.15,123.2,1461.0,1776232500.0,2026-04-15 11:25:00+05:30
123.2,123.2,123.03,123.17,367.0,1776232800.0,2026-04-15 11:30:00+05:30
123.17,123.21,123.02,123.1,344.0,1776233100.0,2026-04-15 11:35:00+05:30
123.0,123.2,123.0,123.17,2013.0,1776233400.0,2026-04-15 11:40:00+05:30
123.17,123.23,123.17,123.23,229.0,1776233700.0,2026-04-15 11:45:00+05:30
123.23,123.25,123.01,123.17,1740.0,1776234000.0,2026-04-15 11:50:00+05:30
123.17,123.2,123.11,123.2,479.0,1776234300.0,2026-04-15 11:55:00+05:30
123.2,123.36,123.2,123.36,94.0,1776234600.0,2026-04-15 12:00:00+05:30
123.36,123.38,123.01,123.3,3538.0,1776234900.0,2026-04-15 12:05:00+05:30
123.3,123.3,123.18,123.3,24.0,1776235200.0,2026-04-15 12:10:00+05:30
123.3,123.3,123.18,123.18,6.0,1776235500.0,2026-04-15 12:15:00+05:30
123.3,123.3,123.07,123.16,3607.0,1776235800.0,2026-04-15 12:20:00+05:30
123.16,123.38,123.16,123.38,1074.0,1776236100.0,2026-04-15 12:25:00+05:30
123.22,123.22,123.1,123.1,205.0,1776236400.0,2026-04-15 12:30:00+05:30
123.0,123.0,123.0,123.0,1638.0,1776236700.0,2026-04-15 12:35:00+05:30
123.09,123.2,123.09,123.09,172.0,1776237000.0,2026-04-15 12:40:00+05:30
123.07,123.09,123.04,123.05,560.0,1776237300.0,2026-04-15 12:45:00+05:30
123.06,123.06,122.81,122.89,1655.0,1776237600.0,2026-04-15 12:50:00+05:30
122.94,122.95,122.86,122.94,586.0,1776237900.0,2026-04-15 12:55:00+05:30
122.94,122.95,122.82,122.89,201.0,1776238200.0,2026-04-15 13:00:00+05:30
122.88,122.89,122.78,122.89,1242.0,1776238500.0,2026-04-15 13:05:00+05:30
122.89,122.91,122.76,122.76,733.0,1776238800.0,2026-04-15 13:10:00+05:30
122.91,122.91,122.76,122.76,533.0,1776239100.0,2026-04-15 13:15:00+05:30
122.76,122.93,122.75,122.75,1120.0,1776239400.0,2026-04-15 13:20:00+05:30
122.75,122.9,122.75,122.9,116.0,1776239700.0,2026-04-15 13:25:00+05:30
122.89,123.06,122.89,123.0,2784.0,1776240000.0,2026-04-15 13:30:00+05:30
122.98,122.98,122.86,122.86,314.0,1776240300.0,2026-04-15 13:35:00+05:30
122.86,122.86,122.78,122.78,680.0,1776240600.0,2026-04-15 13:40:00+05:30
122.78,122.94,122.78,122.9,393.0,1776240900.0,2026-04-15 13:45:00+05:30
122.95,122.98,122.9,122.9,828.0,1776241200.0,2026-04-15 13:50:00+05:30
123.01,123.01,122.9,122.93,506.0,1776241500.0,2026-04-15 13:55:00+05:30
122.93,123.09,122.91,123.09,2834.0,1776241800.0,2026-04-15 14:00:00+05:30
122.92,122.99,122.92,122.99,104.0,1776242100.0,2026-04-15 14:05:00+05:30
122.28,122.57,121.94,122.53,34880.0,1776242400.0,2026-04-15 14:10:00+05:30
122.53,122.53,122.33,122.45,1053.0,1776242700.0,2026-04-15 14:15:00+05:30
122.45,122.47,122.35,122.47,117.0,1776243000.0,2026-04-15 14:20:00+05:30
122.47,122.47,122.35,122.47,151.0,1776243300.0,2026-04-15 14:25:00+05:30
122.47,122.58,122.47,122.47,242.0,1776243600.0,2026-04-15 14:30:00+05:30
122.47,122.47,122.43,122.44,563.0,1776243900.0,2026-04-15 14:35:00+05:30
122.44,122.68,122.36,122.45,4116.0,1776244200.0,2026-04-15 14:40:00+05:30
122.36,122.56,122.36,122.52,283.0,1776244500.0,2026-04-15 14:45:00+05:30
122.52,122.72,122.52,122.63,1171.0,1776244800.0,2026-04-15 14:50:00+05:30
122.5,122.66,122.5,122.5,1016.0,1776245100.0,2026-04-15 14:55:00+05:30
122.5,122.66,122.5,122.62,531.0,1776245400.0,2026-04-15 15:00:00+05:30
122.62,122.74,122.51,122.66,5221.0,1776245700.0,2026-04-15 15:05:00+05:30
122.65,122.71,121.81,122.0,18075.0,1776246000.0,2026-04-15 15:10:00+05:30
121.79,122.31,121.67,121.67,27294.0,1776246300.0,2026-04-15 15:15:00+05:30
121.85,123.08,121.68,122.92,15044.0,1776246600.0,2026-04-15 15:20:00+05:30
122.55,123.0,121.83,122.95,6090.0,1776246900.0,2026-04-15 15:25:00+05:30
124.4,124.4,123.09,123.33,11109.0,1776311100.0,2026-04-16 09:15:00+05:30
123.34,124.07,123.34,123.81,7193.0,1776311400.0,2026-04-16 09:20:00+05:30
123.74,123.85,123.09,123.1,16849.0,1776311700.0,2026-04-16 09:25:00+05:30
123.13,123.19,122.66,122.7,6526.0,1776312000.0,2026-04-16 09:30:00+05:30
122.53,122.83,122.01,122.25,14983.0,1776312300.0,2026-04-16 09:35:00+05:30
122.1,122.31,121.84,121.9,6851.0,1776312600.0,2026-04-16 09:40:00+05:30
121.91,121.99,121.5,121.99,3623.0,1776312900.0,2026-04-16 09:45:00+05:30
121.83,122.0,121.78,121.88,659.0,1776313200.0,2026-04-16 09:50:00+05:30
122.03,122.06,121.4,121.4,8792.0,1776313500.0,2026-04-16 09:55:00+05:30
121.4,121.55,121.32,121.41,2782.0,1776313800.0,2026-04-16 10:00:00+05:30
121.41,121.88,121.41,121.87,1122.0,1776314100.0,2026-04-16 10:05:00+05:30
121.88,121.88,121.61,121.8,1821.0,1776314400.0,2026-04-16 10:10:00+05:30
121.8,121.87,121.5,121.56,2841.0,1776314700.0,2026-04-16 10:15:00+05:30
121.61,121.68,121.41,121.41,3781.0,1776315000.0,2026-04-16 10:20:00+05:30
121.41,121.58,121.41,121.58,458.0,1776315300.0,2026-04-16 10:25:00+05:30
121.47,121.84,121.47,121.84,1607.0,1776315600.0,2026-04-16 10:30:00+05:30
121.81,121.81,121.67,121.79,837.0,1776315900.0,2026-04-16 10:35:00+05:30
121.8,121.93,121.7,121.93,1730.0,1776316200.0,2026-04-16 10:40:00+05:30
121.93,121.94,121.81,121.93,453.0,1776316500.0,2026-04-16 10:45:00+05:30
121.93,121.93,121.8,121.91,1440.0,1776316800.0,2026-04-16 10:50:00+05:30
121.91,121.93,121.86,121.86,218.0,1776317100.0,2026-04-16 10:55:00+05:30
121.93,122.24,121.93,122.24,19623.0,1776317400.0,2026-04-16 11:00:00+05:30
122.24,122.28,122.09,122.28,1394.0,1776317700.0,2026-04-16 11:05:00+05:30
122.28,122.3,122.18,122.3,274.0,1776318000.0,2026-04-16 11:10:00+05:30
122.34,122.39,122.0,122.0,7745.0,1776318300.0,2026-04-16 11:15:00+05:30
122.0,122.21,122.0,122.15,392.0,1776318600.0,2026-04-16 11:20:00+05:30
122.15,122.22,122.15,122.2,2109.0,1776318900.0,2026-04-16 11:25:00+05:30
122.2,122.22,122.2,122.22,1002.0,1776319200.0,2026-04-16 11:30:00+05:30
122.15,122.3,122.15,122.25,829.0,1776319500.0,2026-04-16 11:35:00+05:30
122.24,122.24,122.0,122.04,2141.0,1776319800.0,2026-04-16 11:40:00+05:30
122.04,122.04,121.7,121.77,1492.0,1776320100.0,2026-04-16 11:45:00+05:30
121.65,121.7,121.52,121.66,1275.0,1776320400.0,2026-04-16 11:50:00+05:30
121.66,121.68,121.66,121.68,7.0,1776320700.0,2026-04-16 11:55:00+05:30
121.57,121.57,121.29,121.3,2913.0,1776321000.0,2026-04-16 12:00:00+05:30
121.3,121.5,121.3,121.5,22.0,1776321300.0,2026-04-16 12:05:00+05:30
121.5,121.5,121.5,121.5,2.0,1776321600.0,2026-04-16 12:10:00+05:30
121.64,121.64,121.53,121.61,1159.0,1776321900.0,2026-04-16 12:15:00+05:30
121.68,121.98,121.68,121.8,1805.0,1776322200.0,2026-04-16 12:20:00+05:30
121.82,121.82,121.54,121.61,1040.0,1776322500.0,2026-04-16 12:25:00+05:30
121.65,121.66,121.26,121.26,1615.0,1776322800.0,2026-04-16 12:30:00+05:30
121.26,121.45,121.26,121.45,50.0,1776323100.0,2026-04-16 12:35:00+05:30
121.5,121.7,121.4,121.47,2383.0,1776323400.0,2026-04-16 12:40:00+05:30
121.47,121.54,121.44,121.54,177.0,1776323700.0,2026-04-16 12:45:00+05:30
121.54,121.54,121.44,121.45,938.0,1776324000.0,2026-04-16 12:50:00+05:30
121.41,121.41,121.17,121.32,3281.0,1776324300.0,2026-04-16 12:55:00+05:30
121.17,121.42,121.17,121.37,2598.0,1776324600.0,2026-04-16 13:00:00+05:30
121.37,121.37,121.36,121.36,27.0,1776324900.0,2026-04-16 13:05:00+05:30
121.26,121.47,121.26,121.47,2798.0,1776325200.0,2026-04-16 13:10:00+05:30
121.47,121.5,121.37,121.5,343.0,1776325500.0,2026-04-16 13:15:00+05:30
121.54,121.61,121.36,121.36,236.0,1776325800.0,2026-04-16 13:20:00+05:30
121.57,121.57,121.36,121.4,1773.0,1776326100.0,2026-04-16 13:25:00+05:30
121.4,121.49,121.4,121.49,382.0,1776326400.0,2026-04-16 13:30:00+05:30
121.49,121.49,121.48,121.48,6.0,1776326700.0,2026-04-16 13:35:00+05:30
121.49,121.49,121.45,121.49,161.0,1776327000.0,2026-04-16 13:40:00+05:30
121.5,121.8,121.5,121.8,8448.0,1776327300.0,2026-04-16 13:45:00+05:30
121.86,121.98,121.84,121.84,870.0,1776327600.0,2026-04-16 13:50:00+05:30
121.84,121.86,121.75,121.86,689.0,1776327900.0,2026-04-16 13:55:00+05:30
121.8,121.86,121.65,121.65,944.0,1776328200.0,2026-04-16 14:00:00+05:30
121.74,121.81,121.67,121.8,502.0,1776328500.0,2026-04-16 14:05:00+05:30
121.8,121.85,121.7,121.85,300.0,1776328800.0,2026-04-16 14:10:00+05:30
121.85,121.98,121.85,121.85,2978.0,1776329100.0,2026-04-16 14:15:00+05:30
121.85,121.98,121.85,121.98,297.0,1776329400.0,2026-04-16 14:20:00+05:30
121.98,122.47,121.98,122.33,27720.0,1776329700.0,2026-04-16 14:25:00+05:30
122.33,122.33,122.33,122.33,0.0,1776330000.0,2026-04-16 14:30:00+05:30
122.33,122.39,122.22,122.32,1668.0,1776330300.0,2026-04-16 14:35:00+05:30
122.27,122.39,122.2,122.38,730.0,1776330600.0,2026-04-16 14:40:00+05:30
122.35,122.49,122.24,122.47,2881.0,1776330900.0,2026-04-16 14:45:00+05:30
122.46,122.49,122.4,122.49,2546.0,1776331200.0,2026-04-16 14:50:00+05:30
122.4,122.49,122.4,122.49,1335.0,1776331500.0,2026-04-16 14:55:00+05:30
122.64,122.64,122.1,122.5,2553.0,1776331800.0,2026-04-16 15:00:00+05:30
122.5,122.62,121.9,122.05,22027.0,1776332100.0,2026-04-16 15:05:00+05:30
122.05,122.29,121.9,121.96,8064.0,1776332400.0,2026-04-16 15:10:00+05:30
122.07,122.28,121.83,121.83,3463.0,1776332700.0,2026-04-16 15:15:00+05:30
121.9,122.57,121.9,122.55,8989.0,1776333000.0,2026-04-16 15:20:00+05:30
122.61,122.98,122.2,122.2,7550.0,1776333300.0,2026-04-16 15:25:00+05:30
122.5,123.0,122.18,123.0,3135.0,1776397500.0,2026-04-17 09:15:00+05:30
122.99,123.2,122.66,123.2,3681.0,1776397800.0,2026-04-17 09:20:00+05:30
123.0,123.03,122.77,122.94,4624.0,1776398100.0,2026-04-17 09:25:00+05:30
122.95,122.97,122.7,122.89,2399.0,1776398400.0,2026-04-17 09:30:00+05:30
122.67,122.69,122.2,122.69,4938.0,1776398700.0,2026-04-17 09:35:00+05:30
122.8,122.92,122.66,122.84,1472.0,1776399000.0,2026-04-17 09:40:00+05:30
122.84,123.0,122.76,123.0,5915.0,1776399300.0,2026-04-17 09:45:00+05:30
123.0,123.4,123.0,123.39,7541.0,1776399600.0,2026-04-17 09:50:00+05:30
123.19,123.3,123.13,123.15,1361.0,1776399900.0,2026-04-17 09:55:00+05:30
123.2,123.5,123.01,123.5,5733.0,1776400200.0,2026-04-17 10:00:00+05:30
123.5,123.89,123.3,123.79,10885.0,1776400500.0,2026-04-17 10:05:00+05:30
123.78,123.78,123.22,123.5,4061.0,1776400800.0,2026-04-17 10:10:00+05:30
123.41,123.5,123.28,123.35,587.0,1776401100.0,2026-04-17 10:15:00+05:30
123.45,123.47,123.19,123.45,1510.0,1776401400.0,2026-04-17 10:20:00+05:30
123.48,123.55,123.37,123.37,664.0,1776401700.0,2026-04-17 10:25:00+05:30
123.17,123.24,123.02,123.1,3386.0,1776402000.0,2026-04-17 10:30:00+05:30
123.24,123.25,122.8,122.85,7044.0,1776402300.0,2026-04-17 10:35:00+05:30
122.97,123.17,122.97,123.17,853.0,1776402600.0,2026-04-17 10:40:00+05:30
123.1,123.19,123.0,123.0,1216.0,1776402900.0,2026-04-17 10:45:00+05:30
123.1,123.27,123.0,123.26,1269.0,1776403200.0,2026-04-17 10:50:00+05:30
123.26,123.27,123.15,123.27,408.0,1776403500.0,2026-04-17 10:55:00+05:30
123.2,123.36,123.14,123.14,1314.0,1776403800.0,2026-04-17 11:00:00+05:30
123.0,123.0,122.95,123.0,4958.0,1776404100.0,2026-04-17 11:05:00+05:30
122.96,123.13,122.83,123.13,424.0,1776404400.0,2026-04-17 11:10:00+05:30
123.13,123.14,122.8,122.88,866.0,1776404700.0,2026-04-17 11:15:00+05:30
122.8,122.88,122.8,122.88,3347.0,1776405000.0,2026-04-17 11:20:00+05:30
122.88,122.98,122.8,122.8,785.0,1776405300.0,2026-04-17 11:25:00+05:30
122.98,123.08,122.7,122.94,2290.0,1776405600.0,2026-04-17 11:30:00+05:30
123.0,123.0,122.66,122.66,606.0,1776405900.0,2026-04-17 11:35:00+05:30
122.62,122.8,122.62,122.8,1195.0,1776406200.0,2026-04-17 11:40:00+05:30
122.68,122.8,122.62,122.65,395.0,1776406500.0,2026-04-17 11:45:00+05:30
122.82,122.82,122.66,122.66,132.0,1776406800.0,2026-04-17 11:50:00+05:30
122.83,122.89,122.68,122.72,1423.0,1776407100.0,2026-04-17 11:55:00+05:30
122.74,122.74,122.73,122.74,160.0,1776407400.0,2026-04-17 12:00:00+05:30
122.61,122.92,122.61,122.92,551.0,1776407700.0,2026-04-17 12:05:00+05:30
122.92,122.96,122.76,122.76,51.0,1776408000.0,2026-04-17 12:10:00+05:30
122.76,122.85,122.76,122.8,201.0,1776408300.0,2026-04-17 12:15:00+05:30
122.8,122.84,122.8,122.84,133.0,1776408600.0,2026-04-17 12:20:00+05:30
122.85,122.85,122.55,122.71,1412.0,1776408900.0,2026-04-17 12:25:00+05:30
122.5,122.54,122.26,122.4,3644.0,1776409200.0,2026-04-17 12:30:00+05:30
122.53,122.59,122.38,122.45,2631.0,1776409500.0,2026-04-17 12:35:00+05:30
122.45,122.49,122.32,122.49,431.0,1776409800.0,2026-04-17 12:40:00+05:30
122.49,122.53,122.49,122.49,180.0,1776410100.0,2026-04-17 12:45:00+05:30
122.58,122.58,122.27,122.27,701.0,1776410400.0,2026-04-17 12:50:00+05:30
122.55,122.55,122.0,122.22,7762.0,1776410700.0,2026-04-17 12:55:00+05:30
122.29,122.32,122.29,122.32,62.0,1776411000.0,2026-04-17 13:00:00+05:30
122.18,122.32,122.18,122.32,241.0,1776411300.0,2026-04-17 13:05:00+05:30
122.32,122.32,122.19,122.19,10.0,1776411600.0,2026-04-17 13:10:00+05:30
122.19,122.35,122.19,122.35,7.0,1776411900.0,2026-04-17 13:15:00+05:30
122.34,122.56,122.3,122.56,194.0,1776412200.0,2026-04-17 13:20:00+05:30
122.56,122.56,122.5,122.55,21.0,1776412500.0,2026-04-17 13:25:00+05:30
122.55,122.55,122.39,122.39,119.0,1776412800.0,2026-04-17 13:30:00+05:30
122.39,122.39,122.3,122.3,2683.0,1776413100.0,2026-04-17 13:35:00+05:30
122.41,122.48,122.26,122.48,2036.0,1776413400.0,2026-04-17 13:40:00+05:30
122.32,122.65,122.32,122.44,4130.0,1776413700.0,2026-04-17 13:45:00+05:30
122.57,122.67,122.56,122.62,1092.0,1776414000.0,2026-04-17 13:50:00+05:30
122.44,122.51,122.4,122.4,1109.0,1776414300.0,2026-04-17 13:55:00+05:30
122.4,122.51,122.39,122.51,1122.0,1776414600.0,2026-04-17 14:00:00+05:30
122.5,122.5,122.3,122.3,262.0,1776414900.0,2026-04-17 14:05:00+05:30
122.47,122.47,122.26,122.37,2174.0,1776415200.0,2026-04-17 14:10:00+05:30
122.49,122.57,122.42,122.46,10702.0,1776415500.0,2026-04-17 14:15:00+05:30
122.55,122.7,122.55,122.7,553.0,1776415800.0,2026-04-17 14:20:00+05:30
122.6,122.7,122.51,122.7,1980.0,1776416100.0,2026-04-17 14:25:00+05:30
122.69,122.8,122.69,122.8,682.0,1776416400.0,2026-04-17 14:30:00+05:30
122.8,122.86,122.69,122.76,953.0,1776416700.0,2026-04-17 14:35:00+05:30
122.8,122.92,122.76,122.87,3922.0,1776417000.0,2026-04-17 14:40:00+05:30
122.87,122.97,122.77,122.77,1262.0,1776417300.0,2026-04-17 14:45:00+05:30
122.77,122.77,122.62,122.77,1138.0,1776417600.0,2026-04-17 14:50:00+05:30
122.76,122.76,122.57,122.68,284.0,1776417900.0,2026-04-17 14:55:00+05:30
122.67,122.67,121.8,122.28,39438.0,1776418200.0,2026-04-17 15:00:00+05:30
122.31,122.7,122.31,122.52,3340.0,1776418500.0,2026-04-17 15:05:00+05:30
122.51,122.52,122.39,122.47,1258.0,1776418800.0,2026-04-17 15:10:00+05:30
122.37,122.69,122.32,122.65,3844.0,1776419100.0,2026-04-17 15:15:00+05:30
122.34,122.7,122.3,122.7,3564.0,1776419400.0,2026-04-17 15:20:00+05:30
122.7,123.0,122.45,123.0,9093.0,1776419700.0,2026-04-17 15:25:00+05:30
123.0,123.0,121.0,121.5,5464.0,1776656700.0,2026-04-20 09:15:00+05:30
121.5,122.3,121.5,122.24,18184.0,1776657000.0,2026-04-20 09:20:00+05:30
122.43,122.43,121.55,121.55,3906.0,1776657300.0,2026-04-20 09:25:00+05:30
121.72,121.76,121.1,121.55,2331.0,1776657600.0,2026-04-20 09:30:00+05:30
121.5,121.5,121.0,121.0,10824.0,1776657900.0,2026-04-20 09:35:00+05:30
121.05,121.27,120.8,120.8,13258.0,1776658200.0,2026-04-20 09:40:00+05:30
120.64,120.9,120.64,120.85,1688.0,1776658500.0,2026-04-20 09:45:00+05:30
120.67,121.19,120.64,121.19,1546.0,1776658800.0,2026-04-20 09:50:00+05:30
121.24,121.33,121.01,121.18,1816.0,1776659100.0,2026-04-20 09:55:00+05:30
121.0,121.25,120.81,121.0,9573.0,1776659400.0,2026-04-20 10:00:00+05:30
121.0,121.38,121.0,121.2,4064.0,1776659700.0,2026-04-20 10:05:00+05:30
121.16,121.16,121.0,121.0,393.0,1776660000.0,2026-04-20 10:10:00+05:30
120.95,121.31,120.71,121.31,2702.0,1776660300.0,2026-04-20 10:15:00+05:30
121.31,121.36,121.25,121.36,692.0,1776660600.0,2026-04-20 10:20:00+05:30
121.38,121.57,121.12,121.56,14953.0,1776660900.0,2026-04-20 10:25:00+05:30
121.56,121.56,121.38,121.41,12604.0,1776661200.0,2026-04-20 10:30:00+05:30
121.41,121.65,121.41,121.65,1669.0,1776661500.0,2026-04-20 10:35:00+05:30
121.7,121.79,121.59,121.68,1997.0,1776661800.0,2026-04-20 10:40:00+05:30
121.68,121.7,121.41,121.45,10389.0,1776662100.0,2026-04-20 10:45:00+05:30
121.58,121.58,121.58,121.58,214.0,1776662400.0,2026-04-20 10:50:00+05:30
121.5,121.5,121.01,121.01,6564.0,1776662700.0,2026-04-20 10:55:00+05:30
121.38,121.38,121.26,121.26,308.0,1776663000.0,2026-04-20 11:00:00+05:30
121.26,121.32,121.01,121.1,3648.0,1776663300.0,2026-04-20 11:05:00+05:30
121.2,121.42,121.15,121.15,1856.0,1776663600.0,2026-04-20 11:10:00+05:30
121.25,121.36,121.12,121.12,1129.0,1776663900.0,2026-04-20 11:15:00+05:30
121.12,121.35,121.12,121.35,470.0,1776664200.0,2026-04-20 11:20:00+05:30
121.35,121.35,121.15,121.34,1219.0,1776664500.0,2026-04-20 11:25:00+05:30
121.32,121.36,121.11,121.24,595.0,1776664800.0,2026-04-20 11:30:00+05:30
121.24,121.24,121.16,121.16,72.0,1776665100.0,2026-04-20 11:35:00+05:30
121.16,121.2,121.08,121.2,502.0,1776665400.0,2026-04-20 11:40:00+05:30
121.2,121.37,121.2,121.34,210.0,1776665700.0,2026-04-20 11:45:00+05:30
121.34,121.63,121.26,121.63,1590.0,1776666000.0,2026-04-20 11:50:00+05:30
121.63,121.68,121.5,121.68,1981.0,1776666300.0,2026-04-20 11:55:00+05:30
121.52,121.68,121.52,121.6,804.0,1776666600.0,2026-04-20 12:00:00+05:30
121.6,121.63,121.6,121.6,288.0,1776666900.0,2026-04-20 12:05:00+05:30
121.05,121.41,121.05,121.33,7244.0,1776667200.0,2026-04-20 12:10:00+05:30
121.33,121.33,121.15,121.15,105.0,1776667500.0,2026-04-20 12:15:00+05:30
121.15,121.25,121.15,121.25,812.0,1776667800.0,2026-04-20 12:20:00+05:30
121.25,121.28,121.15,121.28,654.0,1776668100.0,2026-04-20 12:25:00+05:30
121.42,121.6,121.42,121.6,1427.0,1776668400.0,2026-04-20 12:30:00+05:30
121.6,121.6,121.42,121.42,43.0,1776668700.0,2026-04-20 12:35:00+05:30
121.42,121.55,121.3,121.33,2208.0,1776669000.0,2026-04-20 12:40:00+05:30
121.46,121.46,121.32,121.32,209.0,1776669300.0,2026-04-20 12:45:00+05:30
121.32,121.43,121.26,121.43,9915.0,1776669600.0,2026-04-20 12:50:00+05:30
121.65,121.7,121.63,121.63,2596.0,1776669900.0,2026-04-20 12:55:00+05:30
121.48,121.48,121.48,121.48,383.0,1776670200.0,2026-04-20 13:00:00+05:30
121.5,121.51,121.32,121.42,9782.0,1776670500.0,2026-04-20 13:05:00+05:30
121.2,121.2,121.14,121.2,446.0,1776670800.0,2026-04-20 13:10:00+05:30
121.2,121.22,120.97,120.98,1946.0,1776671100.0,2026-04-20 13:15:00+05:30
120.98,121.12,120.91,120.97,3577.0,1776671400.0,2026-04-20 13:20:00+05:30
120.9,120.91,120.64,120.78,4594.0,1776671700.0,2026-04-20 13:25:00+05:30
120.77,120.77,120.6,120.6,1155.0,1776672000.0,2026-04-20 13:30:00+05:30
120.6,120.6,120.49,120.5,951.0,1776672300.0,2026-04-20 13:35:00+05:30
120.43,120.61,120.43,120.45,1290.0,1776672600.0,2026-04-20 13:40:00+05:30
120.64,120.66,120.46,120.55,801.0,1776672900.0,2026-04-20 13:45:00+05:30
120.55,120.55,120.36,120.36,2636.0,1776673200.0,2026-04-20 13:50:00+05:30
120.38,120.51,120.1,120.51,2035.0,1776673500.0,2026-04-20 13:55:00+05:30
120.53,120.55,120.42,120.54,823.0,1776673800.0,2026-04-20 14:00:00+05:30
120.54,120.55,120.35,120.55,2248.0,1776674100.0,2026-04-20 14:05:00+05:30
120.6,123.67,120.46,122.2,75660.0,1776674400.0,2026-04-20 14:10:00+05:30
122.2,122.34,121.71,121.71,6626.0,1776674700.0,2026-04-20 14:15:00+05:30
121.81,122.09,121.71,121.74,5152.0,1776675000.0,2026-04-20 14:20:00+05:30
121.74,121.75,121.56,121.71,1252.0,1776675300.0,2026-04-20 14:25:00+05:30
121.57,121.72,121.5,121.71,2729.0,1776675600.0,2026-04-20 14:30:00+05:30
121.59,121.59,121.51,121.59,240.0,1776675900.0,2026-04-20 14:35:00+05:30
121.53,121.53,121.46,121.5,261.0,1776676200.0,2026-04-20 14:40:00+05:30
121.48,121.69,121.41,121.65,1508.0,1776676500.0,2026-04-20 14:45:00+05:30
121.65,121.7,121.55,121.7,390.0,1776676800.0,2026-04-20 14:50:00+05:30
121.58,121.7,121.58,121.62,207.0,1776677100.0,2026-04-20 14:55:00+05:30
121.62,122.06,121.62,121.75,4491.0,1776677400.0,2026-04-20 15:00:00+05:30
121.9,121.9,121.31,121.75,21236.0,1776677700.0,2026-04-20 15:05:00+05:30
121.75,121.75,121.61,121.73,2428.0,1776678000.0,2026-04-20 15:10:00+05:30
121.74,121.74,120.82,121.0,16807.0,1776678300.0,2026-04-20 15:15:00+05:30
121.01,121.23,120.91,121.23,6538.0,1776678600.0,2026-04-20 15:20:00+05:30
121.23,121.71,120.89,120.9,5237.0,1776678900.0,2026-04-20 15:25:00+05:30
121.36,121.59,120.41,120.75,15662.0,1776743100.0,2026-04-21 09:15:00+05:30
121.0,121.0,120.82,120.82,6689.0,1776743400.0,2026-04-21 09:20:00+05:30
120.78,120.85,120.52,120.75,3531.0,1776743700.0,2026-04-21 09:25:00+05:30
120.92,121.25,120.9,121.1,4676.0,1776744000.0,2026-04-21 09:30:00+05:30
121.05,121.1,120.7,121.07,27843.0,1776744300.0,2026-04-21 09:35:00+05:30
121.15,121.37,121.0,121.37,4222.0,1776744600.0,2026-04-21 09:40:00+05:30
121.48,121.88,121.4,121.4,4859.0,1776744900.0,2026-04-21 09:45:00+05:30
121.5,121.5,121.27,121.27,1316.0,1776745200.0,2026-04-21 09:50:00+05:30
121.35,121.35,120.82,121.02,6520.0,1776745500.0,2026-04-21 09:55:00+05:30
121.09,121.42,121.01,121.23,1800.0,1776745800.0,2026-04-21 10:00:00+05:30
121.23,122.0,121.23,121.92,7171.0,1776746100.0,2026-04-21 10:05:00+05:30
121.92,121.99,121.66,121.66,4280.0,1776746400.0,2026-04-21 10:10:00+05:30
121.95,121.99,121.76,121.96,88.0,1776746700.0,2026-04-21 10:15:00+05:30
121.96,122.15,121.83,121.9,5473.0,1776747000.0,2026-04-21 10:20:00+05:30
122.12,122.12,122.12,122.12,1181.0,1776747300.0,2026-04-21 10:25:00+05:30
122.12,122.12,121.78,121.78,887.0,1776747600.0,2026-04-21 10:30:00+05:30
122.01,122.01,121.85,121.85,1781.0,1776747900.0,2026-04-21 10:35:00+05:30
122.08,122.55,121.71,122.4,8990.0,1776748200.0,2026-04-21 10:40:00+05:30
122.4,122.4,122.17,122.25,874.0,1776748500.0,2026-04-21 10:45:00+05:30
122.25,122.39,122.13,122.2,434.0,1776748800.0,2026-04-21 10:50:00+05:30
122.2,122.36,122.1,122.22,675.0,1776749100.0,2026-04-21 10:55:00+05:30
122.16,122.3,122.11,122.11,210.0,1776749400.0,2026-04-21 11:00:00+05:30
122.11,122.2,122.09,122.09,373.0,1776749700.0,2026-04-21 11:05:00+05:30
122.09,122.26,122.08,122.26,1020.0,1776750000.0,2026-04-21 11:10:00+05:30
122.19,122.28,122.08,122.12,3730.0,1776750300.0,2026-04-21 11:15:00+05:30
122.1,122.15,121.86,121.86,1421.0,1776750600.0,2026-04-21 11:20:00+05:30
121.86,122.12,121.86,121.88,520.0,1776750900.0,2026-04-21 11:25:00+05:30
121.91,121.96,121.88,121.95,271.0,1776751200.0,2026-04-21 11:30:00+05:30
121.95,121.95,121.88,121.95,105.0,1776751500.0,2026-04-21 11:35:00+05:30
121.95,122.01,121.91,121.91,211.0,1776751800.0,2026-04-21 11:40:00+05:30
121.91,122.1,121.91,122.07,2008.0,1776752100.0,2026-04-21 11:45:00+05:30
121.89,122.06,121.89,122.04,68.0,1776752400.0,2026-04-21 11:50:00+05:30
121.95,122.0,121.9,122.0,501.0,1776752700.0,2026-04-21 11:55:00+05:30
121.99,122.0,121.9,122.0,2249.0,1776753000.0,2026-04-21 12:00:00+05:30
122.08,122.15,122.08,122.1,859.0,1776753300.0,2026-04-21 12:05:00+05:30
122.1,123.0,122.1,122.93,18339.0,1776753600.0,2026-04-21 12:10:00+05:30
122.61,122.9,122.61,122.72,4296.0,1776753900.0,2026-04-21 12:15:00+05:30
122.72,122.72,122.28,122.56,3760.0,1776754200.0,2026-04-21 12:20:00+05:30
122.56,122.56,122.5,122.5,244.0,1776754500.0,2026-04-21 12:25:00+05:30
122.5,122.75,122.5,122.61,389.0,1776754800.0,2026-04-21 12:30:00+05:30
122.61,122.61,122.51,122.55,195.0,1776755100.0,2026-04-21 12:35:00+05:30
122.55,122.55,122.22,122.22,1706.0,1776755400.0,2026-04-21 12:40:00+05:30
122.22,122.44,122.22,122.4,180.0,1776755700.0,2026-04-21 12:45:00+05:30
122.4,122.4,122.15,122.4,1231.0,1776756000.0,2026-04-21 12:50:00+05:30
122.4,122.63,122.3,122.63,945.0,1776756300.0,2026-04-21 12:55:00+05:30
122.6,122.6,122.37,122.38,1804.0,1776756600.0,2026-04-21 13:00:00+05:30
122.23,122.4,122.23,122.4,102.0,1776756900.0,2026-04-21 13:05:00+05:30
122.4,122.4,122.28,122.28,48.0,1776757200.0,2026-04-21 13:10:00+05:30
122.32,122.39,122.32,122.38,1103.0,1776757500.0,2026-04-21 13:15:00+05:30
122.25,122.4,122.16,122.22,989.0,1776757800.0,2026-04-21 13:20:00+05:30
122.33,122.5,122.33,122.5,3053.0,1776758100.0,2026-04-21 13:25:00+05:30
122.5,122.5,122.25,122.25,203.0,1776758400.0,2026-04-21 13:30:00+05:30
122.29,122.29,122.21,122.21,508.0,1776758700.0,2026-04-21 13:35:00+05:30
122.36,122.36,122.16,122.27,1745.0,1776759000.0,2026-04-21 13:40:00+05:30
122.27,122.37,122.12,122.16,2641.0,1776759300.0,2026-04-21 13:45:00+05:30
122.16,122.33,122.16,122.22,51.0,1776759600.0,2026-04-21 13:50:00+05:30
122.44,122.45,122.3,122.45,1089.0,1776759900.0,2026-04-21 13:55:00+05:30
122.45,122.45,122.3,122.35,1271.0,1776760200.0,2026-04-21 14:00:00+05:30
122.35,122.35,122.2,122.2,2716.0,1776760500.0,2026-04-21 14:05:00+05:30
122.2,122.2,122.16,122.2,235.0,1776760800.0,2026-04-21 14:10:00+05:30
122.33,122.4,122.12,122.12,1402.0,1776761100.0,2026-04-21 14:15:00+05:30
122.15,122.36,122.15,122.36,218.0,1776761400.0,2026-04-21 14:20:00+05:30
122.39,122.7,122.13,122.7,6721.0,1776761700.0,2026-04-21 14:25:00+05:30
122.54,122.54,122.43,122.43,987.0,1776762000.0,2026-04-21 14:30:00+05:30
122.43,122.43,122.21,122.3,290.0,1776762300.0,2026-04-21 14:35:00+05:30
122.29,122.34,122.11,122.34,1320.0,1776762600.0,2026-04-21 14:40:00+05:30
122.5,123.0,122.5,122.96,17113.0,1776762900.0,2026-04-21 14:45:00+05:30
122.9,122.94,122.76,122.81,783.0,1776763200.0,2026-04-21 14:50:00+05:30
122.81,122.99,122.68,122.68,979.0,1776763500.0,2026-04-21 14:55:00+05:30
122.7,123.0,122.57,123.0,7061.0,1776763800.0,2026-04-21 15:00:00+05:30
122.83,122.99,122.71,122.72,1220.0,1776764100.0,2026-04-21 15:05:00+05:30
122.71,122.88,122.65,122.87,2615.0,1776764400.0,2026-04-21 15:10:00+05:30
122.66,122.75,122.3,122.7,6082.0,1776764700.0,2026-04-21 15:15:00+05:30
122.7,122.7,122.35,122.4,1840.0,1776765000.0,2026-04-21 15:20:00+05:30
122.36,122.59,122.0,122.0,4947.0,1776765300.0,2026-04-21 15:25:00+05:30
122.9,122.9,122.4,122.4,393.0,1776829500.0,2026-04-22 09:15:00+05:30
122.57,122.57,122.13,122.13,706.0,1776829800.0,2026-04-22 09:20:00+05:30
122.13,122.49,122.02,122.09,3880.0,1776830100.0,2026-04-22 09:25:00+05:30
122.33,122.33,122.04,122.25,156.0,1776830400.0,2026-04-22 09:30:00+05:30
122.25,122.94,122.25,122.78,4110.0,1776830700.0,2026-04-22 09:35:00+05:30
122.78,122.78,122.52,122.72,658.0,1776831000.0,2026-04-22 09:40:00+05:30
122.72,122.78,122.71,122.78,628.0,1776831300.0,2026-04-22 09:45:00+05:30
122.79,122.79,122.54,122.58,3730.0,1776831600.0,2026-04-22 09:50:00+05:30
122.5,122.6,122.42,122.42,970.0,1776831900.0,2026-04-22 09:55:00+05:30
122.41,122.72,122.36,122.72,583.0,1776832200.0,2026-04-22 10:00:00+05:30
122.61,122.7,122.26,122.37,14223.0,1776832500.0,2026-04-22 10:05:00+05:30
122.49,122.5,122.21,122.38,1209.0,1776832800.0,2026-04-22 10:10:00+05:30
122.37,122.37,122.18,122.33,273.0,1776833100.0,2026-04-22 10:15:00+05:30
122.33,122.33,122.03,122.03,1973.0,1776833400.0,2026-04-22 10:20:00+05:30
122.16,122.16,122.01,122.16,378.0,1776833700.0,2026-04-22 10:25:00+05:30
122.16,122.37,122.16,122.37,1048.0,1776834000.0,2026-04-22 10:30:00+05:30
122.37,122.43,122.36,122.43,9.0,1776834300.0,2026-04-22 10:35:00+05:30
122.38,122.49,122.28,122.28,4522.0,1776834600.0,2026-04-22 10:40:00+05:30
122.28,122.43,122.28,122.28,455.0,1776834900.0,2026-04-22 10:45:00+05:30
122.28,122.28,122.28,122.28,0.0,1776835200.0,2026-04-22 10:50:00+05:30
122.44,122.5,122.29,122.47,727.0,1776835500.0,2026-04-22 10:55:00+05:30
122.47,122.47,122.35,122.47,187.0,1776835800.0,2026-04-22 11:00:00+05:30
122.47,122.47,122.19,122.37,950.0,1776836100.0,2026-04-22 11:05:00+05:30
122.26,122.26,122.06,122.06,2488.0,1776836400.0,2026-04-22 11:10:00+05:30
122.1,122.1,122.08,122.08,541.0,1776836700.0,2026-04-22 11:15:00+05:30
122.08,122.44,122.01,122.29,3805.0,1776837000.0,2026-04-22 11:20:00+05:30
122.29,122.43,122.29,122.32,1468.0,1776837300.0,2026-04-22 11:25:00+05:30
122.32,122.32,122.32,122.32,0.0,1776837600.0,2026-04-22 11:30:00+05:30
122.33,122.42,122.23,122.42,3758.0,1776837900.0,2026-04-22 11:35:00+05:30
122.47,122.5,122.4,122.49,1235.0,1776838200.0,2026-04-22 11:40:00+05:30
122.38,122.38,122.19,122.23,3923.0,1776838500.0,2026-04-22 11:45:00+05:30
122.23,122.36,122.23,122.36,585.0,1776838800.0,2026-04-22 11:50:00+05:30
122.3,122.3,122.13,122.17,433.0,1776839100.0,2026-04-22 11:55:00+05:30
122.34,122.34,122.13,122.18,1390.0,1776839400.0,2026-04-22 12:00:00+05:30
122.18,122.18,122.18,122.18,62.0,1776839700.0,2026-04-22 12:05:00+05:30
122.28,122.28,122.28,122.28,42.0,1776840000.0,2026-04-22 12:10:00+05:30
122.28,122.39,122.21,122.39,116.0,1776840300.0,2026-04-22 12:15:00+05:30
122.39,122.39,122.35,122.35,904.0,1776840600.0,2026-04-22 12:20:00+05:30
122.35,122.35,122.35,122.35,123.0,1776840900.0,2026-04-22 12:25:00+05:30
122.4,122.4,122.24,122.24,1210.0,1776841200.0,2026-04-22 12:30:00+05:30
122.35,122.35,122.35,122.35,50.0,1776841500.0,2026-04-22 12:35:00+05:30
122.44,123.4,122.44,123.36,13786.0,1776841800.0,2026-04-22 12:40:00+05:30
123.4,123.5,123.21,123.5,4284.0,1776842100.0,2026-04-22 12:45:00+05:30
123.6,123.74,123.23,123.5,9491.0,1776842400.0,2026-04-22 12:50:00+05:30
123.5,123.74,123.5,123.74,2735.0,1776842700.0,2026-04-22 12:55:00+05:30
123.7,123.7,123.48,123.66,1390.0,1776843000.0,2026-04-22 13:00:00+05:30
123.5,123.65,123.49,123.49,2298.0,1776843300.0,2026-04-22 13:05:00+05:30
123.5,123.58,123.24,123.24,1138.0,1776843600.0,2026-04-22 13:10:00+05:30
123.24,123.44,123.24,123.44,1609.0,1776843900.0,2026-04-22 13:15:00+05:30
123.44,123.46,123.3,123.3,279.0,1776844200.0,2026-04-22 13:20:00+05:30
123.3,123.3,123.24,123.24,210.0,1776844500.0,2026-04-22 13:25:00+05:30
123.15,123.3,123.15,123.3,2282.0,1776844800.0,2026-04-22 13:30:00+05:30
123.24,123.3,123.24,123.24,2124.0,1776845100.0,2026-04-22 13:35:00+05:30
123.29,123.4,123.29,123.4,3545.0,1776845400.0,2026-04-22 13:40:00+05:30
123.5,123.57,123.38,123.57,276.0,1776845700.0,2026-04-22 13:45:00+05:30
123.57,123.64,123.38,123.44,3588.0,1776846000.0,2026-04-22 13:50:00+05:30
123.44,123.75,123.44,123.6,1609.0,1776846300.0,2026-04-22 13:55:00+05:30
123.49,123.66,123.46,123.46,3955.0,1776846600.0,2026-04-22 14:00:00+05:30
123.5,123.97,123.46,123.56,11162.0,1776846900.0,2026-04-22 14:05:00+05:30
123.56,123.68,123.56,123.68,2934.0,1776847200.0,2026-04-22 14:10:00+05:30
123.55,123.55,123.35,123.35,3643.0,1776847500.0,2026-04-22 14:15:00+05:30
123.3,123.39,123.3,123.38,4540.0,1776847800.0,2026-04-22 14:20:00+05:30
123.2,123.2,123.17,123.2,132.0,1776848100.0,2026-04-22 14:25:00+05:30
123.2,123.61,123.2,123.61,4475.0,1776848400.0,2026-04-22 14:30:00+05:30
123.7,123.7,123.58,123.7,273.0,1776848700.0,2026-04-22 14:35:00+05:30
123.7,123.7,123.65,123.7,16.0,1776849000.0,2026-04-22 14:40:00+05:30
123.61,123.74,123.55,123.74,1189.0,1776849300.0,2026-04-22 14:45:00+05:30
123.63,123.84,123.55,123.84,4820.0,1776849600.0,2026-04-22 14:50:00+05:30
123.84,123.84,123.61,123.61,131.0,1776849900.0,2026-04-22 14:55:00+05:30
123.61,123.61,123.55,123.6,320.0,1776850200.0,2026-04-22 15:00:00+05:30
123.6,123.7,123.6,123.7,1939.0,1776850500.0,2026-04-22 15:05:00+05:30
123.61,123.7,123.6,123.64,1025.0,1776850800.0,2026-04-22 15:10:00+05:30
123.6,123.69,123.55,123.6,5654.0,1776851100.0,2026-04-22 15:15:00+05:30
123.61,123.81,123.6,123.7,6712.0,1776851400.0,2026-04-22 15:20:00+05:30
123.75,123.8,123.0,123.7,10437.0,1776851700.0,2026-04-22 15:25:00+05:30
123.5,123.5,122.13,122.13,5250.0,1776915900.0,2026-04-23 09:15:00+05:30
122.45,124.65,122.45,124.65,14062.0,1776916200.0,2026-04-23 09:20:00+05:30
124.55,125.4,124.51,125.15,26968.0,1776916500.0,2026-04-23 09:25:00+05:30
125.05,125.37,124.65,124.88,23709.0,1776916800.0,2026-04-23 09:30:00+05:30
124.88,125.0,124.08,124.35,24014.0,1776917100.0,2026-04-23 09:35:00+05:30
124.36,124.46,124.21,124.21,2352.0,1776917400.0,2026-04-23 09:40:00+05:30
124.09,124.5,124.09,124.5,2481.0,1776917700.0,2026-04-23 09:45:00+05:30
124.5,124.98,124.29,124.48,27352.0,1776918000.0,2026-04-23 09:50:00+05:30
124.44,124.48,124.11,124.16,3596.0,1776918300.0,2026-04-23 09:55:00+05:30
124.16,124.59,124.06,124.5,4557.0,1776918600.0,2026-04-23 10:00:00+05:30
124.5,125.0,124.5,124.66,11790.0,1776918900.0,2026-04-23 10:05:00+05:30
124.8,124.82,124.5,124.58,2427.0,1776919200.0,2026-04-23 10:10:00+05:30
124.52,124.58,124.52,124.52,158.0,1776919500.0,2026-04-23 10:15:00+05:30
124.52,124.6,124.49,124.6,744.0,1776919800.0,2026-04-23 10:20:00+05:30
124.6,124.6,124.5,124.51,552.0,1776920100.0,2026-04-23 10:25:00+05:30
124.6,124.6,124.5,124.58,3610.0,1776920400.0,2026-04-23 10:30:00+05:30
124.5,124.72,124.45,124.52,14454.0,1776920700.0,2026-04-23 10:35:00+05:30
124.7,124.74,124.6,124.6,12614.0,1776921000.0,2026-04-23 10:40:00+05:30
124.6,124.8,124.6,124.65,1780.0,1776921300.0,2026-04-23 10:45:00+05:30
124.61,124.76,124.61,124.72,1651.0,1776921600.0,2026-04-23 10:50:00+05:30
124.72,124.98,124.69,124.98,2110.0,1776921900.0,2026-04-23 10:55:00+05:30
124.95,125.65,124.95,125.65,17760.0,1776922200.0,2026-04-23 11:00:00+05:30
125.65,126.4,125.65,126.22,21998.0,1776922500.0,2026-04-23 11:05:00+05:30
126.16,126.45,126.09,126.45,21336.0,1776922800.0,2026-04-23 11:10:00+05:30
126.45,126.45,126.3,126.44,2880.0,1776923100.0,2026-04-23 11:15:00+05:30
126.44,126.52,126.3,126.3,14091.0,1776923400.0,2026-04-23 11:20:00+05:30
126.39,126.49,126.3,126.33,5681.0,1776923700.0,2026-04-23 11:25:00+05:30
126.33,126.5,126.33,126.36,6454.0,1776924000.0,2026-04-23 11:30:00+05:30
126.35,126.38,126.35,126.35,8013.0,1776924300.0,2026-04-23 11:35:00+05:30
126.36,126.45,126.35,126.45,13233.0,1776924600.0,2026-04-23 11:40:00+05:30
126.5,126.5,126.3,126.3,6235.0,1776924900.0,2026-04-23 11:45:00+05:30
126.3,126.4,126.3,126.35,4510.0,1776925200.0,2026-04-23 11:50:00+05:30
126.35,126.73,126.35,126.73,5573.0,1776925500.0,2026-04-23 11:55:00+05:30
126.73,126.73,126.5,126.52,1775.0,1776925800.0,2026-04-23 12:00:00+05:30
126.7,126.7,126.55,126.68,1278.0,1776926100.0,2026-04-23 12:05:00+05:30
126.68,126.68,126.35,126.53,8983.0,1776926400.0,2026-04-23 12:10:00+05:30
126.52,126.65,126.39,126.5,2827.0,1776926700.0,2026-04-23 12:15:00+05:30
126.5,126.64,126.5,126.61,1407.0,1776927000.0,2026-04-23 12:20:00+05:30
126.64,126.68,126.54,126.64,2914.0,1776927300.0,2026-04-23 12:25:00+05:30
126.5,126.6,126.5,126.5,10449.0,1776927600.0,2026-04-23 12:30:00+05:30
126.5,126.6,126.5,126.6,2909.0,1776927900.0,2026-04-23 12:35:00+05:30
126.6,126.66,126.5,126.5,942.0,1776928200.0,2026-04-23 12:40:00+05:30
126.67,127.02,126.55,126.82,26541.0,1776928500.0,2026-04-23 12:45:00+05:30
126.82,126.83,126.8,126.81,761.0,1776928800.0,2026-04-23 12:50:00+05:30
127.0,127.0,126.9,126.99,3871.0,1776929100.0,2026-04-23 12:55:00+05:30
126.99,126.99,126.87,126.98,567.0,1776929400.0,2026-04-23 13:00:00+05:30
126.9,127.0,126.9,126.94,6186.0,1776929700.0,2026-04-23 13:05:00+05:30
126.91,127.0,126.91,127.0,1969.0,1776930000.0,2026-04-23 13:10:00+05:30
127.0,127.24,126.9,127.24,5587.0,1776930300.0,2026-04-23 13:15:00+05:30
127.23,127.29,127.0,127.11,4321.0,1776930600.0,2026-04-23 13:20:00+05:30
127.08,127.29,127.08,127.29,1049.0,1776930900.0,2026-04-23 13:25:00+05:30
127.3,127.3,127.18,127.29,2961.0,1776931200.0,2026-04-23 13:30:00+05:30
127.29,127.29,127.02,127.26,4555.0,1776931500.0,2026-04-23 13:35:00+05:30
127.08,127.26,127.0,127.01,14516.0,1776931800.0,2026-04-23 13:40:00+05:30
127.11,127.11,126.99,126.99,14272.0,1776932100.0,2026-04-23 13:45:00+05:30
126.89,127.08,126.89,127.0,6480.0,1776932400.0,2026-04-23 13:50:00+05:30
127.0,127.1,126.89,127.1,3017.0,1776932700.0,2026-04-23 13:55:00+05:30
127.1,127.15,126.82,127.15,7235.0,1776933000.0,2026-04-23 14:00:00+05:30
127.02,127.31,127.02,127.27,5058.0,1776933300.0,2026-04-23 14:05:00+05:30
127.49,127.49,127.0,127.03,9875.0,1776933600.0,2026-04-23 14:10:00+05:30
127.16,127.2,127.0,127.06,10983.0,1776933900.0,2026-04-23 14:15:00+05:30
127.06,127.11,127.0,127.11,2378.0,1776934200.0,2026-04-23 14:20:00+05:30
127.01,127.14,127.0,127.04,1997.0,1776934500.0,2026-04-23 14:25:00+05:30
127.2,127.2,126.99,127.01,4273.0,1776934800.0,2026-04-23 14:30:00+05:30
127.01,127.15,127.0,127.1,4480.0,1776935100.0,2026-04-23 14:35:00+05:30
127.05,127.05,127.0,127.0,5377.0,1776935400.0,2026-04-23 14:40:00+05:30
127.0,127.05,126.99,127.0,23657.0,1776935700.0,2026-04-23 14:45:00+05:30
127.0,127.04,126.3,126.3,13292.0,1776936000.0,2026-04-23 14:50:00+05:30
126.24,126.64,125.4,126.56,16435.0,1776936300.0,2026-04-23 14:55:00+05:30
126.56,126.74,126.53,126.73,981.0,1776936600.0,2026-04-23 15:00:00+05:30
126.61,126.73,126.6,126.73,16281.0,1776936900.0,2026-04-23 15:05:00+05:30
126.73,126.81,126.0,126.0,23277.0,1776937200.0,2026-04-23 15:10:00+05:30
126.0,126.5,126.0,126.06,11223.0,1776937500.0,2026-04-23 15:15:00+05:30
126.03,126.54,126.0,126.36,9551.0,1776937800.0,2026-04-23 15:20:00+05:30
126.5,126.5,126.0,126.03,7390.0,1776938100.0,2026-04-23 15:25:00+05:30
126.58,127.44,125.73,125.73,10740.0,1777002300.0,2026-04-24 09:15:00+05:30
125.67,125.98,125.24,125.81,3808.0,1777002600.0,2026-04-24 09:20:00+05:30
125.57,125.78,124.71,124.87,2988.0,1777002900.0,2026-04-24 09:25:00+05:30
125.09,126.27,124.85,125.79,7644.0,1777003200.0,2026-04-24 09:30:00+05:30
126.0,126.35,125.79,126.17,3554.0,1777003500.0,2026-04-24 09:35:00+05:30
126.16,126.16,125.7,126.03,7252.0,1777003800.0,2026-04-24 09:40:00+05:30
125.84,126.03,125.61,126.03,10358.0,1777004100.0,2026-04-24 09:45:00+05:30
126.03,126.25,125.72,126.0,11223.0,1777004400.0,2026-04-24 09:50:00+05:30
125.98,126.5,125.78,126.37,5985.0,1777004700.0,2026-04-24 09:55:00+05:30
126.38,126.8,126.23,126.8,7797.0,1777005000.0,2026-04-24 10:00:00+05:30
126.54,126.78,126.36,126.4,679.0,1777005300.0,2026-04-24 10:05:00+05:30
126.31,126.67,126.27,126.5,12107.0,1777005600.0,2026-04-24 10:10:00+05:30
126.65,126.65,126.23,126.45,4668.0,1777005900.0,2026-04-24 10:15:00+05:30
126.45,126.5,126.23,126.44,2150.0,1777006200.0,2026-04-24 10:20:00+05:30
126.31,126.62,126.3,126.54,7928.0,1777006500.0,2026-04-24 10:25:00+05:30
126.44,126.53,126.27,126.44,4074.0,1777006800.0,2026-04-24 10:30:00+05:30
126.48,126.52,126.16,126.5,3737.0,1777007100.0,2026-04-24 10:35:00+05:30
126.5,126.51,126.17,126.5,912.0,1777007400.0,2026-04-24 10:40:00+05:30
126.5,126.52,125.96,126.4,11755.0,1777007700.0,2026-04-24 10:45:00+05:30
126.4,126.5,126.24,126.29,3072.0,1777008000.0,2026-04-24 10:50:00+05:30
126.5,126.5,126.29,126.5,2026.0,1777008300.0,2026-04-24 10:55:00+05:30
126.3,126.55,126.23,126.47,3433.0,1777008600.0,2026-04-24 11:00:00+05:30
126.45,126.57,126.3,126.34,1440.0,1777008900.0,2026-04-24 11:05:00+05:30
126.53,126.53,126.19,126.5,4025.0,1777009200.0,2026-04-24 11:10:00+05:30
126.34,126.57,126.11,126.31,6361.0,1777009500.0,2026-04-24 11:15:00+05:30
126.26,126.5,126.21,126.46,5171.0,1777009800.0,2026-04-24 11:20:00+05:30
126.46,126.5,126.09,126.49,2592.0,1777010100.0,2026-04-24 11:25:00+05:30
126.49,126.5,126.25,126.5,3518.0,1777010400.0,2026-04-24 11:30:00+05:30
126.54,126.56,126.5,126.5,392.0,1777010700.0,2026-04-24 11:35:00+05:30
126.31,126.57,126.13,126.5,4680.0,1777011000.0,2026-04-24 11:40:00+05:30
126.26,126.5,126.11,126.42,8669.0,1777011300.0,2026-04-24 11:45:00+05:30
126.44,126.5,126.09,126.42,21745.0,1777011600.0,2026-04-24 11:50:00+05:30
126.2,126.52,126.14,126.39,15404.0,1777011900.0,2026-04-24 11:55:00+05:30
126.49,126.57,126.17,126.57,4829.0,1777012200.0,2026-04-24 12:00:00+05:30
126.57,126.57,126.17,126.45,14546.0,1777012500.0,2026-04-24 12:05:00+05:30
126.52,126.52,126.33,126.33,210.0,1777012800.0,2026-04-24 12:10:00+05:30
126.33,126.54,126.32,126.51,2368.0,1777013100.0,2026-04-24 12:15:00+05:30
126.33,126.54,126.33,126.53,4148.0,1777013400.0,2026-04-24 12:20:00+05:30
126.45,126.56,126.11,126.47,2910.0,1777013700.0,2026-04-24 12:25:00+05:30
126.52,126.54,126.34,126.54,337.0,1777014000.0,2026-04-24 12:30:00+05:30
126.5,126.5,126.32,126.48,2354.0,1777014300.0,2026-04-24 12:35:00+05:30
126.25,126.35,124.79,125.81,20056.0,1777014600.0,2026-04-24 12:40:00+05:30
125.81,126.2,125.56,126.0,11072.0,1777014900.0,2026-04-24 12:45:00+05:30
126.0,126.16,126.0,126.0,4497.0,1777015200.0,2026-04-24 12:50:00+05:30
126.0,126.1,126.0,126.1,1428.0,1777015500.0,2026-04-24 12:55:00+05:30
126.24,126.24,126.0,126.0,1013.0,1777015800.0,2026-04-24 13:00:00+05:30
126.0,126.12,126.0,126.09,769.0,1777016100.0,2026-04-24 13:05:00+05:30
126.09,126.13,126.0,126.0,899.0,1777016400.0,2026-04-24 13:10:00+05:30
125.91,126.2,125.91,126.2,2660.0,1777016700.0,2026-04-24 13:15:00+05:30
126.2,126.35,126.07,126.2,5990.0,1777017000.0,2026-04-24 13:20:00+05:30
126.2,126.27,126.2,126.25,559.0,1777017300.0,2026-04-24 13:25:00+05:30
126.25,126.25,126.09,126.2,7228.0,1777017600.0,2026-04-24 13:30:00+05:30
126.2,126.2,126.2,126.2,2314.0,1777017900.0,2026-04-24 13:35:00+05:30
126.2,126.24,126.2,126.2,2889.0,1777018200.0,2026-04-24 13:40:00+05:30
126.2,127.43,126.2,126.85,32658.0,1777018500.0,2026-04-24 13:45:00+05:30
126.89,126.89,126.6,126.67,1741.0,1777018800.0,2026-04-24 13:50:00+05:30
126.83,127.44,126.41,127.44,10093.0,1777019100.0,2026-04-24 13:55:00+05:30
127.2,127.45,127.2,127.39,2133.0,1777019400.0,2026-04-24 14:00:00+05:30
127.26,127.36,127.01,127.35,2680.0,1777019700.0,2026-04-24 14:05:00+05:30
127.35,127.35,127.2,127.2,501.0,1777020000.0,2026-04-24 14:10:00+05:30
127.2,127.3,127.2,127.3,775.0,1777020300.0,2026-04-24 14:15:00+05:30
127.25,127.45,127.2,127.3,3626.0,1777020600.0,2026-04-24 14:20:00+05:30
127.22,127.48,127.22,127.23,6621.0,1777020900.0,2026-04-24 14:25:00+05:30
127.23,127.5,127.23,127.34,3067.0,1777021200.0,2026-04-24 14:30:00+05:30
127.48,127.5,127.34,127.5,3344.0,1777021500.0,2026-04-24 14:35:00+05:30
127.42,127.5,127.38,127.38,1589.0,1777021800.0,2026-04-24 14:40:00+05:30
127.35,127.45,127.26,127.27,2482.0,1777022100.0,2026-04-24 14:45:00+05:30
127.27,127.4,127.2,127.2,1226.0,1777022400.0,2026-04-24 14:50:00+05:30
127.2,127.35,127.2,127.23,1372.0,1777022700.0,2026-04-24 14:55:00+05:30
127.41,127.44,127.2,127.4,11234.0,1777023000.0,2026-04-24 15:00:00+05:30
127.4,127.58,127.0,127.26,20988.0,1777023300.0,2026-04-24 15:05:00+05:30
127.27,127.27,127.0,127.07,5313.0,1777023600.0,2026-04-24 15:10:00+05:30
127.07,127.26,127.0,127.25,7308.0,1777023900.0,2026-04-24 15:15:00+05:30
127.24,127.24,127.0,127.08,4580.0,1777024200.0,2026-04-24 15:20:00+05:30
127.1,127.1,127.0,127.1,10836.0,1777024500.0,2026-04-24 15:25:00+05:30
129.0,129.43,127.36,127.97,13740.0,1777261500.0,2026-04-27 09:15:00+05:30
127.97,128.15,127.55,127.74,2928.0,1777261800.0,2026-04-27 09:20:00+05:30
127.62,127.85,127.28,127.66,3850.0,1777262100.0,2026-04-27 09:25:00+05:30
127.71,128.5,127.71,128.46,10072.0,1777262400.0,2026-04-27 09:30:00+05:30
128.36,129.39,128.34,128.49,10092.0,1777262700.0,2026-04-27 09:35:00+05:30
128.42,129.29,128.42,129.29,5534.0,1777263000.0,2026-04-27 09:40:00+05:30
129.1,129.4,128.85,129.24,5884.0,1777263300.0,2026-04-27 09:45:00+05:30
129.24,129.48,128.91,129.32,8969.0,1777263600.0,2026-04-27 09:50:00+05:30
129.32,129.32,128.95,128.96,1191.0,1777263900.0,2026-04-27 09:55:00+05:30
128.96,129.0,128.71,128.71,1760.0,1777264200.0,2026-04-27 10:00:00+05:30
128.71,129.9,128.41,129.9,14891.0,1777264500.0,2026-04-27 10:05:00+05:30
130.0,130.63,130.0,130.38,29501.0,1777264800.0,2026-04-27 10:10:00+05:30
130.56,131.48,129.53,129.87,28443.0,1777265100.0,2026-04-27 10:15:00+05:30
129.8,130.0,129.7,129.98,2636.0,1777265400.0,2026-04-27 10:20:00+05:30
129.84,129.84,129.6,129.63,2401.0,1777265700.0,2026-04-27 10:25:00+05:30
129.63,130.49,129.62,130.3,6849.0,1777266000.0,2026-04-27 10:30:00+05:30
130.5,130.56,130.3,130.3,14680.0,1777266300.0,2026-04-27 10:35:00+05:30
130.4,130.5,130.2,130.43,2380.0,1777266600.0,2026-04-27 10:40:00+05:30
130.49,130.68,130.34,130.68,4785.0,1777266900.0,2026-04-27 10:45:00+05:30
130.49,130.78,130.44,130.6,8383.0,1777267200.0,2026-04-27 10:50:00+05:30
130.6,130.69,130.17,130.27,5702.0,1777267500.0,2026-04-27 10:55:00+05:30
130.1,130.28,130.02,130.28,2744.0,1777267800.0,2026-04-27 11:00:00+05:30
130.08,130.45,130.08,130.13,1841.0,1777268100.0,2026-04-27 11:05:00+05:30
130.13,130.15,130.01,130.01,4204.0,1777268400.0,2026-04-27 11:10:00+05:30
130.07,130.43,130.07,130.41,1366.0,1777268700.0,2026-04-27 11:15:00+05:30
130.43,130.43,129.37,129.37,20443.0,1777269000.0,2026-04-27 11:20:00+05:30
129.59,130.19,129.52,130.0,9598.0,1777269300.0,2026-04-27 11:25:00+05:30
130.12,130.24,130.0,130.24,715.0,1777269600.0,2026-04-27 11:30:00+05:30
130.24,130.24,130.0,130.01,2881.0,1777269900.0,2026-04-27 11:35:00+05:30
130.0,130.06,129.78,130.0,5456.0,1777270200.0,2026-04-27 11:40:00+05:30
130.0,130.14,129.87,130.01,1440.0,1777270500.0,2026-04-27 11:45:00+05:30
130.1,130.1,129.93,129.98,2637.0,1777270800.0,2026-04-27 11:50:00+05:30
129.9,130.05,129.85,130.05,3087.0,1777271100.0,2026-04-27 11:55:00+05:30
130.0,130.05,129.87,130.03,1125.0,1777271400.0,2026-04-27 12:00:00+05:30
130.03,130.11,130.0,130.0,687.0,1777271700.0,2026-04-27 12:05:00+05:30
130.11,130.11,130.0,130.0,2227.0,1777272000.0,2026-04-27 12:10:00+05:30
130.11,130.15,130.0,130.14,1221.0,1777272300.0,2026-04-27 12:15:00+05:30
130.0,130.53,130.0,130.53,20379.0,1777272600.0,2026-04-27 12:20:00+05:30
130.69,131.35,130.36,130.67,32377.0,1777272900.0,2026-04-27 12:25:00+05:30
130.74,130.74,130.0,130.17,1831.0,1777273200.0,2026-04-27 12:30:00+05:30
130.18,130.18,129.95,130.0,3216.0,1777273500.0,2026-04-27 12:35:00+05:30
130.0,130.0,129.86,129.86,1059.0,1777273800.0,2026-04-27 12:40:00+05:30
129.91,130.0,129.85,129.9,1084.0,1777274100.0,2026-04-27 12:45:00+05:30
129.9,129.96,129.66,129.66,6658.0,1777274400.0,2026-04-27 12:50:00+05:30
129.66,129.86,129.6,129.6,448.0,1777274700.0,2026-04-27 12:55:00+05:30
130.01,130.48,129.93,130.32,6915.0,1777275000.0,2026-04-27 13:00:00+05:30
130.32,130.59,130.18,130.59,1256.0,1777275300.0,2026-04-27 13:05:00+05:30
130.6,130.89,130.33,130.79,8225.0,1777275600.0,2026-04-27 13:10:00+05:30
130.79,131.02,130.56,130.68,4609.0,1777275900.0,2026-04-27 13:15:00+05:30
130.7,130.86,130.52,130.52,273.0,1777276200.0,2026-04-27 13:20:00+05:30
130.65,130.77,130.5,130.56,2069.0,1777276500.0,2026-04-27 13:25:00+05:30
130.32,130.39,129.83,129.83,9737.0,1777276800.0,2026-04-27 13:30:00+05:30
130.0,130.07,129.83,130.07,6134.0,1777277100.0,2026-04-27 13:35:00+05:30
130.0,130.58,129.88,130.58,12303.0,1777277400.0,2026-04-27 13:40:00+05:30
130.57,130.85,130.46,130.46,2234.0,1777277700.0,2026-04-27 13:45:00+05:30
130.46,130.59,130.44,130.59,348.0,1777278000.0,2026-04-27 13:50:00+05:30
130.45,130.45,130.44,130.45,274.0,1777278300.0,2026-04-27 13:55:00+05:30
130.56,130.6,130.28,130.45,9061.0,1777278600.0,2026-04-27 14:00:00+05:30
130.45,130.51,130.36,130.51,1374.0,1777278900.0,2026-04-27 14:05:00+05:30
130.51,130.59,130.35,130.59,5735.0,1777279200.0,2026-04-27 14:10:00+05:30
130.59,130.59,130.35,130.49,842.0,1777279500.0,2026-04-27 14:15:00+05:30
130.35,130.59,130.23,130.45,5310.0,1777279800.0,2026-04-27 14:20:00+05:30
130.45,130.66,130.43,130.43,2950.0,1777280100.0,2026-04-27 14:25:00+05:30
130.59,130.63,130.24,130.53,13845.0,1777280400.0,2026-04-27 14:30:00+05:30
130.35,130.64,130.33,130.59,20312.0,1777280700.0,2026-04-27 14:35:00+05:30
130.42,131.03,130.39,130.86,14615.0,1777281000.0,2026-04-27 14:40:00+05:30
131.05,131.31,130.8,130.8,8149.0,1777281300.0,2026-04-27 14:45:00+05:30
130.72,131.0,130.72,130.97,1864.0,1777281600.0,2026-04-27 14:50:00+05:30
130.87,131.0,130.82,130.82,2101.0,1777281900.0,2026-04-27 14:55:00+05:30
130.83,130.97,130.5,130.77,8314.0,1777282200.0,2026-04-27 15:00:00+05:30
130.91,131.1,130.6,130.81,9482.0,1777282500.0,2026-04-27 15:05:00+05:30
130.81,131.1,130.62,130.79,10450.0,1777282800.0,2026-04-27 15:10:00+05:30
130.79,131.0,130.63,130.65,6377.0,1777283100.0,2026-04-27 15:15:00+05:30
130.64,130.85,130.6,130.67,23926.0,1777283400.0,2026-04-27 15:20:00+05:30
130.66,130.85,130.65,130.65,27417.0,1777283700.0,2026-04-27 15:25:00+05:30
130.65,130.65,130.06,130.36,4043.0,1777347900.0,2026-04-28 09:15:00+05:30
130.38,130.61,129.26,129.39,6317.0,1777348200.0,2026-04-28 09:20:00+05:30
129.56,130.69,129.56,130.41,8593.0,1777348500.0,2026-04-28 09:25:00+05:30
130.36,130.36,129.73,129.85,4627.0,1777348800.0,2026-04-28 09:30:00+05:30
129.85,130.17,129.4,130.14,1732.0,1777349100.0,2026-04-28 09:35:00+05:30
129.97,130.76,129.97,130.54,2743.0,1777349400.0,2026-04-28 09:40:00+05:30
130.85,131.69,130.85,131.4,20663.0,1777349700.0,2026-04-28 09:45:00+05:30
131.31,131.54,131.31,131.46,5136.0,1777350000.0,2026-04-28 09:50:00+05:30
131.4,131.4,131.04,131.2,3569.0,1777350300.0,2026-04-28 09:55:00+05:30
131.2,131.4,131.16,131.16,895.0,1777350600.0,2026-04-28 10:00:00+05:30
131.24,131.52,131.24,131.52,476.0,1777350900.0,2026-04-28 10:05:00+05:30
131.5,131.5,130.5,130.68,13214.0,1777351200.0,2026-04-28 10:10:00+05:30
130.54,130.9,130.44,130.72,3846.0,1777351500.0,2026-04-28 10:15:00+05:30
130.56,130.7,130.53,130.53,557.0,1777351800.0,2026-04-28 10:20:00+05:30
130.57,130.57,130.41,130.41,1063.0,1777352100.0,2026-04-28 10:25:00+05:30
130.49,130.61,130.49,130.49,513.0,1777352400.0,2026-04-28 10:30:00+05:30
130.46,130.46,129.66,129.88,3632.0,1777352700.0,2026-04-28 10:35:00+05:30
129.7,129.7,129.5,129.6,2756.0,1777353000.0,2026-04-28 10:40:00+05:30
129.6,129.6,129.55,129.6,220.0,1777353300.0,2026-04-28 10:45:00+05:30
129.48,129.6,129.48,129.55,1319.0,1777353600.0,2026-04-28 10:50:00+05:30
129.81,129.81,129.56,129.56,1033.0,1777353900.0,2026-04-28 10:55:00+05:30
129.6,129.65,129.6,129.65,58.0,1777354200.0,2026-04-28 11:00:00+05:30
129.65,129.65,129.3,129.47,2470.0,1777354500.0,2026-04-28 11:05:00+05:30
129.47,129.53,129.45,129.53,2143.0,1777354800.0,2026-04-28 11:10:00+05:30
129.77,129.77,129.46,129.68,1138.0,1777355100.0,2026-04-28 11:15:00+05:30
129.68,129.68,129.43,129.46,4063.0,1777355400.0,2026-04-28 11:20:00+05:30
129.25,129.34,128.63,128.65,3698.0,1777355700.0,2026-04-28 11:25:00+05:30
128.65,128.65,128.5,128.54,568.0,1777356000.0,2026-04-28 11:30:00+05:30
128.7,128.94,128.7,128.94,228.0,1777356300.0,2026-04-28 11:35:00+05:30
128.81,128.87,128.81,128.87,1775.0,1777356600.0,2026-04-28 11:40:00+05:30
128.87,128.94,128.62,128.94,954.0,1777356900.0,2026-04-28 11:45:00+05:30
129.0,129.06,128.79,128.79,2258.0,1777357200.0,2026-04-28 11:50:00+05:30
128.83,128.88,128.83,128.88,104.0,1777357500.0,2026-04-28 11:55:00+05:30
128.72,128.72,128.71,128.71,122.0,1777357800.0,2026-04-28 12:00:00+05:30
128.58,128.6,128.58,128.6,66.0,1777358100.0,2026-04-28 12:05:00+05:30
128.6,129.69,128.58,129.69,11982.0,1777358400.0,2026-04-28 12:10:00+05:30
129.66,129.75,129.57,129.73,1287.0,1777358700.0,2026-04-28 12:15:00+05:30
129.73,129.73,129.41,129.67,1888.0,1777359000.0,2026-04-28 12:20:00+05:30
129.67,129.75,129.53,129.69,670.0,1777359300.0,2026-04-28 12:25:00+05:30
129.54,130.46,129.54,130.19,3671.0,1777359600.0,2026-04-28 12:30:00+05:30
130.19,130.24,130.02,130.2,580.0,1777359900.0,2026-04-28 12:35:00+05:30
130.0,130.0,130.0,130.0,1336.0,1777360200.0,2026-04-28 12:40:00+05:30
130.0,130.02,129.96,129.96,675.0,1777360500.0,2026-04-28 12:45:00+05:30
130.14,130.14,130.0,130.0,537.0,1777360800.0,2026-04-28 12:50:00+05:30
130.0,130.12,129.95,130.0,956.0,1777361100.0,2026-04-28 12:55:00+05:30
130.04,130.04,130.0,130.0,52.0,1777361400.0,2026-04-28 13:00:00+05:30
130.0,130.12,130.0,130.12,1542.0,1777361700.0,2026-04-28 13:05:00+05:30
130.0,130.11,130.0,130.11,752.0,1777362000.0,2026-04-28 13:10:00+05:30
130.11,130.11,130.0,130.0,258.0,1777362300.0,2026-04-28 13:15:00+05:30
130.0,130.11,129.81,130.0,1556.0,1777362600.0,2026-04-28 13:20:00+05:30
130.0,130.47,130.0,130.47,6162.0,1777362900.0,2026-04-28 13:25:00+05:30
130.3,130.3,129.98,130.16,1212.0,1777363200.0,2026-04-28 13:30:00+05:30
130.0,130.0,129.99,130.0,2060.0,1777363500.0,2026-04-28 13:35:00+05:30
130.02,130.02,130.0,130.0,1264.0,1777363800.0,2026-04-28 13:40:00+05:30
130.18,130.18,130.0,130.0,905.0,1777364100.0,2026-04-28 13:45:00+05:30
130.0,130.13,130.0,130.12,228.0,1777364400.0,2026-04-28 13:50:00+05:30
130.0,130.12,130.0,130.11,304.0,1777364700.0,2026-04-28 13:55:00+05:30
130.12,130.12,129.82,129.99,549.0,1777365000.0,2026-04-28 14:00:00+05:30
129.81,130.01,129.81,130.01,6502.0,1777365300.0,2026-04-28 14:05:00+05:30
130.01,130.13,129.83,130.05,1462.0,1777365600.0,2026-04-28 14:10:00+05:30
130.0,130.08,129.8,130.0,6521.0,1777365900.0,2026-04-28 14:15:00+05:30
129.9,130.13,129.9,130.0,404.0,1777366200.0,2026-04-28 14:20:00+05:30
130.01,130.01,129.85,129.87,805.0,1777366500.0,2026-04-28 14:25:00+05:30
129.87,130.12,129.87,130.0,979.0,1777366800.0,2026-04-28 14:30:00+05:30
130.0,130.05,130.0,130.05,102.0,1777367100.0,2026-04-28 14:35:00+05:30
130.05,130.05,130.0,130.05,1260.0,1777367400.0,2026-04-28 14:40:00+05:30
130.05,130.1,130.0,130.0,136.0,1777367700.0,2026-04-28 14:45:00+05:30
130.0,130.11,130.0,130.0,158.0,1777368000.0,2026-04-28 14:50:00+05:30
130.12,130.12,130.0,130.1,298.0,1777368300.0,2026-04-28 14:55:00+05:30
130.09,130.12,129.87,129.88,2269.0,1777368600.0,2026-04-28 15:00:00+05:30
129.82,130.11,129.82,130.06,3036.0,1777368900.0,2026-04-28 15:05:00+05:30
130.06,130.08,129.6,130.03,6285.0,1777369200.0,2026-04-28 15:10:00+05:30
129.7,130.01,129.56,129.81,8368.0,1777369500.0,2026-04-28 15:15:00+05:30
130.01,130.01,129.77,129.83,5760.0,1777369800.0,2026-04-28 15:20:00+05:30
130.0,130.2,129.85,129.93,6861.0,1777370100.0,2026-04-28 15:25:00+05:30
129.95,130.6,129.65,129.65,4015.0,1777434300.0,2026-04-29 09:15:00+05:30
130.14,130.37,129.72,129.73,1750.0,1777434600.0,2026-04-29 09:20:00+05:30
129.76,129.9,129.26,129.55,6572.0,1777434900.0,2026-04-29 09:25:00+05:30
129.55,129.82,129.29,129.3,3027.0,1777435200.0,2026-04-29 09:30:00+05:30
129.3,129.34,128.5,128.58,7558.0,1777435500.0,2026-04-29 09:35:00+05:30
128.6,129.82,128.17,129.75,10571.0,1777435800.0,2026-04-29 09:40:00+05:30
129.75,130.72,129.75,130.42,4767.0,1777436100.0,2026-04-29 09:45:00+05:30
130.37,130.54,130.09,130.16,2152.0,1777436400.0,2026-04-29 09:50:00+05:30
130.0,130.11,130.0,130.01,1965.0,1777436700.0,2026-04-29 09:55:00+05:30
130.0,130.11,130.0,130.01,427.0,1777437000.0,2026-04-29 10:00:00+05:30
130.17,130.39,130.17,130.38,2246.0,1777437300.0,2026-04-29 10:05:00+05:30
130.34,130.35,130.1,130.12,702.0,1777437600.0,2026-04-29 10:10:00+05:30
130.12,130.45,130.1,130.45,10920.0,1777437900.0,2026-04-29 10:15:00+05:30
130.45,130.45,130.33,130.43,325.0,1777438200.0,2026-04-29 10:20:00+05:30
130.43,130.43,130.33,130.43,650.0,1777438500.0,2026-04-29 10:25:00+05:30
130.42,130.42,130.02,130.02,2247.0,1777438800.0,2026-04-29 10:30:00+05:30
130.01,130.19,130.0,130.16,1128.0,1777439100.0,2026-04-29 10:35:00+05:30
130.16,130.47,129.88,130.47,9339.0,1777439400.0,2026-04-29 10:40:00+05:30
130.26,130.26,130.16,130.17,4998.0,1777439700.0,2026-04-29 10:45:00+05:30
130.17,130.33,130.17,130.33,1.0,1777440000.0,2026-04-29 10:50:00+05:30
130.33,130.33,130.16,130.33,1263.0,1777440300.0,2026-04-29 10:55:00+05:30
130.16,130.36,130.16,130.36,4513.0,1777440600.0,2026-04-29 11:00:00+05:30
130.21,130.34,130.21,130.34,23.0,1777440900.0,2026-04-29 11:05:00+05:30
130.34,130.4,130.3,130.3,296.0,1777441200.0,2026-04-29 11:10:00+05:30
130.3,130.47,130.3,130.47,2355.0,1777441500.0,2026-04-29 11:15:00+05:30
130.32,130.46,130.28,130.29,239.0,1777441800.0,2026-04-29 11:20:00+05:30
130.47,130.48,130.28,130.47,6197.0,1777442100.0,2026-04-29 11:25:00+05:30
130.47,130.5,130.16,130.16,3252.0,1777442400.0,2026-04-29 11:30:00+05:30
130.18,130.44,130.16,130.16,2942.0,1777442700.0,2026-04-29 11:35:00+05:30
130.16,130.16,130.16,130.16,4416.0,1777443000.0,2026-04-29 11:40:00+05:30
130.16,130.3,130.16,130.3,2603.0,1777443300.0,2026-04-29 11:45:00+05:30
130.3,130.3,130.16,130.28,1440.0,1777443600.0,2026-04-29 11:50:00+05:30
130.28,130.47,130.27,130.31,2257.0,1777443900.0,2026-04-29 11:55:00+05:30
130.44,130.44,130.16,130.16,766.0,1777444200.0,2026-04-29 12:00:00+05:30
130.16,130.38,130.16,130.16,1343.0,1777444500.0,2026-04-29 12:05:00+05:30
130.16,130.25,130.16,130.16,468.0,1777444800.0,2026-04-29 12:10:00+05:30
130.25,130.31,130.25,130.28,1775.0,1777445100.0,2026-04-29 12:15:00+05:30
130.28,130.44,130.27,130.44,205.0,1777445400.0,2026-04-29 12:20:00+05:30
130.27,130.46,130.27,130.43,150.0,1777445700.0,2026-04-29 12:25:00+05:30
130.43,130.43,130.27,130.27,498.0,1777446000.0,2026-04-29 12:30:00+05:30
130.3,130.42,130.16,130.16,20513.0,1777446300.0,2026-04-29 12:35:00+05:30
130.31,130.31,130.31,130.31,164.0,1777446600.0,2026-04-29 12:40:00+05:30
130.31,130.31,130.04,130.16,3729.0,1777446900.0,2026-04-29 12:45:00+05:30
130.16,130.28,130.16,130.28,1.0,1777447200.0,2026-04-29 12:50:00+05:30
130.28,130.47,130.28,130.47,692.0,1777447500.0,2026-04-29 12:55:00+05:30
130.47,130.61,130.38,130.38,3530.0,1777447800.0,2026-04-29 13:00:00+05:30
130.3,130.3,130.17,130.18,2058.0,1777448100.0,2026-04-29 13:05:00+05:30
130.18,130.39,130.18,130.18,520.0,1777448400.0,2026-04-29 13:10:00+05:30
130.33,130.4,130.16,130.4,2777.0,1777448700.0,2026-04-29 13:15:00+05:30
130.4,130.4,130.16,130.16,933.0,1777449000.0,2026-04-29 13:20:00+05:30
130.16,130.34,130.16,130.18,69.0,1777449300.0,2026-04-29 13:25:00+05:30
130.3,130.35,130.16,130.35,1021.0,1777449600.0,2026-04-29 13:30:00+05:30
130.16,130.49,130.16,130.43,2407.0,1777449900.0,2026-04-29 13:35:00+05:30
130.43,130.43,130.16,130.16,12740.0,1777450200.0,2026-04-29 13:40:00+05:30
130.16,130.18,129.06,130.0,23867.0,1777450500.0,2026-04-29 13:45:00+05:30
130.0,130.2,130.0,130.2,2387.0,1777450800.0,2026-04-29 13:50:00+05:30
130.2,130.35,130.0,130.35,2679.0,1777451100.0,2026-04-29 13:55:00+05:30
130.35,130.35,130.2,130.2,7040.0,1777451400.0,2026-04-29 14:00:00+05:30
130.2,130.2,130.2,130.2,1068.0,1777451700.0,2026-04-29 14:05:00+05:30
130.2,130.25,130.2,130.25,1783.0,1777452000.0,2026-04-29 14:10:00+05:30
130.25,130.25,130.2,130.2,124.0,1777452300.0,2026-04-29 14:15:00+05:30
130.2,130.3,130.01,130.3,6654.0,1777452600.0,2026-04-29 14:20:00+05:30
130.3,130.3,130.13,130.29,4235.0,1777452900.0,2026-04-29 14:25:00+05:30
130.2,130.21,130.08,130.08,2481.0,1777453200.0,2026-04-29 14:30:00+05:30
130.2,130.21,130.2,130.21,83.0,1777453500.0,2026-04-29 14:35:00+05:30
130.21,130.3,130.2,130.24,1061.0,1777453800.0,2026-04-29 14:40:00+05:30
130.24,130.39,130.24,130.39,16.0,1777454100.0,2026-04-29 14:45:00+05:30
130.24,130.4,130.24,130.31,870.0,1777454400.0,2026-04-29 14:50:00+05:30
130.31,130.35,130.24,130.24,1335.0,1777454700.0,2026-04-29 14:55:00+05:30
130.35,130.41,130.24,130.4,2197.0,1777455000.0,2026-04-29 15:00:00+05:30
130.24,130.45,130.24,130.31,2629.0,1777455300.0,2026-04-29 15:05:00+05:30
130.47,130.47,130.12,130.2,10581.0,1777455600.0,2026-04-29 15:10:00+05:30
130.21,130.31,129.2,130.2,34535.0,1777455900.0,2026-04-29 15:15:00+05:30
130.2,130.27,130.2,130.23,13609.0,1777456200.0,2026-04-29 15:20:00+05:30
130.2,130.3,130.2,130.21,6672.0,1777456500.0,2026-04-29 15:25:00+05:30
130.2,130.2,128.43,129.0,2880.0,1777520700.0,2026-04-30 09:15:00+05:30
128.5,128.89,127.98,128.52,5702.0,1777521000.0,2026-04-30 09:20:00+05:30
128.86,129.45,128.4,129.45,1927.0,1777521300.0,2026-04-30 09:25:00+05:30
129.49,129.49,128.49,129.12,2128.0,1777521600.0,2026-04-30 09:30:00+05:30
129.12,129.12,128.44,128.44,608.0,1777521900.0,2026-04-30 09:35:00+05:30
128.68,129.04,128.31,129.04,3339.0,1777522200.0,2026-04-30 09:40:00+05:30
129.26,129.26,128.3,128.3,2815.0,1777522500.0,2026-04-30 09:45:00+05:30
128.35,128.35,128.01,128.14,898.0,1777522800.0,2026-04-30 09:50:00+05:30
128.11,128.11,127.59,127.59,1733.0,1777523100.0,2026-04-30 09:55:00+05:30
127.78,127.78,127.15,127.35,3362.0,1777523400.0,2026-04-30 10:00:00+05:30
127.47,127.55,127.18,127.18,14918.0,1777523700.0,2026-04-30 10:05:00+05:30
127.2,127.3,126.79,126.8,4027.0,1777524000.0,2026-04-30 10:10:00+05:30
126.53,126.59,126.34,126.56,1603.0,1777524300.0,2026-04-30 10:15:00+05:30
126.56,126.71,125.78,126.04,3723.0,1777524600.0,2026-04-30 10:20:00+05:30
125.84,126.38,125.84,126.35,859.0,1777524900.0,2026-04-30 10:25:00+05:30
126.35,126.62,126.28,126.47,13349.0,1777525200.0,2026-04-30 10:30:00+05:30
126.5,126.55,126.37,126.49,890.0,1777525500.0,2026-04-30 10:35:00+05:30
126.7,126.97,126.52,126.79,1179.0,1777525800.0,2026-04-30 10:40:00+05:30
126.8,126.94,126.5,126.94,957.0,1777526100.0,2026-04-30 10:45:00+05:30
126.79,126.93,126.6,126.75,1416.0,1777526400.0,2026-04-30 10:50:00+05:30
126.5,126.5,126.04,126.04,5678.0,1777526700.0,2026-04-30 10:55:00+05:30
126.28,126.4,126.24,126.4,293.0,1777527000.0,2026-04-30 11:00:00+05:30
126.36,126.36,126.2,126.2,438.0,1777527300.0,2026-04-30 11:05:00+05:30
126.39,126.4,126.2,126.2,984.0,1777527600.0,2026-04-30 11:10:00+05:30
126.2,126.2,125.64,126.05,5455.0,1777527900.0,2026-04-30 11:15:00+05:30
126.0,126.13,126.0,126.13,98.0,1777528200.0,2026-04-30 11:20:00+05:30
126.13,126.32,126.08,126.32,318.0,1777528500.0,2026-04-30 11:25:00+05:30
126.42,126.42,126.02,126.14,87.0,1777528800.0,2026-04-30 11:30:00+05:30
126.14,127.3,126.09,127.3,5528.0,1777529100.0,2026-04-30 11:35:00+05:30
127.49,127.73,127.44,127.66,953.0,1777529400.0,2026-04-30 11:40:00+05:30
127.63,127.63,127.5,127.6,199.0,1777529700.0,2026-04-30 11:45:00+05:30
127.6,127.6,127.6,127.6,450.0,1777530000.0,2026-04-30 11:50:00+05:30
127.69,128.24,127.61,128.24,733.0,1777530300.0,2026-04-30 11:55:00+05:30
128.2,128.2,128.0,128.0,284.0,1777530600.0,2026-04-30 12:00:00+05:30
128.0,128.24,128.0,128.24,138.0,1777530900.0,2026-04-30 12:05:00+05:30
128.24,128.24,128.0,128.0,190.0,1777531200.0,2026-04-30 12:10:00+05:30
128.0,128.27,128.0,128.14,403.0,1777531500.0,2026-04-30 12:15:00+05:30
128.14,128.14,128.14,128.14,4.0,1777531800.0,2026-04-30 12:20:00+05:30
128.14,128.14,128.14,128.14,10.0,1777532100.0,2026-04-30 12:25:00+05:30
128.3,128.3,128.07,128.07,289.0,1777532400.0,2026-04-30 12:30:00+05:30
128.48,128.48,128.01,128.01,3025.0,1777532700.0,2026-04-30 12:35:00+05:30
128.01,128.27,128.01,128.27,78.0,1777533000.0,2026-04-30 12:40:00+05:30
128.24,128.37,128.12,128.37,388.0,1777533300.0,2026-04-30 12:45:00+05:30
128.37,128.7,128.37,128.7,2153.0,1777533600.0,2026-04-30 12:50:00+05:30
128.56,128.74,128.56,128.74,86.0,1777533900.0,2026-04-30 12:55:00+05:30
128.74,128.74,128.53,128.58,654.0,1777534200.0,2026-04-30 13:00:00+05:30
128.58,128.58,128.34,128.35,236.0,1777534500.0,2026-04-30 13:05:00+05:30
128.35,128.5,128.34,128.5,152.0,1777534800.0,2026-04-30 13:10:00+05:30
128.5,128.5,128.25,128.25,529.0,1777535100.0,2026-04-30 13:15:00+05:30
128.21,128.21,128.2,128.2,171.0,1777535400.0,2026-04-30 13:20:00+05:30
128.43,128.49,128.13,128.42,1667.0,1777535700.0,2026-04-30 13:25:00+05:30
128.42,128.42,128.11,128.11,596.0,1777536000.0,2026-04-30 13:30:00+05:30
128.11,128.49,128.11,128.3,315.0,1777536300.0,2026-04-30 13:35:00+05:30
128.45,128.45,128.27,128.27,1002.0,1777536600.0,2026-04-30 13:40:00+05:30
128.27,128.59,128.27,128.49,1016.0,1777536900.0,2026-04-30 13:45:00+05:30
128.3,128.37,128.23,128.23,113.0,1777537200.0,2026-04-30 13:50:00+05:30
128.23,128.68,128.23,128.62,2661.0,1777537500.0,2026-04-30 13:55:00+05:30
128.62,128.62,128.62,128.62,0.0,1777537800.0,2026-04-30 14:00:00+05:30
128.38,128.38,128.06,128.08,855.0,1777538100.0,2026-04-30 14:05:00+05:30
128.32,128.32,128.23,128.23,255.0,1777538400.0,2026-04-30 14:10:00+05:30
128.31,128.46,128.23,128.23,434.0,1777538700.0,2026-04-30 14:15:00+05:30
128.35,128.35,128.3,128.32,252.0,1777539000.0,2026-04-30 14:20:00+05:30
128.32,128.32,128.2,128.2,101.0,1777539300.0,2026-04-30 14:25:00+05:30
128.2,128.2,128.0,128.0,1385.0,1777539600.0,2026-04-30 14:30:00+05:30
128.0,128.78,128.0,128.6,2660.0,1777539900.0,2026-04-30 14:35:00+05:30
128.6,128.99,128.6,128.99,200.0,1777540200.0,2026-04-30 14:40:00+05:30
128.96,128.96,128.6,128.6,1055.0,1777540500.0,2026-04-30 14:45:00+05:30
128.6,128.71,128.6,128.6,932.0,1777540800.0,2026-04-30 14:50:00+05:30
128.68,128.68,128.61,128.61,26.0,1777541100.0,2026-04-30 14:55:00+05:30
128.61,128.78,128.6,128.63,3223.0,1777541400.0,2026-04-30 15:00:00+05:30
128.63,128.77,128.6,128.65,108.0,1777541700.0,2026-04-30 15:05:00+05:30
128.65,128.72,128.6,128.71,823.0,1777542000.0,2026-04-30 15:10:00+05:30
128.83,128.83,128.6,128.6,2361.0,1777542300.0,2026-04-30 15:15:00+05:30
128.6,128.71,128.34,128.6,2234.0,1777542600.0,2026-04-30 15:20:00+05:30
128.6,128.69,127.12,128.6,6262.0,1777542900.0,2026-04-30 15:25:00+05:30
129.9,130.0,128.61,128.8,4314.0,1777866300.0,2026-05-04 09:15:00+05:30
128.84,129.64,128.52,129.43,5905.0,1777866600.0,2026-05-04 09:20:00+05:30
129.48,129.83,129.42,129.6,4633.0,1777866900.0,2026-05-04 09:25:00+05:30
129.75,130.0,129.42,130.0,2477.0,1777867200.0,2026-05-04 09:30:00+05:30
129.91,130.02,129.52,129.82,18681.0,1777867500.0,2026-05-04 09:35:00+05:30
129.82,129.82,129.19,129.41,1288.0,1777867800.0,2026-05-04 09:40:00+05:30
129.49,129.49,129.27,129.39,1084.0,1777868100.0,2026-05-04 09:45:00+05:30
129.29,129.39,129.2,129.2,1516.0,1777868400.0,2026-05-04 09:50:00+05:30
129.29,129.69,129.29,129.67,1269.0,1777868700.0,2026-05-04 09:55:00+05:30
129.6,129.72,129.43,129.43,760.0,1777869000.0,2026-05-04 10:00:00+05:30
129.43,129.63,129.43,129.63,479.0,1777869300.0,2026-05-04 10:05:00+05:30
129.52,129.52,129.2,129.29,1785.0,1777869600.0,2026-05-04 10:10:00+05:30
129.29,129.49,129.29,129.45,726.0,1777869900.0,2026-05-04 10:15:00+05:30
129.45,129.45,129.2,129.2,2836.0,1777870200.0,2026-05-04 10:20:00+05:30
129.2,129.63,129.1,129.63,3426.0,1777870500.0,2026-05-04 10:25:00+05:30
129.7,130.0,129.7,129.93,6503.0,1777870800.0,2026-05-04 10:30:00+05:30
129.99,130.0,129.77,129.96,4873.0,1777871100.0,2026-05-04 10:35:00+05:30
129.96,129.96,129.72,129.9,327.0,1777871400.0,2026-05-04 10:40:00+05:30
129.73,129.86,129.68,129.81,74.0,1777871700.0,2026-05-04 10:45:00+05:30
129.85,129.85,129.84,129.84,3.0,1777872000.0,2026-05-04 10:50:00+05:30
129.33,130.2,129.33,129.8,14888.0,1777872300.0,2026-05-04 10:55:00+05:30
130.02,130.47,130.02,130.41,2143.0,1777872600.0,2026-05-04 11:00:00+05:30
130.45,130.45,130.04,130.29,1941.0,1777872900.0,2026-05-04 11:05:00+05:30
130.25,131.0,130.13,130.98,15133.0,1777873200.0,2026-05-04 11:10:00+05:30
130.8,131.1,130.74,131.1,11826.0,1777873500.0,2026-05-04 11:15:00+05:30
130.94,131.17,130.75,130.75,1180.0,1777873800.0,2026-05-04 11:20:00+05:30
130.87,130.87,130.57,130.57,944.0,1777874100.0,2026-05-04 11:25:00+05:30
130.6,130.6,130.46,130.46,301.0,1777874400.0,2026-05-04 11:30:00+05:30
130.46,130.6,130.45,130.5,983.0,1777874700.0,2026-05-04 11:35:00+05:30
130.5,130.6,130.5,130.56,814.0,1777875000.0,2026-05-04 11:40:00+05:30
130.69,130.69,130.5,130.51,786.0,1777875300.0,2026-05-04 11:45:00+05:30
130.5,130.51,129.07,129.91,18754.0,1777875600.0,2026-05-04 11:50:00+05:30
129.86,129.86,129.52,129.52,3225.0,1777875900.0,2026-05-04 11:55:00+05:30
129.56,129.73,129.56,129.7,572.0,1777876200.0,2026-05-04 12:00:00+05:30
129.5,129.94,129.4,129.43,5822.0,1777876500.0,2026-05-04 12:05:00+05:30
129.43,129.43,129.22,129.29,1094.0,1777876800.0,2026-05-04 12:10:00+05:30
129.08,129.29,129.06,129.26,703.0,1777877100.0,2026-05-04 12:15:00+05:30
129.28,129.31,129.0,129.0,456.0,1777877400.0,2026-05-04 12:20:00+05:30
129.01,129.48,129.0,129.29,2838.0,1777877700.0,2026-05-04 12:25:00+05:30
129.29,129.29,129.11,129.11,1196.0,1777878000.0,2026-05-04 12:30:00+05:30
129.0,129.09,129.0,129.08,301.0,1777878300.0,2026-05-04 12:35:00+05:30
129.08,129.17,129.0,129.0,106.0,1777878600.0,2026-05-04 12:40:00+05:30
129.0,129.0,128.66,128.82,2059.0,1777878900.0,2026-05-04 12:45:00+05:30
128.72,128.76,128.72,128.72,1111.0,1777879200.0,2026-05-04 12:50:00+05:30
128.86,128.93,128.72,128.93,262.0,1777879500.0,2026-05-04 12:55:00+05:30
128.93,128.93,128.51,128.72,554.0,1777879800.0,2026-05-04 13:00:00+05:30
128.72,128.72,128.23,128.5,1345.0,1777880100.0,2026-05-04 13:05:00+05:30
128.5,128.57,128.34,128.57,207.0,1777880400.0,2026-05-04 13:10:00+05:30
128.57,128.57,127.86,128.27,1371.0,1777880700.0,2026-05-04 13:15:00+05:30
128.27,128.27,127.81,128.03,606.0,1777881000.0,2026-05-04 13:20:00+05:30
128.15,128.23,127.97,127.97,1525.0,1777881300.0,2026-05-04 13:25:00+05:30
127.9,128.07,127.8,128.03,1013.0,1777881600.0,2026-05-04 13:30:00+05:30
127.9,128.25,127.81,127.9,1315.0,1777881900.0,2026-05-04 13:35:00+05:30
128.16,128.5,128.16,128.5,89.0,1777882200.0,2026-05-04 13:40:00+05:30
128.31,128.31,128.11,128.11,310.0,1777882500.0,2026-05-04 13:45:00+05:30
128.11,128.26,128.11,128.15,640.0,1777882800.0,2026-05-04 13:50:00+05:30
128.15,128.15,127.8,127.8,755.0,1777883100.0,2026-05-04 13:55:00+05:30
127.8,127.8,126.51,127.22,11592.0,1777883400.0,2026-05-04 14:00:00+05:30
127.4,127.53,127.3,127.49,601.0,1777883700.0,2026-05-04 14:05:00+05:30
127.71,127.81,127.41,127.72,774.0,1777884000.0,2026-05-04 14:10:00+05:30
127.6,127.8,127.3,127.62,2585.0,1777884300.0,2026-05-04 14:15:00+05:30
127.76,127.8,127.56,127.8,400.0,1777884600.0,2026-05-04 14:20:00+05:30
127.54,127.89,127.54,127.87,2141.0,1777884900.0,2026-05-04 14:25:00+05:30
127.83,127.9,127.6,127.6,1291.0,1777885200.0,2026-05-04 14:30:00+05:30
127.7,127.7,127.32,127.41,1542.0,1777885500.0,2026-05-04 14:35:00+05:30
127.3,127.45,127.13,127.45,4469.0,1777885800.0,2026-05-04 14:40:00+05:30
127.46,127.64,127.28,127.64,557.0,1777886100.0,2026-05-04 14:45:00+05:30
127.72,127.72,127.72,127.72,91.0,1777886400.0,2026-05-04 14:50:00+05:30
127.72,127.72,127.44,127.56,618.0,1777886700.0,2026-05-04 14:55:00+05:30
127.3,127.5,127.07,127.5,2286.0,1777887000.0,2026-05-04 15:00:00+05:30
127.44,127.68,127.05,127.5,9952.0,1777887300.0,2026-05-04 15:05:00+05:30
127.32,127.5,126.0,127.4,22414.0,1777887600.0,2026-05-04 15:10:00+05:30
126.5,127.51,126.5,127.48,7134.0,1777887900.0,2026-05-04 15:15:00+05:30
127.52,128.43,127.22,128.03,15860.0,1777888200.0,2026-05-04 15:20:00+05:30
127.8,129.0,127.05,129.0,8029.0,1777888500.0,2026-05-04 15:25:00+05:30
127.96,127.96,127.11,127.32,1138.0,1777952700.0,2026-05-05 09:15:00+05:30
127.35,127.57,127.01,127.53,1079.0,1777953000.0,2026-05-05 09:20:00+05:30
127.78,127.89,127.3,127.53,2808.0,1777953300.0,2026-05-05 09:25:00+05:30
127.62,128.35,127.62,127.66,5569.0,1777953600.0,2026-05-05 09:30:00+05:30
127.93,127.98,127.47,127.47,1853.0,1777953900.0,2026-05-05 09:35:00+05:30
127.31,127.99,127.31,127.87,1882.0,1777954200.0,2026-05-05 09:40:00+05:30
128.0,128.08,127.71,127.97,3023.0,1777954500.0,2026-05-05 09:45:00+05:30
126.51,126.97,125.11,126.97,63586.0,1777954800.0,2026-05-05 09:50:00+05:30
126.97,127.0,126.85,126.85,638.0,1777955100.0,2026-05-05 09:55:00+05:30
126.85,126.9,126.8,126.8,4655.0,1777955400.0,2026-05-05 10:00:00+05:30
126.89,126.91,126.69,126.91,954.0,1777955700.0,2026-05-05 10:05:00+05:30
126.91,126.95,126.51,126.81,3854.0,1777956000.0,2026-05-05 10:10:00+05:30
126.9,126.9,126.4,126.46,3228.0,1777956300.0,2026-05-05 10:15:00+05:30
126.61,126.61,126.42,126.42,81.0,1777956600.0,2026-05-05 10:20:00+05:30
126.45,126.49,126.07,126.15,5077.0,1777956900.0,2026-05-05 10:25:00+05:30
126.15,126.19,125.97,125.97,983.0,1777957200.0,2026-05-05 10:30:00+05:30
125.97,126.02,125.8,125.88,263.0,1777957500.0,2026-05-05 10:35:00+05:30
125.8,126.08,125.8,125.82,5280.0,1777957800.0,2026-05-05 10:40:00+05:30
125.8,125.99,125.61,125.99,1861.0,1777958100.0,2026-05-05 10:45:00+05:30
125.99,125.99,125.66,125.66,316.0,1777958400.0,2026-05-05 10:50:00+05:30
125.78,125.78,125.4,125.4,3133.0,1777958700.0,2026-05-05 10:55:00+05:30
125.5,125.83,125.42,125.83,628.0,1777959000.0,2026-05-05 11:00:00+05:30
125.83,125.83,125.71,125.71,28.0,1777959300.0,2026-05-05 11:05:00+05:30
125.71,125.82,125.0,125.49,16851.0,1777959600.0,2026-05-05 11:10:00+05:30
125.35,125.49,125.35,125.42,421.0,1777959900.0,2026-05-05 11:15:00+05:30
125.38,125.6,125.26,125.37,1761.0,1777960200.0,2026-05-05 11:20:00+05:30
125.5,125.57,125.49,125.5,1318.0,1777960500.0,2026-05-05 11:25:00+05:30
125.5,125.57,125.41,125.57,128.0,1777960800.0,2026-05-05 11:30:00+05:30
125.57,125.6,125.57,125.57,30.0,1777961100.0,2026-05-05 11:35:00+05:30
125.63,125.63,125.32,125.4,661.0,1777961400.0,2026-05-05 11:40:00+05:30
125.39,125.39,125.24,125.24,381.0,1777961700.0,2026-05-05 11:45:00+05:30
125.24,125.24,125.21,125.21,28.0,1777962000.0,2026-05-05 11:50:00+05:30
125.27,125.41,125.21,125.38,407.0,1777962300.0,2026-05-05 11:55:00+05:30
125.38,125.38,125.21,125.21,359.0,1777962600.0,2026-05-05 12:00:00+05:30
125.21,125.41,125.21,125.35,201.0,1777962900.0,2026-05-05 12:05:00+05:30
125.21,125.45,125.21,125.44,772.0,1777963200.0,2026-05-05 12:10:00+05:30
125.45,125.45,125.45,125.45,237.0,1777963500.0,2026-05-05 12:15:00+05:30
125.45,125.87,125.45,125.6,504.0,1777963800.0,2026-05-05 12:20:00+05:30
125.6,125.6,125.5,125.5,95.0,1777964100.0,2026-05-05 12:25:00+05:30
125.5,125.6,125.5,125.5,218.0,1777964400.0,2026-05-05 12:30:00+05:30
125.5,125.92,125.5,125.69,1358.0,1777964700.0,2026-05-05 12:35:00+05:30
125.69,125.84,125.69,125.84,201.0,1777965000.0,2026-05-05 12:40:00+05:30
125.69,125.92,125.69,125.92,1865.0,1777965300.0,2026-05-05 12:45:00+05:30
125.92,126.16,125.8,126.16,2657.0,1777965600.0,2026-05-05 12:50:00+05:30
126.25,126.32,126.18,126.18,856.0,1777965900.0,2026-05-05 12:55:00+05:30
126.18,126.33,126.18,126.33,159.0,1777966200.0,2026-05-05 13:00:00+05:30
126.32,126.35,126.0,126.35,3993.0,1777966500.0,2026-05-05 13:05:00+05:30
126.39,126.39,126.25,126.25,1592.0,1777966800.0,2026-05-05 13:10:00+05:30
126.3,126.3,126.01,126.04,876.0,1777967100.0,2026-05-05 13:15:00+05:30
126.14,126.19,125.81,125.81,1050.0,1777967400.0,2026-05-05 13:20:00+05:30
125.81,125.81,125.51,125.69,3632.0,1777967700.0,2026-05-05 13:25:00+05:30
125.69,125.69,125.55,125.55,38.0,1777968000.0,2026-05-05 13:30:00+05:30
125.61,125.81,125.5,125.81,3338.0,1777968300.0,2026-05-05 13:35:00+05:30
125.78,125.91,125.59,125.59,405.0,1777968600.0,2026-05-05 13:40:00+05:30
125.59,125.71,125.59,125.71,147.0,1777968900.0,2026-05-05 13:45:00+05:30
125.71,125.71,125.5,125.5,182.0,1777969200.0,2026-05-05 13:50:00+05:30
125.62,125.62,125.26,125.46,356.0,1777969500.0,2026-05-05 13:55:00+05:30
125.46,125.59,125.46,125.59,25.0,1777969800.0,2026-05-05 14:00:00+05:30
125.46,125.46,125.25,125.36,272.0,1777970100.0,2026-05-05 14:05:00+05:30
125.36,125.36,125.36,125.36,263.0,1777970400.0,2026-05-05 14:10:00+05:30
125.36,125.36,125.36,125.36,0.0,1777970700.0,2026-05-05 14:15:00+05:30
125.51,125.59,125.51,125.57,1492.0,1777971000.0,2026-05-05 14:20:00+05:30
125.55,125.64,125.32,125.6,1844.0,1777971300.0,2026-05-05 14:25:00+05:30
125.6,125.6,125.44,125.44,201.0,1777971600.0,2026-05-05 14:30:00+05:30
125.44,125.54,125.32,125.54,842.0,1777971900.0,2026-05-05 14:35:00+05:30
125.54,125.6,125.26,125.42,1382.0,1777972200.0,2026-05-05 14:40:00+05:30
125.32,125.5,125.2,125.25,30876.0,1777972500.0,2026-05-05 14:45:00+05:30
125.27,125.45,125.26,125.4,1361.0,1777972800.0,2026-05-05 14:50:00+05:30
125.49,126.08,125.49,125.93,11245.0,1777973100.0,2026-05-05 14:55:00+05:30
125.93,126.0,125.87,125.91,3134.0,1777973400.0,2026-05-05 15:00:00+05:30
125.88,126.04,125.88,126.02,789.0,1777973700.0,2026-05-05 15:05:00+05:30
125.98,126.07,125.63,125.84,4327.0,1777974000.0,2026-05-05 15:10:00+05:30
125.84,125.97,125.45,125.67,10777.0,1777974300.0,2026-05-05 15:15:00+05:30
125.8,126.1,125.78,125.86,6517.0,1777974600.0,2026-05-05 15:20:00+05:30
125.85,126.29,125.11,125.11,19878.0,1777974900.0,2026-05-05 15:25:00+05:30
125.1,127.93,125.1,125.91,7726.0,1778039100.0,2026-05-06 09:15:00+05:30
126.13,126.7,126.08,126.7,2401.0,1778039400.0,2026-05-06 09:20:00+05:30
126.67,126.69,126.42,126.52,1781.0,1778039700.0,2026-05-06 09:25:00+05:30
126.65,127.0,126.65,126.75,7337.0,1778040000.0,2026-05-06 09:30:00+05:30
127.0,127.07,126.5,126.5,1933.0,1778040300.0,2026-05-06 09:35:00+05:30
126.36,126.63,126.36,126.61,890.0,1778040600.0,2026-05-06 09:40:00+05:30
126.65,126.65,126.4,126.45,895.0,1778040900.0,2026-05-06 09:45:00+05:30
126.64,127.19,126.36,127.19,3023.0,1778041200.0,2026-05-06 09:50:00+05:30
127.19,127.19,126.9,126.98,215.0,1778041500.0,2026-05-06 09:55:00+05:30
126.98,126.98,126.61,126.67,809.0,1778041800.0,2026-05-06 10:00:00+05:30
126.57,126.76,126.57,126.59,670.0,1778042100.0,2026-05-06 10:05:00+05:30
126.6,127.09,126.6,127.09,1673.0,1778042400.0,2026-05-06 10:10:00+05:30
127.09,127.25,126.94,127.02,1417.0,1778042700.0,2026-05-06 10:15:00+05:30
127.2,127.22,126.9,126.94,4114.0,1778043000.0,2026-05-06 10:20:00+05:30
126.94,127.0,126.75,126.75,3050.0,1778043300.0,2026-05-06 10:25:00+05:30
126.69,126.76,126.62,126.62,199.0,1778043600.0,2026-05-06 10:30:00+05:30
126.62,126.63,126.6,126.6,27.0,1778043900.0,2026-05-06 10:35:00+05:30
126.57,126.76,126.57,126.73,5277.0,1778044200.0,2026-05-06 10:40:00+05:30
126.73,126.73,126.5,126.71,373.0,1778044500.0,2026-05-06 10:45:00+05:30
126.5,126.72,126.5,126.55,83.0,1778044800.0,2026-05-06 10:50:00+05:30
126.55,126.55,126.55,126.55,0.0,1778045100.0,2026-05-06 10:55:00+05:30
126.55,126.69,126.46,126.46,363.0,1778045400.0,2026-05-06 11:00:00+05:30
126.45,126.45,126.11,126.11,774.0,1778045700.0,2026-05-06 11:05:00+05:30
126.11,126.5,126.11,126.21,2716.0,1778046000.0,2026-05-06 11:10:00+05:30
126.21,126.36,126.21,126.36,5.0,1778046300.0,2026-05-06 11:15:00+05:30
126.36,126.36,126.21,126.21,71.0,1778046600.0,2026-05-06 11:20:00+05:30
126.21,126.35,126.18,126.35,127.0,1778046900.0,2026-05-06 11:25:00+05:30
126.4,126.4,126.4,126.4,630.0,1778047200.0,2026-05-06 11:30:00+05:30
126.38,126.38,126.19,126.19,164.0,1778047500.0,2026-05-06 11:35:00+05:30
126.19,126.35,126.19,126.32,137.0,1778047800.0,2026-05-06 11:40:00+05:30
126.32,126.32,125.9,125.9,4981.0,1778048100.0,2026-05-06 11:45:00+05:30
125.9,125.91,125.61,125.82,989.0,1778048400.0,2026-05-06 11:50:00+05:30
125.82,125.84,125.82,125.84,120.0,1778048700.0,2026-05-06 11:55:00+05:30
125.95,125.95,125.78,125.78,283.0,1778049000.0,2026-05-06 12:00:00+05:30
125.94,125.95,125.94,125.95,2229.0,1778049300.0,2026-05-06 12:05:00+05:30
125.95,126.0,125.84,125.84,726.0,1778049600.0,2026-05-06 12:10:00+05:30
125.76,125.87,125.6,125.6,1287.0,1778049900.0,2026-05-06 12:15:00+05:30
125.6,125.8,125.5,125.53,3404.0,1778050200.0,2026-05-06 12:20:00+05:30
125.36,125.53,125.36,125.53,10.0,1778050500.0,2026-05-06 12:25:00+05:30
125.37,125.53,125.37,125.53,312.0,1778050800.0,2026-05-06 12:30:00+05:30
125.37,125.4,125.37,125.4,390.0,1778051100.0,2026-05-06 12:35:00+05:30
125.4,125.4,125.2,125.2,2685.0,1778051400.0,2026-05-06 12:40:00+05:30
125.15,125.27,125.0,125.05,1773.0,1778051700.0,2026-05-06 12:45:00+05:30
125.11,125.3,125.11,125.3,143.0,1778052000.0,2026-05-06 12:50:00+05:30
125.18,125.18,125.0,125.1,4674.0,1778052300.0,2026-05-06 12:55:00+05:30
125.14,125.2,125.03,125.06,325.0,1778052600.0,2026-05-06 13:00:00+05:30
125.06,125.18,125.06,125.18,350.0,1778052900.0,2026-05-06 13:05:00+05:30
125.58,125.61,125.55,125.55,1399.0,1778053200.0,2026-05-06 13:10:00+05:30
125.55,125.55,125.41,125.54,2.0,1778053500.0,2026-05-06 13:15:00+05:30
125.54,125.79,125.54,125.79,460.0,1778053800.0,2026-05-06 13:20:00+05:30
125.79,125.79,125.5,125.57,343.0,1778054100.0,2026-05-06 13:25:00+05:30
125.42,125.78,125.24,125.78,4310.0,1778054400.0,2026-05-06 13:30:00+05:30
125.79,125.8,125.63,125.8,620.0,1778054700.0,2026-05-06 13:35:00+05:30
125.8,125.8,125.31,125.54,2109.0,1778055000.0,2026-05-06 13:40:00+05:30
125.54,125.54,125.5,125.5,928.0,1778055300.0,2026-05-06 13:45:00+05:30
125.5,125.69,125.5,125.69,280.0,1778055600.0,2026-05-06 13:50:00+05:30
125.69,125.71,125.64,125.64,595.0,1778055900.0,2026-05-06 13:55:00+05:30
125.64,125.99,125.5,125.68,3798.0,1778056200.0,2026-05-06 14:00:00+05:30
125.9,125.9,125.55,125.82,1473.0,1778056500.0,2026-05-06 14:05:00+05:30
125.82,125.82,125.62,125.82,165.0,1778056800.0,2026-05-06 14:10:00+05:30
125.82,125.84,125.68,125.84,501.0,1778057100.0,2026-05-06 14:15:00+05:30
126.0,126.08,126.0,126.08,11705.0,1778057400.0,2026-05-06 14:20:00+05:30
126.37,126.37,126.11,126.3,171.0,1778057700.0,2026-05-06 14:25:00+05:30
126.48,126.48,126.12,126.29,1456.0,1778058000.0,2026-05-06 14:30:00+05:30
126.29,126.29,126.04,126.04,201.0,1778058300.0,2026-05-06 14:35:00+05:30
126.2,126.46,126.08,126.43,2238.0,1778058600.0,2026-05-06 14:40:00+05:30
126.25,126.87,126.25,126.87,2829.0,1778058900.0,2026-05-06 14:45:00+05:30
126.87,126.89,126.67,126.67,643.0,1778059200.0,2026-05-06 14:50:00+05:30
126.67,126.82,126.65,126.65,1618.0,1778059500.0,2026-05-06 14:55:00+05:30
126.8,126.91,126.65,126.91,2776.0,1778059800.0,2026-05-06 15:00:00+05:30
126.91,127.08,126.49,126.84,8208.0,1778060100.0,2026-05-06 15:05:00+05:30
126.98,127.16,126.8,127.15,3995.0,1778060400.0,2026-05-06 15:10:00+05:30
127.05,127.34,126.81,127.27,7633.0,1778060700.0,2026-05-06 15:15:00+05:30
127.42,127.47,127.09,127.39,1500.0,1778061000.0,2026-05-06 15:20:00+05:30
127.39,127.4,126.15,127.0,5151.0,1778061300.0,2026-05-06 15:25:00+05:30
129.03,129.99,127.17,127.17,13825.0,1778125500.0,2026-05-07 09:15:00+05:30
127.39,128.05,127.25,128.05,4164.0,1778125800.0,2026-05-07 09:20:00+05:30
128.43,128.82,128.07,128.82,15107.0,1778126100.0,2026-05-07 09:25:00+05:30
128.7,128.88,128.39,128.88,5793.0,1778126400.0,2026-05-07 09:30:00+05:30
128.87,128.99,128.31,128.45,8605.0,1778126700.0,2026-05-07 09:35:00+05:30
128.25,128.84,128.25,128.84,1989.0,1778127000.0,2026-05-07 09:40:00+05:30
128.9,128.9,128.51,128.51,3825.0,1778127300.0,2026-05-07 09:45:00+05:30
128.58,128.62,128.01,128.14,1849.0,1778127600.0,2026-05-07 09:50:00+05:30
128.4,128.76,128.26,128.59,3965.0,1778127900.0,2026-05-07 09:55:00+05:30
128.65,128.65,128.45,128.5,205.0,1778128200.0,2026-05-07 10:00:00+05:30
128.73,128.73,128.01,128.01,2799.0,1778128500.0,2026-05-07 10:05:00+05:30
128.01,128.46,128.01,128.29,293.0,1778128800.0,2026-05-07 10:10:00+05:30
128.31,128.45,128.31,128.43,556.0,1778129100.0,2026-05-07 10:15:00+05:30
128.43,128.62,128.43,128.48,69.0,1778129400.0,2026-05-07 10:20:00+05:30
128.62,128.9,128.56,128.9,5978.0,1778129700.0,2026-05-07 10:25:00+05:30
128.9,129.98,128.68,129.88,8397.0,1778130000.0,2026-05-07 10:30:00+05:30
129.99,130.88,129.29,130.88,20447.0,1778130300.0,2026-05-07 10:35:00+05:30
130.48,130.75,129.94,130.19,5972.0,1778130600.0,2026-05-07 10:40:00+05:30
130.11,130.45,129.55,129.83,9560.0,1778130900.0,2026-05-07 10:45:00+05:30
129.99,130.37,129.93,130.0,7243.0,1778131200.0,2026-05-07 10:50:00+05:30
130.0,130.0,129.54,129.6,7129.0,1778131500.0,2026-05-07 10:55:00+05:30
129.73,129.79,129.44,129.67,1787.0,1778131800.0,2026-05-07 11:00:00+05:30
129.55,129.69,129.11,129.11,2489.0,1778132100.0,2026-05-07 11:05:00+05:30
129.29,129.98,129.29,129.97,3091.0,1778132400.0,2026-05-07 11:10:00+05:30
129.97,130.81,129.97,130.59,26609.0,1778132700.0,2026-05-07 11:15:00+05:30
130.87,130.87,130.17,130.63,4467.0,1778133000.0,2026-05-07 11:20:00+05:30
130.75,131.0,130.41,130.42,12317.0,1778133300.0,2026-05-07 11:25:00+05:30
130.5,131.35,130.5,131.24,13369.0,1778133600.0,2026-05-07 11:30:00+05:30
131.17,131.42,130.65,130.67,11319.0,1778133900.0,2026-05-07 11:35:00+05:30
130.67,130.79,130.32,130.34,5067.0,1778134200.0,2026-05-07 11:40:00+05:30
130.69,130.69,129.82,129.82,7115.0,1778134500.0,2026-05-07 11:45:00+05:30
129.9,130.0,129.9,129.99,2247.0,1778134800.0,2026-05-07 11:50:00+05:30
130.16,130.85,129.97,130.65,8395.0,1778135100.0,2026-05-07 11:55:00+05:30
130.89,130.99,130.66,130.89,2934.0,1778135400.0,2026-05-07 12:00:00+05:30
130.89,131.07,130.61,130.61,7838.0,1778135700.0,2026-05-07 12:05:00+05:30
130.62,130.86,130.49,130.73,4120.0,1778136000.0,2026-05-07 12:10:00+05:30
130.99,131.8,130.99,131.8,10378.0,1778136300.0,2026-05-07 12:15:00+05:30
131.63,131.8,131.53,131.6,5588.0,1778136600.0,2026-05-07 12:20:00+05:30
131.53,131.63,131.32,131.59,4741.0,1778136900.0,2026-05-07 12:25:00+05:30
131.58,131.58,131.18,131.18,7607.0,1778137200.0,2026-05-07 12:30:00+05:30
131.25,131.6,131.25,131.46,2673.0,1778137500.0,2026-05-07 12:35:00+05:30
131.4,131.58,131.25,131.26,2746.0,1778137800.0,2026-05-07 12:40:00+05:30
131.13,131.31,130.65,131.29,12098.0,1778138100.0,2026-05-07 12:45:00+05:30
131.4,131.4,130.63,131.05,5592.0,1778138400.0,2026-05-07 12:50:00+05:30
131.09,131.18,130.6,131.18,10887.0,1778138700.0,2026-05-07 12:55:00+05:30
131.31,131.31,130.63,130.63,2126.0,1778139000.0,2026-05-07 13:00:00+05:30
130.96,130.96,130.38,130.52,5137.0,1778139300.0,2026-05-07 13:05:00+05:30
130.52,131.01,130.52,130.98,5364.0,1778139600.0,2026-05-07 13:10:00+05:30
130.97,131.0,130.41,130.41,4507.0,1778139900.0,2026-05-07 13:15:00+05:30
130.65,131.06,130.62,130.62,6258.0,1778140200.0,2026-05-07 13:20:00+05:30
131.0,131.0,130.77,130.81,2500.0,1778140500.0,2026-05-07 13:25:00+05:30
130.8,131.0,130.01,130.86,8333.0,1778140800.0,2026-05-07 13:30:00+05:30
130.66,130.99,130.55,130.82,1185.0,1778141100.0,2026-05-07 13:35:00+05:30
130.82,130.82,130.44,130.57,680.0,1778141400.0,2026-05-07 13:40:00+05:30
130.58,130.77,130.43,130.77,1597.0,1778141700.0,2026-05-07 13:45:00+05:30
130.43,130.68,130.43,130.68,397.0,1778142000.0,2026-05-07 13:50:00+05:30
130.68,130.68,130.61,130.61,530.0,1778142300.0,2026-05-07 13:55:00+05:30
130.61,130.67,130.61,130.67,27.0,1778142600.0,2026-05-07 14:00:00+05:30
130.67,130.77,130.5,130.5,995.0,1778142900.0,2026-05-07 14:05:00+05:30
130.66,130.86,130.63,130.86,1881.0,1778143200.0,2026-05-07 14:10:00+05:30
130.93,130.93,130.16,130.4,6165.0,1778143500.0,2026-05-07 14:15:00+05:30
130.47,130.5,130.2,130.4,2630.0,1778143800.0,2026-05-07 14:20:00+05:30
130.4,131.22,130.4,131.17,19031.0,1778144100.0,2026-05-07 14:25:00+05:30
131.1,132.03,131.0,131.73,39377.0,1778144400.0,2026-05-07 14:30:00+05:30
131.67,131.67,131.24,131.3,4416.0,1778144700.0,2026-05-07 14:35:00+05:30
131.3,131.88,130.99,131.58,20636.0,1778145000.0,2026-05-07 14:40:00+05:30
131.58,131.61,131.5,131.59,3055.0,1778145300.0,2026-05-07 14:45:00+05:30
131.31,131.52,131.22,131.46,3319.0,1778145600.0,2026-05-07 14:50:00+05:30
131.39,131.39,131.16,131.16,1130.0,1778145900.0,2026-05-07 14:55:00+05:30
131.3,131.37,131.1,131.33,5269.0,1778146200.0,2026-05-07 15:00:00+05:30
131.56,131.56,131.04,131.05,7138.0,1778146500.0,2026-05-07 15:05:00+05:30
131.0,131.05,130.59,130.6,3734.0,1778146800.0,2026-05-07 15:10:00+05:30
130.78,130.86,129.98,129.98,21861.0,1778147100.0,2026-05-07 15:15:00+05:30
129.98,130.89,129.78,130.84,11771.0,1778147400.0,2026-05-07 15:20:00+05:30
130.84,130.95,130.11,130.15,13508.0,1778147700.0,2026-05-07 15:25:00+05:30
130.02,132.0,129.5,129.88,12879.0,1778211900.0,2026-05-08 09:15:00+05:30
129.91,130.23,129.67,130.0,5102.0,1778212200.0,2026-05-08 09:20:00+05:30
130.1,130.36,129.74,130.0,10767.0,1778212500.0,2026-05-08 09:25:00+05:30
129.98,130.12,129.63,130.12,4830.0,1778212800.0,2026-05-08 09:30:00+05:30
130.31,131.99,130.17,131.99,8135.0,1778213100.0,2026-05-08 09:35:00+05:30
131.99,132.0,131.24,131.3,10879.0,1778213400.0,2026-05-08 09:40:00+05:30
131.3,131.3,130.85,131.0,9196.0,1778213700.0,2026-05-08 09:45:00+05:30
131.2,132.18,131.2,131.8,9583.0,1778214000.0,2026-05-08 09:50:00+05:30
132.0,132.19,131.52,131.7,6706.0,1778214300.0,2026-05-08 09:55:00+05:30
131.6,132.0,131.14,131.16,4878.0,1778214600.0,2026-05-08 10:00:00+05:30
131.16,131.34,131.11,131.11,2048.0,1778214900.0,2026-05-08 10:05:00+05:30
131.1,131.27,130.81,130.95,4633.0,1778215200.0,2026-05-08 10:10:00+05:30
130.95,131.28,130.75,131.08,2327.0,1778215500.0,2026-05-08 10:15:00+05:30
130.87,131.16,130.81,131.14,814.0,1778215800.0,2026-05-08 10:20:00+05:30
131.14,131.21,131.01,131.1,1137.0,1778216100.0,2026-05-08 10:25:00+05:30
131.04,131.29,130.6,130.6,3337.0,1778216400.0,2026-05-08 10:30:00+05:30
130.5,131.14,130.5,130.88,1904.0,1778216700.0,2026-05-08 10:35:00+05:30
131.0,132.27,130.81,132.25,6356.0,1778217000.0,2026-05-08 10:40:00+05:30
132.5,132.59,131.81,131.88,11402.0,1778217300.0,2026-05-08 10:45:00+05:30
131.85,132.35,131.85,132.16,5084.0,1778217600.0,2026-05-08 10:50:00+05:30
132.16,132.16,131.76,131.76,7866.0,1778217900.0,2026-05-08 10:55:00+05:30
131.76,131.96,131.76,131.95,280.0,1778218200.0,2026-05-08 11:00:00+05:30
131.96,131.96,131.73,131.94,1369.0,1778218500.0,2026-05-08 11:05:00+05:30
131.72,132.0,131.69,132.0,9281.0,1778218800.0,2026-05-08 11:10:00+05:30
131.81,132.0,131.58,131.6,4932.0,1778219100.0,2026-05-08 11:15:00+05:30
131.6,133.93,131.5,133.64,42219.0,1778219400.0,2026-05-08 11:20:00+05:30
133.94,133.94,133.31,133.41,5199.0,1778219700.0,2026-05-08 11:25:00+05:30
133.4,133.41,133.0,133.2,17580.0,1778220000.0,2026-05-08 11:30:00+05:30
133.01,133.09,133.0,133.03,7997.0,1778220300.0,2026-05-08 11:35:00+05:30
133.0,133.3,133.0,133.02,3982.0,1778220600.0,2026-05-08 11:40:00+05:30
133.02,133.02,132.42,132.8,9738.0,1778220900.0,2026-05-08 11:45:00+05:30
132.89,133.3,132.51,132.99,18914.0,1778221200.0,2026-05-08 11:50:00+05:30
133.13,133.13,132.11,132.15,9726.0,1778221500.0,2026-05-08 11:55:00+05:30
132.16,132.52,132.16,132.52,1107.0,1778221800.0,2026-05-08 12:00:00+05:30
132.4,132.4,132.06,132.3,4404.0,1778222100.0,2026-05-08 12:05:00+05:30
132.2,132.49,132.05,132.12,3966.0,1778222400.0,2026-05-08 12:10:00+05:30
132.16,132.36,132.01,132.01,2260.0,1778222700.0,2026-05-08 12:15:00+05:30
132.3,132.79,132.06,132.39,5590.0,1778223000.0,2026-05-08 12:20:00+05:30
132.6,133.05,132.42,133.05,4885.0,1778223300.0,2026-05-08 12:25:00+05:30
132.77,133.07,132.51,132.61,5268.0,1778223600.0,2026-05-08 12:30:00+05:30
132.91,132.91,132.48,132.48,1330.0,1778223900.0,2026-05-08 12:35:00+05:30
132.74,132.78,132.65,132.66,196.0,1778224200.0,2026-05-08 12:40:00+05:30
132.74,132.78,132.3,132.45,2057.0,1778224500.0,2026-05-08 12:45:00+05:30
132.37,132.37,132.16,132.37,290.0,1778224800.0,2026-05-08 12:50:00+05:30
132.37,132.37,132.18,132.18,141.0,1778225100.0,2026-05-08 12:55:00+05:30
132.18,132.39,132.04,132.17,1250.0,1778225400.0,2026-05-08 13:00:00+05:30
132.17,132.33,132.17,132.25,353.0,1778225700.0,2026-05-08 13:05:00+05:30
132.56,132.56,132.21,132.27,376.0,1778226000.0,2026-05-08 13:10:00+05:30
132.27,132.85,132.27,132.32,6450.0,1778226300.0,2026-05-08 13:15:00+05:30
132.6,132.6,132.32,132.6,2509.0,1778226600.0,2026-05-08 13:20:00+05:30
132.21,132.49,132.14,132.42,2816.0,1778226900.0,2026-05-08 13:25:00+05:30
132.42,133.25,132.14,133.25,10794.0,1778227200.0,2026-05-08 13:30:00+05:30
133.25,133.25,132.72,133.0,2916.0,1778227500.0,2026-05-08 13:35:00+05:30
133.0,133.0,132.67,132.71,1643.0,1778227800.0,2026-05-08 13:40:00+05:30
132.66,133.11,132.65,132.76,1641.0,1778228100.0,2026-05-08 13:45:00+05:30
132.93,134.35,132.63,133.74,37074.0,1778228400.0,2026-05-08 13:50:00+05:30
133.77,134.5,133.77,134.2,20431.0,1778228700.0,2026-05-08 13:55:00+05:30
134.23,134.23,133.68,133.79,6877.0,1778229000.0,2026-05-08 14:00:00+05:30
133.72,133.91,133.72,133.74,2154.0,1778229300.0,2026-05-08 14:05:00+05:30
133.82,134.9,133.82,134.0,23988.0,1778229600.0,2026-05-08 14:10:00+05:30
134.16,135.0,134.01,134.5,29375.0,1778229900.0,2026-05-08 14:15:00+05:30
134.67,134.67,134.0,134.2,9383.0,1778230200.0,2026-05-08 14:20:00+05:30
134.2,134.38,134.2,134.38,5539.0,1778230500.0,2026-05-08 14:25:00+05:30
134.3,134.41,134.2,134.22,2649.0,1778230800.0,2026-05-08 14:30:00+05:30
134.22,134.38,134.2,134.2,3002.0,1778231100.0,2026-05-08 14:35:00+05:30
134.2,134.47,134.1,134.23,9587.0,1778231400.0,2026-05-08 14:40:00+05:30
134.23,134.4,134.12,134.4,1785.0,1778231700.0,2026-05-08 14:45:00+05:30
134.44,134.44,134.0,134.01,7762.0,1778232000.0,2026-05-08 14:50:00+05:30
134.0,134.5,134.0,134.24,15171.0,1778232300.0,2026-05-08 14:55:00+05:30
134.19,134.5,133.5,133.6,59551.0,1778232600.0,2026-05-08 15:00:00+05:30
133.7,134.03,133.6,133.72,4745.0,1778232900.0,2026-05-08 15:05:00+05:30
133.76,134.3,133.72,134.0,8176.0,1778233200.0,2026-05-08 15:10:00+05:30
133.68,133.87,133.5,133.75,9127.0,1778233500.0,2026-05-08 15:15:00+05:30
133.66,134.0,133.5,133.9,40742.0,1778233800.0,2026-05-08 15:20:00+05:30
133.57,134.0,133.5,133.55,17587.0,1778234100.0,2026-05-08 15:25:00+05:30
132.9,133.0,130.2,131.05,13724.0,1778471100.0,2026-05-11 09:15:00+05:30
130.99,133.0,130.28,132.95,25115.0,1778471400.0,2026-05-11 09:20:00+05:30
132.93,133.63,132.0,133.5,9640.0,1778471700.0,2026-05-11 09:25:00+05:30
133.59,134.59,133.26,134.11,13091.0,1778472000.0,2026-05-11 09:30:00+05:30
134.45,135.99,133.72,135.0,32671.0,1778472300.0,2026-05-11 09:35:00+05:30
135.0,135.2,134.5,134.55,7085.0,1778472600.0,2026-05-11 09:40:00+05:30
134.55,134.6,133.01,134.1,23004.0,1778472900.0,2026-05-11 09:45:00+05:30
134.18,134.3,134.0,134.15,3178.0,1778473200.0,2026-05-11 09:50:00+05:30
134.44,134.58,133.71,134.13,14367.0,1778473500.0,2026-05-11 09:55:00+05:30
134.0,134.47,134.0,134.36,4035.0,1778473800.0,2026-05-11 10:00:00+05:30
134.36,134.88,134.36,134.79,8257.0,1778474100.0,2026-05-11 10:05:00+05:30
134.79,135.53,134.79,135.3,20205.0,1778474400.0,2026-05-11 10:10:00+05:30
135.33,135.33,134.5,134.69,7976.0,1778474700.0,2026-05-11 10:15:00+05:30
134.5,135.54,134.46,135.3,18173.0,1778475000.0,2026-05-11 10:20:00+05:30
135.1,135.1,134.69,134.84,3113.0,1778475300.0,2026-05-11 10:25:00+05:30
134.95,135.39,134.84,135.21,7618.0,1778475600.0,2026-05-11 10:30:00+05:30
135.0,135.39,135.0,135.0,8156.0,1778475900.0,2026-05-11 10:35:00+05:30
134.9,135.98,134.54,135.56,13352.0,1778476200.0,2026-05-11 10:40:00+05:30
135.74,135.86,135.55,135.6,2055.0,1778476500.0,2026-05-11 10:45:00+05:30
135.89,135.89,135.51,135.66,4542.0,1778476800.0,2026-05-11 10:50:00+05:30
135.66,136.68,135.51,136.11,23314.0,1778477100.0,2026-05-11 10:55:00+05:30
136.0,136.68,136.0,136.6,15011.0,1778477400.0,2026-05-11 11:00:00+05:30
136.6,136.6,136.26,136.26,6464.0,1778477700.0,2026-05-11 11:05:00+05:30
136.38,136.38,136.0,136.03,12730.0,1778478000.0,2026-05-11 11:10:00+05:30
136.0,136.0,135.65,135.72,6208.0,1778478300.0,2026-05-11 11:15:00+05:30
135.65,135.9,135.54,135.54,3416.0,1778478600.0,2026-05-11 11:20:00+05:30
135.59,135.59,135.13,135.48,6863.0,1778478900.0,2026-05-11 11:25:00+05:30
135.45,135.45,135.0,135.19,3459.0,1778479200.0,2026-05-11 11:30:00+05:30
135.23,135.23,135.0,135.15,3174.0,1778479500.0,2026-05-11 11:35:00+05:30
135.15,135.15,135.03,135.15,588.0,1778479800.0,2026-05-11 11:40:00+05:30
135.15,135.48,135.15,135.15,2015.0,1778480100.0,2026-05-11 11:45:00+05:30
135.15,135.15,135.15,135.15,277.0,1778480400.0,2026-05-11 11:50:00+05:30
135.14,135.21,135.0,135.03,5215.0,1778480700.0,2026-05-11 11:55:00+05:30
135.03,135.04,135.03,135.04,93.0,1778481000.0,2026-05-11 12:00:00+05:30
135.0,135.04,135.0,135.04,1820.0,1778481300.0,2026-05-11 12:05:00+05:30
135.04,135.48,135.0,135.17,3313.0,1778481600.0,2026-05-11 12:10:00+05:30
135.17,135.19,135.0,135.03,1082.0,1778481900.0,2026-05-11 12:15:00+05:30
135.13,135.6,135.13,135.6,3058.0,1778482200.0,2026-05-11 12:20:00+05:30
135.6,135.6,135.03,135.03,5657.0,1778482500.0,2026-05-11 12:25:00+05:30
135.03,135.3,135.0,135.3,1541.0,1778482800.0,2026-05-11 12:30:00+05:30
135.2,135.34,135.2,135.2,2323.0,1778483100.0,2026-05-11 12:35:00+05:30
135.2,135.33,135.2,135.21,654.0,1778483400.0,2026-05-11 12:40:00+05:30
135.21,135.44,135.21,135.44,251.0,1778483700.0,2026-05-11 12:45:00+05:30
135.44,135.44,135.35,135.35,606.0,1778484000.0,2026-05-11 12:50:00+05:30
135.35,135.42,135.32,135.32,1635.0,1778484300.0,2026-05-11 12:55:00+05:30
135.2,135.2,134.8,135.09,5232.0,1778484600.0,2026-05-11 13:00:00+05:30
135.0,135.12,135.0,135.07,1705.0,1778484900.0,2026-05-11 13:05:00+05:30
135.2,135.2,135.0,135.05,1655.0,1778485200.0,2026-05-11 13:10:00+05:30
135.16,135.17,135.0,135.17,584.0,1778485500.0,2026-05-11 13:15:00+05:30
135.17,135.25,135.01,135.19,789.0,1778485800.0,2026-05-11 13:20:00+05:30
135.0,135.01,135.0,135.0,3204.0,1778486100.0,2026-05-11 13:25:00+05:30
135.0,135.11,135.0,135.0,1433.0,1778486400.0,2026-05-11 13:30:00+05:30
135.0,135.68,135.0,135.68,7992.0,1778486700.0,2026-05-11 13:35:00+05:30
135.49,135.5,135.48,135.49,715.0,1778487000.0,2026-05-11 13:40:00+05:30
135.49,135.6,135.33,135.6,688.0,1778487300.0,2026-05-11 13:45:00+05:30
135.52,135.55,135.33,135.33,2138.0,1778487600.0,2026-05-11 13:50:00+05:30
135.33,135.4,135.0,135.0,10090.0,1778487900.0,2026-05-11 13:55:00+05:30
134.86,135.26,134.86,135.05,988.0,1778488200.0,2026-05-11 14:00:00+05:30
135.05,135.17,135.05,135.05,81.0,1778488500.0,2026-05-11 14:05:00+05:30
135.0,135.11,135.0,135.0,1738.0,1778488800.0,2026-05-11 14:10:00+05:30
135.0,135.09,135.0,135.0,6041.0,1778489100.0,2026-05-11 14:15:00+05:30
135.0,135.0,134.53,134.53,847.0,1778489400.0,2026-05-11 14:20:00+05:30
134.71,134.71,134.26,134.37,1698.0,1778489700.0,2026-05-11 14:25:00+05:30
134.5,134.5,134.2,134.2,2125.0,1778490000.0,2026-05-11 14:30:00+05:30
134.22,134.45,134.13,134.44,7833.0,1778490300.0,2026-05-11 14:35:00+05:30
134.26,134.43,134.19,134.37,520.0,1778490600.0,2026-05-11 14:40:00+05:30
134.2,134.2,134.0,134.02,1124.0,1778490900.0,2026-05-11 14:45:00+05:30
134.01,135.0,134.0,135.0,17228.0,1778491200.0,2026-05-11 14:50:00+05:30
135.0,135.1,135.0,135.05,20458.0,1778491500.0,2026-05-11 14:55:00+05:30
135.08,135.45,134.0,134.2,15997.0,1778491800.0,2026-05-11 15:00:00+05:30
134.21,135.13,134.21,135.0,14949.0,1778492100.0,2026-05-11 15:05:00+05:30
135.0,135.05,135.0,135.0,7833.0,1778492400.0,2026-05-11 15:10:00+05:30
135.0,135.5,135.0,135.37,10287.0,1778492700.0,2026-05-11 15:15:00+05:30
135.37,135.49,135.0,135.0,19776.0,1778493000.0,2026-05-11 15:20:00+05:30
135.0,135.5,135.0,135.0,11937.0,1778493300.0,2026-05-11 15:25:00+05:30
